0.088654 0.051798 0.209958
0.086028 0.056352 0.214846
0.087363 0.056300 0.218122
0.087508 0.056130 0.216102
0.089430 0.054080 0.213626
0.091377 0.052016 0.213189
0.088511 0.055623 0.215922
0.085869 0.056135 0.213864
0.090734 0.051400 0.212212
0.084720 0.056458 0.214050
0.085338 0.055030 0.209926
0.091138 0.055650 0.218951
0.088736 0.054485 0.213686
0.088495 0.048632 0.213104
0.087017 0.054631 0.211167
0.089681 0.055552 0.217051
0.087700 0.056299 0.218105
0.088585 0.051017 0.209927
0.091601 0.054355 0.217009
0.089791 0.053827 0.212845
0.087678 0.054596 0.212041
0.092766 0.052665 0.215257
0.086398 0.053930 0.208936
0.084930 0.055931 0.212525
0.086711 0.055472 0.213242
0.091384 0.054223 0.216697
0.091182 0.054894 0.217445
0.087464 0.055018 0.212883
0.088400 0.055471 0.215318
0.088094 0.056304 0.218505
0.090634 0.053863 0.215071
0.084423 0.056725 0.215373
0.084754 0.054818 0.207887
0.089391 0.055863 0.217663
0.088262 0.048185 0.213590
0.093039 0.051643 0.214922
0.088413 0.055416 0.215152
0.089139 0.053923 0.211992
0.087161 0.055081 0.212747
0.090739 0.054265 0.216186
0.088469 0.053001 0.210483
0.090058 0.053938 0.214065
0.084695 0.056123 0.212700
0.092342 0.050039 0.213708
0.084631 0.056769 0.216539
0.093289 0.053430 0.216994
0.089459 0.051420 0.210717
0.090863 0.055763 0.218977
0.083867 0.056577 0.213813
0.091075 0.053258 0.213605
0.090858 0.055391 0.218091
0.087294 0.047403 0.213658
0.092162 0.054669 0.218096
0.092116 0.052483 0.214335
0.085531 0.054336 0.208349
0.090604 0.048904 0.214672
0.090654 0.052203 0.212524
0.084845 0.055483 0.211283
0.092044 0.053606 0.215665
0.085860 0.054916 0.210260
0.085814 0.053360 0.207877
0.088892 0.048729 0.213354
0.093433 0.049920 0.214858
0.087150 0.055292 0.213418
0.083278 0.056652 0.213353
0.093846 0.052428 0.216443
0.090499 0.054851 0.216705
0.086328 0.055853 0.213657
0.090047 0.055313 0.216960
0.086688 0.055406 0.212976
0.087277 0.055225 0.213309
0.089333 0.054455 0.214557
0.088128 0.054590 0.212798
0.093972 0.051683 0.216127
0.090068 0.050528 0.211385
0.091062 0.049911 0.212727
0.085105 0.056361 0.213782
0.086134 0.056396 0.215662
0.086995 0.056242 0.215839
0.087514 0.056132 0.216392
0.092740 0.053012 0.215387
0.094272 0.052061 0.216792
0.092199 0.052032 0.214166
0.091569 0.053697 0.215335
0.092584 0.053398 0.215665
0.090723 0.053527 0.213445
0.086584 0.054415 0.209714
0.086852 0.056404 0.218153
0.086290 0.052956 0.208054
0.093794 0.050344 0.215227
0.086004 0.056307 0.214650
0.085473 0.054970 0.209263
0.089021 0.048469 0.213931
0.089010 0.055245 0.215594
0.092024 0.053832 0.216529
0.086296 0.055187 0.211917
0.093054 0.049828 0.214481
0.089760 0.055044 0.216230
0.090516 0.055891 0.218969
0.089403 0.055113 0.215822
0.088627 0.050001 0.210416
0.084247 0.056401 0.213024
0.090017 0.050264 0.211441
0.082805 0.056406 0.212152
0.093568 0.053213 0.216894
0.090404 0.049043 0.214213
0.090560 0.055544 0.218212
0.089479 0.054600 0.215068
0.083744 0.056579 0.213364
0.089320 0.048087 0.214799
0.093976 0.050892 0.215682
0.087444 0.054306 0.210444
0.088145 0.056302 0.218404
0.088161 0.056326 0.218717
0.088734 0.049497 0.211935
0.089235 0.055878 0.217744
0.084972 0.056380 0.213662
0.089161 0.054083 0.212915
0.087979 0.053215 0.210075
0.084720 0.056613 0.214791
0.088452 0.053186 0.210608
0.084513 0.056678 0.214923
0.086991 0.056139 0.215389
0.093565 0.050108 0.214979
0.087130 0.055615 0.213977
0.089058 0.055932 0.217425
0.086425 0.055940 0.213963
0.088979 0.055206 0.215447
0.090672 0.049980 0.212284
0.085390 0.056096 0.213249
0.084536 0.056680 0.215007
0.085584 0.055004 0.210373
0.083651 0.056384 0.212551
0.089349 0.055790 0.217293
0.090881 0.055293 0.217909
0.088152 0.049447 0.211432
0.086626 0.056293 0.215960
0.089569 0.054680 0.215434
0.085344 0.053728 0.207672
0.083803 0.056779 0.214534
0.092305 0.052388 0.214492
0.092841 0.053472 0.216705
0.090056 0.052449 0.212030
0.089265 0.055213 0.215843
0.093406 0.051852 0.215437
0.090069 0.054574 0.215854
0.092504 0.050917 0.213898
0.087841 0.055416 0.214406
0.093234 0.052133 0.215407
0.089204 0.054966 0.215351
0.084796 0.056707 0.216054
0.085022 0.054091 0.207580
0.091935 0.053170 0.214652
0.090790 0.052014 0.212554
0.088102 0.051136 0.209534
0.087855 0.055148 0.213774
0.089828 0.050534 0.211142
0.089561 0.050896 0.210777
0.091071 0.050886 0.212294
0.086457 0.052733 0.208115
0.090213 0.050331 0.211545
0.092505 0.049594 0.214229
0.084720 0.056627 0.215321
0.083882 0.055638 0.210564
0.089872 0.050880 0.211102
0.084850 0.055235 0.210400
0.088667 0.052450 0.210374
0.089449 0.048969 0.213527
0.087648 0.051408 0.209073
0.090072 0.049949 0.211834
0.090483 0.051331 0.211830
0.091584 0.055241 0.218433
0.090871 0.051318 0.212283
0.086886 0.052916 0.208674
0.091165 0.055324 0.218248
0.083729 0.056075 0.211851
0.085497 0.055747 0.212583
0.089807 0.053164 0.212127
0.087336 0.048135 0.212843
0.085449 0.055261 0.211307
0.085768 0.056271 0.214195
0.088999 0.054080 0.212223
0.090558 0.056069 0.219686
0.086773 0.053603 0.209103
0.086119 0.053231 0.208097
0.088216 0.055421 0.214927
0.090852 0.049443 0.213598
0.087440 0.051935 0.208876
0.089949 0.054044 0.214558
0.088445 0.047303 0.215381
0.090290 0.055883 0.218709
0.086787 0.054872 0.211584
0.089232 0.049173 0.212887
0.084088 0.056114 0.212169
0.088134 0.054909 0.213805
0.092269 0.053890 0.217020
0.088548 0.054819 0.214123
0.084366 0.056208 0.212589
0.088543 0.047428 0.215164
0.091849 0.049886 0.213388
0.090688 0.052730 0.212862
0.091624 0.053798 0.215856
0.091350 0.049751 0.213191
0.088300 0.048677 0.212797
0.092511 0.052290 0.214667
0.087579 0.054543 0.211750
0.090297 0.055524 0.217697
0.088028 0.049392 0.211680
0.084929 0.055141 0.209605
0.093428 0.052111 0.215620
0.089813 0.054041 0.214266
0.091331 0.049889 0.213000
0.088089 0.052495 0.209695
0.090241 0.052797 0.212377
0.088768 0.050635 0.210153
0.083493 0.055532 0.209699
0.088280 0.053223 0.210432
0.085065 0.055004 0.209289
0.089240 0.050054 0.211145
0.091712 0.050469 0.212946
0.087472 0.046728 0.214814
0.084604 0.055125 0.208656
0.083571 0.056003 0.211613
0.088424 0.054341 0.212481
0.093538 0.052547 0.216082
0.092697 0.049359 0.214503
0.088784 0.048562 0.213700
0.084418 0.056826 0.216676
0.083593 0.055675 0.210721
0.083134 0.056884 0.215363
0.092460 0.052255 0.214584
0.090178 0.050888 0.211389
0.091713 0.053388 0.214600
0.086320 0.056482 0.217939
0.092439 0.053536 0.216340
0.086013 0.054586 0.209164
0.089978 0.048877 0.214168
0.086499 0.056404 0.217416
0.087751 0.055634 0.214817
0.088869 0.048659 0.213502
0.086289 0.056388 0.217411
0.089244 0.055080 0.215613
0.090999 0.049754 0.212945
0.087110 0.047633 0.213308
0.084925 0.054312 0.207673
0.090596 0.053975 0.215368
0.086487 0.056324 0.216089
0.083296 0.055596 0.209257
0.091483 0.052256 0.213519
0.089510 0.053940 0.212981
0.087802 0.056290 0.218176
0.092107 0.049895 0.213598
0.094105 0.052080 0.216565
0.088102 0.054205 0.211250
0.089859 0.053715 0.213516
0.089648 0.056133 0.219094
0.090295 0.055239 0.217172
0.090870 0.053716 0.214650
0.090524 0.049454 0.213360
0.084727 0.055620 0.211688
0.091520 0.050595 0.212745
0.085041 0.054934 0.208572
0.089248 0.053663 0.211773
0.089339 0.054004 0.213097
0.088405 0.055350 0.215010
0.086130 0.054834 0.210176
0.083356 0.056723 0.213652
0.090264 0.052286 0.212124
0.084869 0.056407 0.213843
0.092643 0.053391 0.215992
0.084325 0.056604 0.214171
0.089048 0.047764 0.215337
0.083719 0.056635 0.213668
0.085228 0.055551 0.212036
0.086493 0.056035 0.214272
0.087356 0.054944 0.212707
0.092850 0.053854 0.217504
0.088449 0.051981 0.209818
0.083889 0.056575 0.213517
0.093470 0.050723 0.214920
0.085405 0.055518 0.211963
0.089630 0.054117 0.213768
0.089094 0.055619 0.216659
0.091175 0.054680 0.217140
0.088154 0.056138 0.217369
0.092782 0.050437 0.214092
0.085660 0.053912 0.208123
0.087840 0.051511 0.209219
0.091789 0.050600 0.213032
0.083992 0.056481 0.213102
0.089320 0.051767 0.210723
0.087172 0.055936 0.214852
0.088127 0.048434 0.213020
0.089000 0.054142 0.212981
0.094040 0.051114 0.215864
0.088573 0.055895 0.216945
0.090299 0.053325 0.212820
0.092119 0.052724 0.214516
0.091244 0.049500 0.213744
0.093295 0.050992 0.214817
0.091747 0.055296 0.218628
0.090869 0.052395 0.212862
0.089489 0.054867 0.215585
0.085808 0.053579 0.208030
0.087430 0.047080 0.214252
0.091136 0.055547 0.218559
0.090435 0.053773 0.214253
0.085362 0.054771 0.208626
0.088118 0.053197 0.210227
0.087807 0.047560 0.214016
0.092666 0.052393 0.214927
0.089841 0.051988 0.211497
0.086119 0.056455 0.217701
0.087708 0.056202 0.217026
0.089067 0.054129 0.213420
0.089044 0.054468 0.214172
0.092676 0.052613 0.215088
0.089388 0.055152 0.215931
0.087927 0.055588 0.214925
0.088856 0.055654 0.216552
0.090019 0.053441 0.212505
0.087007 0.056303 0.217153
0.089075 0.048144 0.214457
0.086774 0.054234 0.209640
0.083405 0.056919 0.216143
0.091034 0.053721 0.214786
0.086793 0.053377 0.208942
0.088960 0.049236 0.212611
0.083901 0.056306 0.212648
0.084796 0.055856 0.212221
0.088419 0.054533 0.213368
0.086829 0.056346 0.217273
0.088148 0.056250 0.217900
0.089143 0.047925 0.215136
0.089384 0.052967 0.211481
0.090833 0.055221 0.217789
0.088470 0.050120 0.210191
0.084861 0.056345 0.213412
0.090677 0.048742 0.215084
0.090227 0.053875 0.214201
0.089427 0.047938 0.215358
0.089530 0.055025 0.215843
0.088163 0.054736 0.213407
0.094417 0.051043 0.216372
0.090382 0.056061 0.219485
0.084146 0.056867 0.216819
0.091632 0.052130 0.213612
0.091444 0.053468 0.214380
0.084444 0.056506 0.213863
0.093292 0.052374 0.215646
0.088240 0.047783 0.214148
0.088221 0.047437 0.214660
0.087522 0.047441 0.213884
0.084645 0.054934 0.207975
0.087719 0.055110 0.213542
0.091904 0.051592 0.213620
0.088778 0.051019 0.210098
0.088671 0.049184 0.212384
0.089582 0.051143 0.210794
0.089600 0.052975 0.211765
0.087698 0.055880 0.215650
0.090705 0.055879 0.219181
0.084660 0.055027 0.208489
0.087420 0.054773 0.212542
0.087267 0.055499 0.213896
0.090469 0.049800 0.212400
0.086323 0.054420 0.209475
0.091646 0.051546 0.213355
0.083957 0.055588 0.210417
0.086025 0.054854 0.210874
0.090130 0.053135 0.212413
0.092353 0.052525 0.214635
0.087059 0.054446 0.210682
0.087324 0.054423 0.210649
0.092025 0.050980 0.213435
0.087533 0.046633 0.214951
0.087183 0.056288 0.216746
0.088337 0.048431 0.213288
0.085546 0.054698 0.208678
0.087632 0.047935 0.213385
0.088936 0.054024 0.212068
0.090483 0.052560 0.212510
0.083163 0.056794 0.213939
0.086284 0.056287 0.215097
0.090852 0.053960 0.215504
0.088134 0.055126 0.214211
0.087778 0.053918 0.210458
0.094471 0.051326 0.216629
0.089481 0.050884 0.210650
0.086569 0.055846 0.213856
0.093103 0.053201 0.216249
0.088807 0.054264 0.213332
0.089850 0.053565 0.212434
0.086559 0.055048 0.211934
0.092976 0.052844 0.215548
0.091676 0.049273 0.214412
0.086527 0.055242 0.212516
0.084868 0.056587 0.215188
0.085740 0.054931 0.210453
0.091071 0.054526 0.216907
0.089765 0.049236 0.213486
0.082554 0.056236 0.211359
0.090534 0.050821 0.211716
0.089198 0.052037 0.210744
0.083072 0.056868 0.214182
0.085327 0.056336 0.214130
0.083034 0.056337 0.212008
0.088314 0.055591 0.215528
0.085908 0.056307 0.217582
0.089134 0.054212 0.213642
0.088300 0.055629 0.215658
0.091344 0.049682 0.213331
0.087832 0.055793 0.215427
0.091406 0.051490 0.213007
0.089329 0.055842 0.217431
0.089306 0.051561 0.210573
0.088410 0.053813 0.210936
0.084303 0.055522 0.210542
0.084773 0.055524 0.211471
0.091573 0.054110 0.216579
0.091000 0.049329 0.214027
0.090374 0.049467 0.213205
0.087021 0.056285 0.217842
0.082849 0.056612 0.212779
0.084036 0.056758 0.215196
0.085259 0.055023 0.209074
0.084393 0.055732 0.211671
0.089002 0.053663 0.211477
0.091656 0.049971 0.213154
0.090962 0.054478 0.216726
0.090923 0.055080 0.217568
0.093631 0.052270 0.216016
0.087377 0.047886 0.213214
0.094246 0.051054 0.216145
0.089549 0.056071 0.218959
0.089082 0.055302 0.215814
0.086682 0.052649 0.208294
0.085117 0.054809 0.208417
0.084488 0.055831 0.211924
0.085398 0.056513 0.215048
0.085611 0.055894 0.213051
0.091443 0.051698 0.213148
0.088031 0.056288 0.218141
0.089530 0.053715 0.212223
0.089798 0.055416 0.216885
0.087600 0.054505 0.211355
0.091793 0.053991 0.216599
0.086444 0.054737 0.210278
0.087240 0.053993 0.209860
0.088501 0.048241 0.213780
0.085847 0.054277 0.208659
0.088225 0.056046 0.216862
0.085641 0.056449 0.215409
0.090757 0.054712 0.216815
0.091025 0.055386 0.218199
0.088575 0.054007 0.211681
0.088698 0.055618 0.216348
0.090058 0.053510 0.212636
0.084061 0.056566 0.213720
0.088144 0.047607 0.214373
0.091788 0.052205 0.213869
0.085638 0.053506 0.207799
0.082857 0.056860 0.213966
0.087606 0.056223 0.217545
0.088574 0.047852 0.214502
0.087212 0.053494 0.209461
0.085636 0.054914 0.209787
0.089368 0.054720 0.215175
0.092406 0.054398 0.217907
0.090920 0.055615 0.218512
0.087817 0.054784 0.212805
0.091114 0.053345 0.213724
0.087078 0.046656 0.214434
0.091743 0.053851 0.216353
0.083527 0.055853 0.211244
0.088316 0.055817 0.216366
0.084950 0.056705 0.216220
0.088169 0.049775 0.210569
0.091890 0.049060 0.214726
0.092992 0.053173 0.215960
0.088559 0.049425 0.212138
0.088010 0.047561 0.214271
0.087761 0.055407 0.214241
0.087288 0.054813 0.212243
0.085346 0.056581 0.217241
0.090544 0.049023 0.214350
0.087001 0.056134 0.215612
0.090550 0.050103 0.212057
0.089639 0.053817 0.213227
0.091210 0.055213 0.218037
0.091086 0.055464 0.218409
0.090182 0.055501 0.217555
0.092574 0.051117 0.214067
0.088956 0.053209 0.211115
0.084666 0.056729 0.216759
0.085613 0.056535 0.216809
0.083342 0.056880 0.214718
0.090268 0.055127 0.216918
0.082831 0.056826 0.213669
0.083847 0.055833 0.211461
0.090576 0.055407 0.217851
0.085226 0.056470 0.214579
0.093613 0.052654 0.216275
0.090508 0.053591 0.213392
0.090610 0.054622 0.216572
0.086578 0.056098 0.214557
0.092567 0.049951 0.214038
0.087741 0.056009 0.216064
0.092702 0.054180 0.217867
0.085481 0.056625 0.217074
0.086340 0.054184 0.209114
0.084460 0.055041 0.208157
0.083218 0.056236 0.211969
0.090439 0.053809 0.213861
0.089021 0.050304 0.210454
0.088679 0.049748 0.211035
0.092168 0.053008 0.214785
0.089483 0.055919 0.218035
0.083296 0.055556 0.209663
0.085255 0.055670 0.212226
0.087348 0.056193 0.216477
0.083935 0.055439 0.208965
0.087911 0.056203 0.217587
0.088682 0.052011 0.210088
0.082684 0.056297 0.211589
0.089941 0.049458 0.212875
0.090309 0.054281 0.215715
0.087991 0.054720 0.213080
0.093735 0.050546 0.215286
0.088789 0.051482 0.210015
0.092160 0.054284 0.217612
0.085863 0.055032 0.211122
0.088472 0.056146 0.217577
0.089227 0.054243 0.213969
0.093044 0.051158 0.214606
0.088202 0.054743 0.213530
0.091083 0.053041 0.213464
0.093188 0.053366 0.216855
0.093307 0.051622 0.215249
0.084999 0.055352 0.211064
0.086387 0.056178 0.214556
0.090228 0.050173 0.211726
0.089798 0.056042 0.218830
0.085331 0.055466 0.211783
0.090148 0.055745 0.218057
0.089582 0.050655 0.210806
0.083031 0.056795 0.213754
0.091706 0.054644 0.217571
0.090164 0.053275 0.212601
0.090553 0.054280 0.215915
0.084361 0.056773 0.215887
0.092843 0.050649 0.214221
0.086623 0.056375 0.216282
0.089769 0.054050 0.214029
0.088555 0.055451 0.215449
0.084425 0.055181 0.208999
0.090710 0.054076 0.215680
0.082910 0.056711 0.213368
0.087465 0.047376 0.213848
0.088927 0.050873 0.210207
0.091104 0.052555 0.213186
0.092129 0.049251 0.214440
0.083770 0.056877 0.215562
0.088892 0.051966 0.210296
0.087672 0.053647 0.210037
0.089491 0.052426 0.211322
0.087654 0.052390 0.209195
0.091342 0.053326 0.214082
0.092875 0.052416 0.215191
0.083530 0.055667 0.210729
0.086677 0.055189 0.212651
0.086784 0.056204 0.215218
0.092724 0.053331 0.215808
0.093364 0.052735 0.216019
0.088193 0.055494 0.215113
0.092015 0.050210 0.213284
0.092580 0.053423 0.215900
0.090078 0.054871 0.216346
0.085975 0.056503 0.216225
0.088975 0.051227 0.210182
0.093448 0.051612 0.215366
0.083647 0.056841 0.214815
0.087072 0.047016 0.213944
0.086856 0.055738 0.213932
0.086430 0.054742 0.210590
0.091203 0.053949 0.215978
0.089653 0.055736 0.217503
0.088362 0.047642 0.214569
0.088233 0.054082 0.211146
0.085617 0.054763 0.208841
0.093263 0.050137 0.214601
0.089404 0.049283 0.212867
0.087785 0.047423 0.214208
0.092106 0.054286 0.217449
0.084185 0.056734 0.215860
0.084981 0.054833 0.208223
0.089375 0.056037 0.218879
0.083191 0.055835 0.210909
0.087451 0.053532 0.209720
0.087055 0.054468 0.210453
0.084627 0.056561 0.214533
0.090060 0.055704 0.217818
0.087451 0.053809 0.209914
0.088772 0.048757 0.213167
0.090342 0.048725 0.214842
0.090100 0.050133 0.211600
0.086507 0.054031 0.209179
0.088409 0.047567 0.214723
0.088104 0.055609 0.215281
0.084144 0.055240 0.208425
0.086070 0.055963 0.213666
0.087688 0.047774 0.213621
0.091544 0.051160 0.212971
0.089524 0.051712 0.210947
0.087950 0.048369 0.212918
0.085933 0.055254 0.211618
0.088850 0.053533 0.211190
0.085879 0.056559 0.216692
0.092919 0.053091 0.215675
0.091208 0.050335 0.212502
0.089005 0.047793 0.215199
0.085572 0.054136 0.208217
0.091884 0.049585 0.213962
0.089019 0.048088 0.214482
0.090319 0.054361 0.215797
0.088406 0.049502 0.211580
0.091651 0.053516 0.214753
0.089684 0.054163 0.214532
0.092221 0.050689 0.213517
0.091008 0.052802 0.213246
0.087621 0.056144 0.216535
0.088467 0.054350 0.212773
0.088313 0.055732 0.216081
0.091013 0.050269 0.212346
0.091558 0.049571 0.213815
0.090228 0.054127 0.215304
0.086890 0.055231 0.212798
0.084259 0.056787 0.215648
0.091692 0.051190 0.213170
0.088002 0.052910 0.209892
0.091799 0.053479 0.214919
0.088998 0.049835 0.211215
0.087886 0.050897 0.209440
0.091327 0.055313 0.218322
0.085731 0.056426 0.214856
0.089898 0.049697 0.212361
0.091935 0.050448 0.213158
0.084836 0.055100 0.208800
0.088040 0.054151 0.211059
0.090868 0.053661 0.214040
0.085351 0.053499 0.207500
0.087108 0.053052 0.209015
0.093335 0.050208 0.214719
0.089988 0.051716 0.211499
0.086351 0.053267 0.208386
0.093551 0.053381 0.217152
0.087241 0.053768 0.209679
0.090764 0.053797 0.214894
0.086753 0.056251 0.215744
0.085101 0.056664 0.216148
0.087711 0.052813 0.209519
0.088252 0.055956 0.216645
0.087924 0.053643 0.210354
0.087615 0.048086 0.213155
0.089993 0.053634 0.213227
0.088360 0.056166 0.217648
0.092620 0.050321 0.213954
0.092552 0.053471 0.216198
0.093752 0.050815 0.215440
0.090721 0.049879 0.212457
0.087465 0.049074 0.211455
0.088051 0.055045 0.213880
0.085234 0.056535 0.214932
0.092459 0.050588 0.213854
0.090908 0.049180 0.214301
0.089559 0.055266 0.216381
0.091090 0.048921 0.214961
0.086891 0.055979 0.214618
0.085357 0.055156 0.210574
0.083942 0.055358 0.208545
0.086406 0.053478 0.208599
0.091443 0.050914 0.212740
0.093225 0.050488 0.214634
0.083462 0.056184 0.211905
0.090178 0.055427 0.217414
0.088344 0.052730 0.210188
0.085264 0.056515 0.215847
0.087195 0.053283 0.209296
0.088006 0.055160 0.214042
0.085727 0.054892 0.209444
0.086001 0.056191 0.214180
0.089805 0.055568 0.217248
0.083291 0.055697 0.210309
0.092926 0.049988 0.214293
0.089669 0.049329 0.213024
0.089747 0.052730 0.211814
0.084980 0.056004 0.212721
0.091810 0.053730 0.215852
0.093157 0.052862 0.215814
0.087672 0.047137 0.214434
0.091280 0.050672 0.212479
0.092343 0.053497 0.216047
0.091395 0.053727 0.215251
0.084096 0.056354 0.212773
0.088545 0.049473 0.211837
0.085517 0.056653 0.216554
0.087646 0.054924 0.212863
0.087687 0.056028 0.215983
0.084293 0.056556 0.213878
0.089147 0.054029 0.213254
0.085036 0.055814 0.212337
0.089956 0.050035 0.211583
0.088437 0.049584 0.211237
0.085917 0.053604 0.208174
0.086138 0.055457 0.212479
0.084198 0.055364 0.209960
0.083721 0.056650 0.213971
0.090656 0.049173 0.214109
0.091403 0.053016 0.213959
0.084704 0.056303 0.213258
0.087573 0.056048 0.215792
0.090256 0.052531 0.212255
0.087615 0.054192 0.210596
0.087968 0.055724 0.215515
0.084360 0.056627 0.214452
0.085313 0.054170 0.207973
0.088563 0.052715 0.210408
0.088312 0.055250 0.214653
0.087283 0.048691 0.212005
0.086868 0.054483 0.210313
0.090023 0.050862 0.211253
0.083025 0.056925 0.214673
0.089619 0.053904 0.212791
0.083588 0.055550 0.209486
0.090959 0.053606 0.214205
0.088242 0.051737 0.209539
0.090545 0.055006 0.216972
0.087128 0.055848 0.214579
0.089775 0.049323 0.213392
0.086752 0.055946 0.214349
0.087850 0.054385 0.211818
0.085066 0.055569 0.211894
0.091293 0.054005 0.216230
0.089816 0.054735 0.215823
0.086448 0.056290 0.215177
0.092322 0.052768 0.214770
0.092816 0.051146 0.214355
0.084053 0.055356 0.209723
0.090038 0.052864 0.212279
0.089158 0.051051 0.210345
0.085172 0.055356 0.211459
0.088560 0.053478 0.210876
0.089574 0.052516 0.211484
0.087379 0.053203 0.209438
0.086612 0.053357 0.208730
0.088133 0.055823 0.216025
0.090040 0.055497 0.217383
0.090033 0.055889 0.218436
0.088143 0.052729 0.209943
0.086812 0.055567 0.213532
0.090703 0.049532 0.213282
0.083824 0.056807 0.216209
0.089963 0.053853 0.213722
0.084534 0.056388 0.213358
0.091216 0.053884 0.215629
0.084221 0.055560 0.210972
0.088626 0.054687 0.213879
0.085349 0.055077 0.210234
0.088417 0.056065 0.217246
0.084329 0.055268 0.208770
0.084769 0.056638 0.215470
0.091035 0.053940 0.215605
0.087923 0.052709 0.209663
0.092029 0.053678 0.216044
0.089082 0.047982 0.214803
0.089425 0.048091 0.214978
0.082550 0.056080 0.211122
0.091664 0.051395 0.213298
0.089726 0.052955 0.211979
0.091559 0.054525 0.217178
0.084058 0.055849 0.211699
0.088752 0.052677 0.210595
0.092003 0.052216 0.214069
0.088191 0.047296 0.214848
0.087739 0.054924 0.213077
0.094368 0.051435 0.216488
0.091561 0.053710 0.215463
0.088499 0.055796 0.216531
0.086943 0.055318 0.213099
0.086611 0.053135 0.208563
0.094140 0.052482 0.216885
0.089790 0.051194 0.211042
0.089393 0.049448 0.212583
0.088906 0.049338 0.212356
0.086878 0.056135 0.215084
0.090346 0.055753 0.218415
0.093144 0.051300 0.214801
0.091187 0.052239 0.213074
0.086249 0.056407 0.215829
0.087399 0.048045 0.213033
0.090997 0.050375 0.212232
0.084660 0.054765 0.207765
0.093614 0.052067 0.215840
0.093698 0.050175 0.215126
0.091992 0.054838 0.218170
0.090482 0.055193 0.217418
0.088322 0.047314 0.215081
0.086474 0.056383 0.216986
0.091949 0.053429 0.215005
0.085007 0.056142 0.212996
0.092410 0.050743 0.213759
0.092767 0.050937 0.214227
0.089599 0.048229 0.214880
0.083181 0.055929 0.211192
0.091893 0.054151 0.217005
0.087408 0.052742 0.209117
0.084747 0.056531 0.214666
0.085763 0.055570 0.212374
0.090076 0.053952 0.214330
0.091506 0.049125 0.214665
0.088349 0.056292 0.218690
0.089676 0.055397 0.216753
0.089202 0.054830 0.215165
0.085685 0.055071 0.210938
0.087879 0.052872 0.209746
0.088724 0.054240 0.212215
0.090311 0.051413 0.211691
0.089246 0.055775 0.217209
0.090608 0.052353 0.212600
0.093647 0.050673 0.215158
0.091272 0.051895 0.212995
0.087320 0.054541 0.211013
0.087929 0.053746 0.210549
0.084942 0.056449 0.214424
0.085784 0.056584 0.216419
0.083099 0.055772 0.210501
0.086311 0.056400 0.215980
0.090680 0.051311 0.212054
0.085238 0.056694 0.216341
0.087333 0.054635 0.211769
0.091230 0.055547 0.218777
0.089182 0.052386 0.211059
0.090570 0.055108 0.217261
0.087228 0.056307 0.217870
0.088021 0.049706 0.210654
0.090614 0.052054 0.212413
0.089021 0.055505 0.216350
0.087922 0.052356 0.209442
0.089108 0.052699 0.211025
0.084894 0.056600 0.215717
0.087906 0.055437 0.214515
0.086281 0.052719 0.207940
0.084434 0.056668 0.214758
0.094104 0.051146 0.216024
0.087966 0.047402 0.214415
0.091962 0.053775 0.216296
0.088334 0.054878 0.213922
0.093757 0.052749 0.216589
0.092044 0.050698 0.213304
0.090097 0.048592 0.214880
0.084665 0.055198 0.209572
0.087384 0.048349 0.212607
0.085103 0.056377 0.213981
0.090706 0.052919 0.213001
0.088763 0.053837 0.211371
0.091439 0.055551 0.218973
0.093248 0.050742 0.214678
0.085235 0.056078 0.213051
0.083708 0.056792 0.215172
0.082941 0.055840 0.210593
0.089123 0.054309 0.213910
0.084111 0.055712 0.211354
0.089040 0.053443 0.211351
0.092326 0.053483 0.215600
0.085990 0.054725 0.209609
0.089322 0.050280 0.210762
0.090372 0.051821 0.211981
0.084107 0.055667 0.211124
0.084776 0.055087 0.209198
0.088971 0.054123 0.212805
0.094175 0.050870 0.215946
0.083264 0.056170 0.211750
0.088716 0.055254 0.215251
0.091464 0.052112 0.213353
0.088690 0.049085 0.212584
0.090991 0.051962 0.212732
0.089704 0.055281 0.216604
0.088137 0.054240 0.211596
0.090383 0.055010 0.216815
0.093674 0.052612 0.216387
0.088084 0.055754 0.215760
0.085161 0.054891 0.208731
0.090686 0.053423 0.213290
0.083655 0.056742 0.214329
0.092130 0.053830 0.216672
0.089313 0.053895 0.212156
0.085211 0.055967 0.212801
0.086523 0.055030 0.211653
0.090019 0.052147 0.211832
0.092949 0.050538 0.214332
0.092255 0.049888 0.213801
0.088883 0.049597 0.211764
0.092571 0.053536 0.216460
0.091674 0.053191 0.214344
0.087665 0.055812 0.215179
0.093371 0.051470 0.215191
0.091854 0.051395 0.213489
0.088258 0.051216 0.209626
0.087903 0.051056 0.209371
0.088573 0.055181 0.214951
0.088275 0.054099 0.211409
0.084324 0.055533 0.210750
0.089516 0.055101 0.216012
0.087809 0.055894 0.215824
0.092753 0.049821 0.214229
0.086559 0.056237 0.215579
0.084358 0.056368 0.213207
0.087440 0.054745 0.212195
0.084029 0.055449 0.210042
0.091169 0.053549 0.214231
0.090963 0.053325 0.213515
0.089253 0.055502 0.216487
0.084379 0.056722 0.216119
0.090776 0.051799 0.212426
0.091525 0.055010 0.218043
0.089033 0.054109 0.213131
0.085131 0.054137 0.207732
0.087527 0.052337 0.209048
0.092856 0.050214 0.214168
0.086267 0.056363 0.215438
0.087975 0.055706 0.215348
0.091629 0.049705 0.213499
0.088010 0.051312 0.209378
0.091727 0.054981 0.218171
0.088547 0.054377 0.213347
0.083540 0.056769 0.214464
0.087273 0.048457 0.212400
0.092228 0.053654 0.216282
0.082887 0.055976 0.211066
0.089047 0.056054 0.217972
0.088310 0.052616 0.210066
0.085388 0.056517 0.215698
0.087655 0.053879 0.210203
0.088754 0.055817 0.216898
0.088705 0.052221 0.210242
0.090484 0.052339 0.212393
0.092723 0.053463 0.216585
0.088361 0.052350 0.209921
0.088211 0.056197 0.217637
0.088122 0.054899 0.213684
0.085480 0.055163 0.211141
0.085139 0.055046 0.209531
0.090195 0.055787 0.218271
0.089313 0.056075 0.218720
0.086051 0.056393 0.215022
0.087619 0.054418 0.211047
0.085117 0.056572 0.215391
0.089155 0.050601 0.210464
0.085126 0.056643 0.217060
0.083952 0.056759 0.214562
0.090309 0.054493 0.215951
0.087661 0.051650 0.209097
0.082565 0.056307 0.211486
0.087625 0.055290 0.213784
0.087327 0.051779 0.208807
0.087256 0.056145 0.215758
0.085722 0.056519 0.216210
0.086066 0.056419 0.215416
0.088481 0.055091 0.214548
0.089298 0.054640 0.214954
0.089843 0.049348 0.213222
0.085553 0.056412 0.214593
0.084825 0.054900 0.208118
0.091978 0.052468 0.214162
0.087243 0.054352 0.210301
0.091142 0.051844 0.212817
0.088383 0.054993 0.214273
0.093071 0.053569 0.217117
0.091648 0.050984 0.213022
0.090748 0.049767 0.212711
0.083476 0.056917 0.216440
0.084922 0.055027 0.208692
0.091008 0.054098 0.216232
0.090070 0.049637 0.212523
0.085644 0.056472 0.215188
0.090021 0.052008 0.211746
0.090244 0.049245 0.213685
0.083379 0.055622 0.210025
0.090464 0.054488 0.216147
0.090514 0.053208 0.212966
0.089432 0.049185 0.213102
0.083270 0.055694 0.210485
0.088857 0.052939 0.210877
0.085418 0.056474 0.215463
0.087007 0.055142 0.212680
0.089996 0.049146 0.213714
0.082967 0.056504 0.212645
0.087745 0.047779 0.213734
0.093095 0.053803 0.217624
0.089922 0.055825 0.217983
0.085899 0.053192 0.207850
0.084886 0.054084 0.207452
0.089405 0.053168 0.211625
0.082683 0.055798 0.210027
0.085762 0.056480 0.217532
0.092220 0.050224 0.213467
0.093569 0.051401 0.215402
0.088608 0.048845 0.212838
0.093393 0.050500 0.214801
0.083395 0.055940 0.211409
0.089423 0.053406 0.211785
0.084849 0.055594 0.211851
0.090405 0.054682 0.216427
0.093440 0.050054 0.214855
0.090652 0.053749 0.213874
0.091877 0.054391 0.217326
0.084892 0.056528 0.214608
0.090341 0.050836 0.211563
0.087810 0.049271 0.211434
0.089209 0.054028 0.212656
0.091912 0.052948 0.214436
0.086979 0.056289 0.216783
0.089648 0.050372 0.211072
0.091774 0.054104 0.216778
0.088561 0.048473 0.213491
0.083617 0.056851 0.215409
0.092561 0.053310 0.215462
0.091618 0.052761 0.214006
0.084244 0.055302 0.208951
0.093593 0.050420 0.215007
0.088267 0.054476 0.212661
0.086597 0.056395 0.216505
0.093956 0.052103 0.216356
0.090888 0.049072 0.214548
0.089309 0.056061 0.218389
0.086075 0.056521 0.216444
0.088497 0.053900 0.211158
0.085600 0.054537 0.208592
0.093380 0.053035 0.216286
0.090102 0.048435 0.215134
0.088421 0.048672 0.212948
0.087599 0.047330 0.214076
0.086214 0.055134 0.211612
0.089683 0.050891 0.210908
0.087997 0.054632 0.212629
0.087516 0.046934 0.214547
0.091501 0.054880 0.217773
0.091091 0.055604 0.218692
0.087693 0.054455 0.211224
0.088250 0.050994 0.209674
0.088795 0.054884 0.214592
0.084023 0.056875 0.216361
0.091522 0.053522 0.214622
0.088312 0.055305 0.214805
0.086363 0.054987 0.211278
0.088037 0.047089 0.215064
0.088422 0.053311 0.210722
0.089015 0.047907 0.215006
0.089721 0.048597 0.214376
0.091470 0.054501 0.217102
0.084337 0.056826 0.216371
0.091496 0.053799 0.215688
0.086118 0.054580 0.209399
0.083955 0.056786 0.214888
0.093979 0.052955 0.217037
0.085133 0.056244 0.213351
0.090852 0.052678 0.213034
0.087568 0.047733 0.213532
0.085892 0.054864 0.209989
0.083259 0.056312 0.212166
0.089708 0.054064 0.214371
0.087761 0.048759 0.212289
0.087504 0.054383 0.210781
0.085380 0.054926 0.208886
0.090999 0.049583 0.213360
0.093449 0.052332 0.215854
0.091997 0.049737 0.213726
0.088162 0.054309 0.211803
0.092359 0.050531 0.213691
0.087888 0.054570 0.212227
0.089366 0.052737 0.211324
0.093187 0.051686 0.215110
0.086134 0.056380 0.215179
0.092396 0.050262 0.213673
0.084193 0.056873 0.216594
0.090962 0.051760 0.212597
0.088622 0.056041 0.217347
0.088969 0.056122 0.218432
0.092592 0.051356 0.214190
0.085340 0.055384 0.211594
0.088672 0.053680 0.211100
0.092655 0.053857 0.217374
0.088326 0.054489 0.212921
0.087494 0.055778 0.214854
0.090480 0.052120 0.212274
0.089246 0.056023 0.218088
0.088157 0.055051 0.214042
0.091532 0.053885 0.216218
0.088004 0.049211 0.211934
0.084055 0.056509 0.213366
0.088969 0.054751 0.214597
0.093558 0.053460 0.217422
0.089103 0.051728 0.210413
0.092749 0.054267 0.218022
0.087245 0.056067 0.215447
0.089753 0.050075 0.211423
0.090455 0.054197 0.215719
0.091384 0.051315 0.212850
0.093819 0.052048 0.216103
0.088489 0.052079 0.209915
0.089202 0.054077 0.213516
0.089393 0.051125 0.210560
0.092479 0.053167 0.215214
0.085329 0.054991 0.209693
0.092543 0.053642 0.216726
0.086646 0.052881 0.208395
0.091365 0.049597 0.213577
0.092189 0.054380 0.217708
0.088406 0.054853 0.214061
0.091230 0.051399 0.212723
0.093540 0.052922 0.216448
0.091202 0.054351 0.216719
0.084744 0.056427 0.213771
0.085910 0.056187 0.214069
0.092860 0.051852 0.214804
0.088010 0.054887 0.213532
0.086288 0.054919 0.211033
0.086293 0.056428 0.217251
0.091715 0.054245 0.216945
0.090186 0.054068 0.214956
0.083418 0.056316 0.212425
0.087217 0.055170 0.213013
0.088739 0.055191 0.215121
0.084476 0.056567 0.214317
0.083425 0.056889 0.215021
0.090615 0.055797 0.218768
0.088511 0.050453 0.210024
0.089724 0.054643 0.215556
0.092023 0.050075 0.213371
0.090205 0.049823 0.212194
0.089046 0.049997 0.210980
0.090633 0.053728 0.214517
0.090623 0.053750 0.214113
0.083258 0.056443 0.212568
0.091478 0.054787 0.217580
0.090373 0.050406 0.211686
0.091870 0.050021 0.213276
0.084572 0.055605 0.211394
0.089164 0.048800 0.213475
0.091774 0.051921 0.213673
0.090124 0.053511 0.212793
0.089372 0.053756 0.212016
0.087974 0.049418 0.211122
0.085422 0.056202 0.213542
0.083677 0.055523 0.209254
0.085102 0.054409 0.207944
0.088508 0.056240 0.218506
0.086006 0.055322 0.211917
0.087953 0.054476 0.211990
0.088852 0.054911 0.214766
0.086941 0.055071 0.212563
0.092300 0.050430 0.213540
0.082979 0.056247 0.211672
0.090432 0.055352 0.217566
0.090611 0.054918 0.216895
0.089256 0.054322 0.214138
0.088391 0.055995 0.216962
0.089429 0.050266 0.210937
0.089257 0.051343 0.210447
0.090521 0.053408 0.213147
0.090217 0.052075 0.211966
0.087606 0.054089 0.210365
0.087356 0.055535 0.214093
0.086138 0.054096 0.208790
0.094281 0.051607 0.216447
0.090518 0.049587 0.212990
0.093496 0.052819 0.216213
0.092380 0.051566 0.214066
0.082803 0.056381 0.211930
0.085484 0.056477 0.214951
0.090354 0.048511 0.215244
0.091562 0.051727 0.213311
0.090369 0.050582 0.211574
0.090656 0.055237 0.217610
0.091478 0.052894 0.214051
0.092683 0.050795 0.214088
0.085157 0.056324 0.213626
0.088422 0.056228 0.218199
0.093690 0.051343 0.215584
0.088716 0.048819 0.212982
0.088266 0.054548 0.213050
0.093145 0.050333 0.214489
0.085383 0.056409 0.214466
0.085886 0.055753 0.212961
0.084776 0.056731 0.216964
0.092885 0.054001 0.217759
0.091661 0.052517 0.213917
0.091885 0.054731 0.217904
0.092743 0.053254 0.215601
0.091531 0.050233 0.212875
0.089211 0.049070 0.213043
0.086592 0.052440 0.208155
0.090949 0.050048 0.212475
0.089617 0.052262 0.211431
0.091856 0.051174 0.213353
0.088794 0.050175 0.210348
0.089084 0.055136 0.215458
0.085415 0.053784 0.207781
0.088920 0.049886 0.211074
0.089849 0.055982 0.218599
0.083810 0.055479 0.208979
0.088729 0.053478 0.211028
0.090359 0.054002 0.215096
0.086306 0.055559 0.212919
0.089146 0.056124 0.218951
0.086511 0.056420 0.216372
0.087752 0.049097 0.211798
0.087817 0.056350 0.218504
0.087669 0.056073 0.216280
0.088253 0.054413 0.212238
0.083995 0.055392 0.208747
0.088646 0.049490 0.211840
0.086252 0.055291 0.212199
0.084895 0.054520 0.207831
0.082522 0.055913 0.210425
0.085035 0.056558 0.214763
0.092646 0.051783 0.214498
0.093830 0.051835 0.215981
0.088748 0.053738 0.211228
0.084111 0.055716 0.211549
0.093516 0.050918 0.215056
0.087862 0.055051 0.213627
0.088205 0.047941 0.213894
0.090289 0.055320 0.217384
0.086262 0.056261 0.214838
0.087144 0.052769 0.208848
0.089375 0.051981 0.210945
0.084911 0.055089 0.209004
0.087318 0.048779 0.211878
0.090082 0.052280 0.211934
0.090183 0.056008 0.219011
0.087820 0.055252 0.213958
0.092205 0.054814 0.218342
0.084814 0.055195 0.209849
0.087187 0.056308 0.217614
0.091801 0.049672 0.213695
0.090805 0.052227 0.212697
0.090917 0.052994 0.213254
0.086492 0.056313 0.215778
0.091286 0.053631 0.214610
0.087950 0.048779 0.212407
0.086759 0.053844 0.209282
0.088118 0.051990 0.209488
0.088830 0.055475 0.215880
0.088619 0.055392 0.215360
0.085151 0.056541 0.217310
0.089480 0.055220 0.216184
0.092711 0.049593 0.214340
0.088785 0.050829 0.210116
0.085593 0.056496 0.215618
0.084436 0.056815 0.216961
0.089293 0.054416 0.214393
0.089013 0.056099 0.218159
0.087447 0.055913 0.215176
0.092269 0.053999 0.217171
0.091987 0.053460 0.215160
0.087166 0.054900 0.212580
0.084621 0.056528 0.214250
0.088710 0.054196 0.212752
0.084711 0.056424 0.213651
0.085199 0.056699 0.216615
0.092387 0.051765 0.214201
0.086539 0.055632 0.213400
0.087641 0.055211 0.213653
0.084569 0.055175 0.208905
0.088479 0.047885 0.214259
0.094000 0.051848 0.216228
0.088900 0.052564 0.210706
0.085665 0.054085 0.208277
0.092964 0.053280 0.216502
0.088112 0.048721 0.212613
0.091028 0.053979 0.215775
0.086825 0.052441 0.208377
0.092990 0.053523 0.216909
0.090880 0.048929 0.214802
0.084186 0.056751 0.215305
0.090777 0.050851 0.211974
0.083104 0.056635 0.213100
0.090771 0.054506 0.216607
0.086394 0.056229 0.214990
0.085569 0.056555 0.215989
0.087357 0.046711 0.214680
0.091172 0.053615 0.214493
0.094227 0.052253 0.216836
0.092166 0.051816 0.214004
0.086483 0.054805 0.210984
0.089227 0.050345 0.210617
0.091602 0.054574 0.217294
0.084585 0.056728 0.216049
0.090191 0.051650 0.211671
0.090098 0.053644 0.213464
0.089074 0.054536 0.214356
0.086770 0.054848 0.211476
0.090320 0.051673 0.211820
0.089568 0.054473 0.214941
0.086658 0.054880 0.211338
0.090285 0.053462 0.213018
0.090020 0.051128 0.211273
0.089528 0.055976 0.218206
0.088368 0.051355 0.209683
0.088916 0.050470 0.210310
0.087693 0.053401 0.209917
0.087846 0.054346 0.211214
0.089296 0.049010 0.213270
0.086585 0.054169 0.209376
0.090502 0.051576 0.211983
0.085544 0.054979 0.210535
0.086104 0.055832 0.213476
0.089528 0.054221 0.214343
0.089905 0.052434 0.211829
0.087705 0.048949 0.211999
0.093769 0.051664 0.215785
0.087861 0.052038 0.209271
0.085722 0.055744 0.212776
0.089435 0.054785 0.215361
0.090496 0.055098 0.217096
0.084915 0.056620 0.215552
0.090917 0.053652 0.214343
0.084827 0.056737 0.216415
0.088839 0.049915 0.210831
0.086876 0.055035 0.212409
0.092060 0.054034 0.217087
0.085934 0.056419 0.215059
0.084932 0.056276 0.213233
0.091285 0.053818 0.215515
0.090611 0.051075 0.211859
0.085406 0.056628 0.216800
0.089461 0.054403 0.214637
0.090783 0.053584 0.213610
0.087687 0.049093 0.211687
0.085886 0.056452 0.215334
0.086795 0.053145 0.208764
0.087922 0.048030 0.213542
0.089725 0.053957 0.213651
0.092647 0.052029 0.214655
0.089081 0.051960 0.210545
0.085737 0.056441 0.215045
0.087006 0.055562 0.213716
0.084626 0.056716 0.216267
0.088779 0.047927 0.214550
0.083151 0.056361 0.212366
0.090320 0.049999 0.211981
0.088053 0.050803 0.209562
0.088208 0.053473 0.210556
0.092392 0.052976 0.214974
0.093763 0.051455 0.215683
0.085744 0.053987 0.208281
0.090072 0.056112 0.219368
0.094138 0.051593 0.216242
0.089534 0.053883 0.213291
0.083679 0.055738 0.210998
0.087997 0.047634 0.214138
0.086304 0.056438 0.217567
0.089905 0.054822 0.216112
0.085700 0.054263 0.208458
0.090403 0.054101 0.215482
0.093459 0.050240 0.214897
0.085161 0.056561 0.215180
0.084004 0.056805 0.215392
0.092777 0.053584 0.216886
0.089382 0.053986 0.212831
0.086685 0.056362 0.217487
0.091899 0.053946 0.216703
0.087281 0.056292 0.217256
0.091666 0.055425 0.218788
0.090219 0.053836 0.213838
0.086970 0.054830 0.211726
0.091149 0.053675 0.214643
0.090026 0.053033 0.212269
0.085414 0.055200 0.210816
0.093020 0.053686 0.217328
0.090838 0.053662 0.213797
0.087220 0.052547 0.208808
0.092740 0.052146 0.214850
0.088036 0.056122 0.217002
0.090217 0.054313 0.215654
0.090812 0.050260 0.212161
0.083953 0.056877 0.216070
0.087333 0.056277 0.217520
0.084350 0.055654 0.211371
0.083196 0.056559 0.212811
0.085688 0.055433 0.211913
0.087581 0.056260 0.217705
0.091122 0.049694 0.213155
0.088728 0.048390 0.213795
0.090300 0.052993 0.212541
0.083998 0.056688 0.214288
0.086976 0.053275 0.209050
0.091841 0.050936 0.213184
0.089420 0.054212 0.213981
0.084330 0.055628 0.211188
0.084591 0.056734 0.215625
0.089828 0.054106 0.214671
0.089273 0.055613 0.216803
0.085704 0.055005 0.210655
0.084524 0.055252 0.209354
0.086946 0.056288 0.217234
0.087978 0.055290 0.214276
0.088265 0.056054 0.217088
0.085116 0.056611 0.216041
0.090232 0.050670 0.211440
0.092994 0.049508 0.214645
0.085433 0.055914 0.212885
0.088354 0.053641 0.210779
0.085651 0.056568 0.216740
0.083703 0.056880 0.216404
0.087430 0.054753 0.212366
0.084225 0.055922 0.211932
0.086846 0.056384 0.217902
0.088172 0.055252 0.214509
0.089691 0.051087 0.210962
0.085921 0.056499 0.215873
0.092516 0.052780 0.215007
0.091488 0.053864 0.215963
0.089705 0.048185 0.215125
0.085073 0.056543 0.215700
0.084272 0.055240 0.208582
0.083430 0.056018 0.211607
0.089500 0.050078 0.211260
0.088919 0.054673 0.214345
0.091718 0.054369 0.217114
0.087017 0.055644 0.213890
0.090525 0.052977 0.212829
0.094130 0.050655 0.215760
0.087091 0.047461 0.213478
0.084140 0.056885 0.216227
0.088119 0.053770 0.210679
0.082705 0.055911 0.210632
0.086115 0.052947 0.207891
0.088482 0.054712 0.213745
0.092367 0.054578 0.218137
0.090677 0.048577 0.215456
0.088868 0.047854 0.214807
0.087795 0.054992 0.213379
0.083772 0.055566 0.210155
0.091159 0.054184 0.216406
0.083931 0.055459 0.209524
0.084332 0.055373 0.210061
0.088566 0.052167 0.210048
0.086759 0.054565 0.210792
0.091184 0.055705 0.219242
0.087501 0.056364 0.218428
0.084044 0.056264 0.212481
0.087054 0.047359 0.213588
0.088796 0.056063 0.217539
0.091587 0.051952 0.213441
0.089432 0.050418 0.210746
0.085528 0.056628 0.216275
0.089313 0.055377 0.216304
0.087063 0.056310 0.217280
0.091390 0.050401 0.212639
0.091681 0.054579 0.217436
0.084487 0.055069 0.208511
0.087845 0.049193 0.211778
0.092388 0.049964 0.213913
0.083860 0.056140 0.212051
0.085772 0.054810 0.209142
0.089501 0.053893 0.212540
0.085654 0.056159 0.213674
0.085009 0.056656 0.216874
0.090942 0.053760 0.214979
0.086631 0.056170 0.214864
0.092709 0.053729 0.217110
0.088692 0.055759 0.216661
0.084871 0.056729 0.216668
0.090292 0.053568 0.213202
0.090069 0.053700 0.213670
0.090240 0.048889 0.214346
0.086988 0.055763 0.214171
0.091910 0.049394 0.214274
0.091746 0.053817 0.216186
0.089156 0.050139 0.210812
0.083599 0.055653 0.210428
0.084472 0.056287 0.212872
0.088825 0.055866 0.217117
0.087998 0.054294 0.211398
0.088667 0.055534 0.215819
0.083505 0.056858 0.215955
0.083803 0.055943 0.211667
0.086435 0.056352 0.215931
0.089874 0.052191 0.211677
0.088591 0.051317 0.209859
0.089717 0.050261 0.211222
0.084143 0.056722 0.214633
0.085661 0.056341 0.214479
0.089409 0.049639 0.212044
0.086232 0.054839 0.210445
0.084273 0.056447 0.213344
0.089192 0.053408 0.211512
0.088781 0.049562 0.211757
0.092140 0.054128 0.217251
0.088718 0.054809 0.214320
0.091135 0.049132 0.214531
0.085582 0.055526 0.212046
0.085792 0.055204 0.211378
0.092303 0.054520 0.217961
0.089905 0.052671 0.211971
0.091421 0.049250 0.214408
0.087638 0.055404 0.214056
0.089559 0.056043 0.218793
0.088490 0.048027 0.214034
0.086648 0.055724 0.213678
0.084033 0.055427 0.209194
0.089960 0.054285 0.215288
0.087992 0.054297 0.211714
0.092324 0.051153 0.213807
0.083991 0.055654 0.210905
0.087812 0.051193 0.209250
0.087682 0.054999 0.213203
0.091097 0.053548 0.214086
0.090600 0.055709 0.218517
0.089608 0.049583 0.212366
0.093015 0.052155 0.215199
0.087664 0.055556 0.214517
0.092489 0.050380 0.213812
0.085163 0.055255 0.210624
0.085134 0.054618 0.208162
0.093320 0.052586 0.215845
0.083959 0.055980 0.211866
0.089648 0.053855 0.213103
0.088655 0.047733 0.214739
0.087482 0.056131 0.215967
0.091180 0.054274 0.216546
0.092760 0.050091 0.214112
0.087470 0.053312 0.209600
0.092837 0.053722 0.217204
0.087438 0.054007 0.210074
0.088285 0.056246 0.218048
0.085218 0.055866 0.212616
0.088214 0.051466 0.209522
0.086144 0.056476 0.216639
0.088828 0.056125 0.218656
0.090886 0.053629 0.214525
0.093853 0.051169 0.215661
0.088999 0.055807 0.217192
0.091958 0.051790 0.213771
0.093284 0.053541 0.217264
0.087731 0.046789 0.214922
0.089822 0.054331 0.215076
0.086588 0.053656 0.208922
0.087115 0.047755 0.213179
0.089822 0.055103 0.216472
0.092605 0.050652 0.213950
0.087576 0.056233 0.217867
0.085758 0.056569 0.217198
0.089123 0.056087 0.218617
0.084233 0.055502 0.210366
0.088595 0.049256 0.212284
0.089873 0.050393 0.211282
0.089382 0.055077 0.215746
0.089264 0.048716 0.213783
0.091452 0.054734 0.217411
0.088857 0.054495 0.213949
0.091796 0.050197 0.213104
0.088033 0.055472 0.214816
0.085662 0.056541 0.215795
0.092887 0.050809 0.214376
0.084738 0.056706 0.215825
0.089629 0.054555 0.215242
0.091487 0.055159 0.218194
0.093112 0.053333 0.216655
0.090050 0.051371 0.211390
0.086858 0.056337 0.216457
0.085468 0.054969 0.210007
0.086273 0.054392 0.209257
0.089603 0.053868 0.213421
0.090976 0.054297 0.216501
0.087939 0.053450 0.210210
0.092633 0.052265 0.214801
0.090134 0.051437 0.211515
0.091194 0.050952 0.212474
0.092147 0.054575 0.217900
0.090888 0.054069 0.216076
0.085727 0.053193 0.207665
0.090940 0.051498 0.212449
0.091077 0.053825 0.215348
0.083170 0.056972 0.216019
0.087198 0.046934 0.214174
0.086286 0.056402 0.216719
0.089819 0.055911 0.218259
0.090732 0.051552 0.212244
0.088707 0.048053 0.214240
0.086105 0.056440 0.217182
0.086980 0.055402 0.213391
0.092080 0.053540 0.215414
0.087808 0.056335 0.218313
0.086468 0.055549 0.213101
0.086268 0.056440 0.216989
0.089032 0.050804 0.210319
0.090208 0.054682 0.216155
0.087237 0.046449 0.214846
0.093949 0.052572 0.216664
0.090018 0.055978 0.218743
0.092363 0.051351 0.213941
0.083189 0.056820 0.214543
0.089087 0.049623 0.211859
0.091368 0.052893 0.213742
0.086152 0.056057 0.213969
0.090152 0.051880 0.211782
0.085860 0.054939 0.210839
0.093426 0.051195 0.215090
0.090198 0.050472 0.211458
0.088914 0.054301 0.213541
0.084849 0.054974 0.208389
0.091369 0.054427 0.216954
0.089197 0.052232 0.210910
0.090629 0.055459 0.218019
0.089999 0.053671 0.212983
0.092856 0.051375 0.214503
0.092831 0.053337 0.216143
0.090469 0.055418 0.217698
0.085464 0.056498 0.215245
0.086423 0.055228 0.212345
0.083938 0.056518 0.213243
0.089212 0.049860 0.211384
0.082889 0.055735 0.210026
0.091141 0.051372 0.212635
0.087577 0.055856 0.215290
0.088029 0.051655 0.209363
0.087025 0.054183 0.209856
0.089281 0.048522 0.214109
0.087940 0.054874 0.213372
0.087885 0.047781 0.213848
0.087482 0.055674 0.214582
0.091472 0.053071 0.214129
0.085909 0.055512 0.212359
0.084570 0.055872 0.212078
0.086570 0.055107 0.212225
0.089625 0.053412 0.212064
0.088338 0.055645 0.215813
0.085053 0.056706 0.216432
0.083506 0.056887 0.215623
0.089722 0.050646 0.210981
0.088717 0.056178 0.218332
0.090051 0.052667 0.212170
0.088692 0.055562 0.216013
0.086500 0.054379 0.209578
0.089804 0.049763 0.212064
0.091543 0.049802 0.213256
0.086742 0.054957 0.211831
0.082903 0.056444 0.212283
0.090248 0.054794 0.216386
0.088953 0.054090 0.212506
0.086067 0.054958 0.211036
0.085698 0.056573 0.216896
0.085104 0.055291 0.210743
0.088761 0.051223 0.210005
0.089947 0.053317 0.212340
0.093375 0.053225 0.216710
0.084375 0.055991 0.212156
0.082814 0.055807 0.210335
0.087650 0.048284 0.212860
0.089652 0.051428 0.210951
0.088731 0.056145 0.218022
0.088223 0.053934 0.210902
0.088570 0.056169 0.217828
0.090601 0.050382 0.211900
0.092253 0.049750 0.213987
0.088600 0.050777 0.210008
0.089055 0.048247 0.214261
0.087453 0.048619 0.212301
0.084859 0.055407 0.210959
0.088106 0.048518 0.212820
0.091908 0.054264 0.217172
0.087339 0.055333 0.213636
0.086551 0.055401 0.212840
0.085130 0.056569 0.215923
0.090924 0.050911 0.212154
0.086172 0.056222 0.214500
0.090250 0.054923 0.216584
0.093763 0.053295 0.217291
0.089799 0.051841 0.211356
0.090888 0.054074 0.215953
0.084703 0.054517 0.207641
0.082987 0.056774 0.213928
0.085180 0.056544 0.215539
0.092504 0.051549 0.214185
0.088055 0.056073 0.216733
0.089836 0.055771 0.217737
0.085606 0.053740 0.207942
0.087402 0.056264 0.217015
0.092153 0.050434 0.213369
0.085185 0.056416 0.214278
0.090275 0.053661 0.213513
0.083571 0.056810 0.214544
0.088547 0.049855 0.210654
0.083156 0.055696 0.210110
0.090222 0.049048 0.214023
0.087925 0.056058 0.216531
0.085417 0.056498 0.217461
0.093210 0.051895 0.215250
0.088413 0.048884 0.212605
0.088979 0.052890 0.210963
0.091968 0.052001 0.213909
0.087185 0.054841 0.212350
0.088095 0.048259 0.213327
0.090292 0.053877 0.214439
0.087120 0.054321 0.210156
0.084882 0.056457 0.214226
0.084902 0.056669 0.217224
0.084998 0.055165 0.210128
0.084289 0.056134 0.212367
0.090610 0.056016 0.219515
0.089903 0.051586 0.211322
0.090756 0.049612 0.213120
0.084347 0.055891 0.212003
0.094113 0.051332 0.216070
0.091656 0.050778 0.212925
0.086205 0.054651 0.209838
0.087236 0.047062 0.214018
0.091631 0.052347 0.213750
0.087254 0.055707 0.214410
0.087800 0.055551 0.214634
0.087586 0.051695 0.208995
0.090757 0.054388 0.216422
0.093686 0.052414 0.216219
0.089030 0.054832 0.214949
0.087788 0.054753 0.212623
0.087063 0.056363 0.218110
0.090686 0.052509 0.212726
0.089662 0.048403 0.214605
0.087727 0.051827 0.209122
0.082704 0.056560 0.212488
0.089727 0.051699 0.211187
0.088537 0.055508 0.215635
0.084748 0.056267 0.213081
0.088840 0.054652 0.214181
0.090729 0.055917 0.219389
0.093593 0.051644 0.215552
0.089304 0.056149 0.219081
0.089743 0.056175 0.219326
0.086240 0.054538 0.209644
0.089034 0.052307 0.210713
0.089178 0.049223 0.212766
0.084411 0.056628 0.214650
0.085224 0.054122 0.207813
0.090590 0.051832 0.212240
0.087611 0.054282 0.210777
0.084943 0.053847 0.207347
0.091818 0.053664 0.215537
0.087590 0.054858 0.212692
0.085056 0.055120 0.210325
0.085405 0.054973 0.209504
0.085314 0.053957 0.207784
0.088348 0.049019 0.212380
0.093081 0.052361 0.215392
0.089694 0.053722 0.212439
0.084802 0.055304 0.210633
0.088959 0.055079 0.215227
0.086488 0.054539 0.209862
0.092951 0.050327 0.214266
0.087702 0.047072 0.214588
0.090174 0.049485 0.212977
0.085143 0.053821 0.207523
0.091249 0.052749 0.213469
0.086918 0.052237 0.208458
0.084267 0.056742 0.214914
0.090427 0.049666 0.212669
0.088300 0.049218 0.212204
0.087896 0.055753 0.215631
0.085492 0.053950 0.207958
0.087426 0.051581 0.208857
0.091326 0.054178 0.216497
0.093084 0.050662 0.214497
0.087631 0.056059 0.215994
0.089019 0.053877 0.211757
0.092665 0.052839 0.215201
0.088592 0.055332 0.215201
0.089616 0.053181 0.211906
0.091490 0.053626 0.214890
0.089894 0.053701 0.212660
0.085121 0.055380 0.211306
0.093127 0.050796 0.214552
0.084687 0.055434 0.210911
0.089757 0.053854 0.212718
0.094292 0.051846 0.216640
0.094094 0.052304 0.216679
0.083278 0.056935 0.216343
0.088400 0.056193 0.217880
0.091308 0.049402 0.214034
0.086104 0.056392 0.215511
0.089394 0.050620 0.210611
0.083800 0.055659 0.210703
0.091635 0.049423 0.214153
0.089054 0.051507 0.210268
0.085972 0.056238 0.214319
0.093679 0.051136 0.215428
0.086369 0.054510 0.209709
0.088529 0.054371 0.213087
0.086416 0.055119 0.212080
0.093812 0.052242 0.216250
0.086809 0.054702 0.211045
0.092494 0.054224 0.217732
0.088702 0.054214 0.212360
0.086062 0.054879 0.210685
0.092526 0.052585 0.214879
0.090949 0.054729 0.217028
0.091542 0.050723 0.212807
0.087721 0.054683 0.212426
0.085332 0.055743 0.212422
0.089432 0.049839 0.211591
0.085044 0.055891 0.212638
0.091875 0.049761 0.213555
0.088909 0.050084 0.210574
0.089606 0.052126 0.211315
0.086000 0.054899 0.210424
0.089702 0.054920 0.215932
0.084759 0.055725 0.211941
0.085944 0.055837 0.213232
0.084886 0.056609 0.215003
0.087736 0.054177 0.210804
0.086742 0.054394 0.209896
0.082574 0.056401 0.211819
0.089280 0.048204 0.214518
0.085658 0.054959 0.210111
0.090131 0.049347 0.213407
0.091159 0.053736 0.215049
0.088917 0.052676 0.210788
0.089005 0.048872 0.213202
0.085827 0.055605 0.212533
0.083891 0.055446 0.209811
0.087921 0.055663 0.215143
0.092826 0.052177 0.214978
0.086722 0.054609 0.210398
0.083336 0.055604 0.209849
0.090595 0.050592 0.211793
0.091673 0.052925 0.214198
0.088866 0.054062 0.211926
0.091176 0.055047 0.217736
0.086093 0.054356 0.208982
0.086074 0.056483 0.216849
0.086545 0.056279 0.215407
0.087368 0.047654 0.213479
0.083050 0.056895 0.214400
0.085974 0.056463 0.215596
0.088079 0.055674 0.215475
0.089795 0.048072 0.215460
0.084897 0.054722 0.207977
0.086059 0.056255 0.214580
0.090344 0.048816 0.214589
0.088294 0.050449 0.209840
0.091205 0.053913 0.215765
0.089564 0.054172 0.214178
0.089697 0.053844 0.212612
0.084571 0.056499 0.213930
0.084278 0.056203 0.212499
0.087418 0.056089 0.215616
0.087065 0.052458 0.208627
0.084918 0.056409 0.214057
0.088858 0.052423 0.210565
0.084935 0.055449 0.211526
0.087290 0.054422 0.210468
0.092100 0.051396 0.213715
0.091384 0.055459 0.218643
0.092643 0.054005 0.217573
0.085896 0.055983 0.213524
0.087165 0.056063 0.215657
0.091048 0.052148 0.212881
0.088619 0.053966 0.211504
0.089613 0.056032 0.218610
0.086306 0.056463 0.217687
0.086835 0.056367 0.217573
0.090067 0.054086 0.214784
0.084839 0.055120 0.209404
0.088527 0.047523 0.214913
0.087370 0.054598 0.211461
0.092126 0.050883 0.213522
0.090379 0.048409 0.215450
0.086128 0.056463 0.216020
0.087018 0.055842 0.214422
0.090328 0.053696 0.213589
0.088779 0.053996 0.211721
0.091653 0.049007 0.214878
0.087403 0.052503 0.208984
0.091845 0.052476 0.214050
0.088869 0.051741 0.210155
0.087443 0.048916 0.211787
0.086348 0.056316 0.215622
0.086091 0.054785 0.209979
0.087331 0.055907 0.214982
0.086281 0.053837 0.208715
0.087301 0.056283 0.218303
0.090867 0.053284 0.213374
0.086251 0.054829 0.210852
0.083327 0.055750 0.210848
0.083581 0.055529 0.208958
0.084157 0.056511 0.213540
0.087020 0.047152 0.213822
0.087678 0.052656 0.209357
0.084561 0.055517 0.211009
0.083197 0.056056 0.211484
0.090732 0.049327 0.213839
0.083230 0.056948 0.215790
0.091396 0.053563 0.214547
0.089579 0.051968 0.211185
0.088657 0.054916 0.214443
0.089924 0.055624 0.217517
0.093763 0.052971 0.216809
0.085968 0.056452 0.216081
0.087499 0.055057 0.213084
0.084538 0.055396 0.210448
0.090159 0.054256 0.215460
0.083408 0.056757 0.214067
0.089089 0.055977 0.217660
0.088117 0.047540 0.214441
0.088622 0.054758 0.214018
0.091863 0.055072 0.218431
0.089170 0.053191 0.211349
0.086969 0.053513 0.209223
0.087035 0.056107 0.215182
0.091703 0.053813 0.216057
0.088320 0.054832 0.213754
0.085568 0.055261 0.211414
0.089703 0.052081 0.211417
0.087619 0.053062 0.209617
0.088288 0.049900 0.210358
0.086505 0.054656 0.210750
0.091332 0.048839 0.215207
0.087293 0.047184 0.213937
0.092423 0.049282 0.214415
0.087239 0.054615 0.211317
0.090462 0.049916 0.212183
0.087413 0.055220 0.213457
0.088854 0.049716 0.211316
0.089883 0.048141 0.215417
0.088967 0.055437 0.216062
0.092046 0.054712 0.218005
0.091553 0.051476 0.213192
0.089383 0.048854 0.213626
0.090263 0.053601 0.213397
0.090414 0.053810 0.214015
0.088416 0.051067 0.209810
0.093201 0.051458 0.214971
0.086939 0.054884 0.212171
0.088108 0.054499 0.212490
0.086282 0.056440 0.216200
0.091790 0.053627 0.215346
0.088682 0.049597 0.211513
0.088714 0.055015 0.214826
0.090414 0.055988 0.219221
0.087128 0.048133 0.212672
0.084424 0.055422 0.210269
0.090763 0.055038 0.217409
0.092438 0.052000 0.214398
0.090415 0.050239 0.211871
0.090382 0.049204 0.213889
0.093945 0.050691 0.215548
0.089025 0.054748 0.214727
0.090410 0.051961 0.212143
0.092108 0.050046 0.213467
0.089792 0.054372 0.215249
0.089032 0.048664 0.213671
0.093195 0.050025 0.214541
0.089954 0.056065 0.219045
0.086409 0.053051 0.208257
0.084102 0.055596 0.210630
0.088907 0.054741 0.214465
0.086014 0.053669 0.208323
0.089987 0.051360 0.211312
0.084223 0.055349 0.209848
0.087483 0.056226 0.216794
0.092806 0.053383 0.216361
0.091356 0.052498 0.213456
0.087319 0.052278 0.208819
0.083825 0.056275 0.212307
0.091673 0.054828 0.217940
0.092052 0.053933 0.216828
0.092171 0.051591 0.213870
0.092090 0.054330 0.217571
0.090615 0.054471 0.216371
0.088532 0.054208 0.211877
0.086754 0.056011 0.214537
0.088738 0.056113 0.217728
0.085896 0.053870 0.208378
0.090711 0.051121 0.212023
0.094444 0.051212 0.216512
0.087299 0.055815 0.214705
0.087042 0.054626 0.211012
0.086910 0.056345 0.216943
0.085339 0.054334 0.208132
0.088902 0.052185 0.210454
0.088086 0.055920 0.216293
0.087495 0.055412 0.213924
0.086728 0.055092 0.212400
0.088493 0.052461 0.210157
0.091303 0.053644 0.214739
0.089502 0.055692 0.217235
0.085093 0.055211 0.210507
0.091734 0.053958 0.216476
0.084138 0.055172 0.208305
0.088364 0.049702 0.210908
0.088346 0.047741 0.214369
0.088228 0.054404 0.212014
0.089425 0.048522 0.214259
0.093123 0.052604 0.215586
0.087808 0.056124 0.216763
0.088780 0.054387 0.213522
0.089521 0.049778 0.211850
0.085678 0.056016 0.213367
0.089757 0.055892 0.218102
0.086960 0.056048 0.214889
0.085928 0.053345 0.208002
0.083580 0.056614 0.213428
0.084328 0.055653 0.211496
0.087556 0.052186 0.209027
0.091302 0.049301 0.214252
0.084488 0.055269 0.209799
0.084049 0.055914 0.211846
0.086988 0.053967 0.209603
0.089703 0.055952 0.218410
0.085944 0.054757 0.209347
0.089013 0.049502 0.212104
0.082454 0.055989 0.210658
0.084960 0.055703 0.212052
0.090234 0.053973 0.214715
0.084045 0.056845 0.215774
0.087575 0.055948 0.215446
0.090038 0.055097 0.216665
0.084969 0.056643 0.215939
0.088505 0.056266 0.218915
0.089958 0.054436 0.215536
0.092437 0.053952 0.217267
0.094438 0.051577 0.216664
0.091112 0.053993 0.216104
0.091725 0.051629 0.213464
0.089139 0.055399 0.216191
0.082435 0.055996 0.210779
0.082938 0.055885 0.210791
0.091908 0.054520 0.217603
0.092234 0.052256 0.214337
0.089979 0.048262 0.215297
0.088809 0.055399 0.215712
0.083865 0.055768 0.211226
0.087895 0.056253 0.217812
0.089726 0.049065 0.213663
0.088922 0.054309 0.213708
0.086578 0.056463 0.218010
0.087776 0.054232 0.210982
