0.044461 0.005506 0.140318
0.047920 0.008450 0.144201
0.043482 0.004156 0.137679
0.041618 0.003226 0.146875
0.041397 0.003195 0.146838
0.040275 0.003783 0.144094
0.043826 0.005406 0.137632
0.042617 0.002999 0.148653
0.040598 0.002796 0.138903
0.040355 0.003788 0.144779
0.043660 0.003088 0.147990
0.037658 0.002675 0.143105
0.042117 0.003116 0.149319
0.045356 0.006051 0.143427
0.038738 0.003402 0.142016
0.043787 0.003139 0.148192
0.046634 0.004790 0.147724
0.047299 0.008233 0.144043
0.041048 0.003439 0.149257
0.043069 0.003091 0.145747
0.046398 0.006062 0.146058
0.041426 0.003345 0.149296
0.045907 0.004241 0.147602
0.044497 0.007166 0.139881
0.040371 0.003670 0.146589
0.045328 0.007429 0.141606
0.045023 0.006077 0.142368
0.043212 0.003314 0.142545
0.044697 0.003227 0.149482
0.043201 0.003455 0.141548
0.038029 0.002922 0.144555
0.038887 0.002646 0.137886
0.044376 0.003711 0.145419
0.042499 0.002990 0.144955
0.046936 0.007675 0.144921
0.038675 0.003143 0.148030
0.037734 0.002713 0.146453
0.044836 0.007942 0.139306
0.046682 0.004075 0.149244
0.038871 0.003233 0.147522
0.044916 0.005904 0.142197
0.044015 0.005219 0.138750
0.047232 0.005409 0.148161
0.038884 0.003864 0.145326
0.037420 0.002583 0.145286
0.041488 0.003507 0.150639
0.046311 0.006006 0.145843
0.042928 0.003179 0.142260
0.039292 0.002881 0.138427
0.039891 0.003891 0.143626
0.038725 0.003378 0.141648
0.039772 0.004132 0.145095
0.045884 0.006031 0.145182
0.046418 0.003576 0.150318
0.042198 0.003059 0.147830
0.047365 0.008192 0.144420
0.045340 0.008396 0.140132
0.043768 0.006582 0.136603
0.043558 0.004582 0.137586
0.041166 0.003295 0.143620
0.039313 0.003572 0.147247
0.045813 0.008642 0.140743
0.045504 0.008272 0.141022
0.038404 0.003185 0.141946
0.039112 0.003193 0.139294
0.046467 0.004021 0.149018
0.042785 0.003066 0.145881
0.043061 0.003499 0.137733
0.048469 0.008663 0.143613
0.041722 0.003260 0.149480
0.044034 0.003387 0.146119
0.042764 0.002935 0.149105
0.044209 0.006048 0.139575
0.047177 0.008236 0.143835
0.044480 0.007015 0.140107
0.043802 0.005186 0.137577
0.038949 0.003235 0.147891
0.041410 0.003169 0.151385
0.044544 0.003919 0.144863
0.044431 0.004617 0.141842
0.043939 0.003791 0.142793
0.046199 0.008641 0.141535
0.045146 0.003519 0.149222
0.045535 0.003795 0.148392
0.044643 0.003038 0.150673
0.038215 0.003005 0.146251
0.041891 0.003128 0.146328
0.045612 0.007738 0.141680
0.040608 0.003544 0.149914
0.037330 0.002160 0.140994
0.046867 0.009142 0.141108
0.038045 0.002828 0.147049
0.041747 0.003231 0.148150
0.042706 0.003013 0.145377
0.039579 0.004135 0.144588
0.038176 0.003087 0.142544
0.037215 0.002445 0.145824
0.037404 0.001786 0.138092
0.041408 0.003414 0.148824
0.042514 0.002980 0.149980
0.041740 0.002715 0.138382
0.048079 0.008835 0.142701
0.039621 0.003445 0.148344
0.044743 0.008118 0.138577
0.041020 0.002943 0.141232
0.043720 0.006210 0.136907
0.043104 0.003399 0.141068
0.039221 0.003378 0.147735
0.047132 0.005373 0.147977
0.040706 0.003523 0.145361
0.047959 0.008760 0.142890
0.040121 0.002999 0.139243
0.039125 0.003607 0.141259
0.044286 0.003745 0.144535
0.043572 0.004202 0.137901
0.040754 0.003501 0.145728
0.039635 0.003597 0.140575
0.044852 0.006354 0.141758
0.042995 0.002921 0.149019
0.039243 0.003676 0.141015
0.041523 0.002799 0.139915
0.040076 0.003352 0.140734
0.045707 0.005845 0.144698
0.039603 0.003323 0.148737
0.041931 0.002962 0.142392
0.044915 0.003612 0.147848
0.042196 0.002923 0.139244
0.045553 0.004322 0.146336
0.040164 0.003702 0.147091
0.046263 0.006798 0.144615
0.044683 0.004057 0.144850
0.046474 0.007618 0.144075
0.039608 0.003761 0.141974
0.038098 0.003007 0.144161
0.041093 0.003277 0.143156
0.047290 0.006767 0.146660
0.043567 0.003017 0.149193
0.043051 0.003487 0.137344
0.039373 0.003270 0.139404
0.043421 0.004472 0.136734
0.042781 0.003025 0.147548
0.044320 0.006946 0.139491
0.044173 0.005940 0.139246
0.042877 0.003296 0.137471
0.044100 0.005898 0.138774
0.044967 0.006913 0.141307
0.041923 0.003149 0.147906
0.043884 0.002973 0.150046
0.044421 0.006033 0.140269
0.041915 0.002977 0.142968
0.042781 0.003237 0.137685
0.046899 0.007778 0.144575
0.044007 0.004358 0.140495
0.046792 0.008039 0.143800
0.040815 0.002529 0.137559
0.038752 0.002945 0.139255
0.044989 0.003416 0.149202
0.038999 0.003565 0.141667
0.042592 0.003097 0.137889
0.037331 0.002453 0.143735
0.038211 0.002447 0.138589
0.043278 0.003574 0.140792
0.043550 0.003910 0.139296
0.040585 0.003815 0.148479
0.046997 0.005168 0.147931
0.038824 0.003648 0.142976
0.040974 0.003017 0.141511
0.044550 0.005367 0.141139
0.044889 0.005216 0.142985
0.037857 0.002850 0.143980
0.037641 0.002512 0.147552
0.043943 0.006782 0.137516
0.045939 0.006665 0.144099
0.041899 0.003202 0.149353
0.041312 0.003370 0.148019
0.041452 0.003230 0.147075
0.044745 0.003628 0.147216
0.043696 0.005928 0.136891
0.045494 0.003910 0.147623
0.044023 0.003204 0.148471
0.041264 0.002819 0.140916
0.043614 0.003960 0.139749
0.044737 0.007931 0.138916
0.047966 0.008483 0.143840
0.040591 0.003300 0.142356
0.043375 0.003569 0.141930
0.045672 0.004475 0.146220
0.047343 0.008002 0.145187
0.043989 0.006974 0.137220
0.041686 0.002808 0.139017
0.043859 0.005266 0.137869
0.046630 0.008516 0.142415
0.038312 0.002985 0.146877
0.046533 0.007640 0.144195
0.040016 0.002533 0.137267
0.041954 0.003215 0.150377
0.046313 0.006894 0.144458
0.043191 0.003359 0.142095
0.044003 0.003455 0.145785
0.047492 0.008592 0.143189
0.040792 0.003336 0.142639
0.046542 0.006243 0.146087
0.045698 0.006857 0.143629
0.045320 0.008380 0.140528
0.044697 0.004859 0.142477
0.037364 0.002548 0.145030
0.043460 0.003642 0.141418
0.045105 0.006747 0.142086
0.041376 0.003321 0.145705
0.045598 0.003913 0.147909
0.043491 0.003176 0.145096
0.044548 0.004201 0.143343
0.046289 0.006623 0.145342
0.044156 0.006853 0.138470
0.045398 0.003907 0.147338
0.044210 0.007241 0.138258
0.042524 0.003096 0.138576
0.046237 0.006295 0.145490
0.041530 0.003261 0.147850
0.037939 0.002510 0.140490
0.045125 0.008368 0.139673
0.038638 0.002731 0.139047
0.047427 0.008031 0.144964
0.046123 0.004201 0.148020
0.040860 0.002803 0.139376
0.045612 0.006263 0.144088
0.041240 0.002879 0.141244
0.037593 0.002647 0.144071
0.041039 0.003241 0.147069
0.045895 0.008051 0.141845
0.045588 0.007266 0.142581
0.040534 0.002905 0.139856
0.038566 0.002964 0.148396
0.043195 0.003539 0.139956
0.038122 0.002724 0.140749
0.037709 0.002521 0.141783
0.046026 0.008775 0.140822
0.044136 0.004386 0.141108
0.037744 0.002314 0.140059
0.047450 0.008805 0.142488
0.040920 0.003365 0.146305
0.045269 0.003701 0.148489
0.042917 0.003263 0.141638
0.046996 0.004086 0.149683
0.046347 0.007013 0.144579
0.039283 0.003316 0.148360
0.044312 0.004929 0.140244
0.037905 0.002890 0.145322
0.040901 0.003436 0.144105
0.046709 0.007890 0.144027
0.044102 0.006468 0.138649
0.041792 0.002815 0.139999
0.044290 0.005978 0.139966
0.045697 0.007672 0.142251
0.044066 0.005307 0.138963
0.039539 0.003301 0.139550
0.042156 0.003106 0.148651
0.042128 0.002838 0.138010
0.038673 0.003125 0.147817
0.040349 0.002821 0.138778
0.041396 0.003137 0.143310
0.038040 0.002955 0.144901
0.045098 0.006146 0.142538
0.041485 0.003179 0.144020
0.043283 0.003001 0.148177
0.039115 0.003023 0.149796
0.045278 0.003563 0.149062
0.044609 0.006890 0.140562
0.038081 0.002852 0.141381
0.037121 0.002409 0.145353
0.044185 0.006343 0.139180
0.046499 0.007963 0.143511
0.046069 0.006296 0.145299
0.047435 0.007719 0.145781
0.039180 0.003028 0.138720
0.042811 0.002959 0.148853
0.047076 0.008822 0.142191
0.047303 0.006482 0.146995
0.047104 0.007214 0.145880
0.047678 0.008408 0.143811
0.038754 0.003426 0.142202
0.044872 0.004697 0.143343
0.043667 0.003307 0.144955
0.041032 0.003207 0.146790
0.047847 0.008702 0.143134
0.044088 0.003082 0.149279
0.041950 0.002768 0.141274
0.042656 0.002959 0.143188
0.039468 0.004037 0.145451
0.039152 0.003876 0.143384
0.047034 0.008249 0.143667
0.045716 0.009040 0.140007
0.044108 0.002973 0.150266
0.047399 0.006151 0.147644
0.042069 0.002892 0.139020
0.045106 0.005618 0.143253
0.038186 0.003084 0.144846
0.046641 0.005502 0.146942
0.039220 0.003768 0.142580
0.041721 0.003155 0.144777
0.042068 0.002712 0.137071
0.045511 0.004670 0.145608
0.046156 0.004564 0.147384
0.043216 0.002948 0.148958
0.046173 0.003896 0.148951
0.037484 0.001954 0.138610
0.044788 0.007504 0.140132
0.046681 0.006419 0.146084
0.038376 0.002951 0.141026
0.039767 0.003828 0.143213
0.043740 0.003448 0.143973
0.047252 0.007670 0.145547
0.043941 0.005123 0.138469
0.043952 0.004783 0.139095
0.043868 0.005990 0.137444
0.039010 0.003724 0.142516
0.040819 0.003573 0.149735
0.044183 0.006737 0.138888
0.039516 0.004220 0.144955
0.046668 0.006082 0.146462
0.046574 0.005230 0.147083
0.042518 0.003044 0.136924
0.046647 0.005049 0.147439
0.038254 0.002917 0.147790
0.045715 0.005344 0.145290
0.043022 0.003338 0.140716
0.042421 0.003025 0.143485
0.041122 0.003592 0.150025
0.042105 0.002935 0.142719
0.045787 0.003905 0.148243
0.044628 0.004906 0.141941
0.039259 0.003742 0.142386
0.042583 0.003036 0.141243
0.044086 0.006943 0.138149
0.044785 0.004095 0.144896
0.045203 0.003546 0.149310
0.043433 0.003183 0.145966
0.044184 0.005865 0.139486
0.042636 0.003020 0.146861
0.041141 0.002991 0.142047
0.042046 0.003081 0.151425
0.042616 0.002957 0.143014
0.044126 0.005410 0.139333
0.041422 0.002525 0.136940
0.044348 0.003111 0.149576
0.039926 0.004153 0.146221
0.045162 0.003991 0.146685
0.044583 0.004240 0.143525
0.038381 0.003159 0.145976
0.044672 0.006856 0.140831
0.041608 0.002771 0.141166
0.038621 0.003421 0.142562
0.046090 0.007486 0.143476
0.043351 0.004163 0.137202
0.040063 0.003594 0.142030
0.044856 0.008267 0.138815
0.040925 0.003397 0.144617
0.038999 0.003772 0.146016
0.038310 0.003239 0.143277
0.043346 0.004181 0.136777
0.038089 0.002469 0.139443
0.046376 0.005457 0.146451
0.046817 0.008631 0.142383
0.047089 0.008521 0.143003
0.044954 0.004066 0.145688
0.042772 0.002925 0.150024
0.040713 0.002887 0.140511
0.043895 0.003646 0.143837
0.044209 0.006733 0.139260
0.045188 0.006786 0.142469
0.046919 0.009098 0.141263
0.041214 0.002485 0.137327
0.044505 0.005985 0.140829
0.043101 0.002801 0.150857
0.046014 0.006029 0.145453
0.041832 0.002810 0.139192
0.046310 0.008568 0.141770
0.042014 0.002724 0.137589
0.046271 0.006864 0.144969
0.041267 0.003255 0.144201
0.038445 0.002880 0.148587
0.044496 0.007934 0.138333
0.038910 0.002841 0.138605
0.045204 0.004363 0.145377
0.041709 0.002983 0.142233
0.039010 0.003538 0.146556
0.039262 0.003930 0.146306
0.045627 0.007973 0.141507
0.045255 0.007709 0.141094
0.045038 0.007250 0.141249
0.044282 0.007041 0.139094
0.038480 0.003408 0.143284
0.038141 0.003114 0.142945
0.042176 0.003103 0.151080
0.044981 0.007680 0.140260
0.040117 0.003787 0.148186
0.044040 0.007119 0.137256
0.043696 0.004428 0.138175
0.040464 0.003718 0.144613
0.047640 0.008777 0.142708
0.044821 0.007722 0.139775
0.041948 0.003207 0.151017
0.042704 0.003192 0.138809
0.046025 0.007698 0.143025
0.042208 0.003047 0.144174
0.042167 0.002967 0.141670
0.046644 0.009025 0.141298
0.044848 0.005124 0.142872
0.044610 0.004297 0.143247
0.041430 0.002795 0.140149
0.042571 0.003018 0.143666
0.044784 0.006379 0.141341
0.037673 0.002455 0.141525
0.044934 0.003191 0.150028
0.045533 0.008306 0.140794
0.038179 0.002947 0.146662
0.045870 0.005087 0.145923
0.037516 0.002560 0.142945
0.044155 0.004546 0.140734
0.046520 0.008115 0.143282
0.039841 0.003579 0.141825
0.045114 0.008006 0.139919
0.039658 0.003862 0.147634
0.044622 0.006223 0.141159
0.045214 0.004419 0.145257
0.046892 0.005517 0.147330
0.037773 0.002778 0.144189
0.043702 0.005393 0.137128
0.045758 0.003454 0.149950
0.042414 0.002979 0.138072
0.037198 0.002313 0.143086
0.045582 0.007442 0.142290
0.038221 0.002846 0.140547
0.040250 0.003795 0.144322
0.045105 0.003179 0.150361
0.045725 0.003764 0.148631
0.042233 0.003068 0.146906
0.046491 0.007212 0.144828
0.045852 0.008189 0.141637
0.038999 0.002601 0.137536
0.039671 0.003118 0.150114
0.040018 0.002585 0.137457
0.041918 0.003136 0.144497
0.044518 0.003863 0.145055
0.048787 0.008941 0.142893
0.038386 0.003333 0.144728
0.038664 0.003246 0.146471
0.038248 0.002753 0.139828
0.047010 0.004380 0.149078
0.044579 0.004079 0.144413
0.040752 0.003494 0.145521
0.043001 0.003027 0.146842
0.045345 0.004367 0.145789
0.037939 0.002693 0.141602
0.039121 0.003701 0.142143
0.044542 0.004756 0.142044
0.041295 0.003317 0.151207
0.044626 0.007186 0.140264
0.041808 0.002831 0.141585
0.042301 0.003042 0.149585
0.038762 0.003767 0.144178
0.047027 0.006154 0.147079
0.038666 0.003049 0.148280
0.040365 0.003682 0.143885
0.037534 0.002076 0.139288
0.043909 0.002796 0.150888
0.040717 0.003735 0.148285
0.039778 0.003366 0.140226
0.047279 0.004787 0.148765
0.043143 0.003165 0.143567
0.042837 0.003192 0.141103
0.040733 0.003322 0.146976
0.037495 0.002591 0.144176
0.043265 0.003120 0.144770
0.045490 0.007436 0.142128
0.041914 0.003147 0.146154
0.044317 0.004207 0.142884
0.041018 0.003592 0.150716
0.046665 0.008244 0.143051
0.047592 0.008350 0.144338
0.046142 0.006600 0.145074
0.045879 0.005653 0.145524
0.043875 0.004965 0.138339
0.044696 0.004392 0.143342
0.045959 0.007903 0.142360
0.043088 0.003169 0.144330
0.042803 0.003251 0.140476
0.046791 0.008309 0.143064
0.043647 0.004430 0.137950
0.043428 0.003789 0.138978
0.042317 0.003013 0.144904
0.044115 0.005080 0.139387
0.046898 0.005300 0.147487
0.046599 0.004535 0.148186
0.043787 0.003458 0.144171
0.044057 0.003340 0.147016
0.040928 0.003611 0.149514
0.044398 0.006983 0.139824
0.039909 0.003330 0.149180
0.041473 0.002762 0.140531
0.038636 0.002679 0.138486
0.042340 0.002946 0.143155
0.047445 0.008700 0.142960
0.043936 0.007005 0.137019
0.046081 0.003573 0.149834
0.045343 0.007267 0.141925
0.041893 0.002832 0.140576
0.040975 0.003403 0.144832
0.044856 0.003922 0.146199
0.045523 0.006515 0.143621
0.037567 0.002542 0.142406
0.044208 0.003718 0.144248
0.040151 0.003148 0.140222
0.045257 0.005747 0.143566
0.039074 0.002800 0.138104
0.040517 0.003629 0.145128
0.041782 0.003194 0.147627
0.041697 0.003062 0.143476
0.038286 0.002176 0.137283
0.039266 0.003982 0.145948
0.044568 0.003651 0.146793
0.045306 0.006663 0.142973
0.038639 0.003565 0.143136
0.037993 0.002918 0.146291
0.042311 0.003013 0.150647
0.044114 0.002869 0.150714
0.039884 0.003431 0.148619
0.039755 0.003472 0.141510
0.043918 0.005595 0.138041
0.042201 0.002824 0.137574
0.046466 0.006527 0.145591
0.045003 0.005717 0.142696
0.042479 0.003005 0.137393
0.044230 0.006110 0.139735
0.044485 0.003002 0.150812
0.041888 0.002886 0.141953
0.045057 0.003385 0.149533
0.037460 0.002613 0.145804
0.043845 0.006698 0.136878
0.047093 0.004223 0.149623
0.046719 0.008164 0.143374
0.040092 0.003250 0.141455
0.044731 0.003357 0.148809
0.043034 0.003235 0.142593
0.045803 0.005632 0.145213
0.042916 0.003074 0.146259
0.038245 0.002628 0.139566
0.043288 0.003609 0.139701
0.044708 0.005021 0.142216
0.046097 0.003993 0.148492
0.046443 0.003668 0.150034
0.046857 0.005068 0.147705
0.038519 0.003442 0.145380
0.044596 0.005516 0.141305
0.042575 0.003137 0.139017
0.044413 0.005206 0.140295
0.042882 0.002935 0.149468
0.037384 0.001937 0.139091
0.044053 0.004439 0.140694
0.037718 0.002467 0.141014
0.045867 0.004788 0.146159
0.039332 0.004041 0.143958
0.042124 0.002980 0.151614
0.037265 0.002470 0.146072
0.044348 0.007175 0.139290
0.042978 0.003053 0.146626
0.038416 0.003374 0.143522
0.040471 0.003524 0.148875
0.038110 0.002881 0.141591
0.044579 0.004915 0.141703
0.042173 0.003087 0.147290
0.044032 0.006220 0.138344
0.039782 0.003918 0.147169
0.043968 0.004343 0.140168
0.046843 0.004109 0.149355
0.042664 0.003009 0.142402
0.040897 0.003159 0.142472
0.039627 0.003334 0.140014
0.038469 0.002415 0.137833
0.039385 0.003195 0.149115
0.043237 0.003347 0.142389
0.040902 0.002882 0.140688
0.043994 0.005405 0.138490
0.038293 0.003217 0.144147
0.046150 0.004388 0.147677
0.042494 0.002958 0.150501
0.043462 0.003658 0.141094
0.045489 0.004842 0.145308
0.044923 0.003409 0.148927
0.042017 0.003129 0.149629
0.038335 0.003247 0.145442
0.042839 0.003269 0.140263
0.038425 0.002578 0.138804
0.039335 0.003186 0.139113
0.038921 0.002813 0.138347
0.039896 0.003515 0.140961
0.045403 0.007525 0.141623
0.044058 0.003033 0.149673
0.039824 0.002704 0.137831
0.038718 0.003015 0.148633
0.046267 0.005308 0.146292
0.041791 0.003239 0.149800
0.045169 0.005496 0.143769
0.047415 0.008981 0.141999
0.042628 0.002971 0.149794
0.047688 0.008250 0.144606
0.045903 0.007611 0.142678
0.042417 0.003072 0.145798
0.043613 0.005563 0.136644
0.045616 0.003661 0.148929
0.044274 0.004589 0.141132
0.039179 0.003633 0.140713
0.044092 0.003572 0.145176
0.044993 0.008229 0.139613
0.045663 0.008403 0.141240
0.044022 0.002984 0.150179
0.039522 0.003816 0.147282
0.041863 0.003089 0.143949
0.038224 0.002190 0.137606
0.046613 0.004628 0.147977
0.046799 0.006296 0.146529
0.045616 0.006689 0.143783
0.045725 0.004154 0.147344
0.041726 0.002989 0.142607
0.040201 0.003908 0.147847
0.039445 0.003822 0.142708
0.045021 0.006772 0.141530
0.041701 0.003188 0.145426
0.043730 0.002977 0.149881
0.040498 0.003604 0.145494
0.042341 0.002945 0.138205
0.038712 0.003683 0.145258
0.039677 0.004190 0.144800
0.040399 0.003151 0.140852
0.045012 0.008046 0.139759
0.038030 0.002986 0.145454
0.045698 0.005886 0.144519
0.045946 0.007202 0.143620
0.040294 0.002690 0.137862
0.037975 0.002413 0.139713
0.042997 0.003123 0.142975
0.042308 0.002921 0.140597
0.041622 0.003220 0.145663
0.048292 0.008953 0.142488
0.044858 0.006086 0.141953
0.038781 0.003435 0.141815
0.047277 0.007237 0.146087
0.046396 0.004430 0.148010
0.044223 0.004554 0.141011
0.039281 0.003657 0.140489
0.037569 0.002245 0.140214
0.043501 0.003299 0.143807
0.046762 0.007370 0.145119
0.043231 0.003070 0.146649
0.043996 0.005903 0.138276
0.040410 0.003922 0.147860
0.045446 0.007017 0.142828
0.046208 0.006079 0.145618
0.041532 0.003223 0.146084
0.045700 0.007706 0.141911
0.047415 0.006376 0.147232
0.039129 0.003991 0.143927
0.040247 0.003546 0.142346
0.044673 0.005690 0.141771
0.044488 0.006246 0.140562
0.046014 0.004417 0.147350
0.042339 0.003017 0.139161
0.037539 0.002272 0.140621
0.039838 0.003965 0.145489
0.043395 0.003505 0.142184
0.044708 0.007727 0.139339
0.040462 0.003120 0.141518
0.043908 0.003473 0.144744
0.040331 0.003117 0.141317
0.043695 0.003124 0.147490
0.045015 0.004988 0.143445
0.040839 0.002991 0.141339
0.045855 0.005342 0.145760
0.038481 0.002379 0.137581
0.038626 0.003636 0.144604
0.045424 0.008479 0.140339
0.042656 0.003060 0.146273
0.046487 0.005741 0.146468
0.042920 0.003161 0.142014
0.043795 0.004367 0.139115
0.039142 0.002626 0.137640
0.046245 0.008078 0.142629
0.038122 0.002683 0.148298
0.041848 0.003152 0.146941
0.045924 0.006158 0.144549
0.043458 0.002929 0.149646
0.038994 0.003135 0.148918
0.037531 0.002107 0.139514
0.037953 0.002914 0.145734
0.041553 0.002764 0.139322
0.044780 0.004662 0.143109
0.040390 0.002875 0.138974
0.046136 0.007731 0.143175
0.043114 0.003324 0.141833
0.045153 0.006367 0.142676
0.043321 0.003243 0.143988
0.044426 0.005079 0.140696
0.042815 0.003274 0.138002
0.042746 0.003026 0.147174
0.045383 0.008487 0.140054
0.044094 0.003624 0.144806
0.042054 0.002892 0.141842
0.041193 0.003423 0.149017
0.044471 0.005804 0.140492
0.044293 0.004808 0.140616
0.044557 0.004200 0.143420
0.045811 0.004487 0.146497
0.045074 0.006636 0.142307
0.045149 0.004266 0.145573
0.042386 0.002931 0.142504
0.048037 0.008631 0.143502
0.040556 0.003558 0.149108
0.047501 0.006338 0.147539
0.043321 0.003828 0.137764
0.040918 0.003431 0.147636
0.043918 0.005913 0.137821
0.044230 0.006474 0.139471
0.041478 0.003149 0.143719
0.042109 0.002837 0.140794
0.046486 0.004138 0.148826
0.039813 0.003834 0.147943
0.042133 0.003117 0.150401
0.042501 0.003060 0.144077
0.042999 0.003406 0.140077
0.046685 0.005272 0.147246
0.043131 0.003172 0.143208
0.038753 0.003346 0.141440
0.046648 0.007983 0.143703
0.037588 0.002582 0.142601
0.045474 0.005425 0.144544
0.043783 0.004783 0.138098
0.043742 0.002943 0.150244
0.042172 0.002950 0.139818
0.041119 0.003304 0.144033
0.044854 0.003126 0.150267
0.045443 0.006666 0.143306
0.039724 0.002739 0.137939
0.040364 0.003772 0.148365
0.037533 0.002560 0.146745
0.046277 0.007600 0.143658
0.045423 0.003660 0.148706
0.037369 0.002301 0.141834
0.038422 0.002464 0.138184
0.044433 0.003337 0.148256
0.045128 0.005935 0.143000
0.044450 0.003406 0.147980
0.048072 0.008318 0.144605
0.042914 0.002879 0.150437
0.043962 0.005056 0.138764
0.045843 0.009079 0.140255
0.040285 0.003313 0.141691
0.037687 0.002729 0.145025
0.038871 0.003893 0.144840
0.043182 0.003087 0.145463
0.046061 0.004009 0.148378
0.039316 0.003754 0.142153
0.046301 0.005068 0.146631
0.040194 0.002900 0.138940
0.042802 0.003046 0.146505
0.045394 0.006435 0.143461
0.045194 0.004765 0.144564
0.041814 0.003211 0.151408
0.046380 0.008482 0.142141
0.045365 0.003737 0.148252
0.047062 0.006323 0.146927
0.042821 0.003048 0.143963
0.043878 0.005184 0.138073
0.041711 0.003390 0.150908
0.044754 0.004869 0.142800
0.043503 0.003794 0.140142
0.044408 0.004764 0.141240
0.038215 0.003104 0.142433
0.047741 0.007821 0.145778
0.044481 0.003465 0.147293
0.039044 0.003432 0.140421
0.040098 0.003968 0.145137
0.040063 0.002763 0.138253
0.043470 0.004757 0.136797
0.040994 0.003057 0.141869
0.044251 0.003680 0.144956
0.043392 0.004294 0.137042
0.047864 0.008373 0.144391
0.037373 0.002238 0.141423
0.043136 0.003466 0.139202
0.044550 0.004092 0.144109
0.041718 0.003077 0.143664
0.044921 0.003847 0.146938
0.045853 0.004100 0.147841
0.045119 0.007739 0.140732
0.039165 0.003445 0.147143
0.039850 0.003179 0.139661
0.037480 0.001974 0.138846
0.046854 0.008924 0.141719
0.042543 0.003058 0.140312
0.044848 0.006373 0.141524
0.037408 0.001837 0.138369
0.045022 0.003613 0.148288
0.043023 0.003005 0.147722
0.044123 0.007340 0.137771
0.040581 0.003010 0.140690
0.045361 0.004235 0.146173
0.041367 0.002625 0.138430
0.044507 0.003674 0.146235
0.041305 0.003583 0.150755
0.039305 0.003466 0.147508
0.038946 0.003560 0.146269
0.045783 0.003521 0.149763
0.044107 0.003191 0.148864
0.045771 0.007923 0.141721
0.042724 0.002995 0.147894
0.038130 0.002803 0.141105
0.046971 0.005858 0.147295
0.039869 0.003054 0.138976
0.040702 0.003475 0.146052
0.039431 0.003672 0.141403
0.041417 0.003561 0.150040
0.044986 0.004404 0.144533
0.047254 0.008169 0.144234
0.044605 0.004754 0.142297
0.042082 0.002876 0.138720
0.046237 0.006853 0.144351
0.044354 0.003154 0.149177
0.043964 0.005894 0.138107
0.043489 0.003809 0.139756
0.037621 0.002121 0.138924
0.044184 0.003543 0.145895
0.045877 0.007096 0.143719
0.042084 0.003085 0.144792
0.043253 0.002894 0.149820
0.043288 0.003969 0.137057
0.037601 0.002381 0.140793
0.040324 0.002998 0.140049
0.044634 0.003626 0.146990
0.038705 0.002554 0.137713
0.037934 0.002805 0.146626
0.037470 0.002503 0.142796
0.043814 0.004731 0.138402
0.044718 0.007339 0.140373
0.044649 0.003918 0.145228
0.045088 0.006029 0.142675
0.041641 0.002681 0.137931
0.039657 0.003867 0.142856
0.038927 0.003727 0.143176
0.045277 0.003912 0.147110
0.039293 0.002716 0.137837
0.046084 0.004733 0.146644
0.039623 0.003857 0.142432
0.045496 0.003330 0.150163
0.045236 0.005966 0.143244
0.037916 0.002476 0.148495
0.045311 0.005355 0.144199
0.041541 0.002649 0.138196
0.039015 0.003183 0.139666
0.044642 0.003891 0.145704
0.045093 0.006311 0.142481
0.046305 0.004057 0.148694
0.038218 0.002683 0.148631
0.043852 0.005754 0.137640
0.039177 0.003797 0.143028
0.037560 0.002514 0.147184
0.044514 0.003128 0.149809
0.042414 0.002938 0.151349
0.041725 0.003266 0.147778
0.039154 0.003618 0.141507
0.044550 0.006626 0.140760
0.037503 0.002550 0.143434
0.045701 0.007350 0.142834
0.045369 0.005697 0.143997
0.044938 0.003647 0.148070
0.045328 0.007999 0.140730
0.045275 0.004891 0.144763
0.040761 0.002620 0.138168
0.047050 0.005322 0.147734
0.038579 0.003581 0.144343
0.044411 0.003910 0.144258
0.040426 0.003415 0.150587
0.045278 0.003984 0.146922
0.039951 0.004005 0.147691
0.041066 0.003290 0.143367
0.044892 0.007086 0.141051
0.041057 0.003224 0.146527
0.039588 0.003884 0.143379
0.046444 0.005335 0.146763
0.047094 0.008597 0.142756
0.038971 0.003783 0.143364
0.044513 0.007975 0.138196
0.040228 0.003680 0.146778
0.043783 0.003309 0.145896
0.041790 0.002528 0.137151
0.043392 0.003160 0.144834
0.047531 0.008461 0.143520
0.046301 0.005716 0.146079
0.047320 0.008792 0.142438
0.042541 0.002928 0.142665
0.044521 0.003329 0.148542
0.044156 0.005296 0.139521
0.044532 0.005598 0.140929
0.046333 0.007991 0.143008
0.037848 0.001952 0.137693
0.043939 0.003463 0.145131
0.044898 0.004975 0.143122
0.043056 0.003412 0.138850
0.043880 0.003688 0.143331
0.037679 0.002741 0.145491
0.040918 0.002759 0.139004
0.039275 0.004114 0.144490
0.038548 0.003003 0.139950
0.044565 0.003696 0.146472
0.045412 0.007667 0.141478
0.043627 0.004085 0.138969
0.044464 0.003056 0.150169
0.041210 0.002776 0.139547
0.037765 0.002688 0.142171
0.040231 0.002819 0.138551
0.047151 0.007096 0.146144
0.047344 0.008366 0.143765
0.044682 0.006616 0.141005
0.046181 0.004094 0.148362
0.045069 0.005679 0.142947
0.037634 0.002669 0.143816
0.046904 0.007190 0.145577
0.044286 0.005566 0.139980
0.044599 0.004447 0.142993
0.037760 0.002247 0.139440
0.039484 0.003705 0.140937
0.039428 0.003598 0.147583
0.043880 0.003191 0.147890
0.041526 0.003209 0.147424
0.040333 0.002586 0.137640
0.040297 0.003424 0.142130
0.045540 0.005533 0.144681
0.042179 0.003054 0.145219
0.039274 0.003709 0.141713
0.045205 0.007788 0.140931
0.043827 0.003070 0.149024
0.045716 0.007303 0.143115
0.038806 0.003613 0.142565
0.045452 0.004179 0.146511
0.041762 0.002624 0.137671
0.043932 0.003131 0.148738
0.045490 0.006039 0.144060
0.044349 0.003536 0.146513
0.044366 0.003205 0.148972
0.042800 0.003258 0.139882
0.042586 0.003091 0.137652
0.039300 0.004067 0.144172
0.038432 0.003000 0.140775
0.040432 0.003827 0.148047
0.043324 0.003346 0.142709
0.039591 0.002667 0.137634
0.037663 0.001942 0.138076
0.038559 0.003015 0.140163
0.043601 0.004145 0.138388
0.038314 0.002588 0.139292
0.039844 0.003285 0.149612
0.038667 0.003185 0.141034
0.039510 0.003132 0.138947
0.039748 0.004008 0.143740
0.045205 0.003241 0.150149
0.044267 0.007100 0.138740
0.045556 0.007101 0.143085
0.040120 0.004002 0.146266
0.038124 0.003011 0.142199
0.045816 0.005478 0.145579
0.037250 0.002485 0.145515
0.047093 0.007975 0.144552
0.044962 0.004763 0.143564
0.047350 0.008125 0.144645
0.043671 0.003818 0.141067
0.045316 0.008718 0.139640
0.043981 0.004599 0.139508
0.039112 0.003956 0.145578
0.040690 0.002861 0.139641
0.042218 0.002926 0.142037
0.038087 0.002910 0.141866
0.042071 0.003089 0.146550
0.042358 0.002932 0.136890
0.046581 0.008224 0.142946
0.042997 0.003489 0.137086
0.040539 0.003549 0.143967
0.042333 0.003010 0.138747
0.044527 0.003919 0.144695
0.039645 0.004070 0.146521
0.045259 0.007976 0.140509
0.046375 0.004297 0.148223
0.045031 0.007692 0.140404
0.040951 0.002812 0.140296
0.038408 0.003115 0.146316
0.038035 0.002094 0.137750
0.041064 0.003622 0.148462
0.042586 0.003122 0.141448
0.046075 0.003420 0.150483
0.048167 0.008457 0.144190
0.044788 0.003450 0.148506
0.040764 0.003528 0.144962
0.039480 0.003872 0.143164
0.042020 0.003108 0.145573
0.045970 0.008943 0.140606
0.042580 0.003081 0.137507
0.040184 0.003762 0.145636
0.041493 0.003245 0.145393
0.039355 0.003740 0.140641
0.041183 0.002760 0.139250
0.044529 0.007313 0.139712
0.040399 0.002531 0.137389
0.044685 0.004247 0.143960
0.040056 0.003279 0.141232
0.045439 0.007993 0.141224
0.044285 0.003880 0.144060
0.037569 0.002352 0.141005
0.047257 0.004985 0.148549
0.041234 0.002772 0.139904
0.046942 0.006789 0.146219
0.044598 0.005290 0.141366
0.041959 0.002732 0.137771
0.043158 0.003074 0.145206
0.042013 0.002839 0.138514
0.043417 0.002901 0.150132
0.041636 0.002720 0.138697
0.044906 0.005505 0.142534
0.044883 0.004379 0.144197
0.038226 0.003146 0.145197
0.045382 0.004118 0.146688
0.046144 0.007897 0.142776
0.045100 0.005314 0.143568
0.041193 0.003619 0.149812
0.041330 0.003268 0.144896
0.039649 0.003228 0.149379
0.040240 0.003025 0.139830
0.039579 0.004065 0.146681
0.038448 0.002963 0.139830
0.046548 0.006391 0.145874
0.040323 0.002967 0.139559
0.040707 0.002757 0.138633
0.044664 0.005581 0.141712
0.040570 0.003644 0.144846
0.039337 0.003780 0.141203
0.039989 0.003926 0.144000
0.043466 0.004013 0.137935
0.042251 0.003029 0.143794
0.046253 0.008402 0.142097
0.040639 0.003556 0.143782
0.045357 0.008604 0.139841
0.044352 0.007306 0.138829
0.040739 0.002507 0.137002
0.044110 0.002959 0.150361
0.042639 0.003074 0.146069
0.045079 0.004704 0.144192
0.047787 0.008879 0.142427
0.041834 0.002779 0.140777
0.038231 0.002290 0.137904
0.038709 0.003188 0.140673
0.039975 0.003248 0.150141
0.045600 0.008945 0.139794
0.043286 0.002732 0.151107
0.043647 0.005491 0.136854
0.045600 0.005183 0.145209
0.044724 0.004227 0.144203
0.045198 0.006981 0.141934
0.040355 0.003654 0.147356
0.037278 0.002456 0.144066
0.038280 0.002835 0.140165
0.044252 0.003618 0.145730
0.044662 0.005375 0.141688
0.045204 0.008173 0.139951
0.042492 0.002927 0.150717
0.044515 0.005657 0.140692
0.041557 0.002745 0.139794
0.045302 0.007698 0.141231
0.046047 0.008381 0.141759
0.037457 0.002584 0.146218
0.042012 0.002941 0.142145
0.046977 0.009076 0.141433
0.038630 0.003236 0.141426
0.040761 0.003462 0.142973
0.045100 0.003971 0.146467
0.037556 0.002646 0.144721
0.046529 0.007715 0.144023
0.038116 0.003122 0.143814
0.038885 0.003242 0.147255
0.046392 0.004687 0.147507
0.038340 0.003001 0.141247
0.044494 0.003275 0.148819
0.046191 0.005009 0.146457
0.044125 0.005650 0.139043
0.039898 0.004135 0.146369
0.046578 0.004332 0.148486
0.046508 0.003798 0.149606
0.039699 0.003276 0.149035
0.043942 0.007018 0.137626
0.043327 0.003100 0.146491
0.041792 0.003363 0.150576
0.044984 0.006670 0.141813
0.041853 0.002629 0.137573
0.038674 0.003648 0.145146
0.043739 0.003574 0.143089
0.042382 0.003030 0.149089
0.047403 0.007443 0.146015
0.044438 0.006676 0.140181
0.042434 0.002996 0.137816
0.041982 0.003183 0.151245
0.043725 0.003164 0.147152
0.040824 0.003467 0.147421
0.045093 0.007104 0.141505
0.045848 0.006901 0.143906
0.044990 0.006364 0.142153
0.044678 0.003892 0.145486
0.043804 0.003005 0.149491
0.043052 0.003022 0.145062
0.046796 0.003845 0.149968
0.043098 0.003135 0.144099
0.039423 0.003070 0.149916
0.043707 0.004767 0.137757
0.038913 0.003928 0.144473
0.046491 0.008381 0.142493
0.041090 0.003530 0.150914
0.043818 0.005004 0.137870
0.046126 0.006110 0.145491
0.037742 0.002169 0.138768
0.038527 0.003307 0.142430
0.038587 0.003587 0.143484
0.044927 0.004529 0.143975
0.043929 0.005008 0.138576
0.041260 0.003312 0.145890
0.039482 0.003667 0.141792
0.042606 0.003117 0.138257
0.041742 0.003326 0.150158
0.043093 0.002953 0.148645
0.038361 0.003295 0.143082
0.037826 0.002623 0.141806
0.044216 0.005639 0.139774
0.043453 0.002665 0.151359
0.045686 0.004077 0.147665
0.043897 0.003284 0.146310
0.044710 0.008001 0.138672
0.039810 0.003978 0.147452
0.046519 0.005048 0.147133
0.042572 0.003004 0.142162
0.042728 0.002988 0.148115
0.045054 0.003773 0.147217
0.039065 0.003612 0.141977
0.039956 0.004071 0.144919
0.042145 0.002985 0.143293
0.044306 0.007265 0.138546
0.043584 0.004178 0.138094
0.043762 0.003217 0.146801
0.045624 0.003719 0.148732
0.047800 0.007987 0.145368
0.041830 0.003180 0.145880
0.043759 0.003512 0.143672
0.043287 0.003627 0.138712
0.038696 0.003098 0.140266
0.044205 0.003321 0.147820
0.045445 0.005118 0.144900
0.046027 0.007206 0.143827
0.037638 0.001961 0.138254
0.045554 0.005588 0.144538
0.043535 0.003540 0.142439
0.039194 0.003310 0.148043
0.041598 0.003189 0.144504
0.043476 0.003801 0.139503
0.044323 0.004041 0.143252
0.046529 0.005966 0.146338
0.040743 0.003745 0.148557
0.037314 0.002413 0.143336
0.042812 0.003003 0.144998
0.040526 0.003678 0.148641
0.041444 0.003005 0.142409
0.047673 0.007383 0.146375
0.048208 0.008568 0.143817
0.043909 0.003028 0.149343
0.040740 0.003444 0.150910
0.042543 0.002991 0.141949
0.044535 0.006337 0.140903
0.038240 0.003121 0.144475
0.042961 0.003045 0.145356
0.046498 0.004972 0.147238
0.042818 0.003267 0.138603
0.037677 0.002739 0.145819
0.045135 0.003283 0.149960
0.039491 0.003535 0.147978
0.043523 0.004485 0.137468
0.042699 0.003263 0.141521
0.040285 0.003457 0.149103
0.046054 0.006322 0.145068
0.045982 0.003880 0.148634
0.047163 0.006163 0.147293
0.045647 0.004217 0.146882
0.045229 0.007454 0.141437
0.037801 0.002782 0.144729
0.039271 0.003793 0.142848
0.042404 0.002978 0.150919
0.045005 0.008449 0.139104
0.045735 0.007781 0.141846
0.044860 0.006750 0.141200
0.043890 0.005616 0.137832
0.045528 0.008490 0.140589
0.044458 0.007374 0.139463
0.038282 0.003300 0.143605
0.044643 0.007549 0.139552
0.043797 0.003955 0.141043
0.042505 0.003045 0.146420
0.044394 0.004886 0.140942
0.045924 0.008457 0.141458
0.043245 0.003042 0.147457
0.042882 0.003277 0.141346
0.043579 0.003180 0.146424
0.041463 0.002729 0.139622
0.041365 0.003284 0.147815
0.038084 0.003017 0.142713
0.043337 0.002884 0.150418
0.043220 0.003224 0.143383
0.041274 0.003286 0.147709
0.041445 0.002828 0.141425
0.040719 0.003165 0.142091
0.042153 0.003119 0.145837
0.043952 0.005516 0.138203
0.044477 0.005402 0.140523
0.046141 0.008955 0.140843
0.044817 0.005679 0.142143
0.039667 0.004125 0.146216
0.045171 0.003692 0.148076
0.047617 0.008354 0.144142
0.039579 0.003908 0.147046
0.041519 0.003305 0.146939
0.041023 0.003403 0.145922
0.044108 0.004728 0.139805
0.044414 0.007668 0.138357
0.047166 0.009003 0.141757
0.042589 0.002967 0.149233
0.044364 0.003481 0.146920
0.043757 0.003863 0.141349
0.041067 0.002593 0.138245
0.040943 0.002929 0.141050
0.041193 0.003268 0.143814
0.044204 0.007498 0.137803
0.043895 0.004228 0.140291
0.042263 0.003044 0.138979
0.042311 0.002994 0.140083
0.037873 0.002870 0.143746
0.043840 0.005605 0.137442
0.045491 0.006094 0.143896
0.043578 0.004034 0.138718
0.044366 0.006757 0.139881
0.043177 0.002866 0.150277
0.045463 0.005548 0.144346
0.041941 0.003055 0.143739
0.043277 0.003769 0.137977
0.047413 0.006340 0.147367
0.040321 0.003728 0.146139
0.047211 0.007837 0.145167
0.038772 0.002721 0.138206
0.044355 0.006352 0.140019
0.042177 0.002944 0.143072
0.044100 0.003807 0.143679
0.042137 0.003092 0.148232
0.044036 0.007146 0.137909
0.047978 0.008585 0.143625
0.041691 0.003154 0.146575
0.045997 0.005446 0.145897
0.038142 0.002274 0.138134
0.039232 0.002509 0.137190
0.040006 0.003782 0.143392
0.042748 0.002863 0.150762
0.043713 0.003246 0.146147
0.040819 0.003571 0.150124
0.039737 0.003511 0.141220
0.042576 0.003015 0.143849
0.041212 0.002614 0.138085
0.046186 0.003494 0.150385
0.046958 0.005225 0.147630
0.042100 0.002897 0.140292
0.040726 0.003530 0.144625
0.037583 0.001965 0.138446
0.044042 0.007208 0.137133
0.047078 0.008430 0.143261
0.045240 0.006619 0.142768
0.047523 0.006961 0.146791
0.039137 0.003370 0.147358
0.047272 0.006624 0.146787
0.046944 0.008284 0.143435
0.044034 0.007154 0.137494
0.037963 0.002616 0.148149
0.044176 0.004677 0.140324
0.038023 0.002927 0.146057
0.043736 0.004175 0.139423
0.039867 0.003808 0.143093
0.040412 0.003468 0.150241
0.037857 0.002698 0.147368
0.043084 0.003517 0.138104
0.045518 0.008782 0.140007
0.039894 0.003336 0.141344
0.041336 0.003155 0.146508
0.047385 0.006682 0.146949
0.043716 0.003881 0.141788
0.041682 0.003135 0.151537
0.042828 0.003141 0.142416
0.045134 0.005575 0.143542
0.040541 0.002519 0.137533
0.044064 0.004893 0.139451
0.045213 0.006308 0.143003
0.042507 0.002975 0.140936
0.040377 0.003464 0.149856
0.045792 0.005372 0.145522
0.046748 0.007812 0.144335
0.044200 0.003999 0.143153
0.047106 0.005591 0.147576
0.046262 0.007748 0.143443
0.045556 0.007590 0.142007
0.037451 0.002291 0.147677
0.037572 0.002134 0.139659
0.046004 0.007808 0.142567
0.043181 0.003247 0.142907
0.043039 0.003011 0.147196
0.042299 0.002891 0.137239
0.045285 0.007278 0.141709
0.044724 0.003076 0.150449
0.044305 0.002972 0.150534
0.041078 0.003389 0.145121
0.047136 0.005194 0.148228
0.044101 0.003307 0.148023
0.043650 0.003066 0.148385
0.039706 0.002992 0.138788
0.042340 0.002910 0.142863
0.047743 0.008565 0.143402
0.041968 0.003023 0.143534
0.041240 0.003691 0.150684
0.046094 0.008764 0.140994
0.038557 0.003075 0.140503
0.046996 0.004940 0.148176
0.040141 0.003441 0.141866
0.038038 0.002310 0.138504
0.037289 0.002463 0.146275
0.046780 0.006031 0.146659
0.046833 0.008466 0.142731
0.045292 0.008811 0.139406
0.044216 0.003273 0.148293
0.044930 0.003099 0.150658
0.044018 0.004001 0.142289
0.046373 0.007101 0.144496
0.044265 0.004462 0.141418
0.043418 0.003217 0.146149
0.045889 0.007514 0.143160
0.039745 0.003197 0.149846
0.042168 0.003092 0.144523
0.043329 0.003050 0.146929
0.038187 0.003154 0.143446
0.044511 0.005396 0.140728
0.045326 0.003809 0.147658
0.043577 0.003844 0.140443
0.037315 0.002351 0.146934
0.044215 0.004239 0.142235
0.037932 0.001950 0.137452
0.042437 0.003034 0.147257
0.045865 0.007569 0.142906
0.038455 0.002840 0.139546
0.041511 0.002551 0.137611
0.046767 0.005617 0.147120
0.046797 0.004803 0.148007
0.038972 0.003204 0.139850
0.045111 0.008507 0.139392
0.045673 0.003645 0.149205
0.042288 0.002949 0.138385
0.044214 0.007530 0.137550
0.043058 0.003111 0.146053
0.043938 0.004353 0.139900
0.041246 0.002536 0.137510
0.039723 0.003170 0.139361
0.046521 0.008868 0.141454
0.037717 0.002410 0.140750
0.038576 0.003478 0.145618
0.041340 0.003318 0.145252
0.041981 0.003098 0.144326
0.044453 0.004734 0.141472
0.042072 0.003157 0.150728
0.045014 0.003704 0.147509
0.039807 0.003247 0.139840
0.044638 0.007399 0.139888
0.045305 0.006194 0.143216
0.038866 0.003225 0.140339
0.041144 0.003607 0.149620
0.043823 0.006185 0.137278
0.045300 0.008228 0.140160
0.043291 0.003599 0.140084
0.039534 0.003888 0.142165
0.040483 0.002877 0.139131
0.043283 0.004050 0.136794
0.044017 0.003211 0.148335
0.044393 0.007140 0.139540
0.044709 0.003181 0.149872
0.046772 0.005826 0.146861
0.045325 0.006906 0.142549
0.038989 0.003189 0.148605
0.043529 0.003079 0.147030
0.039908 0.003261 0.149900
0.040317 0.003142 0.140572
0.038186 0.003034 0.144320
0.043506 0.004619 0.137120
0.045404 0.006905 0.143015
0.041784 0.002767 0.139635
0.042775 0.003039 0.142661
0.040922 0.003502 0.145709
0.039304 0.003289 0.148712
0.039446 0.002887 0.138201
0.039638 0.004063 0.144210
0.044756 0.003132 0.150125
0.040076 0.003741 0.142806
0.040517 0.002623 0.137762
0.038465 0.003101 0.146713
0.038257 0.002414 0.138297
0.047229 0.008667 0.142711
0.044949 0.008189 0.139395
0.044789 0.007607 0.139909
0.042304 0.003045 0.150168
0.046939 0.007005 0.145915
0.043253 0.003778 0.137429
0.041951 0.003169 0.147258
0.040863 0.002510 0.137251
0.041256 0.003612 0.148282
0.045214 0.003762 0.147572
0.046251 0.007426 0.143860
0.038852 0.003334 0.140626
0.042931 0.002765 0.151321
0.038325 0.003062 0.141586
0.040480 0.003610 0.144110
0.041830 0.003129 0.145281
0.040793 0.003523 0.149069
0.046115 0.005205 0.146180
0.044350 0.003966 0.143907
0.042886 0.003081 0.143455
0.043668 0.003300 0.145317
0.046716 0.007125 0.145292
0.040254 0.003866 0.148181
0.042777 0.003025 0.144492
0.045025 0.005305 0.143200
0.045440 0.007215 0.142285
0.041188 0.002517 0.137051
0.043883 0.004484 0.139318
0.040662 0.003535 0.149371
0.039990 0.003947 0.145964
0.040642 0.003459 0.147278
0.045382 0.007971 0.141007
0.044797 0.004467 0.143679
0.040787 0.003520 0.145215
0.038005 0.002532 0.140242
0.040511 0.002502 0.137145
0.041968 0.002791 0.138288
0.039374 0.003901 0.146673
0.040170 0.003547 0.148587
0.041882 0.003214 0.148329
0.037679 0.002301 0.148360
0.042792 0.002986 0.148473
0.045827 0.003666 0.149372
0.043855 0.004720 0.138640
0.040058 0.003954 0.144649
0.037306 0.002058 0.140295
0.041880 0.002804 0.138745
0.039819 0.003606 0.148263
0.039986 0.002872 0.138666
0.043566 0.003316 0.144225
0.040672 0.003154 0.141753
0.044783 0.005700 0.141992
0.037522 0.002239 0.148080
0.043677 0.006112 0.136672
0.045629 0.004598 0.145970
0.042772 0.002987 0.149668
0.044770 0.003808 0.146358
0.040615 0.003544 0.146296
0.046829 0.007218 0.145359
0.046093 0.006438 0.144511
0.040275 0.003823 0.144951
0.040307 0.002999 0.139324
0.043911 0.006874 0.137769
0.043661 0.003814 0.141560
0.039036 0.003166 0.139481
0.046955 0.007662 0.145161
0.038955 0.003190 0.148263
0.041528 0.003371 0.148502
0.044502 0.005064 0.141117
0.040030 0.003673 0.142259
0.042143 0.002789 0.137214
0.042466 0.003021 0.149416
0.039839 0.003781 0.142086
0.046141 0.009164 0.140504
0.043751 0.004395 0.138729
0.044183 0.005670 0.139578
0.045721 0.008480 0.140977
0.043672 0.004816 0.137522
0.044933 0.005759 0.142384
0.047203 0.004393 0.149407
0.047501 0.006458 0.147257
0.040521 0.003666 0.144457
0.042208 0.003111 0.146022
0.039282 0.003282 0.139713
0.041038 0.003307 0.142861
0.037949 0.002700 0.147761
0.038438 0.002552 0.138562
0.041757 0.003248 0.149126
0.045318 0.004441 0.145583
0.044136 0.006064 0.138900
0.044722 0.006476 0.141156
0.038596 0.003587 0.143855
0.040471 0.002718 0.138370
0.042441 0.003034 0.148435
0.037723 0.002737 0.144420
0.044555 0.005002 0.141422
0.042042 0.002945 0.140064
0.037790 0.002392 0.140394
0.042828 0.003125 0.141857
0.045025 0.003610 0.148470
0.041539 0.003312 0.148911
0.046494 0.007770 0.143825
0.045414 0.006840 0.143119
0.039877 0.004015 0.144313
0.040285 0.003684 0.142762
0.045052 0.004098 0.145987
0.043620 0.004798 0.137320
0.042899 0.003323 0.137229
0.046421 0.005017 0.146988
0.048198 0.008745 0.143230
0.039112 0.004035 0.144356
0.039178 0.003983 0.143686
0.044957 0.008536 0.138831
0.038817 0.003130 0.140005
0.045152 0.007830 0.140522
0.042458 0.003045 0.148749
0.045510 0.007556 0.141787
0.042331 0.002944 0.137669
0.041180 0.003296 0.147566
0.040072 0.003923 0.146524
0.037366 0.002321 0.147293
0.044292 0.007589 0.138045
0.043515 0.003061 0.147804
0.037601 0.002411 0.141303
0.040154 0.003415 0.148802
0.038238 0.002446 0.138880
0.046322 0.008501 0.141931
0.037733 0.002484 0.147949
0.042284 0.002992 0.139497
0.043405 0.002984 0.148586
0.038696 0.002881 0.149165
0.044811 0.005325 0.142340
0.042624 0.003015 0.144476
0.040026 0.003413 0.149386
0.039454 0.003993 0.145678
0.038427 0.002948 0.148146
0.045656 0.006461 0.143920
0.042987 0.003523 0.136792
0.040671 0.003502 0.150596
0.046631 0.003834 0.149697
0.044456 0.004117 0.143705
0.041977 0.002830 0.139356
0.037819 0.002297 0.139901
0.042097 0.003097 0.147582
0.041168 0.002592 0.137778
0.043876 0.006526 0.137268
0.046868 0.006054 0.146967
0.044520 0.006587 0.140460
0.043409 0.004424 0.137289
0.044684 0.003550 0.147722
0.041257 0.003157 0.142978
0.043730 0.004037 0.140191
0.040771 0.002653 0.138406
0.044314 0.003375 0.147549
0.039074 0.003235 0.148440
0.044988 0.003974 0.146277
0.044885 0.008162 0.139050
0.042212 0.002930 0.138501
0.037713 0.002753 0.145212
0.040443 0.003291 0.141905
0.040513 0.003706 0.147691
0.048496 0.008780 0.143240
0.041909 0.002765 0.141016
0.037939 0.002885 0.142428
0.039363 0.002664 0.137580
0.045220 0.006958 0.142220
0.038464 0.003039 0.147549
0.042733 0.003041 0.141992
0.046182 0.005520 0.146020
0.044254 0.006265 0.139743
0.043754 0.006307 0.137121
0.039609 0.003289 0.139732
0.041640 0.003278 0.151212
0.039666 0.002631 0.137449
0.046256 0.004415 0.147875
0.038855 0.003855 0.145033
0.044172 0.006179 0.139274
0.044000 0.006642 0.138031
0.044797 0.003594 0.147504
0.045581 0.005989 0.144248
0.043786 0.005420 0.137323
0.039332 0.002595 0.137395
0.046181 0.007823 0.143042
0.044406 0.003170 0.149315
0.038974 0.003471 0.141007
0.040378 0.003574 0.142546
0.043871 0.007005 0.136833
0.039560 0.003276 0.148904
0.037440 0.002485 0.143172
0.037677 0.002699 0.143615
0.039430 0.004070 0.146136
0.038109 0.003039 0.145149
0.040503 0.002945 0.139425
0.038794 0.003112 0.148421
0.037855 0.002733 0.146802
0.045792 0.007567 0.142475
0.039925 0.002630 0.137651
0.041265 0.003274 0.144376
0.043330 0.003167 0.144584
0.044752 0.007834 0.139154
0.042508 0.003008 0.148245
0.041208 0.003533 0.148730
0.037906 0.002540 0.140776
0.038427 0.002977 0.140374
0.043782 0.003790 0.142304
0.040571 0.003546 0.142766
0.038518 0.003065 0.147661
0.047050 0.006562 0.146586
0.040519 0.002949 0.140344
0.044460 0.003759 0.145628
0.045872 0.005958 0.144943
0.039103 0.004059 0.145130
0.045711 0.008799 0.140486
0.044065 0.005139 0.139141
0.043741 0.004135 0.139724
0.038269 0.003161 0.145697
0.043870 0.004571 0.138968
0.046159 0.008258 0.142335
0.045691 0.004861 0.145774
0.044220 0.004776 0.140088
0.043768 0.006379 0.136881
0.046899 0.006594 0.146442
0.042799 0.003029 0.143730
0.041586 0.003196 0.144225
0.046111 0.006445 0.144798
0.043432 0.003313 0.143426
0.039235 0.003079 0.149388
0.047106 0.004038 0.150029
0.037734 0.002757 0.143375
0.043335 0.003647 0.139886
0.039534 0.004135 0.145205
0.042669 0.003093 0.140692
0.037889 0.002093 0.138024
0.037965 0.002930 0.144232
0.044401 0.004634 0.141641
0.044124 0.003377 0.146747
0.044135 0.003026 0.149942
0.043610 0.002954 0.150423
0.042814 0.003066 0.144290
0.046504 0.008746 0.141685
0.043778 0.004550 0.138564
0.046719 0.007453 0.144888
0.045949 0.008637 0.140936
0.044053 0.005919 0.138551
0.042281 0.002924 0.141452
0.042547 0.002984 0.143278
0.038393 0.003402 0.144373
0.039731 0.003926 0.146846
0.044733 0.007147 0.140662
0.038132 0.002090 0.137463
0.044411 0.005739 0.140205
0.043935 0.003834 0.142572
0.040123 0.003888 0.147453
0.045037 0.007533 0.140891
0.042877 0.003297 0.139269
0.044319 0.004310 0.142429
0.047532 0.007907 0.145414
0.047810 0.009022 0.142056
0.045275 0.004511 0.145223
0.044796 0.008241 0.138656
0.044719 0.006008 0.141638
0.044195 0.006888 0.138635
0.047668 0.008834 0.142501
0.041105 0.003539 0.148152
0.043916 0.003875 0.142438
0.041230 0.003233 0.146221
0.044151 0.004222 0.141985
0.039894 0.003473 0.140760
0.037755 0.002259 0.139620
0.045315 0.004744 0.144963
0.046061 0.008175 0.142097
0.047604 0.008956 0.142192
0.037325 0.002504 0.144353
0.047271 0.006330 0.147132
0.044260 0.002883 0.150914
0.040713 0.003053 0.141511
0.039444 0.003984 0.143603
0.045939 0.006117 0.144705
0.044098 0.007306 0.137491
0.047082 0.004869 0.148403
0.042753 0.003194 0.137347
0.044348 0.004507 0.141994
0.044289 0.006565 0.139775
0.045473 0.005774 0.144176
0.040623 0.003034 0.141255
0.043173 0.002997 0.147855
0.044093 0.003589 0.144608
0.039964 0.003400 0.140403
0.040765 0.003428 0.143219
0.040732 0.002853 0.140066
0.046027 0.006208 0.144881
0.047227 0.005526 0.147912
0.045178 0.007104 0.141692
0.040772 0.003449 0.143561
0.040416 0.003598 0.143319
0.045795 0.005144 0.145737
0.045867 0.003421 0.150174
0.044081 0.003529 0.145561
0.041393 0.003432 0.148205
0.042186 0.002967 0.142320
0.038367 0.003377 0.143848
0.041998 0.002660 0.137353
0.044300 0.003246 0.148664
0.045863 0.006328 0.144313
0.044390 0.007377 0.138937
0.042389 0.003024 0.148011
0.047191 0.005949 0.147533
0.044104 0.004556 0.140056
0.043967 0.004225 0.140880
0.039953 0.003423 0.141622
0.044971 0.006587 0.141649
0.042031 0.003147 0.149073
0.043624 0.004553 0.137775
0.046218 0.004806 0.146858
0.043902 0.006357 0.137503
0.041816 0.002725 0.141167
0.046931 0.003886 0.150158
0.038946 0.003618 0.142372
0.045101 0.007478 0.141121
0.043129 0.003659 0.137065
0.043035 0.002900 0.150020
0.043832 0.004083 0.140727
0.043971 0.006740 0.137919
0.038914 0.003015 0.149090
0.046115 0.005811 0.145774
0.047345 0.005778 0.147975
0.048001 0.008221 0.144901
0.045220 0.005335 0.143982
0.043766 0.003726 0.142452
0.043103 0.002842 0.150668
0.038213 0.002740 0.148418
0.045430 0.003533 0.149481
0.046584 0.005721 0.146650
0.044191 0.004319 0.141697
0.040035 0.003063 0.139587
0.045774 0.007434 0.142638
0.043010 0.002989 0.148221
0.039460 0.003131 0.149686
0.041043 0.003068 0.142330
0.043626 0.003510 0.142835
0.043272 0.003190 0.144297
0.044428 0.006350 0.140209
0.042900 0.002931 0.149220
0.043127 0.003136 0.143760
0.037510 0.002643 0.145549
0.044831 0.005171 0.142672
0.043899 0.004768 0.138794
0.039295 0.004135 0.145243
0.039591 0.004041 0.145900
0.047797 0.008079 0.145097
0.041596 0.003192 0.145074
0.045732 0.008274 0.141487
0.041429 0.003503 0.150349
0.038695 0.003036 0.139653
0.043839 0.003385 0.145465
0.039427 0.004040 0.143890
0.045378 0.005922 0.143667
0.038284 0.002963 0.147091
0.043734 0.003075 0.148616
0.038796 0.003648 0.143052
0.040371 0.002668 0.138011
0.047196 0.006881 0.146469
0.041416 0.002704 0.138806
0.046604 0.007519 0.144487
0.044436 0.004163 0.143199
0.042856 0.003186 0.140924
0.045874 0.007287 0.143366
0.045157 0.006598 0.142540
0.041796 0.002718 0.138151
0.045461 0.006214 0.143632
0.045363 0.003376 0.149833
0.041187 0.003372 0.147885
0.048214 0.008789 0.142986
0.040062 0.002677 0.137904
0.038827 0.003378 0.146354
0.042850 0.003316 0.139597
0.044000 0.003340 0.146457
0.040219 0.002525 0.137102
0.038945 0.003695 0.142729
0.038120 0.002990 0.145980
0.040148 0.003433 0.149718
0.039377 0.004193 0.144937
0.040649 0.003461 0.146686
0.039056 0.004065 0.144742
0.046293 0.007897 0.143194
0.048184 0.009016 0.142244
0.037609 0.002402 0.147813
0.038636 0.002686 0.138806
0.040391 0.003631 0.145877
0.045046 0.004279 0.145159
0.038875 0.002951 0.149387
0.045122 0.007738 0.140832
0.046213 0.004685 0.147154
0.041026 0.002621 0.138461
0.038424 0.002560 0.139030
0.046356 0.009144 0.140855
0.037269 0.002321 0.142654
0.044488 0.005205 0.140874
0.039179 0.003585 0.146885
0.041582 0.002494 0.137356
0.045973 0.004532 0.146859
0.042845 0.003298 0.138995
0.044826 0.007865 0.139575
0.046768 0.006994 0.145550
0.038428 0.003378 0.145084
0.038899 0.003857 0.143599
0.038593 0.003484 0.142829
0.038689 0.003371 0.146103
0.041312 0.002778 0.139046
0.045174 0.007921 0.140280
0.045804 0.007827 0.142050
0.040398 0.003611 0.142973
0.044105 0.003303 0.147260
0.038826 0.003297 0.146799
0.038659 0.002390 0.137273
0.046119 0.007005 0.144065
0.040365 0.002715 0.138231
0.042966 0.002987 0.148006
0.044472 0.004363 0.142854
0.043560 0.003013 0.148977
0.037549 0.002478 0.142074
0.040247 0.003770 0.145295
0.039625 0.002901 0.138595
0.043891 0.006108 0.137660
0.044778 0.005416 0.142169
0.041518 0.002895 0.141907
0.043474 0.003199 0.145616
0.044897 0.006643 0.141333
0.043210 0.002914 0.149375
0.041736 0.002550 0.137505
0.043952 0.003521 0.144389
0.043121 0.003465 0.139534
0.038472 0.003076 0.141277
0.043573 0.003838 0.140751
0.047495 0.008283 0.144231
0.043638 0.002706 0.151187
0.046080 0.003506 0.150084
0.043326 0.003635 0.139099
0.044713 0.005202 0.141951
0.042260 0.002853 0.141163
0.043624 0.003374 0.144577
0.037804 0.002444 0.148240
0.046100 0.003653 0.149684
0.047343 0.005364 0.148415
0.040994 0.003361 0.144375
0.044367 0.005023 0.140468
0.041656 0.002790 0.140387
0.037682 0.002159 0.139128
0.044420 0.004503 0.142259
0.045447 0.003617 0.149181
0.037382 0.001980 0.139389
0.038830 0.003782 0.145605
0.047148 0.007897 0.144808
0.045013 0.007823 0.140003
0.043440 0.003689 0.141682
0.043366 0.004114 0.137351
0.038947 0.003472 0.141191
0.046439 0.007399 0.144358
0.047035 0.007984 0.144380
0.044758 0.004164 0.144496
0.038835 0.003351 0.140808
0.041141 0.003578 0.150254
0.044041 0.003664 0.144045
0.045334 0.005157 0.144528
0.043334 0.003605 0.140541
0.037275 0.002283 0.142243
0.043108 0.002903 0.149672
0.043870 0.003945 0.142058
0.042846 0.003024 0.146883
0.041372 0.002992 0.142220
0.041478 0.003226 0.144703
0.038119 0.002589 0.140004
0.045590 0.008237 0.141308
0.044031 0.005700 0.138514
0.037915 0.002868 0.144946
0.046377 0.005758 0.146292
0.044091 0.005323 0.139161
0.038990 0.003334 0.147080
0.040400 0.003733 0.146402
0.045071 0.004905 0.143846
0.047219 0.008437 0.143403
0.038962 0.003486 0.140712
0.041235 0.002918 0.141659
0.038831 0.003821 0.143789
0.038613 0.003131 0.147077
0.043079 0.003446 0.139829
0.041228 0.003102 0.142637
0.041497 0.003463 0.149726
0.043516 0.002826 0.150721
0.039257 0.004147 0.144777
0.038522 0.002713 0.139232
0.041842 0.003222 0.148702
0.047277 0.007934 0.144968
0.044060 0.006381 0.138460
0.039996 0.003793 0.142527
0.047785 0.008497 0.143625
0.044287 0.003556 0.146139
0.042163 0.003098 0.150929
0.042194 0.003002 0.143532
0.042638 0.002998 0.144660
0.043685 0.005705 0.137008
0.044637 0.008068 0.138444
0.043434 0.003028 0.147992
0.042863 0.003325 0.138269
0.041132 0.002694 0.138776
0.038075 0.002378 0.139143
0.043480 0.002986 0.149310
0.047232 0.004611 0.149014
0.037503 0.002109 0.139959
0.037754 0.002671 0.147024
0.044045 0.006537 0.138284
0.038616 0.002594 0.138100
0.045216 0.005079 0.144205
0.043938 0.005242 0.138313
0.045748 0.004861 0.145930
0.037810 0.002133 0.138426
0.045962 0.007971 0.142190
0.043385 0.003136 0.145288
0.044409 0.007831 0.137997
0.039457 0.003033 0.138700
0.046091 0.003680 0.149476
0.042750 0.003193 0.140102
0.040749 0.002591 0.137858
0.046984 0.008048 0.144169
0.037253 0.002379 0.146526
0.042620 0.003111 0.137100
0.043946 0.004080 0.141238
0.044597 0.003809 0.145997
0.045001 0.006620 0.141998
0.044028 0.004147 0.141453
0.043791 0.004172 0.140000
0.042011 0.003078 0.145360
0.040239 0.003412 0.148921
0.047901 0.008037 0.145315
0.044230 0.007449 0.138083
0.037866 0.002696 0.141893
0.046041 0.004879 0.146365
0.041170 0.003305 0.144602
0.046839 0.006836 0.145923
0.044335 0.004025 0.143411
0.042434 0.003034 0.145523
0.044336 0.007755 0.137744
0.038916 0.002507 0.137363
0.043637 0.003020 0.149249
0.039409 0.003793 0.146973
0.037893 0.002812 0.146455
0.045089 0.006838 0.141791
0.041060 0.003410 0.145523
0.044604 0.005833 0.141300
0.040373 0.003548 0.149498
0.041876 0.003147 0.145059
0.047006 0.007525 0.145383
0.046607 0.005568 0.146835
0.045653 0.006981 0.143383
0.043897 0.004387 0.139588
0.044497 0.003443 0.147680
0.044951 0.005425 0.142849
0.039597 0.002827 0.138084
0.040318 0.003194 0.141061
0.045129 0.003538 0.148890
0.043424 0.003046 0.147228
0.041564 0.002776 0.140739
0.039970 0.003350 0.148920
0.046579 0.009130 0.140993
0.044805 0.003786 0.146714
0.046787 0.006650 0.146065
0.043092 0.003417 0.141289
0.046035 0.004624 0.146828
0.038010 0.002436 0.139958
0.042491 0.003027 0.146709
0.048499 0.008918 0.142754
0.042520 0.003003 0.145268
0.043905 0.004020 0.141714
0.044934 0.004102 0.145334
0.044526 0.007497 0.139141
0.045350 0.008207 0.140498
0.045394 0.003228 0.150568
0.043813 0.003037 0.149232
0.046769 0.004554 0.148438
0.038233 0.002614 0.148927
0.047884 0.008422 0.144028
0.042548 0.003077 0.141694
0.040343 0.003716 0.143616
0.046085 0.006634 0.144260
0.045583 0.008783 0.140195
0.043932 0.002906 0.150503
0.045991 0.005089 0.146099
0.046428 0.003846 0.149369
0.044270 0.003100 0.149756
0.046296 0.007286 0.144201
0.043143 0.002972 0.148432
0.044927 0.003253 0.149747
0.044602 0.005536 0.141486
0.044433 0.005933 0.140385
0.042590 0.003142 0.139349
0.038811 0.003645 0.145806
0.043583 0.005003 0.136966
0.043363 0.003675 0.139452
0.043121 0.003459 0.140325
0.042811 0.003022 0.143194
0.040106 0.003290 0.150295
0.043092 0.003475 0.138469
0.047008 0.004588 0.148666
0.044044 0.003247 0.147581
0.042738 0.003060 0.145651
0.045387 0.004558 0.145447
0.046503 0.006991 0.145227
0.041516 0.003081 0.142986
0.041484 0.002479 0.137126
0.038596 0.003102 0.147400
0.045130 0.008580 0.139265
0.042811 0.002829 0.151059
0.044649 0.003257 0.149118
0.043461 0.003869 0.138598
0.037238 0.002008 0.147924
0.047314 0.005530 0.148192
0.040641 0.003051 0.140907
0.047488 0.007238 0.146393
0.043232 0.003519 0.141276
0.040960 0.002802 0.139626
0.037988 0.002347 0.138859
0.046299 0.008890 0.141215
0.045973 0.008622 0.141183
0.038345 0.003225 0.142737
0.045655 0.005077 0.145530
0.046645 0.008871 0.141573
0.038456 0.003231 0.142229
0.044808 0.007348 0.140673
0.044014 0.003904 0.142985
0.046132 0.006709 0.144855
0.043359 0.003799 0.138270
0.044949 0.003080 0.150847
0.043584 0.003153 0.146662
