0.041349 0.001474 0.112389
0.040180 0.002411 0.122805
0.035451 -0.000420 0.118159
0.040480 0.003016 0.123746
0.043821 0.005571 0.116858
0.037069 -0.000543 0.117454
0.040609 0.001089 0.112952
0.040668 0.000705 0.111096
0.039801 0.000996 0.118161
0.038142 -0.000583 0.112142
0.038676 0.000024 0.114572
0.036745 -0.000410 0.115662
0.035296 -0.000471 0.116064
0.045083 0.008121 0.119172
0.043430 0.005850 0.121528
0.042113 0.003523 0.117597
0.034953 -0.000790 0.115943
0.037334 -0.000391 0.115409
0.038576 -0.000100 0.117379
0.037950 -0.000429 0.117656
0.039011 0.000486 0.120671
0.041569 0.002006 0.114582
0.044298 0.006306 0.116214
0.043763 0.004998 0.115895
0.040880 0.001515 0.114412
0.040798 0.003254 0.120718
0.042644 0.005051 0.121615
0.042163 0.003061 0.116425
0.036521 0.000096 0.120537
0.043193 0.005690 0.122122
0.037865 0.000309 0.122873
0.040411 0.002579 0.120895
0.043914 0.004942 0.115422
0.035825 -0.000361 0.113387
0.043001 0.004941 0.119792
0.038093 0.000226 0.121962
0.036909 -0.000546 0.112348
0.040773 0.003467 0.121777
0.039766 0.001386 0.121476
0.035683 -0.000653 0.117684
0.043622 0.004836 0.116327
0.037131 -0.000508 0.112903
0.035814 -0.000348 0.114229
0.034727 -0.000416 0.117410
0.040149 0.001617 0.119552
0.039490 0.001208 0.123777
0.043933 0.004315 0.113770
0.038931 0.000609 0.121659
0.037780 0.000016 0.121291
0.036060 -0.000319 0.115210
0.044373 0.006336 0.115702
0.040262 0.001904 0.119780
0.044741 0.007726 0.119505
0.042895 0.003930 0.116784
0.044014 0.004338 0.113407
0.041809 0.001473 0.111004
0.036002 -0.000412 0.118032
0.041326 0.003695 0.120817
0.040851 0.000946 0.111556
0.037430 -0.000521 0.112120
0.042324 0.002086 0.111603
0.043832 0.004102 0.113515
0.040307 0.001175 0.115283
0.044690 0.007360 0.116263
0.041758 0.004355 0.122239
0.043331 0.004317 0.116375
0.043046 0.003012 0.112778
0.040044 0.001811 0.121588
0.043440 0.005680 0.120580
0.040050 0.001496 0.119337
0.043415 0.006037 0.123264
0.038447 -0.000074 0.114482
0.044936 0.007840 0.116766
0.038394 -0.000246 0.118025
0.043940 0.006172 0.118396
0.040252 0.001656 0.118661
0.038866 0.000205 0.119130
0.043957 0.005657 0.116620
0.039986 0.001795 0.121826
0.044093 0.004126 0.112255
0.042274 0.002242 0.112609
0.041853 0.002967 0.117048
0.037570 -0.000548 0.117367
0.034922 -0.000752 0.116220
0.036570 0.000304 0.122138
0.044663 0.006504 0.114053
0.044363 0.006888 0.117323
0.042591 0.005049 0.121944
0.044440 0.005260 0.113201
0.037672 -0.000499 0.118552
0.043664 0.006233 0.122561
0.043999 0.006415 0.118169
0.041316 0.002512 0.117246
0.042104 0.003385 0.117393
0.044192 0.004861 0.113750
0.040022 0.000220 0.111347
0.044017 0.006512 0.120674
0.039544 0.000279 0.113120
0.043649 0.005271 0.116891
0.036624 0.000213 0.121642
0.044507 0.006710 0.115573
0.042342 0.002949 0.115539
0.037846 -0.000086 0.120940
0.042078 0.002114 0.112776
0.044842 0.007360 0.114644
0.037356 -0.000460 0.118814
0.044874 0.007449 0.114444
0.037644 -0.000453 0.112940
0.041463 0.002544 0.116990
0.041801 0.002260 0.114858
0.045086 0.008019 0.117102
0.043647 0.005587 0.118671
0.043647 0.005395 0.117337
0.038841 -0.000531 0.111562
0.043570 0.003455 0.112279
0.043889 0.005134 0.115827
0.040142 0.001667 0.119850
0.035767 -0.000631 0.117025
0.044683 0.007576 0.117573
0.040749 0.002577 0.118898
0.043586 0.005641 0.119474
0.045965 0.008510 0.117171
0.036878 -0.000466 0.114625
0.044147 0.006060 0.116571
0.037791 -0.000456 0.118211
0.038710 0.000235 0.120276
0.037783 -0.000404 0.116210
0.043842 0.006286 0.121222
0.038968 0.000166 0.115379
0.038786 0.000032 0.113894
0.038014 0.000466 0.123767
0.042179 0.004437 0.121226
0.040337 0.001912 0.119333
0.038500 -0.000552 0.111559
0.036989 0.000057 0.121455
0.040193 0.001883 0.120483
0.043123 0.004255 0.116770
0.043641 0.006203 0.122114
0.042115 0.004039 0.119472
0.044938 0.007811 0.115466
0.038499 -0.000076 0.119047
0.044143 0.006470 0.117323
0.041532 0.002063 0.115036
0.043966 0.004569 0.114357
0.043033 0.003200 0.113681
0.043015 0.002585 0.111053
0.038643 0.000005 0.114201
0.044678 0.007438 0.120742
0.042355 0.003781 0.117624
0.035861 0.000093 0.119537
0.036174 -0.000437 0.116532
0.038246 -0.000267 0.112984
0.044895 0.007912 0.117994
0.035322 -0.000498 0.115535
0.041438 0.003356 0.118757
0.041756 0.002429 0.115759
0.037654 0.000121 0.121679
0.037334 -0.000210 0.120019
0.039093 0.000397 0.119263
0.042643 0.002877 0.113934
0.040333 0.002444 0.121457
0.040380 0.002200 0.119941
0.039304 0.000000 0.112413
0.042775 0.005300 0.122175
0.044070 0.006447 0.119875
0.035227 -0.000648 0.114716
0.037723 -0.000476 0.116835
0.040029 0.001817 0.121346
0.035193 0.000033 0.118792
0.037426 0.000042 0.121467
0.038254 -0.000096 0.114772
0.043542 0.004225 0.115256
0.043880 0.006276 0.120624
0.043768 0.005748 0.118450
0.042489 0.004618 0.120665
0.040183 0.000489 0.111816
0.036994 -0.000472 0.114480
0.042347 0.004707 0.121996
0.035841 -0.000375 0.113721
0.038404 0.000459 0.122557
0.034623 -0.001291 0.116500
0.042010 0.004528 0.122210
0.043347 0.003071 0.111874
0.041113 0.001754 0.115094
0.043128 0.005178 0.120038
0.041082 0.001357 0.112714
0.041012 0.003820 0.122871
0.045030 0.007781 0.114620
0.045095 0.008043 0.117419
0.044168 0.005739 0.115944
0.036160 -0.000432 0.113106
0.038976 -0.000184 0.112323
0.040036 0.002204 0.122899
0.043977 0.003818 0.111780
0.045818 0.008439 0.117384
0.040546 0.001465 0.116416
0.036919 -0.000446 0.116973
0.037666 -0.000324 0.113989
0.044193 0.006952 0.121574
0.038319 -0.000719 0.111313
0.041429 0.001627 0.112865
0.040583 0.003010 0.120638
0.039168 0.000744 0.121167
0.037969 -0.000205 0.120157
0.035433 -0.000322 0.114157
0.042284 0.003336 0.116823
0.040815 0.002694 0.119045
0.040199 0.000971 0.113731
0.045364 0.008267 0.118650
0.040788 0.002304 0.118172
0.044188 0.005555 0.115304
0.040054 0.002073 0.122677
0.041044 0.001471 0.113463
0.041291 0.002554 0.117371
0.044208 0.006385 0.116776
0.043672 0.003496 0.112113
0.038360 -0.000477 0.112200
0.044611 0.007533 0.120089
0.039926 0.001594 0.120785
0.036102 -0.000660 0.117341
0.039530 0.001088 0.121264
0.041474 0.003670 0.120084
0.043731 0.004957 0.116086
0.040380 0.002851 0.123206
0.040293 0.002248 0.120890
0.042216 0.003029 0.116259
0.040871 0.003394 0.120953
0.037890 -0.000311 0.119418
0.044235 0.006798 0.120261
0.043267 0.004928 0.118354
0.044381 0.004254 0.110980
0.036752 0.000012 0.120527
0.038300 -0.000282 0.118196
0.041106 0.003454 0.120560
0.039948 0.001768 0.122029
0.043993 0.006055 0.117167
0.045198 0.008175 0.115416
0.040687 0.000896 0.111751
0.040043 0.001861 0.120997
0.042215 0.002277 0.112894
0.039465 0.001207 0.123470
0.044461 0.007154 0.119914
0.042144 0.003970 0.119118
0.042338 0.004431 0.120280
0.044508 0.007322 0.121602
0.041716 0.002600 0.116484
0.042426 0.002033 0.111059
0.043020 0.005632 0.123123
0.044909 0.007743 0.115195
0.044889 0.007936 0.118349
0.044607 0.007257 0.116435
0.040111 0.000985 0.114709
0.043444 0.005212 0.118609
0.037703 -0.000329 0.113735
0.043650 0.005393 0.117881
0.045186 0.008152 0.118151
0.042330 0.003458 0.117111
0.039769 0.000987 0.118297
0.040560 0.003202 0.123417
0.037078 -0.000672 0.111703
0.041743 0.002944 0.117204
0.037264 -0.000472 0.113818
0.044253 0.006722 0.117576
0.035138 -0.000546 0.116891
0.043096 0.003979 0.116250
0.043226 0.003588 0.114712
0.043122 0.003810 0.115658
0.043228 0.003423 0.113739
0.039790 0.000709 0.115470
0.039396 0.000353 0.114666
0.037469 -0.000289 0.115039
0.044180 0.005663 0.115578
0.044056 0.003961 0.111841
0.036845 -0.000527 0.117590
0.043149 0.003941 0.115893
0.037738 -0.000466 0.112780
0.044251 0.006768 0.119983
0.043797 0.006464 0.123301
0.038049 -0.000293 0.113083
0.042884 0.004939 0.120197
0.041801 0.002260 0.114858
0.045364 0.008267 0.118650
0.043615 0.003169 0.111291
0.035772 -0.000390 0.115295
0.043702 0.004554 0.115466
0.043943 0.006401 0.120983
0.037325 -0.000322 0.114632
0.043979 0.005055 0.115245
0.042781 0.004307 0.118530
0.040290 0.001913 0.119612
0.037127 -0.000556 0.112124
0.035631 0.000253 0.120132
0.040637 0.002517 0.119430
0.037463 -0.000556 0.116591
0.038350 0.000553 0.123819
0.040766 0.001301 0.113639
0.039711 0.000556 0.113996
0.043640 0.005670 0.118805
0.041353 0.003343 0.118970
0.043201 0.003006 0.112149
0.034876 -0.000756 0.116286
0.038517 0.000443 0.122036
0.043538 0.005862 0.120909
0.040336 0.002595 0.122284
0.037560 0.000230 0.122462
0.040945 0.003758 0.123315
0.041301 0.001737 0.114103
0.042412 0.004658 0.121328
0.044094 0.003869 0.111591
0.042388 0.004567 0.120897
0.039698 0.001331 0.120927
0.037158 -0.000588 0.118520
0.044058 0.005678 0.116255
0.043060 0.004510 0.117504
0.041381 0.003976 0.121812
0.039533 0.000878 0.119481
0.043901 0.005318 0.116146
0.039880 0.000363 0.112284
0.040511 0.001359 0.115868
0.039038 0.000916 0.123506
0.036386 -0.000159 0.119646
0.042756 0.003556 0.116065
0.043373 0.005872 0.121939
0.042004 0.002670 0.115759
0.044742 0.007104 0.114726
0.044271 0.004032 0.111095
0.041264 0.001638 0.113605
0.037475 -0.000358 0.115218
0.041068 0.001114 0.111707
0.040802 0.003492 0.121327
0.044588 0.005949 0.113537
0.038298 -0.000207 0.119264
0.035225 0.000363 0.119726
0.039274 0.000725 0.120733
0.041266 0.002296 0.116894
0.035579 -0.000300 0.113806
0.037588 0.000330 0.123067
0.035590 0.000196 0.119488
0.037981 -0.000290 0.113935
0.041598 0.001864 0.113514
0.045056 0.007987 0.116698
0.036959 -0.000616 0.118392
0.042841 0.004595 0.119282
0.044327 0.006887 0.119880
0.040306 0.001135 0.114661
0.038696 0.000094 0.119447
0.041111 0.001847 0.115830
0.043086 0.004402 0.117255
0.038386 -0.000149 0.114108
0.037460 -0.000502 0.112729
0.035871 -0.000049 0.119100
0.041949 0.002853 0.116516
0.043477 0.006016 0.122360
0.037368 -0.000426 0.114392
0.043141 0.003729 0.115383
0.039031 -0.000575 0.111350
0.039020 0.000209 0.116598
0.043485 0.005418 0.118984
0.036050 0.000288 0.120993
0.038238 -0.000186 0.116173
0.042566 0.003119 0.115337
0.043492 0.005630 0.120043
0.041566 0.002616 0.116915
0.042830 0.002471 0.111251
0.036385 -0.000001 0.119961
0.043816 0.005659 0.117043
0.038607 -0.000003 0.118976
0.042046 0.004097 0.119854
0.044165 0.004671 0.113387
0.040451 0.002275 0.119611
0.037494 -0.000431 0.113672
0.035038 -0.000031 0.118520
0.036491 -0.000535 0.117419
0.039723 0.001313 0.121299
0.044851 0.007242 0.114267
0.044863 0.007692 0.115774
0.041817 0.001851 0.112567
0.038472 0.000446 0.122278
0.041392 0.003516 0.119676
0.038148 0.000378 0.122720
0.043248 0.004730 0.117785
0.044364 0.007056 0.118371
0.036692 -0.000250 0.119653
0.036056 -0.000443 0.113871
0.040011 0.001114 0.117292
0.044104 0.006450 0.117677
0.035032 -0.000739 0.115664
0.039316 0.000417 0.116901
0.042656 0.004093 0.118196
0.041027 0.002110 0.117071
0.037774 0.000422 0.123568
0.044285 0.007032 0.122208
0.043213 0.005081 0.119456
0.039500 0.000581 0.117268
0.040278 0.001371 0.117151
0.036042 -0.000369 0.115487
0.044664 0.007493 0.120349
0.040125 0.001066 0.116073
0.041168 0.003169 0.118909
0.041227 0.003315 0.119504
0.044682 0.006225 0.113259
0.043787 0.004278 0.114520
0.039113 0.000542 0.120137
0.044081 0.006592 0.120858
0.044326 0.005117 0.113512
0.035941 -0.000527 0.116816
0.042694 0.003028 0.114680
0.036739 -0.000487 0.116083
0.044914 0.007531 0.114633
0.044369 0.004451 0.111755
0.037811 -0.000303 0.119692
0.044647 0.007628 0.118541
0.044843 0.007748 0.120012
0.039934 0.001910 0.122961
0.044122 0.004110 0.112165
0.040431 0.001586 0.117365
0.040568 0.001213 0.113796
0.040485 0.001656 0.117378
0.040344 0.001627 0.117760
0.044620 0.007493 0.119622
0.042281 0.002547 0.114017
0.039087 -0.000239 0.111986
0.039327 0.001117 0.123111
0.043957 0.006580 0.122671
0.039855 0.001916 0.123931
0.044383 0.007050 0.120172
0.043761 0.004824 0.115727
0.042643 0.004012 0.117709
0.043255 0.002793 0.111055
0.042184 0.003614 0.117957
0.037549 -0.000098 0.121178
0.038298 -0.000077 0.120191
0.040001 0.001397 0.119142
0.044190 0.006642 0.119128
0.039631 0.001208 0.121120
0.038914 0.000134 0.117258
0.045547 0.008316 0.116338
0.038489 -0.000119 0.116428
0.039325 0.000928 0.121385
0.038115 -0.000282 0.114109
0.037172 -0.000221 0.119903
0.037399 -0.000396 0.116020
0.039557 0.000998 0.120273
0.040192 0.001324 0.117487
0.043663 0.003405 0.111896
0.041154 0.003184 0.119082
0.041996 0.002296 0.114120
0.040532 0.001966 0.118142
0.035210 -0.000720 0.114904
0.039591 0.001258 0.122058
0.044448 0.006365 0.115284
0.039815 0.001541 0.122014
0.039353 0.000446 0.117140
0.043579 0.004499 0.115771
0.044308 0.005920 0.115331
0.043819 0.005351 0.116462
0.044806 0.007626 0.116379
0.037352 -0.000543 0.117686
0.040734 0.002842 0.119796
0.044367 0.005552 0.114197
0.038023 -0.000579 0.111985
0.039959 0.000327 0.111919
0.041938 0.004557 0.122758
0.041625 0.003939 0.120757
0.044601 0.007491 0.119108
0.045256 0.008162 0.116650
0.043911 0.006267 0.120105
0.039591 0.000190 0.112428
0.038665 -0.000122 0.113261
0.036334 -0.000343 0.114761
0.038525 -0.000191 0.113083
0.039108 0.000418 0.119678
0.036174 -0.000367 0.114843
0.034752 -0.001100 0.116324
0.039209 0.000825 0.121606
0.042870 0.003620 0.115895
0.041076 0.002254 0.117268
0.039733 0.001315 0.120763
0.037411 -0.000472 0.113046
0.043105 0.003366 0.114278
0.039907 0.000915 0.116359
0.041926 0.002086 0.113163
0.043560 0.006048 0.121712
0.043254 0.003178 0.112491
0.042984 0.004230 0.116990
0.044092 0.006716 0.121306
0.040911 0.001810 0.116503
0.036130 -0.000467 0.113564
0.044541 0.004938 0.111779
0.037141 -0.000380 0.115772
0.038685 -0.000038 0.118057
0.043608 0.005858 0.120416
0.041394 0.002315 0.116595
0.043574 0.004012 0.114579
0.039116 0.000305 0.118279
0.041797 0.004126 0.121062
0.039238 0.000637 0.120022
0.045094 0.008023 0.114949
0.044267 0.006686 0.117163
0.036905 -0.000433 0.113822
0.035722 -0.000461 0.117964
0.040040 0.002192 0.123161
0.042505 0.002731 0.113848
0.041586 0.004372 0.123411
0.037790 -0.000344 0.116034
0.036886 0.000213 0.121842
0.037853 0.000280 0.122595
0.039191 0.000432 0.118613
0.044020 0.006643 0.121591
0.041352 0.002812 0.117759
0.042081 0.004341 0.120749
0.041026 0.003893 0.123516
0.043299 0.005470 0.120458
0.042760 0.002922 0.113575
0.043964 0.006675 0.123199
0.036044 0.000339 0.121227
0.041840 0.004531 0.123108
0.043764 0.003310 0.111243
0.041068 0.003308 0.120030
0.041936 0.001866 0.112230
0.036581 -0.000385 0.115027
0.041027 0.002757 0.118345
0.041205 0.002613 0.117762
0.041553 0.003786 0.120274
0.044811 0.007380 0.115036
0.043352 0.004259 0.116062
0.043755 0.005421 0.116689
0.035236 -0.000673 0.115158
0.044747 0.006723 0.113713
0.041420 0.003462 0.119338
0.040512 0.002729 0.120576
0.038754 0.000617 0.122086
0.040587 0.002012 0.118326
0.043208 0.003534 0.114518
0.037240 -0.000344 0.119164
0.045014 0.007958 0.117267
0.044349 0.004989 0.113083
0.040139 0.002028 0.121702
0.039314 0.000471 0.118116
0.044544 0.005289 0.112541
0.043877 0.005791 0.117367
0.041157 0.003668 0.120996
0.043949 0.006183 0.119661
0.043916 0.005834 0.117112
0.037995 -0.000366 0.116764
0.040331 0.001236 0.115811
0.038254 -0.000269 0.116950
0.044318 0.007102 0.121767
0.045706 0.008408 0.116662
0.042986 0.003569 0.115418
0.036145 -0.000392 0.115819
0.038730 0.000052 0.118297
0.034691 -0.001069 0.116630
0.044458 0.007286 0.118562
0.038317 0.000392 0.122419
0.044582 0.006253 0.114203
0.038770 0.000296 0.120663
0.040357 0.001270 0.116067
0.043728 0.004008 0.114041
0.043338 0.005799 0.121693
0.039420 0.000882 0.120851
0.042569 0.003839 0.117352
0.037735 0.000226 0.122354
0.043074 0.003388 0.114669
0.044822 0.007591 0.116155
0.040142 0.002484 0.123108
0.039271 0.000596 0.119383
0.041165 0.003293 0.119742
0.037554 -0.000340 0.115560
0.043236 0.003869 0.115473
0.041727 0.002746 0.116842
0.042970 0.003126 0.113484
0.042489 0.004618 0.120665
0.044359 0.007027 0.118870
0.041859 0.003571 0.118518
0.043463 0.005020 0.117403
0.037656 -0.000250 0.119991
0.043440 0.002865 0.110884
0.037117 -0.000541 0.116639
0.039041 0.000731 0.121941
0.037100 -0.000473 0.113557
0.039900 0.001830 0.123541
0.043437 0.003476 0.113251
0.038432 0.000038 0.120433
0.038015 -0.000189 0.114710
0.044540 0.006316 0.114616
0.044037 0.006718 0.122470
0.044364 0.004415 0.111562
0.040033 0.001366 0.118537
0.038511 -0.000035 0.119717
0.041324 0.002714 0.117626
0.043696 0.004249 0.114773
0.041426 0.003107 0.118254
0.043131 0.005352 0.120805
0.040582 0.001352 0.114820
0.041759 0.004158 0.121340
0.044889 0.007393 0.114231
0.038328 -0.000211 0.119033
0.039787 0.000468 0.113139
0.035222 -0.000617 0.115466
0.039804 0.001156 0.119320
0.037497 0.000436 0.123653
0.044005 0.006379 0.118590
0.043225 0.005312 0.120173
0.044826 0.007886 0.119148
0.043727 0.006185 0.121444
0.041100 0.001337 0.112536
0.040514 0.003110 0.123054
0.038813 0.000680 0.122492
0.042845 0.002821 0.112688
0.039233 0.001038 0.123595
0.044155 0.004071 0.111843
0.043648 0.003762 0.113436
0.043137 0.002590 0.110751
0.042438 0.004200 0.119173
0.044221 0.004087 0.111576
0.037392 -0.000456 0.113510
0.039154 0.000027 0.112813
0.042724 0.005016 0.121272
0.042163 0.002015 0.112060
0.040071 0.001210 0.117698
0.037725 0.000464 0.123921
0.044253 0.006767 0.118968
0.040488 0.002857 0.121859
0.037046 -0.000051 0.121131
0.039608 0.001280 0.122335
0.043380 0.004911 0.117822
0.035933 -0.000549 0.117754
0.044003 0.006636 0.121816
0.037941 -0.000416 0.116443
0.035763 -0.000346 0.114057
0.039760 0.001603 0.123339
0.042845 0.003992 0.117113
0.035384 -0.000631 0.117124
0.045608 0.008388 0.116914
0.037100 -0.000500 0.117808
0.041068 0.001573 0.114043
0.040364 0.002845 0.123575
0.040514 0.001341 0.115040
0.038772 0.000032 0.116510
0.039344 0.000069 0.112577
0.044988 0.008006 0.118067
0.041583 0.002775 0.117212
0.036422 -0.000440 0.114027
0.040181 0.000724 0.112611
0.044497 0.004769 0.111620
0.039986 0.001858 0.122191
0.036808 -0.000544 0.117376
0.045042 0.007995 0.116123
0.040464 0.002206 0.119456
0.044205 0.006836 0.121014
0.042679 0.003655 0.116646
0.038092 -0.000105 0.120583
0.036893 -0.000371 0.119192
0.041380 0.004010 0.122170
0.041520 0.003490 0.119109
0.040082 0.002266 0.123521
0.042658 0.002786 0.113150
0.038315 0.000234 0.121636
0.036942 -0.000530 0.116329
0.043450 0.005472 0.119561
0.040209 0.001562 0.118374
0.038063 -0.000320 0.116361
0.036714 -0.000448 0.113958
0.039754 0.000015 0.111537
0.042937 0.002612 0.111636
0.040138 0.001325 0.117792
0.040363 0.002826 0.123066
0.041860 0.004350 0.121896
0.040939 0.003026 0.119711
0.042803 0.004849 0.120013
0.042745 0.002304 0.110993
0.041683 0.004175 0.121639
0.042628 0.004677 0.120154
0.043959 0.003888 0.112051
0.044270 0.005246 0.114179
0.041166 0.002440 0.117443
0.042187 0.004474 0.121459
0.040627 0.003334 0.122432
0.038543 -0.000233 0.112627
0.044510 0.007237 0.120889
0.038923 0.000231 0.118855
0.042796 0.004192 0.117910
0.039157 0.000470 0.119471
0.043400 0.003074 0.111575
0.036280 -0.000407 0.116158
0.042579 0.002738 0.113530
0.044524 0.007153 0.116711
0.044403 0.004653 0.112154
0.043991 0.003527 0.110747
0.040207 0.001042 0.115011
0.042961 0.003515 0.115202
0.042843 0.002922 0.113223
0.039563 0.001076 0.120793
0.042047 0.002834 0.116210
0.037995 0.000091 0.121486
0.040004 0.002117 0.123309
0.042633 0.005275 0.123386
0.045505 0.008309 0.118893
0.041479 0.002895 0.117569
0.036716 0.000234 0.122170
0.044421 0.005927 0.114621
0.044063 0.006424 0.117868
0.042213 0.004412 0.120714
0.036412 -0.000404 0.117005
0.037960 0.000139 0.121700
0.046102 0.008517 0.116429
0.041282 0.003565 0.120329
0.043244 0.003443 0.113904
0.041792 0.003850 0.119738
0.044697 0.007697 0.118897
0.040514 0.001569 0.117070
0.044186 0.005410 0.115092
0.034942 -0.000924 0.115587
0.036567 -0.000498 0.113115
0.036084 -0.000383 0.114223
0.044363 0.007174 0.122384
0.040872 0.003618 0.122169
0.036179 -0.000399 0.118577
0.045613 0.008385 0.117273
0.042304 0.004921 0.122978
0.041419 0.003025 0.118027
0.036566 -0.000483 0.113638
0.041360 0.001223 0.111340
0.045869 0.008479 0.116966
0.044814 0.007732 0.117313
0.040659 0.002174 0.118527
0.046012 0.008519 0.116714
0.044253 0.004501 0.112634
0.040910 0.001088 0.112047
0.042129 0.004230 0.120158
0.039666 0.000728 0.117280
0.044640 0.007447 0.117265
0.043754 0.006068 0.120535
0.040849 0.001253 0.112834
0.045288 0.008208 0.115838
0.036970 -0.000452 0.118868
0.041997 0.002494 0.115053
0.041585 0.003118 0.117944
0.041877 0.003394 0.118012
0.042530 0.005063 0.122241
0.041676 0.002218 0.115173
0.043292 0.004366 0.116623
0.040342 0.002732 0.122865
0.043985 0.004014 0.112423
0.040630 0.003262 0.122037
0.044373 0.006982 0.117645
0.037450 -0.000439 0.114086
0.039464 0.000652 0.118354
0.039631 0.001369 0.123529
0.042463 0.003272 0.116213
0.040478 0.001897 0.118513
0.045117 0.008109 0.118280
0.038469 0.000268 0.121261
0.040936 0.002877 0.118891
0.042746 0.003367 0.115572
0.045242 0.008157 0.116947
0.040833 0.002097 0.117535
0.041154 0.001132 0.111427
0.041170 0.003825 0.121869
0.041207 0.002088 0.116447
0.038227 -0.000190 0.113801
0.039972 0.001412 0.119733
0.038130 -0.000120 0.115029
0.039714 0.000819 0.117561
0.043995 0.006162 0.117416
0.042781 0.003309 0.115272
0.044239 0.004317 0.112303
0.042195 0.002903 0.115926
0.041077 0.003503 0.120829
0.043050 0.004593 0.118314
0.043622 0.005386 0.117534
0.041615 0.003673 0.119562
0.035065 -0.000688 0.116250
0.044509 0.004942 0.112033
0.040589 0.003317 0.122788
0.040316 0.000879 0.112968
0.034694 -0.000629 0.117216
0.037658 -0.000570 0.112058
0.036708 -0.000344 0.119380
0.042343 0.004106 0.118920
0.042090 0.002499 0.114725
0.038280 0.000071 0.120932
0.035240 -0.000440 0.118118
0.040939 0.003644 0.121817
0.037400 -0.000537 0.118295
0.043620 0.005414 0.118296
0.041980 0.004276 0.121130
0.040240 0.001876 0.120003
0.038883 0.000809 0.123680
0.040982 0.003020 0.119507
0.040179 0.000999 0.114062
0.042835 0.004193 0.117736
0.039848 -0.000014 0.111207
0.038111 -0.000355 0.118028
0.043303 0.005062 0.118903
0.043077 0.002986 0.112508
0.043079 0.005432 0.121407
0.038529 -0.000073 0.116129
0.036817 0.000251 0.122294
0.039031 0.000778 0.122230
0.044007 0.006684 0.122977
0.039383 0.000658 0.118673
0.039127 0.000242 0.115038
0.043641 0.003559 0.112494
0.038398 -0.000061 0.115345
0.044155 0.006039 0.116315
0.035725 -0.000345 0.114396
0.044289 0.004341 0.112084
0.044157 0.003720 0.110786
0.041366 0.002174 0.116213
0.040493 0.003112 0.122677
0.044349 0.004574 0.112350
0.041568 0.003986 0.121146
0.039393 0.000472 0.116415
0.037066 0.000221 0.121753
0.041803 0.001916 0.112868
0.034780 -0.000687 0.116815
0.042952 0.004645 0.119049
0.040165 0.001493 0.118214
0.043742 0.006398 0.123112
0.044160 0.006729 0.118201
0.043226 0.002955 0.111738
0.038972 0.000183 0.118101
0.041512 0.004166 0.122440
0.035449 -0.000480 0.115410
0.039440 0.000885 0.120277
0.043812 0.005727 0.118005
0.043948 0.006011 0.117717
0.041030 0.002580 0.118092
0.042001 0.003724 0.118711
0.042927 0.002935 0.112926
0.038935 0.000103 0.114253
0.043930 0.006072 0.118059
0.037305 -0.000589 0.111926
0.042194 0.002514 0.114353
0.036645 -0.000473 0.116212
0.041061 0.001600 0.114242
0.040489 0.001997 0.118756
0.035809 -0.000367 0.118246
0.035063 -0.000716 0.116387
0.035227 0.000087 0.119042
0.039912 0.000473 0.112605
0.043759 0.003806 0.113143
0.043913 0.006248 0.119878
0.043772 0.006052 0.119015
0.044031 0.004157 0.112830
0.037496 -0.000151 0.120671
0.037340 -0.000478 0.116802
0.044014 0.005334 0.115605
0.043946 0.006227 0.119075
0.039007 0.000188 0.116888
0.039837 0.001017 0.118005
0.037121 0.000158 0.121640
0.044322 0.004004 0.110703
0.043778 0.003757 0.112569
0.041449 0.003519 0.119485
0.040571 0.002033 0.117939
0.038448 -0.000185 0.117437
0.041157 0.003898 0.122360
0.041063 0.001674 0.114679
0.036693 -0.000388 0.115251
0.038523 -0.000123 0.116773
0.037046 -0.000051 0.121131
0.044709 0.007397 0.116036
0.038660 0.000473 0.121854
0.043518 0.005906 0.121324
0.042947 0.002848 0.112396
0.034868 -0.000490 0.117546
0.036533 0.000146 0.121197
0.042477 0.002307 0.112163
0.040823 0.002800 0.119429
0.044348 0.007035 0.118171
0.039692 0.000739 0.116620
0.044443 0.007250 0.118403
0.044091 0.006675 0.121175
0.040460 0.000814 0.112046
0.034979 -0.000502 0.117940
0.042354 0.002401 0.112846
0.040318 0.001690 0.118088
0.042542 0.002216 0.111304
0.043072 0.005637 0.122810
0.037897 -0.000294 0.113324
0.044906 0.008042 0.118984
0.040484 0.003023 0.123317
0.043121 0.003205 0.113356
0.039550 0.001032 0.120449
0.042861 0.003779 0.116480
0.036286 -0.000388 0.115054
0.039470 0.000420 0.114479
0.037357 0.000393 0.123089
0.038740 -0.000222 0.112450
0.042647 0.003368 0.115851
0.041598 0.004162 0.122031
0.035543 -0.000504 0.116250
0.041335 0.002859 0.117901
0.039904 0.001182 0.118361
0.037669 0.000516 0.124100
0.042961 0.002789 0.112162
0.044423 0.007124 0.120445
0.040030 0.000891 0.114402
0.041571 0.003003 0.117613
0.037775 0.000199 0.121882
0.041497 0.003648 0.119801
0.044154 0.006847 0.122031
0.044677 0.006417 0.113687
0.044959 0.007924 0.119619
0.045036 0.008009 0.115675
0.037684 -0.000399 0.118848
0.038148 0.000418 0.123108
0.040220 0.001199 0.116364
0.044316 0.006975 0.120729
0.044122 0.004251 0.112627
0.037773 -0.000354 0.114202
0.041508 0.001405 0.111634
0.037797 -0.000472 0.116537
0.038910 0.000415 0.120420
0.039798 0.000409 0.112721
0.037937 -0.000278 0.119869
0.041264 0.003474 0.119948
0.041677 0.001529 0.111545
0.036448 -0.000392 0.115411
0.039749 0.001556 0.122871
0.039779 0.001070 0.118583
0.044268 0.004766 0.113023
0.041039 0.003031 0.118950
0.039971 0.001362 0.119506
0.039253 0.000914 0.122133
0.037863 -0.000427 0.117932
0.042188 0.004707 0.122376
0.044733 0.007506 0.121104
0.039964 0.000844 0.115437
0.039722 0.001442 0.122667
0.043624 0.003655 0.113141
0.044702 0.007476 0.116649
0.044469 0.007193 0.120536
0.043817 0.006094 0.119917
0.039854 0.001006 0.117855
0.044607 0.007362 0.116961
0.036408 0.000341 0.121882
0.041641 0.002411 0.116114
0.044101 0.006402 0.119672
0.045754 0.008390 0.118150
0.043370 0.003819 0.114796
0.043357 0.004071 0.115559
0.038896 0.000018 0.113535
0.042185 0.004826 0.123305
0.042097 0.003763 0.118479
0.041597 0.004184 0.122224
0.041428 0.002601 0.117200
0.042584 0.002637 0.112768
0.040805 0.001830 0.116976
0.041403 0.001757 0.113764
0.043716 0.005964 0.120188
0.036795 -0.000483 0.113443
0.043539 0.005643 0.119738
0.044717 0.007353 0.115563
0.041384 0.003665 0.120560
0.036104 -0.000096 0.119346
0.043541 0.003262 0.111899
0.038797 0.000077 0.114960
0.038110 0.000081 0.121220
0.039541 0.000402 0.113725
0.035926 -0.000300 0.118650
0.038084 -0.000348 0.116620
0.043887 0.004539 0.114706
0.042220 0.004462 0.121026
0.039559 0.000631 0.117513
0.045391 0.008252 0.117951
0.037084 0.000446 0.123196
0.040361 0.000877 0.112742
0.042572 0.005198 0.123133
0.037540 0.000208 0.122116
0.037197 -0.000463 0.113247
0.043894 0.004281 0.114084
0.039215 0.000217 0.113820
0.045410 0.008254 0.116502
0.042484 0.002391 0.112406
0.043388 0.003725 0.114369
0.039533 0.000249 0.112829
0.037621 -0.000349 0.115403
0.041755 0.002142 0.114455
0.044271 0.006866 0.120492
0.039065 0.000916 0.122828
0.039442 0.000513 0.116601
0.043892 0.005893 0.117932
0.038746 0.000011 0.117028
0.042704 0.005244 0.122504
0.043118 0.003578 0.115037
0.038683 -0.000017 0.115976
0.044862 0.007928 0.118755
0.040848 0.000899 0.111356
0.039784 0.001600 0.123609
0.042397 0.002515 0.113103
0.042271 0.003838 0.118306
0.044424 0.006130 0.114975
0.042558 0.004076 0.118431
0.039637 0.001063 0.119650
0.036903 -0.000644 0.112013
0.044764 0.007358 0.115257
0.044563 0.006710 0.115193
0.043510 0.003485 0.112879
0.041028 0.002025 0.116840
0.044597 0.007458 0.119929
0.041831 0.002066 0.113546
0.039838 0.001374 0.120218
0.038618 0.000263 0.120902
0.039749 0.001063 0.118890
0.042867 0.005478 0.123247
0.045328 0.008218 0.116808
0.037021 -0.000276 0.119714
0.045359 0.008230 0.117342
0.042442 0.003162 0.115914
0.043614 0.005707 0.119138
0.039158 0.000200 0.114086
0.039688 0.000687 0.116054
0.035843 -0.000466 0.116293
0.039542 0.000849 0.119035
0.040850 0.000833 0.111156
0.039414 0.001109 0.122333
0.042622 0.004020 0.118020
0.039550 0.001174 0.121472
0.042003 0.001850 0.111660
0.040100 0.001361 0.118035
0.036872 0.000221 0.122124
0.040953 0.003355 0.120386
0.038550 0.000577 0.123010
0.043904 0.003972 0.113004
0.039334 0.000672 0.119620
0.040159 0.000572 0.112074
0.036818 -0.000458 0.117914
0.040502 0.001330 0.115380
0.040072 0.001608 0.120102
0.039927 0.001820 0.122814
0.042941 0.005433 0.121994
0.036201 -0.000439 0.116737
0.041059 0.000982 0.111215
0.044250 0.005912 0.115711
0.042767 0.003039 0.114333
0.043791 0.004529 0.115074
0.039724 0.001203 0.119935
0.044575 0.005536 0.112810
0.038110 0.000528 0.123879
0.044847 0.007581 0.115428
0.040975 0.001642 0.114908
0.038295 -0.000183 0.113383
0.039051 0.000687 0.121389
0.037008 -0.000345 0.119436
0.042962 0.004786 0.119492
0.040387 0.001353 0.116566
0.036328 -0.000472 0.113102
0.042680 0.004479 0.119431
0.042719 0.004837 0.120586
0.040476 0.002425 0.120062
0.042090 0.003091 0.116735
0.043837 0.003778 0.112241
0.036625 -0.000597 0.112292
0.040400 0.001782 0.118361
0.041784 0.004521 0.123578
0.040687 0.003484 0.122490
0.038073 -0.000241 0.114314
0.040525 0.003130 0.122335
0.042058 0.003837 0.118900
0.042747 0.002607 0.112271
0.036150 -0.000603 0.117570
0.044524 0.007417 0.118171
0.036457 0.000165 0.121127
0.035676 -0.000546 0.116518
0.043831 0.004124 0.113930
0.043280 0.004042 0.115743
0.043772 0.003508 0.111784
0.042624 0.004238 0.118776
0.039875 0.001676 0.122620
0.035782 -0.000339 0.115958
0.041892 0.003865 0.119406
0.044236 0.006770 0.117956
0.044316 0.006936 0.118574
0.037867 0.000232 0.122199
0.044763 0.006609 0.113340
0.037659 -0.000486 0.117774
0.044415 0.004450 0.111232
0.045290 0.008193 0.117802
0.040825 0.001558 0.115249
0.040564 0.002530 0.119782
0.043931 0.006447 0.121294
0.043729 0.005090 0.116244
0.038803 0.000052 0.115738
0.038290 -0.000128 0.114556
0.042089 0.003215 0.117053
0.035741 -0.000328 0.113575
0.044218 0.006968 0.123116
0.045187 0.008100 0.116466
0.043785 0.006368 0.122644
0.041611 0.004302 0.122799
0.038061 -0.000227 0.113618
0.037941 -0.000216 0.114520
0.041831 0.003706 0.119039
0.041574 0.002194 0.115500
0.043952 0.003667 0.111607
0.039574 0.000705 0.117956
0.040422 0.001206 0.114091
0.040461 0.002758 0.121102
0.038622 -0.000102 0.113467
0.039372 0.000483 0.117554
0.041827 0.001679 0.111747
0.040217 0.001878 0.120202
0.044199 0.004848 0.113252
0.042589 0.003667 0.117061
0.036619 -0.000480 0.118729
0.039992 0.000848 0.114869
0.043851 0.003998 0.113248
0.039506 0.000481 0.115237
0.039656 0.000021 0.111786
0.043259 0.004705 0.117564
0.042937 0.005199 0.120972
0.036086 -0.000302 0.114544
0.041567 0.001902 0.113925
0.039592 0.000831 0.118545
0.038200 -0.000559 0.111679
0.043222 0.005754 0.122467
0.039258 0.000174 0.113472
0.041464 0.002778 0.117392
0.041838 0.003092 0.117333
0.041642 0.003893 0.120519
0.039919 0.001932 0.123770
0.039076 0.000195 0.114630
0.039432 0.000400 0.114862
0.035788 -0.000368 0.114935
0.037747 -0.000242 0.114637
0.041137 0.002637 0.117967
0.042473 0.003123 0.115684
0.043562 0.004378 0.115451
0.040504 0.002555 0.120310
0.041536 0.004092 0.121806
0.042368 0.004641 0.121621
0.040172 0.002354 0.122581
0.039046 -0.000095 0.112507
0.040795 0.003617 0.123609
0.035222 -0.000589 0.116430
0.041072 0.001880 0.116166
0.039179 -0.000436 0.111511
0.038624 0.000420 0.121577
0.042472 0.004456 0.119927
0.044589 0.005704 0.112630
0.040519 0.001312 0.114664
0.036366 -0.000499 0.113753
0.039707 0.001193 0.120241
0.042679 0.003655 0.116646
0.038580 0.000630 0.123290
0.038065 -0.000556 0.112313
0.035059 -0.000768 0.115105
0.036996 -0.000503 0.114609
0.041139 0.002996 0.118512
0.043139 0.004473 0.116981
0.039974 0.001234 0.118225
0.040211 0.001646 0.119029
0.045604 0.008344 0.117628
0.035150 -0.000417 0.115833
0.040869 0.002648 0.118543
0.042528 0.004816 0.121552
0.041934 0.004320 0.121546
0.039436 0.001064 0.121747
0.035678 -0.000346 0.115609
0.044326 0.006977 0.120324
0.044426 0.007067 0.119575
0.044222 0.005983 0.116034
0.035158 -0.000549 0.117391
0.039903 0.001859 0.123168
0.039553 -0.000216 0.111467
0.039042 0.000344 0.119067
0.039906 0.001556 0.121410
0.037118 0.000323 0.122924
0.044203 0.005277 0.114572
0.041193 0.002840 0.118157
0.039781 0.001166 0.119593
0.035985 -0.000601 0.117095
0.038943 -0.000399 0.111770
0.044500 0.007395 0.118843
0.036361 -0.000512 0.117168
0.043247 0.005040 0.119128
0.040187 0.002131 0.121542
0.038770 0.000046 0.118133
0.036515 -0.000405 0.116358
0.044556 0.007313 0.120557
0.042936 0.004521 0.118686
0.044950 0.007692 0.114964
0.044590 0.007439 0.119449
0.041032 0.003174 0.119823
0.040842 0.001285 0.113194
0.034647 -0.001025 0.116778
0.042198 0.003600 0.117762
0.039829 0.000817 0.116196
0.041942 0.004126 0.120355
0.043029 0.003998 0.116566
0.042554 0.003014 0.115039
0.039284 0.000346 0.115473
0.039236 0.000524 0.118965
0.044200 0.003955 0.111301
0.043731 0.005816 0.119516
0.039571 0.000624 0.116902
0.041942 0.003581 0.118337
0.040765 0.001104 0.112482
0.037744 -0.000742 0.111298
0.044275 0.006786 0.119522
0.044282 0.005640 0.114928
0.039975 0.001408 0.119264
0.038216 -0.000303 0.118419
0.040861 0.001463 0.114166
0.042760 0.002996 0.113807
0.038220 -0.000408 0.112426
0.039960 0.001840 0.122439
0.043032 0.002758 0.111815
0.044822 0.007101 0.113741
0.044230 0.006782 0.118393
0.040854 0.002058 0.117369
0.043821 0.006418 0.121669
0.044616 0.007135 0.115795
0.040983 0.002363 0.117814
0.045299 0.008263 0.118795
0.043304 0.005539 0.120722
0.040598 0.003172 0.121145
0.039682 0.001465 0.123790
0.034722 -0.000702 0.117516
0.037127 -0.000037 0.120902
0.036632 -0.000383 0.114091
0.036433 -0.000500 0.112527
0.044706 0.006077 0.112891
0.044418 0.007173 0.121011
0.039545 0.000078 0.112177
0.040090 0.001080 0.116542
0.041255 0.001371 0.112136
0.044766 0.007483 0.115789
0.041284 0.002061 0.115995
0.044157 0.006612 0.118728
0.037974 -0.000420 0.118504
0.042380 0.002176 0.111938
0.043858 0.005997 0.119532
0.044468 0.006711 0.115857
0.039140 0.000625 0.120830
0.037790 0.000326 0.123049
0.044093 0.006404 0.119395
0.039434 0.000903 0.120675
0.041354 0.001361 0.111921
0.040432 0.001969 0.118950
0.042424 0.003877 0.118154
0.041317 0.003340 0.119137
0.038212 -0.000293 0.112699
0.040345 0.002699 0.122552
0.039831 0.000852 0.116743
0.040267 0.002641 0.123353
0.042860 0.005209 0.121441
0.037541 -0.000294 0.119551
0.042483 0.005077 0.122847
0.035962 0.000174 0.120268
0.042489 0.003468 0.116757
0.039914 0.000865 0.115860
0.040157 0.000396 0.111608
0.042244 0.002599 0.114536
0.044673 0.006748 0.114478
0.040409 0.002500 0.120699
0.040450 0.002903 0.122415
0.039870 0.001547 0.121641
0.043714 0.004095 0.114284
0.043296 0.005605 0.121047
0.038963 0.000274 0.119485
0.042902 0.003590 0.115734
0.040435 0.001342 0.116192
0.044395 0.004873 0.112684
0.043605 0.005795 0.119844
0.041680 0.003293 0.118240
0.044149 0.005003 0.114362
0.042943 0.005081 0.120585
0.041330 0.001889 0.114933
0.042930 0.003279 0.114802
0.042100 0.002681 0.115447
0.037205 0.000226 0.122293
0.036807 -0.000549 0.112514
0.044120 0.006510 0.117470
0.039314 0.000145 0.113117
0.036804 -0.000385 0.114262
0.038361 -0.000098 0.114331
0.042176 0.004546 0.121853
0.035484 -0.000527 0.115047
0.043032 0.003762 0.115794
0.041848 0.002110 0.113734
0.035624 -0.000413 0.114659
0.036198 -0.000018 0.119762
0.039213 0.000358 0.116464
0.044595 0.005737 0.113136
0.044691 0.007737 0.119245
0.036286 -0.000435 0.117606
0.044339 0.006764 0.116825
0.035122 -0.000273 0.118315
0.037207 -0.000596 0.116480
0.043480 0.003642 0.113678
0.036289 -0.000407 0.115661
0.043119 0.002799 0.111530
0.044966 0.007757 0.120416
0.040475 0.002794 0.121352
0.039404 0.000925 0.121027
0.042058 0.001965 0.112220
0.036595 0.000152 0.121368
0.038463 -0.000022 0.119897
0.044495 0.007331 0.120197
0.038938 0.000517 0.121042
0.038440 -0.000494 0.111954
0.045341 0.008207 0.117584
0.035319 -0.000484 0.114470
0.040307 0.001154 0.114469
0.044371 0.007157 0.121982
0.043995 0.006638 0.122268
0.038591 0.000165 0.120548
0.044470 0.007191 0.119202
0.045106 0.007946 0.120115
0.043843 0.003316 0.110931
0.044277 0.007040 0.122556
0.043029 0.005494 0.121691
0.039866 0.000694 0.114159
0.040529 0.000722 0.111471
0.037393 -0.000123 0.120953
0.036192 -0.000482 0.116977
0.039953 0.001060 0.117543
0.037505 0.000474 0.124160
0.040623 0.002767 0.120071
0.044698 0.007726 0.118174
0.040245 0.001277 0.116868
0.044153 0.006847 0.122735
0.044075 0.006506 0.118412
0.039952 0.001957 0.123346
0.043958 0.006563 0.121707
0.041778 0.002069 0.113888
0.043607 0.006245 0.123023
0.039449 0.000474 0.115833
0.042306 0.003919 0.118416
0.036538 -0.000343 0.119100
0.035397 -0.000539 0.117922
0.037991 -0.000392 0.118813
0.041846 0.002424 0.115399
0.038884 0.000100 0.116084
0.044867 0.007630 0.121072
0.035169 -0.000491 0.116635
0.044149 0.004227 0.112382
0.040273 0.002608 0.123772
0.038319 -0.000203 0.116584
0.043557 0.005401 0.118615
0.041242 0.002338 0.117057
0.043907 0.005842 0.117584
0.044280 0.004968 0.113393
0.040478 0.001897 0.118513
0.041291 0.001124 0.111125
0.044416 0.006697 0.116173
0.036358 -0.000427 0.116825
0.035375 0.000138 0.119251
0.034798 -0.000444 0.117362
0.038150 0.000318 0.122357
0.037370 -0.000552 0.117412
0.038238 -0.000315 0.117507
0.040262 0.002632 0.122985
0.041088 0.003804 0.122148
0.043834 0.006456 0.122839
0.037496 -0.000679 0.111480
0.036486 -0.000088 0.119836
0.036474 -0.000437 0.115893
0.035825 0.000263 0.120441
0.043818 0.006409 0.122416
0.043259 0.005668 0.121504
0.045687 0.008420 0.115826
0.039406 0.000852 0.119934
0.041619 0.001602 0.112111
0.039546 0.001299 0.121862
0.038803 0.000784 0.123361
0.044074 0.005515 0.115861
0.036375 -0.000462 0.118529
0.039764 0.001507 0.122276
0.043876 0.006127 0.118775
0.042127 0.003679 0.118122
0.043150 0.004765 0.118508
0.035204 0.000326 0.119500
0.040190 0.002338 0.122436
0.043471 0.003856 0.114464
0.038804 0.000738 0.122913
0.040358 0.000630 0.111766
0.043499 0.003707 0.113822
0.042703 0.004415 0.119146
0.045352 0.008263 0.117136
0.041126 0.001575 0.113828
0.038403 0.000642 0.124103
0.041417 0.003299 0.118561
0.038392 0.000051 0.120685
0.040009 0.001594 0.120349
0.039181 0.000330 0.117281
0.040295 0.002109 0.120626
0.040342 0.002732 0.122865
0.042314 0.003962 0.118672
0.044446 0.005426 0.113480
0.044445 0.006900 0.116500
0.044468 0.005170 0.112883
0.043898 0.003542 0.111474
0.034665 -0.000895 0.117097
0.043802 0.005669 0.117652
0.044326 0.004256 0.111356
0.036098 -0.000150 0.119047
0.042816 0.004307 0.118349
0.040111 0.000808 0.113391
0.043336 0.003600 0.114155
0.044586 0.005311 0.112133
0.040122 0.000265 0.111207
0.039473 0.000408 0.114102
0.036755 -0.000562 0.118499
0.040711 0.003416 0.123240
0.037838 -0.000272 0.115612
0.040205 0.002308 0.122192
0.038812 -0.000123 0.112682
0.044300 0.007048 0.121267
0.044317 0.007071 0.122759
0.045012 0.008061 0.118632
0.038553 -0.000052 0.115743
0.041226 0.004074 0.123481
0.041182 0.003234 0.119339
0.044579 0.006091 0.113866
0.037788 -0.000173 0.120673
0.043540 0.004355 0.115613
0.038552 0.000122 0.120221
0.037504 -0.000409 0.113309
0.041716 0.003167 0.117713
0.035181 -0.000519 0.117760
0.042409 0.005046 0.123165
0.043988 0.005153 0.115486
0.044072 0.004556 0.113687
0.042099 0.002217 0.113037
0.043495 0.003452 0.112689
0.038021 -0.000316 0.119161
0.044792 0.007114 0.114368
0.043617 0.004935 0.116550
0.041847 0.004556 0.123284
0.044544 0.007048 0.116121
0.041937 0.004239 0.120854
0.044684 0.005921 0.112570
0.043136 0.004617 0.118017
0.038972 0.000167 0.117812
0.040313 0.002474 0.121940
0.036995 -0.000570 0.116530
0.045431 0.008283 0.118268
0.044081 0.003749 0.111285
0.037301 -0.000084 0.121279
0.043464 0.005102 0.118090
0.042407 0.003797 0.117881
0.041471 0.004245 0.123150
0.040642 0.002957 0.120335
0.040193 0.001045 0.115371
0.042928 0.003145 0.114007
0.038417 -0.000111 0.119554
0.038996 -0.000002 0.113149
0.036918 -0.000124 0.120097
0.040079 0.000944 0.115117
0.042656 0.002638 0.112623
0.040395 0.002633 0.121854
0.040003 0.000815 0.114134
0.037311 0.000203 0.121826
0.034876 -0.000756 0.116286
0.043836 0.006233 0.120893
0.037021 -0.000442 0.116821
0.043319 0.005025 0.118518
0.039827 0.000710 0.114588
0.043295 0.003804 0.115082
0.037665 -0.000275 0.114476
0.040097 0.002118 0.122287
0.037414 -0.000533 0.116322
0.041409 0.001707 0.113350
0.037125 -0.000396 0.115572
0.041911 0.004515 0.122487
0.036292 -0.000451 0.112879
0.043538 0.004607 0.116198
0.039715 0.000479 0.113463
0.042471 0.002224 0.111472
0.036903 -0.000644 0.112013
0.044152 0.004471 0.113056
0.035459 -0.000557 0.116689
0.042819 0.003696 0.116292
0.040355 0.001166 0.114876
0.043669 0.005540 0.118457
0.037075 -0.000439 0.114655
0.037507 -0.000222 0.120156
0.038339 -0.000234 0.117162
0.037114 -0.000470 0.114143
0.043497 0.003781 0.114119
0.038023 -0.000295 0.119647
0.045001 0.008041 0.119323
0.039348 0.001110 0.122712
0.039411 0.000482 0.116206
0.043884 0.006316 0.120409
0.042882 0.003317 0.115019
0.037062 -0.000066 0.120614
0.038665 -0.000475 0.111784
0.044107 0.005048 0.114769
0.039315 0.000526 0.118456
0.044363 0.006998 0.119061
0.038521 0.000617 0.123646
0.039256 0.000729 0.120374
0.044505 0.005840 0.113919
0.044477 0.004991 0.112367
0.039171 0.000929 0.123926
0.040383 0.002565 0.121196
0.045804 0.008410 0.117788
0.038823 0.000356 0.120815
0.042964 0.003755 0.115964
0.037764 -0.000497 0.117210
0.044612 0.007040 0.115484
0.038032 -0.000386 0.117085
0.037686 -0.000323 0.115929
0.034858 -0.000826 0.116462
0.038885 0.000334 0.120044
0.039227 0.000374 0.117768
0.039268 -0.000069 0.112244
0.042407 0.002612 0.113684
0.042487 0.002800 0.114454
0.036308 -0.000357 0.118788
0.041761 0.003543 0.118681
0.037840 -0.000487 0.112554
0.044309 0.006860 0.119240
0.035449 -0.000623 0.117630
0.038487 -0.000097 0.113655
0.039064 0.000212 0.115758
0.040736 0.002106 0.117782
0.035598 -0.000291 0.118438
0.043306 0.003348 0.113073
0.037463 -0.000294 0.114774
0.034955 -0.000552 0.116637
0.042912 0.004446 0.118471
0.043174 0.005787 0.123068
0.034720 -0.000494 0.117340
0.036502 -0.000422 0.115223
0.043769 0.003945 0.113408
0.044338 0.007031 0.120939
0.040046 0.001862 0.121173
0.039074 0.000344 0.118791
0.041465 0.003848 0.120947
0.042086 0.001916 0.111877
0.044086 0.006622 0.121008
0.035996 -0.000339 0.114787
0.038695 -0.000659 0.111332
0.044630 0.006775 0.114822
0.044439 0.004641 0.111917
0.038213 -0.000198 0.119822
0.036973 0.000277 0.122618
0.037389 -0.000528 0.112356
0.044440 0.007010 0.116961
0.044168 0.006853 0.121774
0.038540 -0.000036 0.119226
0.038687 0.000029 0.115343
0.037101 -0.000490 0.112622
0.042529 0.002666 0.113347
0.044622 0.005587 0.112370
0.044853 0.007468 0.114818
0.040159 0.001913 0.120760
0.036895 -0.000305 0.115061
0.045114 0.008059 0.115903
0.036295 0.000082 0.120225
0.043570 0.005851 0.120618
0.037223 -0.000109 0.120360
0.037712 -0.000523 0.117480
0.043692 0.003927 0.113780
0.044124 0.005222 0.114940
0.045562 0.008356 0.116747
0.039242 0.000852 0.121839
0.039548 0.001292 0.122833
0.045621 0.008370 0.116043
0.040217 0.002169 0.121239
0.044113 0.006543 0.120162
0.038793 -0.000120 0.112920
0.041017 0.003616 0.121155
0.044054 0.004868 0.114629
0.042594 0.003970 0.117478
0.039426 0.000756 0.119294
0.036795 -0.000535 0.118224
0.035556 -0.000063 0.118910
0.043809 0.005908 0.118648
0.040527 0.002984 0.122031
0.037624 -0.000197 0.120365
0.039935 0.001297 0.118676
0.039428 0.000871 0.120146
0.041124 0.003416 0.120173
0.038235 -0.000157 0.115790
0.037060 -0.000433 0.118101
0.041735 0.003919 0.120157
0.036386 -0.000481 0.118228
0.045176 0.008175 0.118877
0.042086 0.002308 0.113584
0.043706 0.006272 0.121792
0.040229 0.001713 0.119292
0.044163 0.006867 0.122890
0.038652 0.000663 0.123838
0.043510 0.004049 0.114956
0.044311 0.007091 0.122937
0.043013 0.004416 0.117749
0.043900 0.003493 0.111169
0.037868 -0.000603 0.111592
0.043375 0.005965 0.122833
0.040367 0.000798 0.112358
0.036261 -0.000481 0.117837
0.043490 0.004647 0.116536
0.038938 0.000517 0.121042
0.040483 0.002801 0.121552
0.040777 0.002424 0.118520
0.039800 0.000690 0.114994
0.040781 0.001588 0.115997
0.041911 0.002279 0.114497
0.040445 0.001258 0.115174
0.035002 -0.000880 0.115354
0.037170 -0.000480 0.117164
0.037166 0.000456 0.123480
0.045046 0.008042 0.115299
0.041805 0.001690 0.111944
0.041240 0.001496 0.112884
0.043671 0.005147 0.116658
0.039769 0.000987 0.118297
0.037387 0.000431 0.123364
0.037125 -0.000478 0.116058
0.040599 0.003311 0.123722
0.043630 0.005350 0.117092
0.043292 0.004886 0.118174
0.040587 0.001828 0.117508
0.038198 -0.000330 0.118737
0.035890 0.000321 0.120775
0.037323 -0.000608 0.111674
0.043655 0.005696 0.119319
0.040659 0.003342 0.123494
0.038282 -0.000275 0.117281
0.041731 0.003583 0.118870
0.039083 0.000274 0.117580
0.044278 0.004170 0.111446
0.037434 -0.000356 0.115692
0.042651 0.002718 0.112948
0.044068 0.006496 0.118044
0.038585 0.000642 0.123951
0.044418 0.007173 0.121011
0.040183 0.002185 0.121891
0.038449 0.000551 0.123345
0.036218 -0.000448 0.113281
0.045179 0.008159 0.115014
0.042764 0.002462 0.111498
0.041464 0.001589 0.112555
0.037177 -0.000352 0.114997
0.043721 0.006080 0.120873
0.044226 0.006661 0.119721
0.037618 -0.000357 0.119150
0.037578 -0.000538 0.117593
0.036317 -0.000328 0.116336
0.039632 0.001313 0.121677
0.044737 0.007606 0.117098
0.043327 0.003906 0.115255
0.043378 0.005209 0.119018
0.037935 0.000579 0.124180
0.039136 0.000912 0.122482
0.043135 0.004813 0.118835
0.041247 0.003831 0.121406
0.044764 0.007740 0.119774
0.042017 0.004678 0.123523
0.041312 0.003790 0.121078
0.040601 0.001567 0.116722
0.038489 -0.000153 0.118362
0.039355 0.000651 0.119011
0.035290 -0.000096 0.118580
0.045285 0.008178 0.116130
0.043979 0.005852 0.116878
0.035649 -0.000406 0.118176
0.038809 0.000190 0.119792
0.037904 -0.000563 0.111812
0.041928 0.001714 0.111463
0.040360 0.000956 0.113171
0.042147 0.004763 0.122924
0.041494 0.004025 0.121487
0.037756 0.000066 0.121529
0.041224 0.001862 0.115306
0.038079 -0.000133 0.115406
0.038489 -0.000203 0.112897
0.042871 0.002672 0.111940
0.038822 -0.000357 0.111997
0.040399 0.000472 0.111098
0.040360 0.001906 0.119138
0.044621 0.007438 0.121245
0.037748 -0.000241 0.114877
0.040057 0.001735 0.120579
0.044807 0.007598 0.120565
0.036583 -0.000475 0.117993
0.043299 0.004684 0.117205
0.044512 0.007216 0.117405
0.043276 0.005267 0.119758
0.039996 0.001025 0.116848
0.043364 0.005129 0.118771
0.045534 0.008402 0.115698
0.035665 -0.000687 0.117303
0.042967 0.005497 0.122367
0.041488 0.002203 0.115856
0.041112 0.002415 0.117555
0.045279 0.008250 0.115566
0.041266 0.002210 0.116655
0.040616 0.002358 0.119160
0.040817 0.001776 0.116750
0.041541 0.002422 0.116473
0.038649 0.000674 0.123479
0.041180 0.001727 0.114537
0.040267 0.000463 0.111412
0.044981 0.007907 0.117016
0.036453 -0.000356 0.114249
0.037713 -0.000391 0.113146
0.042242 0.002747 0.115139
0.044382 0.004196 0.110820
0.039473 0.000578 0.117787
0.043882 0.006012 0.118529
0.041855 0.004293 0.121672
0.044156 0.006841 0.122320
0.044486 0.007292 0.117746
0.045910 0.008461 0.116491
0.038496 -0.000307 0.112318
0.040547 0.002949 0.120953
0.037789 -0.000257 0.115214
0.039851 0.001542 0.121148
0.042239 0.004658 0.122139
0.040704 0.001341 0.113977
0.043488 0.005043 0.117128
0.037735 0.000400 0.123250
0.043603 0.004662 0.115960
0.039577 0.000542 0.115567
0.044107 0.006595 0.120462
0.036048 -0.000390 0.118381
0.038829 0.000754 0.124002
0.039225 0.000256 0.114341
0.039816 0.000613 0.113653
0.040028 0.000642 0.112914
0.044313 0.005608 0.114574
0.040250 0.002362 0.122038
0.039260 0.000355 0.115993
0.043167 0.004153 0.116521
0.039443 0.000820 0.119732
0.039528 0.000309 0.113340
0.043300 0.004836 0.117929
0.043335 0.003448 0.113550
0.035302 -0.000434 0.115637
0.044813 0.007587 0.120805
0.041453 0.002441 0.116767
0.034821 -0.000916 0.116171
0.042725 0.004642 0.119777
0.037455 -0.000481 0.117980
0.039409 0.001022 0.122017
0.044148 0.004900 0.114117
0.039662 0.000141 0.112055
0.036257 0.000356 0.121541
0.042201 0.002110 0.112339
0.044449 0.005604 0.113819
0.043746 0.006174 0.121189
0.038217 -0.000230 0.119457
0.044671 0.007025 0.115105
0.045849 0.008436 0.117568
0.035520 -0.000465 0.114823
0.042370 0.004284 0.119651
0.036227 -0.000467 0.113954
0.042776 0.004971 0.120908
0.038632 0.000585 0.122725
0.041990 0.003909 0.119232
0.044327 0.006517 0.116528
0.041613 0.003530 0.118983
0.035904 -0.000708 0.117524
0.044538 0.007310 0.119777
0.040404 0.001126 0.113790
0.044014 0.004189 0.113108
0.039877 0.000944 0.117132
0.036711 0.000048 0.120805
0.043693 0.005101 0.116491
0.040424 0.002917 0.122847
0.044660 0.005816 0.112861
0.038487 -0.000037 0.114912
0.040634 0.002286 0.118812
0.036628 -0.000002 0.120240
0.042476 0.003635 0.117211
0.038806 0.000046 0.117580
0.041882 0.002647 0.116118
0.043311 0.003114 0.112100
0.040519 0.002922 0.121698
0.042342 0.003641 0.117417
0.042568 0.004670 0.120342
0.041373 0.002057 0.115647
0.044064 0.005242 0.115317
0.042451 0.004797 0.121823
0.040960 0.002965 0.119290
0.044108 0.006421 0.117059
0.042095 0.002353 0.113818
0.042331 0.004889 0.122616
0.043987 0.003530 0.110993
0.039797 0.001387 0.120509
0.037465 -0.000403 0.113860
0.040731 0.001473 0.114896
0.039593 0.001035 0.119824
0.044406 0.006968 0.116677
0.036732 -0.000523 0.112733
0.038881 0.000799 0.123094
0.039573 0.001279 0.122556
0.039613 0.000894 0.118735
0.041340 0.004130 0.123003
0.041068 0.003867 0.122571
0.042209 0.002370 0.113280
0.042030 0.003445 0.117791
0.043648 0.004285 0.114940
0.043666 0.003298 0.111573
0.044426 0.004545 0.111439
0.035406 -0.000273 0.115821
0.036444 -0.000507 0.113448
0.039680 0.000993 0.119083
0.039606 0.000772 0.118157
0.040742 0.003309 0.121049
0.043643 0.004002 0.114276
0.040005 0.000785 0.113835
0.043619 0.005789 0.118987
0.044802 0.007752 0.117750
0.040969 0.003641 0.121563
0.036194 0.000233 0.120703
0.043552 0.003067 0.111125
0.042803 0.005382 0.122912
0.041181 0.003985 0.123094
0.040359 0.002534 0.121690
0.039621 0.000659 0.116359
0.038495 -0.000177 0.117678
0.036221 0.000190 0.120516
0.045196 0.008157 0.118494
0.044944 0.007831 0.116521
0.043068 0.004851 0.119248
0.044838 0.007200 0.114093
0.043616 0.006165 0.122283
0.035874 -0.000146 0.118932
0.044452 0.004460 0.110998
0.043488 0.005082 0.117722
0.040462 0.001293 0.115513
0.039982 0.001356 0.118865
0.037698 -0.000370 0.113471
0.042923 0.003239 0.114557
0.043427 0.003264 0.112291
0.041735 0.002082 0.114240
0.040248 0.000671 0.112266
0.037169 0.000212 0.122060
0.042506 0.003393 0.116386
0.043790 0.003801 0.112793
0.036941 -0.000373 0.115364
0.043841 0.003887 0.112426
0.044223 0.006943 0.122046
0.039663 0.000721 0.117019
0.041162 0.001489 0.113107
0.038156 0.000473 0.123505
0.037084 -0.000570 0.118307
0.037274 0.000249 0.122599
0.042551 0.003184 0.115616
0.043615 0.006211 0.122747
0.042716 0.003720 0.116861
0.044074 0.005515 0.115861
0.039073 0.000945 0.123265
0.037361 -0.000139 0.121147
0.041950 0.002974 0.116750
0.040602 0.003223 0.121689
0.039770 0.000707 0.115754
0.040433 0.002380 0.120225
0.045283 0.008212 0.118120
0.040344 0.002187 0.120315
0.042252 0.001959 0.111312
0.042411 0.004837 0.122104
0.039748 0.001623 0.123086
0.044030 0.006429 0.118981
0.043740 0.003104 0.110677
0.044036 0.004565 0.114001
0.040734 0.003380 0.121533
0.036548 -0.000456 0.117698
0.039307 -0.000265 0.111709
0.041632 0.003380 0.118479
0.041685 0.004018 0.120937
0.036866 -0.000454 0.115889
0.044324 0.005234 0.113814
0.044474 0.007217 0.120045
0.040595 0.003129 0.121346
0.038684 0.000057 0.118679
0.042844 0.002334 0.110776
0.045354 0.008249 0.116028
0.037488 -0.000504 0.117066
0.044778 0.007685 0.116847
0.035868 -0.000337 0.117796
0.040678 0.003472 0.123014
0.042619 0.003504 0.116422
0.036712 -0.000470 0.117115
0.043422 0.005130 0.118386
0.039744 0.001458 0.121851
0.039338 0.001042 0.123843
0.039558 0.001359 0.123157
0.042954 0.003802 0.116148
0.040707 0.003148 0.120402
0.043938 0.005510 0.116268
0.045430 0.008253 0.116193
0.035404 -0.000504 0.114708
0.035770 0.000008 0.119199
0.045724 0.008391 0.116363
0.039584 0.000625 0.116534
0.040400 0.002375 0.120558
0.043853 0.006012 0.119300
0.039694 0.000590 0.114354
0.040028 0.000608 0.112741
0.038332 -0.000177 0.113929
0.044472 0.005893 0.114230
0.038453 -0.000495 0.111755
0.035985 -0.000372 0.115664
0.036902 -0.000498 0.113042
0.043559 0.004965 0.116810
0.044644 0.007595 0.117843
0.041381 0.002015 0.115456
0.040092 0.002288 0.123884
0.040258 0.001691 0.118847
0.042089 0.001757 0.111126
0.040685 0.001563 0.116281
0.041678 0.004347 0.122552
0.037834 -0.000590 0.112251
0.037856 -0.000482 0.117393
0.046274 0.008576 0.116667
0.039407 0.001107 0.124011
0.044071 0.006154 0.116862
0.038300 -0.000200 0.113227
0.043384 0.004192 0.115781
0.043512 0.003143 0.111392
0.039793 0.001694 0.123798
0.043728 0.005896 0.119804
0.042021 0.004327 0.121297
0.040151 0.001039 0.115605
0.041840 0.003250 0.117659
0.040600 0.002829 0.120331
0.040521 0.001105 0.113414
0.041085 0.001287 0.112352
0.042864 0.004174 0.117462
0.037274 -0.000336 0.119419
0.045147 0.008097 0.117835
0.044547 0.005104 0.111939
0.038368 0.000332 0.122025
0.038094 -0.000680 0.111434
0.044413 0.007144 0.117994
0.042559 0.003338 0.115985
0.036537 -0.000383 0.114505
0.042248 0.004281 0.119963
0.036767 0.000055 0.121253
0.042756 0.005217 0.121794
0.038289 -0.000306 0.117786
0.040784 0.001547 0.115624
0.043380 0.005357 0.119550
0.037593 0.000254 0.122711
0.040868 0.003124 0.120066
0.041764 0.003986 0.120348
0.043148 0.002670 0.110919
0.045448 0.008283 0.118475
0.041400 0.003211 0.118421
0.043159 0.002850 0.111303
0.039601 0.000932 0.119304
0.042555 0.004752 0.121017
0.039961 0.000252 0.111602
0.041916 0.004172 0.120650
0.038695 -0.000331 0.112190
0.037233 -0.000302 0.119642
0.040797 0.001489 0.114590
0.036413 -0.000224 0.119483
0.044731 0.006835 0.114083
0.042865 0.004301 0.118100
0.043206 0.005842 0.123385
0.037424 -0.000567 0.118523
0.042715 0.002466 0.111863
0.035917 0.000148 0.119984
0.042044 0.004492 0.121946
0.042426 0.005072 0.123333
0.041615 0.001810 0.113111
0.040549 0.000890 0.112266
0.041463 0.001870 0.114241
0.039158 0.000522 0.119877
0.041641 0.001447 0.111367
0.040790 0.003528 0.123378
0.041091 0.001784 0.115529
0.043451 0.004360 0.115920
0.040321 0.001129 0.114277
0.036002 -0.000412 0.118032
0.044523 0.007197 0.117138
0.044518 0.007295 0.121165
0.044905 0.007867 0.117662
0.044327 0.007145 0.121464
0.039726 0.001424 0.122490
0.042396 0.002872 0.114951
0.039401 -0.000089 0.111921
0.037958 -0.000290 0.115986
0.039474 0.000457 0.115442
0.040430 0.002067 0.119261
0.044534 0.006486 0.114899
0.039610 0.000504 0.114703
0.041330 0.001889 0.114933
0.041670 0.003650 0.119281
0.043801 0.006453 0.122017
0.040725 0.001824 0.117163
0.037144 -0.000347 0.118950
0.037995 -0.000344 0.118257
0.044274 0.003835 0.110523
0.044625 0.006530 0.114456
0.043321 0.003252 0.112652
0.040408 0.002720 0.122120
0.040611 0.001342 0.114368
0.044580 0.007422 0.121949
0.043435 0.005372 0.119303
0.043815 0.003727 0.111981
0.038022 -0.000312 0.116169
0.039924 0.001404 0.120024
0.039040 0.000218 0.116252
0.036768 -0.000371 0.114791
0.036719 -0.000465 0.116676
0.038483 -0.000132 0.117034
0.040477 0.000951 0.112608
0.042119 0.004085 0.119677
0.034809 -0.000564 0.117134
0.043191 0.003194 0.112987
0.042728 0.004385 0.118969
0.037620 -0.000565 0.111756
0.044302 0.006920 0.120571
0.044935 0.007800 0.116199
0.044344 0.006906 0.117480
0.044184 0.006744 0.120731
0.037500 0.000287 0.122899
0.038433 -0.000171 0.118749
0.043024 0.005315 0.121189
0.045261 0.008154 0.117435
0.041971 0.004105 0.120152
0.035558 -0.000622 0.116948
0.035526 0.000296 0.119821
0.042493 0.002762 0.114134
0.038610 0.000106 0.120044
0.038770 0.000462 0.121328
0.038024 0.000528 0.123968
0.037928 -0.000382 0.112898
0.044008 0.006415 0.120296
0.041315 0.004068 0.122750
0.040802 0.003640 0.122677
0.045275 0.008142 0.119548
0.043351 0.004626 0.116869
0.042114 0.004282 0.120463
0.042333 0.003240 0.116512
0.042118 0.003335 0.117213
0.040278 0.002557 0.122670
0.040884 0.003706 0.123090
0.038975 0.000230 0.118508
0.038608 -0.000113 0.117830
0.038022 -0.000413 0.117329
0.043064 0.005167 0.120374
0.043991 0.004876 0.114972
0.042377 0.002788 0.114786
