0.048429 0.007390 0.147254
0.055319 0.007568 0.153890
0.055212 0.007457 0.154199
0.052403 0.009342 0.144998
0.052491 0.009004 0.145826
0.055226 0.008815 0.149461
0.058619 0.007499 0.151529
0.053460 0.007750 0.151156
0.049578 0.006063 0.151813
0.055636 0.007791 0.153122
0.054070 0.007031 0.155067
0.048948 0.006799 0.149452
0.049481 0.007663 0.147365
0.051782 0.010150 0.142900
0.049471 0.008147 0.146015
0.056605 0.008233 0.150575
0.053168 0.007922 0.150046
0.059553 0.006931 0.153167
0.047782 0.006639 0.147387
0.053318 0.007816 0.150858
0.052460 0.010315 0.143078
0.050395 0.006151 0.152991
0.050347 0.005984 0.153140
0.055136 0.007365 0.154548
0.049348 0.007007 0.148679
0.049045 0.005465 0.151468
0.050048 0.007380 0.149260
0.054611 0.010383 0.141800
0.054670 0.009223 0.146548
0.055419 0.008918 0.148515
0.057676 0.008993 0.147064
0.059412 0.009595 0.145987
0.053047 0.009468 0.145376
0.050540 0.009075 0.144107
0.058412 0.009641 0.145325
0.053319 0.009457 0.145597
0.054384 0.007116 0.154907
0.054813 0.007604 0.153680
0.054197 0.006929 0.155337
0.056994 0.007371 0.154970
0.050465 0.008520 0.145886
0.055441 0.007884 0.152295
0.056732 0.009686 0.144441
0.053613 0.006898 0.154725
0.052214 0.008633 0.146542
0.058480 0.008576 0.148760
0.055970 0.008824 0.148405
0.049768 0.009081 0.143234
0.049230 0.007622 0.147284
0.048633 0.008374 0.144698
0.060364 0.009834 0.145770
0.049981 0.006781 0.150968
0.054972 0.008189 0.151320
0.055965 0.009808 0.144019
0.053456 0.006722 0.155513
0.049717 0.007295 0.149278
0.058208 0.007762 0.151083
0.056412 0.009636 0.144545
0.056338 0.007574 0.153938
0.060197 0.008913 0.148455
0.052430 0.008485 0.147065
0.053754 0.007128 0.154247
0.052148 0.008371 0.147127
0.054657 0.007241 0.155010
0.054291 0.009525 0.145201
0.051679 0.006722 0.153200
0.051813 0.008318 0.146914
0.057638 0.009914 0.144131
0.049705 0.008507 0.145303
0.049632 0.008321 0.145852
0.054802 0.008136 0.151394
0.056054 0.007382 0.154480
0.054972 0.008189 0.151320
0.052001 0.008123 0.147957
0.049532 0.008769 0.144033
0.051329 0.008996 0.144785
0.054461 0.009289 0.146267
0.052997 0.008279 0.148719
0.049775 0.006646 0.151289
0.051598 0.009451 0.144170
0.050396 0.007485 0.148970
0.050836 0.007336 0.150187
0.047917 0.007230 0.146960
0.051812 0.008029 0.148066
0.049222 0.006614 0.150398
0.047741 0.006451 0.147722
0.057868 0.008378 0.149342
0.051502 0.006846 0.152177
0.055028 0.008116 0.151597
0.058844 0.007259 0.152197
0.060034 0.009871 0.145418
0.052291 0.008896 0.145828
0.051349 0.006528 0.153446
0.048637 0.005088 0.151305
0.048754 0.008724 0.143547
0.058339 0.010168 0.143627
0.054877 0.009689 0.144437
0.051159 0.006436 0.153429
0.052750 0.010082 0.143710
0.054987 0.007335 0.154578
0.053793 0.007431 0.152834
0.054353 0.009251 0.146583
0.048288 0.004985 0.150651
0.052718 0.008347 0.148006
0.057204 0.008398 0.149684
0.053116 0.006676 0.155132
0.057792 0.007249 0.154223
0.055119 0.007087 0.155560
0.048795 0.007590 0.146756
0.056021 0.009158 0.146377
0.053563 0.007889 0.150843
0.054776 0.007610 0.153384
0.055102 0.008348 0.150833
0.049037 0.008793 0.143567
0.048336 0.005403 0.150017
0.055431 0.008594 0.150090
0.051857 0.008980 0.145413
0.057875 0.009100 0.146723
0.055221 0.007761 0.152994
0.059289 0.009269 0.146873
0.048705 0.005869 0.150289
0.054918 0.006956 0.156112
0.052977 0.009503 0.145221
0.050912 0.009754 0.143084
0.057216 0.008666 0.148306
0.051377 0.010336 0.142453
0.052902 0.010303 0.143280
0.052856 0.007480 0.151401
0.051630 0.008413 0.146619
0.057216 0.008666 0.148306
0.051679 0.006606 0.153574
0.049328 0.008988 0.143274
0.052078 0.006822 0.153295
0.048539 0.005662 0.150208
0.052488 0.007550 0.150580
0.057626 0.008792 0.147696
0.052021 0.008830 0.145817
0.056536 0.008804 0.148175
0.057046 0.007781 0.153365
0.056858 0.007419 0.154704
0.055912 0.008791 0.148728
0.056202 0.009237 0.146005
0.054807 0.007415 0.154194
0.052419 0.007792 0.149640
0.055832 0.009017 0.147259
0.049473 0.006094 0.151585
0.055862 0.009483 0.145018
0.053622 0.010576 0.142141
0.059672 0.008283 0.149862
0.051712 0.008646 0.146200
0.054135 0.008446 0.149861
0.055185 0.010164 0.142560
0.058440 0.009111 0.147033
0.057154 0.007352 0.154642
0.048519 0.008090 0.145777
0.052065 0.007225 0.151332
0.052758 0.010318 0.143198
0.055296 0.009134 0.146565
0.048810 0.007578 0.147074
0.048721 0.005063 0.151718
0.050715 0.007584 0.148681
0.054114 0.008284 0.150274
0.055851 0.009689 0.144387
0.048169 0.008263 0.144837
0.057897 0.007448 0.152086
0.048144 0.008135 0.145288
0.059712 0.009560 0.146201
0.058381 0.007014 0.153116
0.049174 0.007066 0.149247
0.051650 0.007076 0.151576
0.057489 0.007624 0.152019
0.051947 0.006584 0.154291
0.051322 0.006600 0.152935
0.050333 0.007131 0.150693
0.053335 0.008830 0.147432
0.051144 0.007762 0.148744
0.054288 0.010452 0.141776
0.054705 0.010232 0.142471
0.049292 0.007374 0.148379
0.057498 0.007346 0.154147
0.048838 0.007283 0.147983
0.053854 0.008517 0.149036
0.049123 0.008300 0.145403
0.050857 0.007798 0.148109
0.055428 0.007371 0.154790
0.059187 0.008742 0.148367
0.054404 0.008950 0.148098
0.051569 0.009964 0.143165
0.051830 0.008566 0.146430
0.052489 0.008825 0.146372
0.054053 0.008609 0.149188
0.056718 0.008172 0.150817
0.056687 0.007823 0.153139
0.053852 0.009784 0.144306
0.052555 0.010595 0.142437
0.048267 0.007849 0.146228
0.053272 0.006771 0.154792
0.052502 0.007196 0.152025
0.051004 0.009635 0.143400
0.052144 0.007206 0.151594
0.052149 0.010245 0.143027
0.052325 0.006598 0.154650
0.058738 0.008208 0.149784
0.054249 0.009367 0.145986
0.049818 0.005912 0.152546
0.054917 0.007104 0.155279
0.053533 0.007128 0.153852
0.055985 0.008003 0.152332
0.058909 0.008974 0.147550
0.056230 0.008318 0.150527
0.053380 0.009199 0.146289
0.054083 0.006820 0.155639
0.048316 0.004695 0.151288
0.059080 0.009946 0.144691
0.053230 0.010275 0.143326
0.056241 0.007852 0.153043
0.058598 0.008606 0.148637
0.054490 0.006823 0.156166
0.057167 0.007982 0.151078
0.052774 0.008763 0.146751
0.050165 0.005972 0.152949
0.047604 0.006093 0.148098
0.048027 0.004662 0.150510
0.055227 0.008055 0.151798
0.058334 0.008656 0.148285
0.057127 0.007586 0.153890
0.056030 0.008928 0.147630
0.054869 0.009407 0.145303
0.053024 0.009990 0.143982
0.048579 0.007910 0.146318
0.058696 0.007693 0.151082
0.055669 0.009973 0.143342
0.054843 0.010065 0.143075
0.054397 0.010314 0.142284
0.057162 0.007347 0.154757
0.057984 0.007530 0.151731
0.053179 0.007430 0.152052
0.060575 0.009513 0.146867
0.056174 0.010186 0.142456
0.049978 0.007258 0.148789
0.050488 0.006893 0.151599
0.051272 0.009795 0.143278
0.051529 0.007874 0.148819
0.059368 0.007162 0.152533
0.048977 0.005333 0.151890
0.052003 0.010501 0.142379
0.049247 0.007499 0.147810
0.053107 0.007643 0.151085
0.053282 0.007271 0.152691
0.048393 0.008398 0.144496
0.055379 0.009070 0.146775
0.054897 0.008281 0.150942
0.053051 0.006959 0.153779
0.059518 0.009997 0.144790
0.056870 0.008745 0.148247
0.059419 0.007492 0.151722
0.055637 0.008878 0.148345
0.055296 0.007907 0.152203
0.056529 0.008623 0.149042
0.058585 0.009256 0.146651
0.048547 0.005157 0.150908
0.053644 0.007210 0.153331
0.055609 0.009759 0.144162
0.058615 0.009066 0.147170
0.052314 0.008422 0.147158
0.057682 0.007643 0.151695
0.060017 0.009446 0.146705
0.053638 0.010178 0.143436
0.054000 0.007235 0.153978
0.048136 0.007927 0.145878
0.058303 0.007163 0.152545
0.054705 0.009606 0.144713
0.056571 0.009149 0.146207
0.053013 0.008082 0.149247
0.056841 0.008055 0.151196
0.051636 0.010088 0.142930
0.051187 0.007416 0.149793
0.052733 0.006701 0.154730
0.051865 0.007827 0.149019
0.060043 0.009642 0.146169
0.056712 0.008308 0.150227
0.057291 0.007555 0.153581
0.053874 0.007024 0.154821
0.054462 0.008631 0.149726
0.055390 0.009955 0.143416
0.050308 0.007381 0.149369
0.055594 0.008380 0.150889
0.051022 0.006999 0.151299
0.049979 0.008293 0.146015
0.053497 0.007970 0.150587
0.051403 0.007393 0.150190
0.057958 0.007192 0.153931
0.057146 0.010252 0.142712
0.058310 0.007520 0.151541
0.057486 0.007580 0.152467
0.049341 0.005971 0.151393
0.058396 0.007058 0.153815
0.053607 0.009692 0.144688
0.051092 0.008760 0.145327
0.055686 0.009852 0.143823
0.053380 0.009199 0.146289
0.053620 0.007365 0.152925
0.053597 0.008369 0.149107
0.052974 0.007001 0.153397
0.056263 0.008279 0.150772
0.051122 0.007323 0.150200
0.056785 0.007856 0.152623
0.058606 0.007036 0.152893
0.055565 0.009432 0.145189
0.050811 0.009279 0.143848
0.049544 0.007628 0.147533
0.055512 0.010269 0.141993
0.053690 0.007016 0.154461
0.050637 0.008658 0.145315
0.058122 0.008238 0.149776
0.050963 0.006508 0.152828
0.055770 0.008881 0.148163
0.052338 0.008216 0.147946
0.055361 0.008996 0.147262
0.057892 0.009701 0.144883
0.052713 0.007106 0.152831
0.055104 0.009529 0.144902
0.054034 0.009176 0.146809
0.057923 0.010057 0.143766
0.050908 0.008791 0.145105
0.051451 0.008298 0.146739
0.054401 0.009154 0.147031
0.053692 0.009806 0.144250
0.056040 0.009592 0.144678
0.054395 0.008540 0.149897
0.048748 0.006204 0.149870
0.054291 0.009525 0.145201
0.052905 0.007379 0.151905
0.049307 0.008824 0.143718
0.058115 0.007100 0.153275
0.050066 0.006660 0.151647
0.051045 0.008411 0.146163
0.054772 0.007068 0.155670
0.051139 0.007341 0.149964
0.048371 0.005567 0.149858
0.049807 0.007255 0.148584
0.051168 0.007674 0.149079
0.053570 0.007397 0.152589
0.059980 0.008407 0.149681
0.057447 0.009092 0.146674
0.049253 0.008665 0.144150
0.049578 0.006063 0.151813
0.048177 0.005854 0.149283
0.048097 0.005061 0.150078
0.059651 0.007637 0.151444
0.048683 0.006472 0.149443
0.048194 0.006933 0.147735
0.055473 0.007860 0.152735
0.054346 0.009856 0.144085
0.057875 0.009100 0.146723
0.057901 0.008741 0.147848
0.051554 0.006680 0.153004
0.056621 0.010338 0.142095
0.056971 0.007783 0.152368
0.052021 0.008830 0.145817
0.050501 0.008570 0.145617
0.054245 0.007624 0.152611
0.053519 0.008554 0.148311
0.050054 0.008691 0.144811
0.050284 0.007880 0.147325
0.048584 0.007004 0.148242
0.048333 0.006477 0.148996
0.052127 0.010442 0.142679
0.056646 0.009450 0.145143
0.056153 0.009103 0.146630
0.059977 0.009130 0.147663
0.051879 0.008137 0.147819
0.050284 0.007880 0.147325
0.051942 0.009971 0.143505
0.049814 0.008550 0.145106
0.057956 0.008010 0.150432
0.052553 0.010198 0.143355
0.055859 0.010106 0.142719
0.055322 0.008957 0.147833
0.053757 0.006822 0.155346
0.057368 0.007887 0.151255
0.048671 0.007133 0.148046
0.051892 0.008001 0.148594
0.056453 0.010213 0.142486
0.056530 0.008878 0.147702
0.051482 0.009161 0.144550
0.055331 0.007695 0.153291
0.048925 0.008189 0.145661
0.049989 0.007445 0.148443
0.054890 0.008968 0.148372
0.051107 0.009150 0.144319
0.052679 0.008651 0.146986
0.056946 0.009209 0.146162
0.052122 0.008107 0.148079
0.056431 0.009775 0.144121
0.055770 0.010335 0.141615
0.054816 0.007907 0.152002
0.048790 0.008003 0.146157
0.057188 0.009247 0.145982
0.057687 0.008386 0.149264
0.052299 0.006769 0.153766
0.055234 0.009017 0.147501
0.049144 0.008198 0.145835
0.056915 0.008993 0.147071
0.050840 0.007336 0.150476
0.047987 0.005531 0.149264
0.054605 0.008426 0.150498
0.056044 0.008582 0.149739
0.047907 0.004723 0.150151
0.059133 0.006728 0.153679
0.051156 0.008882 0.144975
0.051558 0.006712 0.152828
0.056858 0.007419 0.154704
0.053812 0.008578 0.148778
0.059841 0.007989 0.150655
0.052859 0.007205 0.152511
0.050660 0.007483 0.149193
0.055576 0.009555 0.144805
0.059081 0.009816 0.145083
0.051923 0.007627 0.149796
0.052948 0.006770 0.154566
0.048184 0.005718 0.149422
0.050979 0.008922 0.144804
0.053590 0.008449 0.148936
0.052343 0.008800 0.146319
0.047409 0.005010 0.148720
0.048371 0.005567 0.149858
0.056402 0.009889 0.143716
0.053334 0.007045 0.153739
0.052135 0.007033 0.152188
0.050254 0.006595 0.151923
0.053746 0.008027 0.150709
0.048566 0.008218 0.145343
0.054324 0.007034 0.155141
0.058876 0.008037 0.150264
0.053730 0.008756 0.148024
0.057064 0.008606 0.148813
0.057223 0.008988 0.147088
0.049137 0.005549 0.151872
0.055998 0.007282 0.155190
0.048535 0.008273 0.145099
0.051274 0.007110 0.150943
0.058204 0.007277 0.152350
0.059338 0.007650 0.151312
0.055573 0.007405 0.154580
0.056850 0.009943 0.143657
0.059005 0.008787 0.148164
0.053714 0.007685 0.151865
0.055568 0.009354 0.145567
0.054076 0.010093 0.143465
0.053166 0.008739 0.147628
0.058193 0.008018 0.150357
0.048324 0.005241 0.150391
0.048481 0.006470 0.149170
0.048890 0.006043 0.150398
0.057738 0.007999 0.150611
0.048899 0.006448 0.149838
0.048308 0.006928 0.148011
0.059000 0.007373 0.151997
0.050983 0.009974 0.142760
0.053780 0.007621 0.152235
0.059694 0.008633 0.148922
0.048336 0.007505 0.146819
0.059289 0.008886 0.148006
0.056886 0.007562 0.154067
0.048916 0.006609 0.149676
0.052098 0.007381 0.150900
0.048764 0.005337 0.151129
0.048099 0.007088 0.147378
0.059520 0.007982 0.150556
0.049184 0.009001 0.142999
0.054496 0.008835 0.148992
0.053090 0.009645 0.144908
0.057975 0.008585 0.148481
0.055210 0.008763 0.149754
0.056852 0.007519 0.154297
0.055496 0.010189 0.142339
0.058319 0.008346 0.149369
0.058480 0.008576 0.148760
0.048946 0.007004 0.148896
0.053168 0.007922 0.150046
0.058825 0.008832 0.147923
0.058958 0.006999 0.152960
0.050052 0.006123 0.152699
0.049811 0.008669 0.144576
0.050314 0.009563 0.142852
0.054010 0.007056 0.154677
0.052914 0.007795 0.150267
0.053403 0.010470 0.142623
0.054912 0.008548 0.150360
0.050004 0.006979 0.150430
0.051646 0.008993 0.145135
0.047961 0.006952 0.147258
0.048950 0.006357 0.150074
0.054371 0.008991 0.147888
0.053770 0.006935 0.154985
0.050314 0.009273 0.143574
0.047770 0.005406 0.149035
0.055245 0.010057 0.142984
0.059461 0.008708 0.148616
0.052893 0.006877 0.153989
0.056572 0.008088 0.151801
0.059752 0.009653 0.145947
0.052699 0.008281 0.148227
0.052407 0.009583 0.144575
0.049598 0.008379 0.145516
0.057656 0.008129 0.150312
0.053454 0.007103 0.153525
0.055768 0.007433 0.154731
0.056751 0.008816 0.147962
0.048178 0.004709 0.150714
0.058615 0.009066 0.147170
0.060480 0.009164 0.147887
0.053867 0.007858 0.151558
0.059247 0.008396 0.149397
0.050858 0.009174 0.144123
0.059268 0.008080 0.150225
0.051301 0.007308 0.150369
0.054522 0.009379 0.145561
0.054042 0.009298 0.146305
0.051406 0.009619 0.143676
0.051829 0.009337 0.144521
0.049054 0.008135 0.145959
0.053754 0.008971 0.147382
0.057284 0.008841 0.147577
0.059155 0.006885 0.153211
0.050208 0.009008 0.143963
0.053402 0.009870 0.144151
0.054727 0.008176 0.151149
0.052114 0.007716 0.149546
0.048754 0.008724 0.143547
0.056144 0.008174 0.151374
0.050995 0.009675 0.143288
0.047624 0.005052 0.149129
0.050795 0.006933 0.151578
0.052691 0.008518 0.147599
0.054720 0.008805 0.149321
0.056610 0.007558 0.154138
0.051918 0.006851 0.152491
0.048025 0.007366 0.146769
0.060480 0.009164 0.147887
0.049577 0.005858 0.152181
0.056309 0.008098 0.152155
0.047458 0.005225 0.148638
0.054946 0.008430 0.150626
0.057084 0.009158 0.146334
0.054493 0.009434 0.145334
0.050997 0.007076 0.151054
0.053938 0.008298 0.150105
0.053772 0.007187 0.153711
0.048579 0.007910 0.146318
0.052803 0.007685 0.150543
0.056212 0.007487 0.154648
0.057329 0.007799 0.151598
0.053969 0.010502 0.141946
0.057873 0.007218 0.153013
0.051805 0.007115 0.151363
0.049254 0.008049 0.146169
0.050890 0.007679 0.148427
0.056861 0.009083 0.146631
0.052680 0.008200 0.148563
0.054002 0.007315 0.153404
0.053990 0.007446 0.152907
0.050469 0.009589 0.143062
0.048894 0.006964 0.149175
0.053578 0.009043 0.147050
0.048516 0.005719 0.150026
0.053168 0.010147 0.143642
0.052189 0.009609 0.144344
0.054652 0.009320 0.145909
0.050096 0.008980 0.143902
0.047594 0.006724 0.147135
0.047580 0.006359 0.147578
0.051083 0.009404 0.143798
0.058977 0.009334 0.146560
0.055119 0.007087 0.155560
0.054555 0.007551 0.153137
0.053724 0.008394 0.149507
0.058567 0.008117 0.150018
0.056451 0.010110 0.142887
0.055703 0.008119 0.151838
0.055839 0.007242 0.155416
0.057456 0.009514 0.145256
0.057013 0.008130 0.150685
0.052707 0.009544 0.144910
0.056587 0.007663 0.153645
0.059841 0.007989 0.150655
0.057098 0.009101 0.146695
0.052441 0.008474 0.147278
0.055108 0.009931 0.143556
0.051563 0.008798 0.145543
0.049625 0.006580 0.150796
0.052093 0.009382 0.144687
0.052169 0.008806 0.145987
0.058077 0.007650 0.151416
0.057507 0.008859 0.147571
0.055050 0.008269 0.151045
0.054298 0.008578 0.149638
0.059506 0.007837 0.150918
0.055428 0.007371 0.154790
0.052691 0.006833 0.154227
0.052988 0.008418 0.148132
0.052414 0.008569 0.146794
0.050357 0.007479 0.148644
0.057320 0.008134 0.150467
0.047852 0.005196 0.149307
0.052222 0.010087 0.143411
0.052914 0.007795 0.150267
0.057204 0.008398 0.149684
0.049849 0.007930 0.147239
0.051376 0.007294 0.150544
0.057529 0.008688 0.148039
0.057425 0.010106 0.143369
0.051679 0.006606 0.153574
0.053085 0.007112 0.153214
0.056024 0.008706 0.149184
0.057408 0.009062 0.146924
0.052576 0.006998 0.153102
0.053473 0.008213 0.149535
0.050738 0.009206 0.143998
0.048343 0.005353 0.150205
0.053990 0.007446 0.152907
0.059587 0.009927 0.144983
0.053342 0.009092 0.146588
0.049684 0.007429 0.148448
0.057958 0.007192 0.153931
0.054990 0.009021 0.147742
0.051884 0.006729 0.153348
0.057632 0.009785 0.144505
0.052281 0.007682 0.149861
0.047677 0.004269 0.150563
0.055923 0.008499 0.149991
0.054674 0.010045 0.143210
0.053084 0.009164 0.146166
0.049628 0.007005 0.150168
0.058602 0.007598 0.151318
0.052018 0.007480 0.150262
0.052825 0.007131 0.153102
0.047843 0.006441 0.148034
0.052997 0.008279 0.148719
0.055134 0.007234 0.155144
0.057727 0.007311 0.153379
0.051814 0.008287 0.147227
0.048455 0.007945 0.146137
0.051422 0.006575 0.153245
0.054953 0.007850 0.152351
0.055290 0.007856 0.152365
0.053962 0.009974 0.143891
0.055284 0.009342 0.145526
0.050500 0.007734 0.147873
0.051600 0.007554 0.149700
0.053801 0.006780 0.155723
0.053084 0.009164 0.146166
0.057031 0.007728 0.153646
0.056161 0.008492 0.149857
0.050980 0.007963 0.147837
0.054264 0.008774 0.148857
0.053969 0.010502 0.141946
0.058295 0.007345 0.152078
0.054869 0.007655 0.153149
0.052855 0.009808 0.144342
0.049755 0.009228 0.142811
0.056214 0.008144 0.151684
0.056204 0.009978 0.143323
0.058551 0.007907 0.150562
0.053034 0.010637 0.142308
0.051020 0.008047 0.147484
0.054434 0.007474 0.153640
0.050872 0.008621 0.145469
0.055536 0.007168 0.155457
0.059287 0.008679 0.148739
0.049796 0.006607 0.151554
0.053600 0.008124 0.150306
0.049694 0.006195 0.151838
0.050279 0.007803 0.147515
0.058337 0.009165 0.146777
0.059360 0.010047 0.144558
0.053935 0.007076 0.154923
0.055992 0.007346 0.154553
0.051757 0.006565 0.154001
0.054279 0.009386 0.145770
0.050636 0.007715 0.148052
0.054709 0.007973 0.151724
0.051123 0.007463 0.149589
0.056694 0.008724 0.148495
0.056006 0.008404 0.150445
0.051830 0.007362 0.150434
0.057124 0.009576 0.144959
0.058476 0.008923 0.147516
0.058850 0.008703 0.148532
0.053568 0.007351 0.152772
0.059338 0.007319 0.152138
0.053066 0.008769 0.147254
0.050051 0.007604 0.148145
0.050798 0.008251 0.146660
0.049845 0.006886 0.150458
0.051934 0.007183 0.151367
0.048894 0.005394 0.151334
0.055532 0.010127 0.142630
0.050726 0.008967 0.144621
0.055626 0.009154 0.146492
0.056133 0.008985 0.147289
0.055117 0.010262 0.142134
0.051166 0.007910 0.148140
0.056843 0.010271 0.142479
0.055847 0.007444 0.154227
0.051839 0.009230 0.144732
0.051858 0.007725 0.149409
0.055580 0.009015 0.147038
0.054231 0.007445 0.153478
0.057645 0.008595 0.148461
0.054082 0.007518 0.152750
0.047627 0.005523 0.148710
0.057746 0.008516 0.148737
0.058208 0.007762 0.151083
0.056754 0.009041 0.146828
0.050895 0.008418 0.145986
0.049402 0.006678 0.150435
0.060270 0.009296 0.147292
0.047489 0.004320 0.150102
0.056448 0.008496 0.149710
0.059953 0.008256 0.150045
0.050124 0.008823 0.144620
0.048103 0.007603 0.146428
0.052215 0.007322 0.151218
0.050871 0.008703 0.145306
0.050130 0.008581 0.145574
0.049402 0.006678 0.150435
0.049855 0.007691 0.147659
0.048017 0.005389 0.149451
0.054013 0.010417 0.142263
0.050745 0.007901 0.147684
0.053731 0.010212 0.143260
0.057439 0.010203 0.143041
0.058426 0.007009 0.153433
0.052807 0.007262 0.152165
0.057406 0.008623 0.148364
0.051496 0.007967 0.148180
0.054860 0.009103 0.147482
0.057442 0.009990 0.143776
0.053777 0.009662 0.144800
0.059174 0.007836 0.150830
0.058240 0.008597 0.148520
0.058976 0.009541 0.145931
0.056232 0.009405 0.145267
0.056305 0.010265 0.142198
0.057051 0.008911 0.147370
0.054971 0.007990 0.151811
0.047466 0.005701 0.148321
0.058500 0.009800 0.144853
0.058170 0.007133 0.153645
0.058015 0.009235 0.146393
0.057413 0.008255 0.150173
0.055218 0.007822 0.152589
0.059039 0.008643 0.148669
0.056023 0.008890 0.147885
0.054841 0.008959 0.148758
0.050637 0.008792 0.144973
0.054515 0.007106 0.155564
0.052042 0.006856 0.152946
0.049645 0.008142 0.146147
0.058560 0.006882 0.154002
0.050418 0.006767 0.151659
0.058578 0.009444 0.146043
0.057562 0.007336 0.153971
0.055086 0.009254 0.145972
0.054278 0.006897 0.155507
0.058165 0.007079 0.154189
0.057222 0.009714 0.144533
0.047723 0.004392 0.150368
0.057499 0.007368 0.154336
0.052150 0.006656 0.154237
0.058003 0.008343 0.149575
0.048899 0.006448 0.149838
0.051481 0.009336 0.144279
0.053456 0.006722 0.155513
0.053005 0.006743 0.154763
0.049830 0.007000 0.150203
0.052329 0.007999 0.148884
0.059765 0.009467 0.146446
0.051602 0.008758 0.145676
0.047821 0.006832 0.147205
0.059520 0.007982 0.150556
0.058007 0.009002 0.147222
0.049935 0.007273 0.149618
0.057658 0.007358 0.152831
0.048894 0.007449 0.147676
0.050291 0.009201 0.143722
0.054596 0.007593 0.153436
0.052921 0.008646 0.147509
0.054410 0.007812 0.152218
0.053897 0.010262 0.143023
0.049681 0.008936 0.143624
0.051284 0.007889 0.148504
0.058585 0.009256 0.146651
0.051894 0.007192 0.151116
0.049127 0.005658 0.151297
0.047733 0.007516 0.146241
0.054809 0.009242 0.146217
0.057845 0.007244 0.153247
0.053351 0.006707 0.155328
0.055198 0.008511 0.150480
0.052262 0.009961 0.143745
0.056674 0.007432 0.154913
0.055050 0.008269 0.151045
0.048709 0.008362 0.144919
0.048768 0.007657 0.146633
0.052453 0.009321 0.145167
0.057180 0.007717 0.152621
0.058305 0.009511 0.145686
0.053108 0.007974 0.149726
0.056956 0.008076 0.151001
0.050412 0.008753 0.144960
0.057246 0.008041 0.150784
0.049086 0.006994 0.148666
0.058763 0.008711 0.148310
0.052990 0.010564 0.142632
0.058217 0.009702 0.145020
0.051615 0.009579 0.143970
0.054936 0.010361 0.141702
0.050718 0.008908 0.144837
0.052767 0.009869 0.144137
0.056043 0.009851 0.143861
0.055965 0.009965 0.143338
0.055379 0.009192 0.146273
0.060000 0.008954 0.148193
0.058387 0.007654 0.151209
0.060674 0.009869 0.145811
0.058951 0.008146 0.149978
0.053128 0.007619 0.151380
0.050656 0.007395 0.149531
0.054060 0.007969 0.151553
0.059511 0.008863 0.148177
0.053255 0.007228 0.152972
0.055391 0.008647 0.149953
0.057484 0.007961 0.150898
0.057997 0.008539 0.148707
0.057792 0.009443 0.145653
0.059100 0.007219 0.152332
0.059812 0.009922 0.145126
0.059607 0.007080 0.152812
0.060283 0.009927 0.145364
0.056661 0.008092 0.151565
0.053492 0.010508 0.142396
0.060538 0.009411 0.147110
0.055770 0.008881 0.148163
0.048488 0.006786 0.148532
0.055895 0.008330 0.150830
0.054434 0.010058 0.143343
0.050079 0.006954 0.150652
0.048307 0.005637 0.149682
0.055608 0.010028 0.143078
0.049513 0.005650 0.152426
0.050329 0.008683 0.145195
0.057616 0.008464 0.149002
0.048873 0.008301 0.145240
0.052858 0.009372 0.145486
0.059731 0.008439 0.149487
0.053548 0.009616 0.145020
0.057968 0.009569 0.145307
0.054756 0.009352 0.145580
0.051221 0.008089 0.147728
0.052614 0.007304 0.151742
0.055842 0.007876 0.152872
0.057745 0.010138 0.143419
0.055415 0.008549 0.150401
0.056264 0.008171 0.151884
0.055851 0.007943 0.152500
0.058058 0.007228 0.152632
0.051130 0.006488 0.153070
0.052083 0.007368 0.150664
0.048049 0.005903 0.149015
0.059861 0.008992 0.147987
0.047828 0.004786 0.149820
0.052724 0.007810 0.150103
0.053883 0.007164 0.154141
0.050626 0.007543 0.148398
0.058347 0.008185 0.149868
0.049979 0.008149 0.146344
0.053432 0.007391 0.152449
0.053054 0.008572 0.147868
0.057408 0.009389 0.145718
0.054233 0.007824 0.151945
0.055182 0.007329 0.154901
0.054448 0.008385 0.150343
0.053683 0.008667 0.148216
0.056571 0.009149 0.146207
0.056844 0.009780 0.144182
0.055675 0.007174 0.155647
0.051124 0.008530 0.145926
0.057284 0.007372 0.154541
0.056113 0.010263 0.142088
0.058339 0.010168 0.143627
0.051591 0.009664 0.143755
0.059553 0.006931 0.153167
0.054909 0.009352 0.145546
0.054818 0.007060 0.155892
0.048709 0.008362 0.144919
0.051374 0.010013 0.142925
0.055659 0.007268 0.155299
0.055626 0.009154 0.146492
0.053510 0.007584 0.152059
0.057107 0.010080 0.143307
0.055431 0.008594 0.150090
0.052042 0.008537 0.146671
0.053425 0.008081 0.150016
0.055026 0.009136 0.146670
0.055182 0.007329 0.154901
0.049877 0.007304 0.148991
0.053990 0.008105 0.150771
0.048459 0.005154 0.150719
0.052496 0.006776 0.154086
0.060306 0.009055 0.148122
0.050626 0.006256 0.153356
0.054562 0.008305 0.150789
0.048883 0.005296 0.151544
0.049872 0.006718 0.151473
0.050575 0.007450 0.149340
0.057952 0.008142 0.150113
0.049427 0.007149 0.148580
0.058109 0.009196 0.146643
0.057202 0.007781 0.152013
0.052747 0.006982 0.153285
0.050996 0.009073 0.144414
0.048875 0.005586 0.150897
0.052311 0.009706 0.144268
0.052230 0.008418 0.146924
0.057116 0.007696 0.152835
0.054148 0.009476 0.145488
0.048316 0.004695 0.151288
0.049653 0.007137 0.149685
0.050353 0.007315 0.149716
0.060354 0.009716 0.146141
0.047313 0.004332 0.149753
0.055536 0.007168 0.155457
0.048960 0.005523 0.151150
0.058770 0.010145 0.143956
0.049045 0.005465 0.151468
0.055471 0.008917 0.148044
0.057204 0.008398 0.149684
0.056873 0.007998 0.151611
0.049431 0.008530 0.144678
0.054720 0.007484 0.154001
0.048485 0.007700 0.146506
0.050398 0.006299 0.152733
0.051631 0.007961 0.148533
0.048915 0.005358 0.151717
0.057034 0.009482 0.145188
0.054843 0.010153 0.142742
0.048181 0.006375 0.148650
0.051529 0.007874 0.148819
0.057189 0.007728 0.152185
0.050323 0.006479 0.152386
0.053399 0.008569 0.148148
0.057426 0.008316 0.149941
0.056282 0.007468 0.154446
0.047505 0.004217 0.150374
0.054385 0.008847 0.148718
0.052812 0.006671 0.155046
0.051438 0.008870 0.145328
0.055391 0.008647 0.149953
0.050378 0.007493 0.148444
0.053089 0.007332 0.152269
0.051837 0.009884 0.143613
0.053321 0.009546 0.145307
0.047977 0.007736 0.146160
0.053921 0.008453 0.149458
0.058169 0.007922 0.150617
0.056840 0.007434 0.155136
0.049563 0.007027 0.149971
0.057189 0.007728 0.152185
0.057414 0.008571 0.148667
0.057051 0.008911 0.147370
0.047942 0.005018 0.149700
0.054515 0.007277 0.154336
0.060552 0.009336 0.147394
0.057566 0.007334 0.153762
0.049243 0.007573 0.147527
0.052430 0.008200 0.148143
0.050640 0.007353 0.150354
0.049642 0.006064 0.151975
0.049795 0.007577 0.148236
0.049104 0.005806 0.150985
0.052299 0.006769 0.153766
0.053087 0.007005 0.153527
0.056272 0.008927 0.147504
0.049229 0.005947 0.151148
0.052635 0.006889 0.153459
0.058223 0.008104 0.150073
0.057135 0.009859 0.144049
0.050304 0.006179 0.152846
0.055608 0.008960 0.147521
0.052301 0.008107 0.148536
0.054560 0.007063 0.155309
0.054143 0.007316 0.153780
0.048452 0.004962 0.151120
0.056728 0.009367 0.145457
0.056358 0.008864 0.147857
0.060174 0.009100 0.147855
0.059656 0.007238 0.152419
0.053823 0.008178 0.150538
0.057663 0.007343 0.153570
0.054380 0.009721 0.144423
0.051812 0.007999 0.148308
0.048495 0.005280 0.150602
0.052084 0.009767 0.143958
0.053841 0.008940 0.147676
0.052700 0.007497 0.151142
0.047985 0.006042 0.148732
0.049485 0.007520 0.148136
0.051128 0.009279 0.144069
0.054880 0.007761 0.152645
0.056587 0.009014 0.146955
0.057477 0.007773 0.151487
0.049224 0.006135 0.150748
0.058954 0.009431 0.146223
0.052927 0.006822 0.154363
0.049062 0.006526 0.150090
0.057334 0.009413 0.145571
0.052226 0.007140 0.151912
0.050815 0.006807 0.151900
0.047458 0.005225 0.148638
0.058598 0.008606 0.148637
0.058933 0.007609 0.151306
0.049579 0.007271 0.149110
0.058526 0.009304 0.146436
0.056176 0.009286 0.145781
0.054260 0.007527 0.152846
0.054124 0.009045 0.147418
0.053700 0.010441 0.142466
0.057015 0.008644 0.148545
0.056801 0.008379 0.149978
0.054598 0.009799 0.144182
0.057900 0.007201 0.154488
0.053658 0.008832 0.147733
0.047710 0.004536 0.150049
0.056915 0.008568 0.149046
0.055380 0.007323 0.155043
0.059678 0.009286 0.146993
0.049729 0.007612 0.147905
0.055659 0.007268 0.155299
0.058217 0.009702 0.145020
0.054588 0.008932 0.148302
0.055818 0.009066 0.146737
0.051991 0.007413 0.150436
0.049245 0.005713 0.151523
0.057512 0.007317 0.154720
0.053334 0.007045 0.153739
0.048197 0.006722 0.148199
0.052663 0.009339 0.145378
0.051601 0.008061 0.147924
0.052491 0.008114 0.148772
0.052405 0.010450 0.142737
0.055086 0.009254 0.145972
0.055693 0.008845 0.148663
0.056524 0.007435 0.155130
0.052198 0.010605 0.142320
0.047712 0.004931 0.149359
0.050350 0.007253 0.150029
0.055026 0.009204 0.146352
0.048343 0.008086 0.145625
0.053698 0.009519 0.145563
0.049603 0.008686 0.144323
0.049267 0.006744 0.150206
0.053842 0.008629 0.148614
0.053461 0.006783 0.155009
0.057188 0.008414 0.149453
0.049579 0.009075 0.143012
0.056400 0.007302 0.155358
0.055807 0.007356 0.155071
0.052976 0.009734 0.144613
0.055690 0.008588 0.149931
0.053654 0.009451 0.145821
0.051085 0.008120 0.147149
0.056782 0.008629 0.148857
0.052414 0.007862 0.149305
0.053379 0.010575 0.142293
0.052492 0.007675 0.150168
0.053087 0.007772 0.150614
0.049122 0.007434 0.148066
0.053283 0.007884 0.150511
0.055752 0.008238 0.151328
0.052453 0.009321 0.145167
0.050090 0.007192 0.150035
0.053321 0.007109 0.153375
0.057936 0.008445 0.148960
0.056057 0.007792 0.153255
0.052432 0.008176 0.148338
0.050184 0.007388 0.148834
0.058305 0.009511 0.145686
0.055226 0.008815 0.149461
0.057567 0.007390 0.153088
0.051562 0.007989 0.148366
0.051527 0.008189 0.147326
0.054086 0.007847 0.151761
0.056489 0.008390 0.150041
0.049434 0.006969 0.150154
0.056518 0.009057 0.146718
0.052122 0.008107 0.148079
0.050715 0.009546 0.143316
0.059202 0.009641 0.145728
0.050058 0.006728 0.151374
0.055055 0.008964 0.148959
0.052712 0.008443 0.147795
0.048097 0.005061 0.150078
0.059674 0.009184 0.147315
0.056099 0.008852 0.148115
0.050699 0.009030 0.144399
0.050668 0.007544 0.148480
0.051336 0.008683 0.145698
0.060234 0.008579 0.149374
0.059429 0.008155 0.150092
0.052285 0.010153 0.143313
0.049292 0.007374 0.148379
0.055091 0.007657 0.153269
0.048894 0.006964 0.149175
0.052338 0.008216 0.147946
0.051491 0.008816 0.145457
0.056060 0.008229 0.151101
0.054646 0.007650 0.152835
0.056046 0.007381 0.154753
0.053715 0.009943 0.143981
0.054809 0.009242 0.146217
0.054083 0.009116 0.147029
0.048978 0.007680 0.146784
0.049133 0.009053 0.142874
0.057202 0.007781 0.152013
0.059673 0.007384 0.152053
0.056503 0.007897 0.152858
0.059512 0.008490 0.149253
0.060372 0.009594 0.146522
0.056357 0.009522 0.144891
0.048785 0.008448 0.144564
0.051644 0.008663 0.146015
0.052405 0.010450 0.142737
0.049651 0.006359 0.151572
0.052084 0.009767 0.143958
0.052225 0.007520 0.150347
0.058949 0.006715 0.153915
0.054557 0.007008 0.155845
0.051203 0.008312 0.146615
0.048895 0.008860 0.143212
0.047900 0.005059 0.149540
0.050569 0.006190 0.153181
0.056066 0.007576 0.153999
0.056082 0.007226 0.155482
0.048816 0.006727 0.149324
0.051587 0.007026 0.151749
0.049957 0.008548 0.145361
0.049645 0.008142 0.146147
0.054073 0.009841 0.144175
0.057199 0.008770 0.147901
0.051918 0.006851 0.152491
0.050358 0.007647 0.148042
0.059859 0.007870 0.150957
0.056431 0.009000 0.147070
0.049600 0.006450 0.151196
0.056027 0.007631 0.153718
0.053427 0.007236 0.153066
0.057369 0.007514 0.152901
0.051400 0.007413 0.149978
0.050797 0.007576 0.148999
0.057876 0.007208 0.153598
0.051302 0.006631 0.152773
0.051008 0.007515 0.149354
0.048894 0.006964 0.149175
0.055136 0.007365 0.154548
0.059366 0.006788 0.153471
0.048563 0.005493 0.150432
0.054229 0.010157 0.143128
0.056026 0.007464 0.154213
0.055353 0.009839 0.143875
0.060574 0.009743 0.146181
0.051716 0.008277 0.147388
0.049700 0.006596 0.151008
0.052236 0.006965 0.152610
0.054097 0.010239 0.142903
0.052664 0.007710 0.150376
0.048904 0.008540 0.144304
0.056587 0.009014 0.146955
0.051161 0.008683 0.145526
0.054658 0.009022 0.147884
0.052126 0.007954 0.148802
0.054833 0.009345 0.145585
0.053561 0.009014 0.147197
0.054368 0.009031 0.147643
0.054703 0.010283 0.142222
0.054403 0.007658 0.152707
0.056300 0.007987 0.152557
0.054525 0.007368 0.154165
0.058091 0.008699 0.148042
0.052274 0.008407 0.147447
0.055838 0.008298 0.151105
0.051912 0.009548 0.144219
0.055662 0.008764 0.149337
0.048559 0.006462 0.149350
0.048286 0.008121 0.145467
0.054479 0.007881 0.151897
0.048538 0.007323 0.147566
0.049640 0.008520 0.144904
0.052580 0.009932 0.143978
0.051777 0.007502 0.150095
0.058338 0.009400 0.146142
0.048729 0.005423 0.150895
0.048966 0.005955 0.150653
0.053477 0.007088 0.154235
0.059081 0.009816 0.145083
0.055249 0.008197 0.151424
0.053642 0.007125 0.154028
0.056800 0.009194 0.146065
0.050950 0.007561 0.149166
0.058489 0.007313 0.152162
0.052611 0.008531 0.147446
0.048076 0.007861 0.146052
0.047907 0.006654 0.147790
0.051819 0.006899 0.152278
0.059676 0.008127 0.150251
0.053492 0.010508 0.142396
0.059232 0.008974 0.147707
0.058949 0.006715 0.153915
0.054647 0.008614 0.149972
0.051310 0.007088 0.151135
0.056142 0.010109 0.142785
0.049122 0.007434 0.148066
0.053370 0.007449 0.152246
0.056395 0.009108 0.146463
0.056896 0.007887 0.152070
0.052731 0.007962 0.149416
0.048233 0.006698 0.148314
0.053291 0.008434 0.148455
0.051304 0.009443 0.143986
0.055309 0.007370 0.154516
0.056784 0.008921 0.147410
0.052483 0.007350 0.151477
0.056505 0.008020 0.152439
0.057127 0.008309 0.150040
0.051407 0.008063 0.147743
0.055627 0.007912 0.152471
0.049935 0.007273 0.149618
0.051584 0.007092 0.151115
0.047560 0.005225 0.148829
0.056313 0.007711 0.153532
0.054631 0.009068 0.147692
0.058198 0.009851 0.144566
0.056145 0.008728 0.148890
0.052151 0.007863 0.149047
0.050862 0.006401 0.153252
0.050568 0.006887 0.151430
0.050053 0.009420 0.142748
0.050995 0.009675 0.143288
0.057197 0.007646 0.153139
0.056407 0.008818 0.148124
0.056498 0.008695 0.148760
0.048806 0.007239 0.148166
0.051320 0.008886 0.145106
0.055689 0.007666 0.153630
0.054222 0.008272 0.150496
0.054950 0.009086 0.147205
0.052026 0.007320 0.150981
0.049201 0.008282 0.145538
0.055506 0.008290 0.151275
0.057045 0.008510 0.149236
0.057073 0.007900 0.151654
0.050758 0.008047 0.147222
0.053525 0.007675 0.151576
0.053083 0.008164 0.149042
0.050456 0.007807 0.147652
0.053810 0.010349 0.142755
0.048128 0.005289 0.149764
0.055546 0.007862 0.152885
0.049076 0.008459 0.144795
0.059061 0.009128 0.147168
0.052766 0.009416 0.145263
0.059929 0.009174 0.147468
0.051882 0.009786 0.143823
0.057042 0.008820 0.147848
0.059584 0.007753 0.151149
0.053827 0.009544 0.145423
0.049200 0.008558 0.144447
0.052452 0.007405 0.151218
0.053166 0.008739 0.147628
0.050096 0.009277 0.143123
0.057507 0.008890 0.147385
0.060556 0.009247 0.147662
0.051646 0.009784 0.143586
0.052724 0.008081 0.148976
0.058883 0.008326 0.149476
0.054913 0.007246 0.154850
0.053957 0.009687 0.144580
0.057792 0.007249 0.154223
0.056174 0.009936 0.143511
0.059045 0.009319 0.146748
0.056649 0.007960 0.152216
0.060234 0.008579 0.149374
0.055720 0.008913 0.147888
0.055263 0.007345 0.154679
0.053192 0.008460 0.148303
0.052364 0.006854 0.153361
0.049598 0.008379 0.145516
0.052414 0.008569 0.146794
0.047418 0.004888 0.148936
0.058585 0.009256 0.146651
0.051573 0.009824 0.143420
0.055175 0.010356 0.141826
0.058471 0.007781 0.150885
0.057895 0.007263 0.152812
0.058689 0.009920 0.144592
0.052492 0.007675 0.150168
0.047859 0.004368 0.150700
0.055731 0.009235 0.146160
0.054050 0.007097 0.154871
0.048459 0.005154 0.150719
0.049860 0.007128 0.149907
0.049706 0.007957 0.146686
0.053369 0.009661 0.144853
0.058674 0.006879 0.153596
0.048619 0.007574 0.146720
0.054872 0.009976 0.143407
0.058653 0.007352 0.151968
0.051781 0.008736 0.145856
0.053879 0.009575 0.145218
0.052420 0.006789 0.154388
0.054964 0.007740 0.152834
0.059105 0.007739 0.151058
0.054303 0.008091 0.151107
0.059707 0.008838 0.148361
0.053029 0.008960 0.146685
0.051923 0.010287 0.142748
0.048039 0.006636 0.148042
0.051395 0.006453 0.153730
0.055703 0.008813 0.148982
0.052928 0.007706 0.150627
0.056170 0.009724 0.144277
0.053597 0.007522 0.152391
0.054357 0.007363 0.154007
0.058701 0.009759 0.145103
0.051615 0.009579 0.143970
0.052741 0.009079 0.146043
0.050444 0.008859 0.144712
0.050688 0.006329 0.152983
0.047319 0.004073 0.150391
0.055747 0.009309 0.145698
0.050308 0.007381 0.149369
0.053332 0.007976 0.150226
0.056463 0.009350 0.145532
0.054553 0.008042 0.151397
0.048539 0.007121 0.147913
0.049390 0.009132 0.142813
0.053988 0.008412 0.149831
0.050777 0.007377 0.149728
0.056178 0.009049 0.147042
0.054513 0.010338 0.142003
0.058501 0.008270 0.149585
0.052029 0.006666 0.154052
0.049699 0.007810 0.147200
0.054247 0.010418 0.141969
0.057765 0.008642 0.148200
0.053741 0.007217 0.153501
0.059656 0.007238 0.152419
0.050288 0.007023 0.150831
0.053013 0.007182 0.152911
0.053037 0.010419 0.142975
0.050301 0.006535 0.152191
0.058210 0.007111 0.152869
0.050074 0.009056 0.143710
0.048670 0.007300 0.147803
0.051925 0.008719 0.146057
0.056037 0.010339 0.141696
0.049632 0.005845 0.152339
0.051166 0.010152 0.142547
0.052875 0.008359 0.148178
0.051999 0.009477 0.144419
0.049125 0.005530 0.151690
0.054310 0.009620 0.144822
0.049392 0.006551 0.150549
0.052094 0.009121 0.145252
0.051782 0.010150 0.142900
0.052619 0.009177 0.145686
0.049065 0.006703 0.149902
0.050836 0.007336 0.150187
0.050142 0.008701 0.145041
0.052900 0.010163 0.143535
0.050652 0.006964 0.151155
0.053458 0.008721 0.147870
0.058902 0.008482 0.149035
0.052057 0.008344 0.147369
0.054572 0.007748 0.152555
0.056358 0.007519 0.154214
0.051158 0.006849 0.152038
0.048539 0.008570 0.143925
0.055967 0.009035 0.146964
0.057731 0.008285 0.149954
0.056147 0.009323 0.145617
0.058668 0.009571 0.145717
0.058877 0.007472 0.151653
0.054693 0.007877 0.152220
0.056873 0.010159 0.142904
0.052809 0.008012 0.149204
0.052612 0.007782 0.149853
0.053316 0.008935 0.147025
0.057691 0.010237 0.143051
0.051130 0.009928 0.142922
0.048433 0.008322 0.144749
0.053282 0.009596 0.145105
0.049322 0.007802 0.146763
0.054352 0.008658 0.149368
0.052217 0.008242 0.147773
0.051480 0.008657 0.145899
0.053919 0.007964 0.151151
0.057946 0.010135 0.143515
0.052619 0.009177 0.145686
0.052520 0.006701 0.154600
0.050465 0.008520 0.145886
0.059112 0.007425 0.151840
0.058516 0.007119 0.152603
0.055124 0.007975 0.151985
0.057672 0.009320 0.145967
0.059281 0.007034 0.152860
0.048738 0.006309 0.149684
0.058568 0.007209 0.152332
0.056508 0.009255 0.145828
0.052048 0.008427 0.146800
0.058464 0.008475 0.148984
0.057765 0.008642 0.148200
0.059299 0.008563 0.148962
0.054649 0.007510 0.153864
0.053939 0.007762 0.151964
0.055428 0.009466 0.145089
0.049640 0.008520 0.144904
0.050365 0.008330 0.146089
0.056865 0.007628 0.153850
0.059553 0.009823 0.145300
0.056728 0.009367 0.145457
0.049874 0.009173 0.142985
0.053510 0.007584 0.152059
0.052066 0.008723 0.146258
0.053930 0.009429 0.145858
0.049632 0.005845 0.152339
0.051881 0.008860 0.145626
0.054375 0.009196 0.146754
0.049510 0.007246 0.148910
0.058654 0.006924 0.153250
0.058949 0.006810 0.153443
0.050410 0.008993 0.144336
0.052169 0.008806 0.145987
0.052227 0.008977 0.145647
0.049659 0.007718 0.147338
0.052968 0.008791 0.146953
0.054783 0.010303 0.141992
0.059247 0.008396 0.149397
0.048324 0.005241 0.150391
0.051580 0.010223 0.142645
0.051022 0.006999 0.151299
0.058833 0.006775 0.153730
0.052374 0.009410 0.144843
0.050131 0.008112 0.146735
0.056187 0.007907 0.152825
0.057267 0.007802 0.151747
0.048915 0.005358 0.151717
0.052059 0.008358 0.146920
0.059870 0.008555 0.149225
0.052771 0.008628 0.147200
0.051789 0.006769 0.152601
0.058497 0.009986 0.144349
0.057005 0.007402 0.154546
0.056489 0.008390 0.150041
0.060634 0.009617 0.146579
0.058228 0.008524 0.148772
0.048706 0.007477 0.147288
0.054109 0.008922 0.148137
0.055362 0.010347 0.141660
0.051580 0.010223 0.142645
0.048878 0.007847 0.146443
0.055715 0.007545 0.153937
0.054267 0.008879 0.148395
0.050330 0.008926 0.144532
0.053347 0.009744 0.144611
0.053574 0.009567 0.145324
0.053705 0.009196 0.146531
0.050163 0.007402 0.149039
0.051840 0.009137 0.144941
0.052023 0.006643 0.154367
0.053890 0.007336 0.153135
0.052505 0.010044 0.143654
0.058141 0.009987 0.144128
0.048966 0.005955 0.150653
0.051411 0.006967 0.151902
0.057155 0.007456 0.154174
0.052285 0.010153 0.143313
0.049662 0.007668 0.147499
0.055131 0.009072 0.146972
0.054547 0.007159 0.154722
0.054709 0.007973 0.151724
0.050773 0.007311 0.149943
0.050017 0.006454 0.152078
0.059504 0.009773 0.145443
0.051166 0.007910 0.148140
0.052306 0.009161 0.145395
0.058338 0.009400 0.146142
0.050544 0.009366 0.143577
0.055913 0.008151 0.151641
0.053625 0.009747 0.144428
0.055403 0.008901 0.148867
0.056272 0.008927 0.147504
0.052185 0.007620 0.150072
0.047938 0.006698 0.147598
0.056717 0.008556 0.149263
0.053249 0.007906 0.150363
0.049735 0.008047 0.146443
0.057446 0.009845 0.144240
0.053146 0.009131 0.146415
0.052304 0.006658 0.154450
0.049276 0.007094 0.148921
0.054843 0.009177 0.146821
0.054097 0.008841 0.148485
0.055018 0.007626 0.153794
0.051230 0.007055 0.151491
0.055836 0.009936 0.143492
0.052729 0.007346 0.151736
0.054493 0.007937 0.151687
0.052422 0.008915 0.146021
0.049105 0.006363 0.150409
0.052515 0.008400 0.147653
0.058245 0.007854 0.150811
0.059553 0.006931 0.153167
0.057466 0.007525 0.152679
0.058442 0.008783 0.147894
0.057223 0.008988 0.147088
0.051431 0.006476 0.154016
0.054153 0.007314 0.154053
0.055428 0.007242 0.155242
0.047827 0.007048 0.147034
0.056938 0.008235 0.150355
0.058831 0.006964 0.153101
0.056656 0.009840 0.143936
0.049513 0.005650 0.152426
0.052054 0.007772 0.149270
0.053107 0.007643 0.151085
0.052769 0.006883 0.153665
0.055291 0.008936 0.148697
0.049499 0.007180 0.149448
0.051558 0.006712 0.152828
0.053690 0.007016 0.154461
0.053256 0.006885 0.154451
0.048878 0.007847 0.146443
0.048435 0.006220 0.149374
0.058096 0.008396 0.149174
0.057642 0.007507 0.152266
0.048690 0.005451 0.150718
0.051662 0.008162 0.147605
0.048675 0.006711 0.149134
0.053632 0.010316 0.143002
0.047540 0.004611 0.149614
0.060033 0.009307 0.147157
0.050139 0.008389 0.145957
0.048980 0.008436 0.144986
0.055831 0.010193 0.142316
0.056994 0.007371 0.154970
0.054093 0.008737 0.148684
0.053336 0.007543 0.151857
0.058159 0.009950 0.144280
0.056509 0.007784 0.153250
0.053044 0.009880 0.144165
0.048488 0.006786 0.148532
0.053626 0.007819 0.151326
0.056470 0.008963 0.147227
0.054490 0.006823 0.156166
0.056754 0.009041 0.146828
0.056570 0.010013 0.143305
0.056946 0.009209 0.146162
0.052218 0.009768 0.144061
0.051276 0.008388 0.146372
0.055053 0.008986 0.148633
0.050513 0.006660 0.152299
0.050145 0.007700 0.147785
0.054603 0.008180 0.151051
0.051609 0.007212 0.150748
0.057260 0.009164 0.146423
0.049823 0.006327 0.152081
0.053931 0.008223 0.150371
0.052720 0.009698 0.144591
0.053390 0.006739 0.155213
0.052453 0.007245 0.151783
0.049554 0.006831 0.150358
0.051034 0.008351 0.146368
0.057503 0.009175 0.146322
0.050534 0.007607 0.148245
0.053311 0.009789 0.144413
0.055386 0.009629 0.144578
0.051607 0.009065 0.144868
0.049256 0.006954 0.149673
0.058909 0.009709 0.145363
0.054195 0.007443 0.153047
0.055684 0.008526 0.150195
0.054318 0.006918 0.155694
0.052758 0.010318 0.143198
0.049840 0.008405 0.145690
0.049307 0.008824 0.143718
0.052858 0.009372 0.145486
0.057714 0.007281 0.154413
0.051465 0.008503 0.146282
0.053411 0.010064 0.143762
0.054358 0.006859 0.155936
0.051363 0.008592 0.146080
0.054953 0.007360 0.154419
0.048696 0.006925 0.148915
0.054639 0.008507 0.150236
0.050526 0.006521 0.152518
0.057816 0.007446 0.152263
0.050993 0.008179 0.146932
0.048637 0.005088 0.151305
0.052544 0.008763 0.146516
0.052048 0.008427 0.146800
0.059401 0.009090 0.147446
0.059714 0.007480 0.151829
0.056863 0.007829 0.153044
0.059182 0.007577 0.151468
0.051507 0.007648 0.149321
0.060095 0.008699 0.148945
0.048246 0.006218 0.149010
0.053597 0.008560 0.148487
0.055415 0.007113 0.155591
0.056601 0.008894 0.147575
0.055063 0.009805 0.144035
0.053715 0.008297 0.149770
0.058674 0.006879 0.153596
0.054426 0.009943 0.143762
0.052815 0.007905 0.149627
0.056317 0.007440 0.154852
0.052800 0.007603 0.150832
0.053736 0.009337 0.146142
0.054990 0.010216 0.142421
0.052006 0.007847 0.148951
0.058680 0.008400 0.149223
0.053714 0.008380 0.149220
0.056114 0.008611 0.149547
0.048438 0.006613 0.148820
0.057810 0.007398 0.152510
0.058105 0.009396 0.145985
0.049418 0.008816 0.143820
0.056661 0.008092 0.151565
0.047987 0.007975 0.145613
0.051557 0.007353 0.150394
0.050646 0.006450 0.152698
0.056896 0.007887 0.152070
0.057616 0.008464 0.149002
0.055026 0.008995 0.148021
0.050615 0.006701 0.152097
0.047442 0.004717 0.149279
0.056726 0.009116 0.146462
0.056731 0.008491 0.149454
0.049350 0.007187 0.149078
0.051161 0.008683 0.145526
0.052415 0.008000 0.149039
0.054297 0.007974 0.151548
0.054713 0.008913 0.148942
0.053363 0.008303 0.149052
0.051899 0.010060 0.143206
0.056509 0.007784 0.153250
0.055839 0.010272 0.141942
0.049796 0.006607 0.151554
0.052082 0.006538 0.154539
0.054968 0.008670 0.150032
0.049288 0.006049 0.150977
0.051254 0.008136 0.147324
0.052921 0.008646 0.147509
0.050338 0.008178 0.146510
0.050998 0.007140 0.150875
0.051331 0.009091 0.144584
0.056412 0.009636 0.144545
0.054205 0.010287 0.142487
0.059203 0.008240 0.149802
0.057095 0.009437 0.145441
0.058339 0.010168 0.143627
0.056043 0.007947 0.152588
0.053227 0.007572 0.151652
0.056366 0.009196 0.146124
0.055243 0.008294 0.151073
0.050895 0.008418 0.145986
0.048263 0.004744 0.150938
0.053215 0.007345 0.152386
0.050076 0.007322 0.148629
0.055847 0.007444 0.154227
0.049216 0.007865 0.146554
0.057320 0.007644 0.152335
0.052535 0.007074 0.152634
0.053156 0.009834 0.144327
0.048706 0.007477 0.147288
0.053437 0.009326 0.145980
0.058732 0.009614 0.145614
0.055814 0.009371 0.145395
0.048500 0.005989 0.149650
0.050494 0.007909 0.147400
0.049854 0.006412 0.151841
0.047604 0.006093 0.148098
0.054985 0.008890 0.149251
0.052978 0.009293 0.145781
0.050028 0.006286 0.152361
0.052356 0.006949 0.152975
0.055339 0.008869 0.149127
0.048106 0.006910 0.147578
0.049239 0.006996 0.148767
0.052588 0.008926 0.146254
0.054131 0.009626 0.145081
0.054592 0.009853 0.144022
0.054422 0.007559 0.152906
0.055589 0.008718 0.149663
0.056916 0.008854 0.147695
0.048903 0.007500 0.147509
0.056863 0.009584 0.144798
0.055613 0.007754 0.153359
0.053662 0.007337 0.153084
0.053013 0.007498 0.151589
0.056375 0.008605 0.149301
0.057073 0.007900 0.151654
0.054664 0.007256 0.154576
0.048955 0.007256 0.148265
0.051092 0.009043 0.144540
0.057067 0.008073 0.150903
0.052378 0.007418 0.150959
0.049381 0.005844 0.151741
0.058790 0.007843 0.150751
0.057732 0.007250 0.153833
0.050823 0.006333 0.153542
0.055720 0.008913 0.147888
0.054353 0.009251 0.146583
0.053623 0.009212 0.146389
0.054244 0.010230 0.142697
0.054108 0.007719 0.152214
0.048674 0.006036 0.149973
0.048311 0.006638 0.148481
0.049486 0.007955 0.146466
0.051127 0.006711 0.152572
0.058909 0.008974 0.147550
0.053873 0.007521 0.152596
0.054957 0.008823 0.149552
0.048795 0.005712 0.150575
0.054540 0.008537 0.150128
0.049901 0.008867 0.144011
0.054105 0.008010 0.151351
0.048149 0.007267 0.147140
0.051839 0.009230 0.144732
0.056330 0.010361 0.141785
0.049759 0.006788 0.150620
0.052125 0.008085 0.148325
0.047594 0.006724 0.147135
0.054014 0.010310 0.142615
0.059946 0.008793 0.148614
0.059482 0.008339 0.149649
0.050945 0.008355 0.146486
0.048698 0.007554 0.146894
0.051259 0.007006 0.151678
0.056848 0.008431 0.149681
0.050880 0.006630 0.152616
0.052501 0.007114 0.152377
0.047263 0.004199 0.149980
0.049563 0.007027 0.149971
0.053708 0.009090 0.146897
0.051912 0.009548 0.144219
0.053187 0.008104 0.149407
0.049732 0.006217 0.151966
0.056965 0.009309 0.145714
0.056202 0.007330 0.155109
0.057853 0.007879 0.150940
0.054198 0.008961 0.147815
0.058910 0.007125 0.152568
0.056755 0.008972 0.147180
0.052468 0.009754 0.144272
0.047701 0.004778 0.149586
0.052731 0.007962 0.149416
0.054616 0.008946 0.148546
0.054913 0.009325 0.145671
0.048782 0.007080 0.148412
0.050485 0.009179 0.143835
0.050223 0.008484 0.145771
0.050608 0.009826 0.142802
0.058169 0.008848 0.147615
0.049881 0.007932 0.147019
0.047876 0.005729 0.148892
0.050763 0.009376 0.143642
0.049182 0.005439 0.152153
0.050332 0.007199 0.150442
0.050346 0.009391 0.143282
0.057901 0.008741 0.147848
0.050789 0.008520 0.145739
0.053923 0.008769 0.148338
0.058359 0.006950 0.154310
0.056415 0.008180 0.151047
0.060271 0.009229 0.147560
0.058353 0.007061 0.152971
0.055462 0.008155 0.151640
0.055083 0.007057 0.155932
0.059859 0.007870 0.150957
0.056288 0.008773 0.148494
0.050414 0.008219 0.146315
0.047853 0.007415 0.146490
0.050674 0.007192 0.150807
0.057805 0.009781 0.144606
0.052707 0.009544 0.144910
0.059393 0.009894 0.144997
0.059553 0.006931 0.153167
0.059214 0.009723 0.145484
0.058876 0.010046 0.144319
0.057933 0.009415 0.145866
0.051395 0.007510 0.149605
0.050159 0.006791 0.151177
0.053005 0.006743 0.154763
0.055956 0.010027 0.143092
0.055876 0.009284 0.145863
0.051350 0.010061 0.142797
0.058511 0.007426 0.151724
0.050309 0.007993 0.147077
0.054355 0.007144 0.154597
0.054775 0.008978 0.148066
0.047965 0.006838 0.147427
0.052494 0.008289 0.147889
0.050101 0.008857 0.144333
0.058850 0.009848 0.144859
0.050713 0.006385 0.152854
0.052844 0.008946 0.146460
0.056519 0.008120 0.151432
0.048350 0.008450 0.144312
0.048108 0.004985 0.150356
0.053272 0.008037 0.149761
0.047755 0.007223 0.146715
0.059883 0.008081 0.150445
0.058258 0.007431 0.151821
0.055891 0.008598 0.149742
0.059186 0.007952 0.150556
0.055402 0.009277 0.145926
0.054572 0.009101 0.147316
0.054038 0.009208 0.146650
0.059638 0.009396 0.146659
0.059678 0.009737 0.145662
0.055627 0.007959 0.152215
0.057946 0.010135 0.143515
0.051403 0.007393 0.150190
0.049262 0.008407 0.145071
0.048659 0.008162 0.145652
0.054354 0.009592 0.144986
0.054844 0.007047 0.155478
0.054339 0.007465 0.153346
0.048894 0.007449 0.147676
0.052167 0.009242 0.145015
0.050131 0.008112 0.146735
0.054762 0.009911 0.143731
0.052948 0.006770 0.154566
0.051140 0.007235 0.150627
0.050879 0.009462 0.143569
0.050979 0.008922 0.144804
0.052035 0.006705 0.153915
0.055498 0.008041 0.152011
0.059349 0.009446 0.146372
0.051572 0.008294 0.146804
0.057776 0.007780 0.151253
0.055926 0.008101 0.152000
0.055248 0.009423 0.145224
0.049408 0.006305 0.150846
0.051955 0.008288 0.147530
0.052893 0.006877 0.153989
0.057197 0.007882 0.151444
0.053053 0.008777 0.147107
0.060042 0.009761 0.145782
0.054425 0.010160 0.142946
0.049037 0.008793 0.143567
0.049984 0.007807 0.147380
0.056146 0.008422 0.150154
0.054674 0.009160 0.146909
0.053754 0.007128 0.154247
0.049425 0.006213 0.151136
0.051827 0.010350 0.142557
0.048566 0.008218 0.145343
0.053929 0.009617 0.144951
0.057442 0.009990 0.143776
0.049653 0.007137 0.149685
0.050333 0.007131 0.150693
0.056895 0.007958 0.151853
0.051092 0.006761 0.152260
0.055149 0.007639 0.153528
0.048943 0.008638 0.143977
0.047707 0.005825 0.148558
0.054747 0.009836 0.144029
0.050244 0.006327 0.152555
0.047786 0.007718 0.146018
0.052628 0.009721 0.144474
0.054119 0.007197 0.154317
0.051471 0.007058 0.151327
0.054457 0.009037 0.147735
0.049632 0.007136 0.148745
0.053253 0.006987 0.154081
0.056662 0.007632 0.153876
0.053566 0.008298 0.149365
0.048729 0.005423 0.150895
0.057317 0.008554 0.148952
0.049441 0.007184 0.149287
0.050942 0.006956 0.151789
0.049494 0.006450 0.150942
0.056886 0.007562 0.154067
0.057269 0.008933 0.147299
0.050562 0.008138 0.146852
0.051850 0.007037 0.151892
0.049105 0.006363 0.150409
0.059653 0.009005 0.147846
0.050790 0.006754 0.152394
0.057494 0.007434 0.153357
0.052734 0.010544 0.142600
0.049465 0.007771 0.146997
0.058960 0.007085 0.152774
0.055243 0.008943 0.148227
0.048277 0.007223 0.147414
0.053434 0.008172 0.149661
0.057880 0.009892 0.144298
0.054268 0.008175 0.150804
0.058453 0.007994 0.150333
0.057731 0.009629 0.145027
0.055675 0.007174 0.155647
0.052905 0.007879 0.149896
0.053053 0.008777 0.147107
0.055596 0.007447 0.154186
0.051904 0.007284 0.150829
0.051062 0.009484 0.143642
0.053364 0.008366 0.148775
0.053328 0.007644 0.151376
0.053146 0.006887 0.154293
0.049951 0.009085 0.143429
0.054439 0.010225 0.142595
0.055739 0.008168 0.151591
0.054204 0.008717 0.149002
0.048779 0.008650 0.143776
0.056775 0.007748 0.153447
0.055639 0.008466 0.150523
0.053327 0.008737 0.147713
0.054560 0.007063 0.155309
0.049288 0.006049 0.150977
0.054638 0.009505 0.145052
0.049765 0.006063 0.152229
0.053632 0.008217 0.150036
0.048189 0.005238 0.149923
0.052533 0.007459 0.151029
0.058434 0.010068 0.144016
0.053449 0.010195 0.143410
0.055292 0.008439 0.150691
0.049002 0.007129 0.148498
0.048532 0.007470 0.147112
0.056513 0.008323 0.150354
0.054504 0.008792 0.149154
0.047956 0.006298 0.148388
0.060026 0.009532 0.146408
0.054515 0.007106 0.155564
0.056261 0.009052 0.146799
0.057663 0.007343 0.153570
0.056487 0.008932 0.147376
0.055606 0.008977 0.147271
0.052008 0.006708 0.153649
0.058190 0.009024 0.147125
0.053607 0.009692 0.144688
0.049545 0.007612 0.147661
0.052651 0.010356 0.143052
0.055544 0.007364 0.154961
0.049156 0.005574 0.151487
0.048073 0.004549 0.150760
0.057360 0.008441 0.149217
0.049659 0.007718 0.147338
0.050327 0.008647 0.145450
0.048184 0.005718 0.149422
0.053424 0.010346 0.143019
0.054410 0.007812 0.152218
0.054113 0.007368 0.153604
0.052981 0.010070 0.143803
0.049069 0.007617 0.147120
0.047587 0.004553 0.149849
0.052900 0.010163 0.143535
0.050302 0.006815 0.151282
0.048899 0.006448 0.149838
0.051194 0.009574 0.143600
0.052948 0.008363 0.148345
0.054638 0.008739 0.149601
0.060276 0.009424 0.146970
0.054729 0.007636 0.152982
0.058798 0.009216 0.146820
0.053321 0.009546 0.145307
0.054060 0.008921 0.147888
0.050693 0.008389 0.146048
0.047973 0.004940 0.149910
0.051417 0.008225 0.146974
0.051570 0.006755 0.152528
0.055270 0.008588 0.150209
0.050549 0.007281 0.150170
0.050349 0.006923 0.151032
0.048336 0.007979 0.145958
0.051810 0.006783 0.152786
0.053647 0.008507 0.148716
0.048104 0.005375 0.149617
0.048025 0.007366 0.146769
0.047624 0.005052 0.149129
0.050199 0.009230 0.143441
0.054713 0.008913 0.148942
0.054920 0.008752 0.149767
0.051009 0.008596 0.145714
0.050214 0.008202 0.146267
0.055819 0.007386 0.154452
0.054033 0.007660 0.152375
0.055263 0.007345 0.154679
0.050704 0.008294 0.146340
0.055149 0.007639 0.153528
0.048698 0.007554 0.146894
0.049376 0.008223 0.145816
0.052744 0.010490 0.142858
0.054345 0.008420 0.150138
0.049354 0.005713 0.151995
0.050016 0.007069 0.150272
0.055985 0.008003 0.152332
0.055203 0.009695 0.144367
0.057425 0.009639 0.144861
0.056024 0.008706 0.149184
0.050773 0.007311 0.149943
0.049515 0.006230 0.151379
0.056573 0.007468 0.154599
0.057331 0.007429 0.153934
0.051918 0.009124 0.145110
0.048865 0.006223 0.150173
0.054490 0.006823 0.156166
0.057845 0.007244 0.153247
0.052451 0.007460 0.150780
0.054028 0.010163 0.143240
0.057892 0.008884 0.147446
0.050930 0.007674 0.148898
0.053717 0.007931 0.150947
0.047710 0.004536 0.150049
0.048708 0.006937 0.148614
0.057621 0.008354 0.149630
0.057223 0.008700 0.148131
0.048627 0.008052 0.145945
0.051644 0.008663 0.146015
0.058480 0.008576 0.148760
0.053749 0.010100 0.143620
0.049243 0.007573 0.147527
0.055594 0.008380 0.150889
0.051035 0.006280 0.153715
0.054975 0.007529 0.153995
0.048345 0.008243 0.145023
0.051395 0.006453 0.153730
0.049518 0.008422 0.145301
0.051039 0.007952 0.148001
0.049986 0.008113 0.146580
0.055770 0.010335 0.141615
0.052543 0.009392 0.145063
0.048573 0.008512 0.144201
