0.073422 0.051479 0.191326
0.070455 0.057475 0.193393
0.073797 0.057640 0.198489
0.067157 0.058759 0.189903
0.073722 0.054778 0.195938
0.068476 0.058906 0.193807
0.068352 0.054294 0.186342
0.070200 0.057888 0.193673
0.073622 0.054062 0.194651
0.071503 0.052120 0.189483
0.069938 0.052536 0.185614
0.074782 0.052530 0.194628
0.073349 0.052313 0.191959
0.073935 0.055385 0.196912
0.066909 0.058849 0.193399
0.069105 0.056228 0.190492
0.068323 0.058961 0.193958
0.070594 0.054818 0.191125
0.067042 0.057996 0.196672
0.074580 0.051245 0.191857
0.074345 0.050833 0.190643
0.074766 0.050710 0.189915
0.073890 0.057117 0.197993
0.072748 0.054292 0.193834
0.069621 0.058735 0.195128
0.068093 0.058918 0.192984
0.072575 0.056470 0.195814
0.067518 0.058728 0.194319
0.074519 0.050815 0.190164
0.068382 0.055289 0.188575
0.072447 0.051568 0.189252
0.069499 0.056686 0.191482
0.068612 0.058398 0.192002
0.071425 0.057682 0.194952
0.070847 0.058409 0.195378
0.074764 0.053001 0.195154
0.068713 0.057991 0.191624
0.072926 0.054300 0.194045
0.069134 0.053671 0.186719
0.067287 0.058892 0.190442
0.066617 0.058316 0.187794
0.071561 0.055012 0.192893
0.068557 0.054679 0.187574
0.066336 0.059230 0.190695
0.073616 0.055738 0.196627
0.070221 0.058742 0.197129
0.070402 0.052543 0.186295
0.070696 0.056567 0.192934
0.074342 0.055657 0.197511
0.073507 0.054647 0.195520
0.066193 0.059191 0.189050
0.074752 0.054344 0.196701
0.073634 0.050971 0.190089
0.070268 0.053554 0.188795
0.073199 0.054506 0.194606
0.072978 0.051319 0.189861
0.069409 0.054617 0.189233
0.068766 0.056606 0.190147
0.074725 0.054451 0.196867
0.073159 0.057845 0.197898
0.069866 0.055449 0.190895
0.073577 0.057512 0.198074
0.074457 0.052177 0.193373
0.066221 0.058968 0.192243
0.067775 0.057972 0.189756
0.072575 0.056316 0.195683
0.068790 0.054655 0.187951
0.070745 0.054847 0.191427
0.071423 0.052604 0.190165
0.071102 0.052443 0.188104
0.066915 0.057354 0.186951
0.073165 0.051352 0.188608
0.070284 0.058771 0.196813
0.073930 0.056149 0.197289
0.070897 0.058607 0.198020
0.068088 0.058263 0.190860
0.070668 0.058604 0.195855
0.070537 0.058715 0.197389
0.070791 0.052566 0.188343
0.069321 0.054332 0.188444
0.066523 0.059061 0.189143
0.071713 0.055150 0.193387
0.068983 0.054890 0.188949
0.068828 0.058001 0.191783
0.069960 0.054866 0.190238
0.072872 0.056357 0.196089
0.068647 0.058669 0.196014
0.067150 0.056056 0.186547
0.072920 0.054624 0.194451
0.068032 0.054751 0.186377
0.073591 0.056010 0.196782
0.073899 0.057341 0.198234
0.071103 0.055660 0.193082
0.074584 0.050791 0.190523
0.067873 0.058226 0.190383
0.067933 0.054587 0.185951
0.071885 0.057324 0.195236
0.068174 0.058901 0.194463
0.067547 0.059091 0.192030
0.071809 0.051789 0.188692
0.074173 0.053486 0.194751
0.068382 0.057370 0.190211
0.071262 0.055974 0.193386
0.067611 0.058658 0.190809
0.073601 0.052117 0.192049
0.068318 0.054088 0.185936
0.072931 0.056428 0.196307
0.072410 0.057517 0.196206
0.070442 0.057373 0.193276
0.070599 0.052512 0.186421
0.065834 0.059214 0.190304
0.070682 0.053103 0.189262
0.073546 0.052969 0.193567
0.070646 0.057079 0.193274
0.071326 0.058621 0.197758
0.073093 0.052454 0.191815
0.064837 0.058751 0.191289
0.071329 0.056987 0.194171
0.068453 0.055179 0.188204
0.071327 0.058624 0.198391
0.071672 0.055796 0.193917
0.067554 0.056464 0.187853
0.073904 0.053280 0.194227
0.074434 0.050813 0.189532
0.071015 0.052257 0.186425
0.073757 0.054544 0.195600
0.073049 0.054669 0.194598
0.075003 0.054083 0.196716
0.067782 0.056902 0.188583
0.068352 0.058833 0.193244
0.069347 0.058632 0.193911
0.070700 0.053188 0.189446
0.067335 0.057835 0.197681
0.070753 0.058556 0.198240
0.071962 0.056210 0.194810
0.067053 0.057456 0.187419
0.071996 0.055395 0.194026
0.071051 0.055209 0.192476
0.069503 0.058703 0.196718
0.070527 0.056556 0.192732
0.069024 0.053846 0.186885
0.064775 0.059031 0.190501
0.069854 0.055331 0.190687
0.069374 0.056493 0.191032
0.073829 0.053812 0.194646
0.071023 0.052183 0.186006
0.070616 0.053300 0.189186
0.069169 0.055483 0.189928
0.067545 0.057405 0.188788
0.072399 0.055604 0.194883
0.074460 0.050781 0.190350
0.071559 0.051846 0.188900
0.071564 0.053556 0.191268
0.069356 0.053135 0.186398
0.070296 0.057432 0.193146
0.072549 0.051434 0.188840
0.071262 0.052448 0.189493
0.074665 0.055225 0.197571
0.070191 0.054496 0.190012
0.070503 0.052623 0.187661
0.073835 0.054685 0.196078
0.065960 0.058209 0.194026
0.069204 0.058577 0.193594
0.071776 0.058188 0.196250
0.071807 0.057744 0.195538
0.070536 0.052711 0.187046
0.065516 0.058396 0.193104
0.066462 0.058620 0.187728
0.067004 0.058693 0.189450
0.069055 0.053579 0.186339
0.066592 0.059137 0.189441
0.074246 0.050889 0.191244
0.074392 0.052360 0.193532
0.071565 0.056617 0.194349
0.073632 0.051297 0.190844
0.070889 0.058651 0.197540
0.066955 0.058608 0.188965
0.072918 0.055063 0.195026
0.067076 0.056490 0.186614
0.066355 0.058218 0.195027
0.067110 0.058503 0.195244
0.066843 0.057772 0.187375
0.067314 0.056802 0.187480
0.072469 0.055869 0.195420
0.067745 0.058200 0.190075
0.068865 0.057486 0.191225
0.067904 0.055808 0.188270
0.069988 0.058666 0.197754
0.071305 0.052133 0.187253
0.072047 0.054374 0.192789
0.072623 0.055683 0.195587
0.070236 0.058740 0.196534
0.068604 0.058614 0.196302
0.067705 0.056925 0.188398
0.071278 0.052104 0.186439
0.067717 0.057082 0.188554
0.065615 0.058956 0.191356
0.073084 0.057218 0.196898
0.071092 0.052611 0.189544
0.065490 0.059239 0.190000
0.073475 0.051070 0.190051
0.073433 0.054472 0.194978
0.068550 0.056815 0.189950
0.068334 0.058902 0.193420
0.073731 0.055346 0.196529
0.073794 0.050952 0.190374
0.066616 0.059191 0.190752
0.074451 0.054074 0.195906
0.075289 0.053786 0.196887
0.067685 0.056017 0.188226
0.073959 0.055074 0.196566
0.072149 0.054551 0.193238
0.069955 0.053170 0.187065
0.072580 0.055366 0.194837
0.070151 0.054925 0.190593
0.072413 0.058330 0.198502
0.068129 0.056473 0.188972
0.073884 0.051002 0.190950
0.071165 0.054923 0.192249
0.069740 0.058133 0.193427
0.072835 0.057269 0.196568
0.072782 0.051491 0.190077
0.067701 0.059054 0.192175
0.074841 0.050692 0.190054
0.074171 0.055154 0.196958
0.070182 0.055274 0.191098
0.066810 0.059153 0.191195
0.073245 0.052564 0.192366
0.071442 0.055004 0.192723
0.069290 0.057236 0.191652
0.069821 0.057616 0.192715
0.068533 0.057994 0.191295
0.066572 0.058931 0.192747
0.070990 0.057117 0.193737
0.066754 0.058815 0.193458
0.069861 0.055627 0.191091
0.067482 0.059080 0.192410
0.071186 0.052094 0.186217
0.070414 0.058749 0.197112
0.069292 0.055432 0.190075
0.068054 0.055395 0.187979
0.067870 0.054700 0.186010
0.067586 0.057337 0.188582
0.073302 0.055159 0.195905
0.071720 0.058461 0.197544
0.072959 0.053674 0.193405
0.070677 0.055294 0.191910
0.069442 0.057921 0.192599
0.072038 0.057447 0.195591
0.068369 0.058381 0.197252
0.070639 0.058677 0.197196
0.067719 0.055972 0.188050
0.069100 0.058598 0.193457
0.067957 0.058971 0.193228
0.074830 0.053660 0.196093
0.071315 0.056189 0.193562
0.069597 0.058587 0.194121
0.074414 0.051795 0.192720
0.074254 0.051935 0.192606
0.067673 0.057700 0.189230
0.072027 0.056624 0.195055
0.074528 0.056068 0.197875
0.070508 0.055499 0.191887
0.071920 0.058055 0.196175
0.068497 0.056391 0.189597
0.074312 0.050911 0.191445
0.071484 0.054890 0.192628
0.072830 0.051418 0.189543
0.072000 0.055302 0.193901
0.070211 0.056210 0.192112
0.072341 0.052513 0.191147
0.073400 0.051162 0.190544
0.071649 0.051906 0.186818
0.067345 0.055854 0.186727
0.070496 0.052712 0.187423
0.069500 0.054848 0.189512
0.068653 0.058759 0.195568
0.071267 0.058067 0.195402
0.069509 0.053660 0.187505
0.069875 0.052734 0.186248
0.073343 0.053583 0.193781
0.067306 0.055809 0.186499
0.064896 0.059284 0.189657
0.069835 0.053120 0.186800
0.064575 0.059066 0.190202
0.073965 0.051148 0.191534
0.068324 0.056520 0.189360
0.068572 0.058890 0.193721
0.073343 0.055235 0.196007
0.069931 0.052598 0.185754
0.069467 0.054463 0.188735
0.075076 0.054216 0.197005
0.067306 0.058368 0.189347
0.067928 0.055418 0.187338
0.067115 0.056622 0.186863
0.066094 0.059164 0.190309
0.067527 0.057004 0.188100
0.074708 0.053238 0.195288
0.067234 0.058959 0.190601
0.073158 0.057279 0.197105
0.074178 0.054802 0.196511
0.068034 0.057054 0.189243
0.072336 0.051606 0.187839
0.071966 0.051812 0.189530
0.074626 0.053596 0.195621
0.071738 0.058529 0.198358
0.071111 0.058617 0.197150
0.067446 0.056147 0.187153
0.074563 0.052203 0.193660
0.071720 0.054085 0.191931
0.072704 0.051665 0.190523
0.071882 0.058346 0.197500
0.071828 0.051780 0.189001
0.074720 0.054616 0.197081
0.068692 0.058890 0.194905
0.072106 0.055341 0.194096
0.070743 0.052472 0.187559
0.068080 0.058239 0.197353
0.074628 0.054116 0.196210
0.070067 0.054963 0.190497
0.069690 0.055581 0.190810
0.068363 0.055988 0.189118
0.071688 0.051875 0.189185
0.070515 0.054029 0.189896
0.070887 0.055245 0.192222
0.074193 0.052205 0.192864
0.066911 0.058520 0.188667
0.067475 0.058995 0.193305
0.069132 0.058801 0.195488
0.070328 0.056222 0.192302
0.072820 0.055651 0.195680
0.067277 0.059123 0.192431
0.066853 0.057554 0.186971
0.069057 0.058910 0.194907
0.070638 0.055943 0.192580
0.070848 0.052383 0.186561
0.070343 0.055374 0.191439
0.070785 0.058631 0.196637
0.066714 0.058457 0.194337
0.072763 0.051518 0.190316
0.067165 0.058402 0.188977
0.068028 0.057588 0.189699
0.069174 0.058623 0.197136
0.072249 0.054361 0.193077
0.073526 0.057799 0.198370
0.067412 0.057925 0.197397
0.073705 0.051184 0.188706
0.070531 0.054512 0.190645
0.066894 0.057804 0.187787
0.071771 0.053554 0.191606
0.067516 0.057703 0.188895
0.074199 0.050868 0.190347
0.070991 0.054344 0.191145
0.073449 0.055006 0.195864
0.074592 0.051453 0.192770
0.072514 0.058313 0.198241
0.066491 0.058650 0.187915
0.071986 0.052686 0.191099
0.069287 0.058697 0.196385
0.071055 0.057806 0.194551
0.067564 0.058198 0.189583
0.069303 0.057057 0.191508
0.073354 0.051905 0.191454
0.065803 0.058524 0.193112
0.067537 0.057994 0.189229
0.068413 0.058887 0.195152
0.072745 0.053936 0.193375
0.073249 0.052204 0.191671
0.072170 0.058010 0.196637
0.071272 0.052098 0.186689
0.066971 0.057957 0.188130
0.073182 0.051329 0.190464
0.067093 0.059045 0.190809
0.074097 0.054969 0.196719
0.065827 0.059226 0.190063
0.072943 0.053173 0.192716
0.073833 0.053559 0.194346
0.070344 0.057188 0.192956
0.065010 0.059040 0.190679
0.068826 0.054066 0.186976
0.073881 0.056577 0.197560
0.069516 0.058766 0.196173
0.070547 0.057533 0.193578
0.072559 0.051575 0.187817
0.074572 0.053211 0.195074
0.065516 0.059369 0.189094
0.070157 0.053914 0.188976
0.068986 0.055146 0.189180
0.070234 0.054741 0.190497
0.069966 0.054614 0.189868
0.070266 0.052904 0.186853
0.067123 0.058525 0.189225
0.069016 0.058462 0.197721
0.066397 0.058603 0.187520
0.067957 0.058974 0.193523
0.070061 0.055840 0.191635
0.068512 0.055009 0.187990
0.068267 0.055202 0.187885
0.073731 0.055532 0.196641
0.072607 0.054206 0.193469
0.073295 0.057845 0.198045
0.071440 0.057399 0.194688
0.071661 0.054464 0.192396
0.069569 0.057437 0.192171
0.068942 0.053502 0.186050
0.068134 0.055181 0.187472
0.068438 0.058008 0.191062
0.069048 0.054030 0.187568
0.074316 0.051541 0.192221
0.067821 0.057445 0.189110
0.073432 0.054049 0.194325
0.070494 0.055309 0.191617
0.075016 0.053584 0.196203
0.067369 0.057630 0.188471
0.069932 0.057220 0.192512
0.066644 0.059169 0.190367
0.065451 0.059208 0.190137
0.072685 0.057372 0.196486
0.067416 0.059010 0.191128
0.070986 0.057990 0.194713
0.071943 0.056850 0.194971
0.072703 0.052908 0.192072
0.069983 0.055172 0.190825
0.074736 0.055432 0.197833
0.069647 0.054809 0.189611
0.067689 0.058204 0.189910
0.073539 0.052276 0.192197
0.067573 0.055467 0.186610
0.073856 0.054856 0.196251
0.072287 0.053019 0.191923
0.069712 0.057537 0.192466
0.073464 0.057471 0.197776
0.068520 0.057031 0.190228
0.071733 0.051985 0.189617
0.070922 0.058426 0.195737
0.068666 0.057085 0.190448
0.068616 0.054799 0.187842
0.074894 0.050648 0.189936
0.068534 0.055244 0.188792
0.066677 0.057999 0.187259
0.072268 0.058208 0.197333
0.072254 0.051980 0.190423
0.066992 0.059070 0.191980
0.068998 0.058911 0.194652
0.074487 0.051428 0.192251
0.067829 0.055687 0.188015
0.069252 0.058117 0.192613
0.069882 0.053706 0.188222
0.071934 0.054108 0.192290
0.074278 0.055304 0.197162
0.071354 0.053336 0.190784
0.070186 0.056883 0.192429
0.069374 0.055559 0.190441
0.068803 0.055369 0.189224
0.072775 0.058251 0.198703
0.068167 0.057354 0.189736
0.066820 0.057413 0.186744
0.072259 0.055576 0.194653
0.073109 0.051297 0.190106
0.069503 0.052931 0.186208
0.074609 0.054962 0.197354
0.071894 0.058319 0.196927
0.069814 0.054204 0.188915
0.073379 0.057838 0.198183
0.065686 0.058017 0.194115
0.072529 0.057278 0.196166
0.074012 0.050890 0.190924
0.070703 0.053583 0.189714
0.068889 0.057091 0.190839
0.066001 0.059174 0.188276
0.071603 0.057715 0.195240
0.074794 0.052039 0.193803
0.070481 0.058663 0.197912
0.069514 0.053225 0.186706
0.073790 0.052406 0.192998
0.070667 0.055764 0.192427
0.065251 0.058869 0.191287
0.074700 0.050681 0.189805
0.073507 0.051846 0.191511
0.072468 0.051607 0.188077
0.067790 0.057350 0.188948
0.074028 0.050961 0.189362
0.069814 0.053356 0.187557
0.072464 0.057756 0.196573
0.071386 0.053560 0.190976
0.071298 0.056563 0.193723
0.071512 0.051987 0.189192
0.070811 0.057146 0.193511
0.068273 0.058269 0.197537
0.066923 0.059061 0.192280
0.069830 0.055119 0.190397
0.070900 0.058558 0.196433
0.068755 0.056025 0.189696
0.068582 0.058699 0.195675
0.071560 0.058118 0.195768
0.067221 0.058995 0.193245
0.072884 0.057058 0.196494
0.072708 0.058178 0.198005
0.066975 0.057883 0.197013
0.067698 0.058580 0.190579
0.071804 0.058365 0.197334
0.073430 0.051388 0.190919
0.070255 0.058742 0.197305
0.069948 0.053765 0.188488
0.069915 0.057932 0.193312
0.072188 0.058198 0.197070
0.068008 0.055100 0.187022
0.072090 0.051707 0.189401
0.067957 0.055618 0.188120
0.068863 0.056394 0.190190
0.066333 0.059001 0.188354
0.073545 0.057237 0.197654
0.072788 0.057824 0.197243
0.068238 0.056106 0.189039
0.067269 0.057891 0.188796
0.071376 0.056687 0.193999
0.073940 0.053190 0.194369
0.067513 0.058974 0.193576
0.071264 0.052146 0.188372
0.069111 0.055980 0.190340
0.070629 0.052506 0.187660
0.073161 0.053767 0.193748
0.068282 0.058932 0.194061
0.069147 0.054168 0.187880
0.069849 0.058771 0.196048
0.068451 0.058838 0.194585
0.072259 0.051605 0.189648
0.071680 0.053100 0.191123
0.071505 0.052009 0.187024
0.070353 0.058701 0.195952
0.064859 0.059160 0.190172
0.072877 0.056827 0.196363
0.072045 0.053798 0.192247
0.069138 0.058461 0.197727
0.073599 0.056613 0.197222
0.074488 0.056011 0.197808
0.068884 0.053913 0.186719
0.075235 0.053559 0.196527
0.073728 0.055922 0.196894
0.071308 0.057950 0.195168
0.073889 0.051963 0.192046
0.070104 0.052581 0.185913
0.065829 0.059311 0.189010
0.067754 0.058723 0.194914
0.073107 0.052761 0.192406
0.068483 0.054854 0.187666
0.072596 0.057973 0.197154
0.072166 0.053191 0.191942
0.069931 0.058754 0.195744
0.066489 0.057981 0.195965
0.072824 0.054424 0.194090
0.067506 0.058761 0.190613
0.070352 0.054272 0.189937
0.067082 0.059046 0.191044
0.067024 0.058790 0.189637
0.065801 0.059345 0.189311
0.067381 0.056497 0.187391
0.071922 0.051813 0.188398
0.073645 0.057767 0.198542
0.071277 0.055726 0.193240
0.073564 0.051117 0.191143
0.068205 0.056341 0.189077
0.072583 0.054842 0.194216
0.075240 0.054151 0.197197
0.069699 0.054887 0.189816
0.073444 0.054635 0.195169
0.072449 0.055590 0.195300
0.067729 0.058720 0.195120
0.068960 0.058598 0.196953
0.066912 0.058465 0.195055
0.072280 0.051630 0.189451
0.068855 0.056734 0.190380
0.074459 0.054355 0.196303
0.072175 0.055381 0.194338
0.068335 0.056964 0.189739
0.068432 0.057776 0.190692
0.074575 0.055457 0.197706
0.070878 0.054892 0.191719
0.069019 0.058512 0.193140
0.068253 0.058890 0.194688
0.069626 0.058095 0.193228
0.067158 0.058831 0.190181
0.068951 0.054261 0.187667
0.069427 0.055644 0.190535
0.068801 0.056981 0.190540
0.068563 0.057199 0.190359
0.069904 0.058534 0.194583
0.065448 0.058702 0.192041
0.069275 0.054789 0.189134
0.072108 0.052177 0.190614
0.072519 0.054168 0.193212
0.072902 0.052119 0.191226
0.071013 0.052220 0.186192
0.071630 0.058353 0.196722
0.071803 0.051821 0.186852
0.069159 0.058649 0.193702
0.073437 0.053100 0.193588
0.065707 0.059305 0.188663
0.071293 0.058548 0.197240
0.065949 0.059227 0.189911
0.070186 0.058031 0.193851
0.074486 0.054817 0.197021
0.069374 0.057059 0.191679
0.073398 0.054730 0.195369
0.072875 0.052679 0.191890
0.071061 0.058654 0.197670
0.066738 0.058989 0.189339
0.074109 0.055685 0.197273
0.070581 0.058727 0.196756
0.075017 0.053371 0.195929
0.073222 0.054286 0.194322
0.069804 0.053249 0.187282
0.067658 0.058858 0.194014
0.071213 0.054634 0.191915
0.069683 0.053995 0.188319
0.070785 0.052495 0.186962
0.066200 0.059043 0.188003
0.068367 0.057719 0.190483
0.067281 0.058652 0.194289
0.070752 0.052403 0.186743
0.070820 0.056572 0.193111
0.068763 0.058257 0.192005
0.068003 0.055457 0.187642
0.071274 0.053550 0.190805
0.074223 0.051577 0.191848
0.072363 0.053390 0.192273
0.071220 0.057862 0.194860
0.073188 0.051531 0.191007
0.071162 0.056442 0.193466
0.070960 0.052322 0.188706
0.068809 0.055058 0.188907
0.071980 0.058308 0.197155
0.071550 0.058565 0.197922
0.070333 0.058702 0.197638
0.072840 0.051404 0.188772
0.067370 0.058600 0.195221
0.070423 0.056159 0.192382
0.073471 0.051998 0.191640
0.072863 0.055139 0.195230
0.072215 0.051558 0.188838
0.070343 0.052906 0.187140
0.069569 0.054667 0.189358
0.067801 0.058549 0.190792
0.070723 0.058606 0.198053
0.068653 0.058218 0.191808
0.068823 0.053838 0.186401
0.073319 0.057495 0.197615
0.068457 0.053833 0.185707
0.072995 0.051337 0.189565
0.073010 0.054534 0.194391
0.072718 0.056788 0.196039
0.071459 0.051980 0.188534
0.071878 0.052246 0.190459
0.066259 0.059070 0.191712
0.071163 0.053849 0.190850
0.073130 0.057990 0.198100
0.066356 0.059213 0.190406
0.067647 0.055932 0.187562
0.071114 0.052309 0.188413
0.072728 0.057986 0.197472
0.066850 0.056738 0.186360
0.070969 0.058281 0.195166
0.070042 0.054720 0.190161
0.073150 0.056733 0.196675
0.068616 0.058553 0.192319
0.073429 0.052428 0.192309
0.068522 0.053896 0.185993
0.074080 0.056906 0.197953
0.068094 0.058870 0.192404
0.066295 0.058894 0.192553
0.067655 0.056785 0.188230
0.069396 0.053310 0.186659
0.069030 0.058665 0.196382
0.066395 0.058799 0.192994
0.067608 0.057129 0.188373
0.066203 0.059081 0.188217
0.068306 0.058521 0.191674
0.070996 0.055667 0.192902
0.071704 0.051954 0.187783
0.073905 0.050945 0.190732
0.067292 0.058001 0.196905
0.068081 0.054780 0.186524
0.073856 0.056155 0.197202
0.071524 0.056377 0.194109
0.070324 0.053471 0.188830
0.070529 0.052623 0.186764
0.072755 0.052400 0.191441
0.068035 0.058920 0.192763
0.067583 0.056702 0.188041
0.070970 0.056496 0.193245
0.074182 0.057098 0.198245
0.072415 0.051597 0.187543
0.069333 0.058803 0.195239
0.068806 0.058790 0.193617
0.069217 0.058649 0.196762
0.071239 0.052825 0.190114
0.070940 0.054146 0.190801
0.072425 0.058318 0.198642
0.069681 0.055389 0.190541
0.072765 0.055199 0.194859
0.066910 0.057555 0.197844
0.072083 0.051966 0.190230
0.070036 0.053121 0.187542
0.073094 0.051307 0.190247
0.075286 0.054321 0.197443
0.066091 0.059290 0.189596
0.070075 0.052527 0.185529
0.071410 0.052792 0.190354
0.067595 0.056291 0.187953
0.069473 0.053609 0.187346
0.072754 0.053140 0.192522
0.072033 0.057874 0.196109
0.072414 0.052131 0.190920
0.065425 0.059306 0.189614
0.071938 0.058483 0.198235
0.069050 0.056349 0.190460
0.065672 0.058855 0.191924
0.068566 0.057783 0.191083
0.067494 0.057289 0.188274
0.067484 0.057433 0.188386
0.067237 0.059126 0.192080
0.073956 0.053958 0.195149
0.067364 0.058023 0.196782
0.071102 0.052888 0.189945
0.067501 0.058488 0.190036
0.065572 0.058372 0.193229
0.067912 0.057165 0.189016
0.071534 0.051971 0.187574
0.069942 0.054264 0.189242
0.074154 0.050921 0.189586
0.070515 0.057008 0.193102
0.073080 0.057949 0.198002
0.067494 0.059047 0.191382
0.071841 0.055286 0.193720
0.071911 0.054651 0.192940
0.068620 0.058746 0.193089
0.069491 0.058625 0.197464
0.073491 0.052142 0.191844
0.070425 0.058599 0.195437
0.069059 0.053916 0.187419
0.067200 0.056961 0.187335
0.070535 0.058419 0.194943
0.071998 0.058042 0.196342
0.072597 0.057765 0.196790
0.071516 0.057951 0.195458
0.065889 0.059095 0.191281
0.072987 0.055056 0.195137
0.065485 0.058986 0.191124
0.067919 0.058284 0.196903
0.071552 0.058580 0.198520
0.066617 0.058854 0.193157
0.072508 0.051504 0.188523
0.073197 0.057109 0.196944
0.066344 0.059161 0.190113
0.066484 0.058427 0.194362
0.070085 0.058737 0.196173
0.070193 0.057727 0.193410
0.073183 0.052431 0.191946
0.068244 0.058775 0.192150
0.074106 0.052804 0.193908
0.069351 0.053446 0.186763
0.071942 0.052641 0.190907
0.070144 0.058736 0.195950
0.069146 0.058831 0.195250
0.072110 0.055042 0.193805
0.073242 0.052042 0.191540
0.067997 0.056592 0.188803
0.071587 0.054256 0.191918
0.074872 0.054545 0.197211
0.066748 0.057847 0.196754
0.068447 0.056667 0.189660
0.073618 0.055115 0.196217
0.070357 0.054347 0.190098
0.070129 0.054400 0.189798
0.068579 0.058902 0.194721
0.073144 0.056509 0.196553
0.073590 0.055569 0.196493
0.071231 0.052296 0.188044
0.072392 0.051550 0.188599
0.074781 0.050718 0.190292
0.074547 0.054430 0.196611
0.068098 0.057364 0.189572
0.074537 0.051391 0.191909
0.072601 0.054783 0.194305
0.068649 0.054504 0.187408
0.074809 0.053337 0.195599
0.066769 0.058833 0.189059
0.069261 0.056611 0.190959
0.072073 0.053154 0.191819
0.075133 0.054522 0.197506
0.069492 0.058795 0.194794
0.068632 0.053940 0.186246
0.074022 0.056464 0.197645
0.070434 0.052471 0.185968
0.067320 0.057522 0.188172
0.068851 0.054279 0.187469
0.072595 0.051568 0.188412
0.070959 0.058462 0.195940
0.070898 0.056007 0.192963
0.070980 0.053045 0.189864
0.067092 0.058452 0.188868
0.068900 0.057309 0.191061
0.068681 0.055014 0.188437
0.067440 0.058211 0.196425
0.068064 0.058543 0.195904
0.070094 0.058592 0.198223
0.072980 0.058138 0.198280
0.065977 0.058362 0.193778
0.073057 0.055862 0.196174
0.071785 0.051836 0.186962
0.068518 0.054427 0.186927
0.071374 0.058473 0.197043
0.067183 0.058932 0.193480
0.068549 0.055137 0.188365
0.068269 0.058477 0.196609
0.073848 0.050975 0.189594
0.073779 0.051356 0.191556
0.073242 0.056302 0.196613
0.068190 0.058668 0.195703
0.068233 0.058413 0.191340
0.070648 0.052650 0.187166
0.073178 0.051510 0.191185
0.069193 0.058251 0.193000
0.067945 0.056381 0.188692
0.074700 0.052111 0.193792
0.071124 0.058645 0.198192
0.067186 0.058554 0.194552
0.074952 0.054254 0.196857
0.074335 0.052640 0.193991
0.069895 0.058626 0.194850
0.068170 0.057514 0.190021
0.069364 0.055305 0.190014
0.067902 0.058577 0.195728
0.068985 0.056574 0.190521
0.067025 0.058052 0.196475
0.074140 0.057279 0.198391
0.072818 0.057546 0.196826
0.067842 0.054868 0.186187
0.067631 0.058635 0.195364
0.067818 0.058976 0.192670
0.073263 0.052770 0.192643
0.068557 0.058854 0.193440
0.072261 0.055223 0.194216
0.067894 0.056887 0.188785
0.071786 0.058224 0.196391
0.070373 0.052907 0.188445
0.072569 0.053422 0.192564
0.066852 0.057618 0.197579
0.073475 0.051256 0.189190
0.067638 0.058939 0.191219
0.071403 0.057913 0.195307
0.069721 0.057827 0.192877
0.070239 0.055446 0.191373
0.066764 0.058335 0.195355
0.067222 0.055419 0.185869
0.066991 0.055898 0.185809
0.068440 0.054108 0.186222
0.072457 0.055445 0.194684
0.065620 0.059278 0.189881
0.067244 0.058451 0.195516
0.069990 0.056146 0.191719
0.074416 0.054789 0.196857
0.073978 0.052476 0.193184
0.068152 0.054901 0.186956
0.068408 0.058468 0.196927
0.071351 0.058464 0.196803
0.067413 0.055523 0.186404
0.066489 0.059107 0.191570
0.071752 0.051907 0.189539
0.071864 0.052487 0.190692
0.072621 0.054879 0.194358
0.071499 0.058469 0.197295
0.074577 0.054892 0.197190
0.070021 0.056763 0.192284
0.072500 0.056622 0.195675
0.071771 0.052839 0.190986
0.071967 0.051822 0.187677
0.074235 0.051114 0.191564
0.065363 0.059162 0.190531
0.070201 0.057375 0.192985
0.071098 0.052244 0.186585
0.073636 0.051094 0.190614
0.074329 0.054445 0.196202
0.070222 0.053037 0.188208
0.069947 0.053214 0.187673
0.073258 0.051657 0.190730
0.068716 0.054087 0.186771
0.065433 0.059334 0.189310
0.069925 0.057418 0.192620
0.073384 0.052343 0.192158
0.070861 0.054031 0.190545
0.067034 0.059105 0.191421
0.073701 0.053218 0.193869
0.071051 0.055885 0.193116
0.067748 0.055655 0.187618
0.071996 0.055781 0.194611
0.073238 0.052471 0.192132
0.070484 0.058659 0.195676
0.072912 0.052492 0.191681
0.074455 0.054254 0.196121
0.069930 0.056880 0.192179
0.071779 0.052710 0.190791
0.069544 0.053764 0.187692
0.073791 0.051114 0.189108
0.066654 0.059108 0.191737
0.067902 0.055502 0.187489
0.068589 0.058147 0.191573
0.073228 0.051557 0.190659
0.068483 0.058311 0.197700
0.073123 0.051346 0.189307
0.072343 0.051523 0.189040
0.066443 0.058234 0.194757
0.067485 0.055682 0.186725
0.071050 0.054161 0.191003
0.067065 0.058367 0.188735
0.067909 0.058963 0.192926
0.068863 0.058816 0.193830
0.072399 0.058265 0.197760
0.068037 0.055366 0.187510
0.070269 0.052834 0.187552
0.067095 0.057760 0.188030
0.073223 0.055253 0.195908
0.074445 0.052118 0.193222
0.070925 0.052438 0.188911
0.070276 0.054185 0.189733
0.071448 0.054410 0.191959
0.074585 0.051340 0.192021
0.071995 0.056947 0.195119
0.070795 0.058322 0.195044
0.073022 0.058149 0.198500
0.073370 0.057292 0.197419
0.068898 0.058545 0.197271
0.071803 0.055740 0.194141
0.065372 0.058754 0.191796
0.072188 0.057032 0.195455
0.071608 0.052775 0.190679
0.068845 0.054408 0.187812
0.067510 0.056209 0.187417
0.068666 0.058883 0.195087
0.073785 0.051033 0.191142
0.073142 0.051258 0.189707
0.070701 0.058564 0.195635
0.073360 0.058047 0.198938
0.069170 0.055147 0.189389
0.071749 0.058500 0.197758
0.070065 0.053477 0.188308
0.067228 0.057626 0.188355
0.065588 0.059087 0.190879
0.072605 0.051613 0.188235
0.072912 0.053800 0.193565
0.073915 0.052314 0.192829
0.071488 0.055539 0.193359
0.068264 0.057327 0.190053
0.067452 0.058086 0.196746
0.071749 0.053841 0.191764
0.069958 0.058644 0.195128
0.074198 0.051732 0.192231
0.065998 0.058778 0.192557
0.071240 0.058280 0.195847
0.074561 0.052705 0.194620
0.068214 0.055374 0.188159
0.071110 0.058527 0.196702
0.070740 0.054313 0.190697
0.067670 0.054913 0.185906
0.072724 0.055142 0.194658
0.072975 0.053351 0.192954
0.072792 0.053414 0.192822
0.066789 0.058306 0.188051
0.074587 0.056005 0.197940
0.070117 0.057607 0.193167
0.071763 0.054565 0.192611
0.069620 0.058107 0.193236
0.068174 0.058337 0.191082
0.073089 0.052013 0.191378
0.067138 0.055810 0.186039
0.068135 0.058885 0.193139
0.065204 0.059289 0.189352
0.070228 0.053209 0.188382
0.067346 0.058573 0.189928
0.072798 0.052967 0.192250
0.071927 0.057772 0.195904
0.069273 0.058558 0.197595
0.066926 0.058938 0.193230
0.072142 0.057239 0.195505
0.067168 0.055945 0.186323
0.068991 0.058853 0.194404
0.067760 0.058980 0.191694
0.072478 0.052535 0.191433
0.068478 0.058849 0.194434
0.067858 0.058957 0.192249
0.072760 0.057132 0.196377
0.074182 0.051769 0.192401
0.072614 0.058096 0.197614
0.072827 0.053694 0.193238
0.068516 0.056707 0.189806
0.072409 0.053141 0.192098
0.066677 0.057708 0.197064
0.068404 0.057913 0.190870
0.072077 0.056230 0.194942
0.073191 0.057539 0.197458
0.069405 0.052932 0.185984
0.073557 0.051252 0.189005
0.072117 0.057896 0.196249
0.066607 0.058316 0.195190
0.067731 0.055624 0.187163
0.073683 0.052316 0.192441
0.067437 0.058676 0.194739
0.070769 0.058661 0.197791
0.071327 0.051962 0.188880
0.070832 0.052482 0.187146
0.069408 0.058653 0.197287
0.068781 0.057656 0.191324
0.071857 0.052119 0.190116
0.067968 0.055835 0.188405
0.068832 0.058645 0.196465
0.071457 0.058549 0.197526
0.071037 0.055446 0.192692
0.069520 0.058774 0.195619
0.068374 0.055170 0.188082
0.073227 0.054724 0.195037
0.069025 0.055365 0.189517
0.070342 0.055245 0.191284
0.067996 0.056915 0.188945
0.074364 0.052299 0.193293
0.067576 0.055339 0.186401
0.072158 0.051726 0.189802
0.066549 0.058202 0.194630
0.071168 0.055414 0.192891
0.069239 0.058714 0.196218
0.073698 0.051941 0.191836
0.070513 0.052695 0.187898
0.073458 0.051725 0.191416
0.068122 0.058387 0.196776
0.071767 0.057932 0.195712
0.074253 0.052858 0.194186
0.074270 0.056486 0.197876
0.067933 0.056122 0.188621
0.068117 0.057847 0.190273
0.067941 0.057508 0.189402
0.068485 0.054628 0.187290
0.069566 0.057918 0.192797
0.066620 0.058158 0.195671
0.065260 0.059284 0.189852
0.065889 0.059232 0.188525
0.071942 0.052860 0.191268
0.069500 0.058764 0.194668
0.068514 0.058885 0.194225
0.070491 0.055734 0.192102
0.064935 0.059251 0.189893
0.069703 0.053725 0.187870
0.069695 0.056190 0.191458
0.071536 0.052005 0.187400
0.066497 0.059195 0.191207
0.072301 0.056532 0.195382
0.072963 0.051936 0.191103
0.071758 0.053021 0.191243
0.071448 0.055818 0.193540
0.074381 0.053167 0.194761
0.071642 0.051941 0.188429
0.071166 0.053358 0.190469
0.069523 0.057068 0.191794
0.066790 0.058338 0.194543
0.074621 0.053032 0.194942
0.070770 0.055704 0.192570
0.073511 0.051039 0.189927
0.072974 0.051369 0.190338
0.069503 0.058563 0.197722
0.071919 0.053285 0.191620
0.073850 0.054570 0.195758
0.068136 0.058580 0.191484
0.074243 0.052368 0.193203
0.072104 0.051675 0.188654
0.073629 0.053814 0.194343
0.072745 0.054019 0.193565
0.070550 0.052674 0.188501
0.070013 0.053320 0.188043
0.067538 0.059021 0.192909
0.069592 0.058621 0.197492
0.072392 0.054348 0.193300
0.073651 0.052409 0.192787
0.074393 0.055042 0.197065
0.071899 0.051968 0.189835
0.069505 0.056097 0.190977
0.069146 0.057929 0.192175
0.072694 0.051571 0.188093
0.072896 0.052199 0.191371
0.073722 0.053372 0.194018
0.066636 0.058550 0.188060
0.074267 0.054621 0.196352
0.066557 0.059162 0.190154
0.072690 0.051461 0.189475
0.074117 0.052323 0.193026
0.073890 0.050930 0.190045
0.066601 0.058880 0.188832
0.070516 0.054191 0.190145
0.072244 0.055371 0.194504
0.067488 0.058736 0.190440
0.069729 0.058780 0.195694
0.071817 0.056029 0.194516
0.068448 0.058213 0.191447
0.068134 0.056271 0.188929
0.070338 0.053307 0.188781
0.070074 0.058751 0.197114
0.071219 0.054317 0.191483
0.071040 0.052375 0.187716
0.071797 0.057382 0.195134
0.074526 0.055383 0.197530
0.067012 0.056717 0.186649
0.072739 0.052087 0.191032
0.071434 0.052302 0.189602
0.067707 0.058560 0.195581
0.070155 0.058482 0.194731
0.067557 0.058954 0.191319
0.066912 0.057155 0.186868
0.068095 0.056102 0.188822
0.068333 0.054708 0.187011
0.068207 0.058193 0.197830
0.069652 0.053362 0.187207
0.068141 0.058921 0.193381
0.072296 0.058054 0.196938
0.070086 0.056222 0.191892
0.067092 0.058950 0.190309
0.070745 0.054509 0.190972
0.073640 0.057338 0.197937
0.075091 0.053100 0.195757
0.070617 0.058567 0.195484
0.072438 0.056205 0.195422
0.073534 0.053403 0.193845
0.073971 0.054524 0.195927
0.069178 0.058188 0.192867
0.066692 0.059130 0.190171
0.069491 0.054985 0.189689
0.067167 0.056600 0.187098
0.067755 0.055682 0.187408
0.071496 0.058192 0.195955
0.074589 0.050793 0.190782
0.067605 0.058591 0.190405
0.070550 0.056048 0.192496
0.069388 0.058728 0.195428
0.071932 0.058458 0.198557
0.066572 0.059138 0.189659
0.074647 0.051232 0.192177
0.073779 0.052142 0.192229
0.073196 0.053521 0.193529
0.072250 0.057273 0.195732
0.073429 0.053045 0.193381
0.065744 0.059321 0.189597
0.067819 0.058889 0.193962
0.072802 0.053624 0.193040
0.069941 0.055738 0.191323
0.071633 0.052360 0.190169
0.071603 0.057398 0.194905
0.073102 0.053257 0.193070
0.067797 0.056068 0.188354
0.071843 0.055835 0.194365
0.071057 0.053330 0.190269
0.069951 0.052623 0.186086
0.067142 0.058802 0.194009
0.070518 0.058771 0.196942
0.074390 0.054582 0.196558
0.074780 0.052773 0.194903
0.072039 0.051645 0.188064
0.073421 0.056389 0.196835
0.066818 0.059135 0.191467
0.068466 0.058359 0.191657
0.069775 0.058756 0.196353
0.072084 0.054672 0.193346
0.069172 0.053094 0.185865
0.068244 0.057267 0.189865
0.067023 0.057574 0.187562
0.070400 0.057995 0.194045
0.067221 0.057693 0.188146
0.073697 0.054637 0.195727
0.074073 0.050876 0.190559
0.074493 0.051018 0.191701
0.066783 0.057756 0.187100
0.074584 0.051880 0.193200
0.069449 0.058818 0.195039
0.066149 0.058049 0.195328
0.070561 0.057761 0.194000
0.065499 0.059357 0.188836
0.068949 0.058624 0.196763
0.067909 0.055526 0.187936
0.068995 0.057478 0.191525
0.067460 0.055900 0.186920
0.068593 0.053706 0.185869
0.073335 0.057112 0.197167
0.069653 0.054540 0.189229
0.070773 0.058699 0.197008
0.071574 0.053055 0.190925
0.068076 0.055567 0.188279
0.070931 0.056284 0.193120
0.066146 0.059205 0.189831
0.069645 0.058015 0.193096
0.073622 0.051194 0.191318
0.067331 0.056108 0.186947
0.068288 0.058952 0.193857
0.071900 0.055065 0.193609
0.074316 0.055510 0.197358
0.074438 0.053705 0.195423
0.071256 0.052112 0.186934
0.071652 0.055566 0.193654
0.068382 0.055280 0.188388
0.068368 0.058828 0.193064
0.069106 0.053459 0.186235
0.065642 0.059220 0.190399
0.068216 0.055767 0.188749
0.074020 0.052017 0.192334
0.073453 0.052735 0.192851
0.068724 0.054992 0.188690
0.066137 0.059177 0.191153
0.072006 0.053399 0.191874
0.072577 0.052721 0.191701
0.068886 0.058381 0.192574
0.074039 0.054494 0.196076
0.067849 0.055503 0.187284
0.071032 0.053806 0.190600
0.068375 0.056650 0.189510
0.066615 0.058266 0.194808
0.074035 0.055952 0.197318
0.071082 0.053149 0.190115
0.073490 0.051197 0.188619
0.067590 0.058798 0.190919
0.068857 0.058718 0.193394
0.071954 0.051960 0.190002
0.069253 0.058381 0.198038
0.070854 0.055475 0.192433
0.071921 0.057742 0.195757
0.069520 0.055428 0.190407
0.072218 0.053017 0.191721
0.066275 0.057951 0.195815
0.072785 0.058216 0.198222
0.065438 0.058606 0.192388
0.071308 0.054053 0.191299
0.068869 0.054105 0.187346
0.072447 0.057204 0.195927
0.069625 0.058743 0.196505
0.069045 0.058179 0.192419
0.069273 0.058865 0.195012
0.075147 0.053551 0.196405
0.072232 0.052711 0.191317
0.073461 0.056867 0.197187
0.072310 0.051500 0.188777
0.073905 0.053947 0.194968
0.074189 0.052496 0.193439
0.068198 0.056857 0.189388
0.068739 0.054521 0.187679
0.070512 0.056282 0.192584
0.072200 0.054763 0.193709
0.071873 0.056427 0.194744
0.073661 0.050978 0.189783
0.067694 0.059042 0.192587
0.067508 0.058049 0.197103
0.070749 0.053783 0.190026
0.065135 0.058621 0.191946
0.069668 0.055985 0.191151
0.066695 0.058367 0.194966
0.068672 0.055867 0.189435
0.069629 0.053289 0.186992
0.067137 0.057883 0.197201
0.073427 0.051113 0.189672
0.068030 0.058900 0.192129
0.071141 0.052747 0.189905
0.068512 0.058696 0.192693
0.070074 0.055482 0.191187
0.066700 0.058004 0.187576
0.074175 0.055440 0.197186
0.069742 0.055806 0.191121
0.070968 0.053301 0.190000
0.067615 0.055643 0.186934
0.075009 0.054380 0.197130
0.069172 0.058618 0.196942
0.068972 0.053786 0.186539
0.071194 0.052274 0.189154
0.071786 0.057131 0.194921
0.065947 0.058088 0.194413
0.067287 0.056589 0.187248
0.071737 0.054351 0.192295
0.070991 0.055368 0.192527
0.074122 0.051792 0.192041
0.074007 0.056143 0.197390
0.068108 0.058698 0.191690
0.071702 0.051944 0.189421
0.072168 0.056821 0.195351
0.069840 0.056606 0.191880
0.069644 0.054400 0.188925
0.070412 0.054300 0.190243
0.068342 0.058542 0.196320
0.070375 0.057690 0.193555
0.066556 0.058720 0.188422
0.066906 0.058595 0.194228
0.068798 0.058682 0.193245
0.070604 0.057951 0.194244
0.073369 0.051330 0.190634
0.066527 0.059190 0.190576
0.071200 0.056305 0.193438
0.071181 0.052095 0.186816
0.071050 0.052393 0.189056
0.067219 0.058589 0.194917
0.071393 0.053092 0.190660
0.069644 0.053864 0.187995
0.073183 0.056017 0.196379
0.069440 0.058476 0.198039
0.070133 0.057532 0.193023
0.066319 0.059162 0.191402
0.069974 0.053515 0.188160
0.068054 0.058836 0.191895
0.073099 0.057731 0.197635
0.069750 0.058728 0.195401
0.066818 0.057680 0.197353
0.070800 0.053559 0.189878
0.072893 0.057357 0.196709
0.072362 0.052044 0.190789
0.069400 0.058223 0.193154
0.066799 0.059074 0.191968
0.069459 0.053397 0.186948
0.067619 0.055515 0.186780
0.068627 0.055028 0.188188
0.074830 0.053887 0.196256
0.068553 0.057621 0.190837
0.067928 0.058050 0.190237
0.070123 0.053006 0.187501
0.069282 0.054482 0.188486
0.068483 0.058901 0.194968
0.069660 0.055056 0.190238
0.074847 0.053086 0.195415
0.070359 0.055676 0.191906
0.071087 0.056179 0.193261
0.072522 0.052470 0.191272
0.065776 0.058272 0.193741
0.071312 0.057284 0.194386
0.068550 0.058802 0.195410
0.073260 0.052924 0.192839
0.070184 0.058216 0.194075
0.073300 0.051178 0.189944
0.069034 0.058759 0.195854
0.072297 0.058373 0.197969
0.072118 0.054138 0.192592
0.066842 0.057977 0.196435
0.074641 0.051106 0.191951
0.073885 0.054937 0.196352
0.073041 0.055559 0.195807
0.067859 0.055049 0.186502
0.070216 0.056337 0.192226
0.074332 0.054050 0.195688
0.072337 0.058387 0.198119
0.067530 0.059071 0.192591
0.067068 0.057735 0.197520
0.070743 0.058617 0.196361
0.069736 0.053561 0.187719
0.070350 0.052780 0.187709
0.065083 0.059229 0.190081
0.069071 0.058792 0.194064
0.067097 0.057302 0.187470
0.067331 0.058284 0.196024
0.067028 0.058880 0.189916
0.074082 0.055420 0.197074
0.070644 0.052547 0.187780
0.071576 0.057142 0.194670
0.066937 0.058448 0.194761
0.067689 0.055850 0.187765
0.072902 0.054789 0.194574
0.068171 0.054215 0.185889
0.069545 0.054562 0.189134
0.070442 0.052797 0.188279
0.072350 0.055695 0.195074
0.072182 0.051675 0.189303
0.074724 0.052411 0.194310
0.068601 0.058419 0.197428
0.068966 0.056434 0.190364
0.067335 0.058231 0.189122
0.072745 0.052285 0.191232
0.071181 0.053548 0.190638
0.067265 0.057790 0.188479
0.070658 0.053343 0.189387
0.065777 0.059274 0.188763
0.070915 0.058621 0.196830
0.072339 0.054164 0.192936
0.072963 0.055389 0.195645
0.074522 0.054652 0.196917
0.068023 0.057264 0.189406
0.070724 0.057415 0.193697
0.070664 0.055492 0.192118
0.068249 0.054502 0.186457
0.074455 0.051427 0.192546
0.071405 0.055501 0.193192
0.069285 0.058785 0.195727
0.072685 0.051596 0.188277
0.069632 0.058720 0.196820
0.070574 0.053807 0.189738
0.070977 0.056798 0.193448
0.071293 0.057603 0.194667
0.067679 0.058935 0.193800
0.070291 0.058351 0.194403
0.070886 0.054750 0.191535
0.067718 0.058997 0.193381
0.074260 0.055735 0.197449
0.068487 0.054530 0.187029
0.072703 0.051461 0.189066
0.066322 0.059198 0.191164
0.070065 0.057758 0.193260
0.073482 0.055358 0.196206
0.073245 0.056820 0.196823
0.067551 0.056234 0.187652
0.069832 0.058469 0.194125
0.074754 0.055174 0.197683
0.072998 0.051410 0.188401
0.071933 0.051724 0.188825
0.073929 0.054158 0.195269
0.066077 0.059161 0.190047
0.068093 0.058918 0.193522
0.067025 0.056070 0.186126
0.071644 0.052140 0.189767
0.072423 0.058028 0.197016
0.068591 0.056501 0.189777
0.070325 0.058671 0.195581
0.070274 0.053888 0.189179
0.073134 0.054907 0.195199
0.071557 0.053805 0.191445
0.068090 0.055924 0.188711
0.068141 0.058860 0.192802
0.066555 0.058318 0.194518
0.070398 0.053839 0.189405
0.067278 0.056412 0.187083
0.071688 0.052462 0.190577
0.072210 0.058282 0.197588
0.067066 0.057107 0.187208
0.072632 0.055296 0.195066
0.067270 0.059092 0.192758
0.071574 0.051983 0.187205
0.070004 0.058712 0.196368
0.067230 0.058744 0.190035
0.073706 0.052843 0.193593
0.072509 0.054936 0.194087
0.069090 0.053305 0.185996
0.068766 0.054368 0.187430
0.070759 0.056307 0.192917
0.071094 0.058664 0.197903
0.068482 0.055930 0.189261
0.072083 0.056701 0.195237
0.073391 0.057949 0.198574
0.066870 0.056933 0.186579
0.072030 0.058248 0.197393
0.069439 0.054585 0.188916
0.074230 0.053058 0.194450
0.071393 0.055223 0.192948
0.072659 0.054594 0.193988
0.070449 0.058375 0.194694
0.071988 0.051784 0.187850
0.072206 0.058426 0.198238
0.065661 0.058630 0.192576
0.071545 0.056102 0.194073
0.068707 0.058852 0.193989
0.069091 0.056662 0.190794
0.070739 0.052342 0.186002
0.069059 0.054764 0.188583
0.071746 0.056310 0.194482
0.070598 0.058348 0.194795
0.074090 0.052652 0.193657
0.069935 0.058495 0.194296
0.069995 0.058760 0.195904
0.068420 0.058664 0.195810
0.068494 0.057284 0.190266
0.072305 0.056732 0.195528
0.073086 0.052604 0.192246
0.065285 0.059268 0.189464
0.072186 0.052438 0.190934
0.070440 0.053661 0.189197
0.071470 0.051953 0.186570
0.069686 0.056108 0.191309
0.066565 0.057845 0.196452
0.071771 0.058505 0.198081
0.073642 0.051182 0.190976
0.065642 0.058067 0.193917
0.068407 0.058201 0.198013
0.067669 0.058148 0.189721
0.071009 0.052291 0.187142
0.070188 0.055676 0.191729
0.074417 0.055654 0.197609
0.073545 0.051084 0.190470
0.066328 0.059235 0.189346
0.072800 0.054158 0.193728
0.069724 0.052863 0.186320
0.069118 0.054648 0.188432
0.072358 0.057410 0.196003
0.068013 0.058148 0.190554
0.070965 0.053496 0.190177
0.069649 0.057716 0.192618
0.071477 0.054736 0.192444
0.074461 0.055184 0.197313
0.068252 0.055913 0.188929
0.065865 0.058643 0.192847
0.070610 0.052510 0.186612
0.068875 0.057746 0.191645
0.069255 0.054395 0.188264
0.071462 0.052071 0.188234
0.069027 0.058094 0.192237
0.072354 0.056038 0.195280
0.072525 0.051614 0.189923
0.068703 0.055331 0.189002
0.072534 0.051737 0.190438
0.067779 0.055394 0.186980
0.071342 0.052163 0.187729
0.070281 0.058564 0.195161
0.069389 0.055898 0.190689
0.069946 0.058450 0.194225
0.072968 0.057448 0.196982
0.067125 0.055616 0.185798
0.067945 0.057324 0.189240
0.073678 0.051296 0.190795
0.074116 0.050909 0.191102
0.071468 0.052375 0.189871
0.071627 0.055390 0.193498
0.072595 0.057591 0.196540
0.073046 0.054773 0.194813
0.066964 0.058346 0.195536
0.067537 0.058324 0.189784
0.072183 0.051784 0.190121
0.067217 0.058147 0.188807
0.069791 0.054722 0.189711
0.068388 0.058890 0.194098
0.068343 0.058801 0.195408
0.070266 0.052857 0.187928
0.069613 0.056642 0.191721
0.070588 0.057591 0.193742
0.068313 0.058853 0.194428
0.069923 0.058745 0.196716
0.070998 0.058620 0.197309
0.071592 0.058520 0.198148
0.074839 0.052931 0.195319
0.065563 0.058502 0.192839
0.070756 0.055078 0.191768
0.073600 0.054751 0.195763
0.073547 0.052480 0.192657
0.071479 0.052111 0.187944
0.072173 0.053886 0.192421
0.065906 0.058876 0.192176
0.071222 0.052083 0.188534
0.067880 0.058870 0.194499
0.068739 0.058710 0.195762
0.073969 0.057471 0.198480
0.074754 0.054733 0.197277
0.065593 0.058743 0.192180
0.068521 0.055132 0.188547
0.072416 0.057890 0.196745
0.070284 0.058430 0.194600
0.071975 0.057246 0.195272
0.069806 0.054899 0.190078
0.075389 0.054022 0.197301
0.074095 0.056293 0.197582
0.072415 0.054739 0.193806
0.066358 0.058849 0.187896
0.072141 0.051679 0.188195
0.068690 0.058337 0.197869
0.070134 0.055606 0.191468
0.068175 0.055558 0.188414
0.070233 0.056733 0.192442
0.067868 0.058415 0.196295
0.073429 0.051049 0.189801
0.072844 0.051422 0.189846
0.067630 0.056983 0.188268
0.067980 0.057711 0.189852
0.074571 0.054324 0.196435
0.070371 0.058684 0.196233
0.071456 0.053157 0.190889
0.073385 0.057976 0.198785
0.068296 0.058164 0.191011
0.067348 0.058324 0.189586
0.073557 0.057687 0.198200
0.071786 0.058026 0.195967
0.071922 0.052111 0.190304
0.074409 0.052904 0.194512
0.072328 0.058380 0.198341
0.074156 0.054285 0.195747
0.067815 0.058381 0.190523
0.074622 0.051289 0.192414
0.070118 0.052858 0.186701
0.074441 0.051928 0.192868
0.069119 0.058577 0.197409
0.070013 0.057994 0.193588
0.073790 0.051123 0.191446
0.071259 0.055004 0.192545
0.067784 0.058065 0.197770
0.069404 0.058484 0.193667
0.067210 0.059110 0.191512
0.070034 0.056428 0.191970
0.074050 0.053080 0.194214
0.073292 0.055665 0.196238
0.068665 0.055604 0.189199
0.072198 0.054135 0.192794
0.069612 0.052793 0.186068
0.072413 0.058078 0.197116
0.071797 0.051808 0.187137
0.066838 0.058584 0.188600
0.067397 0.057193 0.187959
0.067729 0.056612 0.188398
0.071977 0.055627 0.194312
0.067678 0.058970 0.193104
0.074424 0.050829 0.190997
0.070354 0.056367 0.192416
0.067149 0.058356 0.188827
0.074271 0.052579 0.193728
0.071359 0.057067 0.194360
0.070806 0.052561 0.187912
0.065226 0.058941 0.191038
0.068170 0.057124 0.189565
0.069495 0.052775 0.185777
0.071547 0.058544 0.197691
0.070560 0.053531 0.189302
0.066354 0.058297 0.194648
0.068519 0.055509 0.188899
0.071842 0.055007 0.193389
0.074117 0.051365 0.191661
0.072126 0.051653 0.187884
0.067631 0.056121 0.187796
0.069477 0.058719 0.196502
0.074029 0.053599 0.194669
0.071240 0.055210 0.192728
0.067740 0.055278 0.186687
0.071142 0.052200 0.188584
0.073056 0.054862 0.195025
0.068064 0.056726 0.188949
0.066530 0.058440 0.187548
0.073080 0.051686 0.190839
0.071140 0.058254 0.195732
0.070476 0.052876 0.188700
0.066014 0.059201 0.188783
0.067653 0.058772 0.194581
0.070187 0.054925 0.190715
0.074540 0.054552 0.196736
0.073071 0.051399 0.188141
0.069230 0.055914 0.190477
0.072256 0.056230 0.195175
0.068963 0.053321 0.185853
0.069847 0.056291 0.191660
0.071343 0.058446 0.196558
0.074241 0.054359 0.196025
0.069706 0.052971 0.186545
0.069268 0.058681 0.196539
0.071557 0.053304 0.191087
0.071873 0.054333 0.192463
0.070018 0.054073 0.188998
0.068076 0.058448 0.196437
0.073877 0.052785 0.193758
0.066601 0.057975 0.187867
0.072102 0.051622 0.188916
0.073341 0.051336 0.188946
0.067687 0.058969 0.193558
0.067256 0.058880 0.193834
0.067599 0.057561 0.188955
0.068247 0.058946 0.193593
0.070147 0.057172 0.192644
0.071817 0.053180 0.191402
0.070102 0.057442 0.192871
0.065745 0.058915 0.191715
0.071791 0.056843 0.194789
0.066102 0.058341 0.193928
0.066932 0.057823 0.197170
0.069637 0.056461 0.191532
0.070685 0.057576 0.193908
0.071325 0.052304 0.189373
0.074556 0.055768 0.197789
0.069468 0.053948 0.187830
0.074015 0.054877 0.196375
0.071651 0.051886 0.188602
0.068663 0.056319 0.189791
0.071116 0.058581 0.198504
0.070655 0.052683 0.188135
0.065349 0.058386 0.192948
0.071296 0.052159 0.187499
0.072613 0.053914 0.193057
0.072677 0.052591 0.191618
0.072126 0.053597 0.192132
0.071036 0.053939 0.190723
0.066386 0.059116 0.189855
0.069083 0.057696 0.191895
0.069528 0.058249 0.193370
0.074232 0.054777 0.196635
0.071655 0.054296 0.192098
0.067389 0.058802 0.194091
0.066087 0.058167 0.194245
0.071210 0.056947 0.193909
0.066979 0.056911 0.186857
0.068228 0.057611 0.190210
0.067613 0.057855 0.189231
0.071857 0.057479 0.195319
0.072848 0.051858 0.190881
0.067409 0.059004 0.193089
0.068985 0.058237 0.192585
0.067978 0.054443 0.185854
0.074351 0.051633 0.192598
0.065694 0.059185 0.190692
0.066672 0.058630 0.188337
0.069540 0.058515 0.197863
0.070584 0.057826 0.194163
0.074759 0.054191 0.196507
0.065195 0.059370 0.189113
0.065371 0.059215 0.190197
0.068995 0.053883 0.187168
0.072064 0.051843 0.189999
0.066974 0.058126 0.196113
0.068812 0.055924 0.189709
0.073204 0.058074 0.198523
0.064637 0.059171 0.189887
0.065104 0.059312 0.189457
0.073318 0.055110 0.195755
0.068056 0.056336 0.188824
0.074813 0.053553 0.195874
0.072535 0.058061 0.197304
0.068024 0.057093 0.189392
0.067284 0.055689 0.186227
0.074327 0.053691 0.195245
0.072983 0.054907 0.194944
0.071515 0.054049 0.191603
0.073367 0.053652 0.193925
0.070081 0.056545 0.192170
0.071153 0.058484 0.196385
0.074544 0.053456 0.195286
0.073415 0.051241 0.188456
0.067131 0.058518 0.189537
0.071018 0.052802 0.189690
0.071908 0.056579 0.194927
0.069821 0.052697 0.186082
0.069284 0.057979 0.192435
0.072094 0.057368 0.195747
0.072374 0.052797 0.191566
0.067619 0.057979 0.197655
0.072462 0.054594 0.193670
0.068596 0.057423 0.190703
0.072277 0.057384 0.195856
0.066960 0.056329 0.186348
0.069054 0.058866 0.195183
0.066967 0.057429 0.187216
0.068968 0.055677 0.189885
0.073558 0.051326 0.190765
0.073444 0.052549 0.192545
0.072932 0.058017 0.197944
0.073537 0.057838 0.198712
0.069410 0.058673 0.196994
0.072829 0.051521 0.188202
0.067977 0.058784 0.191591
0.074480 0.050815 0.189889
0.069860 0.056012 0.191470
0.071738 0.058510 0.198594
0.068692 0.057807 0.191367
0.074145 0.053909 0.195288
0.070126 0.054037 0.189127
0.071056 0.052275 0.186958
0.065999 0.059232 0.190532
0.074913 0.054865 0.197574
0.068330 0.055555 0.188687
0.071653 0.056640 0.194521
0.073304 0.057647 0.197771
0.074550 0.052940 0.194775
0.067743 0.058302 0.190237
0.070915 0.053740 0.190328
0.068680 0.058549 0.192500
0.069037 0.058646 0.196640
0.072577 0.053692 0.192771
0.067337 0.058082 0.196641
0.071344 0.058161 0.195629
0.068485 0.056198 0.189416
0.068612 0.054084 0.186492
0.074692 0.053471 0.195709
0.070799 0.055257 0.192078
0.066430 0.058909 0.188553
0.072026 0.052134 0.190451
0.070482 0.053389 0.189023
0.074201 0.054087 0.195562
0.073668 0.056263 0.197040
0.070407 0.058732 0.196535
0.069926 0.058733 0.195510
0.072527 0.054565 0.193860
0.072684 0.055382 0.195427
0.073551 0.055075 0.196091
0.074421 0.053859 0.195609
0.072149 0.058421 0.198442
0.067588 0.059043 0.191263
0.066339 0.059216 0.189684
0.068867 0.058718 0.195995
0.069295 0.056900 0.191310
0.071931 0.053878 0.192081
0.072410 0.056982 0.195727
0.070999 0.052230 0.186314
0.066958 0.058141 0.188245
0.071418 0.052915 0.190495
0.070923 0.054582 0.191367
0.067097 0.055955 0.186207
0.073404 0.054247 0.194507
0.068013 0.057801 0.190069
0.067751 0.058831 0.194225
0.066993 0.057219 0.187303
0.069885 0.054487 0.189540
0.065254 0.058599 0.192198
0.066564 0.059012 0.192410
0.074177 0.050856 0.190823
0.068767 0.058898 0.194305
0.066440 0.058844 0.188182
0.067729 0.058931 0.191496
0.069839 0.053612 0.188000
0.068037 0.058495 0.191085
0.071094 0.057613 0.194385
0.070336 0.053179 0.188623
0.069493 0.056883 0.191640
0.066913 0.059032 0.192884
0.067642 0.059022 0.191704
0.071013 0.052291 0.187408
0.073068 0.051390 0.188939
0.066994 0.058903 0.189739
0.073844 0.051051 0.189311
0.068830 0.058908 0.194790
0.065320 0.059053 0.190836
0.069370 0.055167 0.189832
0.070011 0.058716 0.197455
0.068867 0.055896 0.189863
0.070027 0.053880 0.188774
0.072365 0.053946 0.192727
0.071194 0.058595 0.197433
0.073040 0.057054 0.196694
0.069070 0.058294 0.192771
0.074308 0.051557 0.192364
0.073675 0.052639 0.193109
0.069541 0.054282 0.188574
0.069408 0.057861 0.192471
0.067703 0.055236 0.186494
0.071382 0.056384 0.193777
0.065777 0.058408 0.193312
0.072741 0.058007 0.197636
0.074128 0.053711 0.194972
0.071686 0.051934 0.188253
0.067155 0.056287 0.186726
0.068470 0.054648 0.187472
0.069729 0.058609 0.194368
0.070719 0.053987 0.190229
0.066412 0.059235 0.189536
0.068108 0.057538 0.189889
0.070563 0.052483 0.186191
0.071137 0.055955 0.193264
0.068349 0.054444 0.186568
0.072936 0.052814 0.192194
0.067329 0.058937 0.190848
0.074553 0.052588 0.194434
0.071660 0.051926 0.187043
0.068954 0.058756 0.195615
0.072628 0.051454 0.188607
0.070513 0.058635 0.196069
0.072654 0.051509 0.189328
0.068746 0.058582 0.196808
0.071294 0.052451 0.189658
0.071135 0.057203 0.194022
0.072151 0.052235 0.190756
0.067332 0.058426 0.189820
0.066093 0.059124 0.191441
0.066898 0.056407 0.186202
0.073024 0.052968 0.192524
0.072080 0.058205 0.196891
0.072478 0.052823 0.191759
0.067090 0.058273 0.195817
0.068029 0.058975 0.193378
0.070636 0.057311 0.193454
0.072347 0.053653 0.192444
0.065584 0.058304 0.193472
0.073487 0.052876 0.193130
0.066669 0.059080 0.189940
0.069676 0.058773 0.195917
0.073994 0.056711 0.197752
0.066500 0.059044 0.191905
0.069586 0.054151 0.188397
0.068935 0.058134 0.192121
0.072260 0.053360 0.192107
0.071554 0.055143 0.193082
0.073042 0.052619 0.192043
0.070010 0.058747 0.196571
0.073249 0.057986 0.198344
0.067453 0.056754 0.187792
0.071360 0.058638 0.198093
0.069722 0.056943 0.191949
0.072388 0.055592 0.194732
0.073429 0.057642 0.197974
0.072582 0.057025 0.196009
0.072499 0.058289 0.198009
0.069806 0.058738 0.196989
0.070788 0.052475 0.187315
0.068761 0.053726 0.186121
0.068780 0.054857 0.188185
0.072704 0.056473 0.195913
0.073283 0.053070 0.193148
0.072154 0.058443 0.198108
0.070279 0.053671 0.188924
0.072163 0.056459 0.195242
0.066816 0.058984 0.189951
0.071929 0.054837 0.193261
0.066234 0.058298 0.194418
0.073215 0.055254 0.195797
0.067574 0.059028 0.191887
0.071900 0.058239 0.196773
0.073428 0.053268 0.193614
0.073298 0.051202 0.189678
0.073030 0.056556 0.196439
0.067490 0.058176 0.189375
0.067504 0.057902 0.197872
0.068992 0.056008 0.190178
0.070631 0.056822 0.193032
0.066292 0.058810 0.192746
0.071045 0.058130 0.195001
0.071330 0.052056 0.189020
0.072336 0.055885 0.195192
0.067660 0.055955 0.187702
0.073140 0.053096 0.192858
0.068773 0.058363 0.192254
0.068040 0.058177 0.197683
0.074472 0.056225 0.198030
0.071069 0.052412 0.188250
0.069273 0.058775 0.196021
0.069154 0.056828 0.191006
0.066184 0.059074 0.188753
0.069335 0.053836 0.187502
0.064696 0.058921 0.190742
0.067918 0.055092 0.186805
0.068098 0.058892 0.194289
0.071357 0.052737 0.190235
0.068124 0.055784 0.188581
0.069702 0.055750 0.190992
0.075057 0.053837 0.196547
0.071542 0.055374 0.193337
0.072080 0.051720 0.187471
0.071230 0.052612 0.189851
0.073194 0.054555 0.194862
0.067148 0.057818 0.188333
0.073297 0.055805 0.196389
0.073762 0.052527 0.193065
0.074251 0.056713 0.197963
0.068973 0.056235 0.190286
0.070390 0.056917 0.192749
0.068026 0.058647 0.191348
0.073859 0.052557 0.193334
0.067482 0.055158 0.185894
0.066671 0.058593 0.194113
0.066082 0.058163 0.194703
0.069791 0.052596 0.185636
0.065595 0.059222 0.190163
0.067095 0.058323 0.189723
0.069340 0.057656 0.192123
0.071048 0.052254 0.186785
0.069947 0.057669 0.192953
0.073868 0.053085 0.193965
0.069770 0.054061 0.188626
0.067746 0.057206 0.188778
0.074383 0.051548 0.192032
0.067561 0.055815 0.186990
0.069350 0.058113 0.192856
0.071864 0.055481 0.193868
0.069400 0.058725 0.194232
0.073578 0.051418 0.191473
0.073731 0.051019 0.189489
0.073297 0.051639 0.190703
0.066347 0.058590 0.193598
0.072737 0.054937 0.194485
0.069205 0.054370 0.188104
0.067848 0.057753 0.189552
0.070834 0.053045 0.189561
0.070491 0.056967 0.192972
0.073757 0.056917 0.197675
0.073761 0.055144 0.196357
0.068739 0.057351 0.190859
0.072417 0.051892 0.190505
0.072591 0.053132 0.192280
0.070591 0.053634 0.189567
0.073021 0.054013 0.193878
0.072830 0.051672 0.190669
0.071899 0.054991 0.193481
0.073821 0.056393 0.197331
0.071505 0.056938 0.194441
0.071294 0.056833 0.193990
0.066317 0.058683 0.193316
0.067440 0.058352 0.195810
0.068163 0.058853 0.195032
0.071701 0.056050 0.194236
0.069184 0.053295 0.186187
0.071217 0.053100 0.190342
0.071079 0.057428 0.194177
0.067177 0.057479 0.187840
0.068895 0.056823 0.190528
0.072463 0.056445 0.195516
0.067509 0.056253 0.187554
0.066979 0.058332 0.188495
0.067110 0.057392 0.187713
0.071522 0.054371 0.192079
0.069261 0.053756 0.187240
0.071496 0.058381 0.196842
0.071905 0.051825 0.189281
0.071479 0.056096 0.193828
0.071744 0.054834 0.192890
0.068134 0.058527 0.196109
0.073452 0.055812 0.196502
0.072719 0.057548 0.196663
0.073409 0.054348 0.194716
0.073553 0.053632 0.194066
0.067283 0.056008 0.186728
0.071837 0.058477 0.197880
0.067685 0.059034 0.192436
0.074680 0.055096 0.197500
0.068551 0.055111 0.188639
0.068762 0.058580 0.192800
0.066171 0.059104 0.188500
0.070028 0.054879 0.190341
0.072711 0.056997 0.196211
0.072979 0.055034 0.195401
0.072681 0.052727 0.191842
0.072052 0.058280 0.197004
0.073733 0.051173 0.190802
0.074651 0.051998 0.193498
0.072189 0.058403 0.198692
0.072885 0.055194 0.195533
0.066825 0.058033 0.187984
0.072055 0.051797 0.187744
0.071917 0.053678 0.191900
0.070597 0.053140 0.189060
0.073997 0.054336 0.195571
0.074059 0.053318 0.194466
0.073806 0.050914 0.190549
0.069590 0.058687 0.197122
0.069190 0.055032 0.189267
0.072780 0.058021 0.197786
0.073316 0.055455 0.196094
0.067856 0.058689 0.191094
0.067022 0.059123 0.191728
0.072905 0.058136 0.198100
0.072667 0.056122 0.195792
0.072485 0.058269 0.197902
0.070602 0.056194 0.192717
0.073231 0.057336 0.197286
0.072931 0.053950 0.193700
0.073337 0.052960 0.192977
0.072203 0.053263 0.192005
0.073084 0.051731 0.191171
0.072350 0.051698 0.190005
0.072816 0.056653 0.196160
0.068182 0.057916 0.190495
0.073815 0.055620 0.196843
0.073690 0.057140 0.197866
0.070821 0.052366 0.186265
0.066404 0.059011 0.192228
0.070994 0.052497 0.188045
0.070081 0.053050 0.187938
0.068347 0.055014 0.187680
0.072634 0.057271 0.196319
0.068366 0.054523 0.186808
