0.097957 0.041223 0.228025
0.096464 0.039244 0.223838
0.099595 0.044156 0.233582
0.099741 0.044474 0.233221
0.098733 0.042574 0.228348
0.098429 0.041943 0.232903
0.096878 0.040268 0.232908
0.099030 0.046508 0.226995
0.096009 0.039581 0.230774
0.097667 0.045832 0.225287
0.100488 0.046894 0.230199
0.098350 0.041716 0.229617
0.099310 0.043769 0.229497
0.097172 0.046772 0.223021
0.098270 0.041680 0.231995
0.100250 0.047789 0.227410
0.098980 0.044816 0.228117
0.099924 0.046534 0.229055
0.099185 0.043380 0.230715
0.096868 0.045923 0.223539
0.098304 0.041729 0.231621
0.096711 0.041207 0.224270
0.100179 0.045328 0.231512
0.100765 0.047538 0.230425
0.097997 0.041362 0.233020
0.099183 0.043410 0.232897
0.096480 0.041998 0.223633
0.096325 0.039866 0.232013
0.095461 0.039107 0.230830
0.100386 0.045701 0.231948
0.097456 0.040329 0.227580
0.101294 0.048148 0.231266
0.100949 0.046615 0.232484
0.100816 0.047680 0.230592
0.099550 0.047590 0.226094
0.097453 0.045812 0.224320
0.097095 0.041312 0.225229
0.097817 0.041209 0.233672
0.099351 0.046208 0.228264
0.099567 0.045521 0.228876
0.096150 0.042732 0.222599
0.100285 0.046063 0.230514
0.096082 0.039571 0.232392
0.100045 0.045083 0.232102
0.097401 0.043652 0.225176
0.099136 0.043287 0.232669
0.099081 0.043163 0.229897
0.100380 0.046730 0.230102
0.100735 0.047906 0.229004
0.097710 0.040980 0.232804
0.100636 0.046763 0.230821
0.098889 0.042873 0.233766
0.097518 0.042853 0.225593
0.098540 0.042161 0.232783
0.096522 0.038822 0.226212
0.098963 0.045462 0.227876
0.096855 0.044200 0.224342
0.098599 0.042158 0.230606
0.098714 0.042570 0.228097
0.097890 0.046502 0.224762
0.100603 0.047806 0.228686
0.101317 0.047958 0.231602
0.098471 0.043971 0.227182
0.097016 0.041286 0.225081
0.095355 0.038943 0.231938
0.100472 0.047388 0.229294
0.099262 0.047437 0.225684
0.099012 0.045061 0.228130
0.097439 0.040487 0.231076
0.099129 0.048065 0.224262
0.096758 0.043928 0.224201
0.095943 0.039405 0.232395
0.098931 0.042874 0.232958
0.096653 0.044354 0.223883
0.099320 0.045959 0.228339
0.098508 0.041961 0.229905
0.095836 0.039376 0.230715
0.097446 0.043074 0.225426
0.098681 0.045527 0.227214
0.096961 0.039433 0.225761
0.099440 0.044098 0.232337
0.098183 0.041544 0.231472
0.096658 0.038976 0.226437
0.099281 0.043591 0.233098
0.099107 0.043203 0.232829
0.098809 0.042803 0.229108
0.097618 0.040591 0.228556
0.096387 0.044304 0.223242
0.098676 0.042457 0.233058
0.096321 0.040471 0.223009
0.099071 0.043254 0.229291
0.100923 0.048837 0.227508
0.098396 0.042216 0.227576
0.096704 0.039699 0.229574
0.098439 0.047491 0.223633
0.099004 0.047008 0.226142
0.099129 0.046233 0.227598
0.097318 0.040641 0.225901
0.100644 0.046176 0.232055
0.096341 0.040231 0.222900
0.096537 0.045050 0.223230
0.100545 0.047827 0.228335
0.098351 0.041821 0.231166
0.099154 0.043426 0.229409
0.097957 0.041404 0.234209
0.097393 0.047043 0.222834
0.097804 0.047430 0.222723
0.100705 0.046134 0.232824
0.098295 0.041931 0.233389
0.096412 0.039058 0.223358
0.096809 0.042991 0.224253
0.095492 0.039139 0.231803
0.097272 0.041161 0.225648
0.099119 0.043343 0.231767
0.101447 0.049434 0.228602
0.099332 0.043850 0.232692
0.095989 0.038731 0.228251
0.098670 0.046067 0.226753
0.100710 0.047785 0.229317
0.097111 0.040164 0.230948
0.096623 0.039277 0.224510
0.096419 0.045357 0.222967
0.098640 0.045858 0.226947
0.098768 0.042638 0.228843
0.099874 0.045406 0.229598
0.096438 0.040668 0.223375
0.099198 0.043397 0.233698
0.095168 0.038801 0.231437
0.096545 0.041873 0.223789
0.099543 0.046786 0.227711
0.096890 0.040755 0.224860
0.096290 0.041576 0.223053
0.096134 0.039649 0.232097
0.099920 0.048262 0.225747
0.096503 0.038838 0.224901
0.098706 0.045038 0.227471
0.100122 0.045315 0.231184
0.101449 0.049843 0.227905
0.100360 0.046080 0.230780
0.101178 0.048926 0.228585
0.097949 0.041262 0.231809
0.101265 0.048541 0.230049
0.097457 0.047176 0.222618
0.097364 0.044354 0.225080
0.100177 0.048123 0.226476
0.095857 0.039535 0.231416
0.096186 0.043784 0.222951
0.096222 0.039746 0.231432
0.097273 0.040542 0.232408
0.099599 0.046164 0.228710
0.096474 0.038958 0.224214
0.101529 0.049453 0.228923
0.098790 0.047353 0.224871
0.098066 0.042776 0.226550
0.097419 0.040457 0.226668
0.098287 0.042878 0.226988
0.098963 0.042887 0.229859
0.096191 0.039562 0.230428
0.099006 0.045297 0.228036
0.094981 0.038617 0.230060
0.099512 0.046636 0.227894
0.098186 0.042794 0.226768
0.098938 0.042930 0.232157
0.099689 0.044796 0.229504
0.100851 0.048191 0.228790
0.099420 0.043930 0.233168
0.101138 0.049409 0.227489
0.096363 0.040820 0.223115
0.098320 0.042632 0.227079
0.096366 0.042028 0.223266
0.096248 0.039038 0.228633
0.098219 0.041569 0.231183
0.096561 0.044085 0.223667
0.099315 0.043425 0.231003
0.096236 0.039718 0.232250
0.098728 0.046582 0.226332
0.096322 0.042026 0.223108
0.099063 0.047325 0.225325
0.098642 0.042271 0.230752
0.097356 0.040695 0.226104
0.097594 0.044051 0.225411
0.098024 0.041273 0.232039
0.097324 0.040243 0.229000
0.097519 0.046380 0.223766
0.097973 0.045837 0.225719
0.097938 0.045951 0.225589
0.099189 0.047442 0.225349
0.097491 0.045375 0.225005
0.098649 0.042397 0.232818
0.101331 0.048371 0.231017
0.096354 0.038621 0.224987
0.097607 0.041278 0.226579
0.099433 0.044049 0.232509
0.097293 0.042210 0.225330
0.099325 0.043548 0.230901
0.097212 0.039784 0.226595
0.097891 0.042043 0.226668
0.098171 0.041842 0.234567
0.098604 0.047515 0.223895
0.095454 0.038899 0.229829
0.097808 0.040919 0.229269
0.099327 0.047018 0.226810
0.095056 0.038706 0.230155
0.098556 0.044645 0.227234
0.098637 0.047496 0.224053
0.097970 0.041121 0.229520
0.100365 0.049550 0.225709
0.099038 0.047227 0.225612
0.098674 0.043443 0.227608
0.096364 0.039292 0.222508
0.097755 0.044594 0.225694
0.097142 0.046605 0.223195
0.098499 0.044475 0.227125
0.096341 0.041376 0.223258
0.096485 0.042307 0.223616
0.099204 0.045147 0.228445
0.096825 0.040995 0.224630
0.096616 0.039875 0.224052
0.096695 0.040167 0.232753
0.098828 0.042584 0.230563
0.099672 0.044591 0.230082
0.096186 0.041696 0.222586
0.096649 0.038934 0.226166
0.098376 0.042106 0.234284
0.100536 0.048479 0.226889
0.097021 0.040073 0.230756
0.098447 0.042944 0.227310
0.100887 0.048372 0.228470
0.098014 0.041182 0.229639
0.099272 0.043744 0.229142
0.100853 0.048575 0.227771
0.096186 0.038598 0.227271
0.099194 0.047207 0.226208
0.097546 0.042497 0.225708
0.096088 0.039269 0.229442
0.098735 0.042666 0.234161
0.100993 0.047442 0.231277
0.097872 0.046318 0.224867
0.096578 0.046321 0.222610
0.098045 0.041815 0.227240
0.095821 0.039521 0.231671
0.096441 0.039666 0.223406
0.098373 0.041992 0.232337
0.097630 0.046756 0.223623
0.099884 0.045044 0.230086
0.100853 0.047510 0.230840
0.100243 0.045443 0.231433
0.097273 0.045213 0.224742
0.099951 0.047420 0.227478
0.100620 0.046958 0.230439
0.098928 0.045147 0.227921
0.100433 0.048481 0.226618
0.100004 0.046526 0.229218
0.100228 0.049375 0.225556
0.096847 0.040214 0.231831
0.098766 0.047829 0.223675
0.098750 0.042656 0.229157
0.097274 0.042872 0.225168
0.097734 0.044823 0.225667
0.099207 0.048020 0.224424
0.097604 0.045041 0.225451
0.098872 0.042770 0.233148
0.096422 0.039692 0.230313
0.101469 0.048656 0.230881
0.096267 0.039709 0.232849
0.098487 0.043193 0.227284
0.097289 0.040079 0.226506
0.097524 0.040663 0.231906
0.098200 0.041960 0.227395
0.100104 0.045142 0.231507
0.099765 0.047572 0.226640
0.099528 0.044208 0.230116
0.097507 0.040662 0.226840
0.098204 0.045545 0.226219
0.100905 0.048945 0.227268
0.098176 0.042450 0.226877
0.096728 0.046475 0.222666
0.100820 0.048799 0.227097
0.097965 0.046378 0.225013
0.097618 0.047084 0.223049
0.097561 0.044301 0.225335
0.098013 0.047587 0.222857
0.097301 0.040319 0.230757
0.098690 0.046230 0.226656
0.099667 0.045966 0.228981
0.100211 0.045288 0.233364
0.099053 0.043153 0.233245
0.095272 0.038883 0.230051
0.098223 0.041903 0.234787
0.096934 0.046614 0.222910
0.099139 0.044263 0.228442
0.097171 0.040235 0.230478
0.098737 0.042520 0.228675
0.100546 0.049675 0.226065
0.098131 0.041351 0.229405
0.098830 0.046632 0.226448
0.100739 0.048090 0.228489
0.098493 0.041952 0.228748
0.097547 0.044590 0.225320
0.098090 0.041266 0.230000
0.101095 0.049068 0.227827
0.097449 0.040422 0.226831
0.100826 0.048953 0.226914
0.096297 0.041054 0.222998
0.100071 0.045526 0.230654
0.098633 0.042802 0.227655
0.099919 0.046057 0.229490
0.098179 0.041402 0.229782
0.097346 0.045656 0.224250
0.100796 0.047688 0.230139
0.100177 0.045976 0.230162
0.097786 0.040903 0.230292
0.096334 0.038557 0.225815
0.100369 0.048749 0.226297
0.101108 0.048293 0.229995
0.097732 0.045187 0.225639
0.099173 0.046708 0.226943
0.099410 0.043865 0.230526
0.097401 0.040197 0.227939
0.096516 0.040918 0.223671
0.100495 0.045876 0.232275
0.095956 0.039472 0.232163
0.096639 0.038914 0.225524
0.096815 0.039626 0.224879
0.099356 0.043868 0.229353
0.100690 0.047594 0.229836
0.096402 0.039411 0.229260
0.101431 0.048457 0.231250
0.096317 0.038681 0.226829
0.100398 0.045823 0.231529
0.096553 0.038899 0.225231
0.096256 0.044534 0.223021
0.096305 0.044655 0.223120
0.096173 0.041182 0.222827
0.098543 0.042057 0.230291
0.098488 0.045165 0.226948
0.100979 0.046711 0.232402
0.099256 0.047625 0.225012
0.096976 0.042035 0.224773
0.098884 0.042696 0.230225
0.096585 0.046096 0.223042
0.096349 0.045466 0.222685
0.097478 0.040363 0.228242
0.097488 0.046877 0.223210
0.100631 0.048927 0.226502
0.099269 0.043583 0.230186
0.098751 0.042405 0.229405
0.096974 0.040307 0.233225
0.095990 0.038517 0.227725
0.100551 0.047954 0.228001
0.100365 0.045890 0.231200
0.099661 0.044551 0.229829
0.098608 0.045280 0.227156
0.097578 0.040825 0.232652
0.096892 0.045336 0.224259
0.100501 0.046690 0.230438
0.097454 0.043982 0.225204
0.097406 0.045880 0.224671
0.100119 0.045120 0.233525
0.098250 0.041533 0.229237
0.097310 0.042750 0.225247
0.099393 0.043860 0.231935
0.096289 0.038534 0.225636
0.100610 0.047735 0.228924
0.101170 0.050094 0.226847
0.099100 0.046298 0.227451
0.097581 0.040596 0.230183
0.096504 0.044898 0.223238
0.098056 0.042480 0.226636
0.096937 0.042395 0.224621
0.099406 0.045073 0.228731
0.098068 0.041304 0.228451
0.100119 0.047272 0.228235
0.096614 0.046171 0.222775
0.099886 0.047471 0.227148
0.095889 0.039334 0.230486
0.098080 0.041345 0.232204
0.097409 0.041866 0.225694
0.098633 0.047019 0.225227
0.097437 0.040389 0.229586
0.096492 0.039482 0.223680
0.097783 0.040975 0.230604
0.096869 0.044334 0.224291
0.099430 0.043780 0.231498
0.095090 0.038793 0.230505
0.097580 0.040445 0.227930
0.096825 0.040890 0.224686
0.099766 0.046108 0.229146
0.095982 0.038564 0.227893
0.098404 0.041901 0.231525
0.100717 0.046167 0.232635
0.100299 0.048373 0.226475
0.100558 0.046173 0.231640
0.097914 0.041343 0.233985
0.098006 0.041313 0.231498
0.096927 0.045363 0.223901
0.096444 0.039494 0.223339
0.097145 0.044805 0.224698
0.097765 0.047279 0.222935
0.097620 0.043789 0.225528
0.099958 0.044912 0.231572
0.099419 0.044285 0.228975
0.100224 0.045810 0.230735
0.096217 0.043917 0.222972
0.100203 0.047899 0.227017
0.101426 0.048349 0.231487
0.097137 0.039921 0.228411
0.100215 0.046460 0.229950
0.097773 0.046777 0.223787
0.096113 0.039201 0.229239
0.096602 0.044810 0.223510
0.100187 0.049062 0.225698
0.097939 0.041258 0.232870
0.096737 0.040731 0.224248
0.099312 0.043596 0.233645
0.096817 0.041887 0.224466
0.096971 0.039810 0.225270
0.098589 0.044048 0.227416
0.100106 0.045137 0.232765
0.096212 0.038745 0.227807
0.101216 0.049051 0.228427
0.100608 0.047423 0.230008
0.100314 0.045530 0.232034
0.098702 0.047530 0.224205
0.096075 0.044233 0.222719
0.097309 0.040423 0.226115
0.097788 0.041191 0.234325
0.097474 0.040654 0.226641
0.096630 0.045356 0.223379
0.099575 0.044799 0.229192
0.096478 0.043614 0.223593
0.098816 0.044252 0.227828
0.097831 0.040898 0.228213
0.095159 0.038862 0.230639
0.098001 0.042014 0.226924
0.098198 0.047092 0.224127
0.098678 0.042329 0.230128
0.098200 0.046107 0.226064
0.100362 0.046983 0.229661
0.098532 0.042367 0.234284
0.096857 0.040019 0.231198
0.097760 0.042197 0.226211
0.096926 0.043845 0.224494
0.100458 0.049190 0.226090
0.099401 0.045992 0.228504
0.098862 0.044798 0.227853
0.101088 0.048405 0.229423
0.097885 0.041131 0.230906
0.098805 0.045816 0.227399
0.099772 0.044661 0.232447
0.097219 0.040102 0.226100
0.098961 0.042945 0.232338
0.101152 0.049676 0.227166
0.100739 0.049132 0.226593
0.097187 0.039758 0.226956
0.099193 0.043455 0.229904
0.097525 0.043061 0.225585
0.100299 0.045784 0.230975
0.097085 0.039755 0.227920
0.097324 0.045946 0.224040
0.097860 0.041089 0.232211
0.099673 0.044314 0.230644
0.096697 0.039607 0.224495
0.100957 0.047266 0.231431
0.100374 0.048224 0.226861
0.095077 0.038765 0.230339
0.096604 0.042700 0.223790
0.097847 0.042206 0.226350
0.100338 0.049254 0.225825
0.096943 0.039507 0.227635
0.097357 0.047218 0.222447
0.099330 0.044552 0.228736
0.100184 0.045801 0.230560
0.099471 0.043840 0.230908
0.100528 0.045835 0.232786
0.097275 0.045621 0.224508
0.098732 0.042538 0.231848
0.097643 0.041736 0.226319
0.099182 0.045433 0.228341
0.098130 0.042119 0.227063
0.099513 0.044333 0.229226
0.097127 0.039759 0.227590
0.097342 0.044992 0.224888
0.100019 0.045186 0.230769
0.096237 0.042385 0.222674
0.096427 0.038691 0.225211
0.100999 0.048886 0.227744
0.100316 0.047490 0.228366
0.097222 0.041251 0.225514
0.098642 0.042210 0.229066
0.098867 0.043779 0.227926
0.096133 0.043270 0.222852
0.100172 0.047235 0.228515
0.096786 0.046639 0.222536
0.099608 0.047819 0.225713
0.096363 0.039185 0.222591
0.096633 0.040665 0.224030
0.097493 0.040463 0.226952
0.098092 0.043012 0.226539
0.098337 0.041834 0.230494
0.097094 0.040514 0.225554
0.096427 0.038873 0.227352
0.097650 0.040690 0.229021
0.098707 0.047435 0.224521
0.101315 0.048260 0.231163
0.096466 0.038978 0.227622
0.099570 0.044168 0.233379
0.099210 0.044897 0.228480
0.096627 0.041149 0.224106
0.096340 0.039974 0.222772
0.097208 0.042949 0.225049
0.097430 0.040380 0.228717
0.100082 0.046135 0.229810
0.097947 0.046009 0.225521
0.097081 0.039525 0.226410
0.096689 0.045216 0.223517
0.097100 0.041463 0.225179
0.098178 0.046917 0.224628
0.099157 0.045944 0.228021
0.098772 0.042688 0.231523
0.101013 0.048788 0.227966
0.097784 0.045250 0.225785
0.097449 0.044296 0.225194
0.098832 0.045089 0.227711
0.096858 0.039857 0.224854
0.097507 0.041016 0.226409
0.098787 0.047668 0.223996
0.101362 0.048019 0.231927
0.098910 0.043576 0.228091
0.101132 0.047005 0.232748
0.100078 0.048316 0.226044
0.101197 0.050068 0.226951
0.098054 0.041556 0.233725
0.097406 0.043461 0.225242
0.097335 0.042545 0.225313
0.096377 0.040589 0.223202
0.097731 0.040934 0.231845
0.099562 0.048203 0.224834
0.098344 0.041806 0.231515
0.100535 0.045906 0.232610
0.099993 0.045200 0.230556
0.096557 0.039048 0.225204
0.101366 0.049307 0.228483
0.099656 0.045483 0.229025
0.096513 0.045705 0.223118
0.097246 0.040584 0.232657
0.095662 0.039219 0.232159
0.097087 0.040301 0.225538
0.100837 0.048728 0.227307
0.096283 0.042718 0.223033
0.099268 0.046513 0.227492
0.099734 0.044392 0.231446
0.095604 0.039148 0.230392
0.096640 0.042970 0.223884
0.095908 0.039574 0.231824
0.098877 0.046620 0.226576
0.097586 0.040985 0.234247
0.096295 0.045240 0.222796
0.097372 0.045102 0.224958
0.099307 0.044964 0.228613
0.097298 0.046209 0.223707
0.096576 0.041638 0.223968
0.100576 0.049281 0.226237
0.099969 0.047051 0.228328
0.100173 0.045831 0.230364
0.101101 0.047296 0.231995
0.097073 0.042737 0.224845
0.099216 0.046591 0.227298
0.098155 0.046975 0.224397
0.098135 0.044533 0.226354
0.099557 0.044206 0.232069
0.098766 0.042640 0.228523
0.096857 0.040692 0.224732
0.098008 0.047033 0.223769
0.099218 0.046059 0.228136
0.096572 0.039806 0.230259
0.100015 0.044959 0.232266
0.096390 0.040393 0.223295
0.099937 0.048516 0.225586
0.098975 0.042867 0.230711
0.096779 0.040953 0.224384
0.101413 0.048720 0.230387
0.099377 0.043846 0.233030
0.099662 0.048202 0.225212
0.099971 0.046862 0.228613
0.101424 0.049119 0.229217
0.096830 0.040280 0.224647
0.097325 0.040044 0.227102
0.100130 0.046787 0.229161
0.098554 0.046049 0.226533
0.096249 0.041888 0.222883
0.100479 0.046493 0.230633
0.096965 0.040269 0.233620
0.096780 0.039726 0.229280
0.098781 0.042491 0.230742
0.097016 0.039715 0.225637
0.097359 0.043255 0.225209
0.096471 0.040898 0.223480
0.099001 0.046110 0.227489
0.100748 0.046455 0.231964
0.096570 0.038829 0.225855
0.099789 0.048397 0.225312
0.097162 0.041842 0.225209
0.094833 0.038576 0.230690
0.096614 0.041303 0.224073
0.097926 0.046234 0.225090
0.100100 0.045822 0.230009
0.098908 0.042878 0.233528
0.098402 0.044009 0.227010
0.101063 0.047101 0.232269
0.097571 0.045888 0.224825
0.100840 0.047237 0.231066
0.097342 0.040514 0.232025
0.099548 0.044572 0.229188
0.101126 0.048047 0.230877
0.097383 0.041659 0.225773
0.098791 0.045987 0.227218
0.099224 0.043923 0.228742
0.096606 0.043563 0.223814
0.096808 0.039509 0.225000
0.099027 0.043053 0.230862
0.097916 0.045000 0.226009
0.096710 0.039930 0.231271
0.096060 0.038454 0.227190
0.099661 0.046454 0.228545
0.098983 0.043030 0.229436
0.096339 0.038872 0.223228
0.096574 0.044626 0.223526
0.097324 0.040376 0.231042
0.099188 0.043486 0.232631
0.097007 0.046515 0.223092
0.099192 0.043224 0.231273
0.096990 0.040293 0.225208
0.098227 0.041451 0.230023
0.099380 0.046768 0.227422
0.096082 0.038974 0.228807
0.097379 0.044572 0.225078
0.098952 0.044201 0.228123
0.097736 0.046547 0.224601
0.100349 0.045594 0.231700
0.100607 0.046783 0.230659
0.098150 0.041520 0.232967
0.097248 0.040499 0.232271
0.096290 0.038805 0.227666
0.101194 0.047228 0.232599
0.099084 0.045507 0.228117
0.100319 0.047309 0.228802
0.098612 0.042235 0.231757
0.096230 0.040936 0.222793
0.095991 0.039449 0.232547
0.099609 0.046787 0.227920
0.096834 0.042766 0.224310
0.097521 0.040724 0.226747
0.100747 0.046197 0.232974
0.096796 0.046113 0.223392
0.099068 0.043212 0.233333
0.100483 0.045931 0.231883
0.096324 0.042977 0.223284
0.097889 0.041037 0.227704
0.099712 0.044370 0.233472
0.097313 0.040626 0.232893
0.096589 0.039394 0.228876
0.097728 0.040883 0.231039
0.099266 0.043428 0.231453
0.097936 0.041503 0.234875
0.097799 0.040894 0.229451
0.096942 0.045297 0.223956
0.098912 0.042965 0.234151
0.096473 0.045646 0.222873
0.098720 0.042408 0.229263
0.099129 0.043320 0.231682
0.099968 0.045022 0.231097
0.097646 0.042075 0.226070
0.097350 0.046393 0.223562
0.096110 0.038592 0.227594
0.097663 0.040593 0.228172
0.097633 0.047280 0.222722
0.099437 0.048422 0.224541
0.097984 0.041136 0.228971
0.099122 0.047682 0.224667
0.096632 0.039183 0.225139
0.097516 0.040469 0.229427
0.099637 0.047931 0.225584
0.098067 0.046777 0.224741
0.099613 0.044275 0.233204
0.096638 0.040321 0.224054
0.100423 0.049364 0.225929
0.098344 0.046251 0.226204
0.096917 0.043229 0.224511
0.100705 0.049807 0.226218
0.096270 0.040652 0.222599
0.099010 0.043113 0.233485
0.100418 0.046294 0.230702
0.096743 0.039004 0.225964
0.099785 0.045128 0.229510
0.097074 0.046295 0.223420
0.096367 0.042863 0.223441
0.097725 0.042907 0.225916
0.098468 0.046673 0.225494
0.100282 0.049072 0.225871
0.099365 0.048108 0.224595
0.098777 0.043962 0.227750
0.100042 0.045029 0.232546
0.097101 0.040217 0.231174
0.099977 0.045514 0.229805
0.098698 0.042455 0.233559
0.096622 0.039587 0.229132
0.099783 0.048572 0.225136
0.099083 0.045930 0.227785
0.096676 0.043740 0.223956
0.097112 0.043851 0.224775
0.098159 0.043729 0.226575
0.098525 0.042143 0.232648
0.098316 0.046997 0.224789
0.096896 0.041537 0.224735
0.097337 0.040911 0.225959
0.099376 0.043871 0.230292
0.099606 0.044403 0.232496
0.096362 0.044816 0.223037
0.097718 0.041461 0.226688
0.098078 0.046678 0.224955
0.099238 0.043676 0.229960
0.097828 0.043760 0.225960
0.096980 0.044116 0.224564
0.097700 0.041079 0.227018
0.099355 0.047654 0.225390
0.097063 0.040586 0.225388
0.098781 0.045115 0.227599
0.099391 0.047427 0.226127
0.099597 0.044191 0.233745
0.097616 0.046218 0.224626
0.096713 0.045967 0.223430
0.101276 0.047545 0.232468
0.099587 0.047556 0.226267
0.101167 0.048440 0.229759
0.097873 0.041357 0.234636
0.097229 0.046639 0.223301
0.096622 0.040076 0.231677
0.097107 0.045053 0.224560
0.098421 0.044753 0.226886
0.098544 0.047864 0.223343
0.101451 0.047943 0.232403
0.096459 0.039939 0.232184
0.099094 0.043168 0.232620
0.097762 0.042992 0.225963
0.098514 0.047273 0.224489
0.100887 0.047384 0.231028
0.097662 0.040807 0.230831
0.097048 0.040853 0.225301
0.101156 0.048771 0.228862
0.098784 0.046156 0.227083
0.096988 0.040382 0.232775
0.099465 0.043903 0.233691
0.096547 0.040624 0.223725
0.097262 0.044348 0.224944
0.099810 0.047455 0.226981
0.099517 0.044049 0.231679
0.096347 0.042669 0.223290
0.096167 0.041336 0.222733
0.096656 0.039223 0.228000
0.099203 0.046164 0.227747
0.097990 0.041155 0.229288
0.098162 0.041474 0.230590
0.097620 0.040628 0.229437
0.100641 0.049507 0.226272
0.097014 0.040196 0.225312
0.100286 0.045474 0.231900
0.096914 0.040158 0.224927
0.100087 0.045103 0.232357
0.099298 0.043634 0.230469
0.100407 0.046031 0.231118
0.097669 0.046377 0.224199
0.097353 0.040550 0.226238
0.099088 0.045301 0.228217
0.098010 0.046273 0.225247
0.100897 0.046697 0.232053
0.098034 0.041244 0.230453
0.096750 0.043189 0.224127
0.100203 0.047032 0.229176
0.095192 0.038648 0.229773
0.096508 0.045927 0.222642
0.098183 0.041768 0.233482
0.096582 0.040662 0.223853
0.097500 0.043429 0.225414
0.101042 0.047290 0.231754
0.099202 0.043642 0.229020
0.096314 0.040410 0.222601
0.096967 0.039841 0.229142
0.099526 0.044033 0.230698
0.100901 0.049954 0.226433
0.100034 0.044980 0.231755
0.099022 0.046969 0.226328
0.098539 0.042204 0.233038
0.097226 0.040150 0.229349
0.099676 0.047200 0.227366
0.098588 0.047209 0.224842
0.096827 0.041233 0.224740
0.098683 0.046401 0.226537
0.099128 0.047203 0.226065
0.099158 0.043254 0.230209
0.099117 0.043434 0.229041
0.098373 0.047622 0.223299
0.099217 0.043503 0.231866
0.098696 0.042485 0.231551
0.099929 0.046936 0.228419
0.098565 0.042254 0.228298
0.099243 0.043520 0.232208
0.099803 0.044897 0.229853
0.099450 0.044041 0.232847
0.100006 0.047227 0.228042
0.100685 0.048244 0.227836
0.096473 0.039323 0.228951
0.096260 0.042487 0.222852
0.098802 0.046393 0.226796
0.097046 0.040047 0.230228
0.099665 0.044223 0.231486
0.100266 0.046142 0.230345
0.097634 0.044874 0.225508
0.100390 0.045595 0.232782
0.099723 0.044410 0.233824
0.098029 0.044649 0.226199
0.101020 0.047299 0.231652
0.101517 0.048616 0.231273
0.098724 0.042349 0.229382
0.095855 0.039465 0.231967
0.099702 0.048880 0.224841
0.098537 0.042203 0.232521
0.100639 0.046008 0.232917
0.099529 0.044188 0.233050
0.096120 0.044398 0.222788
0.099867 0.047922 0.226108
0.099339 0.043732 0.230750
0.101340 0.049176 0.228688
0.099519 0.045997 0.228653
0.096458 0.038929 0.224391
0.099096 0.043241 0.233765
0.100953 0.049725 0.226632
0.096378 0.039230 0.222966
0.097744 0.046651 0.224052
0.098049 0.047233 0.223442
0.097613 0.045639 0.225148
0.098608 0.043157 0.227518
0.096667 0.044022 0.223906
0.096596 0.043810 0.223798
0.096281 0.038660 0.227006
0.098388 0.042182 0.234634
0.096481 0.038720 0.225318
0.097500 0.046482 0.223621
0.098276 0.041624 0.230828
0.096289 0.041324 0.223109
0.101510 0.049073 0.229836
0.099346 0.043661 0.233813
0.098424 0.042100 0.227956
0.097820 0.044122 0.225893
0.097360 0.040319 0.226550
0.097126 0.041981 0.225078
0.099461 0.045658 0.228661
0.096654 0.046045 0.223303
0.096354 0.041541 0.223360
0.098488 0.041990 0.230571
0.097146 0.043551 0.224865
0.096231 0.045041 0.222769
0.097854 0.044592 0.225942
0.099023 0.043541 0.228378
0.101305 0.049020 0.228960
0.099732 0.044509 0.231969
0.097818 0.040906 0.229572
0.097311 0.040405 0.231308
0.100786 0.048572 0.227487
0.096516 0.038964 0.224603
0.098635 0.042357 0.232681
0.097606 0.040714 0.231617
0.097108 0.040307 0.231755
0.098670 0.045377 0.227317
0.096406 0.038698 0.224774
0.100944 0.047405 0.231169
0.097297 0.046848 0.223092
0.097924 0.043057 0.226232
0.096594 0.043257 0.223782
0.100563 0.049032 0.226353
0.097358 0.040375 0.230470
0.097654 0.046083 0.224728
0.098047 0.043925 0.226374
0.100380 0.047374 0.228984
0.098677 0.047360 0.224674
0.100265 0.046958 0.229480
0.100735 0.048210 0.228155
0.097345 0.040270 0.229252
0.098650 0.044496 0.227488
0.098507 0.042017 0.228603
0.098224 0.047182 0.223876
0.100094 0.046630 0.229340
0.100300 0.045660 0.231299
0.098291 0.041664 0.230952
0.100913 0.049239 0.226881
0.098545 0.046713 0.225620
0.100453 0.047178 0.229718
0.099878 0.048756 0.225176
0.101039 0.049545 0.226927
0.099827 0.044739 0.232752
0.099653 0.045070 0.229207
0.096055 0.039674 0.231806
0.100378 0.048055 0.227144
0.099067 0.043537 0.228533
0.096986 0.040658 0.225124
0.096799 0.041675 0.224547
0.101434 0.048147 0.232006
0.097754 0.040868 0.231401
0.096577 0.041100 0.223968
0.099088 0.043198 0.232166
0.097643 0.043247 0.225719
0.100149 0.048231 0.226291
0.101024 0.048650 0.228447
0.099993 0.048688 0.225588
0.095692 0.038507 0.228310
0.099136 0.043712 0.228580
0.098073 0.041540 0.233271
0.101256 0.050099 0.227128
0.098307 0.047114 0.224400
0.098568 0.042250 0.232030
0.096793 0.039177 0.226814
0.096741 0.040597 0.224281
0.096329 0.043654 0.223290
0.101365 0.049500 0.228214
0.097530 0.047311 0.222480
0.095672 0.039178 0.230183
0.098276 0.043547 0.226814
0.099082 0.048227 0.224062
0.098041 0.041388 0.232394
0.098920 0.042819 0.232517
0.096504 0.039468 0.224068
0.097099 0.045679 0.224105
0.098797 0.042849 0.231759
0.096662 0.040146 0.232556
0.096905 0.039689 0.228612
0.098220 0.046296 0.225699
0.100205 0.047457 0.228042
0.096753 0.042604 0.224108
0.098639 0.047714 0.223618
0.100679 0.046672 0.231135
0.098991 0.043645 0.228244
0.096409 0.039134 0.223171
0.100098 0.047538 0.227686
0.095910 0.039051 0.229221
0.098684 0.045882 0.227079
0.098434 0.042020 0.228155
0.097308 0.040471 0.231820
0.099637 0.048472 0.224900
0.097499 0.040321 0.227746
0.097015 0.040903 0.225185
0.101307 0.049269 0.228353
0.097892 0.040999 0.227930
0.099825 0.044896 0.230164
0.097895 0.047148 0.223288
0.096357 0.039162 0.228779
0.099860 0.044701 0.233607
0.098295 0.045141 0.226385
0.097025 0.039458 0.226667
0.100135 0.049120 0.225563
0.097808 0.042442 0.226149
0.096771 0.046426 0.222808
0.096599 0.039870 0.231205
0.100758 0.049034 0.226730
0.099589 0.046643 0.228181
0.097939 0.041070 0.230062
0.097225 0.039874 0.227310
0.096267 0.039765 0.232481
0.097215 0.040327 0.225809
0.099393 0.046498 0.227928
0.098838 0.042682 0.232688
0.096355 0.041100 0.223172
0.096874 0.042579 0.224502
0.097125 0.040376 0.232027
0.097740 0.046563 0.224413
0.097367 0.042100 0.225495
0.099484 0.044145 0.229420
0.097388 0.041376 0.225958
0.097757 0.045622 0.225406
0.101170 0.049263 0.227815
0.098343 0.041648 0.229858
0.097156 0.040902 0.225503
0.099417 0.043847 0.233441
0.098429 0.045699 0.226488
0.096986 0.043211 0.224648
0.098691 0.042342 0.229891
0.096268 0.039191 0.229009
0.097319 0.040752 0.225786
0.101416 0.048296 0.231747
0.097180 0.047004 0.222560
0.100773 0.046285 0.232280
0.097842 0.041006 0.231260
0.100227 0.045334 0.231642
0.101366 0.047862 0.232182
0.095354 0.038507 0.229243
0.096929 0.043580 0.224519
0.098800 0.043625 0.227819
0.101324 0.049204 0.228541
0.096936 0.046783 0.222570
0.096009 0.039642 0.230925
0.098855 0.042754 0.229530
0.099002 0.044584 0.228161
0.096542 0.039842 0.223774
0.098889 0.042673 0.230681
0.096704 0.040465 0.224181
0.100219 0.048358 0.226303
0.097991 0.041285 0.232557
0.097128 0.046836 0.222848
0.100969 0.047929 0.230621
0.099859 0.044718 0.232021
0.095485 0.039088 0.230543
0.100269 0.046725 0.229764
0.096316 0.042259 0.223114
0.098634 0.046036 0.226653
0.099934 0.044949 0.230923
0.098248 0.041547 0.228682
0.097958 0.041437 0.234389
0.099203 0.043272 0.230934
0.098184 0.041488 0.232061
0.100371 0.045967 0.230997
0.099561 0.047004 0.227569
0.097294 0.040120 0.228187
0.098545 0.045721 0.226756
0.097056 0.041633 0.225037
0.101009 0.048506 0.228786
0.098225 0.041701 0.232422
0.098841 0.042827 0.234028
0.096957 0.040861 0.225014
0.099457 0.045302 0.228739
0.101350 0.048244 0.231342
0.099079 0.043089 0.230540
0.098433 0.043320 0.227142
0.095603 0.038841 0.229344
0.100532 0.048294 0.227169
0.097458 0.040755 0.226418
0.098356 0.045033 0.226733
0.097336 0.041179 0.225828
0.097966 0.041417 0.233489
0.099205 0.045807 0.228195
0.098251 0.047290 0.223688
0.097432 0.040379 0.229305
0.096946 0.039915 0.230096
0.100092 0.045524 0.230437
0.100044 0.046724 0.228931
0.099430 0.047047 0.227110
0.097827 0.041223 0.233486
0.097367 0.040238 0.228417
0.096517 0.044030 0.223596
0.100651 0.046432 0.231523
0.101132 0.047118 0.232449
0.098167 0.047488 0.223177
0.101038 0.049127 0.227508
0.095817 0.038427 0.227857
0.098624 0.043468 0.227509
0.097672 0.042559 0.225893
0.098014 0.044897 0.226135
0.096273 0.038703 0.226534
0.097782 0.040846 0.229995
0.098970 0.047988 0.224033
0.098535 0.044945 0.227114
0.100067 0.047615 0.227333
0.095121 0.038843 0.230997
0.098106 0.043505 0.226504
0.097045 0.039611 0.227302
0.096345 0.038711 0.226610
0.098007 0.041480 0.234055
0.095277 0.038955 0.230617
0.099693 0.045735 0.229050
0.096506 0.039460 0.223909
0.096292 0.040678 0.222920
0.097190 0.040460 0.233697
0.099049 0.044915 0.228231
0.101407 0.049670 0.228063
0.096164 0.044122 0.222869
0.098631 0.047294 0.224807
0.097746 0.040691 0.227915
0.097457 0.040340 0.227082
0.097606 0.046479 0.224512
0.096729 0.042341 0.224084
0.100289 0.045439 0.232465
0.096576 0.039188 0.224272
0.096344 0.040069 0.222969
0.096832 0.039120 0.226199
0.100219 0.047212 0.228731
0.097825 0.045503 0.225648
0.096991 0.039594 0.225692
0.100443 0.047654 0.228418
0.097886 0.045267 0.225906
0.100106 0.048788 0.225759
0.097469 0.041158 0.226294
0.100808 0.046308 0.233111
0.098827 0.045603 0.227562
0.097474 0.040837 0.234179
0.098783 0.042940 0.227939
0.097803 0.041116 0.232932
0.097074 0.040998 0.225335
0.096489 0.040594 0.223522
0.099028 0.046350 0.227266
0.097092 0.047068 0.222380
0.095926 0.039333 0.230103
0.100527 0.046171 0.231435
0.101034 0.046829 0.232551
0.098425 0.045002 0.226842
0.098103 0.046545 0.225202
0.098315 0.045895 0.226309
0.101040 0.048446 0.229090
0.098127 0.041389 0.228530
0.096333 0.039925 0.231696
0.101504 0.048219 0.232269
0.100086 0.049159 0.225451
0.098986 0.043327 0.228507
0.100517 0.047436 0.229460
0.099428 0.046633 0.227602
0.098320 0.041715 0.230714
0.095783 0.039429 0.231048
0.096404 0.039495 0.223131
0.101313 0.049944 0.227365
0.096431 0.039309 0.223218
0.100938 0.048132 0.229442
0.096867 0.039986 0.230978
0.097936 0.042200 0.226598
0.096200 0.038532 0.226487
0.095816 0.039049 0.229358
0.098412 0.044240 0.226981
0.096415 0.038675 0.225948
0.100565 0.047593 0.229145
0.101206 0.048266 0.230703
0.099040 0.044069 0.228373
0.096920 0.040436 0.224954
0.096749 0.044211 0.224211
0.096489 0.040099 0.223594
0.096492 0.045780 0.222740
0.099374 0.046987 0.227011
0.098128 0.045858 0.226140
0.096917 0.045168 0.224387
0.101010 0.047650 0.231078
0.098332 0.041759 0.228355
0.101453 0.049699 0.228198
0.097816 0.041430 0.227105
0.097112 0.040042 0.230018
0.097015 0.044657 0.224600
0.099443 0.046445 0.228100
0.096901 0.039416 0.225578
0.096571 0.044800 0.223397
0.099687 0.044485 0.232900
0.096861 0.043431 0.224383
0.097808 0.040819 0.227739
0.099960 0.048139 0.225971
0.096815 0.044421 0.224208
0.096771 0.040435 0.224373
0.095941 0.039298 0.229905
0.100487 0.046286 0.230972
0.096810 0.044936 0.224042
0.100204 0.046958 0.228971
0.100151 0.045241 0.232607
0.101253 0.049337 0.228100
0.097521 0.041705 0.226093
0.098451 0.044540 0.226996
0.099030 0.042973 0.230206
0.099535 0.048041 0.224957
0.096699 0.040193 0.224227
0.099781 0.048188 0.225540
0.096095 0.039650 0.231322
0.098230 0.046791 0.225092
0.098955 0.043146 0.228686
0.100639 0.046231 0.231857
0.100733 0.046716 0.231322
0.099820 0.045507 0.229451
0.096653 0.044794 0.223665
0.098744 0.044781 0.227599
0.098457 0.041980 0.231773
0.096452 0.041759 0.223518
0.100576 0.046397 0.231228
0.096336 0.043948 0.223263
0.097724 0.044052 0.225695
0.101044 0.046794 0.232833
0.096953 0.044632 0.224431
0.098233 0.041887 0.234387
0.096854 0.039347 0.227307
0.098199 0.041448 0.228793
0.099102 0.043268 0.234105
0.098587 0.042159 0.231087
0.095577 0.038929 0.229646
0.098440 0.043614 0.227132
0.097607 0.042261 0.225892
0.099901 0.047298 0.227603
0.100522 0.049480 0.226062
0.097778 0.043331 0.225931
0.097590 0.046164 0.224188
0.097165 0.044525 0.224811
0.096371 0.038796 0.223912
0.096937 0.039714 0.228464
0.099953 0.045164 0.230213
0.100352 0.047183 0.229296
0.097898 0.046836 0.224098
0.097256 0.044085 0.224944
0.095727 0.038846 0.229130
0.096986 0.040196 0.231489
0.100432 0.047594 0.228600
0.101140 0.047839 0.231154
0.096721 0.040039 0.233320
0.099309 0.043709 0.232481
0.098861 0.042740 0.232866
0.098848 0.042589 0.230778
0.098387 0.042151 0.227781
0.097995 0.041230 0.230717
0.096433 0.039069 0.223665
0.096294 0.040864 0.222931
0.099791 0.044665 0.230712
0.099534 0.048735 0.224578
0.100707 0.047242 0.230495
0.100319 0.047712 0.227787
0.097946 0.041389 0.233623
0.098835 0.046793 0.226161
0.097575 0.040544 0.227316
0.099252 0.043286 0.231085
0.099186 0.047866 0.224526
0.100214 0.046208 0.230124
0.096246 0.043879 0.223068
0.098907 0.043966 0.228021
0.095501 0.038465 0.228830
0.097343 0.040096 0.227593
0.097418 0.040788 0.226271
0.095362 0.039053 0.231195
0.098361 0.041721 0.228707
0.098257 0.047439 0.223408
0.098493 0.041996 0.231208
0.098728 0.043771 0.227675
0.098879 0.042915 0.228903
0.097096 0.045326 0.224458
0.099653 0.047728 0.225996
0.100471 0.047548 0.228902
0.096569 0.039092 0.224730
0.096815 0.041334 0.224609
0.097188 0.046012 0.223921
0.097088 0.042433 0.224937
0.097223 0.040589 0.233125
0.098800 0.046972 0.225646
0.098467 0.047626 0.223451
0.099528 0.043907 0.231164
0.098478 0.041891 0.230071
0.098458 0.046594 0.225687
0.097088 0.040094 0.225537
0.096327 0.044037 0.223213
0.098294 0.041953 0.227672
0.096689 0.041710 0.224249
0.097481 0.044743 0.225251
0.101429 0.048834 0.230105
0.096371 0.041733 0.223293
0.100665 0.049314 0.226421
0.100972 0.046997 0.231950
0.096276 0.043274 0.223180
0.097791 0.041620 0.226765
0.096229 0.042115 0.222609
0.098489 0.042071 0.228343
0.100035 0.047953 0.226431
0.100125 0.045674 0.230258
0.100341 0.045799 0.231208
0.097902 0.044272 0.226041
0.097708 0.042376 0.226013
0.096214 0.043520 0.223092
0.096448 0.039337 0.223355
0.096678 0.039823 0.224282
0.096802 0.039392 0.225237
0.101254 0.049530 0.227699
0.096325 0.040311 0.222753
0.098238 0.044108 0.226671
0.097566 0.040662 0.227010
0.099884 0.046421 0.229187
0.098097 0.041621 0.233482
0.100535 0.045800 0.233114
0.096323 0.044451 0.223168
0.101369 0.048096 0.231662
0.098993 0.043079 0.233758
0.095512 0.039069 0.230128
0.094965 0.038607 0.231384
0.095797 0.039194 0.229829
0.101129 0.047380 0.232181
0.098748 0.042447 0.229551
0.096322 0.043343 0.223276
0.098847 0.042941 0.231489
0.095418 0.038727 0.229527
0.097437 0.040738 0.233193
0.098007 0.041214 0.232170
0.101016 0.048099 0.230016
0.099914 0.045204 0.229863
0.099438 0.047024 0.227253
0.101270 0.047684 0.232034
0.099432 0.047794 0.225088
0.098315 0.047799 0.223044
0.096950 0.039658 0.228269
0.097340 0.044880 0.224945
0.096764 0.039683 0.224693
0.099826 0.044655 0.230874
0.095673 0.038640 0.228709
0.099372 0.048567 0.224416
0.099788 0.044526 0.233572
0.099762 0.046782 0.228342
0.096874 0.043018 0.224390
0.100244 0.045576 0.231238
0.096470 0.043915 0.223493
0.101479 0.048344 0.231938
0.096305 0.039563 0.230028
0.096192 0.041004 0.222608
0.099063 0.047460 0.225008
0.100029 0.046315 0.229615
0.096502 0.042632 0.223627
0.096401 0.041173 0.223305
0.100950 0.047071 0.231786
0.099215 0.046112 0.227860
0.097660 0.042212 0.226017
0.096595 0.039224 0.224753
0.098013 0.041180 0.228660
0.096414 0.040158 0.223367
0.096200 0.042908 0.222854
0.097099 0.041150 0.225307
0.098960 0.044514 0.228090
0.097432 0.045878 0.224216
0.098659 0.042349 0.228660
0.099001 0.044093 0.228226
0.097828 0.040909 0.229769
0.099604 0.044377 0.230298
0.096405 0.038882 0.224082
0.098132 0.047078 0.223959
0.098757 0.042580 0.232877
0.096686 0.046105 0.223424
0.099749 0.048703 0.224976
0.096343 0.039173 0.222771
0.098479 0.042203 0.228081
0.101223 0.048053 0.231116
0.099183 0.043472 0.229664
0.098650 0.044173 0.227503
0.098987 0.046144 0.227416
0.098883 0.042682 0.230931
0.098225 0.047799 0.222935
0.100906 0.048167 0.229132
0.099847 0.046450 0.228967
0.096939 0.040335 0.232238
0.096693 0.045029 0.223523
0.099416 0.044212 0.229062
0.099379 0.047313 0.226346
0.100180 0.045261 0.232979
0.098857 0.046323 0.227038
0.099797 0.047979 0.225830
0.097840 0.042716 0.226121
0.098636 0.042360 0.232235
0.097616 0.040947 0.233689
0.098421 0.041927 0.232622
0.099697 0.044214 0.231224
0.101534 0.048969 0.230343
0.098722 0.042466 0.231234
0.096788 0.039148 0.225549
0.097840 0.041150 0.231748
0.097709 0.040924 0.227355
0.099842 0.044625 0.233365
0.098524 0.042001 0.229347
0.096674 0.040041 0.224193
0.098781 0.042607 0.233376
0.096434 0.040975 0.223340
0.099308 0.045815 0.228380
0.098842 0.047904 0.223799
0.099844 0.048875 0.225073
0.098266 0.043177 0.226859
0.097839 0.040943 0.229137
0.099464 0.044534 0.229002
0.098292 0.044688 0.226590
0.097475 0.040639 0.232141
0.096732 0.039564 0.228892
0.100973 0.047978 0.230227
0.096691 0.039977 0.231397
0.096461 0.039829 0.223521
0.096566 0.040044 0.232576
0.098283 0.041824 0.227967
0.099799 0.046018 0.229276
0.098135 0.043294 0.226579
0.097497 0.041427 0.226254
0.097117 0.044219 0.224762
0.098982 0.043057 0.233909
0.099077 0.043160 0.231484
0.100025 0.048484 0.225815
0.097430 0.042566 0.225486
0.097649 0.046453 0.224012
0.096356 0.039503 0.222856
0.096318 0.040157 0.222525
0.097971 0.041175 0.228279
0.096774 0.040241 0.232454
0.097926 0.044026 0.226126
0.098022 0.046821 0.224465
0.100371 0.045601 0.232419
0.100290 0.047117 0.228909
0.100042 0.045470 0.230077
0.099110 0.043470 0.228873
0.096708 0.040100 0.233155
0.097527 0.040602 0.231159
0.099574 0.044122 0.233923
0.096550 0.040037 0.232158
0.098383 0.042942 0.227152
0.096604 0.039514 0.224218
0.098230 0.041545 0.230399
0.097225 0.039979 0.227796
0.099043 0.043093 0.232977
0.096595 0.040091 0.232330
0.098907 0.042904 0.229350
0.100795 0.046716 0.231717
0.098364 0.047252 0.224109
0.098604 0.042362 0.233239
0.098506 0.046498 0.226146
0.100775 0.047853 0.229476
0.096087 0.039500 0.230145
0.097122 0.040031 0.229281
0.096342 0.038743 0.227160
0.095622 0.039355 0.231453
0.095072 0.038658 0.231673
0.097917 0.041706 0.227081
0.100368 0.047261 0.229080
0.095814 0.039287 0.232359
0.100049 0.047370 0.227810
0.098628 0.042394 0.233468
0.100685 0.047400 0.230219
0.097586 0.040887 0.233392
0.099454 0.047664 0.225658
0.097742 0.045351 0.225530
0.096386 0.042086 0.223413
0.096891 0.039663 0.225129
0.099137 0.043321 0.231998
0.099719 0.046587 0.228480
0.098980 0.043853 0.228192
0.100663 0.047193 0.230316
0.100898 0.047966 0.229743
0.096607 0.038950 0.226674
0.101094 0.049558 0.227103
0.097086 0.042969 0.224850
0.100014 0.044952 0.231991
0.098812 0.042581 0.229903
0.096458 0.038802 0.224700
0.098477 0.042117 0.232159
0.100390 0.046562 0.230306
0.101155 0.049028 0.228151
0.098224 0.043044 0.226795
0.095799 0.039474 0.231815
0.099445 0.043867 0.233934
0.099174 0.047283 0.225943
0.096453 0.039891 0.231482
0.098723 0.046804 0.225948
0.098372 0.041715 0.230216
0.095789 0.038784 0.228872
0.100092 0.045086 0.233163
0.098378 0.046544 0.225574
0.096494 0.045227 0.223171
0.099859 0.044736 0.231287
0.099658 0.044359 0.231768
0.096412 0.039301 0.223095
0.097864 0.044388 0.225954
0.099322 0.043904 0.229060
0.097137 0.039872 0.225995
0.096467 0.039000 0.227816
0.096260 0.042993 0.223063
0.098875 0.045780 0.227562
0.095894 0.038802 0.228652
0.097638 0.040824 0.232320
0.098497 0.047339 0.224208
0.098550 0.044313 0.227276
0.098071 0.046683 0.225082
0.098500 0.046297 0.226347
0.096324 0.038898 0.228010
0.097378 0.040485 0.226427
0.098862 0.045346 0.227704
0.097645 0.040669 0.229689
0.099649 0.044562 0.229612
0.100121 0.045122 0.231706
0.101187 0.047506 0.231979
0.097825 0.046965 0.223490
0.098572 0.042089 0.229972
0.099154 0.046578 0.227122
0.096464 0.039047 0.228055
0.098296 0.042209 0.227368
0.098916 0.045332 0.227824
0.096477 0.039533 0.229521
0.098863 0.046758 0.226362
0.098159 0.044772 0.226323
0.096808 0.044669 0.224143
0.096582 0.040868 0.223891
0.097412 0.040704 0.233647
0.098691 0.042678 0.227801
0.097974 0.042573 0.226406
0.099537 0.044282 0.232294
0.099370 0.047228 0.226565
0.098017 0.042211 0.226766
0.096507 0.039232 0.224082
0.095503 0.039191 0.231481
0.097676 0.041062 0.233967
0.098835 0.042741 0.233516
0.095324 0.038973 0.230346
0.097196 0.046472 0.223445
0.097114 0.039994 0.225733
0.097523 0.041904 0.225921
0.099356 0.043703 0.231082
0.099049 0.043200 0.231851
0.099516 0.047453 0.226493
0.096128 0.043085 0.222747
0.096153 0.044526 0.222825
0.097249 0.042379 0.225242
0.099016 0.043010 0.232556
0.100201 0.048508 0.226156
0.099325 0.045671 0.228499
0.098359 0.047739 0.223159
0.097730 0.044372 0.225654
0.098059 0.041361 0.232760
0.098790 0.042633 0.233076
0.099959 0.049026 0.225274
0.098659 0.045584 0.227130
0.098721 0.048051 0.223483
0.096670 0.044812 0.223867
0.097870 0.046007 0.225356
0.096508 0.042996 0.223629
0.096352 0.039712 0.222672
0.099468 0.047106 0.226977
0.100699 0.046419 0.231745
0.099520 0.048328 0.224702
0.096584 0.040445 0.223848
0.096291 0.039708 0.230821
0.100202 0.045312 0.232134
0.100051 0.048881 0.225573
0.099602 0.047263 0.226974
0.100791 0.046395 0.232128
0.096193 0.042662 0.222707
0.100697 0.046568 0.231441
0.096696 0.045702 0.223444
0.097970 0.043690 0.226271
0.097188 0.045537 0.224292
0.096163 0.039449 0.229869
0.098705 0.046101 0.226947
0.096702 0.040092 0.233028
0.098939 0.045688 0.227721
0.097816 0.040822 0.228052
0.099355 0.044775 0.228733
0.097831 0.041571 0.226977
0.097923 0.041132 0.231060
0.100152 0.046885 0.228869
0.098217 0.047668 0.223025
0.096780 0.040035 0.224528
0.098312 0.042067 0.227510
0.096471 0.039448 0.223524
0.098570 0.042295 0.233657
0.096886 0.040462 0.224832
0.099845 0.046778 0.228501
0.096819 0.045062 0.224276
0.096737 0.039846 0.224562
0.097007 0.044398 0.224633
0.101093 0.047534 0.231491
0.099914 0.048859 0.225205
0.096831 0.045344 0.223674
0.096631 0.043364 0.223846
0.101321 0.047696 0.232306
0.097347 0.040112 0.226795
0.096905 0.046640 0.222776
0.096892 0.039237 0.225869
0.096639 0.039084 0.227309
0.099958 0.045828 0.229651
0.096818 0.042333 0.224330
0.098033 0.041596 0.234614
0.100716 0.047822 0.229207
0.096780 0.039901 0.230309
0.097640 0.046523 0.223870
0.097194 0.042520 0.225087
0.096790 0.043289 0.224238
0.099574 0.044274 0.232824
0.098307 0.046406 0.226033
0.099509 0.043902 0.231035
0.096971 0.039447 0.226986
0.101318 0.048490 0.230587
0.101417 0.049238 0.228890
0.096955 0.039938 0.225143
0.096985 0.040046 0.230618
0.100458 0.045855 0.232092
0.096458 0.045475 0.223145
0.099048 0.046874 0.226511
0.095707 0.039141 0.229929
0.097822 0.041186 0.233207
0.099892 0.046236 0.229323
0.099345 0.046422 0.227751
0.096454 0.039200 0.228596
0.097489 0.040475 0.230264
0.098995 0.042975 0.232730
0.097986 0.041308 0.231627
0.100752 0.049651 0.226442
0.096724 0.041387 0.224364
0.100377 0.046392 0.230439
0.098876 0.046928 0.225948
0.097022 0.045959 0.223746
0.099677 0.046229 0.228898
0.101021 0.048172 0.229752
0.098970 0.048347 0.223797
0.098216 0.041467 0.230246
0.100743 0.046208 0.232419
0.097721 0.041271 0.226912
0.098542 0.042018 0.229007
0.095671 0.039206 0.230577
0.099817 0.045750 0.229356
0.099653 0.045849 0.228945
0.096599 0.039106 0.224964
0.099127 0.043619 0.228736
0.095846 0.038718 0.228433
0.096836 0.045090 0.223777
0.096458 0.044245 0.223372
0.096287 0.041842 0.223022
0.099454 0.045033 0.228840
0.100673 0.048720 0.226842
0.097307 0.041726 0.225533
0.100650 0.047621 0.229575
0.101270 0.048353 0.230818
0.095354 0.039003 0.231735
0.098388 0.042064 0.233689
0.098566 0.042290 0.228473
0.099885 0.044780 0.232512
0.100741 0.046911 0.231048
0.097523 0.040484 0.229982
0.098445 0.042152 0.233513
0.095793 0.039257 0.230348
0.099720 0.044479 0.233122
0.096345 0.038833 0.223492
0.098500 0.042018 0.231504
0.097401 0.044894 0.225115
0.096297 0.042294 0.222938
0.096416 0.038975 0.223789
0.099331 0.047842 0.224766
0.098855 0.046047 0.227287
0.099485 0.046629 0.227722
0.099169 0.043353 0.233121
0.094884 0.038580 0.231211
0.095301 0.038980 0.230773
0.099554 0.047947 0.225148
0.098905 0.047541 0.224652
0.098812 0.043281 0.227908
0.097173 0.040602 0.225634
0.099394 0.043876 0.232259
0.101105 0.048938 0.228039
0.097532 0.046706 0.223643
0.100136 0.047965 0.226687
0.098250 0.045248 0.226301
0.096700 0.043003 0.224025
0.100302 0.046595 0.230001
0.095297 0.038935 0.231527
0.097884 0.045849 0.225524
0.097860 0.041940 0.226683
0.096119 0.042896 0.222652
0.100139 0.045170 0.231871
0.098373 0.041688 0.230020
0.100579 0.047135 0.230178
0.095991 0.038989 0.229006
0.099389 0.043848 0.231793
0.099379 0.043730 0.233603
0.098417 0.042455 0.227384
0.096514 0.040374 0.223664
0.098877 0.047825 0.224011
0.097524 0.045615 0.224934
0.097428 0.040388 0.229830
0.096987 0.039361 0.226195
0.097177 0.040057 0.229050
0.097955 0.041857 0.226985
0.096420 0.038661 0.225518
0.097877 0.046913 0.223677
0.100400 0.045611 0.233138
0.098881 0.042756 0.231225
0.100422 0.047211 0.229501
0.097558 0.045305 0.225229
0.098388 0.047327 0.223928
0.098099 0.046425 0.225368
0.099338 0.045314 0.228574
0.097264 0.044988 0.224780
0.101341 0.049785 0.227643
0.098143 0.041430 0.230931
0.099415 0.044021 0.229667
0.096430 0.041443 0.223496
0.097587 0.040631 0.229232
0.097317 0.041851 0.225507
0.098220 0.041818 0.233682
0.101105 0.048146 0.230551
0.100165 0.046841 0.229344
0.101268 0.048697 0.229550
0.099824 0.047020 0.228139
0.099125 0.045144 0.228329
0.096081 0.038930 0.228662
0.096903 0.039703 0.228857
0.096372 0.038711 0.226357
0.097653 0.044239 0.225499
0.100833 0.049443 0.226647
0.096750 0.042813 0.224103
0.097425 0.045639 0.224808
0.098941 0.048150 0.223845
0.096484 0.043103 0.223576
0.096644 0.041897 0.224051
0.098656 0.042260 0.229749
0.100397 0.046973 0.229838
0.097679 0.046940 0.223284
0.096869 0.039471 0.227989
0.098066 0.046204 0.225413
0.096849 0.042175 0.224454
0.099574 0.044482 0.229408
0.097062 0.039939 0.225527
0.100571 0.046540 0.230896
0.096582 0.044292 0.223649
0.098903 0.043178 0.228343
0.097671 0.045974 0.225234
0.097917 0.043421 0.226169
0.098851 0.043142 0.228029
0.097765 0.046082 0.225033
0.095546 0.038635 0.229035
0.096904 0.045313 0.224054
0.097003 0.042575 0.224735
0.096865 0.044704 0.224281
0.097680 0.040737 0.230255
0.096673 0.040998 0.224153
0.096581 0.042114 0.223825
0.098604 0.042182 0.228761
0.097489 0.042168 0.225702
0.098377 0.045494 0.226746
0.095611 0.039290 0.231708
0.095587 0.039230 0.230900
0.097778 0.041188 0.227227
0.099489 0.043799 0.231293
0.098262 0.041689 0.231848
0.098281 0.045017 0.226488
0.096667 0.041514 0.224190
0.101304 0.047862 0.231759
0.100006 0.047667 0.227005
0.099941 0.044985 0.230819
0.096275 0.040595 0.222765
0.096499 0.041590 0.223678
0.096542 0.039326 0.228770
0.099055 0.043382 0.228755
0.097453 0.040413 0.229001
0.097768 0.046615 0.224199
0.095020 0.038753 0.230794
0.100674 0.046151 0.232199
0.100810 0.047813 0.229847
0.096582 0.039454 0.228995
0.096501 0.039622 0.229788
0.096452 0.039195 0.223525
0.096557 0.039672 0.223989
0.096638 0.042061 0.223959
0.097759 0.046213 0.224772
0.100985 0.046837 0.232267
0.096502 0.044489 0.223452
0.097906 0.041532 0.227249
0.098287 0.041661 0.232788
0.099273 0.043619 0.231823
0.099585 0.045859 0.228838
0.097636 0.042819 0.225787
0.096940 0.040051 0.230485
0.097741 0.040731 0.228419
0.098872 0.042882 0.231903
0.096732 0.039916 0.230733
0.098649 0.045163 0.227338
0.096343 0.042327 0.223213
0.098897 0.043209 0.228209
0.099481 0.044191 0.229923
0.099779 0.044631 0.231681
0.095990 0.039413 0.230323
0.098215 0.044431 0.226540
0.098195 0.045026 0.226279
0.099720 0.044320 0.231019
0.098000 0.041228 0.231238
0.097301 0.045675 0.224689
0.098645 0.042275 0.231021
0.097855 0.041080 0.231519
0.101015 0.049385 0.226994
0.097314 0.041495 0.225652
0.098859 0.042917 0.228620
0.100690 0.048553 0.227178
0.096241 0.038703 0.227468
0.099067 0.046719 0.226752
0.096340 0.045022 0.222917
0.096708 0.039218 0.227637
0.098759 0.042640 0.229331
0.098510 0.042079 0.228483
0.097374 0.040708 0.233882
0.099583 0.045257 0.228987
0.099531 0.047876 0.225348
0.096219 0.044857 0.222805
0.097981 0.042868 0.226345
0.098104 0.041660 0.234229
0.096359 0.040187 0.223125
0.098708 0.042583 0.233939
0.098484 0.042820 0.227370
0.097311 0.040115 0.227338
0.101154 0.049833 0.226979
0.098014 0.041561 0.227475
0.101240 0.048429 0.230319
0.096100 0.038880 0.228428
0.096742 0.039921 0.230897
0.099014 0.043204 0.228940
0.099610 0.048048 0.225375
0.099832 0.044910 0.230416
0.097525 0.043336 0.225501
0.098044 0.043285 0.226418
0.096411 0.039901 0.232775
0.096302 0.039402 0.229440
0.097618 0.040683 0.231381
0.098326 0.041813 0.232485
0.099921 0.047733 0.226624
0.098556 0.042470 0.227694
0.098288 0.045280 0.226670
0.100016 0.044991 0.232841
0.099949 0.044827 0.232120
0.101205 0.047800 0.231532
0.096354 0.039485 0.222565
0.097111 0.040046 0.229612
0.097618 0.040627 0.228862
0.096683 0.043435 0.224092
0.096672 0.043297 0.223970
0.097603 0.040700 0.230497
0.098159 0.043096 0.226651
0.098681 0.042362 0.228942
0.096654 0.044231 0.223826
0.099458 0.047538 0.225975
0.096610 0.042339 0.223841
0.099534 0.046280 0.228513
0.099362 0.043904 0.230081
0.099120 0.043261 0.232434
0.099636 0.044151 0.230867
0.096567 0.038953 0.226985
0.100946 0.049082 0.227163
0.099496 0.044161 0.232670
0.100900 0.047003 0.231706
0.100143 0.046446 0.229735
0.096888 0.045703 0.223686
0.097849 0.041144 0.231961
0.101182 0.047583 0.231760
0.098633 0.046670 0.225936
0.098328 0.043348 0.226945
0.097443 0.040498 0.230934
0.096519 0.041030 0.223836
0.098495 0.047002 0.225079
0.100167 0.048775 0.225888
0.097678 0.040918 0.227164
0.096939 0.042871 0.224564
0.100389 0.047680 0.228075
0.096966 0.044890 0.224462
0.097718 0.040853 0.231242
0.096879 0.039300 0.226875
0.098156 0.041386 0.228950
0.095411 0.039032 0.230225
0.100453 0.048051 0.227378
0.097245 0.040103 0.226374
0.096942 0.041099 0.224963
0.099265 0.046798 0.227117
0.097638 0.040795 0.232058
0.098753 0.042533 0.232452
0.100322 0.048885 0.226085
0.097580 0.046596 0.223691
0.100861 0.046445 0.232450
0.097789 0.045061 0.225811
0.098340 0.043168 0.227011
0.096219 0.043126 0.222996
0.098413 0.045380 0.226830
0.098334 0.041986 0.233919
0.098028 0.041231 0.230234
0.095792 0.039278 0.230581
0.100329 0.047172 0.229211
0.098739 0.047038 0.225357
0.100312 0.046438 0.230214
0.098686 0.042644 0.234445
0.097115 0.046903 0.222724
0.098551 0.042249 0.232381
0.097189 0.039850 0.226303
0.096340 0.038841 0.227562
0.096678 0.039460 0.228572
0.098950 0.042777 0.231072
0.100106 0.046622 0.229523
0.100045 0.045425 0.230285
0.097531 0.040917 0.226558
0.098653 0.042308 0.231619
0.094894 0.038640 0.230937
0.097234 0.040142 0.229828
0.099518 0.047666 0.225818
0.097589 0.040981 0.226728
0.097648 0.041872 0.226222
0.100645 0.045989 0.233171
0.100572 0.045897 0.232865
0.096481 0.039171 0.228421
0.099851 0.047786 0.226354
0.100489 0.048708 0.226467
0.097723 0.041770 0.226477
0.097652 0.041614 0.226431
0.099802 0.046570 0.228667
0.099785 0.047355 0.227190
0.097282 0.040656 0.225765
0.097667 0.040741 0.227391
0.098964 0.042995 0.232030
0.101119 0.048233 0.230281
0.100910 0.046581 0.232278
0.099710 0.044516 0.230524
0.097307 0.040291 0.226349
0.100958 0.047815 0.230771
0.097243 0.040096 0.228703
0.096904 0.045222 0.223910
0.097887 0.040990 0.228881
0.096967 0.039713 0.225403
0.096466 0.040332 0.223477
0.096702 0.044618 0.223991
0.098159 0.041736 0.234009
0.096934 0.045621 0.223893
0.100218 0.045598 0.231045
0.097984 0.046944 0.224059
0.097724 0.040742 0.228689
0.099731 0.045400 0.229225
0.096665 0.039096 0.225305
0.101353 0.048768 0.229838
0.096214 0.041655 0.222840
0.098348 0.045387 0.226515
0.101082 0.046877 0.232712
0.097314 0.040258 0.230110
0.098810 0.042661 0.232150
0.100692 0.047384 0.230329
0.098353 0.046428 0.225836
0.101432 0.049027 0.229516
0.097737 0.041592 0.226620
0.099314 0.044065 0.228871
0.098086 0.044251 0.226354
0.096557 0.043889 0.223715
0.100484 0.047979 0.227673
0.101041 0.048756 0.228157
0.100537 0.046575 0.230721
0.099992 0.046351 0.229432
0.096827 0.043628 0.224327
0.098063 0.046127 0.225569
0.098519 0.042290 0.233861
0.097817 0.047130 0.223184
0.097911 0.044631 0.226060
0.096871 0.039850 0.229657
0.097165 0.040221 0.230328
0.098137 0.041466 0.231804
0.099910 0.048671 0.225359
0.098118 0.041585 0.227962
0.100221 0.046825 0.229588
0.099558 0.047362 0.226669
0.097929 0.047171 0.223382
0.098742 0.045771 0.227245
0.098729 0.042414 0.230917
0.096042 0.039609 0.231107
0.099834 0.044828 0.230577
0.097017 0.040506 0.225226
0.099245 0.043482 0.233479
0.096723 0.044260 0.224073
0.096739 0.041958 0.224283
0.097059 0.040346 0.233465
0.098375 0.041776 0.230334
0.096455 0.044607 0.223281
0.096439 0.039910 0.232421
0.095579 0.039310 0.231215
0.098702 0.042465 0.232129
0.097814 0.042065 0.226413
0.096230 0.041287 0.222940
0.097526 0.042044 0.225837
0.100297 0.045453 0.231576
0.097898 0.041324 0.233806
0.100112 0.048518 0.225951
0.100463 0.047152 0.229971
0.098920 0.045933 0.227493
0.100736 0.047395 0.230692
0.098377 0.041721 0.228986
0.099274 0.048362 0.224324
0.096988 0.043482 0.224638
0.096381 0.042461 0.223444
0.097289 0.045821 0.224603
0.097649 0.040772 0.227216
0.096981 0.041747 0.224878
0.101395 0.049894 0.227693
0.097111 0.040460 0.232491
0.095887 0.039148 0.229510
0.098622 0.046871 0.225435
0.097165 0.040026 0.225903
0.099978 0.047532 0.227274
0.100883 0.048500 0.228144
0.100086 0.045180 0.231305
0.097768 0.045370 0.225680
0.096304 0.039033 0.228451
0.097825 0.041086 0.232604
0.097019 0.039521 0.225919
0.098764 0.047706 0.223813
0.097973 0.044373 0.226196
0.098074 0.045817 0.225981
0.096777 0.041148 0.224441
0.098722 0.045548 0.227367
0.100643 0.046062 0.232383
0.096752 0.044928 0.223795
0.097998 0.045535 0.225928
0.099262 0.043706 0.229698
0.097943 0.046715 0.224582
0.099380 0.043601 0.231148
0.096854 0.046296 0.223184
0.097151 0.042157 0.225087
0.097049 0.039858 0.228805
0.099594 0.044053 0.231419
0.098623 0.042173 0.229330
0.100052 0.045319 0.230922
0.100709 0.047048 0.230740
0.098103 0.041463 0.228139
0.097518 0.045016 0.225264
0.100125 0.045191 0.232324
0.099147 0.043340 0.233410
0.096567 0.040154 0.223863
0.098789 0.045661 0.227467
0.096414 0.040814 0.223269
0.098165 0.046500 0.225390
0.097283 0.040574 0.233362
0.099761 0.044601 0.232103
0.100541 0.047404 0.229704
0.097973 0.041150 0.229875
0.099215 0.043391 0.230448
0.099895 0.047202 0.227818
0.099478 0.048067 0.224770
0.099306 0.043951 0.229895
0.096350 0.040943 0.223083
0.096979 0.039907 0.229855
0.101247 0.047340 0.232711
0.098290 0.041767 0.233014
0.096531 0.039849 0.230557
0.099990 0.044928 0.233362
0.097110 0.043263 0.224845
0.096671 0.042638 0.223953
0.097815 0.044799 0.225871
0.099699 0.044673 0.230282
0.096375 0.043225 0.223383
0.099489 0.044872 0.228952
0.099994 0.048035 0.226214
0.098240 0.041667 0.232225
0.098568 0.042352 0.227932
0.096119 0.038739 0.228071
0.096831 0.040486 0.224593
0.096790 0.039221 0.227070
0.096109 0.043531 0.222843
0.099296 0.043673 0.232919
0.096448 0.045056 0.223067
0.096401 0.039757 0.231089
0.097428 0.042367 0.225509
0.097273 0.043427 0.225045
0.099880 0.044767 0.231011
0.099710 0.044621 0.230426
0.096251 0.044230 0.223055
0.098703 0.043123 0.227709
0.096504 0.041252 0.223788
0.100639 0.048854 0.226609
0.097644 0.040576 0.227636
0.101284 0.048009 0.231408
0.096453 0.039657 0.230110
0.101038 0.049383 0.227143
0.097658 0.044488 0.225496
