0.037449 0.058414 0.128084
0.035980 0.057321 0.124756
0.038812 0.058053 0.129694
0.046435 0.053303 0.127602
0.041828 0.056116 0.132140
0.041939 0.054923 0.129012
0.043963 0.054661 0.131667
0.040064 0.056510 0.122889
0.040202 0.060237 0.133311
0.046432 0.054608 0.127813
0.039166 0.056603 0.122855
0.038234 0.057060 0.127944
0.038586 0.056647 0.122697
0.039622 0.056064 0.124536
0.042924 0.054658 0.131553
0.041655 0.054927 0.129014
0.041384 0.055116 0.128142
0.038757 0.060613 0.133362
0.045102 0.055361 0.128119
0.037912 0.056740 0.126397
0.040767 0.055424 0.129483
0.040649 0.056426 0.123523
0.039619 0.055647 0.128255
0.041681 0.058063 0.133201
0.037711 0.058252 0.128449
0.042384 0.054138 0.123836
0.042299 0.054685 0.131013
0.040959 0.059743 0.132642
0.042296 0.054748 0.131513
0.042300 0.055576 0.132527
0.037391 0.057055 0.126501
0.037118 0.060503 0.130211
0.044184 0.055588 0.126951
0.040274 0.056217 0.122571
0.044264 0.054689 0.131884
0.042222 0.056160 0.126060
0.040679 0.056111 0.122815
0.039328 0.057271 0.129696
0.041068 0.055293 0.129913
0.037587 0.057132 0.126767
0.040383 0.054793 0.121848
0.046662 0.054391 0.127873
0.039554 0.055800 0.126408
0.038680 0.059182 0.129826
0.040720 0.055860 0.130069
0.037313 0.057211 0.126793
0.046802 0.052521 0.127927
0.041961 0.058373 0.133626
0.042281 0.055482 0.132305
0.039606 0.055979 0.124867
0.041026 0.056936 0.131647
0.042624 0.055005 0.124501
0.037414 0.056482 0.124972
0.038104 0.060504 0.131387
0.043258 0.053488 0.124610
0.045619 0.053758 0.126999
0.042157 0.054808 0.131407
0.037464 0.057338 0.127467
0.041259 0.059139 0.132800
0.039572 0.059473 0.130642
0.038236 0.057760 0.128887
0.037385 0.058771 0.128076
0.042301 0.055054 0.124270
0.042407 0.054671 0.130912
0.041824 0.056135 0.124744
0.041907 0.056179 0.125964
0.038153 0.056111 0.125871
0.036526 0.058919 0.127090
0.040607 0.055509 0.129303
0.040724 0.056082 0.130519
0.039941 0.060599 0.134739
0.041654 0.055261 0.128067
0.041902 0.056322 0.132403
0.036558 0.057065 0.124406
0.036448 0.060739 0.131300
0.040632 0.060335 0.134411
0.037155 0.060181 0.128811
0.046379 0.055060 0.129864
0.039989 0.055666 0.126322
0.041493 0.059491 0.133257
0.041326 0.056409 0.131572
0.043243 0.054588 0.131981
0.044455 0.054739 0.131766
0.040136 0.055660 0.129186
0.041406 0.059309 0.133099
0.040961 0.060071 0.133751
0.041284 0.056042 0.123169
0.040420 0.055260 0.127415
0.040921 0.055518 0.122644
0.036380 0.059696 0.127153
0.040895 0.059919 0.133079
0.047617 0.054046 0.129506
0.045986 0.054931 0.128143
0.041254 0.055694 0.126853
0.046211 0.053557 0.127466
0.038022 0.060483 0.130888
0.036848 0.060039 0.128286
0.039607 0.055584 0.127821
0.045557 0.055227 0.130765
0.036237 0.059797 0.127105
0.041164 0.059922 0.133627
0.044533 0.055237 0.126626
0.037289 0.060710 0.132184
0.040142 0.055676 0.128991
0.046260 0.054497 0.127559
0.045950 0.052298 0.127073
0.042263 0.055876 0.124129
0.038978 0.059347 0.130075
0.041237 0.059969 0.133825
0.041131 0.058770 0.132672
0.047223 0.054371 0.128980
0.040832 0.055221 0.129104
0.045001 0.055486 0.129498
0.038007 0.056834 0.126601
0.041830 0.055619 0.127388
0.044447 0.055040 0.130621
0.040127 0.058225 0.131174
0.037936 0.056612 0.122422
0.042675 0.056022 0.124969
0.036581 0.060073 0.128042
0.042296 0.056124 0.125201
0.037128 0.060528 0.130660
0.045416 0.055404 0.129739
0.042834 0.055821 0.127627
0.039979 0.053877 0.121349
0.036596 0.060115 0.128330
0.042879 0.055164 0.129060
0.038856 0.055840 0.125856
0.042266 0.055517 0.132382
0.040886 0.055228 0.128514
0.038927 0.060606 0.133566
0.036016 0.058483 0.126021
0.036583 0.060571 0.130653
0.036633 0.060741 0.131493
0.042745 0.053441 0.124082
0.042277 0.054779 0.129909
0.040292 0.055797 0.122228
0.041712 0.056031 0.126522
0.040128 0.055409 0.127663
0.038428 0.056308 0.126608
0.040182 0.059233 0.131478
0.040056 0.054320 0.121456
0.046764 0.052920 0.127926
0.039374 0.059613 0.130422
0.035902 0.058411 0.125711
0.037349 0.057271 0.127169
0.039627 0.055673 0.126945
0.042897 0.055955 0.125541
0.043242 0.055721 0.127997
0.042795 0.055426 0.128387
0.038547 0.056544 0.122850
0.038483 0.060452 0.131329
0.038336 0.056356 0.126358
0.043111 0.055772 0.125599
0.041872 0.055111 0.131363
0.038886 0.056740 0.122018
0.038630 0.056065 0.123828
0.041282 0.057297 0.132240
0.044787 0.055559 0.128774
0.039052 0.056208 0.127488
0.039920 0.056501 0.122281
0.037533 0.057888 0.128041
0.040774 0.057015 0.131470
0.045044 0.055094 0.130976
0.035660 0.058600 0.125357
0.039406 0.057472 0.129972
0.040062 0.055727 0.126195
0.040964 0.054197 0.122381
0.043757 0.054885 0.130453
0.042478 0.055785 0.132889
0.041897 0.054833 0.129378
0.038447 0.056024 0.123982
0.035803 0.058510 0.125489
0.041113 0.055438 0.127437
0.038303 0.060509 0.131798
0.035934 0.057946 0.125380
0.036588 0.059231 0.127259
0.042184 0.055172 0.128508
0.040255 0.056372 0.124006
0.036613 0.060328 0.129290
0.043114 0.055093 0.129359
0.037780 0.057269 0.127864
0.039792 0.055703 0.126825
0.045439 0.055316 0.128783
0.044665 0.055262 0.126756
0.038036 0.059874 0.129171
0.037559 0.056419 0.125349
0.037972 0.057168 0.127811
0.039648 0.060376 0.133213
0.039471 0.056129 0.124255
0.036954 0.060664 0.131488
0.037958 0.058546 0.128790
0.040577 0.055248 0.122223
0.041362 0.059540 0.133070
0.038819 0.056108 0.127006
0.040483 0.059618 0.131877
0.042177 0.055607 0.132252
0.039722 0.055320 0.121336
0.044852 0.055395 0.129890
0.036842 0.056873 0.124345
0.041276 0.056159 0.125648
0.041822 0.055104 0.130673
0.042099 0.055498 0.127747
0.039452 0.058237 0.130369
0.040042 0.056289 0.124228
0.036217 0.057809 0.125955
0.041638 0.054961 0.123306
0.037729 0.060504 0.130735
0.039814 0.060158 0.131782
0.047103 0.052845 0.128352
0.044371 0.054958 0.130928
0.040735 0.055314 0.128890
0.043492 0.054521 0.132114
0.042606 0.055337 0.124604
0.041916 0.054847 0.130481
0.041869 0.058224 0.133516
0.041550 0.055524 0.123244
0.039599 0.055875 0.128390
0.037135 0.060449 0.129945
0.042198 0.054904 0.123861
0.041887 0.054284 0.123320
0.046521 0.053015 0.127705
0.036514 0.058556 0.126881
0.047370 0.053459 0.128613
0.040997 0.059914 0.133289
0.040291 0.056437 0.123685
0.043624 0.054782 0.130983
0.041702 0.055183 0.130565
0.039969 0.056469 0.123497
0.041086 0.055800 0.130832
0.041120 0.056326 0.124045
0.039764 0.059933 0.131246
0.037343 0.060329 0.129471
0.039936 0.055985 0.125201
0.037867 0.056226 0.125437
0.041737 0.054765 0.129512
0.040469 0.055971 0.122538
0.041897 0.056099 0.126396
0.044181 0.053956 0.125634
0.040370 0.060451 0.134640
0.045022 0.055129 0.127021
0.046897 0.054210 0.127955
0.045472 0.053585 0.126803
0.041935 0.056758 0.132745
0.039657 0.056504 0.121967
0.040113 0.055978 0.125403
0.040056 0.055569 0.128524
0.043867 0.055737 0.127091
0.038508 0.055901 0.125400
0.045891 0.055297 0.130471
0.045227 0.055459 0.129707
0.039424 0.056550 0.121854
0.039681 0.059670 0.130820
0.041430 0.055147 0.130183
0.035326 0.057486 0.124087
0.041188 0.055043 0.129837
0.044039 0.054885 0.130911
0.040214 0.054042 0.121587
0.037186 0.058062 0.127675
0.037659 0.060771 0.132824
0.039496 0.055588 0.127620
0.039988 0.060131 0.132092
0.042560 0.055965 0.124749
0.045432 0.054931 0.127293
0.043803 0.055567 0.128841
0.038146 0.056614 0.122556
0.040304 0.060275 0.133580
0.040066 0.055359 0.127299
0.036874 0.059773 0.127881
0.043898 0.054032 0.125373
0.042476 0.054738 0.130517
0.037108 0.058318 0.127665
0.044317 0.053566 0.125668
0.037162 0.056380 0.123555
0.037881 0.056486 0.125980
0.039769 0.056140 0.128849
0.036375 0.060065 0.127565
0.042981 0.054791 0.132785
0.037982 0.060506 0.131153
0.043097 0.054764 0.130922
0.040080 0.056412 0.122484
0.035487 0.058146 0.125069
0.039013 0.056678 0.122622
0.037130 0.059355 0.127982
0.036716 0.057003 0.124562
0.038701 0.055835 0.124811
0.040846 0.055739 0.130190
0.039499 0.055420 0.127214
0.038568 0.058323 0.129415
0.039938 0.055611 0.126929
0.038950 0.057817 0.129716
0.043839 0.053241 0.125175
0.039385 0.060355 0.132084
0.037367 0.056428 0.124219
0.039164 0.056288 0.123742
0.045822 0.055186 0.129076
0.039375 0.057796 0.130114
0.040813 0.055893 0.130400
0.043243 0.055575 0.128294
0.047364 0.052842 0.128669
0.042047 0.056070 0.132410
0.040152 0.056113 0.124962
0.037439 0.056504 0.124476
0.036352 0.060167 0.127964
0.041160 0.055952 0.122986
0.039241 0.059954 0.130580
0.040384 0.055897 0.125705
0.037519 0.056285 0.124102
0.038956 0.060659 0.133869
0.044105 0.054675 0.131731
0.037750 0.057019 0.126664
0.041727 0.056191 0.124861
0.037425 0.060208 0.129272
0.041512 0.054739 0.129741
0.038517 0.056891 0.127648
0.038378 0.060158 0.130009
0.038409 0.057459 0.128863
0.040794 0.056242 0.130895
0.038019 0.060566 0.131872
0.041110 0.059674 0.132758
0.043607 0.054491 0.132460
0.045980 0.054706 0.127404
0.040543 0.060261 0.133865
0.037985 0.056293 0.125780
0.038154 0.057481 0.128598
0.042667 0.054854 0.129916
0.037270 0.059027 0.128033
0.040330 0.058973 0.131584
0.037645 0.059387 0.128623
0.041232 0.057028 0.132055
0.042846 0.054627 0.131389
0.043429 0.055001 0.129946
0.042033 0.055278 0.128286
0.047026 0.053660 0.128069
0.044721 0.054607 0.126544
0.039447 0.056038 0.128293
0.046004 0.053042 0.127187
0.036443 0.060227 0.128609
0.039941 0.055637 0.126701
0.044715 0.054397 0.126390
0.042757 0.054652 0.131326
0.044334 0.055200 0.126441
0.039534 0.056987 0.129782
0.040885 0.056464 0.131258
0.044958 0.053248 0.126240
0.044351 0.055629 0.128348
0.042070 0.054789 0.131177
0.043271 0.054538 0.132467
0.042839 0.054704 0.124579
0.037053 0.059886 0.128329
0.040199 0.056355 0.130024
0.042206 0.055096 0.131753
0.039368 0.056298 0.123822
0.037698 0.056173 0.124826
0.038270 0.060587 0.132556
0.042480 0.055050 0.129045
0.046993 0.052571 0.128146
0.037646 0.057208 0.127334
0.036825 0.057227 0.125909
0.045756 0.055316 0.129822
0.037802 0.056102 0.125069
0.044045 0.054816 0.131253
0.040572 0.055258 0.127823
0.041468 0.057294 0.132534
0.037703 0.056229 0.123178
0.035786 0.057560 0.124924
0.043482 0.053257 0.124813
0.037102 0.058768 0.127640
0.042593 0.053913 0.124024
0.047122 0.054473 0.129311
0.045157 0.053640 0.126462
0.046175 0.052605 0.127329
0.038522 0.057583 0.129162
0.041012 0.057963 0.132488
0.037267 0.060658 0.131848
0.042148 0.053316 0.123459
0.038568 0.056011 0.126729
0.041256 0.053731 0.122637
0.044301 0.054903 0.131218
0.043783 0.055138 0.126074
0.041406 0.056014 0.126267
0.040636 0.055651 0.129619
0.045730 0.055161 0.130930
0.037421 0.059028 0.128301
0.042281 0.055313 0.128374
0.036213 0.057687 0.125711
0.042695 0.056058 0.125265
0.041214 0.054537 0.122718
0.041744 0.055314 0.131032
0.037708 0.060300 0.129711
0.036236 0.058315 0.126390
0.037985 0.060782 0.133166
0.037274 0.059858 0.128536
0.045658 0.055008 0.127788
0.044307 0.055635 0.128622
0.047240 0.052608 0.128486
0.044858 0.055448 0.128228
0.040616 0.060139 0.133480
0.043026 0.054601 0.132409
0.038550 0.055936 0.124670
0.037942 0.056042 0.124796
0.039095 0.058729 0.130091
0.041653 0.056208 0.124601
0.040465 0.056372 0.130585
0.040153 0.060164 0.132946
0.038625 0.056232 0.123560
0.038507 0.057116 0.128375
0.036394 0.057131 0.124345
0.035691 0.058039 0.125170
0.039799 0.060546 0.134138
0.037785 0.060705 0.132661
0.042679 0.055201 0.132790
0.045166 0.055416 0.129973
0.036287 0.058895 0.126660
0.041725 0.055756 0.131682
0.041660 0.056083 0.123471
0.039152 0.056685 0.122374
0.044866 0.055326 0.130101
0.040182 0.056271 0.124349
0.039517 0.060049 0.131119
0.040600 0.055530 0.126845
0.039116 0.055921 0.127308
0.038238 0.059586 0.129169
0.039667 0.060289 0.132827
0.037169 0.057451 0.127260
0.043257 0.055069 0.129616
0.038121 0.060086 0.129591
0.040897 0.056049 0.130777
0.037489 0.056169 0.123768
0.038304 0.058700 0.129129
0.044183 0.055511 0.129192
0.040554 0.056036 0.130235
0.038526 0.056702 0.127165
0.039393 0.055619 0.127865
0.041074 0.059408 0.132539
0.040822 0.055233 0.128208
0.039347 0.058003 0.130147
0.039288 0.055934 0.124836
0.041907 0.053746 0.123277
0.038113 0.057437 0.128441
0.036672 0.060684 0.131218
0.039669 0.056147 0.124376
0.039972 0.055336 0.121612
0.041983 0.056530 0.132610
0.037714 0.060455 0.130410
0.036349 0.058020 0.126420
0.047273 0.054045 0.128344
0.040553 0.055290 0.128255
0.038716 0.055978 0.124023
0.041729 0.054988 0.128910
0.039868 0.058982 0.131063
0.036801 0.057401 0.126413
0.040902 0.054061 0.122265
0.044160 0.055026 0.126286
0.041877 0.057041 0.133022
0.036869 0.059389 0.127614
0.040352 0.060144 0.133093
0.036277 0.060213 0.128496
0.042347 0.054948 0.129129
0.040751 0.060127 0.133663
0.038736 0.056882 0.128341
0.045758 0.053780 0.127151
0.039493 0.059812 0.130691
0.039546 0.055479 0.127460
0.043369 0.055852 0.126641
0.036968 0.060074 0.128402
0.040128 0.056775 0.130519
0.036054 0.058520 0.126202
0.038066 0.055985 0.125053
0.040210 0.055506 0.128558
0.042671 0.054806 0.124428
0.038485 0.060154 0.130119
0.038784 0.059992 0.130085
0.038647 0.056906 0.127953
0.039211 0.060384 0.131748
0.047009 0.054285 0.128078
0.041449 0.056810 0.132363
0.037947 0.060629 0.132505
0.042351 0.056046 0.126814
0.038856 0.056215 0.127118
0.042671 0.055014 0.132573
0.038416 0.060688 0.133333
0.036977 0.060513 0.130295
0.039948 0.055453 0.128322
0.038608 0.056011 0.124443
0.035998 0.060257 0.128760
0.038991 0.056569 0.123026
0.039023 0.059863 0.130167
0.040728 0.056230 0.124972
0.038328 0.059933 0.129700
0.038954 0.060068 0.130529
0.041466 0.054895 0.129886
0.040178 0.055352 0.127553
0.044223 0.054217 0.125787
0.046313 0.055015 0.129442
0.046062 0.055237 0.130005
0.042971 0.055932 0.126045
0.040186 0.057102 0.130838
0.038760 0.056810 0.127745
0.043040 0.055580 0.128180
0.041107 0.056298 0.124387
0.041111 0.056462 0.131454
0.036420 0.058364 0.126654
0.039786 0.055585 0.126656
0.036607 0.058709 0.127137
0.035604 0.057334 0.123860
0.046126 0.052377 0.127262
0.036294 0.060156 0.127720
0.036116 0.057783 0.125572
0.041467 0.053808 0.122860
0.037918 0.058816 0.128766
0.038936 0.057222 0.129169
0.036187 0.060872 0.131637
0.045565 0.055154 0.131006
0.044299 0.054665 0.126132
0.046005 0.054833 0.127569
0.040030 0.057076 0.130577
0.038787 0.055901 0.125679
0.041266 0.057541 0.132260
0.039269 0.056169 0.124050
0.038665 0.060222 0.130597
0.036398 0.059993 0.127397
0.041244 0.059844 0.133402
0.042040 0.056172 0.125369
0.037782 0.056295 0.124466
0.037860 0.057688 0.128406
0.041796 0.056122 0.126192
0.038728 0.056703 0.122584
0.046516 0.055029 0.130089
0.047323 0.053261 0.128613
0.043656 0.055318 0.129335
0.040578 0.054880 0.122099
0.037836 0.056341 0.125620
0.040885 0.056348 0.123597
0.040193 0.060077 0.132579
0.036266 0.057173 0.124545
0.039093 0.057396 0.129480
0.041896 0.055114 0.123575
0.038723 0.060381 0.131055
0.042434 0.055558 0.127917
0.037275 0.056568 0.124673
0.046696 0.053695 0.127783
0.043365 0.053740 0.124725
0.041341 0.059316 0.132957
0.043855 0.054801 0.131046
0.044101 0.054991 0.130490
0.036904 0.056723 0.124043
0.042295 0.055342 0.132145
0.041098 0.054614 0.122595
0.037757 0.057231 0.127678
0.046231 0.055153 0.130083
0.045188 0.055170 0.127600
0.042535 0.054660 0.131039
0.036259 0.060652 0.130958
0.041142 0.058124 0.132692
0.040003 0.058155 0.130896
0.041415 0.058471 0.132981
0.041503 0.055830 0.131540
0.046012 0.054479 0.127316
0.043452 0.054120 0.124953
0.038303 0.056536 0.126664
0.042213 0.056131 0.126341
0.040748 0.055841 0.129961
0.040543 0.055664 0.122460
0.040306 0.055725 0.126195
0.040273 0.055908 0.129741
0.042501 0.054446 0.124055
0.037120 0.056664 0.124869
0.040177 0.056542 0.130389
0.045871 0.052840 0.127029
0.039314 0.060217 0.131194
0.036302 0.060506 0.130052
0.042832 0.056007 0.125962
0.040382 0.057142 0.131071
0.042013 0.056067 0.124897
0.040373 0.055625 0.129301
0.039733 0.056949 0.130033
0.041743 0.055402 0.131386
0.040785 0.056154 0.125268
0.040289 0.056399 0.122907
0.041950 0.054004 0.123349
0.039389 0.056380 0.123615
0.042512 0.056095 0.126575
0.040837 0.059574 0.132355
0.047114 0.054295 0.128290
0.038835 0.056779 0.128001
0.041375 0.056267 0.124199
0.036677 0.060280 0.128985
0.037426 0.059331 0.128434
0.041340 0.057009 0.132341
0.043935 0.055715 0.128162
0.040424 0.056404 0.123127
0.042861 0.054642 0.131891
0.046966 0.054802 0.130091
0.036408 0.058737 0.126822
0.038777 0.060677 0.133686
0.045673 0.053382 0.126958
0.036342 0.059062 0.126869
0.042040 0.055896 0.123849
0.041824 0.058548 0.133486
0.039708 0.056376 0.123681
0.039042 0.058321 0.130025
0.038631 0.059427 0.129705
0.040606 0.055639 0.126544
0.045714 0.052806 0.126871
0.036216 0.060284 0.128809
0.039061 0.055838 0.125714
0.044176 0.052749 0.125412
0.040911 0.055271 0.127877
0.036698 0.057189 0.125569
0.042424 0.056515 0.133191
0.038001 0.057283 0.128083
0.041330 0.056893 0.131960
0.044703 0.055367 0.127133
0.045956 0.052671 0.127153
0.037037 0.056752 0.124426
0.042500 0.056111 0.125737
0.043592 0.055570 0.128659
0.045727 0.055000 0.127968
0.041108 0.060124 0.134284
0.037823 0.058698 0.128613
0.036442 0.057250 0.125365
0.041047 0.053644 0.122383
0.040953 0.056210 0.125173
0.042915 0.054744 0.130745
0.042252 0.054973 0.129033
0.038687 0.055911 0.125432
0.041553 0.055627 0.127171
0.042217 0.057044 0.133434
0.037186 0.059644 0.128416
0.044124 0.055517 0.126545
0.040699 0.055466 0.122481
0.037404 0.056816 0.126167
0.047658 0.053397 0.129066
0.037245 0.056846 0.125879
0.043540 0.054599 0.125311
0.039954 0.055051 0.121468
0.039056 0.058996 0.130076
0.038073 0.060177 0.129843
0.037064 0.057923 0.127424
0.042711 0.054684 0.132089
0.039592 0.056451 0.123501
0.040749 0.056364 0.124110
0.043724 0.054669 0.131622
0.039306 0.056198 0.128507
0.038357 0.056886 0.127403
0.047084 0.054043 0.128101
0.041705 0.059686 0.133756
0.041686 0.056172 0.124219
0.043461 0.055058 0.129829
0.046064 0.054173 0.127368
0.041598 0.056047 0.126349
0.036946 0.056484 0.123417
0.038357 0.060534 0.132055
0.038450 0.058409 0.129265
0.039129 0.057567 0.129653
0.039629 0.056437 0.129306
0.036828 0.059927 0.128121
0.037955 0.056116 0.124031
0.045830 0.054327 0.127163
0.039364 0.055850 0.126192
0.041597 0.055422 0.127733
0.044512 0.054901 0.131364
0.040139 0.056500 0.123235
0.039782 0.056217 0.124249
0.038153 0.056618 0.126445
0.041422 0.056244 0.123869
0.040505 0.056312 0.122929
0.042428 0.055222 0.132293
0.039143 0.060428 0.132584
0.039645 0.059880 0.130967
0.047173 0.053072 0.128516
0.038749 0.056410 0.123359
0.039966 0.056736 0.130148
0.043023 0.054179 0.124507
0.044241 0.055491 0.126713
0.039899 0.060386 0.133577
0.038475 0.059224 0.129536
0.041439 0.055339 0.127844
0.041702 0.056182 0.123838
0.041101 0.056265 0.124705
0.040094 0.059943 0.131758
0.044798 0.054893 0.126670
0.042386 0.056118 0.125428
0.036951 0.057713 0.127155
0.039854 0.056043 0.129020
0.044730 0.053868 0.126137
0.037452 0.056188 0.123517
0.036322 0.060807 0.131491
0.037657 0.057815 0.128185
0.041432 0.056250 0.124784
0.041831 0.057248 0.133007
0.036235 0.056940 0.123419
0.038258 0.057270 0.128326
0.046440 0.053008 0.127602
0.037596 0.057670 0.127972
0.047006 0.053126 0.128308
0.043966 0.053724 0.125373
0.039068 0.060424 0.132073
0.039884 0.059861 0.131355
0.039604 0.056625 0.122696
0.038074 0.056116 0.123778
0.041300 0.055465 0.127367
0.039592 0.060588 0.134248
0.045126 0.055453 0.128800
0.042661 0.054797 0.130469
0.037330 0.056237 0.123583
0.035974 0.058753 0.126218
0.039506 0.059204 0.130606
0.041000 0.055490 0.127207
0.045533 0.052382 0.126710
0.037537 0.060384 0.129939
0.041492 0.056185 0.131706
0.037424 0.056273 0.123326
0.047604 0.054043 0.129290
0.043686 0.053555 0.125054
0.040262 0.057775 0.131340
0.045637 0.055274 0.130567
0.045608 0.055246 0.128926
0.041590 0.056402 0.131983
0.038573 0.055964 0.125667
0.040697 0.055127 0.122326
0.039846 0.056549 0.123240
0.045835 0.055047 0.128480
0.044034 0.055371 0.126365
0.043575 0.055454 0.128951
0.039233 0.059261 0.130260
0.038769 0.060125 0.130426
0.042399 0.055115 0.128855
0.039610 0.056603 0.123022
0.036200 0.060407 0.129480
0.045342 0.055083 0.127511
0.039943 0.059770 0.131306
0.038657 0.057301 0.128965
0.038761 0.059817 0.129888
0.038442 0.056178 0.126192
0.043267 0.054785 0.130965
0.037611 0.056291 0.123034
0.038957 0.057353 0.129323
0.045882 0.053292 0.127161
0.039445 0.056675 0.129213
0.039474 0.056819 0.129409
0.046285 0.055199 0.130548
0.040618 0.059791 0.132232
0.039357 0.060363 0.132732
0.041705 0.056213 0.125357
0.041862 0.055484 0.127707
0.040028 0.055574 0.121806
0.044758 0.055561 0.129094
0.044827 0.055335 0.127228
0.038385 0.056056 0.125900
0.038234 0.060327 0.130367
0.041950 0.057959 0.133411
0.037959 0.056413 0.125909
0.043952 0.055337 0.129456
0.042387 0.056143 0.125898
0.041937 0.054823 0.130068
0.036964 0.056479 0.123161
0.039380 0.059303 0.130425
0.039267 0.057497 0.129758
0.041694 0.059604 0.133614
0.036162 0.060355 0.129117
0.045051 0.055472 0.129126
0.036846 0.058485 0.127378
0.043062 0.055870 0.125894
0.042669 0.055604 0.133077
0.036486 0.058064 0.126675
0.041369 0.055062 0.128428
0.040060 0.054703 0.121532
0.038757 0.057004 0.128665
0.042946 0.054358 0.124517
0.037656 0.057190 0.127112
0.040979 0.055060 0.122631
0.035709 0.057422 0.124642
0.041180 0.059420 0.132683
0.040378 0.055392 0.127073
0.046090 0.054905 0.128462
0.042151 0.054845 0.129592
0.038551 0.057864 0.129378
0.040401 0.055338 0.128366
0.036971 0.058974 0.127573
0.046956 0.052966 0.128156
0.040940 0.054791 0.122506
0.046217 0.053861 0.127461
0.039967 0.055942 0.128852
0.041408 0.054599 0.122946
0.036142 0.060085 0.127358
0.041406 0.055611 0.131280
0.041845 0.055591 0.131687
0.038797 0.059535 0.129880
0.040753 0.056261 0.123069
0.047355 0.053022 0.128714
0.038080 0.057025 0.127656
0.044657 0.053518 0.125976
0.037785 0.057112 0.126935
0.039678 0.060270 0.132053
0.039303 0.058917 0.130417
0.037619 0.058519 0.128356
0.041902 0.059111 0.133626
0.042654 0.056046 0.125595
0.044570 0.052970 0.125834
0.036759 0.058091 0.127079
0.040221 0.056147 0.122361
0.042300 0.056109 0.132768
0.038324 0.056426 0.126466
0.039861 0.055461 0.128180
0.036588 0.060634 0.130972
0.041912 0.055920 0.132156
0.045694 0.053579 0.127038
0.043530 0.055851 0.127078
0.040786 0.055462 0.127202
0.036541 0.059800 0.127345
0.038757 0.056730 0.121856
0.039146 0.056263 0.127876
0.047339 0.054147 0.128547
0.045224 0.053215 0.126492
0.038079 0.058261 0.128863
0.036516 0.060373 0.129472
0.042429 0.055934 0.127167
0.039575 0.060524 0.133907
0.038173 0.056928 0.127114
0.044874 0.055230 0.130394
0.035500 0.057473 0.124345
0.043221 0.054723 0.131445
0.036069 0.060221 0.127808
0.040842 0.055668 0.126651
0.037645 0.057275 0.127561
0.036801 0.057026 0.125403
0.046662 0.054974 0.130105
0.044746 0.055409 0.127467
0.041170 0.056061 0.125987
0.039343 0.055487 0.127230
0.040438 0.059264 0.131753
0.041637 0.057431 0.132820
0.040414 0.057307 0.131238
0.038342 0.057328 0.128640
0.039810 0.055965 0.128614
0.037939 0.060601 0.132188
0.038719 0.058410 0.129658
0.035701 0.057713 0.124976
0.040071 0.059084 0.131357
0.042958 0.055604 0.128048
0.041850 0.055283 0.128120
0.041294 0.056247 0.124644
0.041327 0.055005 0.129043
0.038959 0.059977 0.130368
0.040595 0.055925 0.125900
0.041526 0.054864 0.129204
0.035213 0.057659 0.124320
0.036620 0.057817 0.126710
0.042116 0.056020 0.124127
0.041166 0.055007 0.129498
0.037660 0.056768 0.126272
0.037514 0.060555 0.130977
0.041121 0.055053 0.128267
0.038286 0.059798 0.129422
0.035708 0.058770 0.125526
0.044776 0.055072 0.130844
0.041087 0.055369 0.130070
0.040623 0.054090 0.121987
0.042920 0.055286 0.128909
0.047757 0.053630 0.129175
0.041750 0.055375 0.127881
0.041648 0.059412 0.133438
0.039290 0.055871 0.125151
0.038226 0.056084 0.124120
0.042437 0.056025 0.124903
0.036991 0.056914 0.125514
0.043297 0.054954 0.130050
0.039959 0.055495 0.127110
0.037972 0.056212 0.123201
0.041973 0.058088 0.133569
0.040952 0.055260 0.129387
0.039609 0.055681 0.128283
0.042135 0.056627 0.132834
0.036651 0.057978 0.126900
0.044808 0.055439 0.127806
0.039845 0.056333 0.122015
0.046869 0.054427 0.128093
0.042435 0.054859 0.129537
0.036929 0.060209 0.128844
0.038376 0.060324 0.130554
0.037901 0.056246 0.123092
0.040381 0.056346 0.124194
0.042049 0.056065 0.124603
0.037994 0.056361 0.122923
0.039622 0.055732 0.121416
0.037261 0.057251 0.126944
0.041355 0.055504 0.131136
0.041452 0.055528 0.130761
0.038852 0.060513 0.132736
0.042064 0.057224 0.133293
0.041894 0.057394 0.133177
0.036950 0.056855 0.125061
0.042168 0.056362 0.132738
0.041404 0.055813 0.123117
0.042316 0.054717 0.131275
0.040270 0.058670 0.131460
0.039080 0.057047 0.129182
0.040548 0.056323 0.124317
0.041479 0.056240 0.124375
0.041673 0.055191 0.128253
0.042788 0.054176 0.124263
0.043119 0.054828 0.130469
0.037793 0.057562 0.128153
0.043099 0.055817 0.127702
0.044531 0.055592 0.128684
0.040722 0.056400 0.130994
0.042126 0.055901 0.132417
0.039228 0.056669 0.122025
0.040860 0.055404 0.127351
0.045311 0.055423 0.129461
0.041962 0.056878 0.132920
0.039953 0.056409 0.129819
0.039950 0.056030 0.129360
0.044250 0.054420 0.125932
0.046305 0.052239 0.127427
0.038303 0.060128 0.129899
0.039930 0.058740 0.131120
0.037405 0.060380 0.129706
0.037546 0.056396 0.124691
0.042694 0.055560 0.128058
0.043894 0.054632 0.125716
0.043337 0.055781 0.125925
0.036676 0.056832 0.123942
0.042490 0.054688 0.130807
0.045212 0.055095 0.127329
0.045185 0.054515 0.126883
0.038659 0.058015 0.129502
0.041471 0.055037 0.128660
0.040976 0.056239 0.124911
0.038626 0.056769 0.122179
0.041244 0.055620 0.130667
0.035707 0.059195 0.126033
0.039131 0.060136 0.130807
0.043089 0.054935 0.129934
0.045941 0.055233 0.130756
0.041788 0.058228 0.133346
0.045338 0.055366 0.130257
0.044554 0.054581 0.126306
0.038732 0.060488 0.132080
0.041590 0.055790 0.126923
0.037804 0.056200 0.124648
0.039501 0.056612 0.122045
0.040936 0.055675 0.130232
0.036237 0.057146 0.124242
0.036260 0.060548 0.130287
0.043256 0.054738 0.131235
0.040658 0.056099 0.125429
0.036961 0.060715 0.131827
0.047904 0.053655 0.129518
0.040322 0.057546 0.131266
0.041783 0.058878 0.133482
0.037038 0.056595 0.123989
0.036367 0.060253 0.128850
0.045713 0.055037 0.128140
0.041771 0.056655 0.132354
0.042402 0.053451 0.123742
0.039220 0.056030 0.124264
0.041760 0.055359 0.123486
0.038913 0.058328 0.129878
0.037363 0.060114 0.128902
0.039694 0.059444 0.130846
0.040774 0.054611 0.122229
0.044581 0.055530 0.128151
0.039720 0.057657 0.130388
0.044256 0.055577 0.127215
0.045325 0.053391 0.126611
0.045651 0.054759 0.127232
0.036260 0.060464 0.129843
0.039496 0.055823 0.125943
0.044432 0.055590 0.128992
0.046569 0.054843 0.129521
0.040057 0.059559 0.131331
0.045422 0.054327 0.126902
0.038352 0.055971 0.125627
0.045385 0.055141 0.127795
0.038647 0.057042 0.128504
0.041062 0.055669 0.130457
0.039069 0.060369 0.131404
0.040994 0.056204 0.123268
0.041897 0.055780 0.127141
0.039807 0.060206 0.132602
0.037752 0.059902 0.129000
0.035582 0.057840 0.124931
0.040713 0.058349 0.132105
0.040136 0.057945 0.131344
0.043985 0.055220 0.129781
0.039096 0.056500 0.128573
0.041867 0.056175 0.125088
0.040770 0.057989 0.132107
0.037362 0.056306 0.123065
0.041173 0.055218 0.130080
0.038312 0.060492 0.131565
0.041473 0.055064 0.128546
0.039910 0.059962 0.131508
0.045340 0.055059 0.131114
0.036570 0.058309 0.126927
0.040874 0.055251 0.128716
0.042266 0.055999 0.124231
0.036607 0.056733 0.123586
0.044453 0.055551 0.127643
0.040326 0.060089 0.132800
0.042311 0.055450 0.124195
0.044860 0.054060 0.126355
0.039999 0.055949 0.121958
0.040550 0.055984 0.125620
0.036473 0.057059 0.124228
0.039182 0.056866 0.129010
0.041373 0.059051 0.132998
0.043698 0.055666 0.126210
0.040987 0.057155 0.131819
0.036261 0.057759 0.126109
0.042022 0.054582 0.123537
0.043568 0.055112 0.125881
0.041302 0.055644 0.122992
0.045769 0.055340 0.130170
0.037285 0.056586 0.125002
0.040735 0.056285 0.124474
0.039808 0.055543 0.128170
0.043776 0.054494 0.125458
0.040486 0.056938 0.131068
0.040422 0.055443 0.128642
0.038414 0.056949 0.127917
0.037328 0.060514 0.130473
0.039755 0.056078 0.121777
0.040153 0.056195 0.122255
0.037080 0.057124 0.126058
0.043556 0.055350 0.125832
0.035482 0.057421 0.124051
0.043237 0.054559 0.132199
0.036760 0.059238 0.127432
0.042185 0.055790 0.127287
0.040375 0.055467 0.126865
0.041400 0.056127 0.125880
0.038334 0.056853 0.127058
0.039750 0.055702 0.128358
0.040922 0.057412 0.131857
0.036258 0.060729 0.131151
0.043140 0.054895 0.130210
0.043938 0.052927 0.125202
0.039149 0.059868 0.130351
0.038450 0.058865 0.129472
0.042574 0.055353 0.128427
0.042474 0.055594 0.124456
0.040927 0.056126 0.122958
0.037588 0.060430 0.130171
0.036764 0.056561 0.123265
0.039331 0.060451 0.133213
0.043408 0.053601 0.124760
0.042491 0.055945 0.133062
0.038761 0.060427 0.131445
0.040288 0.058026 0.131558
0.037679 0.056273 0.125240
0.041105 0.055826 0.126523
0.035741 0.057324 0.124277
0.041354 0.058200 0.132899
0.038500 0.056850 0.127446
0.042488 0.056089 0.125083
0.041782 0.055032 0.128742
0.044872 0.055106 0.126828
0.036568 0.060448 0.129862
0.044057 0.055637 0.127352
0.044340 0.055096 0.130337
0.036519 0.057131 0.124733
0.047195 0.054342 0.128634
0.039485 0.057265 0.130088
0.036797 0.056701 0.123749
0.038746 0.055867 0.125178
0.037497 0.060521 0.130689
0.043082 0.055824 0.125425
0.041342 0.056212 0.125323
0.036377 0.058641 0.126677
0.039750 0.055859 0.121629
0.036110 0.058254 0.126083
0.040435 0.058652 0.131672
0.042674 0.056035 0.126884
0.038505 0.060540 0.132369
0.036359 0.057133 0.124728
0.041578 0.054731 0.129847
0.042071 0.056243 0.132599
0.035923 0.057209 0.123913
0.040589 0.059702 0.132076
0.043248 0.055271 0.129101
0.036496 0.060333 0.129156
0.038534 0.056082 0.126665
0.043840 0.054603 0.131961
0.039438 0.060376 0.132917
0.042631 0.055386 0.132866
0.040619 0.057747 0.131683
0.047773 0.053774 0.129293
0.039941 0.060305 0.133233
0.037958 0.056150 0.123525
0.042272 0.054731 0.130233
0.041958 0.055326 0.131641
0.038304 0.060669 0.133140
0.039958 0.059227 0.131223
0.036838 0.060670 0.131342
0.038764 0.056290 0.127112
0.042022 0.054819 0.129584
0.040320 0.056623 0.130684
0.038323 0.056425 0.122951
0.041022 0.056155 0.125484
0.046061 0.055199 0.129726
0.042731 0.055107 0.124696
0.044280 0.053275 0.125586
0.038590 0.056777 0.121995
0.043733 0.054905 0.125843
0.041388 0.055392 0.127497
0.042175 0.055056 0.128762
0.040561 0.058453 0.131854
0.043465 0.054507 0.125181
0.042343 0.056411 0.132969
0.040020 0.055448 0.128131
0.037519 0.058139 0.128160
0.039100 0.055856 0.126009
0.040258 0.055383 0.127783
0.037899 0.060193 0.129517
0.040851 0.056058 0.125736
0.043614 0.055825 0.127666
0.038413 0.056872 0.127233
0.044776 0.054080 0.126241
0.036041 0.060266 0.128538
0.041678 0.054035 0.123080
0.043668 0.054824 0.130669
0.038309 0.057286 0.128469
0.039672 0.059146 0.130810
0.043520 0.054719 0.131464
0.038684 0.057452 0.129170
0.037856 0.058966 0.128700
0.047371 0.054349 0.129774
0.040985 0.058847 0.132460
0.044160 0.053045 0.125453
0.038566 0.056225 0.126861
0.040337 0.059827 0.131903
0.042760 0.055253 0.124876
0.045508 0.055376 0.130219
0.042363 0.055408 0.128215
0.037977 0.059693 0.128991
0.046244 0.054912 0.128865
0.040535 0.056411 0.123859
0.039595 0.057879 0.130323
0.046451 0.054693 0.128213
0.041172 0.059766 0.133054
0.040740 0.055770 0.122687
0.046563 0.054631 0.128109
0.036396 0.060605 0.130734
0.041977 0.055642 0.123652
0.040016 0.055842 0.129114
0.040590 0.059942 0.132438
0.040039 0.056391 0.123821
0.039033 0.060300 0.131079
0.038043 0.056063 0.125438
0.043461 0.053781 0.124847
0.042028 0.054841 0.130686
0.042320 0.054838 0.131678
0.040260 0.054547 0.121687
0.037495 0.059903 0.128796
0.043649 0.054509 0.132202
0.039143 0.056190 0.123940
0.044314 0.055208 0.129923
0.040835 0.055478 0.129609
0.039362 0.055787 0.126687
0.037001 0.059486 0.127849
0.039875 0.056313 0.123999
0.038354 0.057158 0.128192
0.037564 0.056327 0.124940
0.040927 0.060198 0.134208
0.044056 0.055635 0.128735
0.038787 0.056462 0.127343
0.035801 0.057233 0.123751
0.037225 0.056616 0.124441
0.043652 0.054280 0.125222
0.040395 0.055680 0.129469
0.043727 0.055125 0.129869
0.035992 0.060378 0.129270
0.041173 0.055304 0.122847
0.042242 0.054861 0.129509
0.039008 0.055870 0.126304
0.041837 0.055236 0.131402
0.039522 0.058895 0.130655
0.038997 0.060450 0.132352
0.038588 0.057223 0.128800
0.045511 0.055337 0.129211
0.039759 0.058252 0.130701
0.040055 0.055769 0.125985
0.045330 0.054696 0.127015
0.043916 0.055679 0.126786
0.038021 0.056504 0.122681
0.042998 0.053796 0.124388
0.040256 0.060528 0.134796
0.038875 0.059111 0.130002
0.040150 0.056894 0.130697
0.047485 0.053446 0.128774
0.039552 0.057619 0.130208
0.038463 0.057651 0.129087
0.041056 0.055715 0.122816
0.040538 0.054511 0.121959
0.040218 0.055424 0.127990
0.047041 0.053310 0.128216
0.041544 0.056194 0.125662
0.043218 0.055003 0.129800
0.038981 0.056033 0.124164
0.043037 0.053366 0.124380
0.043198 0.054670 0.125013
0.036737 0.057050 0.125249
0.042385 0.055712 0.127587
0.043662 0.054740 0.125530
0.044703 0.055455 0.129594
0.036848 0.057167 0.125759
0.042464 0.054925 0.129277
0.043740 0.054806 0.125685
0.040981 0.054412 0.122406
0.039662 0.055655 0.128123
0.044997 0.053652 0.126335
0.045262 0.055031 0.127213
0.036444 0.057674 0.126298
0.039828 0.057742 0.130549
0.044776 0.054898 0.131439
0.041481 0.056717 0.132129
0.043116 0.054660 0.132759
0.038642 0.058747 0.129646
0.041687 0.057111 0.132792
0.036181 0.057051 0.123843
0.043762 0.054725 0.131296
0.036136 0.059245 0.126644
0.041842 0.056135 0.124587
0.047735 0.053903 0.129439
0.045678 0.055188 0.128746
0.038909 0.055833 0.125437
0.039995 0.055797 0.128645
0.042134 0.054280 0.123585
0.046554 0.054681 0.128364
0.038351 0.060450 0.131064
0.036464 0.056745 0.123334
0.039464 0.055838 0.125735
0.040471 0.060168 0.133403
0.040791 0.059926 0.132957
0.038757 0.055993 0.124475
0.043503 0.055639 0.125877
0.036794 0.057629 0.126859
0.037336 0.056312 0.123957
0.039048 0.056702 0.122168
0.036714 0.060878 0.132166
0.045433 0.053737 0.126778
0.041268 0.060031 0.134116
0.039490 0.056642 0.122348
0.043888 0.054963 0.130345
0.046829 0.053411 0.127932
0.045933 0.054903 0.127776
0.036384 0.060112 0.128240
0.047602 0.053167 0.129075
0.036511 0.060932 0.132071
0.039080 0.056661 0.121862
0.041804 0.055017 0.131162
0.039377 0.058664 0.130502
0.039083 0.055781 0.125327
0.045245 0.053797 0.126570
0.045550 0.055201 0.128474
0.042546 0.054112 0.124009
0.040795 0.053637 0.122127
0.043195 0.054256 0.124740
0.036562 0.059486 0.127258
0.041764 0.054815 0.129998
0.041974 0.054918 0.131297
0.046987 0.054530 0.129034
0.036896 0.058212 0.127318
0.039240 0.056577 0.121711
0.038893 0.058086 0.129799
0.036806 0.060371 0.129469
0.042397 0.055907 0.124527
0.037589 0.056589 0.125865
0.041327 0.056259 0.124028
0.042991 0.055999 0.126788
0.038809 0.055830 0.125010
0.045212 0.053490 0.126506
0.038754 0.060514 0.132445
0.040898 0.056242 0.124614
0.042619 0.054663 0.131932
0.038881 0.058712 0.129862
0.036838 0.058736 0.127391
0.044023 0.054824 0.126044
0.041743 0.056011 0.131969
0.039170 0.058278 0.130160
0.044463 0.054221 0.126007
0.037122 0.056684 0.124286
0.040626 0.055380 0.127248
0.044329 0.055592 0.127835
0.038556 0.060354 0.130795
0.038250 0.056051 0.124411
0.038814 0.055971 0.124617
0.039346 0.056929 0.129311
0.037281 0.056323 0.123778
0.036014 0.060146 0.127512
0.040289 0.055592 0.129039
0.039709 0.056604 0.122490
0.045789 0.053079 0.126980
0.037268 0.056630 0.125359
0.040678 0.055296 0.128489
0.044542 0.055032 0.130798
0.036151 0.059018 0.126519
0.040587 0.056379 0.130803
0.045598 0.055292 0.129583
0.038262 0.059290 0.129129
0.045146 0.052753 0.126354
0.040038 0.055364 0.127434
0.036245 0.057410 0.125358
0.040119 0.056454 0.130086
0.036610 0.057647 0.126526
0.040354 0.055360 0.128192
0.039588 0.060290 0.132559
0.038042 0.057702 0.128675
0.041598 0.058876 0.133298
0.041361 0.055578 0.130937
0.041428 0.057513 0.132634
0.041977 0.054812 0.130325
0.044587 0.055165 0.130265
0.041384 0.059691 0.133240
0.043350 0.055159 0.129421
0.035995 0.058349 0.125847
0.038364 0.059572 0.129343
0.038072 0.056190 0.123391
0.036755 0.057546 0.126663
0.043709 0.053897 0.125148
0.039236 0.055642 0.127274
0.040393 0.056864 0.130927
0.036455 0.057867 0.126524
0.040965 0.057810 0.132312
0.037539 0.060090 0.129053
0.040105 0.056154 0.129757
0.040116 0.055654 0.129060
0.043643 0.052908 0.124934
0.039158 0.060523 0.133409
0.040320 0.059481 0.131608
0.039119 0.056177 0.127663
0.042662 0.056061 0.125467
0.040191 0.058420 0.131389
0.044010 0.054905 0.130718
0.039797 0.056338 0.129448
0.039557 0.055880 0.125413
0.042962 0.054661 0.131396
0.044874 0.052719 0.126111
0.043763 0.055479 0.126161
0.039550 0.056645 0.129360
0.041109 0.055955 0.126234
0.036995 0.057267 0.126466
0.041870 0.056640 0.132488
0.043065 0.054727 0.131199
0.039838 0.055698 0.126469
0.042844 0.054824 0.130109
0.035914 0.059488 0.126482
0.043976 0.054637 0.131881
0.041312 0.055401 0.127609
0.036989 0.060784 0.132152
0.043091 0.054602 0.132578
0.041266 0.057637 0.132444
0.040941 0.056679 0.131437
0.045556 0.055332 0.130399
0.046009 0.055167 0.129424
0.036195 0.060030 0.127283
0.042733 0.055886 0.124827
0.037742 0.059615 0.128808
0.038196 0.060255 0.130101
0.038951 0.059721 0.130043
0.037038 0.060861 0.132483
0.039804 0.055790 0.125956
0.041576 0.056207 0.124050
0.037081 0.060333 0.129368
0.040827 0.059786 0.132486
0.037262 0.057597 0.127517
0.039708 0.058057 0.130523
0.039384 0.056573 0.123193
0.038134 0.056472 0.122762
0.036829 0.059642 0.127657
0.041435 0.054799 0.129557
0.037286 0.058000 0.127815
0.038801 0.056604 0.122833
0.036671 0.060364 0.129654
0.040391 0.054251 0.121780
0.041348 0.057773 0.132718
0.037043 0.059204 0.127725
0.040504 0.059809 0.132107
0.041608 0.055044 0.128634
0.046514 0.053325 0.127719
0.037413 0.058014 0.127949
0.045017 0.055198 0.127171
0.045732 0.054037 0.127114
0.038464 0.056322 0.123275
0.040185 0.055440 0.128403
0.043758 0.054828 0.130837
0.038226 0.056666 0.122428
0.037438 0.056470 0.125155
0.037604 0.057425 0.127780
0.037045 0.056440 0.123303
0.039614 0.056310 0.129110
0.041788 0.056157 0.124415
0.038581 0.055882 0.124919
0.041717 0.054523 0.123219
0.039273 0.056455 0.128865
0.041258 0.059503 0.132873
0.036939 0.060583 0.130860
0.037793 0.056206 0.123367
0.040821 0.056184 0.130823
0.044586 0.055437 0.127179
0.042272 0.056800 0.133264
0.041367 0.057452 0.132370
0.037642 0.056351 0.124289
0.037676 0.059113 0.128587
0.040176 0.056294 0.129941
0.044637 0.054825 0.131589
0.035305 0.057555 0.124293
0.041502 0.055238 0.123205
0.046505 0.053892 0.127634
0.037291 0.058626 0.127865
0.044661 0.054271 0.126223
0.043873 0.055474 0.129145
0.041178 0.055805 0.131098
0.043005 0.054550 0.124714
0.041864 0.056068 0.123750
0.037254 0.060625 0.131517
0.038086 0.060778 0.133272
0.036453 0.057186 0.125116
0.043596 0.055803 0.126763
0.041788 0.053821 0.123164
0.046461 0.054842 0.129002
0.038972 0.056588 0.127884
0.042832 0.054735 0.132400
0.046100 0.055250 0.130250
0.041786 0.055204 0.131206
0.036178 0.057120 0.124059
0.043922 0.054252 0.125475
0.037121 0.056652 0.124590
0.045442 0.055193 0.128158
0.041451 0.055426 0.130545
0.038392 0.056106 0.123751
0.039918 0.058471 0.131015
0.042257 0.055841 0.132573
0.038829 0.056648 0.127582
0.044392 0.055329 0.129704
0.042980 0.054682 0.124838
0.042168 0.055299 0.131875
0.039993 0.060162 0.132404
0.042120 0.055950 0.126975
0.040128 0.059972 0.131911
0.039994 0.060181 0.132738
0.040914 0.055942 0.122849
0.043324 0.055824 0.127771
0.040277 0.059699 0.131654
0.043007 0.055364 0.128752
0.040381 0.055113 0.121951
0.041841 0.055935 0.123537
0.042801 0.054914 0.129731
0.037852 0.056088 0.123806
0.040155 0.057927 0.131027
0.036214 0.058669 0.126480
0.045273 0.054080 0.126656
0.037882 0.057082 0.127453
0.036777 0.056989 0.124839
0.041100 0.057516 0.132074
0.043139 0.055949 0.126530
0.038121 0.056070 0.125628
0.045023 0.054574 0.126760
0.038517 0.057006 0.128153
0.040569 0.055813 0.129870
0.036120 0.060787 0.131275
0.036761 0.060229 0.128772
0.041278 0.054924 0.129673
0.042217 0.054743 0.130599
0.036768 0.060819 0.131974
0.039258 0.055821 0.126365
0.041727 0.055103 0.128503
0.038062 0.059419 0.128962
0.041258 0.056139 0.131376
0.038437 0.058000 0.129180
0.045065 0.053064 0.126330
0.039733 0.056758 0.129808
0.044701 0.055267 0.126826
0.041222 0.056640 0.131647
0.039531 0.058330 0.130570
0.044548 0.055536 0.129286
0.041040 0.057258 0.132032
0.037626 0.060264 0.129473
0.039237 0.055827 0.125477
0.041154 0.058509 0.132743
0.043132 0.055611 0.125318
0.045627 0.052928 0.126822
0.041350 0.056521 0.131973
0.040103 0.058582 0.131250
0.041228 0.054321 0.122655
0.043475 0.054735 0.131178
0.037932 0.056180 0.124263
0.037788 0.060099 0.129250
0.040585 0.056631 0.131001
0.040735 0.060007 0.133286
0.044924 0.055535 0.128974
0.042377 0.055733 0.124287
0.039921 0.056555 0.122665
0.040583 0.060322 0.134201
0.036616 0.057120 0.124987
0.039925 0.060540 0.134363
0.039680 0.056575 0.122169
0.041760 0.054997 0.123440
0.040102 0.055574 0.126667
0.041026 0.059623 0.132575
0.038194 0.060577 0.132269
0.038810 0.057615 0.129417
0.041322 0.054037 0.122716
0.040718 0.056217 0.130710
0.045097 0.055016 0.131175
0.041004 0.058314 0.132571
0.038027 0.060429 0.130564
0.040577 0.056167 0.130461
0.041271 0.058824 0.132874
0.043015 0.055821 0.125723
0.043233 0.055114 0.129462
0.037972 0.056982 0.126853
0.042697 0.055970 0.127186
0.042221 0.054734 0.130743
0.040166 0.055638 0.126505
0.039472 0.055533 0.127098
0.036757 0.060754 0.131714
0.037641 0.060685 0.132467
0.040536 0.057954 0.131754
0.041578 0.056182 0.123644
0.042252 0.054726 0.123898
0.039118 0.056325 0.128373
0.046633 0.052664 0.127775
0.036001 0.059203 0.126396
0.045734 0.054567 0.127152
0.040890 0.055945 0.126044
0.036664 0.059881 0.127606
0.041046 0.056152 0.123087
0.037103 0.060264 0.129186
0.037813 0.060794 0.133011
0.045783 0.054860 0.127455
0.040021 0.055755 0.121915
0.045261 0.052919 0.126502
0.041642 0.055608 0.131457
0.046497 0.052388 0.127670
0.044807 0.053085 0.126080
0.039330 0.055534 0.127442
0.041584 0.055892 0.123300
0.040323 0.059970 0.132138
0.038681 0.059654 0.129752
0.039056 0.055964 0.124368
0.046186 0.054751 0.127678
0.039137 0.060460 0.132898
0.043627 0.055507 0.128801
0.037235 0.059276 0.128170
0.040769 0.054920 0.122334
0.037400 0.056687 0.125929
0.043579 0.054997 0.125680
0.046742 0.054697 0.129053
0.041355 0.056262 0.124557
0.040049 0.057776 0.130821
0.042554 0.055398 0.128293
0.039809 0.055361 0.127404
0.042925 0.055226 0.125044
0.037936 0.060216 0.129714
0.040331 0.055420 0.122080
0.040177 0.057911 0.131210
0.041082 0.056078 0.125771
0.046402 0.052625 0.127546
0.036524 0.058165 0.126797
0.040484 0.055831 0.126092
0.039122 0.056565 0.123182
0.041158 0.056274 0.123757
0.038542 0.056718 0.122464
0.039344 0.055667 0.127607
0.044105 0.054649 0.132003
0.039909 0.058007 0.130691
0.041334 0.055424 0.123024
0.038215 0.056248 0.123207
0.036179 0.059307 0.126792
0.044430 0.054950 0.131135
0.043438 0.054812 0.130476
0.038915 0.060540 0.133167
0.039799 0.056178 0.129164
0.040290 0.056275 0.130190
0.045920 0.053579 0.127244
0.046222 0.053231 0.127421
0.037645 0.060567 0.131298
0.038570 0.058992 0.129703
0.041707 0.054971 0.130252
0.046469 0.054425 0.127717
0.042551 0.056118 0.126267
0.040802 0.058183 0.132306
0.041920 0.054760 0.129697
0.037026 0.058259 0.127506
0.043982 0.055612 0.126637
0.043466 0.054921 0.130173
0.038476 0.058588 0.129351
0.042785 0.054888 0.132743
0.037793 0.056445 0.122614
0.043439 0.054730 0.131380
0.039896 0.056241 0.129584
0.043455 0.054936 0.125506
0.040891 0.059858 0.132762
0.042198 0.056083 0.125063
0.045844 0.055237 0.129579
0.045029 0.054901 0.131408
0.046266 0.054787 0.127969
0.039673 0.056249 0.128955
0.046610 0.055054 0.130442
0.036753 0.057803 0.126910
0.037212 0.058928 0.127825
0.040918 0.058467 0.132434
0.041835 0.056200 0.125694
0.038378 0.059366 0.129309
0.038663 0.056482 0.123100
0.038926 0.056180 0.127219
0.037975 0.056104 0.124515
0.041008 0.060130 0.134045
0.039295 0.056197 0.128312
0.039549 0.055831 0.125677
0.040605 0.056429 0.123662
0.037279 0.056576 0.124307
0.036296 0.059415 0.126984
0.047125 0.054539 0.129633
0.036230 0.060598 0.130647
0.039640 0.055807 0.126234
0.040386 0.055713 0.129628
0.046317 0.054786 0.128282
0.037902 0.056669 0.126284
0.041940 0.054915 0.131113
0.045232 0.055248 0.127923
0.040912 0.055722 0.130343
0.041352 0.056125 0.123411
0.041559 0.056232 0.125055
0.040162 0.056198 0.124619
0.041627 0.056955 0.132609
0.044326 0.055422 0.126586
0.039122 0.058070 0.129983
0.041492 0.054738 0.129375
0.039766 0.057358 0.130414
0.039640 0.056311 0.121771
0.038266 0.060422 0.130771
0.039372 0.060354 0.132386
0.040241 0.057583 0.131092
0.045037 0.055464 0.129687
0.035329 0.057864 0.124688
0.040826 0.055808 0.129975
0.041645 0.058630 0.133296
0.040493 0.055461 0.122263
0.039304 0.056624 0.128987
0.038883 0.058545 0.129856
0.037859 0.060336 0.130069
0.038826 0.055878 0.126600
0.036132 0.057399 0.125132
0.040795 0.057137 0.131590
0.041480 0.059786 0.133687
0.036500 0.060254 0.128811
0.036899 0.056868 0.124876
0.047163 0.052232 0.128296
0.046937 0.052192 0.128048
0.044107 0.055112 0.130090
0.038353 0.058816 0.129261
0.039846 0.056685 0.129926
0.040603 0.060046 0.133083
0.040987 0.056241 0.131151
0.045536 0.055311 0.129077
0.041015 0.055284 0.129709
0.043452 0.054517 0.132267
0.046446 0.055112 0.130434
0.038401 0.059504 0.129469
0.041317 0.054840 0.129293
0.046901 0.054730 0.129743
0.039917 0.055866 0.125712
0.045287 0.055229 0.130694
0.040311 0.056231 0.130090
0.039155 0.056406 0.123530
0.036073 0.060237 0.128182
0.037873 0.060560 0.131567
0.037495 0.058686 0.128243
0.041743 0.056734 0.132502
0.041052 0.055140 0.128716
0.042432 0.054886 0.124228
0.037702 0.057202 0.127440
0.038137 0.056751 0.126582
0.037100 0.060404 0.129626
0.042512 0.056255 0.133199
0.041278 0.055183 0.122988
0.036111 0.057824 0.125694
0.040799 0.057282 0.131679
0.043619 0.055728 0.126313
0.036847 0.060428 0.129775
0.039567 0.056244 0.128767
0.041811 0.053430 0.123146
0.042135 0.053636 0.123505
0.039547 0.056018 0.124702
0.039371 0.057140 0.129773
0.037558 0.056357 0.122648
0.036670 0.056892 0.124174
0.045489 0.055397 0.130003
0.039457 0.056978 0.129550
0.040410 0.056267 0.124526
0.043234 0.055120 0.129305
0.040211 0.056444 0.123488
0.038990 0.056479 0.123349
0.039257 0.060549 0.133707
0.044598 0.052662 0.125851
0.040803 0.060178 0.133985
0.040574 0.058631 0.131873
0.039278 0.056009 0.124530
0.037482 0.060781 0.132639
0.044711 0.055546 0.128430
0.038584 0.060571 0.132868
0.041532 0.059145 0.133248
0.040349 0.058355 0.131593
0.043288 0.055914 0.127209
0.042309 0.055123 0.131941
0.039006 0.056422 0.127642
0.041618 0.053622 0.122993
0.040775 0.055775 0.129886
0.041062 0.057722 0.132181
0.041981 0.054430 0.123445
0.040487 0.057625 0.131500
0.041058 0.055612 0.130244
0.041575 0.054743 0.123132
0.044506 0.055406 0.126866
0.039727 0.055475 0.127207
0.037284 0.058329 0.127877
0.043334 0.054687 0.125169
0.040970 0.055542 0.126974
0.041853 0.056090 0.124008
0.041198 0.056980 0.131859
0.038735 0.056836 0.128146
0.036556 0.060061 0.127793
0.040849 0.056378 0.123858
0.043007 0.055463 0.128470
0.036138 0.057592 0.125364
0.042305 0.054709 0.130828
0.044420 0.054462 0.126132
0.038534 0.059809 0.129740
0.039321 0.055653 0.127022
0.037091 0.059588 0.128181
0.039276 0.056067 0.128046
0.045152 0.055093 0.127150
0.038509 0.060244 0.130439
0.040343 0.056334 0.130370
0.036720 0.059593 0.127466
0.045930 0.053868 0.127313
0.039773 0.056609 0.122343
0.039358 0.060303 0.131479
0.044446 0.054937 0.131233
0.035872 0.057735 0.125161
0.039158 0.059629 0.130205
0.036809 0.060128 0.128416
0.043280 0.053883 0.124687
0.037988 0.060379 0.130298
0.040724 0.055249 0.127460
0.041169 0.055311 0.127827
0.038950 0.056339 0.123576
0.042426 0.054765 0.130200
0.037186 0.059166 0.127926
0.036184 0.060213 0.128356
0.045179 0.054985 0.127050
0.044098 0.055679 0.127703
0.035879 0.059025 0.126147
0.037057 0.058522 0.127594
0.042654 0.055208 0.128873
0.044532 0.055548 0.127917
0.041205 0.055448 0.130274
0.042271 0.055143 0.124158
0.038232 0.056001 0.125754
0.044417 0.054007 0.125875
0.037303 0.060047 0.128707
0.037693 0.056091 0.123751
0.047537 0.054163 0.129580
0.039604 0.056515 0.123331
0.041220 0.054861 0.122845
0.045513 0.054120 0.126913
0.043883 0.055747 0.127458
0.044288 0.055623 0.128065
0.038629 0.060660 0.133525
0.037625 0.060617 0.131880
0.036779 0.056945 0.124633
0.039526 0.056146 0.128552
0.038527 0.055910 0.125155
0.036740 0.056793 0.124036
0.038890 0.060362 0.131217
0.037967 0.057448 0.128257
0.039322 0.056644 0.122757
0.046571 0.054834 0.129316
0.042114 0.054757 0.130291
0.041832 0.059367 0.133613
0.040583 0.056247 0.124616
0.040732 0.055365 0.129198
0.044181 0.055625 0.127525
0.039927 0.055486 0.127914
0.043966 0.054737 0.131412
0.038562 0.057748 0.129289
0.040564 0.060001 0.132731
0.038600 0.060473 0.131728
0.042216 0.055628 0.123989
0.041250 0.060000 0.133973
0.041701 0.054735 0.129748
0.042302 0.054800 0.124002
0.043622 0.054864 0.130316
0.038966 0.056903 0.128717
0.044486 0.053725 0.125858
0.045060 0.054870 0.126876
0.038915 0.055887 0.126890
0.041426 0.058782 0.133078
0.041594 0.055441 0.131163
0.040790 0.055851 0.126255
0.042827 0.054891 0.129838
0.042452 0.056110 0.125206
0.042245 0.056683 0.133022
0.044710 0.054972 0.131168
0.042275 0.053914 0.123701
0.042064 0.054140 0.123486
0.041054 0.055153 0.129004
0.044401 0.055577 0.128146
0.041177 0.055036 0.128563
0.040686 0.055211 0.127700
0.037057 0.057272 0.126612
0.042510 0.055210 0.128668
0.043937 0.055665 0.128512
0.042768 0.054995 0.129354
0.038602 0.056449 0.127103
0.036506 0.060540 0.130412
0.039912 0.056084 0.124746
0.039252 0.056652 0.122517
0.042800 0.055996 0.125781
0.039513 0.055736 0.128132
0.037641 0.056507 0.125719
0.041316 0.056882 0.132158
0.042765 0.055335 0.128575
0.036369 0.060277 0.128994
0.038174 0.057202 0.128070
0.042408 0.053717 0.123787
0.035847 0.058598 0.125661
0.038600 0.056790 0.127432
0.040119 0.057373 0.130867
0.041590 0.058458 0.133163
0.037294 0.056674 0.125637
0.040497 0.055455 0.126935
0.038191 0.056732 0.126681
0.036037 0.059865 0.127024
0.038670 0.055983 0.126698
0.036609 0.057399 0.125881
0.039860 0.055479 0.128075
0.039649 0.055753 0.126015
0.038110 0.058799 0.128959
0.039974 0.060511 0.134140
0.044123 0.054508 0.125865
0.037430 0.056485 0.124779
0.040505 0.055493 0.128956
0.037613 0.056677 0.126093
0.040303 0.056059 0.125280
0.040282 0.060066 0.132390
0.041046 0.053831 0.122406
0.038661 0.057823 0.129494
0.042851 0.056028 0.126223
0.038909 0.055997 0.124463
0.041106 0.059115 0.132564
0.044348 0.055519 0.127053
0.040779 0.056589 0.131191
0.038249 0.056924 0.127676
0.039918 0.060473 0.133939
0.043289 0.055914 0.126873
0.041114 0.055398 0.122776
0.039231 0.055804 0.125828
0.043339 0.054385 0.124975
0.037023 0.057410 0.126946
0.041972 0.057724 0.133331
0.036871 0.056478 0.123030
0.040572 0.055719 0.126368
0.042596 0.056103 0.125979
0.039811 0.056525 0.129686
0.042877 0.054822 0.130452
0.038077 0.059057 0.128988
0.043831 0.055763 0.127827
0.038353 0.058351 0.129134
0.040440 0.055261 0.127658
0.039305 0.055781 0.127873
0.040159 0.055207 0.121749
0.041529 0.055020 0.130084
0.040518 0.058167 0.131857
0.044509 0.054877 0.126433
0.039154 0.055786 0.126973
0.041429 0.056507 0.131758
0.036150 0.057169 0.124170
0.042743 0.053075 0.124048
0.041592 0.057772 0.132933
0.036424 0.056996 0.124013
0.039801 0.055570 0.121542
0.047032 0.052284 0.128150
0.042931 0.055966 0.125338
0.040430 0.057842 0.131578
0.042619 0.053659 0.123991
0.036145 0.060580 0.130446
0.038174 0.056000 0.124756
0.040808 0.057910 0.132290
0.036759 0.056629 0.123488
0.038681 0.056004 0.126372
0.038344 0.055964 0.124763
0.039261 0.060616 0.134035
0.043454 0.054801 0.130802
0.040440 0.056220 0.124809
0.037115 0.056574 0.124115
0.043443 0.055822 0.127813
0.040968 0.059280 0.132436
0.037544 0.060602 0.131567
0.041587 0.056145 0.125976
0.042542 0.053176 0.123851
0.044260 0.055619 0.128833
0.042291 0.055993 0.124766
0.041729 0.059072 0.133458
0.040174 0.058143 0.131394
0.036940 0.056547 0.123620
0.037341 0.056321 0.122877
0.041572 0.058121 0.133091
0.046453 0.054162 0.127641
0.040213 0.060359 0.133820
0.038355 0.056753 0.122142
0.042728 0.054915 0.129710
0.043452 0.055825 0.126419
0.036003 0.057227 0.124190
0.037875 0.058398 0.128642
0.046053 0.054981 0.128728
0.041224 0.056248 0.125008
0.036344 0.060370 0.129293
0.040700 0.055476 0.127068
0.042873 0.055707 0.127852
0.036996 0.060534 0.130468
0.039551 0.056021 0.121467
0.046603 0.053306 0.127801
0.039231 0.057154 0.129417
0.039262 0.058586 0.130313
0.040994 0.055324 0.127628
0.040797 0.056874 0.131388
0.044599 0.053266 0.125883
0.037602 0.060648 0.132195
0.045665 0.055071 0.128290
0.044595 0.055212 0.130073
0.035829 0.059674 0.126607
0.040500 0.055324 0.128445
0.046053 0.053437 0.127377
0.036146 0.058025 0.126005
0.039727 0.059261 0.130957
0.038476 0.060202 0.130255
0.040542 0.056163 0.125133
0.040188 0.056752 0.130616
0.036019 0.059612 0.126811
0.037136 0.060056 0.128539
0.041339 0.056720 0.131862
0.041232 0.055447 0.127476
0.039218 0.058915 0.130247
0.039757 0.058782 0.130921
0.037730 0.056165 0.123989
0.045089 0.054256 0.126614
0.039453 0.056445 0.129090
0.039824 0.058365 0.130865
0.040842 0.060249 0.134288
0.040844 0.055304 0.122503
0.035512 0.057634 0.124656
0.047204 0.054581 0.129992
0.036948 0.057264 0.126185
0.039374 0.056630 0.122204
0.036385 0.057607 0.126041
0.038467 0.056512 0.126977
0.040752 0.056350 0.123415
0.040473 0.060400 0.134447
0.043155 0.055042 0.125138
0.038270 0.060620 0.132861
0.041251 0.055541 0.130509
0.041141 0.056176 0.123562
0.037803 0.057411 0.128025
0.036835 0.060542 0.130581
0.043172 0.055902 0.126178
0.039085 0.055928 0.124811
0.047521 0.053073 0.128875
0.042901 0.053108 0.124211
0.038655 0.060143 0.130275
0.036053 0.060443 0.129704
0.041537 0.054215 0.122965
0.040513 0.057332 0.131392
0.041235 0.055531 0.127099
0.037272 0.060560 0.130840
0.040459 0.055292 0.128278
0.045083 0.055297 0.127795
0.037165 0.057831 0.127596
0.045498 0.053186 0.126742
0.038903 0.060441 0.131748
0.043375 0.054854 0.125326
0.042070 0.055829 0.132276
0.035887 0.058709 0.125932
0.043740 0.055026 0.130080
0.035709 0.058932 0.125733
0.038877 0.056520 0.123209
0.037684 0.056852 0.126417
0.041568 0.055474 0.127501
0.037958 0.057886 0.128673
0.045603 0.054951 0.127567
0.038458 0.059628 0.129618
0.035296 0.057568 0.124348
0.039076 0.055836 0.126603
0.038277 0.056074 0.123884
0.040568 0.055304 0.127981
0.041531 0.054987 0.128910
0.039922 0.056946 0.130280
0.038424 0.056234 0.123447
0.042623 0.054912 0.129593
0.042244 0.054540 0.123795
0.039806 0.056018 0.124991
0.038595 0.060605 0.133183
0.040260 0.055848 0.125867
0.042027 0.054868 0.123636
0.042207 0.055079 0.123991
0.041876 0.056546 0.132413
0.038156 0.057588 0.128776
0.036689 0.058974 0.127331
0.042750 0.055619 0.124821
0.037694 0.056148 0.123589
0.040173 0.054885 0.121653
0.042573 0.054665 0.131648
0.036508 0.060832 0.131807
0.043059 0.054600 0.132076
0.041215 0.058281 0.132780
0.036735 0.059933 0.127791
0.037827 0.056579 0.126092
0.042046 0.055021 0.131519
0.039796 0.059446 0.131051
0.038210 0.055985 0.124629
0.041296 0.055856 0.131316
0.036719 0.058480 0.127178
0.045297 0.055410 0.129185
0.038540 0.060025 0.129906
0.039630 0.056685 0.129573
0.039572 0.055914 0.125173
0.039921 0.055938 0.125470
0.046900 0.053843 0.127922
0.039521 0.060295 0.131767
0.041638 0.058022 0.133178
0.039801 0.055753 0.126170
0.040147 0.056394 0.122715
0.040148 0.056095 0.122193
0.036365 0.057582 0.125847
0.037330 0.060763 0.132480
0.039324 0.059954 0.130726
0.043520 0.055757 0.126115
0.042437 0.055493 0.132693
0.044586 0.055332 0.129857
0.043343 0.055208 0.125463
0.036354 0.057440 0.125518
0.039458 0.058559 0.130553
