0.019327 0.059213 0.108572
0.015734 0.058563 0.099884
0.016382 0.054107 0.106543
0.015925 0.054949 0.107382
0.021844 0.055487 0.100907
0.017012 0.058514 0.106381
0.019711 0.056924 0.098360
0.014859 0.057064 0.100899
0.020637 0.055877 0.099538
0.015916 0.054647 0.104194
0.014704 0.056272 0.099254
0.021377 0.055112 0.099342
0.014435 0.057038 0.098847
0.014742 0.055561 0.098601
0.019524 0.057945 0.099562
0.015863 0.053499 0.099508
0.021443 0.056490 0.102551
0.016439 0.052517 0.100302
0.019249 0.058966 0.102784
0.016557 0.058924 0.098642
0.020667 0.058446 0.104955
0.015829 0.055099 0.105872
0.012961 0.050944 0.101559
0.018589 0.059051 0.102098
0.015288 0.058275 0.099019
0.014657 0.057611 0.098846
0.016140 0.053389 0.100219
0.018717 0.059255 0.103623
0.019802 0.058825 0.103300
0.018607 0.058836 0.109780
0.013767 0.050760 0.104138
0.018665 0.057799 0.096956
0.016064 0.051754 0.100473
0.016582 0.051286 0.103995
0.019835 0.057968 0.100538
0.015308 0.056889 0.104035
0.016002 0.053301 0.099707
0.020161 0.057698 0.100790
0.014320 0.057081 0.098166
0.018117 0.059118 0.101296
0.016760 0.058413 0.106219
0.016367 0.051945 0.101355
0.016310 0.051935 0.100519
0.021228 0.056519 0.101726
0.015770 0.054676 0.102996
0.016583 0.053137 0.101950
0.015263 0.058517 0.096962
0.017101 0.059059 0.099584
0.017783 0.058682 0.098122
0.016072 0.054212 0.103133
0.015745 0.058758 0.097907
0.015308 0.055293 0.101634
0.020276 0.058810 0.105123
0.019863 0.057401 0.099431
0.014920 0.056646 0.101030
0.015264 0.058340 0.098467
0.016609 0.052661 0.101321
0.015888 0.058791 0.097063
0.019829 0.058713 0.102970
0.018416 0.059001 0.101096
0.015216 0.056389 0.103850
0.015448 0.051245 0.099779
0.015078 0.055689 0.100994
0.013308 0.050905 0.102907
0.012310 0.050993 0.101683
0.020029 0.057718 0.100440
0.018210 0.058479 0.098067
0.019834 0.059173 0.105358
0.015913 0.053963 0.100535
0.021186 0.056472 0.101570
0.018084 0.058465 0.097720
0.017698 0.058678 0.097890
0.018181 0.058820 0.107857
0.018671 0.059117 0.107077
0.015011 0.057083 0.102078
0.012895 0.050957 0.102817
0.021692 0.056859 0.104657
0.018811 0.057687 0.097220
0.013700 0.050783 0.099171
0.020210 0.056176 0.098900
0.016622 0.058959 0.099347
0.016449 0.053285 0.101581
0.018796 0.057501 0.096525
0.015948 0.058314 0.102819
0.016929 0.051321 0.104672
0.013100 0.050803 0.099682
0.016348 0.058769 0.100993
0.015514 0.058384 0.099990
0.016717 0.053143 0.103168
0.015599 0.058629 0.098082
0.016173 0.054226 0.104625
0.016461 0.053532 0.102420
0.017622 0.058682 0.106967
0.016638 0.052437 0.101246
0.017041 0.058644 0.096708
0.023496 0.053860 0.100853
0.016995 0.051349 0.105275
0.015748 0.058368 0.100956
0.021310 0.057250 0.104068
0.022040 0.054956 0.100275
0.012871 0.050961 0.102490
0.014869 0.050929 0.098664
0.015769 0.051998 0.099296
0.015531 0.055664 0.105260
0.016564 0.058888 0.100800
0.020304 0.056423 0.099500
0.020259 0.059306 0.108025
0.021104 0.056272 0.101132
0.015506 0.051038 0.101049
0.015594 0.054570 0.100692
0.021062 0.057722 0.104322
0.016472 0.053042 0.101177
0.016389 0.058753 0.101288
0.016581 0.058315 0.106475
0.016226 0.050974 0.103162
0.017253 0.058982 0.099084
0.017053 0.052450 0.104287
0.013107 0.050861 0.100017
0.023090 0.054184 0.100576
0.015467 0.058432 0.098985
0.015137 0.058139 0.099124
0.016586 0.058150 0.107801
0.012643 0.050989 0.102205
0.016833 0.053168 0.104479
0.023080 0.054731 0.102502
0.015303 0.056268 0.104380
0.016816 0.051319 0.104441
0.018292 0.059123 0.102133
0.018679 0.058330 0.098269
0.017632 0.058728 0.106459
0.016725 0.053511 0.105739
0.015207 0.054953 0.099557
0.017626 0.059143 0.100240
0.019322 0.059182 0.104088
0.017588 0.059165 0.101021
0.016336 0.051057 0.103299
0.015820 0.054925 0.105071
0.021319 0.054789 0.098418
0.017290 0.058540 0.107043
0.017767 0.058582 0.108783
0.016732 0.052725 0.102484
0.016060 0.051205 0.101925
0.020906 0.058449 0.106031
0.022239 0.056031 0.104137
0.015238 0.058425 0.097782
0.017785 0.059180 0.104125
0.015964 0.051625 0.100562
0.022923 0.054892 0.102632
0.017906 0.059101 0.100847
0.016448 0.051285 0.103482
0.016389 0.058715 0.102272
0.020898 0.056299 0.100585
0.017720 0.059167 0.101588
0.013261 0.050910 0.102368
0.016895 0.059038 0.099468
0.014434 0.050819 0.099643
0.015432 0.051572 0.098940
0.015551 0.056866 0.105732
0.015038 0.057965 0.099428
0.022864 0.054506 0.100857
0.014968 0.050929 0.099026
0.021799 0.055792 0.101494
0.019250 0.057404 0.097725
0.014656 0.056368 0.099125
0.015844 0.058459 0.100851
0.014805 0.050592 0.104712
0.018728 0.058762 0.100407
0.021453 0.057118 0.104243
0.016592 0.052285 0.102439
0.018309 0.059289 0.103839
0.015241 0.058161 0.099637
0.015460 0.058109 0.101618
0.020714 0.058823 0.106282
0.016003 0.058612 0.100622
0.016651 0.052780 0.101667
0.017377 0.059166 0.100644
0.013517 0.050788 0.104366
0.016247 0.058609 0.096431
0.015226 0.058087 0.100206
0.016755 0.058901 0.098827
0.015543 0.050888 0.101870
0.021515 0.056074 0.101869
0.016741 0.058662 0.096545
0.015071 0.058348 0.096959
0.018664 0.057851 0.097280
0.015017 0.057908 0.099727
0.018122 0.059160 0.101571
0.017351 0.052290 0.104984
0.015778 0.056640 0.107719
0.016705 0.052324 0.101563
0.017973 0.058861 0.099360
0.021299 0.056198 0.101460
0.015911 0.052091 0.099592
0.021762 0.055788 0.101324
0.014718 0.050581 0.105038
0.015317 0.054636 0.099429
0.015267 0.057504 0.102955
0.016981 0.058597 0.105705
0.021665 0.056721 0.103942
0.019246 0.059228 0.104376
0.015183 0.057246 0.102899
0.020275 0.055636 0.097848
0.022117 0.055500 0.101253
0.021518 0.057044 0.104538
0.020678 0.057706 0.102838
0.021767 0.055180 0.100119
0.016670 0.052492 0.101440
0.014441 0.056051 0.097969
0.016761 0.052554 0.102480
0.015185 0.050640 0.104092
0.015767 0.056708 0.107453
0.020187 0.059242 0.107056
0.013427 0.050879 0.100212
0.019067 0.059280 0.107151
0.015060 0.054477 0.098164
0.012342 0.051009 0.102744
0.016346 0.053895 0.103846
0.018247 0.058665 0.098981
0.015513 0.054912 0.101761
0.015719 0.051503 0.100137
0.015459 0.050721 0.102600
0.015361 0.058286 0.099285
0.021677 0.056395 0.103036
0.015727 0.056471 0.107444
0.020351 0.055917 0.098859
0.014591 0.057928 0.097241
0.013902 0.050858 0.100008
0.021513 0.056697 0.103187
0.020765 0.056736 0.101028
0.021598 0.055444 0.100757
0.015426 0.058611 0.096814
0.017192 0.052240 0.104648
0.015609 0.055604 0.105591
0.019652 0.058164 0.100510
0.017567 0.059165 0.100779
0.015877 0.052261 0.099281
0.021530 0.054925 0.099191
0.014829 0.050674 0.103683
0.015709 0.056951 0.106673
0.018886 0.059294 0.106600
0.017231 0.059138 0.100481
0.014987 0.056171 0.101083
0.014619 0.050826 0.098668
0.021621 0.056868 0.104415
0.014887 0.054927 0.098273
0.019917 0.056515 0.098115
0.018244 0.058970 0.100700
0.017376 0.052111 0.105591
0.018602 0.059316 0.105605
0.013615 0.050819 0.099710
0.021131 0.055872 0.100210
0.019837 0.058460 0.101982
0.022920 0.054399 0.100421
0.016040 0.057062 0.108374
0.019307 0.057502 0.098282
0.020578 0.057012 0.100971
0.022378 0.055602 0.103055
0.018679 0.058920 0.108902
0.016521 0.052262 0.101930
0.020124 0.058655 0.103835
0.015025 0.055562 0.099865
0.014859 0.050992 0.098483
0.015955 0.052721 0.099064
0.022062 0.055106 0.100632
0.016814 0.058359 0.107345
0.021471 0.055330 0.099888
0.015196 0.056344 0.103606
0.019923 0.059279 0.106648
0.015999 0.054041 0.101410
0.016588 0.058835 0.097789
0.020492 0.059050 0.106547
0.017561 0.058930 0.098990
0.016738 0.058858 0.102765
0.015887 0.057164 0.107344
0.018565 0.057997 0.097021
0.015534 0.054943 0.102073
0.023523 0.054136 0.101973
0.016528 0.052257 0.102221
0.015531 0.057008 0.105514
0.018751 0.059035 0.102597
0.015905 0.058085 0.104265
0.015248 0.055471 0.101887
0.015708 0.052508 0.098511
0.015343 0.054929 0.100342
0.019016 0.057465 0.097204
0.018800 0.058990 0.101915
0.018885 0.058059 0.098149
0.018948 0.059348 0.106268
0.015257 0.054123 0.098328
0.023279 0.054470 0.102240
0.018791 0.057961 0.097807
0.020251 0.058558 0.104047
0.017919 0.059163 0.102262
0.020313 0.059138 0.106678
0.019538 0.059104 0.103988
0.019411 0.057242 0.098078
0.015258 0.058162 0.099432
0.016079 0.054539 0.107273
0.019736 0.059348 0.108320
0.018535 0.059348 0.104846
0.016999 0.052760 0.104285
0.022805 0.054018 0.099708
0.016064 0.053412 0.100011
0.020449 0.057293 0.101243
0.013021 0.050939 0.101768
0.014499 0.056745 0.098725
0.017413 0.058986 0.099211
0.021157 0.056871 0.102283
0.016881 0.058071 0.109156
0.016687 0.053470 0.105040
0.016067 0.058350 0.103128
0.021216 0.057818 0.105513
0.020889 0.056729 0.101272
0.014065 0.050919 0.101251
0.015938 0.054093 0.101281
0.015837 0.058575 0.100224
0.015187 0.057871 0.101381
0.015608 0.050704 0.104307
0.022455 0.054872 0.100937
0.022501 0.055163 0.101740
0.019395 0.059060 0.103373
0.017105 0.052649 0.104507
0.017347 0.052120 0.105841
0.019774 0.059040 0.104291
0.021277 0.057180 0.103667
0.015786 0.050697 0.103086
0.021743 0.055902 0.102076
0.015672 0.058672 0.098526
0.017101 0.058787 0.104687
0.016056 0.054141 0.102537
0.016961 0.051376 0.105016
0.016281 0.052953 0.100241
0.017038 0.052783 0.106235
0.021850 0.056244 0.103169
0.021636 0.055002 0.099599
0.022859 0.054749 0.101764
0.015691 0.057412 0.105838
0.014428 0.057184 0.098705
0.015686 0.056339 0.106871
0.016847 0.051851 0.103962
0.020412 0.055896 0.099016
0.014959 0.056442 0.101242
0.014585 0.056429 0.098892
0.021682 0.056783 0.104142
0.017700 0.058379 0.096519
0.015708 0.053901 0.099628
0.016106 0.054202 0.103490
0.019717 0.057451 0.099854
0.015859 0.058418 0.101612
0.021635 0.056104 0.102359
0.019109 0.059167 0.108298
0.020572 0.055441 0.098347
0.020840 0.058130 0.104778
0.018263 0.059124 0.102429
0.015320 0.051106 0.100001
0.019216 0.059275 0.107747
0.013898 0.050727 0.104541
0.015111 0.050775 0.102538
0.015836 0.058358 0.102016
0.017377 0.058711 0.097461
0.017137 0.052475 0.104554
0.015955 0.058688 0.099994
0.014455 0.050745 0.103369
0.020427 0.055666 0.098440
0.016442 0.051432 0.103338
0.019777 0.057158 0.098960
0.023252 0.054587 0.102643
0.018966 0.058982 0.102761
0.015406 0.055948 0.104851
0.015819 0.055217 0.106382
0.015441 0.051516 0.099166
0.013044 0.050904 0.100271
0.015827 0.051422 0.100550
0.019172 0.058508 0.100305
0.019776 0.059151 0.109161
0.016735 0.058623 0.104502
0.017038 0.052478 0.103934
0.015686 0.050721 0.104682
0.018214 0.058275 0.096834
0.022818 0.055271 0.103672
0.019414 0.059277 0.108378
0.020539 0.058919 0.106153
0.017049 0.051885 0.104301
0.016293 0.051522 0.102339
0.014419 0.050878 0.102053
0.019471 0.059249 0.104688
0.015351 0.055362 0.102573
0.019938 0.057293 0.099713
0.018988 0.059389 0.105668
0.017058 0.052672 0.103866
0.016510 0.058211 0.107169
0.015419 0.050643 0.103486
0.018138 0.058846 0.107071
0.018368 0.058751 0.109623
0.019208 0.056849 0.096560
0.015208 0.050959 0.100885
0.015759 0.058613 0.099062
0.019552 0.058414 0.100957
0.019901 0.056981 0.099230
0.015523 0.054386 0.099882
0.016887 0.053189 0.105042
0.016261 0.054175 0.105343
0.019903 0.059351 0.107758
0.021325 0.057360 0.104599
0.021804 0.056430 0.103559
0.022553 0.055309 0.102627
0.015653 0.053798 0.099189
0.015846 0.054205 0.101083
0.019244 0.059080 0.109194
0.016216 0.052588 0.099905
0.021883 0.056273 0.103358
0.019860 0.058008 0.100848
0.019926 0.056758 0.098762
0.015158 0.051035 0.100172
0.021143 0.057809 0.105218
0.016380 0.052095 0.100309
0.021731 0.055063 0.099800
0.015887 0.058729 0.096750
0.015483 0.054613 0.100245
0.018106 0.058970 0.100341
0.015397 0.056184 0.104957
0.016044 0.054063 0.101636
0.018873 0.059253 0.106889
0.016930 0.058703 0.096903
0.018159 0.058031 0.096141
0.015440 0.055696 0.104782
0.016153 0.051257 0.102235
0.016616 0.053677 0.105556
0.019993 0.059230 0.106393
0.018256 0.059163 0.102773
0.019359 0.059335 0.105047
0.015288 0.055505 0.102515
0.016463 0.058898 0.100177
0.014892 0.055895 0.099674
0.016362 0.053928 0.105007
0.015635 0.053422 0.098679
0.014793 0.050804 0.099185
0.021260 0.055594 0.100599
0.018712 0.058898 0.101026
0.022864 0.054942 0.102454
0.015851 0.056917 0.107616
0.023001 0.054813 0.102523
0.017601 0.059155 0.100462
0.013357 0.050834 0.103988
0.014519 0.055906 0.098158
0.015493 0.056635 0.105528
0.015060 0.055223 0.099204
0.017029 0.052945 0.105262
0.016442 0.053760 0.104113
0.018070 0.059027 0.100670
0.015526 0.055457 0.104889
0.016693 0.051215 0.104781
0.015203 0.054467 0.098595
0.014372 0.056697 0.098318
0.015443 0.054816 0.100582
0.017582 0.059143 0.102083
0.015025 0.058309 0.097140
0.020897 0.055747 0.099817
0.013336 0.050818 0.104805
0.019497 0.059171 0.104334
0.015579 0.051568 0.099487
0.016440 0.053239 0.101449
0.019521 0.056766 0.097397
0.016603 0.053099 0.102308
0.016816 0.053334 0.106699
0.014073 0.050902 0.100562
0.015254 0.055834 0.103219
0.019251 0.057530 0.098069
0.017376 0.052254 0.105329
0.016236 0.051318 0.102543
0.012302 0.050911 0.100658
0.021975 0.056242 0.103697
0.017317 0.059117 0.100069
0.015132 0.055842 0.102041
0.015429 0.057428 0.104241
0.019494 0.059114 0.109038
0.017318 0.059143 0.101011
0.015658 0.051275 0.100389
0.024127 0.053943 0.100861
0.016877 0.058728 0.097101
0.019656 0.058683 0.102223
0.016345 0.053533 0.101823
0.015200 0.055766 0.102599
0.019565 0.056596 0.097147
0.015652 0.055600 0.105902
0.013018 0.050949 0.103046
0.015548 0.056135 0.106000
0.017748 0.058630 0.108145
0.016774 0.053065 0.103328
0.018758 0.058933 0.101372
0.015802 0.056559 0.108028
0.020132 0.058289 0.102405
0.015675 0.053577 0.098860
0.016356 0.053758 0.103340
0.019907 0.056148 0.097339
0.022592 0.055360 0.102918
0.022202 0.055555 0.102329
0.012488 0.050845 0.100055
0.015588 0.055075 0.103342
0.015221 0.055786 0.102902
0.019880 0.057539 0.099957
0.016712 0.052907 0.102567
0.014945 0.057160 0.101625
0.016641 0.053146 0.102725
0.015455 0.051661 0.098646
0.016437 0.052806 0.100655
0.022266 0.055865 0.103527
0.015708 0.050877 0.102261
0.015665 0.057744 0.104958
0.014725 0.050801 0.099446
0.015660 0.058299 0.101358
0.018391 0.057852 0.096161
0.013097 0.050746 0.099348
0.015070 0.058169 0.098700
0.015989 0.054695 0.105511
0.016502 0.053895 0.105773
0.016160 0.057730 0.107500
0.023345 0.053902 0.100636
0.019997 0.056623 0.098860
0.016166 0.053793 0.101442
0.017205 0.052520 0.104809
0.012335 0.050950 0.103398
0.016232 0.051981 0.100280
0.014585 0.057666 0.098156
0.023061 0.054198 0.100206
0.016396 0.050885 0.105305
0.015170 0.057061 0.103076
0.019047 0.058640 0.100493
0.019467 0.059346 0.107150
0.015438 0.050817 0.102110
0.018177 0.057942 0.095955
0.013394 0.050936 0.101286
0.017046 0.058863 0.104037
0.014617 0.057007 0.099683
0.014667 0.057128 0.100229
0.015078 0.055358 0.099690
0.017431 0.052106 0.105127
0.015163 0.054712 0.098793
0.015970 0.054788 0.107169
0.015966 0.052421 0.099334
0.013883 0.050927 0.101587
0.015159 0.055119 0.099725
0.015322 0.055816 0.103954
0.015531 0.054877 0.101503
0.013025 0.050947 0.102321
0.019319 0.057133 0.097475
0.016950 0.053007 0.105667
0.017893 0.059176 0.101928
0.015742 0.054518 0.101521
0.016089 0.054663 0.106399
0.018462 0.058965 0.107187
0.019764 0.056590 0.097831
0.015752 0.055991 0.107670
0.018124 0.059017 0.101021
0.020246 0.059305 0.108399
0.014264 0.050815 0.102856
0.021313 0.056397 0.101839
0.015767 0.057809 0.105347
0.020405 0.056582 0.099914
0.014096 0.050911 0.100922
0.021729 0.056445 0.103312
0.015022 0.057743 0.100863
0.018453 0.059229 0.105917
0.016380 0.058329 0.105192
0.016464 0.058282 0.106159
0.021564 0.057393 0.105777
0.015595 0.053992 0.099337
0.015929 0.057934 0.105654
0.017087 0.059044 0.101897
0.014327 0.056931 0.098338
0.020747 0.055792 0.099641
0.019228 0.059358 0.106524
0.021191 0.056056 0.101137
0.015639 0.055082 0.104124
0.020543 0.058251 0.104016
0.018450 0.059261 0.103519
0.023444 0.053826 0.100520
0.015991 0.058695 0.098993
0.017637 0.059093 0.100042
0.019421 0.056640 0.096750
0.016631 0.053635 0.106889
0.019150 0.059313 0.104639
0.018453 0.058842 0.100547
0.016353 0.052304 0.100185
0.016921 0.052479 0.103226
0.015052 0.056718 0.102278
0.016328 0.051045 0.103542
0.015741 0.056660 0.107232
0.014476 0.050876 0.100107
0.017771 0.058771 0.106690
0.019364 0.056866 0.097039
0.017420 0.051724 0.105546
0.016883 0.051281 0.105187
0.018113 0.058877 0.099690
0.017435 0.059130 0.101820
0.017672 0.058948 0.099327
0.021905 0.055510 0.101681
0.017342 0.051709 0.105983
0.016040 0.058220 0.103992
0.014661 0.055962 0.098686
0.015422 0.050626 0.104419
0.015309 0.050812 0.101991
0.015059 0.056148 0.101890
0.012839 0.050896 0.103987
0.015114 0.050605 0.104656
0.016265 0.057624 0.108094
0.019505 0.059280 0.104956
0.015257 0.050555 0.105024
0.017980 0.058565 0.097992
0.016228 0.054051 0.103777
0.017890 0.058719 0.098433
0.018043 0.058694 0.108748
0.016018 0.050622 0.105080
0.023713 0.053858 0.101021
0.022155 0.055695 0.102814
0.020736 0.057911 0.103565
0.016259 0.058093 0.106602
0.015525 0.054759 0.100915
0.021979 0.056671 0.105159
0.014465 0.057667 0.097699
0.020610 0.058164 0.103890
0.015488 0.052374 0.097964
0.020004 0.059285 0.106861
0.022236 0.055605 0.102705
0.016158 0.057606 0.107700
0.020653 0.055502 0.098800
0.015336 0.055127 0.100949
0.021231 0.055298 0.099466
0.016998 0.052132 0.103847
0.016296 0.053284 0.100749
0.016771 0.058749 0.103782
0.017350 0.059104 0.102802
0.019250 0.059064 0.103193
0.017032 0.059033 0.101158
0.022168 0.055372 0.101410
0.014220 0.056675 0.097677
0.015477 0.051436 0.099512
0.014448 0.050672 0.104372
0.015095 0.056120 0.102485
0.015433 0.051174 0.100222
0.021805 0.056534 0.103893
0.015077 0.054695 0.098468
0.016269 0.058302 0.104668
0.022939 0.055119 0.103419
0.014797 0.050628 0.104359
0.022608 0.054999 0.101686
0.018676 0.058506 0.099165
0.014626 0.056180 0.098725
0.015419 0.057247 0.104387
0.018808 0.059277 0.103929
0.015721 0.050707 0.103881
0.014335 0.057442 0.097763
0.018599 0.058744 0.100050
0.017380 0.051880 0.105313
0.015083 0.055803 0.101322
0.016588 0.053432 0.103442
0.016874 0.052772 0.103275
0.015975 0.050980 0.102466
0.022409 0.055137 0.101555
0.018140 0.059121 0.105769
0.019117 0.057079 0.096733
0.019790 0.058290 0.101215
0.016592 0.053780 0.105944
0.019818 0.058942 0.103708
0.015722 0.058035 0.103052
0.014769 0.056627 0.100346
0.020886 0.055309 0.098975
0.013791 0.050884 0.102286
0.016105 0.051501 0.101247
0.015797 0.054817 0.104115
0.015702 0.056351 0.107152
0.015094 0.055996 0.102228
0.016573 0.052220 0.101579
0.020046 0.058807 0.104234
0.016513 0.058698 0.102951
0.016244 0.054101 0.104480
0.015999 0.057025 0.108189
0.021602 0.056804 0.103820
0.015499 0.056005 0.105431
0.016580 0.052929 0.101510
0.015976 0.058823 0.097634
0.012338 0.050969 0.101309
0.019498 0.058280 0.100392
0.019063 0.058970 0.102436
0.015431 0.058506 0.098507
0.020903 0.058240 0.105579
0.019700 0.058502 0.101700
0.013642 0.050838 0.100035
0.019442 0.057426 0.098475
0.016195 0.051823 0.100700
0.016211 0.051432 0.101898
0.018667 0.058370 0.098598
0.015254 0.058185 0.099799
0.017928 0.059189 0.101737
0.017773 0.059141 0.101180
0.016255 0.058457 0.103383
0.019684 0.056575 0.097610
0.017672 0.058530 0.097182
0.016618 0.053711 0.106120
0.016364 0.058715 0.096873
0.019539 0.058935 0.103129
0.018732 0.058902 0.109455
0.013554 0.050844 0.102991
0.014749 0.056506 0.100146
0.015992 0.052920 0.099214
0.020096 0.056874 0.099599
0.017776 0.059004 0.099753
0.019633 0.057869 0.099793
0.016600 0.051859 0.103104
0.015654 0.057541 0.105532
0.021425 0.054863 0.098902
0.022028 0.055499 0.101095
0.018259 0.059205 0.105495
0.015726 0.054331 0.100724
0.015815 0.051015 0.101862
0.023139 0.054314 0.101448
0.015948 0.054538 0.103946
0.014043 0.050720 0.104345
0.015501 0.058392 0.099541
0.016915 0.058846 0.097934
0.016688 0.053374 0.104225
0.015781 0.052201 0.099005
0.019925 0.059320 0.108800
0.016502 0.058517 0.104257
0.019974 0.057857 0.100541
0.020263 0.057525 0.101083
0.021835 0.055314 0.100678
0.015330 0.055901 0.104248
0.020298 0.058099 0.102382
0.015662 0.056919 0.106376
0.016209 0.058897 0.098351
0.020061 0.056322 0.098290
0.016925 0.053042 0.106014
0.017889 0.058678 0.098271
0.014768 0.057530 0.099867
0.020501 0.055350 0.097923
0.015675 0.056612 0.106707
0.019901 0.059080 0.104893
0.016321 0.058889 0.098017
0.015200 0.055360 0.100748
0.017411 0.051848 0.105685
0.017276 0.058381 0.108705
0.015042 0.056442 0.102107
0.020019 0.059120 0.105521
0.016123 0.051356 0.101594
0.019060 0.059066 0.103019
0.019362 0.056938 0.097250
0.015557 0.058275 0.100781
0.014908 0.057312 0.101141
0.012837 0.050874 0.104326
0.015704 0.055449 0.105952
0.014248 0.050737 0.103797
0.016444 0.054045 0.106134
0.014548 0.056145 0.098469
0.016037 0.051463 0.100989
0.014532 0.056455 0.098596
0.017286 0.059007 0.099373
0.015367 0.057499 0.103515
0.022259 0.055924 0.103793
0.014491 0.050841 0.099870
0.016926 0.059033 0.100882
0.017964 0.058852 0.099253
0.015672 0.056097 0.106956
0.019347 0.058089 0.099601
0.019219 0.059351 0.104966
0.015567 0.054996 0.102784
0.015536 0.050673 0.104623
0.016351 0.057847 0.107979
0.019595 0.058035 0.100017
0.015446 0.058344 0.099809
0.016729 0.058900 0.101549
0.016639 0.058758 0.097238
0.016100 0.054404 0.105040
0.016370 0.053887 0.104313
0.018430 0.058893 0.108148
0.017182 0.058741 0.105340
0.015405 0.055115 0.101764
0.015094 0.051037 0.099204
0.020636 0.057853 0.103103
0.018411 0.058859 0.100361
0.017319 0.051740 0.105331
0.016732 0.058898 0.102186
0.014464 0.050698 0.103736
0.016015 0.053027 0.099434
0.017910 0.059070 0.105438
0.020076 0.058384 0.102551
0.022158 0.055647 0.102633
0.018674 0.057964 0.097566
0.019157 0.057752 0.098280
0.015775 0.055356 0.106609
0.015514 0.056323 0.105861
0.015114 0.056407 0.102763
0.015696 0.056800 0.106736
0.015009 0.050949 0.099955
0.015351 0.056560 0.104635
0.015670 0.058203 0.102139
0.018355 0.058571 0.098782
0.015399 0.054240 0.098978
0.016512 0.053458 0.102873
0.015742 0.055207 0.105565
0.018427 0.059248 0.105664
0.022107 0.054906 0.100447
0.020974 0.056207 0.100473
0.017096 0.058251 0.109033
0.014355 0.050840 0.102622
0.015410 0.056607 0.104979
0.014898 0.050860 0.099237
0.015148 0.056704 0.102996
0.020422 0.056876 0.100242
0.022737 0.054625 0.100547
0.014106 0.050779 0.103211
0.015146 0.051235 0.098320
0.020309 0.057755 0.101912
0.015365 0.051038 0.100552
0.013959 0.050777 0.099331
0.015307 0.054727 0.099671
0.019720 0.059192 0.104838
0.021210 0.054881 0.098176
0.015541 0.057737 0.104075
0.015979 0.057164 0.107733
0.017958 0.058973 0.100031
0.016541 0.053565 0.103744
0.015758 0.056336 0.107872
0.015331 0.056287 0.104585
0.012180 0.050806 0.104338
0.012673 0.050963 0.103319
0.022755 0.054629 0.101034
0.014799 0.050709 0.103361
0.015858 0.058791 0.098234
0.021992 0.056306 0.104064
0.016273 0.051711 0.101641
0.015261 0.050597 0.104828
0.021553 0.057082 0.104856
0.015695 0.055620 0.106309
0.015426 0.056891 0.104762
0.022745 0.054897 0.101773
0.017090 0.059078 0.099890
0.023441 0.054064 0.101427
0.015346 0.058086 0.100954
0.012212 0.051012 0.102377
0.017005 0.052826 0.103998
0.014578 0.050841 0.101520
0.015907 0.058161 0.103663
0.020088 0.059342 0.108237
0.015596 0.058636 0.098329
0.015918 0.058784 0.097320
0.021339 0.057865 0.106018
0.017026 0.058457 0.106944
0.015646 0.052084 0.098605
0.015213 0.057292 0.103073
0.015461 0.055561 0.104627
0.015730 0.056144 0.107455
0.015877 0.050710 0.104894
0.012786 0.050829 0.099874
0.020901 0.055114 0.098358
0.017089 0.052303 0.104417
0.016348 0.051903 0.101829
0.022364 0.055090 0.101192
0.015338 0.053815 0.098219
0.017746 0.058603 0.108472
0.015652 0.056691 0.106519
0.020348 0.056172 0.099289
0.014350 0.050648 0.104943
0.019074 0.059011 0.109932
0.017098 0.052742 0.105500
0.016177 0.058670 0.101136
0.012147 0.050848 0.103977
0.023168 0.054477 0.101957
0.016021 0.058119 0.105064
0.016694 0.058702 0.096822
0.014929 0.056348 0.100827
0.014768 0.056272 0.099679
0.014646 0.056634 0.099694
0.018689 0.058943 0.101629
0.013267 0.050912 0.100425
0.017202 0.052393 0.106095
0.015516 0.058029 0.102276
0.023018 0.054766 0.102319
0.016519 0.052447 0.100557
0.019177 0.058172 0.099391
0.015481 0.054076 0.099015
0.015362 0.056423 0.104854
0.017422 0.058424 0.108967
0.020658 0.055654 0.099183
0.022348 0.054160 0.099420
0.020851 0.058868 0.106809
0.014724 0.057843 0.098197
0.019695 0.057073 0.098587
0.019916 0.059229 0.106105
0.015049 0.055585 0.100176
0.017021 0.058653 0.105444
0.019841 0.058930 0.103922
0.020522 0.058520 0.104785
0.020695 0.057630 0.102260
0.018723 0.057660 0.096738
0.018777 0.059107 0.102987
0.015879 0.054865 0.105376
0.022884 0.054491 0.100747
0.015019 0.057868 0.100034
0.020477 0.059104 0.106840
0.012680 0.050949 0.101502
0.016066 0.058057 0.105739
0.014714 0.057344 0.100395
0.016032 0.057418 0.107525
0.017846 0.059174 0.101401
0.022317 0.055502 0.102437
0.017948 0.059078 0.100556
0.017475 0.058545 0.107939
0.015725 0.058563 0.099689
0.019109 0.057478 0.097461
0.018501 0.058647 0.099336
0.017695 0.059177 0.101824
0.014889 0.050920 0.100849
0.017582 0.059009 0.099546
0.020051 0.057779 0.100666
0.021923 0.054811 0.099750
0.015707 0.054067 0.099899
0.017595 0.059167 0.101379
0.015161 0.058119 0.099311
0.019668 0.059353 0.107245
0.015568 0.056425 0.106162
0.016306 0.053520 0.101436
0.018498 0.058903 0.108401
0.019384 0.057874 0.099067
0.017272 0.058331 0.109257
0.023951 0.053903 0.100937
0.020235 0.055964 0.098370
0.019084 0.058143 0.099031
0.015668 0.050619 0.105108
0.014960 0.050952 0.098836
0.020971 0.055355 0.099216
0.018555 0.059344 0.105057
0.015206 0.054792 0.099081
0.016019 0.052603 0.099358
0.015453 0.053574 0.098291
0.012564 0.051001 0.102558
0.015183 0.054074 0.098020
0.021062 0.057582 0.103989
0.019213 0.057942 0.098839
0.013351 0.050843 0.099870
0.015676 0.051033 0.101578
0.014161 0.056979 0.097602
0.021638 0.057048 0.105198
0.016509 0.058623 0.096384
0.019423 0.057737 0.098912
0.016338 0.051044 0.103731
0.019800 0.059337 0.107084
0.014594 0.050703 0.103593
0.016696 0.058488 0.105372
0.016902 0.051233 0.105458
0.015913 0.056922 0.108016
0.016046 0.054200 0.102857
0.014781 0.050834 0.101519
0.016504 0.053344 0.102165
0.014799 0.055698 0.098895
0.021606 0.055904 0.101342
0.016166 0.054110 0.103556
0.018877 0.059067 0.108428
0.015974 0.057867 0.106063
0.020880 0.058667 0.106357
0.015349 0.056257 0.104768
0.017226 0.059050 0.103066
0.015451 0.050654 0.103927
0.015411 0.058258 0.100321
0.022703 0.055116 0.102538
0.018732 0.057725 0.097028
0.020887 0.057571 0.103292
0.015420 0.050775 0.102320
0.015998 0.058452 0.102198
0.014664 0.056669 0.099856
0.015558 0.052297 0.098178
0.016409 0.052042 0.101746
0.022367 0.055491 0.102617
0.021593 0.056222 0.102545
0.021534 0.056771 0.103468
0.016236 0.051740 0.101417
0.021375 0.056713 0.102780
0.013702 0.050809 0.103676
0.015677 0.055107 0.104859
0.014424 0.056236 0.097882
0.014110 0.050881 0.100238
0.016966 0.058543 0.106039
0.017951 0.058505 0.097585
0.021470 0.057179 0.105017
0.015899 0.054915 0.105708
0.015170 0.058217 0.098843
0.015381 0.058558 0.097575
0.022247 0.055125 0.100913
0.018992 0.058446 0.099745
0.015916 0.054920 0.106911
0.016983 0.058743 0.097346
0.022611 0.055095 0.101864
0.014171 0.050803 0.099766
0.022007 0.056100 0.103281
0.017628 0.059141 0.102428
0.015211 0.057001 0.103323
0.022954 0.054120 0.099950
0.015436 0.055334 0.103181
0.018549 0.058486 0.098853
0.019487 0.059357 0.106787
0.018514 0.059120 0.102899
0.016194 0.057395 0.108459
0.022510 0.054749 0.100598
0.016195 0.054213 0.104969
0.018411 0.058739 0.099661
0.015188 0.055546 0.101549
0.014238 0.057128 0.097848
0.016766 0.052737 0.102738
0.019158 0.057616 0.097859
0.015139 0.056714 0.102781
0.015580 0.057972 0.102831
0.014555 0.057311 0.099280
0.018820 0.058342 0.098918
0.016369 0.051970 0.101475
0.015251 0.057687 0.102347
0.016011 0.058737 0.099656
0.016771 0.051438 0.104138
0.021220 0.058268 0.106445
0.022208 0.055444 0.101918
0.022222 0.054742 0.100160
0.019839 0.056630 0.098121
0.019470 0.057522 0.098728
0.018293 0.057972 0.096220
0.016958 0.053064 0.104757
0.014732 0.050875 0.101221
0.017561 0.058793 0.106201
0.020146 0.055902 0.097962
0.022283 0.054880 0.100651
0.018950 0.058528 0.099915
0.014401 0.056868 0.098562
0.021387 0.055449 0.100584
0.018318 0.059206 0.103142
0.014869 0.050782 0.102763
0.017252 0.058753 0.097629
0.019184 0.058378 0.099922
0.016795 0.052159 0.103216
0.015598 0.058520 0.099103
0.014982 0.055842 0.100381
0.015884 0.051230 0.101172
0.019395 0.058790 0.102061
0.012013 0.051004 0.102010
0.018278 0.058529 0.098368
0.020742 0.056296 0.100188
0.022915 0.054516 0.101326
0.019658 0.059235 0.108823
0.015760 0.058013 0.103958
0.020088 0.056617 0.099261
0.014714 0.055331 0.098312
0.021461 0.055158 0.099555
0.016935 0.052255 0.103490
0.015797 0.053367 0.099027
0.015211 0.056737 0.103527
0.016335 0.058794 0.097351
0.016948 0.052038 0.103987
0.016719 0.052214 0.102740
0.015734 0.057132 0.106568
0.015864 0.054337 0.101840
0.021073 0.056491 0.101307
0.016016 0.051563 0.100828
0.021806 0.055932 0.102307
0.015701 0.051180 0.100689
0.018572 0.058871 0.100736
0.020304 0.058648 0.104422
0.021987 0.054924 0.100015
0.012669 0.050986 0.102983
0.014807 0.055920 0.099200
0.015881 0.053549 0.099670
0.016880 0.059033 0.100541
0.016140 0.054028 0.102696
0.016003 0.052006 0.099850
0.016471 0.053986 0.106350
0.017834 0.058396 0.096875
0.015603 0.054899 0.102475
0.020244 0.056045 0.098711
0.020500 0.058716 0.105438
0.016287 0.054225 0.106770
0.015118 0.058274 0.098169
0.017297 0.059087 0.102458
0.015907 0.054503 0.103175
0.021170 0.056659 0.101855
0.021092 0.054965 0.098460
0.014520 0.057414 0.098631
0.015810 0.050581 0.105247
0.014933 0.055881 0.100045
0.015491 0.056383 0.105585
0.016114 0.054449 0.105421
0.015659 0.058715 0.097617
0.016596 0.053072 0.102083
0.018490 0.059316 0.104129
0.015845 0.052341 0.099124
0.015584 0.052586 0.098223
0.016016 0.050843 0.103550
0.019156 0.057174 0.096973
0.018425 0.059157 0.106308
0.015778 0.055380 0.106807
0.017188 0.052425 0.106420
0.016820 0.052720 0.102989
0.022265 0.056070 0.104343
0.014972 0.055729 0.099925
0.016477 0.051440 0.103485
0.021207 0.054863 0.098552
0.019609 0.059306 0.108519
0.014973 0.050582 0.104869
0.021441 0.057698 0.105967
0.016901 0.058805 0.103901
0.014517 0.050644 0.104688
0.022397 0.055502 0.102815
0.020975 0.056139 0.100322
0.016362 0.058622 0.102856
0.016386 0.058668 0.102636
0.018278 0.058272 0.096973
0.014573 0.056626 0.099301
0.020602 0.058028 0.103415
0.016100 0.058769 0.099282
0.020499 0.056023 0.099440
0.015343 0.057234 0.104059
0.015036 0.055936 0.101203
0.015838 0.054185 0.100932
0.016391 0.051594 0.102683
0.019627 0.057444 0.099005
0.020136 0.057261 0.100020
0.020382 0.058848 0.105707
0.020277 0.056694 0.099760
0.017156 0.051852 0.104478
0.015097 0.057566 0.102058
0.015081 0.056566 0.102418
0.016692 0.052614 0.101948
0.016941 0.058364 0.107742
0.016706 0.053029 0.102834
0.013265 0.050882 0.103411
0.021827 0.055969 0.102577
0.018951 0.058176 0.098683
0.015625 0.051773 0.099212
0.021788 0.056842 0.104988
0.017468 0.058647 0.106730
0.019222 0.057295 0.097422
0.015790 0.054871 0.104347
0.015380 0.055862 0.104547
0.019682 0.056809 0.098069
0.021889 0.056086 0.102970
0.021109 0.058134 0.105771
0.015648 0.058418 0.100421
0.016989 0.053046 0.105009
0.019108 0.059205 0.108000
0.016886 0.058449 0.106830
0.017062 0.052520 0.103536
0.018337 0.058803 0.108739
0.015306 0.057527 0.103180
0.016730 0.058813 0.103161
0.015757 0.054605 0.102292
0.015005 0.055914 0.100942
0.016490 0.058560 0.103892
0.014946 0.056153 0.100556
0.016564 0.051233 0.104142
0.021546 0.056447 0.102808
0.019473 0.058217 0.100128
0.016485 0.053819 0.105389
0.020737 0.057671 0.102992
0.015767 0.057920 0.104616
0.018814 0.057603 0.096902
0.015373 0.058083 0.101269
0.022124 0.056119 0.103871
0.021497 0.057284 0.105383
0.020952 0.058282 0.105698
0.012543 0.050896 0.100426
0.018148 0.059257 0.103571
0.016001 0.054825 0.106150
0.016828 0.058597 0.096249
0.016005 0.051757 0.100336
0.015738 0.051139 0.100892
0.015410 0.054949 0.100801
0.019897 0.058076 0.101097
0.017043 0.059026 0.101676
0.016537 0.053329 0.102407
0.015513 0.057519 0.104474
0.015850 0.057541 0.106420
0.013379 0.050893 0.102663
0.018494 0.058960 0.107570
0.014629 0.057641 0.098504
0.022679 0.055399 0.103459
0.016394 0.054000 0.107088
0.014461 0.055698 0.097773
0.017396 0.058632 0.097110
0.017197 0.051507 0.105367
0.014424 0.057309 0.098172
0.019140 0.059391 0.105312
0.013895 0.050809 0.102952
0.021798 0.055657 0.101091
0.015225 0.056695 0.103807
0.015950 0.051098 0.101917
0.014481 0.056113 0.098228
0.016653 0.051572 0.103827
0.014738 0.057764 0.098689
0.018182 0.059244 0.103358
0.015550 0.057286 0.105385
0.016207 0.050943 0.103957
0.015996 0.050782 0.103016
0.014082 0.050837 0.102613
0.023466 0.053805 0.100707
0.020779 0.058962 0.107087
0.016091 0.051209 0.102164
0.019187 0.059204 0.104212
0.019267 0.058742 0.101565
0.018223 0.058595 0.098548
0.018529 0.059324 0.105272
0.014434 0.057249 0.098543
0.015832 0.052675 0.098767
0.018156 0.059168 0.101869
0.013231 0.050896 0.103141
0.016184 0.050936 0.104422
0.015757 0.054682 0.102774
0.019169 0.059201 0.103887
0.014635 0.057281 0.099568
0.014925 0.058099 0.098075
0.014823 0.057477 0.100650
0.019821 0.059373 0.108077
0.015779 0.053084 0.098739
0.016306 0.054005 0.104722
0.016820 0.053424 0.106370
0.013363 0.050806 0.099593
0.014599 0.050806 0.102686
0.015294 0.057128 0.103726
0.016524 0.053630 0.104197
0.015482 0.055473 0.104345
0.016432 0.058849 0.100580
0.013577 0.050794 0.099406
0.015900 0.054709 0.104588
0.017051 0.058598 0.096427
0.016435 0.053634 0.103265
0.019794 0.059106 0.104651
0.015353 0.056041 0.104653
0.018860 0.057682 0.097480
0.015882 0.053839 0.100162
0.016680 0.058762 0.097413
0.014591 0.055278 0.097865
0.015697 0.054911 0.103686
0.020221 0.057589 0.100677
0.012681 0.050942 0.101140
0.020543 0.058995 0.106352
0.015522 0.051017 0.101350
0.016792 0.058414 0.106709
0.015616 0.054439 0.100460
0.016028 0.058862 0.097974
0.018673 0.059182 0.103301
0.016148 0.051696 0.100981
0.020911 0.056301 0.100771
0.016300 0.058449 0.103688
0.015336 0.058152 0.100481
0.017454 0.058956 0.104767
0.019956 0.056063 0.097220
0.015580 0.050673 0.103388
0.015585 0.057917 0.103219
0.016426 0.053681 0.103474
0.017189 0.052608 0.104979
0.021028 0.057880 0.104893
0.021379 0.055518 0.100756
0.016715 0.052415 0.102637
0.016004 0.057407 0.107332
0.018974 0.057193 0.096472
0.016113 0.050825 0.104751
0.018826 0.059387 0.105376
0.014771 0.057745 0.099074
0.015656 0.051696 0.099541
0.014338 0.056391 0.097700
0.014549 0.050623 0.104890
0.017043 0.052301 0.103861
0.021598 0.056097 0.102201
0.016151 0.057834 0.107216
0.015867 0.057644 0.106214
0.016395 0.051053 0.104604
0.017576 0.058685 0.097755
0.014636 0.055575 0.098366
0.014269 0.050857 0.099972
0.020146 0.059058 0.105678
0.019875 0.056319 0.097608
0.015198 0.056140 0.103294
0.021462 0.056826 0.103325
0.015855 0.054620 0.103433
0.015808 0.055325 0.107124
0.016001 0.058073 0.105303
0.017137 0.059121 0.100684
0.023055 0.054003 0.099739
0.015899 0.050894 0.102544
0.020236 0.059252 0.107493
0.016318 0.051427 0.102688
0.018993 0.058959 0.102582
0.020136 0.058426 0.103000
0.015845 0.054301 0.101405
0.016770 0.052980 0.103125
0.019871 0.059216 0.105759
0.021664 0.057112 0.105527
0.016746 0.051231 0.105058
0.021952 0.055668 0.101330
0.015189 0.057919 0.101072
0.017186 0.059126 0.100306
0.016192 0.052993 0.100022
0.014335 0.056558 0.097827
0.019027 0.058357 0.099559
0.015743 0.053775 0.099533
0.013205 0.050909 0.102484
0.015025 0.056242 0.101566
0.021890 0.056507 0.104274
0.013544 0.050921 0.101609
0.015370 0.053503 0.097818
0.020459 0.057858 0.102227
0.020989 0.057123 0.102299
0.023256 0.054015 0.099927
0.016677 0.058887 0.101122
0.023323 0.054273 0.101667
0.017333 0.052041 0.104945
0.015055 0.055691 0.100676
0.012829 0.050906 0.100433
0.015464 0.056804 0.105260
0.012333 0.050919 0.103702
0.015425 0.055507 0.103922
0.018619 0.058086 0.097639
0.020486 0.059189 0.107830
0.021004 0.056711 0.101552
0.016430 0.053949 0.106986
0.018070 0.058722 0.108489
0.021399 0.057280 0.104737
0.019728 0.057641 0.099379
0.017195 0.051369 0.105640
0.015973 0.057693 0.106781
0.022155 0.055536 0.102091
0.015255 0.054986 0.099893
0.018470 0.058196 0.097491
0.015373 0.055233 0.102084
0.015910 0.057691 0.106345
0.017940 0.058604 0.109358
0.015854 0.054789 0.104838
0.017322 0.058685 0.097301
0.020034 0.056531 0.098698
0.014798 0.056946 0.100666
0.016414 0.057710 0.108700
0.020067 0.059032 0.105332
0.021680 0.054595 0.098734
0.018109 0.059154 0.102267
0.020674 0.058538 0.105282
0.016537 0.058664 0.103313
0.016578 0.058920 0.100456
0.020457 0.057492 0.101763
0.014750 0.057966 0.097835
0.018678 0.059243 0.106445
0.020812 0.058376 0.105603
0.014794 0.056306 0.100034
0.016416 0.058387 0.104856
0.021594 0.057290 0.105637
0.020530 0.057646 0.102014
0.020666 0.057470 0.101975
0.016169 0.058540 0.102407
0.016039 0.058137 0.104779
0.018980 0.057366 0.096853
0.016992 0.051579 0.104400
0.016857 0.058641 0.104833
0.015709 0.056658 0.106934
0.020785 0.058653 0.106133
0.020504 0.058658 0.105124
0.020541 0.058047 0.103252
0.022015 0.055516 0.101876
0.023491 0.054219 0.102151
0.019980 0.058511 0.102725
0.016858 0.059040 0.099662
0.015300 0.054419 0.098871
0.019294 0.059097 0.109631
0.016073 0.050971 0.102711
0.015554 0.055291 0.104570
0.016327 0.057571 0.108585
0.020926 0.057410 0.102968
0.021367 0.057371 0.104985
0.014480 0.057580 0.097978
0.021998 0.054639 0.099535
0.014990 0.055540 0.099506
0.015103 0.056572 0.102547
0.020105 0.058179 0.102045
0.021199 0.056932 0.102662
0.017242 0.059134 0.100839
0.015519 0.057637 0.104313
0.015227 0.057952 0.101215
0.015962 0.050767 0.104631
0.015207 0.050989 0.099785
0.015861 0.054641 0.103688
0.016935 0.058303 0.108111
0.019260 0.058383 0.100122
0.015549 0.053791 0.098805
0.017874 0.058563 0.097759
0.021094 0.058320 0.106144
0.015621 0.057912 0.103705
0.020257 0.057555 0.100829
0.016802 0.053426 0.106059
0.015187 0.056827 0.103243
0.020184 0.056649 0.099501
0.016058 0.052820 0.099512
0.014914 0.055590 0.099198
0.014304 0.056812 0.098156
0.016444 0.054020 0.105945
0.015535 0.050953 0.101660
0.020638 0.056629 0.100490
0.020551 0.057866 0.102616
0.015802 0.055515 0.107458
0.023706 0.054106 0.101994
0.014182 0.050685 0.104607
0.019641 0.057813 0.099534
0.015974 0.054846 0.106524
0.020399 0.058687 0.104890
0.017960 0.059209 0.103232
0.015759 0.057370 0.106175
0.014765 0.050818 0.098936
0.014847 0.056169 0.099934
0.015070 0.056345 0.102386
0.015182 0.051046 0.099589
0.016072 0.052348 0.099636
0.020072 0.055961 0.097625
0.015799 0.051840 0.099693
0.015896 0.054440 0.102802
0.020696 0.057031 0.101486
0.014588 0.050769 0.103063
0.016448 0.051145 0.104226
0.015806 0.053842 0.099920
0.016317 0.053774 0.102818
0.020245 0.059046 0.105945
0.023072 0.054508 0.101673
0.020591 0.058734 0.105851
0.016302 0.053871 0.103441
0.020474 0.056671 0.100142
0.020861 0.057426 0.102533
0.022269 0.054791 0.100431
0.021045 0.058256 0.105889
0.015964 0.050810 0.103818
0.015669 0.055910 0.106743
0.016840 0.052988 0.103504
0.021043 0.056148 0.100851
0.019002 0.059160 0.103344
0.014883 0.056871 0.100952
0.015784 0.050691 0.102937
0.019679 0.058971 0.103526
0.015858 0.057525 0.106669
0.016247 0.053822 0.102377
0.015265 0.056106 0.104109
0.016921 0.053141 0.105293
0.020377 0.058392 0.103810
0.016792 0.058426 0.106852
0.015455 0.056978 0.104945
0.013766 0.050792 0.099470
0.012003 0.050958 0.102763
0.020731 0.058911 0.106662
0.023950 0.053931 0.101264
0.016330 0.058841 0.099156
0.015285 0.056647 0.104196
0.015396 0.056970 0.104539
0.020322 0.058296 0.103247
0.014208 0.057289 0.097551
0.015040 0.058304 0.097350
0.023251 0.054440 0.102041
0.015534 0.051858 0.098497
0.015734 0.054805 0.103371
0.013730 0.050918 0.101914
0.017586 0.058806 0.098343
0.015064 0.055058 0.098920
0.012784 0.050880 0.100161
0.015996 0.058677 0.100222
0.015000 0.057620 0.101210
0.019789 0.057371 0.099233
0.017183 0.052673 0.105142
0.015691 0.054479 0.101014
0.015259 0.057802 0.102097
0.016016 0.054489 0.104376
0.017773 0.059147 0.100659
0.013027 0.050888 0.103692
0.015883 0.054403 0.102435
0.017753 0.058904 0.106055
0.015907 0.054012 0.100747
0.016038 0.057651 0.107079
0.021116 0.057223 0.103228
0.021696 0.056166 0.102781
0.019961 0.058776 0.103589
0.020786 0.057271 0.101936
0.017008 0.059079 0.100383
0.014678 0.057293 0.099720
0.015501 0.057183 0.105141
0.018583 0.058987 0.107831
0.022619 0.054764 0.100786
0.019473 0.057205 0.098220
0.012387 0.050804 0.104680
0.019962 0.058114 0.101364
0.021568 0.055674 0.100982
0.016276 0.058044 0.107037
0.022680 0.054194 0.099921
0.020739 0.058134 0.104394
0.020706 0.055335 0.098555
0.017848 0.058869 0.106391
0.023451 0.053849 0.100394
0.018580 0.059032 0.107328
0.015914 0.053311 0.099400
0.015807 0.056874 0.107348
0.016702 0.051960 0.103394
0.014601 0.057780 0.097891
0.021190 0.057646 0.104796
0.018421 0.058493 0.098514
0.015436 0.056198 0.105152
0.019716 0.056298 0.097027
0.020111 0.056405 0.098964
0.015533 0.055950 0.105616
0.016556 0.052119 0.102500
0.015249 0.057466 0.102787
0.016385 0.051987 0.100631
0.015393 0.057434 0.103696
0.020840 0.057339 0.102165
0.016560 0.051935 0.102898
0.015783 0.050746 0.103483
0.016660 0.051272 0.104236
0.017677 0.058668 0.107247
0.013506 0.050942 0.101020
0.015975 0.058246 0.103327
0.020714 0.056078 0.099969
0.015953 0.053066 0.099114
0.016316 0.058865 0.099527
0.015740 0.054856 0.103790
0.015748 0.056366 0.107714
0.015355 0.055307 0.102324
0.015471 0.056524 0.105449
0.018473 0.059076 0.101794
0.016640 0.053562 0.105218
0.020871 0.054989 0.097810
0.022849 0.054723 0.101650
0.015177 0.050679 0.103827
0.015854 0.053685 0.099821
0.017823 0.059083 0.100259
0.018262 0.058865 0.100021
0.015061 0.050553 0.105003
0.016172 0.058489 0.102817
0.022217 0.055583 0.102530
0.016806 0.058944 0.101823
0.018755 0.059337 0.105934
0.022531 0.055617 0.103871
0.015429 0.055010 0.101213
0.020233 0.055570 0.097535
0.015435 0.057783 0.103005
0.015146 0.055837 0.102335
0.014848 0.058166 0.097155
0.016174 0.052185 0.099981
0.016639 0.052038 0.103019
0.020199 0.059296 0.107824
0.016563 0.053390 0.103080
0.021252 0.055090 0.099122
0.015718 0.051934 0.099069
0.019151 0.059333 0.106847
0.015470 0.050684 0.103654
0.017541 0.058828 0.105922
0.021135 0.058415 0.106478
0.014447 0.050779 0.098946
0.017235 0.051614 0.105267
0.014553 0.050872 0.100329
0.015453 0.050641 0.104728
0.021046 0.057398 0.103408
0.019677 0.059374 0.107910
0.014017 0.050710 0.104819
0.015341 0.051484 0.098423
0.016884 0.053197 0.105488
0.020654 0.058345 0.104654
0.014061 0.050908 0.101919
0.014802 0.057234 0.100765
0.014774 0.057617 0.099509
0.019363 0.058605 0.101156
0.019568 0.056903 0.097905
0.016131 0.053677 0.100961
0.019036 0.059211 0.104055
0.020253 0.056948 0.099955
0.016225 0.058636 0.102000
0.015774 0.053629 0.099375
0.020794 0.057068 0.101674
0.021206 0.057224 0.103509
0.015541 0.058648 0.097338
0.016319 0.054213 0.106018
0.014738 0.057144 0.100549
0.016615 0.058229 0.107496
0.019762 0.057818 0.100041
0.012537 0.050940 0.101036
0.017735 0.058830 0.098685
0.016700 0.058090 0.108485
0.020683 0.058896 0.106438
0.018233 0.058767 0.099354
0.015652 0.051537 0.099859
0.023252 0.054112 0.101126
0.015704 0.053642 0.099088
0.012028 0.050875 0.103541
0.022419 0.055276 0.101868
0.013551 0.050831 0.103327
0.015616 0.055373 0.105244
0.013351 0.050848 0.103640
0.015108 0.056881 0.102550
0.017065 0.058920 0.103715
0.020954 0.058723 0.106606
0.015288 0.055120 0.100518
0.013215 0.050939 0.101085
0.018174 0.059262 0.104799
0.015252 0.051343 0.098596
0.016892 0.053217 0.106129
0.013553 0.050929 0.100724
0.018082 0.058699 0.098763
0.018085 0.058886 0.106761
0.016464 0.058708 0.096878
0.021246 0.056811 0.102497
0.018632 0.059162 0.106777
0.015862 0.052880 0.098780
0.015632 0.056441 0.106481
0.015160 0.056408 0.103103
0.021240 0.057518 0.104463
0.015181 0.057778 0.101791
0.018483 0.059080 0.102581
0.014378 0.056450 0.098081
0.017118 0.052024 0.104380
0.021318 0.055593 0.100359
0.016536 0.058685 0.096755
0.014564 0.057838 0.097530
0.016223 0.057668 0.107790
0.015491 0.050641 0.104955
0.022475 0.055341 0.102368
0.016325 0.052665 0.100157
0.020597 0.059113 0.107428
0.016425 0.051526 0.102996
0.016508 0.051772 0.102878
0.018003 0.058652 0.109036
0.015673 0.051656 0.099708
0.018036 0.058384 0.097034
0.018657 0.059275 0.106191
0.015714 0.058507 0.100114
0.022513 0.054955 0.101553
0.016618 0.058100 0.108133
0.018619 0.059354 0.104626
0.015646 0.055929 0.106369
0.015674 0.057064 0.106217
0.015631 0.058215 0.101893
0.022461 0.054516 0.100078
0.015594 0.055290 0.104905
0.022809 0.054914 0.102191
0.018599 0.058864 0.109235
0.016426 0.051972 0.102226
0.016205 0.058818 0.099914
0.015735 0.055942 0.107422
0.013023 0.050933 0.101314
0.015125 0.051100 0.098976
0.015244 0.050610 0.104571
0.015011 0.056469 0.101734
0.015581 0.050689 0.104144
0.015039 0.058159 0.098327
0.016518 0.058747 0.097543
0.019459 0.057924 0.099335
0.015684 0.055862 0.106945
0.016032 0.054474 0.104727
0.022526 0.055604 0.103612
0.016400 0.052028 0.101963
0.016789 0.058077 0.108838
0.012997 0.050922 0.103363
0.014446 0.050790 0.099286
0.015388 0.051099 0.100364
0.018629 0.057650 0.096308
0.017359 0.058599 0.096908
0.015753 0.050932 0.102091
0.015739 0.058721 0.098404
0.017051 0.051469 0.104736
0.016328 0.053952 0.104551
0.016588 0.053764 0.106334
0.019023 0.059214 0.103669
0.020301 0.057684 0.101732
0.015843 0.055138 0.106735
0.019921 0.057157 0.099441
0.015365 0.054724 0.099940
0.017118 0.059050 0.102176
0.021247 0.057728 0.105369
0.018011 0.058943 0.099861
0.016669 0.053596 0.106480
0.014384 0.057037 0.098653
0.015657 0.056377 0.106640
0.018303 0.058882 0.107336
0.015600 0.057103 0.105789
0.014869 0.055757 0.099252
0.016207 0.054151 0.104246
0.015895 0.058009 0.104996
0.017309 0.059103 0.102022
0.023568 0.053879 0.101226
0.016601 0.051693 0.103643
0.020417 0.055307 0.097431
0.015459 0.057679 0.103727
0.020518 0.056197 0.099735
0.023429 0.053816 0.100724
0.019268 0.059372 0.106206
0.016915 0.058250 0.108396
0.016766 0.053394 0.105327
0.016494 0.052923 0.100986
0.017403 0.059061 0.099726
0.015128 0.055114 0.099443
0.015770 0.054610 0.102534
0.019360 0.058208 0.099888
0.015850 0.056803 0.107846
0.016133 0.051089 0.102557
0.016516 0.051542 0.103506
0.015071 0.057315 0.102241
0.016047 0.057233 0.108050
0.016046 0.051296 0.101393
0.015324 0.056693 0.104380
0.017286 0.058500 0.107704
0.020632 0.057781 0.102414
0.016688 0.051112 0.105323
0.021312 0.057770 0.105746
0.016512 0.058337 0.105849
0.015534 0.057480 0.104811
0.020730 0.057810 0.103300
0.013352 0.050931 0.101840
0.016204 0.053826 0.102092
0.015464 0.057754 0.103392
0.019229 0.057199 0.097236
0.016094 0.052328 0.099759
0.013377 0.050780 0.099408
0.014196 0.056910 0.097797
0.018055 0.058230 0.096484
0.016932 0.058971 0.102473
0.019779 0.056922 0.098555
0.017670 0.059016 0.105067
0.016229 0.053125 0.100207
0.022344 0.055423 0.102152
0.017950 0.059170 0.102594
0.017249 0.052494 0.105223
0.019652 0.059195 0.109688
0.023595 0.053794 0.100368
0.014664 0.057542 0.099162
0.015337 0.058431 0.098220
0.015031 0.056967 0.102210
0.017995 0.058439 0.097385
0.015477 0.051016 0.100731
0.017301 0.052014 0.106080
0.017139 0.058681 0.097036
0.020055 0.059357 0.108008
0.014930 0.055346 0.098901
0.014683 0.056859 0.100183
0.015350 0.054136 0.098667
0.015692 0.057275 0.106011
0.016212 0.054420 0.106403
0.016327 0.053291 0.100919
0.016396 0.052878 0.100576
0.016771 0.058382 0.106992
0.020761 0.055245 0.098408
0.020897 0.057948 0.104309
0.015529 0.056694 0.105714
0.015890 0.058730 0.098756
0.021065 0.058082 0.105579
0.016000 0.058497 0.101878
0.016555 0.058642 0.103583
0.019181 0.058640 0.100820
0.014314 0.050788 0.099367
0.015162 0.058341 0.097987
0.018407 0.059070 0.101451
0.019957 0.058455 0.102334
0.022077 0.055705 0.102563
0.017194 0.051996 0.104622
0.016654 0.052833 0.101981
0.015634 0.055821 0.106155
0.017823 0.059124 0.104772
0.015338 0.058559 0.097167
0.014554 0.056559 0.099065
0.016077 0.051967 0.100023
0.022968 0.054400 0.100999
0.013046 0.050940 0.102676
0.022015 0.055553 0.101461
0.022642 0.055387 0.103163
0.015960 0.053557 0.099938
0.020879 0.057731 0.103683
0.016969 0.058228 0.108700
0.015674 0.055441 0.105695
0.015289 0.055810 0.103572
0.015993 0.058534 0.101205
0.017079 0.058994 0.099174
0.021226 0.057440 0.104257
0.022177 0.055361 0.101620
0.023781 0.053825 0.100416
0.020069 0.055837 0.097250
0.017269 0.058692 0.106025
0.015925 0.050798 0.104107
0.015003 0.057478 0.101743
0.016438 0.058005 0.107913
0.018821 0.059016 0.102260
0.020483 0.055219 0.097648
0.016202 0.058232 0.105005
0.019980 0.057903 0.101173
0.014970 0.056026 0.100737
0.022503 0.054841 0.101300
0.020698 0.055141 0.097898
0.014004 0.050762 0.103794
0.014747 0.056973 0.100541
0.020247 0.058554 0.103918
0.018092 0.058273 0.096695
0.016266 0.058838 0.097689
0.020959 0.057832 0.104171
0.019874 0.056662 0.098301
0.016625 0.050968 0.105667
0.019074 0.059018 0.109463
0.014941 0.050947 0.100244
0.016143 0.054110 0.103265
0.015287 0.051106 0.100146
0.018059 0.059169 0.102114
0.015470 0.057205 0.104778
0.016764 0.052319 0.102966
0.015446 0.056503 0.105288
0.022383 0.055771 0.103647
0.012003 0.050911 0.103171
0.016150 0.058697 0.096711
0.014639 0.057034 0.100050
0.017593 0.059137 0.102748
0.014871 0.056611 0.100686
0.020769 0.058490 0.105653
0.015234 0.051284 0.098830
0.016168 0.050919 0.103708
0.020335 0.057356 0.100626
0.015406 0.057837 0.102628
0.015658 0.050684 0.102826
0.016203 0.058204 0.105395
0.022719 0.054696 0.100819
0.016750 0.053187 0.103528
0.016003 0.054378 0.103478
0.016406 0.058899 0.099859
0.016257 0.054296 0.105967
0.020891 0.055560 0.099449
0.016900 0.058937 0.098645
0.017630 0.059166 0.103455
0.018177 0.059005 0.106445
0.020002 0.058156 0.101563
0.018381 0.058130 0.096770
0.021603 0.055933 0.101534
0.022769 0.054427 0.100209
0.022659 0.055097 0.102389
0.017380 0.058794 0.105660
0.016447 0.051777 0.102505
0.020944 0.057009 0.101910
0.015727 0.051836 0.099531
0.021332 0.057566 0.105342
0.016400 0.058855 0.100373
0.020821 0.057087 0.101776
0.016284 0.058384 0.104106
0.013565 0.050905 0.100511
0.019991 0.058363 0.102104
0.020672 0.056986 0.101296
0.015246 0.058339 0.098666
0.015832 0.054036 0.100423
0.015217 0.056059 0.103537
0.014188 0.050777 0.099485
0.015436 0.055193 0.102628
0.015685 0.052805 0.098454
0.016168 0.058079 0.106164
0.016367 0.058741 0.101619
0.013656 0.050806 0.103926
0.016843 0.052047 0.103675
0.021023 0.057473 0.103535
0.022605 0.054781 0.101007
0.023571 0.054115 0.101750
0.017006 0.053002 0.106554
0.019763 0.057590 0.099673
0.015537 0.052795 0.098109
0.021304 0.055450 0.100614
0.016717 0.053370 0.104687
0.017117 0.058975 0.103255
0.016050 0.057590 0.107288
0.016602 0.053501 0.104042
0.017317 0.058539 0.096549
0.018082 0.058746 0.108211
0.014046 0.050808 0.098842
0.015906 0.056775 0.108281
0.015704 0.053000 0.098471
0.015138 0.056974 0.102842
0.019898 0.056829 0.098868
0.015473 0.057312 0.104617
0.019359 0.058641 0.101349
0.017302 0.058568 0.096673
0.015870 0.051606 0.100361
0.018215 0.058323 0.097227
0.020709 0.056506 0.100427
0.014177 0.050762 0.103672
0.015232 0.056894 0.103742
0.016442 0.057878 0.108253
0.020846 0.058309 0.105379
0.015932 0.050814 0.104442
0.020133 0.057793 0.101298
0.020881 0.055218 0.098661
0.015593 0.052079 0.098386
0.019021 0.057692 0.097703
0.015150 0.050690 0.103119
0.016720 0.053304 0.103852
0.022602 0.055157 0.102127
0.014744 0.056879 0.100449
0.014720 0.050859 0.099831
0.016596 0.057864 0.108926
0.021448 0.056685 0.102975
0.023303 0.054003 0.100856
0.015679 0.050731 0.104381
0.021538 0.054611 0.098467
0.020570 0.056407 0.100068
0.014989 0.057277 0.101951
0.016750 0.058687 0.104130
0.017383 0.058975 0.104434
0.017021 0.051409 0.104504
0.015549 0.055189 0.103782
0.016080 0.054315 0.103895
0.018699 0.058973 0.108611
0.016666 0.052488 0.101789
0.015669 0.058741 0.096945
0.017453 0.058494 0.108338
0.017019 0.052739 0.104089
0.018864 0.059367 0.104767
0.020272 0.058762 0.104699
0.022934 0.054726 0.101916
0.016791 0.052556 0.102883
0.015850 0.051784 0.099909
0.015410 0.055650 0.104106
0.019025 0.057796 0.097949
0.017077 0.059026 0.101454
0.015697 0.055010 0.104508
0.021088 0.055757 0.099945
0.019141 0.058327 0.099729
0.016344 0.053707 0.102643
0.017390 0.059118 0.101522
0.016346 0.058020 0.107436
0.015244 0.055076 0.100078
0.020265 0.058213 0.102697
0.019644 0.058048 0.100275
0.015502 0.057089 0.105277
0.017124 0.058539 0.096228
0.019073 0.057949 0.098491
0.020757 0.057619 0.102782
0.021987 0.054478 0.099058
0.016117 0.058586 0.101723
0.015905 0.050797 0.102808
0.016270 0.051886 0.100979
0.016480 0.052149 0.101399
0.015719 0.050764 0.102541
0.015865 0.055170 0.107432
0.016951 0.051834 0.104194
0.022129 0.056249 0.104364
0.017530 0.058467 0.096553
0.018926 0.059164 0.107769
0.016546 0.052531 0.100899
0.015753 0.054558 0.102074
0.020505 0.057929 0.102819
0.014847 0.050673 0.103962
0.015165 0.050672 0.103467
0.015705 0.056018 0.107180
0.020102 0.056113 0.098126
0.015986 0.054780 0.105818
0.014872 0.056320 0.100402
0.016324 0.051195 0.103150
0.018660 0.058652 0.099774
0.018264 0.058802 0.108407
0.013012 0.050929 0.100956
0.021586 0.055356 0.100461
0.015772 0.057007 0.106996
0.017122 0.052819 0.104853
0.016460 0.052371 0.100407
0.015087 0.050923 0.101199
0.015604 0.054986 0.103111
0.015586 0.055844 0.105888
0.015574 0.054163 0.099564
0.022224 0.055854 0.103265
0.018374 0.058637 0.099095
0.019291 0.057722 0.098599
0.015624 0.057052 0.105964
0.021814 0.056897 0.105293
0.018574 0.057835 0.096591
0.016151 0.053088 0.099936
0.016395 0.053677 0.103041
0.014263 0.056813 0.097944
0.015974 0.054634 0.105145
0.016131 0.058343 0.103543
0.014845 0.058121 0.097508
0.015042 0.057850 0.100349
0.020488 0.058371 0.104226
0.013021 0.050928 0.100618
0.018801 0.059063 0.108115
0.016186 0.057484 0.108171
0.018851 0.059300 0.104365
0.012685 0.050921 0.100780
0.016489 0.053891 0.106698
0.021416 0.056279 0.102152
0.019596 0.059325 0.106389
0.021251 0.055819 0.100869
0.016447 0.058671 0.096654
0.020956 0.057907 0.104549
0.023043 0.054292 0.101150
0.015491 0.058177 0.101453
0.022039 0.055306 0.100843
0.013754 0.050899 0.100394
0.014854 0.054721 0.097920
0.021317 0.056555 0.102219
0.012686 0.050964 0.101832
0.018958 0.058978 0.109661
0.020492 0.057231 0.101504
0.012501 0.050893 0.104031
0.015751 0.055991 0.107897
0.014944 0.057699 0.100559
0.013681 0.050767 0.104686
0.017856 0.058754 0.107012
0.019287 0.059378 0.105863
0.016151 0.053973 0.102410
0.016325 0.051726 0.102010
0.021040 0.057127 0.102489
0.016551 0.053638 0.104965
0.019292 0.059127 0.108835
0.014651 0.057186 0.099927
0.021020 0.058694 0.106772
0.021769 0.055982 0.102365
0.018458 0.059328 0.104444
0.014467 0.057196 0.099076
0.021857 0.055680 0.101952
0.016497 0.058247 0.106795
0.018779 0.058264 0.098369
0.021223 0.057319 0.103914
0.016356 0.051683 0.102265
0.019963 0.059333 0.108556
0.020341 0.057539 0.101498
0.013730 0.050851 0.102652
0.016018 0.054703 0.106838
0.014719 0.056067 0.098981
0.016650 0.058500 0.105063
0.018516 0.058392 0.098253
0.019857 0.058319 0.101606
0.014870 0.056166 0.100245
0.016266 0.052788 0.100072
0.014891 0.050740 0.103065
0.015740 0.052196 0.098739
0.014140 0.050714 0.104059
0.016626 0.053658 0.106717
0.014570 0.055592 0.098127
0.022797 0.055260 0.103281
0.016128 0.053634 0.100802
0.015494 0.057248 0.104960
0.015536 0.053092 0.098176
0.020419 0.058121 0.103030
0.021105 0.055965 0.100547
0.018702 0.058269 0.098177
0.022873 0.055127 0.103095
0.016622 0.058533 0.104728
0.016023 0.058232 0.103792
0.020015 0.058606 0.103236
0.015923 0.051146 0.101554
0.015819 0.058285 0.102340
0.015791 0.058458 0.100686
0.015481 0.058325 0.100151
0.016836 0.053113 0.103912
0.021937 0.055836 0.102429
0.014964 0.056784 0.101610
0.014849 0.057769 0.099289
