0.100875 -0.019867 0.220933
0.105661 -0.018469 0.220640
0.102759 -0.020270 0.216026
0.103124 -0.019662 0.219069
0.104122 -0.018928 0.221382
0.097407 -0.020027 0.220476
0.101181 -0.020554 0.214985
0.102064 -0.017767 0.216507
0.095884 -0.020204 0.219479
0.100985 -0.020534 0.217332
0.104560 -0.019331 0.216916
0.097173 -0.020199 0.219605
0.105045 -0.019055 0.217710
0.099612 -0.019959 0.220569
0.100878 -0.020651 0.216450
0.103303 -0.020088 0.215902
0.103774 -0.019818 0.217945
0.105380 -0.018470 0.218729
0.102938 -0.019182 0.221565
0.102854 -0.019737 0.219101
0.098039 -0.020664 0.213346
0.102048 -0.020477 0.216201
0.101336 -0.020486 0.217448
0.100120 -0.020517 0.213853
0.102286 -0.020192 0.218473
0.098128 -0.020716 0.213999
0.095487 -0.020400 0.216713
0.102104 -0.020002 0.219844
0.104984 -0.019091 0.218564
0.104269 -0.019653 0.217338
0.099369 -0.020526 0.217441
0.098792 -0.020124 0.219703
0.098559 -0.019588 0.211511
0.106104 -0.017976 0.221045
0.096507 -0.020146 0.219768
0.099201 -0.020091 0.220113
0.103395 -0.020007 0.217549
0.099565 -0.020690 0.213979
0.098337 -0.020263 0.218817
0.099219 -0.019796 0.211911
0.094943 -0.020282 0.212167
0.104037 -0.019255 0.219813
0.098337 -0.020263 0.218817
0.103630 -0.019948 0.215818
0.105905 -0.018334 0.220243
0.096927 -0.020186 0.219902
0.095400 -0.020603 0.213991
0.105832 -0.018305 0.220722
0.097461 -0.020265 0.218844
0.105997 -0.017872 0.220517
0.105036 -0.018830 0.220056
0.101865 -0.020060 0.219887
0.094910 -0.020498 0.213975
0.100680 -0.019962 0.220373
0.100663 -0.020549 0.215381
0.097027 -0.020695 0.214505
0.101166 -0.020451 0.218049
0.096251 -0.020107 0.211353
0.097480 -0.020699 0.216096
0.101101 -0.020023 0.219759
0.095911 -0.020199 0.219758
0.102582 -0.017255 0.220783
0.099229 -0.020579 0.217319
0.101104 -0.019627 0.221639
0.103329 -0.019683 0.218858
0.099408 -0.018880 0.212392
0.104540 -0.019444 0.217136
0.103577 -0.019335 0.219800
0.100782 -0.020344 0.218782
0.099509 -0.020324 0.212943
0.096713 -0.020676 0.214474
0.096460 -0.020628 0.215628
0.095579 -0.020369 0.218484
0.094869 -0.019884 0.211009
0.104373 -0.019153 0.219978
0.103520 -0.019850 0.214960
0.102738 -0.019939 0.214244
0.096290 -0.020215 0.218907
0.103800 -0.019729 0.215400
0.102308 -0.019691 0.220672
0.098818 -0.020146 0.219392
0.106128 -0.017997 0.221446
0.103574 -0.019586 0.218849
0.099298 -0.020583 0.216536
0.102178 -0.017903 0.214812
0.097211 -0.020748 0.215542
0.105746 -0.017781 0.222417
0.102838 -0.020296 0.215023
0.104729 -0.018556 0.221985
0.101063 -0.020556 0.215272
0.104247 -0.019629 0.217512
0.100506 -0.020680 0.215999
0.101362 -0.020431 0.217721
0.103750 -0.019918 0.216070
0.103088 -0.019540 0.219920
0.100822 -0.020625 0.216123
0.105282 -0.018287 0.221474
0.095916 -0.020622 0.213783
0.095296 -0.020572 0.214444
0.102836 -0.020138 0.217556
0.100769 -0.020630 0.217006
0.100404 -0.020597 0.214043
0.098293 -0.020820 0.215230
0.096839 -0.020035 0.221070
0.099077 -0.020306 0.218502
0.096236 -0.020587 0.213095
0.099598 -0.020235 0.219213
0.096472 -0.019215 0.210952
0.100837 -0.020561 0.215573
0.098946 -0.020729 0.216147
0.096666 -0.020664 0.214119
0.101796 -0.020474 0.216115
0.101804 -0.020060 0.219505
0.104066 -0.017351 0.219721
0.101802 -0.019964 0.220342
0.096034 -0.020724 0.214576
0.103137 -0.020168 0.216290
0.100299 -0.020193 0.213013
0.100404 -0.020597 0.214043
0.095375 -0.020324 0.211715
0.102415 -0.020172 0.218358
0.100092 -0.020342 0.218482
0.097181 -0.020630 0.216063
0.096929 -0.020557 0.212737
0.102295 -0.018265 0.214321
0.102487 -0.017595 0.217911
0.104644 -0.019255 0.218694
0.098750 -0.019893 0.220917
0.102943 -0.019321 0.220887
0.097669 -0.020574 0.217128
0.094941 -0.020433 0.213594
0.103922 -0.019778 0.215858
0.100235 -0.020365 0.213253
0.097606 -0.020042 0.220228
0.102755 -0.019681 0.219879
0.096814 -0.020372 0.217709
0.103348 -0.020033 0.214925
0.099014 -0.020092 0.219905
0.103691 -0.017749 0.217796
0.094713 -0.018242 0.215050
0.103520 -0.019850 0.214960
0.101127 -0.020585 0.216038
0.096075 -0.020178 0.220776
0.099827 -0.020315 0.218958
0.096225 -0.020155 0.219814
0.096332 -0.020746 0.215332
0.101192 -0.020002 0.220403
0.100693 -0.020573 0.217242
0.101765 -0.019070 0.213480
0.095507 -0.020276 0.219419
0.100944 -0.018632 0.213377
0.103280 -0.019385 0.220330
0.105388 -0.018708 0.218840
0.105555 -0.017950 0.222473
0.102933 -0.017803 0.216313
0.096439 -0.020364 0.211888
0.101017 -0.020547 0.214061
0.095960 -0.019330 0.210873
0.105899 -0.018155 0.221382
0.099659 -0.019990 0.212596
0.099826 -0.020716 0.215380
0.097483 -0.019136 0.211326
0.102937 -0.018088 0.215006
0.098626 -0.020719 0.216324
0.103427 -0.020069 0.215411
0.097479 -0.020664 0.213261
0.104566 -0.019070 0.220004
0.102104 -0.017531 0.218957
0.101183 -0.020107 0.219516
0.101808 -0.020244 0.218749
0.105635 -0.018552 0.220144
0.105750 -0.017763 0.222569
0.104032 -0.019728 0.217657
0.096579 -0.020303 0.212054
0.099457 -0.020170 0.219652
0.098888 -0.020298 0.218519
0.098949 -0.020656 0.214159
0.098360 -0.020083 0.211799
0.099299 -0.020749 0.215492
0.096305 -0.020621 0.213726
0.099455 -0.020281 0.218892
0.099945 -0.019925 0.212646
0.095871 -0.020639 0.214104
0.104745 -0.019057 0.219420
0.097577 -0.020694 0.213936
0.102614 -0.017920 0.215147
0.105339 -0.018661 0.218572
0.102271 -0.020322 0.217461
0.096483 -0.020454 0.216983
0.096016 -0.020244 0.218909
0.096536 -0.020388 0.218397
0.097083 -0.020054 0.220393
0.098888 -0.020298 0.218519
0.102972 -0.019692 0.219404
0.095651 -0.020426 0.212262
0.103446 -0.018886 0.222193
0.104797 -0.018572 0.221694
0.104324 -0.019639 0.217142
0.102376 -0.019444 0.221323
0.101753 -0.019631 0.221305
0.095450 -0.020583 0.215551
0.105252 -0.018543 0.220975
0.100832 -0.019679 0.221510
0.097333 -0.020040 0.220294
0.100270 -0.020632 0.215056
0.102987 -0.020216 0.216821
0.105018 -0.018915 0.219428
0.105922 -0.017478 0.220879
0.100018 -0.020683 0.214543
0.105237 -0.018926 0.218777
0.103395 -0.020007 0.217549
0.104927 -0.018869 0.217521
0.101260 -0.020484 0.214036
0.104838 -0.018672 0.221342
0.099505 -0.020752 0.215336
0.103405 -0.019113 0.221338
0.100913 -0.019624 0.221828
0.096277 -0.020482 0.216667
0.104534 -0.019240 0.218991
0.099067 -0.020719 0.215587
0.098291 -0.020728 0.214611
0.097112 -0.020627 0.213273
0.105624 -0.018404 0.219663
0.102578 -0.019860 0.219534
0.104024 -0.019124 0.220689
0.097639 -0.020658 0.216828
0.103524 -0.019951 0.215171
0.098759 -0.020675 0.214314
0.102263 -0.020314 0.217305
0.105565 -0.018551 0.220467
0.101917 -0.020425 0.214841
0.095682 -0.020609 0.213613
0.100710 -0.020686 0.214599
0.095581 -0.020466 0.212903
0.095692 -0.020648 0.214277
0.102767 -0.020274 0.216277
0.096324 -0.020287 0.211641
0.099460 -0.020039 0.220237
0.099023 -0.020745 0.214916
0.102321 -0.020297 0.214545
0.101327 -0.020533 0.216261
0.095661 -0.018100 0.216955
0.106330 -0.017356 0.222529
0.099406 -0.019438 0.211781
0.102563 -0.019808 0.219728
0.100680 -0.019962 0.220373
0.096440 -0.020594 0.213329
0.104130 -0.019506 0.218527
0.098869 -0.020680 0.213827
0.095221 -0.020561 0.215614
0.102556 -0.019661 0.220266
0.104784 -0.019200 0.218475
0.104063 -0.019659 0.218059
0.097118 -0.020680 0.213861
0.096626 -0.020581 0.216013
0.100326 -0.019947 0.220621
0.103838 -0.019066 0.220973
0.099914 -0.020592 0.217035
0.106028 -0.017800 0.222073
0.101077 -0.019816 0.221078
0.101345 -0.020384 0.213880
0.105339 -0.018661 0.218572
0.105624 -0.018404 0.219663
0.096450 -0.020298 0.212236
0.105907 -0.017640 0.222609
0.102939 -0.020212 0.217046
0.104203 -0.019180 0.220160
0.101329 -0.019435 0.222030
0.101491 -0.019735 0.221120
0.097009 -0.020653 0.216393
0.104324 -0.019639 0.217142
0.106230 -0.016716 0.222282
0.105166 -0.018656 0.220685
0.096689 -0.020234 0.219081
0.096864 -0.020670 0.214311
0.097034 -0.020779 0.214782
0.104858 -0.018750 0.220700
0.101627 -0.019691 0.221157
0.098170 -0.020692 0.214232
0.102178 -0.020132 0.218997
0.097287 -0.020769 0.215071
0.099881 -0.019520 0.212139
0.099905 -0.020675 0.215706
0.102269 -0.017839 0.216053
0.103207 -0.020023 0.214653
0.102572 -0.019257 0.222129
0.096707 -0.020073 0.220551
0.102626 -0.020097 0.218296
0.096596 -0.020587 0.213418
0.100624 -0.020523 0.213890
0.095725 -0.020667 0.215215
0.095771 -0.020623 0.215680
0.100583 -0.019887 0.220884
0.104762 -0.019115 0.219142
0.104310 -0.019534 0.217988
0.104437 -0.019319 0.218844
0.098655 -0.019714 0.221627
0.096280 -0.020508 0.216370
0.103395 -0.019777 0.218441
0.104914 -0.018571 0.221456
0.101491 -0.019735 0.221120
0.100456 -0.020350 0.218057
0.103693 -0.019312 0.219996
0.106122 -0.017999 0.221252
0.102128 -0.020358 0.217281
0.101892 -0.019385 0.221752
0.095454 -0.020589 0.215335
0.100139 -0.020170 0.219555
0.105383 -0.018205 0.221887
0.103354 -0.020107 0.216433
0.105150 -0.018942 0.217788
0.100722 -0.020000 0.220183
0.102961 -0.019707 0.214242
0.105179 -0.018450 0.218331
0.103515 -0.020004 0.216804
0.096929 -0.020557 0.212737
0.103183 -0.019563 0.219836
0.103476 -0.019597 0.219062
0.098447 -0.020668 0.214055
0.096762 -0.020319 0.212264
0.105670 -0.018046 0.222030
0.097755 -0.020218 0.219085
0.094758 -0.020286 0.211690
0.102998 -0.019035 0.214419
0.099462 -0.019849 0.220970
0.104927 -0.018869 0.217521
0.096711 -0.020609 0.212883
0.102514 -0.019517 0.213749
0.098441 -0.020673 0.213367
0.099822 -0.020178 0.219544
0.103800 -0.019729 0.215400
0.100111 -0.019802 0.221196
0.103789 -0.019518 0.219030
0.095610 -0.020509 0.213220
0.105179 -0.018450 0.218331
0.100614 -0.019909 0.220662
0.096251 -0.020107 0.211353
0.104066 -0.017351 0.219721
0.096920 -0.020434 0.212464
0.100210 -0.019903 0.220839
0.103818 -0.019495 0.215355
0.101885 -0.019516 0.221547
0.105408 -0.018695 0.219143
0.098795 -0.020479 0.212694
0.098318 -0.019764 0.221337
0.094992 -0.020487 0.213121
0.096969 -0.019842 0.211301
0.100935 -0.020515 0.217511
0.103608 -0.019995 0.215469
0.101378 -0.020244 0.218737
0.099622 -0.019995 0.220361
0.095589 -0.020336 0.211814
0.103026 -0.019933 0.214417
0.099626 -0.019723 0.212097
0.101483 -0.019514 0.213164
0.095949 -0.020263 0.221175
0.096150 -0.019703 0.210972
0.096363 -0.020495 0.212634
0.102353 -0.018002 0.214577
0.101515 -0.020285 0.213596
0.099484 -0.020130 0.219954
0.102841 -0.019220 0.221273
0.101099 -0.020494 0.217697
0.100264 -0.020247 0.219297
0.104532 -0.019372 0.217929
0.106105 -0.017303 0.221484
0.105696 -0.018486 0.219902
0.098324 -0.020392 0.217669
0.100195 -0.020432 0.213585
0.096026 -0.020230 0.211552
0.098595 -0.020714 0.215658
0.095205 -0.020559 0.214822
0.100806 -0.020652 0.214796
0.097669 -0.020574 0.217128
0.099152 -0.020149 0.219596
0.099047 -0.019887 0.220931
0.103914 -0.019219 0.220277
0.102602 -0.019445 0.220944
0.096116 -0.020174 0.219940
0.095270 -0.020345 0.211926
0.099634 -0.019554 0.211926
0.106481 -0.017184 0.222799
0.102480 -0.020141 0.214294
0.096105 -0.020485 0.212639
0.104434 -0.018842 0.221260
0.101107 -0.020372 0.218515
0.096171 -0.020733 0.214672
0.096034 -0.020724 0.214576
0.100187 -0.020592 0.217306
0.102309 -0.019800 0.220338
0.097131 -0.020533 0.212743
0.099139 -0.020760 0.215332
0.101059 -0.020609 0.216271
0.102995 -0.019419 0.220437
0.102308 -0.019691 0.220672
0.099824 -0.019737 0.221373
0.104338 -0.019072 0.216271
0.104746 -0.018904 0.220435
0.095800 -0.020261 0.220997
0.102978 -0.019449 0.220248
0.104932 -0.019002 0.219245
0.096673 -0.020580 0.216509
0.103180 -0.019061 0.221736
0.098321 -0.020705 0.216359
0.096574 -0.020624 0.213620
0.097370 -0.020666 0.213455
0.105037 -0.018655 0.221061
0.104374 -0.019129 0.220284
0.099912 -0.020339 0.218618
0.100196 -0.020026 0.220326
0.100326 -0.019947 0.220621
0.095438 -0.018990 0.210944
0.099944 -0.019903 0.220863
0.096615 -0.020536 0.216787
0.103274 -0.020122 0.216650
0.096344 -0.020146 0.220092
0.096715 -0.020698 0.214594
0.100968 -0.019623 0.212962
0.103894 -0.018986 0.221482
0.101925 -0.020288 0.214457
0.101515 -0.020427 0.218000
0.103966 -0.018874 0.221673
0.104253 -0.019365 0.218887
0.105044 -0.019035 0.218820
0.095078 -0.020542 0.215423
0.102291 -0.019792 0.213589
0.102091 -0.019522 0.221371
0.100453 -0.020346 0.218707
0.102451 -0.020030 0.218868
0.101981 -0.019985 0.213483
0.105860 -0.018187 0.220032
0.097480 -0.020790 0.215206
0.097415 -0.020510 0.217531
0.098804 -0.020452 0.217913
0.094973 -0.020427 0.212885
0.097816 -0.020293 0.218390
0.095220 -0.020559 0.215261
0.103360 -0.020077 0.216093
0.095375 -0.020264 0.218681
0.099688 -0.019287 0.211990
0.103691 -0.017749 0.217796
0.094740 -0.020194 0.211284
0.105008 -0.018596 0.217836
0.098626 -0.019794 0.221361
0.097546 -0.020676 0.216526
0.105528 -0.018168 0.219239
0.096870 -0.020627 0.213505
0.100860 -0.020052 0.219588
0.106059 -0.017840 0.220837
0.097562 -0.020801 0.214907
0.102734 -0.020199 0.214667
0.103918 -0.019831 0.216517
0.102499 -0.020215 0.217664
0.103030 -0.020224 0.215337
0.104384 -0.018745 0.216724
0.098337 -0.020263 0.218817
0.096417 -0.020206 0.219088
0.104134 -0.019700 0.216412
0.103574 -0.019586 0.218849
0.097262 -0.020679 0.217110
0.095357 -0.020585 0.214251
0.098159 -0.020060 0.219937
0.105261 -0.018875 0.218977
0.105628 -0.017990 0.219773
0.100903 -0.020634 0.214516
0.097577 -0.020694 0.213936
0.098925 -0.020354 0.212573
0.097989 -0.020697 0.213655
0.102832 -0.020112 0.217853
0.097248 -0.019947 0.211589
0.100264 -0.020247 0.219297
0.098157 -0.020722 0.216137
0.100064 -0.019975 0.220488
0.103494 -0.018526 0.215444
0.104896 -0.019150 0.217573
0.101581 -0.020150 0.219287
0.105316 -0.018123 0.222419
0.094758 -0.020454 0.213089
0.103789 -0.019518 0.219030
0.098957 -0.020579 0.217054
0.096305 -0.019906 0.211127
0.099218 -0.020766 0.215144
0.103998 -0.018646 0.222442
0.104218 -0.019471 0.215972
0.102812 -0.019987 0.218424
0.105208 -0.017656 0.219769
0.104714 -0.019084 0.219292
0.098046 -0.020361 0.218273
0.096857 -0.020739 0.214739
0.096538 -0.020544 0.217616
0.096818 -0.020691 0.213921
0.097282 -0.020671 0.213963
0.097250 -0.020412 0.217648
0.105098 -0.019015 0.217834
0.103450 -0.019357 0.220132
0.095913 -0.020591 0.213483
0.099747 -0.020487 0.217429
0.097463 -0.020674 0.213674
0.096385 -0.020799 0.214935
0.100107 -0.019737 0.221364
0.096286 -0.020509 0.217800
0.101740 -0.020294 0.214043
0.097061 -0.019998 0.220971
0.104518 -0.019485 0.217385
0.098958 -0.020662 0.216598
0.097691 -0.020666 0.213388
0.102296 -0.020424 0.215253
0.101042 -0.019948 0.220561
0.098479 -0.019173 0.211480
0.098233 -0.020709 0.213561
0.101772 -0.020521 0.215449
0.102868 -0.020248 0.216445
0.103797 -0.019853 0.216732
0.100663 -0.020549 0.215381
0.105842 -0.017792 0.220302
0.098075 -0.020083 0.219703
0.096101 -0.019842 0.211013
0.098795 -0.020365 0.218276
0.100866 -0.020427 0.218267
0.099742 -0.020369 0.218471
0.102519 -0.020372 0.215792
0.103788 -0.018737 0.222240
0.096144 -0.019005 0.211082
0.105348 -0.018697 0.220046
0.099822 -0.020178 0.219544
0.100479 -0.020629 0.217170
0.099501 -0.020391 0.218389
0.096385 -0.020799 0.214935
0.095916 -0.020622 0.213783
0.104230 -0.019639 0.217667
0.105784 -0.018030 0.221933
0.101260 -0.020484 0.214036
0.098277 -0.020377 0.218304
0.101581 -0.020150 0.219287
0.102501 -0.019739 0.219906
0.099346 -0.020731 0.214621
0.104097 -0.019592 0.215873
0.099617 -0.020387 0.213197
0.106065 -0.017885 0.221805
0.101384 -0.020452 0.214410
0.095916 -0.020622 0.213783
0.102791 -0.017717 0.216837
0.098418 -0.020450 0.217413
0.099201 -0.020091 0.220113
0.106379 -0.017297 0.222297
0.099887 -0.020487 0.213713
0.096452 -0.020236 0.218553
0.102389 -0.020026 0.219085
0.097876 -0.020247 0.218859
0.102512 -0.019407 0.221133
0.101994 -0.019346 0.221957
0.099591 -0.020512 0.217561
0.095287 -0.020322 0.219626
0.099165 -0.020687 0.216311
0.099907 -0.020381 0.218334
0.102598 -0.020311 0.216887
0.099629 -0.020715 0.215030
0.103207 -0.020023 0.214653
0.097070 -0.019948 0.221275
0.099510 -0.020648 0.216693
0.095952 -0.020478 0.217356
0.102368 -0.020392 0.215708
0.105966 -0.018179 0.220452
0.099670 -0.020493 0.217752
0.099796 -0.020177 0.212807
0.099605 -0.020654 0.216897
0.102852 -0.020278 0.215735
0.102028 -0.019837 0.220524
0.096606 -0.020527 0.216312
0.101462 -0.020540 0.215180
0.106452 -0.016759 0.222526
0.101836 -0.020507 0.216407
0.104978 -0.018855 0.219821
0.101605 -0.019538 0.221665
0.102435 -0.020382 0.216374
0.097525 -0.020691 0.215820
0.101392 -0.017857 0.215661
0.102565 -0.019616 0.220533
0.097409 -0.020551 0.212606
0.095676 -0.020627 0.213784
0.095495 -0.020623 0.214791
0.104947 -0.019128 0.217858
0.100858 -0.020263 0.213362
0.094814 -0.020285 0.212580
0.099038 -0.020668 0.215775
0.103510 -0.017782 0.217154
0.105115 -0.018838 0.217750
0.098392 -0.020184 0.219078
0.102632 -0.020118 0.218033
0.102998 -0.019035 0.214419
0.100139 -0.020170 0.219555
0.106044 -0.018011 0.221604
0.097007 -0.020216 0.219340
0.100968 -0.019623 0.212962
0.096767 -0.019708 0.211115
0.106003 -0.017710 0.222288
0.104518 -0.019485 0.217385
0.102755 -0.019681 0.219879
0.100264 -0.019766 0.212670
0.103171 -0.017682 0.217533
0.104166 -0.019603 0.216122
0.100710 -0.020686 0.214599
0.095856 -0.020472 0.217781
0.095275 -0.020234 0.218914
0.101536 -0.019965 0.220463
0.096924 -0.020370 0.218389
0.102128 -0.020405 0.214865
0.104533 -0.019054 0.220178
0.096596 -0.020587 0.213418
0.096664 -0.020108 0.218659
0.098770 -0.020014 0.220458
0.100141 -0.020654 0.215822
0.105247 -0.018658 0.218170
0.102614 -0.017920 0.215147
0.105287 -0.018404 0.221242
0.095642 -0.020254 0.219633
0.100995 -0.020001 0.213185
0.097027 -0.020695 0.214505
0.104896 -0.019150 0.217573
0.100579 -0.019890 0.212908
0.101345 -0.020384 0.213880
0.098760 -0.020725 0.216013
0.104112 -0.016511 0.222190
0.104458 -0.019391 0.216639
0.103128 -0.019208 0.221186
0.095652 -0.020605 0.213976
0.096500 -0.020184 0.218807
0.105765 -0.017905 0.222199
0.095333 -0.020542 0.214613
0.099166 -0.020244 0.218884
0.096580 -0.020077 0.221160
0.103973 -0.019174 0.220579
0.097827 -0.020636 0.213075
0.095571 -0.020350 0.220707
0.101006 -0.020540 0.215496
0.103572 -0.019985 0.217076
0.100857 -0.019954 0.220462
0.100768 -0.020584 0.215070
0.103012 -0.020192 0.216002
0.102038 -0.019699 0.220819
0.105298 -0.018777 0.219392
0.096108 -0.020651 0.215703
0.100767 -0.020441 0.213642
0.105294 -0.018830 0.218657
0.101878 -0.017697 0.216992
0.098626 -0.019794 0.221361
0.102705 -0.019809 0.219303
0.104602 -0.018698 0.221553
0.102921 -0.020011 0.218158
0.103657 -0.019701 0.215156
0.104781 -0.018941 0.219997
0.098418 -0.020450 0.217413
0.103653 -0.019011 0.221508
0.100546 -0.018981 0.212698
0.105120 -0.018412 0.221394
0.097479 -0.020664 0.213261
0.097760 -0.020389 0.212163
0.101809 -0.019320 0.221879
0.105098 -0.019015 0.217834
0.101680 -0.020472 0.217329
0.103153 -0.019711 0.214391
0.104572 -0.019112 0.216815
0.103525 -0.018798 0.222397
0.103427 -0.020069 0.215411
0.098851 -0.020783 0.215167
0.104112 -0.018655 0.222228
0.106417 -0.017047 0.222377
0.097318 -0.019980 0.220731
0.097009 -0.020653 0.216393
0.103108 -0.019868 0.218529
0.103630 -0.019140 0.221145
0.098473 -0.019929 0.220804
0.104270 -0.019134 0.220421
0.094783 -0.020402 0.213306
0.101064 -0.019718 0.221399
0.105098 -0.019015 0.217834
0.101594 -0.020545 0.216723
0.103039 -0.019761 0.218922
0.100541 -0.020280 0.219186
0.096223 -0.020184 0.221124
0.094973 -0.020427 0.212885
0.094733 -0.020308 0.211491
0.098046 -0.020361 0.218273
0.096223 -0.020184 0.221124
0.095173 -0.020539 0.217489
0.102215 -0.019452 0.213534
0.100878 -0.020651 0.216450
0.104247 -0.019508 0.218268
0.098757 -0.019843 0.221117
0.102549 -0.019740 0.213820
0.100023 -0.020137 0.219761
0.098707 -0.020784 0.214826
0.097747 -0.020376 0.218078
0.097513 -0.019930 0.220981
0.095444 -0.020421 0.212490
0.103121 -0.020081 0.217568
0.105171 -0.018925 0.218181
0.097501 -0.020437 0.212290
0.098508 -0.020625 0.214235
0.104595 -0.019177 0.219213
0.099133 -0.020346 0.212812
0.098757 -0.019843 0.221117
0.102245 -0.019985 0.219679
0.101679 -0.020083 0.219638
0.098409 -0.020621 0.214393
0.102773 -0.020100 0.214398
0.105556 -0.018275 0.221315
0.098064 -0.019763 0.221365
0.104858 -0.018750 0.220700
0.104540 -0.019444 0.217136
0.100067 -0.020632 0.214145
0.101380 -0.020581 0.216621
0.104879 -0.018451 0.222207
0.104095 -0.019743 0.216735
0.100308 -0.020716 0.216651
0.101347 -0.020552 0.215479
0.103186 -0.019402 0.220579
0.096782 -0.020242 0.219271
0.104233 -0.019090 0.220606
0.101639 -0.017760 0.216542
0.100018 -0.020686 0.214705
0.095660 -0.020250 0.211535
0.100269 -0.020744 0.216252
0.103157 -0.019067 0.222007
0.099122 -0.020762 0.214796
0.095483 -0.020606 0.213770
0.098580 -0.020660 0.216697
0.100737 -0.019830 0.221151
0.102733 -0.017694 0.217236
0.101064 -0.019718 0.221399
0.097969 -0.020700 0.214630
0.097225 -0.020703 0.217311
0.096714 -0.020163 0.219481
0.103182 -0.019382 0.220098
0.105696 -0.018486 0.219902
0.102029 -0.020150 0.213910
0.098980 -0.019741 0.221483
0.102494 -0.020171 0.217889
0.098978 -0.019913 0.220670
0.101639 -0.020216 0.219016
0.102018 -0.020475 0.215550
0.101912 -0.019522 0.213332
0.105083 -0.017769 0.219429
0.098655 -0.020551 0.217292
0.104473 -0.019492 0.217639
0.103662 -0.019722 0.218366
0.103755 -0.018155 0.216447
0.095200 -0.020384 0.216355
0.095571 -0.020394 0.212621
0.103635 -0.019526 0.219268
0.102884 -0.019447 0.220638
0.099994 -0.020676 0.215480
0.098157 -0.020722 0.216137
0.098629 -0.020502 0.212674
0.095001 -0.020458 0.213291
0.103673 -0.019941 0.216881
0.099144 -0.020637 0.216866
0.096892 -0.019996 0.221204
0.101786 -0.020490 0.215068
0.102269 -0.017839 0.216053
0.105983 -0.018120 0.220897
0.100235 -0.020365 0.213253
0.101163 -0.020554 0.214298
0.096998 -0.018134 0.214969
0.104297 -0.019593 0.216578
0.097751 -0.019470 0.211319
0.101384 -0.020452 0.214410
0.099574 -0.020634 0.213757
0.100522 -0.020617 0.215663
0.095924 -0.020440 0.212335
0.102967 -0.020107 0.217679
0.105983 -0.018120 0.220897
0.103352 -0.019431 0.219920
0.101609 -0.020342 0.214360
0.097995 -0.020380 0.212147
0.098722 -0.020637 0.214044
0.095357 -0.020585 0.214251
0.097801 -0.020781 0.215294
0.097935 -0.020695 0.213922
0.103635 -0.019526 0.219268
0.102632 -0.020217 0.214533
0.099127 -0.020670 0.216022
0.104481 -0.019208 0.219340
0.101206 -0.020210 0.219202
0.103153 -0.019711 0.214391
0.105524 -0.018588 0.220334
0.101400 -0.020575 0.215854
0.098093 -0.020729 0.216316
0.103630 -0.019948 0.215818
0.095959 -0.020546 0.212946
0.098409 -0.020621 0.214393
0.101237 -0.020077 0.220203
0.099300 -0.020196 0.219289
0.103255 -0.019567 0.219673
0.096742 -0.020158 0.219882
0.104325 -0.019400 0.218701
0.099710 -0.020627 0.217079
0.103513 -0.020038 0.216257
0.099079 -0.020519 0.213157
0.105120 -0.019030 0.218694
0.103403 -0.019885 0.214768
0.098416 -0.020804 0.214812
0.103271 -0.020081 0.217437
0.100782 -0.020189 0.219343
0.101521 -0.020545 0.216373
0.103868 -0.019861 0.217199
0.103361 -0.020048 0.215782
0.100055 -0.020320 0.218848
0.102033 -0.017900 0.215773
0.097649 -0.019981 0.220648
0.099744 -0.018261 0.213853
0.101804 -0.020060 0.219505
0.104655 -0.019195 0.217077
0.096955 -0.020732 0.215502
0.101311 -0.020581 0.216807
0.102762 -0.019505 0.220406
0.104799 -0.019174 0.218044
0.100267 -0.020594 0.215502
0.102134 -0.020289 0.217744
0.101836 -0.020507 0.216407
0.097525 -0.020691 0.215820
0.103361 -0.020048 0.215782
0.099457 -0.020170 0.219652
0.099720 -0.020699 0.214641
0.104020 -0.019478 0.218844
0.096798 -0.020570 0.213261
0.105419 -0.018571 0.220660
0.095375 -0.020324 0.211715
0.103976 -0.019542 0.215601
0.098440 -0.020429 0.217882
0.097457 -0.020309 0.218320
0.097811 -0.020546 0.217347
0.100400 -0.020085 0.220006
0.096207 -0.020359 0.212070
0.096486 -0.020431 0.217935
0.100552 -0.020688 0.214697
0.105178 -0.018105 0.218921
0.105199 -0.018888 0.218428
0.101457 -0.017896 0.215107
0.102657 -0.020340 0.215920
0.101571 -0.020101 0.219884
0.100002 -0.020507 0.217506
0.105635 -0.018552 0.220144
0.096280 -0.020508 0.216370
0.099218 -0.020697 0.216184
0.097177 -0.020721 0.214281
0.101064 -0.019718 0.221399
0.102368 -0.020392 0.215708
0.097409 -0.019891 0.221261
0.101362 -0.020431 0.217721
0.098684 -0.020201 0.219152
0.099344 -0.020702 0.213834
0.099383 -0.020644 0.213627
0.102496 -0.020317 0.214745
0.104492 -0.019363 0.218211
0.101557 -0.020327 0.213829
0.102141 -0.020246 0.218197
0.098353 -0.020049 0.220187
0.100148 -0.019243 0.212336
0.104308 -0.019211 0.219652
0.102069 -0.019733 0.213397
0.098581 -0.020789 0.215331
0.098879 -0.020727 0.215456
0.097287 -0.020769 0.215071
0.101306 -0.019573 0.221793
0.098996 -0.020199 0.219195
0.095699 -0.020625 0.215408
0.101063 -0.020556 0.215272
0.102128 -0.020405 0.214865
0.104017 -0.019617 0.218325
0.101627 -0.019691 0.221157
0.097933 -0.019938 0.220832
0.098144 -0.020802 0.214871
0.095555 -0.020368 0.212010
0.101400 -0.020200 0.219129
0.095497 -0.020351 0.220442
0.105910 -0.016897 0.221645
0.096286 -0.020509 0.217800
0.105842 -0.018089 0.221701
0.099296 -0.020544 0.213393
0.102745 -0.017902 0.215611
0.098178 -0.020407 0.218085
0.095303 -0.020436 0.212782
0.102064 -0.020473 0.216499
0.095271 -0.020476 0.213117
0.105817 -0.018370 0.219965
0.105051 -0.018581 0.221227
0.101378 -0.020244 0.218737
0.097351 -0.020623 0.217363
0.097408 -0.020672 0.215674
0.105177 -0.018972 0.218624
0.095620 -0.020245 0.218926
0.097992 -0.020815 0.215067
0.101311 -0.020581 0.216807
0.103711 -0.019904 0.215529
0.106104 -0.017976 0.221045
0.096650 -0.019940 0.211225
0.104954 -0.018922 0.219608
0.100636 -0.020401 0.218128
0.105542 -0.018086 0.222080
0.105546 -0.018424 0.220943
0.100506 -0.020164 0.219456
0.099138 -0.020409 0.218177
0.096264 -0.020255 0.218694
0.097002 -0.020735 0.214660
0.102180 -0.019500 0.221144
0.095240 -0.020488 0.216164
0.099210 -0.020403 0.212984
0.099924 -0.020503 0.217655
0.096286 -0.020509 0.217800
0.095866 -0.019783 0.210997
0.099152 -0.020745 0.214542
0.103085 -0.019515 0.214308
0.100227 -0.020662 0.216927
0.095980 -0.020700 0.215397
0.097248 -0.019947 0.211589
0.098030 -0.020535 0.212628
0.095005 -0.020111 0.211210
0.103366 -0.019260 0.220977
0.096676 -0.020088 0.220389
0.099692 -0.020345 0.218690
0.097315 -0.020166 0.219324
0.099304 -0.020741 0.214998
0.098336 -0.020756 0.215410
0.102608 -0.019497 0.220762
0.105166 -0.018656 0.220685
0.099328 -0.020691 0.214119
0.102684 -0.019929 0.218827
0.099831 -0.020613 0.214007
0.102094 -0.020053 0.219471
0.097947 -0.020153 0.219261
0.098154 -0.020485 0.212399
0.102847 -0.019942 0.218599
0.104585 -0.018871 0.220922
0.103336 -0.019965 0.217689
0.103893 -0.019178 0.215545
0.097839 -0.020002 0.220424
0.096656 -0.019040 0.211181
0.104139 -0.019661 0.217836
0.099345 -0.019930 0.220693
0.106379 -0.017297 0.222297
0.099805 -0.020703 0.215211
0.102233 -0.020436 0.215074
0.096496 -0.020084 0.220668
0.098546 -0.020603 0.213157
0.105069 -0.018432 0.221583
0.104464 -0.019478 0.217743
0.100481 -0.019780 0.221353
0.104528 -0.019401 0.217826
0.101901 -0.018437 0.214014
0.101132 -0.020348 0.213529
0.100760 -0.020586 0.215767
0.102777 -0.019753 0.219556
0.105247 -0.018658 0.218170
0.096818 -0.020758 0.215331
0.097463 -0.020674 0.213674
0.102759 -0.020270 0.216026
0.100977 -0.020181 0.219359
0.099714 -0.020620 0.213873
0.098039 -0.020664 0.213346
0.101947 -0.020484 0.215970
0.099581 -0.019761 0.221423
0.100878 -0.020651 0.216450
0.098811 -0.020254 0.218678
0.105200 -0.018831 0.217985
0.101529 -0.017956 0.214536
0.103600 -0.018882 0.221850
0.102018 -0.020475 0.215550
0.097100 -0.020503 0.212578
0.099605 -0.020654 0.216897
0.106253 -0.017450 0.221741
0.104791 -0.018412 0.222465
0.096527 -0.020709 0.215402
0.096975 -0.020547 0.217537
0.102732 -0.019954 0.218719
0.095943 -0.020483 0.216421
0.094758 -0.020454 0.213089
0.100537 -0.019166 0.212547
0.096586 -0.020102 0.211410
0.099344 -0.020702 0.213834
0.101249 -0.020539 0.214632
0.103395 -0.019777 0.218441
0.103706 -0.019879 0.217627
0.096798 -0.020570 0.213261
0.096109 -0.020488 0.216212
0.105863 -0.017704 0.222365
0.096159 -0.020368 0.218517
0.096277 -0.020482 0.216667
0.100569 -0.020228 0.213194
0.099919 -0.020426 0.217903
0.101655 -0.020105 0.219739
0.105592 -0.018320 0.219397
0.102064 -0.020473 0.216499
0.095757 -0.020251 0.219208
0.097482 -0.019957 0.211743
0.100548 -0.019689 0.221715
0.101458 -0.020413 0.214567
0.103800 -0.019729 0.215400
0.097788 -0.020639 0.213539
0.102303 -0.020434 0.216047
0.100296 -0.020407 0.218045
0.097303 -0.020773 0.214549
0.095541 -0.020348 0.216966
0.099304 -0.020741 0.214998
0.098481 -0.020169 0.219367
0.100094 -0.019594 0.212423
0.097059 -0.020257 0.219032
0.106128 -0.017997 0.221446
0.106221 -0.017654 0.221509
0.105174 -0.018939 0.217892
0.098963 -0.020464 0.212982
0.097855 -0.020727 0.216238
0.100699 -0.020072 0.219871
0.096246 -0.020414 0.212402
0.096940 -0.020585 0.212982
0.097282 -0.020671 0.213963
0.103797 -0.019853 0.216732
0.099565 -0.020599 0.217209
0.101993 -0.020278 0.217980
0.098560 -0.020622 0.214347
0.094943 -0.020282 0.212167
0.100078 -0.020146 0.212861
0.104090 -0.019371 0.219172
0.097735 -0.020686 0.213760
0.096893 -0.020659 0.214417
0.100443 -0.020369 0.218330
0.100723 -0.020671 0.216724
0.100968 -0.019623 0.212962
0.104065 -0.018973 0.221055
0.102460 -0.019763 0.220076
0.095287 -0.020322 0.219626
0.103867 -0.019763 0.215633
0.097443 -0.020632 0.212974
0.100204 -0.020738 0.216509
0.095488 -0.020471 0.217975
0.101365 -0.020057 0.220277
0.101183 -0.020107 0.219516
0.098532 -0.020392 0.218191
0.100858 -0.020263 0.213362
0.096170 -0.020140 0.219647
0.099505 -0.020752 0.215336
0.099962 -0.020715 0.216079
0.096452 -0.020236 0.218553
0.103173 -0.020040 0.217771
0.100506 -0.020164 0.219456
0.103124 -0.019662 0.219069
0.100518 -0.020656 0.214940
0.104269 -0.019653 0.217338
0.104244 -0.018959 0.221066
0.102563 -0.019330 0.221794
0.096001 -0.020696 0.214254
0.102885 -0.020285 0.215516
0.102374 -0.019902 0.213744
0.097195 -0.020219 0.218715
0.101806 -0.019825 0.213307
0.096687 -0.020631 0.217411
0.102035 -0.019942 0.220191
0.097373 -0.020425 0.217938
0.104333 -0.018108 0.217669
0.102865 -0.019180 0.222082
0.101555 -0.019603 0.221440
0.099394 -0.020681 0.216178
0.102524 -0.020366 0.216167
0.095012 -0.020533 0.214264
0.102244 -0.020403 0.216783
0.103986 -0.019772 0.217444
0.096478 -0.020685 0.213946
0.101562 -0.020039 0.220214
0.099095 -0.020089 0.212259
0.099457 -0.020170 0.219652
0.099257 -0.017714 0.220612
0.101594 -0.020545 0.216723
0.103470 -0.019934 0.217888
0.101122 -0.019302 0.212970
0.104284 -0.019320 0.216111
0.100139 -0.020170 0.219555
0.096823 -0.020168 0.219649
0.096234 -0.020714 0.214234
0.106582 -0.016861 0.222734
0.097187 -0.020341 0.218374
0.100818 -0.019196 0.212769
0.100782 -0.020344 0.218782
0.098169 -0.019762 0.211542
0.103829 -0.019731 0.218211
0.098592 -0.020154 0.219546
0.100722 -0.020000 0.220183
0.099144 -0.020679 0.213689
0.099174 -0.020436 0.217836
0.097062 -0.020672 0.213657
0.106257 -0.017410 0.222809
0.105116 -0.018992 0.217991
0.095653 -0.019491 0.210848
0.100293 -0.020670 0.214842
0.103366 -0.019260 0.220977
0.099138 -0.020696 0.214377
0.101994 -0.019346 0.221957
0.098547 -0.019800 0.221257
0.101022 -0.020551 0.215751
0.104983 -0.019083 0.218232
0.102442 -0.019944 0.213988
0.103473 -0.019586 0.214851
0.105293 -0.018679 0.218364
0.100569 -0.020228 0.213194
0.095368 -0.020390 0.212254
0.100303 -0.020662 0.214550
0.101663 -0.019418 0.221923
0.105586 -0.018162 0.221805
0.102269 -0.019411 0.221646
0.095367 -0.019719 0.210955
0.101558 -0.020329 0.218522
0.101492 -0.020092 0.219461
0.098675 -0.019955 0.220613
0.100160 -0.020485 0.217869
0.096547 -0.020472 0.217771
0.097871 -0.020082 0.219590
0.097678 -0.020413 0.217855
0.098763 -0.020593 0.216967
0.095069 -0.020365 0.212512
0.099635 -0.020674 0.215974
0.098978 -0.019913 0.220670
0.099844 -0.020097 0.219976
0.101354 -0.020156 0.213371
0.096128 -0.020643 0.213967
0.094681 -0.020314 0.212332
0.101257 -0.019887 0.213179
0.098955 -0.020752 0.214579
0.098181 -0.020142 0.219354
0.104003 -0.019745 0.216033
0.103064 -0.020184 0.214807
0.102393 -0.017694 0.216932
0.096754 -0.020615 0.215643
0.101400 -0.020200 0.219129
0.106234 -0.017530 0.222246
0.096367 -0.020585 0.212866
0.101969 -0.020209 0.214086
0.095357 -0.020585 0.214251
0.097747 -0.019789 0.221452
0.105120 -0.018412 0.221394
0.103795 -0.019603 0.218659
0.096266 -0.020203 0.219174
0.097259 -0.020665 0.216386
0.096372 -0.020106 0.220507
0.106126 -0.017499 0.222673
0.100636 -0.020401 0.218128
0.105178 -0.018802 0.219775
0.101334 -0.019816 0.220880
0.104440 -0.019562 0.217246
0.097002 -0.020735 0.214660
0.105540 -0.018433 0.219163
0.099361 -0.020398 0.213120
0.099720 -0.020674 0.214187
0.097373 -0.020237 0.219120
0.099369 -0.020526 0.217441
0.099779 -0.019768 0.212363
0.099412 -0.020743 0.215150
0.095955 -0.020435 0.217195
0.101345 -0.020384 0.213880
0.104269 -0.019653 0.217338
0.101698 -0.019782 0.220851
0.100552 -0.020688 0.214697
0.103497 -0.019862 0.218184
0.095651 -0.020426 0.212262
0.103097 -0.020189 0.216503
0.101104 -0.020566 0.217070
0.095856 -0.020472 0.217781
0.102377 -0.017959 0.215467
0.097194 -0.020467 0.212424
0.102738 -0.019939 0.214244
0.097017 -0.020630 0.216917
0.101858 -0.020172 0.213646
0.097225 -0.020703 0.217311
0.099412 -0.020743 0.215150
0.099704 -0.020712 0.216228
0.101209 -0.020600 0.216503
0.104706 -0.019296 0.217777
0.103753 -0.019191 0.220793
0.102189 -0.020083 0.219240
0.098377 -0.020134 0.219651
0.100564 -0.020706 0.216411
0.105619 -0.017845 0.222728
0.103873 -0.018792 0.221956
0.100828 -0.020285 0.219088
0.095488 -0.020471 0.217975
0.098684 -0.020201 0.219152
0.101054 -0.020279 0.218807
0.102762 -0.019505 0.220406
0.104339 -0.019564 0.217768
0.095303 -0.020436 0.212782
0.095179 -0.020547 0.213803
0.101996 -0.019986 0.219983
0.103342 -0.019779 0.218585
0.097947 -0.020153 0.219261
0.104768 -0.019156 0.218912
0.100423 -0.020095 0.219778
0.100875 -0.019867 0.220933
0.101898 -0.020497 0.216689
0.098336 -0.020756 0.215410
0.100152 -0.020114 0.219934
0.099212 -0.019787 0.221300
0.096818 -0.020758 0.215331
0.105067 -0.018403 0.221903
0.103975 -0.019744 0.217784
0.095456 -0.020311 0.211633
0.104669 -0.019183 0.219072
0.103029 -0.020077 0.217822
0.098353 -0.020049 0.220187
0.102398 -0.020182 0.218112
0.097249 -0.019487 0.211174
0.095727 -0.020242 0.220013
0.102626 -0.020097 0.218296
0.098206 -0.019940 0.220797
0.103153 -0.019711 0.214391
0.096798 -0.020570 0.213261
0.098581 -0.020789 0.215331
0.095955 -0.020435 0.217195
0.104671 -0.018580 0.217368
0.104437 -0.019319 0.218844
0.102292 -0.019572 0.220936
0.099319 -0.019842 0.221153
0.101954 -0.020424 0.217323
0.104077 -0.019171 0.220382
0.099881 -0.019520 0.212139
0.095001 -0.020458 0.213291
0.095009 -0.020528 0.214572
0.102501 -0.020371 0.214979
0.101036 -0.020614 0.214747
0.103301 -0.017827 0.216417
0.099882 -0.020419 0.213371
0.100518 -0.017754 0.217961
0.101142 -0.017478 0.220512
0.104112 -0.016511 0.222190
0.103482 -0.019325 0.220615
0.104867 -0.018731 0.221088
0.104017 -0.019617 0.218325
0.106481 -0.017184 0.222799
0.097669 -0.020574 0.217128
0.100786 -0.020053 0.219741
0.104335 -0.018608 0.222311
0.103893 -0.019178 0.215545
0.101116 -0.019527 0.221971
0.102048 -0.018026 0.214444
0.098533 -0.020527 0.212938
0.100230 -0.019737 0.221626
0.100256 -0.020646 0.214299
0.100909 -0.020040 0.219778
0.098181 -0.020142 0.219354
0.097579 -0.020737 0.214438
0.102049 -0.019324 0.222170
0.097951 -0.020688 0.216538
0.098223 -0.020712 0.213872
0.102914 -0.020236 0.216629
0.102995 -0.018408 0.214753
0.095536 -0.020391 0.221000
0.105971 -0.018102 0.220256
0.103626 -0.019966 0.216539
0.103626 -0.019241 0.215174
0.095497 -0.020351 0.220442
0.105316 -0.018123 0.222419
0.098516 -0.020426 0.212459
0.099551 -0.020443 0.217946
0.105058 -0.018977 0.217646
0.101142 -0.017478 0.220512
0.097513 -0.019930 0.220981
0.100742 -0.017964 0.214773
0.101497 -0.020564 0.215635
0.098760 -0.020238 0.218904
0.098946 -0.020729 0.216147
0.100518 -0.020656 0.214940
0.106207 -0.017857 0.221397
0.098930 -0.020517 0.217561
0.104714 -0.019223 0.218344
0.095949 -0.020263 0.221175
0.097686 -0.020078 0.219860
0.102438 -0.019908 0.219662
0.103136 -0.019079 0.221465
0.105832 -0.018403 0.220051
0.097391 -0.020161 0.219778
0.104437 -0.019351 0.218380
0.097173 -0.020199 0.219605
0.095581 -0.020466 0.212903
0.101249 -0.020581 0.215774
0.102298 -0.017651 0.217344
0.101009 -0.020567 0.215126
0.099542 -0.019673 0.221704
0.105177 -0.018972 0.218624
0.095498 -0.020455 0.213047
0.098477 -0.019852 0.221055
0.103246 -0.020117 0.217007
0.100722 -0.020000 0.220183
0.098016 -0.020412 0.217815
0.099793 -0.020669 0.216751
0.098431 -0.020825 0.215056
0.095687 -0.020235 0.218755
0.105178 -0.018802 0.219775
0.095785 -0.020389 0.217105
0.096017 -0.020588 0.213279
0.095903 -0.020487 0.218106
0.101878 -0.017697 0.216992
0.098103 -0.019706 0.221525
0.097408 -0.020398 0.218134
0.096515 -0.020208 0.219359
0.095507 -0.020276 0.219419
0.095569 -0.020299 0.220217
0.100078 -0.020146 0.212861
0.097871 -0.020720 0.215885
0.099218 -0.020697 0.216184
0.103405 -0.019113 0.221338
0.102749 -0.017639 0.217693
0.099484 -0.020130 0.219954
0.095856 -0.020472 0.217781
0.096690 -0.020671 0.215495
0.101374 -0.019900 0.220665
0.099570 -0.020653 0.214353
0.101548 -0.020507 0.215012
0.096205 -0.020748 0.214758
0.104110 -0.019757 0.217017
0.095154 -0.020565 0.214041
0.096898 -0.020175 0.218823
0.100479 -0.020629 0.217170
0.101845 -0.017810 0.216038
0.101112 -0.020160 0.213323
0.102485 -0.020308 0.217257
0.096662 -0.020621 0.215872
0.100685 -0.020541 0.217687
0.098161 -0.020310 0.218550
0.099157 -0.020001 0.220402
0.105780 -0.018431 0.219936
0.097501 -0.020243 0.218576
0.098486 -0.020003 0.220419
0.095234 -0.020394 0.218449
0.096955 -0.020732 0.215502
0.105586 -0.018162 0.221805
0.095839 -0.020412 0.216752
0.103405 -0.019113 0.221338
0.104786 -0.018926 0.220257
0.098273 -0.020688 0.215557
0.104437 -0.019319 0.218844
0.097100 -0.020503 0.212578
0.098946 -0.020729 0.216147
0.100537 -0.019166 0.212547
0.103174 -0.020005 0.218028
0.098757 -0.019843 0.221117
0.095704 -0.020476 0.218097
0.105045 -0.019055 0.217710
0.099664 -0.019918 0.220776
0.099946 -0.020717 0.216593
0.100410 -0.020487 0.213706
0.100205 -0.020722 0.216057
0.100699 -0.020072 0.219871
0.095484 -0.020480 0.217617
0.094378 -0.019279 0.210707
0.096357 -0.020622 0.215848
0.104203 -0.019180 0.220160
0.103991 -0.019670 0.215727
0.104077 -0.019171 0.220382
0.105555 -0.017950 0.222473
0.105842 -0.017792 0.220302
0.102138 -0.020427 0.215852
0.099014 -0.020092 0.219905
0.102441 -0.019942 0.219384
0.099278 -0.020588 0.215809
0.101740 -0.020294 0.214043
0.098626 -0.020719 0.216324
0.106332 -0.017324 0.222065
0.101374 -0.019900 0.220665
0.102254 -0.020431 0.216406
0.104247 -0.019508 0.218268
0.100463 -0.020473 0.217900
0.103283 -0.019804 0.214576
0.099331 -0.020498 0.217686
0.096849 -0.020626 0.216138
0.103182 -0.019382 0.220098
0.100796 -0.020039 0.219999
0.097935 -0.019790 0.221268
0.104374 -0.019129 0.220284
0.104230 -0.019639 0.217667
0.099880 -0.020551 0.217283
0.095200 -0.020384 0.216355
0.102773 -0.020100 0.214398
0.095796 -0.020460 0.212624
0.102776 -0.020274 0.214794
0.095750 -0.020240 0.220328
0.096964 -0.020140 0.220182
0.105491 -0.018594 0.219440
0.099827 -0.020315 0.218958
0.100036 -0.020683 0.216761
0.096101 -0.020784 0.214928
0.103103 -0.017722 0.216882
0.098161 -0.020310 0.218550
0.096754 -0.020615 0.215643
0.096234 -0.020479 0.218205
0.102939 -0.020212 0.217046
0.096392 -0.020703 0.214621
0.103039 -0.019761 0.218922
0.096112 -0.020163 0.220941
0.101389 -0.020409 0.218299
0.095866 -0.019783 0.210997
0.103052 -0.019628 0.219780
0.103540 -0.019987 0.217376
0.100174 -0.020311 0.218631
0.098030 -0.020535 0.212628
0.096601 -0.020609 0.213083
0.100184 -0.020312 0.219088
0.102794 -0.019571 0.220163
0.095477 -0.020583 0.215029
0.096989 -0.020668 0.214089
0.097336 -0.018241 0.214229
0.097633 -0.020324 0.212083
0.101624 -0.020446 0.217656
0.100300 -0.019842 0.220995
0.095795 -0.020713 0.214913
0.098058 -0.020584 0.217114
0.097766 -0.020279 0.218654
0.098507 -0.020347 0.218380
0.096586 -0.020102 0.211410
0.095160 -0.020525 0.217902
0.097113 -0.020796 0.215228
0.098081 -0.020132 0.211840
0.095239 -0.020546 0.217713
0.098223 -0.020712 0.213872
0.095704 -0.020476 0.218097
0.099779 -0.019768 0.212363
0.103960 -0.019807 0.216227
0.094837 -0.019426 0.210791
0.099426 -0.019965 0.212335
0.096130 -0.020534 0.217560
0.097989 -0.020697 0.213655
0.097799 -0.020529 0.212455
0.101118 -0.020413 0.218272
0.101639 -0.017760 0.216542
0.096460 -0.020628 0.215628
0.095571 -0.020472 0.216382
0.095676 -0.020439 0.212455
0.104199 -0.018733 0.221981
0.099964 -0.019740 0.221550
0.097583 -0.020136 0.219524
0.103388 -0.018950 0.221897
0.096067 -0.020765 0.215158
0.096009 -0.020334 0.211808
0.096670 -0.020536 0.212690
0.099958 -0.020736 0.216371
0.102206 -0.020164 0.218732
0.101529 -0.017956 0.214536
0.102806 -0.019317 0.221064
0.098978 -0.019913 0.220670
0.097355 -0.020400 0.217770
0.105748 -0.018328 0.219856
0.104566 -0.019070 0.220004
0.102583 -0.020364 0.215150
0.095432 -0.020249 0.219131
0.095254 -0.020443 0.213406
0.098587 -0.020467 0.217596
0.102031 -0.020362 0.214646
0.100735 -0.020394 0.218516
0.104637 -0.018602 0.221847
0.098239 -0.020716 0.215821
0.100272 -0.020555 0.217631
0.106184 -0.017860 0.221591
0.104472 -0.018664 0.221953
0.096026 -0.020230 0.211552
0.100806 -0.020652 0.214796
0.104709 -0.019341 0.217498
0.103511 -0.020033 0.215616
0.103329 -0.019683 0.218858
0.098756 -0.020489 0.212998
0.096574 -0.020624 0.213620
0.098195 -0.018966 0.211713
0.096223 -0.020130 0.220261
0.101695 -0.020535 0.215275
0.097003 -0.020041 0.220629
0.100909 -0.020040 0.219778
0.098722 -0.020039 0.211905
0.099725 -0.020403 0.218215
0.103136 -0.020170 0.215027
0.103248 -0.019772 0.218722
0.099629 -0.020715 0.215030
0.096710 -0.020546 0.216969
0.097986 -0.020729 0.215539
0.101786 -0.020490 0.215068
0.104650 -0.019254 0.218148
0.097951 -0.020688 0.216538
0.096855 -0.020216 0.218579
0.102667 -0.020241 0.217432
0.098764 -0.020146 0.212253
0.097669 -0.020621 0.212770
0.100465 -0.019844 0.221111
0.101753 -0.019841 0.220638
0.096703 -0.020303 0.217895
0.104984 -0.019091 0.218564
0.095488 -0.020471 0.217975
0.094758 -0.020454 0.213089
0.098504 -0.020605 0.217052
0.097243 -0.019936 0.221048
0.105097 -0.018310 0.222277
0.100078 -0.020400 0.218177
0.097751 -0.019470 0.211319
0.104703 -0.018942 0.217164
0.096923 -0.020059 0.211542
0.095745 -0.020247 0.220194
0.099882 -0.020419 0.213371
0.102485 -0.020308 0.217257
0.098932 -0.019998 0.212055
0.100300 -0.019842 0.220995
0.098504 -0.020110 0.219935
0.103177 -0.019364 0.220763
0.099067 -0.020719 0.215587
0.104299 -0.018766 0.221695
0.098418 -0.020450 0.217413
0.102860 -0.019214 0.221809
0.101016 -0.020624 0.216758
0.102598 -0.020311 0.216887
0.104367 -0.019573 0.216884
0.103626 -0.019966 0.216539
0.096951 -0.020628 0.216668
0.105287 -0.018404 0.221242
0.096901 -0.019337 0.211052
0.097672 -0.020660 0.215658
0.096714 -0.020163 0.219481
0.103975 -0.019744 0.217784
0.103389 -0.016787 0.221975
0.100818 -0.019196 0.212769
0.096709 -0.020795 0.215191
0.098719 -0.020787 0.214992
0.100104 -0.020073 0.220109
0.099243 -0.019678 0.221554
0.103262 -0.019478 0.214557
0.100531 -0.020685 0.216805
0.095111 -0.020516 0.215029
0.100299 -0.020193 0.213013
0.100434 -0.020579 0.215163
0.095555 -0.020368 0.212010
0.099887 -0.020487 0.213713
0.105208 -0.017656 0.219769
0.096918 -0.020511 0.212608
0.094640 -0.020293 0.212011
0.103621 -0.019312 0.220276
0.102837 -0.020274 0.215898
0.096222 -0.018130 0.219105
0.104710 -0.019258 0.217286
0.098795 -0.020365 0.218276
0.099083 -0.020673 0.213903
0.095348 -0.019271 0.210786
0.096385 -0.020129 0.221143
0.098553 -0.020298 0.218595
0.095806 -0.020269 0.220840
0.101310 -0.019641 0.221551
0.103915 -0.019024 0.221244
0.095755 -0.020432 0.217938
0.099919 -0.020426 0.217903
0.098131 -0.019998 0.220295
0.096864 -0.020670 0.214311
0.098572 -0.019328 0.211456
0.098188 -0.019866 0.221050
0.105784 -0.018285 0.221059
0.096222 -0.020615 0.213506
0.098859 -0.017990 0.215761
0.103152 -0.019925 0.218312
0.101092 -0.020045 0.220091
0.098867 -0.020093 0.220038
0.099278 -0.020640 0.217097
0.102550 -0.017763 0.216520
0.095085 -0.020361 0.216851
0.096501 -0.020536 0.217208
0.096196 -0.020412 0.217015
0.100822 -0.020625 0.216123
0.097910 -0.019988 0.220574
0.099921 -0.020245 0.219272
0.095456 -0.020311 0.211633
0.101834 -0.020374 0.217883
0.096742 -0.020158 0.219882
0.097117 -0.020684 0.215807
0.101042 -0.019895 0.220756
0.101104 -0.020566 0.217070
0.101905 -0.020066 0.219715
0.096392 -0.020703 0.214621
0.101460 -0.020412 0.214173
0.096615 -0.020536 0.216787
0.098840 -0.020723 0.216344
0.101799 -0.017902 0.215359
0.096687 -0.020129 0.220099
0.101922 -0.020150 0.219221
0.095730 -0.020280 0.220511
0.100001 -0.019851 0.221046
0.105291 -0.018681 0.220404
0.102977 -0.019825 0.218777
0.105565 -0.018551 0.220467
0.096385 -0.020129 0.221143
0.096513 -0.020818 0.215086
0.099991 -0.020671 0.215001
0.102832 -0.020112 0.217853
0.100016 -0.019694 0.221862
0.095960 -0.019330 0.210873
0.097735 -0.020686 0.213760
0.099431 -0.020743 0.214834
0.102458 -0.018970 0.213977
0.101957 -0.020273 0.218449
0.095827 -0.020235 0.220637
0.096691 -0.020299 0.211733
0.098481 -0.020690 0.216479
0.103915 -0.019024 0.221244
0.096394 -0.020112 0.220891
0.103375 -0.018967 0.221624
0.098958 -0.020662 0.216598
0.101862 -0.020482 0.217006
0.099717 -0.019825 0.221161
0.094814 -0.020285 0.212580
0.097126 -0.020358 0.212023
0.102485 -0.020308 0.217257
0.104568 -0.018963 0.220600
0.097935 -0.019790 0.221268
0.100767 -0.020441 0.213642
0.104201 -0.019027 0.220716
0.095413 -0.020374 0.220634
0.102805 -0.019495 0.214055
0.106028 -0.017800 0.222073
0.105941 -0.018273 0.220139
0.100468 -0.020005 0.220252
0.100442 -0.020328 0.218955
0.101411 -0.020091 0.219717
0.103512 -0.019694 0.218651
0.097017 -0.020630 0.216917
0.104316 -0.019495 0.216343
0.096279 -0.020808 0.215096
0.099202 -0.020133 0.219864
0.096798 -0.020570 0.213261
0.098803 -0.019800 0.221392
0.099471 -0.020662 0.216999
0.101173 -0.017802 0.216248
0.104075 -0.019754 0.217307
0.095589 -0.020562 0.215985
0.095555 -0.020368 0.212010
0.104084 -0.018902 0.216029
0.106221 -0.017654 0.221509
0.096439 -0.020364 0.211888
0.104339 -0.019564 0.217768
0.104644 -0.019255 0.218694
0.095392 -0.020377 0.217247
0.096038 -0.020213 0.219266
0.100826 -0.020592 0.214185
0.100786 -0.020053 0.219741
0.101411 -0.020091 0.219717
0.095005 -0.020111 0.211210
0.099339 -0.020342 0.218561
0.098144 -0.020802 0.214871
0.105258 -0.018794 0.218239
0.097769 -0.020201 0.211934
0.097447 -0.019680 0.211385
0.097303 -0.020773 0.214549
0.098579 -0.020719 0.214550
0.095778 -0.020457 0.217438
0.100465 -0.019844 0.221111
0.098343 -0.020514 0.212644
0.099368 -0.020605 0.215940
0.100268 -0.019986 0.212813
0.105321 -0.018194 0.222125
0.103880 -0.019419 0.219364
0.103342 -0.019779 0.218585
0.104478 -0.019162 0.219517
0.094832 -0.019100 0.210723
0.095432 -0.020245 0.218890
0.100141 -0.020654 0.215822
0.095885 -0.020303 0.218632
0.102232 -0.020239 0.214367
0.104477 -0.019117 0.219790
0.101742 -0.019701 0.221083
0.100423 -0.020095 0.219778
0.105130 -0.018938 0.219031
0.096857 -0.020739 0.214739
0.097044 -0.020681 0.217351
0.095199 -0.020028 0.211149
0.102094 -0.020053 0.219471
0.101279 -0.019692 0.221308
0.101799 -0.017902 0.215359
0.103017 -0.020166 0.217326
0.099900 -0.019936 0.220415
0.103355 -0.020060 0.217252
0.103840 -0.019221 0.220468
0.103857 -0.019867 0.216921
0.104791 -0.018791 0.220847
0.099919 -0.020426 0.217903
0.099445 -0.020200 0.212678
0.103524 -0.019951 0.215171
0.099278 -0.020588 0.215809
0.101249 -0.020581 0.215774
0.095522 -0.020048 0.211204
0.100381 -0.020498 0.215306
0.106097 -0.016926 0.221845
0.097909 -0.020584 0.216930
0.097209 -0.020560 0.212901
0.097203 -0.020254 0.218503
0.097125 -0.020641 0.216220
0.099975 -0.020664 0.214387
0.104927 -0.018869 0.217521
0.098258 -0.020608 0.216928
0.095207 -0.020546 0.215863
0.100832 -0.020608 0.215949
0.102150 -0.020162 0.214178
0.102322 -0.019310 0.222053
0.101360 -0.020466 0.217227
0.103528 -0.019483 0.219519
0.100824 -0.020481 0.217962
0.098824 -0.020651 0.216782
0.103190 -0.020160 0.215667
0.099024 -0.020618 0.213345
0.097336 -0.018241 0.214229
0.104429 -0.019208 0.216436
0.104241 -0.019301 0.219365
0.103450 -0.019357 0.220132
0.101937 -0.020398 0.217578
0.099209 -0.020299 0.212649
0.102178 -0.017903 0.214812
0.102188 -0.020378 0.217122
0.102167 -0.020022 0.213705
0.099291 -0.019661 0.221722
0.101995 -0.020491 0.215227
0.098949 -0.020656 0.214159
0.102578 -0.019860 0.219534
0.095960 -0.019330 0.210873
0.098154 -0.020485 0.212399
0.097567 -0.020260 0.218969
0.104781 -0.018941 0.219997
0.103066 -0.019035 0.222315
0.103796 -0.019874 0.217412
0.098187 -0.019340 0.211381
0.102069 -0.019733 0.213397
0.101957 -0.020273 0.218449
0.102949 -0.019511 0.220030
0.099408 -0.018880 0.212392
0.097050 -0.020672 0.217062
0.095207 -0.020546 0.215863
0.100546 -0.018981 0.212698
0.106330 -0.017356 0.222529
0.099621 -0.020192 0.219382
0.099806 -0.019723 0.221690
0.095296 -0.020561 0.215156
0.097273 -0.020105 0.220166
0.095935 -0.020563 0.216064
0.101347 -0.020552 0.215479
0.103321 -0.020090 0.215199
0.105008 -0.018596 0.217836
0.098151 -0.020502 0.212855
0.105598 -0.018186 0.221592
0.105997 -0.017872 0.220517
0.097545 -0.020086 0.220065
0.097633 -0.020324 0.212083
0.095234 -0.020394 0.218449
0.096395 -0.020572 0.216093
0.101319 -0.020384 0.213707
0.104786 -0.018926 0.220257
0.098188 -0.019866 0.221050
0.099448 -0.020677 0.215683
0.106219 -0.017701 0.221709
0.096367 -0.020585 0.212866
0.097009 -0.020653 0.216393
0.096023 -0.020187 0.220416
0.096168 -0.020134 0.220642
0.103691 -0.018801 0.222044
0.100148 -0.020420 0.213463
0.097186 -0.020800 0.214870
0.102415 -0.020172 0.218358
0.102090 -0.017940 0.215239
0.101973 -0.020203 0.218947
0.098709 -0.020047 0.220300
0.097187 -0.020341 0.218374
0.096332 -0.020746 0.215332
0.096174 -0.020494 0.217278
0.103859 -0.019637 0.218405
0.101934 -0.019584 0.221213
0.101101 -0.020023 0.219759
0.102512 -0.019407 0.221133
0.104141 -0.019339 0.215838
0.101521 -0.020521 0.217039
0.095570 -0.020255 0.219785
0.099628 -0.020267 0.219030
0.103180 -0.019061 0.221736
0.105899 -0.018155 0.221382
0.098798 -0.019911 0.220808
0.098089 -0.020467 0.217540
0.104876 -0.019117 0.218674
0.101754 -0.020356 0.218222
0.105481 -0.018636 0.219811
0.099121 -0.019164 0.211765
0.101888 -0.020231 0.214237
0.098900 -0.020668 0.213560
0.102977 -0.019825 0.218777
0.099914 -0.020592 0.217035
0.097858 -0.020049 0.220002
0.105489 -0.018294 0.219035
0.103321 -0.018905 0.214910
0.102572 -0.019257 0.222129
0.097181 -0.020630 0.216063
0.102917 -0.020152 0.214593
0.104310 -0.019534 0.217988
0.100549 -0.020572 0.217470
0.101674 -0.020110 0.213427
0.094869 -0.019884 0.211009
0.100227 -0.020662 0.216927
0.102484 -0.020369 0.215393
0.106101 -0.017568 0.222474
0.102162 -0.020303 0.214492
0.098262 -0.020599 0.213107
0.105999 -0.018148 0.221113
0.100810 -0.020016 0.213124
0.095916 -0.020622 0.213783
0.103966 -0.018874 0.221673
0.103283 -0.019804 0.214576
0.100635 -0.020615 0.214129
0.095682 -0.020609 0.213613
0.100118 -0.020611 0.215273
0.103029 -0.020077 0.217822
0.103038 -0.019661 0.219590
0.097168 -0.020181 0.219936
0.095972 -0.020199 0.220111
0.100481 -0.019780 0.221353
0.104324 -0.019639 0.217142
0.101314 -0.020237 0.218956
0.097048 -0.020367 0.217843
0.101762 -0.020259 0.213800
0.097438 -0.020736 0.214181
0.100107 -0.019737 0.221364
0.106101 -0.017568 0.222474
0.100018 -0.020686 0.214705
0.097195 -0.020219 0.218715
0.101736 -0.020510 0.215720
0.096222 -0.020615 0.213506
0.096841 -0.020367 0.212011
0.099944 -0.019903 0.220863
0.098816 -0.020471 0.212822
0.100148 -0.019243 0.212336
0.100815 -0.020472 0.213920
0.100148 -0.020420 0.213463
0.098094 -0.020229 0.219001
0.098680 -0.020671 0.213473
0.096486 -0.020431 0.217935
0.095375 -0.020264 0.218681
0.099638 -0.020410 0.213363
0.102742 -0.020266 0.217191
0.103153 -0.017971 0.215712
0.103750 -0.019366 0.219628
0.102715 -0.020330 0.215302
0.096735 -0.020434 0.218127
0.100120 -0.020517 0.213853
0.102650 -0.018301 0.214525
0.104131 -0.019294 0.219555
0.103740 -0.017888 0.216972
0.097641 -0.020453 0.217674
0.106143 -0.017722 0.221183
0.098548 -0.020686 0.213741
0.101400 -0.020095 0.220092
0.103763 -0.019915 0.216261
0.105170 -0.018883 0.219224
0.099748 -0.020722 0.215522
0.101860 -0.017640 0.217587
0.101515 -0.020427 0.218000
0.103456 -0.017798 0.216759
0.105303 -0.018757 0.219606
0.096468 -0.019540 0.210984
0.103294 -0.019611 0.219325
0.101491 -0.020378 0.213988
0.098773 -0.020521 0.213105
0.098533 -0.020527 0.212938
0.100737 -0.019830 0.221151
0.103262 -0.019478 0.214557
0.105778 -0.018427 0.220428
0.095315 -0.020478 0.218188
0.097818 -0.020785 0.214797
0.101540 -0.019925 0.213262
0.105458 -0.018458 0.218958
0.097909 -0.020584 0.216930
0.105083 -0.017769 0.219429
0.099664 -0.019918 0.220776
0.101491 -0.020378 0.213988
0.101557 -0.020536 0.216043
0.101888 -0.020231 0.214237
0.100832 -0.020608 0.215949
0.097447 -0.019680 0.211385
0.096390 -0.020583 0.217431
0.096171 -0.020733 0.214672
0.096662 -0.020064 0.220792
0.099964 -0.019740 0.221550
0.096352 -0.020698 0.214423
0.096615 -0.020536 0.216787
0.098075 -0.020083 0.219703
0.101306 -0.019573 0.221793
0.101772 -0.020521 0.215449
0.102692 -0.019885 0.219031
0.104809 -0.019244 0.217408
0.097195 -0.020219 0.218715
0.105008 -0.018680 0.220922
0.097579 -0.020737 0.214438
0.102094 -0.020053 0.219471
0.104344 -0.019000 0.220766
0.102512 -0.019407 0.221133
0.100836 -0.019779 0.221295
0.102548 -0.020333 0.216564
0.098248 -0.020631 0.216658
0.098798 -0.019911 0.220808
0.098278 -0.020554 0.217252
0.095240 -0.020488 0.216164
0.096037 -0.018707 0.212122
0.104084 -0.018902 0.216029
0.103515 -0.020004 0.216804
0.099144 -0.020637 0.216866
0.095972 -0.020199 0.220111
0.096841 -0.020367 0.212011
0.098200 -0.019979 0.220545
0.100481 -0.020397 0.213445
0.098785 -0.020631 0.213299
0.103370 -0.019452 0.219744
0.100693 -0.020573 0.217242
0.106258 -0.017097 0.221941
0.097757 -0.020720 0.214110
0.096808 -0.020802 0.214929
0.098516 -0.020426 0.212459
0.099602 -0.020686 0.216463
0.099394 -0.020430 0.218093
0.105004 -0.018799 0.220390
0.095609 -0.020641 0.214551
0.101725 -0.020058 0.220058
0.105321 -0.018194 0.222125
0.095610 -0.020509 0.213220
0.097337 -0.020120 0.219970
0.099816 -0.020700 0.214842
0.104694 -0.018762 0.221248
0.095731 -0.020576 0.213418
0.100591 -0.020662 0.214386
0.105516 -0.017302 0.220664
0.103946 -0.019233 0.220110
0.097310 -0.020676 0.216733
0.105407 -0.017918 0.219403
0.103155 -0.018333 0.215007
0.097807 -0.019842 0.211589
0.104218 -0.019471 0.215972
0.102548 -0.020333 0.216564
0.096523 -0.020699 0.214252
0.095257 -0.020397 0.216536
0.103966 -0.018874 0.221673
0.098486 -0.020512 0.212583
0.105326 -0.018281 0.221707
0.105407 -0.017918 0.219403
0.103652 -0.019907 0.215342
0.099817 -0.019945 0.220568
0.102766 -0.019708 0.214116
0.100055 -0.020320 0.218848
0.095315 -0.020478 0.218188
0.096385 -0.020129 0.221143
0.103207 -0.020023 0.214653
0.097880 -0.020720 0.214360
0.099600 -0.020518 0.213542
0.097388 -0.020245 0.211978
0.097124 -0.020392 0.212219
0.105966 -0.018179 0.220452
0.095905 -0.020070 0.211259
0.100291 -0.020113 0.219934
0.106215 -0.017619 0.221922
0.096759 -0.020678 0.213741
0.105290 -0.018620 0.220597
0.097370 -0.020666 0.213455
0.095403 -0.020538 0.213541
0.104144 -0.019725 0.217195
0.097050 -0.020672 0.217062
0.098834 -0.019788 0.211677
0.104593 -0.018553 0.222252
0.097052 -0.020446 0.218028
0.097508 -0.020742 0.215459
0.106253 -0.017450 0.221741
0.100518 -0.017754 0.217961
0.099720 -0.020699 0.214641
0.098098 -0.020798 0.215309
0.096584 -0.020372 0.212491
0.101979 -0.019650 0.221003
0.099622 -0.019995 0.220361
0.102552 -0.020062 0.218617
0.100514 -0.019454 0.212615
0.106004 -0.018049 0.220663
0.098980 -0.020589 0.217193
0.098360 -0.020289 0.212111
0.096108 -0.020651 0.215703
0.101635 -0.020439 0.214748
0.097938 -0.020011 0.220200
0.098954 -0.019840 0.221207
0.096870 -0.020652 0.217166
0.096897 -0.020016 0.220886
0.104889 -0.019050 0.219012
0.101076 -0.020466 0.213812
0.095199 -0.020028 0.211149
0.096440 -0.020594 0.213329
0.102679 -0.019699 0.213986
0.098773 -0.020521 0.213105
0.101432 -0.018157 0.214124
0.104833 -0.019107 0.217372
0.097409 -0.020551 0.212606
0.104726 -0.018991 0.219640
0.102310 -0.019882 0.219944
0.104352 -0.019282 0.219130
0.104540 -0.019043 0.220363
0.098447 -0.020728 0.216044
0.095163 -0.020258 0.211504
0.104062 -0.019045 0.220866
0.103600 -0.018882 0.221850
0.101092 -0.020045 0.220091
0.099243 -0.020207 0.212501
0.103626 -0.019966 0.216539
0.098945 -0.019443 0.211608
0.099079 -0.020519 0.213157
0.098873 -0.019992 0.220488
0.099940 -0.020317 0.213054
0.105287 -0.018404 0.221242
0.104265 -0.018791 0.221495
0.099710 -0.019870 0.220996
0.099696 -0.020148 0.219715
0.105295 -0.018713 0.220216
0.099542 -0.019673 0.221704
0.098536 -0.019905 0.211663
0.097873 -0.020589 0.212775
0.094378 -0.019279 0.210707
0.098360 -0.020083 0.211799
0.096511 -0.020720 0.214734
0.096266 -0.020173 0.219461
0.102248 -0.020405 0.215591
0.104497 -0.019332 0.218520
0.096145 -0.020580 0.215938
0.100820 -0.019911 0.220692
0.095469 -0.020302 0.219938
0.102594 -0.020356 0.215564
0.094758 -0.020454 0.213089
0.095850 -0.020368 0.212013
0.097142 -0.020423 0.218201
0.097778 -0.019864 0.221160
0.105178 -0.018105 0.218921
0.102554 -0.017955 0.214778
0.095884 -0.020204 0.219479
0.102647 -0.019331 0.221475
0.097054 -0.020251 0.211820
0.103413 -0.020018 0.217113
0.098360 -0.020638 0.216759
0.102224 -0.020177 0.217892
0.101460 -0.020412 0.214173
0.101142 -0.019066 0.213059
0.097620 -0.020140 0.219274
0.099965 -0.020031 0.220240
0.096104 -0.020462 0.217971
0.094944 -0.020307 0.211865
0.095275 -0.020234 0.218914
0.102967 -0.019689 0.219256
0.095911 -0.020199 0.219758
0.095780 -0.020458 0.218290
0.098195 -0.018966 0.211713
