0.042659 0.045228 0.089658
0.047639 0.045937 0.094541
0.045778 0.046638 0.090868
0.042826 0.045605 0.087946
0.042526 0.045288 0.088645
0.044418 0.046778 0.092320
0.048167 0.043870 0.089942
0.048828 0.042952 0.090749
0.041721 0.043993 0.089529
0.037928 0.045812 0.088235
0.041579 0.043976 0.090212
0.039381 0.044562 0.091646
0.038123 0.047048 0.093064
0.036748 0.047170 0.090511
0.048008 0.043636 0.088386
0.041201 0.045635 0.097204
0.045044 0.046894 0.092005
0.049093 0.043083 0.093485
0.047615 0.044634 0.090095
0.037476 0.047426 0.093457
0.043517 0.046189 0.089034
0.043516 0.046179 0.095750
0.043578 0.046359 0.094641
0.042532 0.045357 0.087758
0.040912 0.043437 0.088399
0.043622 0.046343 0.095978
0.048387 0.043168 0.088512
0.040677 0.043271 0.091459
0.039750 0.043824 0.090942
0.046446 0.046498 0.093607
0.043986 0.046675 0.096051
0.039422 0.046232 0.095625
0.038249 0.046143 0.091039
0.046617 0.046810 0.094913
0.044092 0.046740 0.096394
0.045527 0.046877 0.093167
0.042471 0.045284 0.095913
0.048263 0.044705 0.093336
0.043184 0.045321 0.097303
0.040958 0.046138 0.094967
0.039756 0.044093 0.088626
0.041001 0.043855 0.089434
0.047327 0.046290 0.094662
0.041399 0.046257 0.095577
0.036215 0.047646 0.092722
0.040616 0.043323 0.091191
0.041582 0.045465 0.097806
0.048420 0.045044 0.095009
0.038709 0.044734 0.088144
0.041994 0.044402 0.090510
0.038572 0.045487 0.090591
0.040154 0.044592 0.094339
0.045543 0.046374 0.088595
0.041991 0.045288 0.098017
0.042252 0.044448 0.092884
0.042056 0.044435 0.090377
0.042298 0.045049 0.088538
0.040034 0.045932 0.098413
0.042537 0.045059 0.090218
0.041316 0.043588 0.090628
0.044238 0.046787 0.095044
0.037350 0.047356 0.092000
0.038242 0.045608 0.089372
0.044528 0.046815 0.091988
0.038870 0.044617 0.088966
0.040066 0.045957 0.097802
0.048697 0.043227 0.090819
0.047648 0.045241 0.092227
0.038060 0.047417 0.094646
0.048069 0.044207 0.090772
0.046555 0.046004 0.091005
0.045396 0.046435 0.088859
0.039562 0.044856 0.092896
0.044529 0.046794 0.093065
0.040412 0.045587 0.098292
0.044899 0.046922 0.093794
0.043288 0.045783 0.092588
0.047063 0.046680 0.095356
0.037597 0.046963 0.090833
0.046400 0.045903 0.089763
0.036659 0.047451 0.091956
0.037279 0.047155 0.091123
0.042224 0.044675 0.090271
0.046796 0.045686 0.090562
0.038201 0.045926 0.090302
0.047487 0.045342 0.091958
0.035612 0.047650 0.092422
0.037037 0.047243 0.091050
0.041594 0.043754 0.092328
0.043268 0.046018 0.089461
0.039843 0.044024 0.089307
0.044758 0.046888 0.091688
0.046923 0.045007 0.088011
0.040374 0.043783 0.093761
0.043030 0.045421 0.093105
0.042269 0.044697 0.089954
0.040416 0.045642 0.097905
0.038550 0.044928 0.087997
0.047957 0.044574 0.091600
0.042552 0.045373 0.087233
0.042222 0.045912 0.094683
0.042090 0.044315 0.089695
0.037199 0.046892 0.089678
0.046691 0.046373 0.093248
0.045428 0.046725 0.090512
0.047373 0.045565 0.092226
0.039556 0.043943 0.090472
0.045887 0.046793 0.093538
0.041437 0.044386 0.087529
0.048387 0.043263 0.089049
0.043619 0.046259 0.091490
0.044496 0.046751 0.089330
0.042885 0.045380 0.094074
0.039000 0.045959 0.093878
0.048844 0.043655 0.093553
0.042027 0.044126 0.091658
0.041750 0.046162 0.095314
0.042730 0.045490 0.088670
0.038738 0.046117 0.093125
0.038125 0.045808 0.089531
0.042781 0.045277 0.091750
0.048498 0.043072 0.089176
0.042257 0.045259 0.097078
0.036865 0.047017 0.089448
0.047232 0.044683 0.088328
0.044413 0.046804 0.090199
0.040253 0.043712 0.089622
0.043566 0.046229 0.090910
0.039146 0.044861 0.091265
0.042043 0.044920 0.087535
0.041270 0.043285 0.091370
0.045913 0.046864 0.094190
0.039573 0.044102 0.089385
0.041719 0.043815 0.092139
0.037987 0.047245 0.093569
0.038875 0.046045 0.093624
0.039658 0.044476 0.092698
0.048681 0.042696 0.088463
0.041232 0.046024 0.096188
0.047096 0.045043 0.089268
0.043387 0.045595 0.096896
0.048485 0.043000 0.088499
0.045701 0.046115 0.087585
0.038634 0.045515 0.090943
0.043878 0.046450 0.089167
0.044845 0.047076 0.095347
0.039558 0.043925 0.090716
0.041205 0.043217 0.091230
0.049019 0.043115 0.093143
0.041660 0.043900 0.090936
0.043027 0.045548 0.095547
0.044239 0.046649 0.088949
0.045137 0.047128 0.095230
0.045718 0.046825 0.093083
0.044707 0.046839 0.090795
0.039299 0.044276 0.088346
0.040671 0.043956 0.087830
0.044237 0.046829 0.095891
0.044082 0.046553 0.088585
0.045146 0.046990 0.094306
0.041059 0.044114 0.087568
0.042031 0.046091 0.094907
0.042081 0.044384 0.092872
0.038536 0.046661 0.093590
0.048090 0.043852 0.089541
0.047516 0.045185 0.091516
0.039791 0.046073 0.096462
0.043258 0.045995 0.089746
0.042825 0.045182 0.093356
0.040609 0.043496 0.089865
0.046977 0.046468 0.094108
0.040006 0.044217 0.093296
0.048079 0.044970 0.093257
0.046787 0.046450 0.093837
0.040689 0.045719 0.094843
0.040247 0.043620 0.089977
0.043030 0.045336 0.096164
0.046780 0.045891 0.091185
0.043969 0.046585 0.096464
0.037484 0.046767 0.089898
0.046180 0.046004 0.089220
0.041438 0.045105 0.094227
0.042162 0.044274 0.091559
0.047150 0.046368 0.094220
0.038231 0.047191 0.094069
0.038601 0.046234 0.092763
0.047972 0.044752 0.092186
0.045434 0.046987 0.094278
0.044278 0.046760 0.093196
0.043829 0.046513 0.096183
0.040363 0.046054 0.096229
0.043793 0.046559 0.094462
0.048308 0.045379 0.095384
0.038856 0.045917 0.093152
0.039299 0.044382 0.089728
0.048325 0.044757 0.093875
0.045569 0.046755 0.091510
0.046547 0.045884 0.090290
0.037745 0.046440 0.089707
0.038358 0.047337 0.095497
0.048128 0.045246 0.094246
0.040222 0.046067 0.096804
0.040726 0.043237 0.092038
0.039129 0.044440 0.088881
0.047256 0.045178 0.090459
0.040890 0.042989 0.091214
0.038735 0.045631 0.091682
0.036411 0.047250 0.090511
0.037749 0.047372 0.093773
0.040166 0.043638 0.090803
0.045997 0.047040 0.095311
0.042562 0.045022 0.091104
0.039731 0.045450 0.094550
0.042568 0.045121 0.090012
0.039681 0.044047 0.089597
0.042106 0.045906 0.095352
0.038760 0.046104 0.093311
0.047578 0.044609 0.089847
0.043466 0.045785 0.096571
0.041186 0.043411 0.092469
0.044322 0.046737 0.092148
0.044289 0.046439 0.087722
0.038627 0.046074 0.092484
0.041100 0.044190 0.088866
0.039930 0.045846 0.095090
0.048318 0.043617 0.089780
0.044502 0.046855 0.093774
0.041201 0.046275 0.095645
0.049191 0.043162 0.094341
0.048947 0.042734 0.091010
0.046104 0.046493 0.092427
0.040316 0.043288 0.092981
0.042991 0.045422 0.092835
0.039448 0.044167 0.088000
0.048416 0.044379 0.093277
0.037588 0.046542 0.089436
0.039772 0.046226 0.096911
0.044050 0.046624 0.096805
0.042682 0.045063 0.092915
0.043942 0.046647 0.094640
0.038718 0.046878 0.094605
0.043854 0.046434 0.088047
0.045876 0.046660 0.092622
0.042280 0.045248 0.097577
0.040347 0.045979 0.097155
0.044887 0.046846 0.093167
0.040507 0.043473 0.088497
0.044341 0.046939 0.096394
0.039922 0.044264 0.093049
0.040020 0.044574 0.094080
0.047331 0.045701 0.092445
0.041335 0.043741 0.090149
0.039014 0.045546 0.092797
0.039116 0.046726 0.096312
0.048017 0.044821 0.092711
0.037144 0.047079 0.089957
0.043234 0.045442 0.096289
0.041976 0.044127 0.091847
0.044255 0.046611 0.088749
0.045452 0.046661 0.089709
0.044592 0.046419 0.087645
0.041022 0.044061 0.087736
0.042308 0.045541 0.094215
0.046872 0.045143 0.088520
0.039611 0.043982 0.091139
0.040980 0.044131 0.089155
0.036809 0.047109 0.089076
0.039405 0.044217 0.091044
0.037446 0.047254 0.091774
0.047181 0.044989 0.089538
0.043248 0.045783 0.095457
0.049073 0.043836 0.095077
0.045994 0.046057 0.088586
0.038292 0.047025 0.093671
0.037956 0.045826 0.088557
0.039953 0.046034 0.098575
0.041380 0.043640 0.092600
0.037151 0.046887 0.089183
0.048819 0.042840 0.090295
0.046911 0.045568 0.090598
0.040185 0.043979 0.087402
0.041394 0.046294 0.094982
0.044921 0.047200 0.096044
0.040267 0.044192 0.094145
0.040756 0.043634 0.089501
0.044180 0.046747 0.097091
0.045398 0.046387 0.088502
0.038015 0.045266 0.086793
0.044713 0.046502 0.088313
0.035507 0.047517 0.091564
0.039125 0.046402 0.095143
0.037258 0.047420 0.092868
0.039178 0.045794 0.094067
0.046650 0.046157 0.092102
0.048098 0.045624 0.095182
0.042057 0.045677 0.094270
0.039075 0.045400 0.092596
0.043484 0.046181 0.094468
0.041534 0.044495 0.088760
0.046531 0.046864 0.095074
0.046989 0.044964 0.088266
0.046565 0.046948 0.095856
0.039578 0.045435 0.094181
0.047640 0.045118 0.091805
0.038917 0.044865 0.090051
0.042902 0.045355 0.092796
0.044247 0.046642 0.091858
0.039766 0.043848 0.091653
0.042319 0.044835 0.093237
0.041515 0.046287 0.095154
0.046357 0.046402 0.092975
0.038596 0.046736 0.093885
0.042187 0.044481 0.089541
0.045841 0.047048 0.095031
0.047365 0.044532 0.088760
0.036949 0.047518 0.093372
0.046562 0.046689 0.094451
0.044642 0.046984 0.095251
0.045165 0.046471 0.088978
0.043277 0.045726 0.092757
0.044061 0.046560 0.091675
0.043388 0.045545 0.096151
0.040213 0.043442 0.092243
0.040901 0.044674 0.094434
0.042900 0.045493 0.090216
0.048703 0.043309 0.091281
0.038061 0.045678 0.088749
0.039685 0.043937 0.089949
0.049129 0.042475 0.091693
0.039458 0.046406 0.096942
0.040044 0.046063 0.097245
0.046511 0.045844 0.089935
0.045225 0.046881 0.091271
0.039549 0.044319 0.092412
0.040382 0.043556 0.090819
0.039746 0.046222 0.097713
0.047412 0.045758 0.093192
0.040250 0.043789 0.089337
0.047744 0.045880 0.094636
0.042651 0.045669 0.094769
0.048278 0.043831 0.090399
0.037922 0.046321 0.090038
0.040706 0.043145 0.092461
0.040495 0.043468 0.090255
0.047495 0.045696 0.093064
0.048128 0.044575 0.092476
0.047189 0.046576 0.095119
0.039309 0.045601 0.093864
0.048449 0.044846 0.094615
0.039128 0.044447 0.089104
0.040379 0.043943 0.087235
0.043070 0.045404 0.093359
0.041081 0.044158 0.089276
0.038613 0.047131 0.095392
0.045963 0.046490 0.090760
0.048111 0.045745 0.095486
0.040637 0.043494 0.090103
0.044500 0.046828 0.090847
0.037346 0.047467 0.093615
0.048284 0.045282 0.095028
0.040149 0.044310 0.094089
0.047611 0.045411 0.092554
0.041913 0.045313 0.096727
0.039183 0.044558 0.090034
0.047172 0.045378 0.090976
0.047073 0.044851 0.088357
0.041602 0.043853 0.092727
0.040920 0.043219 0.092547
0.049388 0.042762 0.094763
0.037331 0.046817 0.088948
0.043768 0.046459 0.093412
0.048376 0.045016 0.094760
0.047863 0.044064 0.089208
0.048487 0.043993 0.092513
0.047343 0.045339 0.091466
0.042174 0.045134 0.087210
0.040100 0.043694 0.093022
0.046325 0.046958 0.095307
0.044104 0.046524 0.088043
0.043990 0.046605 0.095611
0.042845 0.045607 0.094507
0.038594 0.047094 0.095108
0.044886 0.046853 0.090812
0.040140 0.043950 0.087703
0.041801 0.045609 0.096134
0.038861 0.046610 0.094505
0.040188 0.043892 0.093449
0.039659 0.044017 0.092264
0.040906 0.043225 0.092234
0.044520 0.046527 0.088179
0.047962 0.045006 0.092968
0.041887 0.044758 0.087953
0.045355 0.047171 0.095571
0.039904 0.043931 0.088958
0.040292 0.043257 0.092038
0.047849 0.044475 0.090704
0.046487 0.047050 0.096104
0.037153 0.047051 0.090076
0.045451 0.046778 0.090776
0.040459 0.043930 0.087696
0.045995 0.045920 0.087660
0.046432 0.046468 0.093300
0.049244 0.042717 0.093452
0.040438 0.045975 0.095167
0.043780 0.046493 0.095894
0.045569 0.046860 0.093006
0.037631 0.046449 0.089051
0.040498 0.043615 0.088633
0.046025 0.046094 0.089110
0.039763 0.044492 0.093133
0.039951 0.046099 0.097489
0.045181 0.046967 0.094014
0.048510 0.044138 0.093084
0.040375 0.046056 0.095671
0.041963 0.044265 0.090288
0.042836 0.045214 0.093124
0.048079 0.043642 0.088800
0.044813 0.046901 0.091443
0.039549 0.044095 0.089712
0.047182 0.046672 0.095696
0.042495 0.045015 0.089816
0.046914 0.045012 0.087785
0.043755 0.046391 0.088470
0.048675 0.043715 0.092779
0.040046 0.044943 0.094582
0.040678 0.045547 0.098458
0.046545 0.045545 0.088989
0.043662 0.046315 0.095146
0.040015 0.043600 0.091099
0.042077 0.044262 0.091964
0.042066 0.045298 0.093967
0.047988 0.045333 0.093989
0.044002 0.046601 0.090736
0.042632 0.045027 0.092234
0.041863 0.044799 0.087624
0.043148 0.045864 0.088437
0.043986 0.046507 0.088334
0.040244 0.043588 0.093223
0.041803 0.044301 0.093088
0.042929 0.045497 0.091653
0.047779 0.046196 0.095450
0.042176 0.044863 0.088879
0.042940 0.045711 0.087917
0.039964 0.043759 0.090216
0.038619 0.045727 0.091456
0.046617 0.046366 0.093093
0.039785 0.043802 0.091222
0.036630 0.047319 0.091229
0.038772 0.044416 0.087137
0.044985 0.047081 0.095045
0.042648 0.045402 0.087426
0.039983 0.046147 0.096859
0.039488 0.045665 0.094555
0.041218 0.044247 0.088039
0.046115 0.046924 0.094546
0.045782 0.047013 0.094696
0.042875 0.045616 0.089096
0.039302 0.045945 0.094774
0.043763 0.046441 0.090174
0.043410 0.045862 0.095988
0.045187 0.046828 0.090113
0.039408 0.046330 0.096145
0.043493 0.046101 0.092515
0.037801 0.046837 0.090988
0.039893 0.044449 0.093333
0.039262 0.044282 0.090871
0.042607 0.045361 0.089058
0.040735 0.045957 0.094935
0.037635 0.047438 0.093992
0.046440 0.045599 0.088407
0.048214 0.044029 0.090832
0.038782 0.045744 0.092323
0.043442 0.046156 0.088831
0.043015 0.045588 0.095267
0.043129 0.045849 0.087557
0.039996 0.043970 0.092577
0.038115 0.045095 0.086715
0.039967 0.043792 0.090054
0.048956 0.042765 0.091373
0.040563 0.043749 0.089386
0.049097 0.043385 0.094224
0.041088 0.044598 0.094338
0.042427 0.044878 0.090463
0.038277 0.046287 0.091429
0.040484 0.045839 0.097462
0.040626 0.045880 0.097017
0.041453 0.044240 0.093592
0.042402 0.045168 0.097744
0.039874 0.044240 0.092770
0.038186 0.046751 0.091993
0.048303 0.044069 0.091605
0.046768 0.045795 0.090869
0.039482 0.046183 0.095770
0.047389 0.046082 0.094428
0.037110 0.047151 0.090646
0.047985 0.044652 0.091935
0.040697 0.046044 0.095054
0.043902 0.046559 0.092452
0.040929 0.044064 0.088097
0.044376 0.046817 0.090418
0.040493 0.045339 0.094805
0.044629 0.046372 0.087410
0.040995 0.043213 0.091030
0.038376 0.044888 0.087135
0.047453 0.045651 0.092684
0.046221 0.046729 0.094039
0.047053 0.045210 0.089746
0.041442 0.045725 0.096685
0.044167 0.046678 0.089959
0.048450 0.043247 0.089353
0.049278 0.042981 0.094559
0.044351 0.046840 0.094438
0.048782 0.043409 0.092358
0.036742 0.047232 0.088849
0.041256 0.045460 0.097594
0.040482 0.045990 0.096928
0.040381 0.043672 0.089367
0.038504 0.045258 0.089478
0.039231 0.044281 0.088153
0.039162 0.044542 0.089658
0.044276 0.046567 0.088419
0.042911 0.045540 0.089967
0.039307 0.044861 0.092302
0.038855 0.045208 0.091001
0.048137 0.044488 0.092236
0.042211 0.044499 0.089297
0.047193 0.046340 0.094421
0.046286 0.045695 0.087959
0.045526 0.047165 0.095580
0.042174 0.044578 0.090553
0.041290 0.046298 0.095407
0.038182 0.045504 0.088642
0.042900 0.045484 0.091194
0.039248 0.046481 0.095668
0.039061 0.046693 0.095777
0.048213 0.044105 0.091126
0.037508 0.046627 0.088901
0.048901 0.043734 0.093950
0.041392 0.043630 0.090400
0.037848 0.046050 0.088723
0.042681 0.045184 0.090577
0.044837 0.046538 0.088486
0.042800 0.045554 0.088219
0.040944 0.046239 0.095481
0.044118 0.046611 0.089157
0.039968 0.043953 0.088779
0.042662 0.045534 0.095245
0.047541 0.045039 0.091162
0.048812 0.043404 0.092516
0.043945 0.046605 0.095028
0.044118 0.046622 0.091985
0.037167 0.047197 0.091316
0.044805 0.046390 0.087475
0.038445 0.045710 0.090763
0.045406 0.046833 0.091355
0.039225 0.044694 0.091195
0.040035 0.044031 0.092819
0.044932 0.046379 0.087739
0.038354 0.047310 0.095156
0.035690 0.047432 0.091164
0.043671 0.046326 0.088683
0.039276 0.044747 0.091596
0.037702 0.047353 0.093606
0.046117 0.046006 0.088896
0.046710 0.046756 0.094823
0.039448 0.044127 0.087416
0.043952 0.046585 0.092794
0.038626 0.046150 0.092634
0.041726 0.043922 0.091156
0.048989 0.043028 0.092491
0.041403 0.044170 0.089238
0.045084 0.047333 0.096652
0.043396 0.046082 0.089876
0.040629 0.045587 0.097917
0.038746 0.045471 0.091264
0.042405 0.044774 0.091668
0.038103 0.046760 0.091722
0.039419 0.044090 0.090621
0.041568 0.043821 0.090703
0.038111 0.046304 0.090751
0.044749 0.047087 0.095700
0.045030 0.046358 0.087506
0.046912 0.045224 0.089094
0.045352 0.046368 0.088124
0.043069 0.045833 0.089284
0.039003 0.044874 0.090564
0.039372 0.044078 0.087127
0.045332 0.046853 0.091621
0.044983 0.046522 0.088578
0.039440 0.044498 0.091914
0.046780 0.046592 0.094320
0.046188 0.047159 0.096006
0.040792 0.043322 0.093027
0.041283 0.044348 0.088518
0.041435 0.045716 0.094386
0.045669 0.046838 0.093332
0.042686 0.045417 0.088456
0.040900 0.045515 0.098137
0.043707 0.046350 0.091148
0.045148 0.046890 0.093385
0.047396 0.046519 0.095492
0.039443 0.044207 0.089582
0.042368 0.044697 0.091054
0.037868 0.047206 0.092867
0.043717 0.046371 0.088271
0.044669 0.046420 0.087952
0.047425 0.044948 0.090440
0.040797 0.043467 0.090613
0.047886 0.045490 0.094170
0.039903 0.044510 0.093601
0.038039 0.045484 0.087605
0.039278 0.044446 0.090104
0.043536 0.046182 0.089740
0.040510 0.043386 0.093428
0.043212 0.045914 0.090033
0.045234 0.047072 0.094861
0.049124 0.042835 0.093023
0.038055 0.045564 0.087980
0.041235 0.045936 0.094592
0.041872 0.045006 0.093747
0.039978 0.043906 0.088618
0.038582 0.045990 0.092040
0.037998 0.046668 0.091181
0.048771 0.043914 0.093814
0.047126 0.046513 0.094750
0.049251 0.042842 0.093843
0.036503 0.047649 0.093023
0.046692 0.045462 0.089377
0.045176 0.046834 0.090470
0.042791 0.045328 0.090398
0.042680 0.045215 0.091217
0.038304 0.046924 0.093326
0.041907 0.044764 0.088531
0.037988 0.045974 0.089298
0.037760 0.045703 0.087133
0.043564 0.046175 0.095277
0.041415 0.045474 0.098175
0.039655 0.044032 0.091372
0.038835 0.044598 0.087947
0.042672 0.045135 0.096294
0.048186 0.045294 0.094633
0.039313 0.045975 0.094986
0.047641 0.045477 0.092884
0.042283 0.044634 0.091331
0.043835 0.046295 0.087293
0.043036 0.045263 0.097251
0.047207 0.046304 0.094059
0.039598 0.044008 0.087105
0.045944 0.046824 0.094014
0.044184 0.046646 0.091532
0.043480 0.046105 0.095089
0.047783 0.044973 0.092057
0.045877 0.046100 0.088216
0.047988 0.045481 0.094413
0.043488 0.046183 0.091817
0.041511 0.045484 0.097345
0.043673 0.046324 0.090622
0.047919 0.045924 0.095310
0.048721 0.044387 0.094745
0.039678 0.045758 0.094857
0.038907 0.046948 0.096433
0.038518 0.045115 0.089009
0.040884 0.043810 0.093992
0.046268 0.046790 0.094370
0.041609 0.044835 0.093936
0.045544 0.046874 0.093551
0.042618 0.045130 0.096036
0.040504 0.045566 0.098215
0.047379 0.045406 0.091736
0.044868 0.046869 0.090446
0.041397 0.045798 0.096502
0.045900 0.046698 0.092884
0.042011 0.044203 0.089413
0.039704 0.044625 0.093034
0.041458 0.046076 0.094599
0.047053 0.045784 0.091886
0.042785 0.045337 0.091398
0.041177 0.043474 0.090885
0.039849 0.046096 0.097159
0.048522 0.043879 0.092308
0.041659 0.044582 0.087264
0.037762 0.047447 0.094174
0.048628 0.044045 0.093373
0.047090 0.044905 0.088585
0.045048 0.046901 0.091749
0.041473 0.043570 0.091939
0.040708 0.046130 0.095222
0.046454 0.045611 0.088685
0.040770 0.045674 0.097576
0.043868 0.046459 0.096426
0.048373 0.044558 0.093435
0.046730 0.045259 0.088134
0.039835 0.046098 0.097301
0.040322 0.043058 0.091638
0.038460 0.045073 0.088369
0.043696 0.046265 0.096328
0.047657 0.044050 0.088023
0.038782 0.047049 0.096153
0.036185 0.047677 0.093034
0.037678 0.047322 0.093217
0.048604 0.042858 0.088686
0.042425 0.045269 0.088027
0.041991 0.044941 0.087326
0.043515 0.045995 0.096197
0.046231 0.046682 0.093837
0.047381 0.046578 0.095735
0.041599 0.043975 0.092976
0.038127 0.045178 0.087000
0.041409 0.043771 0.089951
0.043827 0.046444 0.095385
0.039078 0.046644 0.095405
0.040389 0.043471 0.090022
0.048824 0.043536 0.093090
0.037026 0.047076 0.089909
0.047395 0.045860 0.093229
0.042149 0.044361 0.092107
0.049275 0.042557 0.093121
0.045274 0.046460 0.088588
0.045846 0.046674 0.092395
0.040035 0.043898 0.089456
0.044561 0.046838 0.092272
0.041728 0.044045 0.090608
0.039983 0.043982 0.087791
0.045917 0.046740 0.093220
0.044707 0.046992 0.095062
0.044450 0.047012 0.096621
0.041594 0.045411 0.097637
0.042444 0.045655 0.094456
0.040331 0.043163 0.091512
0.043268 0.045929 0.091606
0.043451 0.046132 0.087852
0.043755 0.046408 0.090819
0.045253 0.046310 0.087904
0.042311 0.045087 0.088695
0.040789 0.043218 0.091072
0.037010 0.046939 0.089370
0.040515 0.043643 0.088430
0.045015 0.046848 0.093069
0.039533 0.044040 0.090224
0.039953 0.045634 0.094872
0.037787 0.045919 0.087878
0.035744 0.047578 0.092063
0.038375 0.047336 0.095836
0.045763 0.046477 0.089663
0.046140 0.046587 0.093090
0.045508 0.046824 0.092810
0.048703 0.044493 0.095240
0.038633 0.044835 0.088387
0.039385 0.044268 0.088904
0.046090 0.046507 0.092141
0.036810 0.047603 0.093602
0.048509 0.044810 0.094941
0.040961 0.043375 0.092922
0.036799 0.047604 0.093221
0.038663 0.047149 0.096519
0.041496 0.043756 0.089664
0.036774 0.047146 0.089911
0.043928 0.046518 0.089379
0.043381 0.045938 0.094904
0.041417 0.043847 0.089451
0.038665 0.046363 0.093525
0.045587 0.047069 0.094907
0.044761 0.046859 0.092118
0.044494 0.046814 0.091304
0.041147 0.043598 0.089803
0.037761 0.047051 0.091766
0.037805 0.046746 0.090697
0.049357 0.042657 0.094135
0.039668 0.044076 0.087943
0.040060 0.044412 0.093897
0.039328 0.045374 0.093401
0.048371 0.044269 0.092757
0.037763 0.047576 0.095077
0.037644 0.047120 0.091674
0.041929 0.044035 0.092190
0.037972 0.047301 0.093912
0.037858 0.045461 0.086872
0.039192 0.046696 0.097267
0.046250 0.046993 0.095622
0.044390 0.046759 0.089826
0.037609 0.046089 0.087565
0.048833 0.043012 0.091123
0.041300 0.043738 0.093219
0.042584 0.044863 0.092619
0.046119 0.046172 0.089456
0.048681 0.044135 0.093900
0.046667 0.045488 0.089210
0.045807 0.046653 0.092042
0.038902 0.045340 0.091521
0.043689 0.046350 0.089086
0.039239 0.045396 0.093085
0.044654 0.046850 0.090275
0.041313 0.046242 0.095758
0.039676 0.044092 0.088165
0.045094 0.046516 0.088801
0.038977 0.045777 0.093386
0.049342 0.042581 0.093720
0.043888 0.046441 0.096669
0.047305 0.045797 0.092769
0.043708 0.046295 0.087730
0.039252 0.044208 0.087376
0.041962 0.045684 0.095787
0.038756 0.044656 0.087683
0.047675 0.044012 0.088213
0.038802 0.046887 0.095134
0.042127 0.044517 0.089063
0.041330 0.045472 0.097933
0.042195 0.044467 0.091041
0.046603 0.046773 0.094726
0.044800 0.046890 0.091908
0.045629 0.046295 0.088274
0.041491 0.044450 0.088315
0.044591 0.046585 0.088627
0.042423 0.045166 0.096882
0.046869 0.046810 0.095618
0.039125 0.044414 0.088595
0.039289 0.046595 0.097408
0.040431 0.043094 0.092999
0.040479 0.043149 0.092949
0.039346 0.045161 0.092894
0.037328 0.046974 0.090502
0.038163 0.045853 0.089925
0.035724 0.047626 0.092479
0.041948 0.044078 0.092656
0.040178 0.044100 0.093828
0.039376 0.045214 0.093229
0.036906 0.047499 0.092846
0.043253 0.045897 0.090242
0.036734 0.047192 0.088980
0.040876 0.043893 0.088841
0.048875 0.044012 0.094504
0.040704 0.043901 0.089153
0.038651 0.044657 0.087358
0.038725 0.046566 0.093942
0.045955 0.046157 0.088989
0.036297 0.047353 0.091213
0.047698 0.045847 0.094397
0.038645 0.046849 0.094246
0.040950 0.042690 0.091199
0.048773 0.042622 0.089445
0.047509 0.044796 0.090246
0.046779 0.045584 0.090029
0.043531 0.046206 0.090737
0.044947 0.046858 0.090226
0.039161 0.044563 0.089828
0.045114 0.047309 0.096372
0.042254 0.045167 0.087942
0.046917 0.045384 0.089834
0.037985 0.046583 0.090853
0.040107 0.043820 0.092870
0.047506 0.046394 0.095256
0.042591 0.045008 0.091954
0.037552 0.046758 0.090102
0.043206 0.045610 0.094343
0.046293 0.047049 0.095907
0.040394 0.046032 0.095534
0.044679 0.046930 0.094124
0.044819 0.046875 0.091110
0.042360 0.045071 0.089094
0.041233 0.046170 0.094830
0.038295 0.047248 0.094441
0.040401 0.043856 0.088223
0.038488 0.045809 0.091146
0.042573 0.045065 0.090487
0.037285 0.047556 0.094213
0.046340 0.046331 0.091481
0.039641 0.044182 0.088529
0.036136 0.047430 0.091549
0.041139 0.044040 0.093930
0.043479 0.046110 0.095974
0.039183 0.046596 0.096129
0.043268 0.045743 0.093452
0.043246 0.045884 0.090972
0.044291 0.046562 0.088221
0.043446 0.045979 0.093305
0.040386 0.044002 0.094101
0.042633 0.045221 0.097293
0.039911 0.046124 0.096702
0.042299 0.045110 0.093732
0.046370 0.046319 0.092362
0.047901 0.044011 0.089419
0.044117 0.046678 0.093005
0.046762 0.046817 0.095422
0.049328 0.043027 0.094900
0.047466 0.044998 0.090765
0.047989 0.043682 0.088583
0.037183 0.046891 0.087967
0.045561 0.046537 0.089536
0.046690 0.045249 0.087820
0.042394 0.045285 0.087797
0.040615 0.044790 0.094563
0.044537 0.046920 0.094779
0.047270 0.044819 0.089272
0.045397 0.046431 0.089123
0.047814 0.045743 0.094554
0.043840 0.046553 0.093721
0.041525 0.044405 0.089014
0.045985 0.047111 0.095839
0.043340 0.045823 0.094403
0.036499 0.047594 0.092662
0.045806 0.046663 0.091419
0.041206 0.045930 0.096421
0.043286 0.045743 0.094029
0.041812 0.043924 0.091861
0.039233 0.044455 0.090211
0.042453 0.045219 0.088858
0.043932 0.046537 0.089934
0.040742 0.043276 0.093100
0.037393 0.047031 0.091264
0.040588 0.043560 0.093692
0.049083 0.043193 0.093655
0.047103 0.045870 0.092462
0.048608 0.044155 0.093588
0.039881 0.046047 0.096218
0.042697 0.045401 0.089357
0.044556 0.047044 0.096055
0.038722 0.044832 0.089045
0.043604 0.046304 0.092007
0.038415 0.046182 0.091755
0.043634 0.046300 0.090098
0.042769 0.045193 0.095818
0.043614 0.046227 0.095519
0.047536 0.044323 0.088790
0.047360 0.045190 0.090961
0.045397 0.047375 0.096394
0.039722 0.043751 0.091939
0.037428 0.047102 0.091486
0.042747 0.045547 0.095033
0.048246 0.045103 0.094263
0.045397 0.047245 0.095913
0.047045 0.045436 0.090554
0.048094 0.045505 0.094889
0.041542 0.046245 0.095377
0.037671 0.047210 0.091973
0.041907 0.046131 0.094687
0.041732 0.044542 0.088295
0.047505 0.044555 0.089352
0.041940 0.043953 0.091557
0.039700 0.044135 0.088417
0.047450 0.044381 0.088387
0.039541 0.044106 0.087675
0.036109 0.047319 0.090353
0.039921 0.043584 0.091368
0.040940 0.045528 0.098446
0.040085 0.043658 0.090591
0.048179 0.044718 0.093155
0.039133 0.045737 0.093736
0.042885 0.045625 0.089385
0.042408 0.045249 0.097188
0.046336 0.046348 0.092690
0.042453 0.044766 0.091934
0.042927 0.045480 0.090566
0.036856 0.047124 0.090113
0.046686 0.045607 0.089792
0.041590 0.045477 0.097901
0.039935 0.043773 0.092278
0.038567 0.047067 0.094752
0.045864 0.047343 0.096347
0.045209 0.046867 0.092617
0.039802 0.044846 0.093929
0.049147 0.043152 0.093979
0.037083 0.047428 0.092359
0.042391 0.045036 0.096652
0.040262 0.045060 0.094736
0.044583 0.047094 0.096403
0.036912 0.047548 0.093703
0.042336 0.045679 0.095297
0.040216 0.043530 0.091132
0.041420 0.043605 0.092260
0.043968 0.046596 0.090250
0.048156 0.044355 0.091856
0.035954 0.047408 0.091307
0.038484 0.046383 0.092490
0.037218 0.046835 0.089413
0.035284 0.047580 0.092058
0.040074 0.043652 0.090371
0.043789 0.046524 0.094196
0.038889 0.046921 0.095804
0.039606 0.044106 0.087845
0.042982 0.045529 0.095079
0.048933 0.042696 0.090614
0.041621 0.045818 0.096025
0.045089 0.046911 0.093795
0.038242 0.044906 0.086805
0.042026 0.044052 0.092439
0.040505 0.043233 0.092226
0.041964 0.045332 0.097418
0.042236 0.045650 0.095568
0.039325 0.044223 0.090413
0.044243 0.046745 0.090836
0.043419 0.046004 0.095479
0.038353 0.046549 0.092219
0.038453 0.044935 0.087439
0.042427 0.044917 0.090016
0.040766 0.043157 0.092663
0.040087 0.045898 0.098558
0.043062 0.045650 0.091826
0.049502 0.042370 0.094368
0.039318 0.045712 0.094317
0.042481 0.044906 0.091270
0.038075 0.047487 0.095307
0.041838 0.044229 0.090384
0.045973 0.046129 0.088838
0.046924 0.046316 0.093642
0.042312 0.045161 0.096273
0.048570 0.043734 0.092094
0.045854 0.046057 0.087844
0.044161 0.046379 0.087244
0.035827 0.047593 0.092241
0.037738 0.046988 0.091469
0.046690 0.045406 0.088899
0.048635 0.043045 0.089629
0.047661 0.044456 0.089709
0.045443 0.046214 0.087427
0.040490 0.046053 0.096465
0.041735 0.044062 0.089317
0.042573 0.044995 0.091696
0.043386 0.045860 0.093016
0.043713 0.046403 0.092225
0.039299 0.044233 0.088094
0.041942 0.046047 0.095370
0.039085 0.044888 0.091085
0.037010 0.047318 0.091512
0.039193 0.044593 0.090906
0.039512 0.045047 0.093141
0.047200 0.045552 0.091497
0.045309 0.047159 0.095438
0.043581 0.046300 0.093927
0.039440 0.046377 0.096677
0.037563 0.045850 0.086829
0.041694 0.044592 0.088526
0.041628 0.043980 0.089855
0.040780 0.043399 0.090882
0.047308 0.045351 0.091219
0.042869 0.045522 0.089704
0.041263 0.043363 0.091088
0.041657 0.045033 0.093976
0.042324 0.044873 0.089299
0.046519 0.045502 0.088164
0.044270 0.046767 0.090628
0.043773 0.046401 0.089685
0.049201 0.043270 0.094690
0.037111 0.047622 0.094340
0.037002 0.047246 0.090870
0.048521 0.043999 0.092792
0.047748 0.044143 0.088943
0.043953 0.046479 0.097018
0.037790 0.045795 0.087508
0.038974 0.044973 0.090753
0.048104 0.043730 0.089172
0.048174 0.044997 0.093711
0.041936 0.044135 0.089275
0.036506 0.047523 0.092301
0.039686 0.044081 0.089250
0.039984 0.045251 0.094727
0.049224 0.042465 0.092564
0.042109 0.045243 0.096958
0.039329 0.044192 0.087491
0.037972 0.045893 0.088913
0.042357 0.044847 0.090207
0.043995 0.046645 0.093315
0.037393 0.046441 0.087590
0.040907 0.043663 0.093765
0.047384 0.044574 0.088925
0.038762 0.046194 0.093495
0.038988 0.046105 0.094086
0.037932 0.046493 0.090468
0.039942 0.043705 0.090504
0.045136 0.046749 0.089553
0.038260 0.045137 0.087363
0.040071 0.045899 0.098708
0.046047 0.046533 0.091450
0.040950 0.045012 0.094541
0.044497 0.046903 0.095063
0.042565 0.045047 0.091454
0.042839 0.045618 0.087279
0.045317 0.046855 0.091942
0.045705 0.046795 0.092829
0.044436 0.046762 0.089646
0.039867 0.043973 0.089596
0.047791 0.045920 0.095079
0.038340 0.045937 0.090925
0.039688 0.044027 0.087380
0.046066 0.045896 0.088047
0.041916 0.045320 0.097652
0.049090 0.042793 0.092547
0.039559 0.046375 0.097780
0.046156 0.046292 0.090936
0.038508 0.045059 0.088676
0.042096 0.044269 0.090771
0.042852 0.045616 0.087416
0.039117 0.045521 0.092996
0.037178 0.047376 0.092616
0.037228 0.047223 0.091495
0.039710 0.044076 0.089018
0.044009 0.046447 0.087802
0.042217 0.044463 0.090802
0.045706 0.046628 0.090585
0.039353 0.044975 0.092571
0.041304 0.044219 0.087679
0.046284 0.046122 0.089987
0.043408 0.045964 0.093981
0.047260 0.045956 0.092977
0.045993 0.046589 0.092277
0.043621 0.046260 0.092362
0.044171 0.046674 0.091170
0.040365 0.046070 0.095904
0.047473 0.045745 0.093242
0.046664 0.046076 0.091498
0.046956 0.045809 0.091484
0.045190 0.046262 0.087348
0.047762 0.045905 0.094827
0.047230 0.044998 0.089780
0.043042 0.045804 0.088730
0.040743 0.043224 0.091280
0.042542 0.045384 0.095715
0.039881 0.043737 0.091769
0.045276 0.047024 0.094551
0.037814 0.046189 0.089099
0.042537 0.044947 0.090937
0.045582 0.046784 0.092196
0.047526 0.045859 0.093685
0.047827 0.045486 0.093915
0.042625 0.045486 0.095480
0.048590 0.043623 0.091687
0.042401 0.045784 0.095026
0.037136 0.047429 0.092129
0.047759 0.045440 0.093250
0.044853 0.046838 0.089732
0.038826 0.045795 0.092690
0.047352 0.044474 0.088166
0.037984 0.047199 0.093276
0.045069 0.046840 0.089863
0.042869 0.045379 0.092097
0.038339 0.046679 0.092579
0.048714 0.043369 0.091678
0.046288 0.045686 0.087618
0.039972 0.043952 0.087483
0.047074 0.046205 0.093491
0.043758 0.046445 0.090496
0.037600 0.047325 0.092920
0.039485 0.044397 0.092187
0.047427 0.046261 0.094792
0.047899 0.044903 0.092349
0.041998 0.045306 0.097144
0.044651 0.046798 0.089500
0.037236 0.047552 0.093976
0.036864 0.047458 0.092180
0.037011 0.047086 0.090256
0.047989 0.044369 0.091038
0.046442 0.045721 0.089205
0.045390 0.046839 0.091106
0.040432 0.043491 0.093575
0.041272 0.045391 0.097755
0.040854 0.045848 0.096921
0.041648 0.046178 0.094675
0.037276 0.046693 0.087703
0.044134 0.046735 0.093846
0.038156 0.046310 0.090933
0.042277 0.044629 0.092983
0.047696 0.044829 0.091193
0.038762 0.046007 0.092937
0.047418 0.044463 0.088549
0.044763 0.046880 0.092434
0.038157 0.047113 0.093380
0.041676 0.044628 0.087402
0.038881 0.045384 0.091753
0.037741 0.046586 0.090107
0.038970 0.044393 0.087411
0.036422 0.047397 0.091464
0.037446 0.046861 0.090357
0.043230 0.045647 0.093002
0.044344 0.046513 0.088000
0.043333 0.045755 0.094173
0.038038 0.046095 0.089982
0.047645 0.046375 0.095576
0.039261 0.044830 0.091765
0.046244 0.046913 0.095026
0.041751 0.044428 0.089018
0.046009 0.047245 0.096138
0.038268 0.045655 0.089725
0.036753 0.047247 0.090875
0.047012 0.046475 0.094312
0.037668 0.047288 0.092276
0.043917 0.046537 0.092086
0.038848 0.046968 0.095988
0.039847 0.043973 0.087283
0.043435 0.046158 0.089198
0.039828 0.045135 0.094432
0.045043 0.046304 0.087235
0.039726 0.046128 0.095954
0.039785 0.045050 0.094165
0.043003 0.045238 0.096699
0.045611 0.046223 0.087924
0.041771 0.044517 0.093432
0.039664 0.046270 0.097976
0.040203 0.043654 0.092611
0.045597 0.047001 0.094535
0.039843 0.043900 0.089875
0.042250 0.044478 0.091651
0.038574 0.046148 0.092277
0.043639 0.046215 0.093359
0.040498 0.045574 0.098060
0.048512 0.043773 0.091823
0.043216 0.045852 0.091304
0.037756 0.047545 0.094810
0.048835 0.043051 0.091443
0.046135 0.046350 0.090989
0.048767 0.042772 0.089651
0.039416 0.044254 0.089240
0.037413 0.046300 0.087304
0.037880 0.046209 0.089441
0.038945 0.046291 0.094265
0.038342 0.045655 0.090098
0.039006 0.045308 0.092023
0.041462 0.044001 0.093335
0.047004 0.046509 0.094478
0.036511 0.047681 0.093420
0.038537 0.045915 0.091678
0.047566 0.044220 0.088272
0.039161 0.046054 0.094548
0.047660 0.046157 0.095093
0.047728 0.045694 0.094080
0.039852 0.044620 0.093754
0.043155 0.045663 0.094773
0.048244 0.043484 0.088962
0.042309 0.044767 0.090443
0.046723 0.046569 0.094071
0.042435 0.045231 0.096018
0.044513 0.046822 0.093389
0.040971 0.043230 0.091870
0.042687 0.045498 0.087916
0.041657 0.045584 0.096484
0.039901 0.043983 0.088387
0.039741 0.043804 0.090594
0.041146 0.043441 0.090517
0.040670 0.046142 0.095822
0.039116 0.045024 0.091579
0.039170 0.046675 0.096911
0.038698 0.046917 0.094852
0.043461 0.045741 0.096118
0.038978 0.045119 0.091318
0.048016 0.044172 0.090420
0.048070 0.045087 0.093485
0.036729 0.047536 0.092633
0.042847 0.045216 0.093837
0.044816 0.046592 0.088792
0.041382 0.044577 0.094139
0.039818 0.046117 0.097871
0.047870 0.043927 0.088829
0.046696 0.045323 0.088681
0.044429 0.046948 0.095782
0.037232 0.047286 0.091677
0.038025 0.047365 0.094284
0.043063 0.045522 0.092471
0.038140 0.046410 0.091099
0.040558 0.043468 0.090856
0.048449 0.043066 0.088876
0.036567 0.047240 0.090689
0.038336 0.045266 0.088572
0.046849 0.046761 0.095177
0.038360 0.046762 0.093091
0.040419 0.044434 0.094448
0.045601 0.047183 0.095858
0.038706 0.045302 0.090683
0.045764 0.047240 0.096024
0.040300 0.043480 0.090281
0.044626 0.046840 0.091033
0.042369 0.044577 0.092371
0.038685 0.044987 0.089387
0.041127 0.045576 0.097453
0.043674 0.046148 0.096638
0.043432 0.046072 0.093671
0.040824 0.043993 0.094164
0.045346 0.046857 0.092370
0.044229 0.046799 0.095617
0.047080 0.046249 0.093790
0.042673 0.045396 0.088836
0.039021 0.045179 0.091696
0.042834 0.045614 0.087678
0.043618 0.046268 0.096141
0.043289 0.045470 0.097171
0.038457 0.046302 0.092106
0.040373 0.043639 0.089772
0.038616 0.045040 0.089217
0.044878 0.046857 0.090047
0.036751 0.047636 0.093890
0.040251 0.043589 0.090991
0.045120 0.046879 0.091059
0.041801 0.045399 0.097831
0.047052 0.045533 0.090885
0.042731 0.045242 0.091009
0.046378 0.046315 0.091727
0.042394 0.045288 0.087158
0.045735 0.046571 0.090019
0.048086 0.044315 0.091335
0.038713 0.044753 0.088680
0.041669 0.044225 0.093296
0.039943 0.043608 0.091940
0.043681 0.046364 0.089421
0.045937 0.046255 0.089287
0.046877 0.046606 0.094606
0.043931 0.046500 0.091757
0.042389 0.044843 0.089536
0.038664 0.047122 0.095779
0.037729 0.046154 0.088465
0.048763 0.044172 0.094366
0.043619 0.046283 0.088052
0.043723 0.046377 0.091871
0.043033 0.045762 0.088189
0.036240 0.047209 0.090101
0.046514 0.045952 0.090601
0.038988 0.044500 0.088735
0.039758 0.043750 0.092099
0.040772 0.044001 0.087611
0.047930 0.045727 0.095020
0.049003 0.043500 0.094035
0.048300 0.044955 0.094168
0.043433 0.046082 0.087576
0.048725 0.043903 0.093505
0.040854 0.043600 0.089585
0.040622 0.045782 0.097200
0.040061 0.043978 0.093113
0.043054 0.045757 0.089877
0.039545 0.045539 0.094360
0.046865 0.046284 0.093100
0.042712 0.045250 0.090331
0.042333 0.045268 0.097414
0.041982 0.044306 0.090652
0.048672 0.043644 0.092449
0.045391 0.046406 0.088385
0.038769 0.045642 0.091979
0.037618 0.046703 0.090190
0.040457 0.045767 0.094980
0.039582 0.046323 0.097273
0.046042 0.046292 0.089670
0.039960 0.043617 0.091644
0.046155 0.046634 0.093282
0.039162 0.045160 0.092335
0.045813 0.046667 0.091747
0.041128 0.046251 0.095775
0.043649 0.046247 0.093099
0.041757 0.045980 0.094454
0.045683 0.046347 0.088971
0.041501 0.045553 0.097106
0.045472 0.046719 0.090061
0.038066 0.046206 0.090353
0.037958 0.046988 0.091934
0.041080 0.044245 0.089225
0.039020 0.046460 0.094941
0.041006 0.043424 0.093308
0.041778 0.043857 0.091511
0.048271 0.044499 0.092948
0.042414 0.044675 0.092695
0.039745 0.044170 0.092498
0.040069 0.046042 0.096449
0.037910 0.047180 0.092464
0.042944 0.045478 0.090969
0.038684 0.046075 0.092707
0.039529 0.044015 0.090926
0.038430 0.045622 0.090433
0.040591 0.043772 0.088905
0.035832 0.047379 0.090949
0.040182 0.043907 0.088912
0.045501 0.047044 0.094731
0.039407 0.046502 0.097479
0.036430 0.047194 0.090288
0.037588 0.046438 0.088675
0.045986 0.046436 0.090244
0.039274 0.046521 0.096630
0.039823 0.044022 0.087722
0.046884 0.045549 0.090307
0.036666 0.047394 0.091592
0.040158 0.045993 0.096117
0.045742 0.047126 0.095455
0.038064 0.047464 0.094987
0.039092 0.044699 0.090587
0.036283 0.047601 0.092435
0.043369 0.045989 0.092248
0.038278 0.045269 0.088344
0.038316 0.045241 0.088079
0.039128 0.045568 0.093278
0.038007 0.045424 0.087265
0.040137 0.043894 0.087861
0.048050 0.044068 0.090144
0.047065 0.046155 0.092970
0.039649 0.045437 0.094300
0.039796 0.043838 0.090261
0.040704 0.043545 0.088470
0.038504 0.045866 0.091335
0.041748 0.046007 0.095652
0.045567 0.046908 0.093898
0.046069 0.046743 0.093692
0.041924 0.044757 0.088311
0.046606 0.046153 0.092400
0.045177 0.046855 0.090786
0.044020 0.046662 0.095806
0.036605 0.047105 0.089486
0.039068 0.044244 0.087143
0.036978 0.047220 0.090742
0.040087 0.043422 0.092026
0.043112 0.045574 0.094187
0.043466 0.046166 0.090527
0.043083 0.045391 0.095807
0.043396 0.046089 0.090318
0.048664 0.044438 0.094572
0.040426 0.045594 0.098424
0.045456 0.046734 0.090347
0.038300 0.045197 0.087732
0.039564 0.045954 0.095459
0.049103 0.043458 0.094495
0.040899 0.046206 0.095157
0.046433 0.046004 0.090767
0.040587 0.045995 0.096724
0.041044 0.045592 0.094577
0.046498 0.045737 0.089553
0.040105 0.043916 0.088096
0.041811 0.044156 0.092875
0.037749 0.046371 0.089376
0.041080 0.043119 0.091490
0.042455 0.044765 0.092176
0.047774 0.044623 0.090936
0.047579 0.045905 0.094250
0.042753 0.045533 0.094314
0.043538 0.046260 0.090261
0.045981 0.046522 0.091082
0.047938 0.045667 0.094804
0.049057 0.043682 0.094715
0.041167 0.045493 0.098233
0.046017 0.046377 0.089994
0.040408 0.043289 0.091267
0.048835 0.044169 0.094730
0.046123 0.046510 0.092759
0.039448 0.044965 0.092740
0.038989 0.045000 0.090952
0.042741 0.045233 0.094011
0.040648 0.044301 0.094366
0.046798 0.046316 0.093419
0.045924 0.046903 0.094386
0.047739 0.045276 0.092885
0.040660 0.046100 0.096320
0.046884 0.046836 0.095881
0.047510 0.045942 0.094019
0.048871 0.043107 0.091915
0.040098 0.043653 0.090157
0.044940 0.046985 0.094223
0.035483 0.047496 0.091333
0.040346 0.045601 0.098063
0.044406 0.046756 0.089974
0.046250 0.046918 0.094573
0.039423 0.045969 0.095165
0.039034 0.044724 0.090199
0.043770 0.046204 0.096991
0.043626 0.046335 0.093608
0.042066 0.046006 0.095163
0.046749 0.045226 0.088353
0.037118 0.046960 0.089008
0.039957 0.043706 0.090756
0.036430 0.047520 0.092030
0.039390 0.044116 0.090795
0.040933 0.046196 0.095855
0.037454 0.046591 0.088376
0.045641 0.046435 0.089319
0.042849 0.045616 0.088829
0.042192 0.045492 0.095889
0.047800 0.044386 0.090086
0.041482 0.044797 0.094091
0.048279 0.044372 0.092600
0.042310 0.044971 0.093504
0.043175 0.045687 0.094981
0.042016 0.044865 0.093491
0.040234 0.044418 0.094254
0.048586 0.044378 0.093970
0.048509 0.044940 0.095279
0.042197 0.045042 0.088161
0.042200 0.044728 0.093162
0.041045 0.042992 0.091212
0.049219 0.043391 0.094969
0.042696 0.045500 0.087153
0.041010 0.045475 0.097823
0.037962 0.047082 0.092243
0.039133 0.045637 0.093529
0.047269 0.044699 0.088695
0.038134 0.046971 0.092521
0.043623 0.046384 0.094399
0.042863 0.045322 0.095663
0.037252 0.047169 0.090881
0.037703 0.046910 0.091250
0.042272 0.044658 0.089707
0.047130 0.045597 0.091275
0.044729 0.047191 0.096706
0.037238 0.046990 0.089900
0.042488 0.044805 0.092956
0.042609 0.044986 0.093186
0.047955 0.043897 0.089012
0.041226 0.046170 0.095947
0.048320 0.044242 0.092374
0.037349 0.047442 0.093215
0.042972 0.045409 0.092944
0.041168 0.046287 0.095145
0.044304 0.046741 0.092533
0.044657 0.046734 0.089180
0.043790 0.046398 0.091628
0.048993 0.043392 0.093680
0.046835 0.045966 0.091766
0.043079 0.045830 0.089592
0.038591 0.044966 0.088862
0.044001 0.046604 0.090515
0.045625 0.047118 0.095254
0.042108 0.045024 0.087767
0.037343 0.046921 0.089965
0.039119 0.044348 0.088049
0.042973 0.045197 0.096940
0.043721 0.046390 0.092892
0.042817 0.045266 0.092317
0.040808 0.043478 0.089712
0.037864 0.047170 0.093067
0.039323 0.044778 0.091942
0.046665 0.046241 0.092819
0.044918 0.047018 0.094727
0.038404 0.046825 0.093446
0.041010 0.044011 0.088559
0.038765 0.045551 0.091486
0.042500 0.044946 0.093542
0.041547 0.044412 0.088130
0.040981 0.045604 0.097417
0.043487 0.046189 0.089593
0.043799 0.046464 0.095127
0.043424 0.045608 0.096703
0.043508 0.046197 0.092102
0.041879 0.044249 0.090138
0.047818 0.043792 0.088135
0.044118 0.046664 0.092631
0.040017 0.043985 0.087248
0.042862 0.045209 0.096460
0.048861 0.043331 0.092649
0.047581 0.045721 0.093399
0.043536 0.046021 0.093037
0.044840 0.046856 0.092755
0.037105 0.047511 0.093660
0.038550 0.047225 0.096168
0.048947 0.044036 0.094933
0.042090 0.044424 0.090060
0.039333 0.044339 0.090067
0.043278 0.045469 0.096599
0.040744 0.045303 0.094679
0.041801 0.044549 0.088099
0.044530 0.046663 0.088902
0.046497 0.046194 0.091561
0.039441 0.045884 0.094950
0.040375 0.045809 0.097705
0.044002 0.046545 0.089710
0.042904 0.045670 0.088074
0.045386 0.047101 0.095068
0.039903 0.045176 0.094575
0.047016 0.045366 0.090136
0.036867 0.047243 0.088629
0.047610 0.045767 0.093869
0.037386 0.047362 0.093056
0.048237 0.044805 0.093517
0.041292 0.044317 0.094108
0.045273 0.046874 0.092977
0.044137 0.046620 0.091331
0.043640 0.046365 0.094137
0.039268 0.045536 0.093644
0.038771 0.046580 0.094115
0.044210 0.046781 0.094777
0.041515 0.043571 0.091402
0.048159 0.045079 0.093918
0.041034 0.045743 0.097064
0.043070 0.045709 0.090273
0.041591 0.045391 0.094165
0.042202 0.045120 0.087437
0.040850 0.043140 0.091518
0.040322 0.043630 0.093488
0.040951 0.042892 0.091330
0.037424 0.046532 0.088005
0.048688 0.043823 0.093159
0.043090 0.045332 0.096507
0.043752 0.046501 0.093861
0.040306 0.046014 0.096529
0.039491 0.045138 0.093341
0.038980 0.044435 0.087720
0.043914 0.046507 0.091061
0.040119 0.043896 0.088612
0.037380 0.047576 0.094458
0.043352 0.046021 0.090771
0.042771 0.045182 0.096947
0.044123 0.046722 0.094486
0.039340 0.046547 0.097118
0.040042 0.044318 0.093576
0.036362 0.047476 0.091778
0.044999 0.046417 0.088087
0.048247 0.043401 0.088676
0.039213 0.046153 0.094918
0.044842 0.047220 0.096399
0.043704 0.046239 0.087530
0.040485 0.043211 0.091968
0.040349 0.043955 0.087471
0.039710 0.045865 0.095212
0.045468 0.047290 0.096064
0.043539 0.046222 0.089965
0.047130 0.044766 0.088038
0.037359 0.046792 0.088643
0.045703 0.047339 0.096258
0.040230 0.045708 0.098227
0.038868 0.045544 0.092146
0.038893 0.046863 0.095479
0.043932 0.046511 0.090878
0.043518 0.046221 0.088349
0.047927 0.045169 0.093245
0.038992 0.046877 0.096776
0.048479 0.044746 0.094478
0.039975 0.044782 0.094303
0.049039 0.042554 0.091479
0.039275 0.044342 0.088665
0.040187 0.043995 0.087232
0.038168 0.046548 0.091487
0.038793 0.045032 0.090106
0.041073 0.043592 0.089938
0.043222 0.045835 0.090589
0.036416 0.047645 0.092823
0.048529 0.043470 0.090496
0.039200 0.044457 0.089469
0.040673 0.043955 0.088054
0.036992 0.047398 0.091841
0.038468 0.046502 0.092868
0.043295 0.045955 0.087745
0.037559 0.046117 0.087397
0.045123 0.046594 0.089191
0.045043 0.046890 0.092287
0.038259 0.046853 0.092819
0.043022 0.045272 0.097609
0.040512 0.043215 0.093123
0.043152 0.045784 0.091633
0.045364 0.046879 0.093268
0.044355 0.046783 0.091042
0.046620 0.045407 0.088491
0.039684 0.046255 0.097520
0.036578 0.047167 0.089768
0.048294 0.043538 0.089444
0.037705 0.046698 0.090391
0.037423 0.047385 0.092682
0.042127 0.044279 0.092246
0.047753 0.044267 0.089459
0.042624 0.045103 0.093653
0.043264 0.045962 0.087290
0.039567 0.044212 0.091555
0.039425 0.045546 0.094080
0.039171 0.045397 0.092821
0.042278 0.044496 0.092716
0.041202 0.044291 0.089115
0.037479 0.046068 0.087061
0.044058 0.046658 0.095362
0.043289 0.045846 0.095197
0.045003 0.047145 0.095538
0.041358 0.043600 0.089612
0.038866 0.044698 0.089288
0.041554 0.043945 0.093093
0.038859 0.044587 0.088448
0.044114 0.046614 0.090961
0.039158 0.044485 0.090417
0.046535 0.046922 0.095504
0.047191 0.046168 0.093640
0.039253 0.044338 0.090647
0.043194 0.045937 0.089210
0.037611 0.045951 0.087259
0.045299 0.046292 0.087652
0.047442 0.045397 0.092061
0.038302 0.046462 0.091835
0.037495 0.047530 0.094202
0.043759 0.046299 0.096509
0.037333 0.046735 0.088177
0.044611 0.046822 0.090010
0.041382 0.043407 0.091420
0.043387 0.046111 0.088106
0.047741 0.045590 0.093664
0.043960 0.046516 0.088888
0.042573 0.045032 0.090734
0.046318 0.047126 0.096043
0.043216 0.045627 0.095730
0.041925 0.044489 0.088955
0.043242 0.045725 0.093796
0.044135 0.046670 0.092314
0.046288 0.046173 0.090672
0.048486 0.044657 0.094204
0.046111 0.046493 0.091752
0.045075 0.046482 0.088356
0.040839 0.043539 0.090176
0.036856 0.047038 0.089245
0.043741 0.046365 0.089917
0.045443 0.047063 0.094841
0.038547 0.045310 0.089889
0.038991 0.046174 0.094219
0.047615 0.044357 0.089133
0.047806 0.045137 0.092610
0.042110 0.045255 0.097768
0.037238 0.046906 0.088305
0.042063 0.045116 0.093735
0.044156 0.046717 0.090406
0.042129 0.044937 0.088540
0.041731 0.044143 0.090078
0.041401 0.043475 0.091181
0.043486 0.046091 0.094231
0.041675 0.046246 0.094890
0.044967 0.046364 0.087904
0.042947 0.045598 0.094691
0.035487 0.047565 0.091956
0.040199 0.045470 0.094876
0.040880 0.046012 0.096543
0.048200 0.044532 0.092711
0.044204 0.046718 0.090205
0.039522 0.044196 0.088332
0.040536 0.046081 0.095394
0.042428 0.045198 0.088386
0.048440 0.043522 0.090115
0.039659 0.046029 0.095691
0.040119 0.043691 0.092433
0.043535 0.045839 0.097140
0.041699 0.044716 0.093676
0.039516 0.044122 0.089871
0.044702 0.046853 0.093547
0.047345 0.046157 0.094180
0.043045 0.045775 0.087766
0.043742 0.046515 0.094708
0.037971 0.046801 0.091442
0.048941 0.043930 0.094655
0.039014 0.044650 0.089619
0.040316 0.043776 0.088492
0.044178 0.046491 0.087861
0.040660 0.043795 0.093944
0.038976 0.045443 0.092330
0.038525 0.047079 0.094527
0.036004 0.047535 0.091895
0.036401 0.047695 0.093210
0.036788 0.047052 0.089674
0.040430 0.043464 0.091059
0.047405 0.044732 0.089558
0.044489 0.046565 0.088361
0.043285 0.045803 0.094651
0.040494 0.045589 0.098663
0.040150 0.044784 0.094516
0.046464 0.046214 0.092587
0.043523 0.046101 0.092796
0.038964 0.045689 0.093031
0.039764 0.046181 0.098384
0.036098 0.047348 0.090994
0.047251 0.045272 0.090797
0.045807 0.046039 0.087641
0.040982 0.045948 0.094771
0.041477 0.043785 0.090365
0.043503 0.046117 0.087246
0.047286 0.045564 0.091986
0.039245 0.044744 0.091427
0.047467 0.044272 0.087992
0.039259 0.045810 0.094455
0.037359 0.047023 0.090666
0.039807 0.044390 0.092942
0.038440 0.046982 0.093981
0.039106 0.045987 0.094319
0.048759 0.042894 0.089932
0.038473 0.046372 0.092284
0.039997 0.046005 0.095701
0.044701 0.046943 0.094476
0.043898 0.046483 0.091401
0.045868 0.046812 0.093797
0.038726 0.045048 0.089841
0.043105 0.045489 0.093566
0.048850 0.042671 0.090143
0.046798 0.045441 0.089595
0.040788 0.043856 0.088318
0.042544 0.045399 0.094163
0.042076 0.044245 0.090961
0.035932 0.047347 0.090795
0.042494 0.045149 0.089350
0.038651 0.044565 0.087210
0.040665 0.043263 0.092981
0.039634 0.046198 0.096294
0.043521 0.046148 0.087475
0.043587 0.045925 0.096840
0.039553 0.044186 0.088669
0.035342 0.047509 0.091688
0.038941 0.045596 0.092572
0.048974 0.042942 0.092133
0.040103 0.044117 0.093448
0.044397 0.046866 0.095261
0.039133 0.045167 0.092074
0.045681 0.046933 0.094217
0.040262 0.043561 0.090558
0.043065 0.045407 0.093831
0.048322 0.044106 0.091865
0.046281 0.045915 0.089470
0.044285 0.046590 0.088583
0.037370 0.046906 0.090112
0.039811 0.046117 0.096094
0.047674 0.044154 0.088608
0.039471 0.045368 0.093767
0.043757 0.046500 0.094024
0.048320 0.044010 0.091392
0.047389 0.046365 0.094927
0.042675 0.045204 0.097543
0.047023 0.046030 0.092705
0.041418 0.046026 0.095993
0.046512 0.045481 0.087848
0.048353 0.043816 0.090764
0.044693 0.046810 0.090942
0.041656 0.044523 0.087952
0.046488 0.046172 0.091277
0.038549 0.045375 0.090184
0.048886 0.042608 0.089978
0.043289 0.045949 0.091915
0.048423 0.043802 0.091205
0.038624 0.044466 0.086926
0.038933 0.044803 0.089887
0.043083 0.045697 0.091133
0.045873 0.046654 0.092211
0.042957 0.045589 0.090052
0.039076 0.044548 0.089350
0.046048 0.046391 0.090508
0.039613 0.044138 0.091537
0.047135 0.045633 0.091738
0.042921 0.045281 0.093599
0.036599 0.047537 0.092497
0.042869 0.045313 0.092689
0.040681 0.043231 0.091767
0.049014 0.043014 0.092762
0.044205 0.046829 0.096081
0.039217 0.045000 0.092047
0.044619 0.046859 0.090583
0.041851 0.045329 0.093996
0.043002 0.045301 0.097464
0.039878 0.043766 0.091686
0.048163 0.044654 0.092901
0.046271 0.046910 0.094739
0.044527 0.046824 0.092584
0.039330 0.046378 0.095874
0.043288 0.045835 0.095633
0.043251 0.045627 0.093206
0.037992 0.046076 0.089656
0.044010 0.046381 0.087530
0.042406 0.045101 0.096448
0.041449 0.044377 0.087848
0.044900 0.046743 0.089336
0.048526 0.043693 0.091511
0.043346 0.045877 0.095820
0.043294 0.045592 0.095987
0.047430 0.045954 0.093857
0.044307 0.046728 0.092776
0.038238 0.045990 0.090654
0.042924 0.045352 0.092556
0.039134 0.045098 0.091859
0.036959 0.047477 0.092757
0.041183 0.043363 0.092088
0.036223 0.047261 0.090308
0.048076 0.043544 0.088629
0.046335 0.045779 0.088888
0.048709 0.043132 0.090476
0.041413 0.045414 0.094348
0.037756 0.047499 0.094477
0.043044 0.045656 0.091444
0.040469 0.043879 0.093955
0.048887 0.043345 0.092929
0.040895 0.044062 0.087434
0.045821 0.047100 0.095607
0.039634 0.046236 0.096656
0.040854 0.043984 0.089316
0.038885 0.046702 0.094849
0.039580 0.045519 0.094518
0.049484 0.042317 0.093905
0.039093 0.044816 0.090894
0.046268 0.046192 0.090340
0.039751 0.043830 0.091085
0.046927 0.046206 0.092891
0.041041 0.043478 0.090675
0.047007 0.045688 0.091173
0.037524 0.047033 0.091063
0.040148 0.043892 0.088314
0.047968 0.045283 0.093650
0.040849 0.045656 0.097178
0.047241 0.045088 0.090073
0.042002 0.045995 0.094526
0.043562 0.046018 0.096427
0.040113 0.043763 0.089851
0.042799 0.045511 0.095378
0.038865 0.045701 0.092535
0.036862 0.047091 0.090311
0.040904 0.044050 0.087915
0.047126 0.046139 0.093231
0.040342 0.043807 0.088812
0.037878 0.046965 0.091648
0.041441 0.045834 0.096253
0.047532 0.046114 0.094779
0.046701 0.046091 0.092560
0.049080 0.042660 0.091969
0.045276 0.046841 0.090890
0.037861 0.045881 0.088076
0.037471 0.046648 0.089698
0.042579 0.045349 0.088160
0.047104 0.046327 0.093932
0.040320 0.044735 0.094558
0.043273 0.045939 0.090415
0.040305 0.043737 0.089466
0.039900 0.043965 0.087961
0.036554 0.047173 0.089948
0.037156 0.047039 0.090393
0.039983 0.046130 0.097042
0.046915 0.045273 0.089383
0.047616 0.044817 0.090888
0.039924 0.046006 0.098140
0.038856 0.045832 0.092932
0.038544 0.044886 0.087659
0.040871 0.044436 0.094350
0.045375 0.046574 0.089374
0.041600 0.045553 0.096871
0.047144 0.044907 0.088960
0.037471 0.047568 0.094575
0.037375 0.047385 0.092364
0.043190 0.045921 0.087964
0.038378 0.045302 0.088941
0.037539 0.046268 0.087799
0.040936 0.043493 0.090452
0.043461 0.046127 0.094720
0.036441 0.047161 0.089550
0.043257 0.045425 0.097478
0.047282 0.044532 0.087979
0.039219 0.046464 0.095416
0.037606 0.047532 0.094428
0.040035 0.043938 0.089117
0.040803 0.043404 0.093525
0.046053 0.045876 0.088273
0.039566 0.045065 0.093505
0.047754 0.044851 0.091501
0.045960 0.047036 0.095137
0.038797 0.044860 0.089565
0.039916 0.046069 0.097704
0.041708 0.044494 0.088905
0.047327 0.046113 0.093848
0.039133 0.046713 0.096567
0.039351 0.046195 0.095319
0.040981 0.046107 0.096195
0.042056 0.044641 0.093199
0.039137 0.044398 0.088415
0.039037 0.046320 0.094589
0.047787 0.043948 0.088395
0.038087 0.046269 0.090551
0.040376 0.043813 0.089151
0.043796 0.046443 0.095691
0.043263 0.045994 0.088692
0.036052 0.047608 0.092433
0.040429 0.043143 0.091706
0.039437 0.046328 0.096480
0.047415 0.044834 0.089945
0.047998 0.045501 0.094654
0.038930 0.044942 0.090442
0.043363 0.046068 0.090132
0.044947 0.046894 0.091264
0.041345 0.045676 0.097033
0.037078 0.047053 0.088811
0.039982 0.043430 0.091292
0.036774 0.047567 0.092873
0.039483 0.044303 0.091410
0.035843 0.047656 0.092655
0.039665 0.045113 0.093858
0.042325 0.044510 0.092513
0.043956 0.046638 0.093596
0.041845 0.044088 0.090892
0.043979 0.046657 0.094049
0.043130 0.045689 0.092178
0.039523 0.046186 0.095881
0.039817 0.043727 0.091899
0.037450 0.047478 0.093805
0.040656 0.043313 0.089673
0.041669 0.044038 0.092888
0.042706 0.045189 0.092000
0.048517 0.043580 0.090879
0.043362 0.046028 0.091530
0.044604 0.046827 0.089761
0.040204 0.043263 0.091763
0.038449 0.047070 0.094242
0.042632 0.045188 0.090161
0.044400 0.046405 0.087397
0.036540 0.047119 0.090168
0.047763 0.044515 0.090429
0.042198 0.045323 0.096144
0.038645 0.045827 0.091847
0.041257 0.044837 0.094317
0.045268 0.046786 0.089849
0.037703 0.047301 0.092597
0.041654 0.045436 0.098063
0.045110 0.046889 0.091456
0.039028 0.046675 0.095521
0.043028 0.045784 0.088624
0.048647 0.042903 0.089348
0.038114 0.045755 0.089192
0.046128 0.046334 0.090816
0.044316 0.046822 0.094115
0.038015 0.047116 0.092712
0.037039 0.047510 0.093018
0.039694 0.044905 0.093651
0.045217 0.047204 0.095780
0.036431 0.047296 0.090883
0.042874 0.045306 0.092864
0.045659 0.046728 0.091159
0.039628 0.043844 0.090575
0.044476 0.047044 0.096833
0.036202 0.047568 0.092156
0.038202 0.045575 0.089002
0.036207 0.047198 0.089930
0.040008 0.046049 0.095971
0.047235 0.045829 0.092602
0.042039 0.044287 0.089180
0.044260 0.046871 0.096786
0.043162 0.045293 0.096864
0.049373 0.042688 0.094439
0.042877 0.045633 0.088500
0.040801 0.045664 0.097350
0.036977 0.046986 0.089591
0.037260 0.046599 0.087366
0.042978 0.045209 0.095734
0.048765 0.044089 0.094092
0.036590 0.047130 0.089337
0.042374 0.044744 0.090736
0.043473 0.045684 0.097386
0.048806 0.042571 0.089257
0.040155 0.045986 0.097595
0.041236 0.045762 0.096908
0.044521 0.046859 0.090395
0.038984 0.046853 0.096092
0.042224 0.044760 0.089132
0.043144 0.045901 0.088967
0.036825 0.047455 0.092478
0.046176 0.046656 0.093493
0.044442 0.046787 0.091682
0.042587 0.045216 0.097080
0.044946 0.046890 0.092537
0.043890 0.046457 0.088587
0.039508 0.044768 0.092637
0.042674 0.045071 0.096438
0.036992 0.047590 0.093960
0.037112 0.047506 0.093268
0.041493 0.043682 0.090982
0.049533 0.042448 0.094797
0.040367 0.043394 0.092426
0.040594 0.043988 0.094159
0.046832 0.046715 0.094901
0.043317 0.045886 0.092366
0.044197 0.046755 0.093546
0.042177 0.044292 0.092498
