0.037072 0.060814 0.184757
0.032737 0.059247 0.185800
0.031745 0.051763 0.186142
0.030302 0.056796 0.182684
0.031292 0.055543 0.186323
0.027975 0.055224 0.180034
0.031290 0.054887 0.186447
0.028204 0.054517 0.181457
0.028972 0.057780 0.179461
0.036752 0.060302 0.187020
0.029592 0.057248 0.181306
0.031650 0.056994 0.185774
0.034727 0.060699 0.180631
0.030776 0.055753 0.185215
0.038389 0.061120 0.182686
0.032394 0.059960 0.178020
0.030643 0.050610 0.184256
0.032158 0.060264 0.180296
0.031022 0.056545 0.184646
0.032479 0.056877 0.187965
0.028519 0.050423 0.181410
0.031502 0.059593 0.182157
0.030617 0.053180 0.184321
0.031203 0.059786 0.178609
0.031839 0.059457 0.183430
0.032226 0.056989 0.187217
0.033738 0.060679 0.183349
0.034652 0.060931 0.183245
0.031647 0.055363 0.187251
0.028808 0.057035 0.180152
0.027943 0.056521 0.179273
0.033781 0.060642 0.183715
0.028619 0.051114 0.181532
0.032487 0.060343 0.180274
0.031695 0.059762 0.182171
0.036263 0.060990 0.184470
0.030205 0.057521 0.182168
0.028916 0.058656 0.177780
0.030650 0.059180 0.180523
0.027768 0.052992 0.181068
0.035940 0.060994 0.184379
0.029054 0.058522 0.178238
0.033538 0.060385 0.179375
0.028228 0.054945 0.181232
0.030026 0.055743 0.183538
0.028176 0.051532 0.181190
0.029189 0.056024 0.181663
0.029057 0.055059 0.182049
0.031838 0.050879 0.186197
0.031218 0.053211 0.185437
0.034007 0.060456 0.179393
0.036706 0.061069 0.183862
0.037156 0.061188 0.182564
0.029730 0.058703 0.179467
0.030524 0.050985 0.184010
0.037948 0.060560 0.185675
0.030434 0.058950 0.180575
0.035633 0.060757 0.180958
0.031481 0.055203 0.186973
0.029853 0.051078 0.182982
0.033319 0.059281 0.187078
0.028215 0.057323 0.179044
0.032388 0.051594 0.187436
0.030706 0.059558 0.178058
0.029746 0.059024 0.178851
0.030191 0.059330 0.177993
0.031181 0.059532 0.177152
0.031396 0.059362 0.182514
0.028922 0.049931 0.181996
0.038000 0.060574 0.185562
0.031369 0.054550 0.186774
0.032717 0.058120 0.187369
0.038418 0.060941 0.183375
0.029421 0.052976 0.182566
0.036099 0.061086 0.183936
0.031721 0.056891 0.186033
0.029227 0.055164 0.182317
0.030100 0.050381 0.183476
0.029436 0.056655 0.181323
0.031078 0.058593 0.182987
0.034918 0.059949 0.187479
0.031621 0.052091 0.185679
0.030329 0.051635 0.183456
0.034415 0.060355 0.185588
0.030329 0.054093 0.184139
0.031776 0.052030 0.186179
0.031720 0.054210 0.187934
0.029599 0.054915 0.183130
0.031649 0.057208 0.185517
0.030511 0.059086 0.180364
0.033569 0.059822 0.186496
0.028427 0.055416 0.180834
0.032608 0.058226 0.186883
0.033500 0.060401 0.184458
0.034178 0.060850 0.182080
0.029470 0.056210 0.181881
0.029390 0.058076 0.180261
0.029508 0.056180 0.181979
0.029464 0.058149 0.180230
0.029862 0.059158 0.178573
0.032936 0.060524 0.181108
0.027985 0.054868 0.180777
0.029184 0.057965 0.179561
0.030278 0.052390 0.183193
0.032570 0.060320 0.179988
0.036770 0.060523 0.186260
0.030601 0.054743 0.184744
0.032233 0.058146 0.185947
0.028558 0.051458 0.181552
0.031213 0.059856 0.179735
0.031202 0.052098 0.185018
0.031339 0.059861 0.178992
0.031399 0.057894 0.184184
0.029450 0.058994 0.177442
0.030091 0.056694 0.182415
0.031134 0.052359 0.184966
0.032105 0.052260 0.187056
0.031179 0.054398 0.186105
0.029440 0.057528 0.180916
0.029176 0.054271 0.182388
0.035729 0.060652 0.185521
0.032265 0.052488 0.188067
0.030685 0.056932 0.183454
0.029655 0.056127 0.182323
0.035516 0.060239 0.186765
0.032275 0.052099 0.187553
0.034460 0.060815 0.181219
0.038467 0.060830 0.183673
0.032324 0.059983 0.183256
0.029799 0.055596 0.183240
0.029670 0.058331 0.180174
0.036381 0.061039 0.182084
0.030259 0.050431 0.183722
0.032109 0.058706 0.184960
0.031324 0.053739 0.186138
0.031763 0.059982 0.181380
0.030649 0.055747 0.184819
0.031667 0.057963 0.184714
0.030175 0.056588 0.182701
0.027986 0.053147 0.181303
0.032124 0.059960 0.178298
0.032248 0.056001 0.188235
0.032777 0.058353 0.187111
0.031681 0.056603 0.186275
0.035706 0.061055 0.183932
0.028727 0.057875 0.178542
0.030895 0.056947 0.183947
0.036834 0.061196 0.183153
0.028842 0.051263 0.181779
0.035284 0.061060 0.182821
0.030504 0.058594 0.182041
0.033740 0.060516 0.184336
0.030006 0.051706 0.182852
0.032412 0.059854 0.183935
0.028280 0.055734 0.180096
0.030530 0.057366 0.182735
0.027865 0.053940 0.181130
0.031120 0.054016 0.185639
0.037105 0.061065 0.183740
0.031570 0.059969 0.179210
0.038657 0.060612 0.184412
0.034325 0.060149 0.186338
0.028719 0.050491 0.181649
0.030287 0.056509 0.183080
0.035432 0.060856 0.184548
0.031171 0.056530 0.185209
0.028405 0.055682 0.180254
0.031274 0.059772 0.178055
0.033554 0.059871 0.186341
0.030701 0.054032 0.184736
0.032486 0.056283 0.188499
0.029745 0.054752 0.183321
0.031978 0.059692 0.183252
0.036273 0.061006 0.181683
0.030000 0.050753 0.183309
0.032019 0.058817 0.184630
0.030593 0.055454 0.184896
0.035137 0.061014 0.183424
0.033409 0.059725 0.186500
0.030897 0.059701 0.179521
0.031667 0.059704 0.182321
0.030943 0.052557 0.184635
0.027916 0.057066 0.178813
0.030838 0.059377 0.180554
0.031602 0.059609 0.182468
0.029986 0.054637 0.183774
0.030940 0.056607 0.184450
0.031071 0.055782 0.185775
0.031494 0.051127 0.185584
0.032103 0.060238 0.179841
0.034018 0.059382 0.187943
0.035389 0.060780 0.181123
0.032608 0.060436 0.181083
0.028116 0.057355 0.178454
0.036876 0.061218 0.182060
0.029666 0.055203 0.183193
0.029662 0.054510 0.183226
0.031681 0.053547 0.187547
0.027633 0.054459 0.180311
0.035434 0.060605 0.185466
0.033429 0.059844 0.186139
0.029986 0.056011 0.183264
0.031223 0.057944 0.183737
0.031062 0.056125 0.185453
0.032440 0.058497 0.186062
0.031640 0.053669 0.186947
0.028198 0.055226 0.180647
0.028195 0.053585 0.181469
0.031204 0.054019 0.185910
0.034312 0.060519 0.179561
0.030547 0.055858 0.184471
0.034977 0.060558 0.179862
0.031327 0.057179 0.184612
0.027883 0.054562 0.180875
0.028529 0.055312 0.181336
0.036066 0.061148 0.183364
0.035348 0.060674 0.185126
0.028997 0.058763 0.177581
0.029319 0.058875 0.176928
0.032882 0.060219 0.178894
0.034653 0.060837 0.183883
0.033678 0.060635 0.180564
0.027522 0.054045 0.180604
0.031071 0.057595 0.183652
0.030505 0.054041 0.184405
0.031288 0.051105 0.185226
0.029884 0.058478 0.180629
0.032846 0.059620 0.185367
0.030428 0.052457 0.183498
0.028068 0.052551 0.181320
0.031590 0.056010 0.186594
0.029375 0.054436 0.182657
0.029443 0.058256 0.179640
0.036532 0.061146 0.183370
0.030641 0.059587 0.178827
0.031189 0.057178 0.184296
0.030256 0.051508 0.183314
0.031205 0.056646 0.185143
0.031485 0.059811 0.178037
0.031744 0.052490 0.186049
0.032018 0.052816 0.187607
0.037008 0.060918 0.184335
0.030482 0.059142 0.180200
0.033446 0.060561 0.183572
0.030847 0.056561 0.184271
0.030069 0.055552 0.183784
0.030957 0.052237 0.184626
0.030764 0.056835 0.183785
0.030305 0.051375 0.183540
0.029459 0.054096 0.182744
0.036876 0.060776 0.180967
0.035161 0.060673 0.180519
0.032143 0.060294 0.180914
0.032006 0.052626 0.187086
0.031521 0.058454 0.183914
0.031706 0.059870 0.181677
0.034088 0.060682 0.180561
0.036994 0.060661 0.185856
0.033732 0.060703 0.183148
0.031637 0.058164 0.184434
0.032708 0.060207 0.183648
0.032593 0.060291 0.182908
0.030553 0.059336 0.177056
0.027425 0.053851 0.180586
0.030441 0.057054 0.182747
0.028623 0.055168 0.181659
0.029283 0.058045 0.179749
0.030208 0.056976 0.182458
0.028453 0.052670 0.181693
0.029597 0.055091 0.183052
0.028259 0.055842 0.179933
0.038967 0.060513 0.184362
0.034411 0.060782 0.181042
0.031421 0.053407 0.186147
0.031517 0.058165 0.184209
0.028288 0.056154 0.179891
0.028490 0.056675 0.179929
0.036023 0.061082 0.182316
0.029797 0.051515 0.182578
0.038740 0.060854 0.183487
0.033471 0.059380 0.187195
0.033961 0.060072 0.186252
0.031263 0.058231 0.183600
0.031371 0.059928 0.179600
0.031436 0.052942 0.185708
0.029856 0.058551 0.180122
0.031205 0.056406 0.185443
0.031710 0.058917 0.183819
0.031928 0.052915 0.187278
0.035668 0.060731 0.185203
0.028636 0.052676 0.181880
0.036620 0.061170 0.182101
0.031246 0.056952 0.184667
0.029172 0.053218 0.182438
0.028522 0.052942 0.181837
0.031215 0.059569 0.181160
0.034518 0.060611 0.180214
0.030839 0.059083 0.181751
0.028644 0.055383 0.181494
0.030816 0.056247 0.184637
0.034300 0.060484 0.179333
0.030924 0.058498 0.182785
0.028812 0.058445 0.177998
0.029211 0.058460 0.178681
0.032420 0.060094 0.178756
0.028650 0.055886 0.180557
0.033285 0.060642 0.181626
0.028827 0.058321 0.178219
0.029647 0.052004 0.182440
0.031224 0.050750 0.185093
0.031763 0.059953 0.178622
0.028808 0.054611 0.181951
0.035331 0.060138 0.186999
0.036324 0.060761 0.180934
0.028852 0.055274 0.181816
0.031590 0.051102 0.185817
0.032270 0.058302 0.185878
0.032300 0.060278 0.180102
0.030077 0.053971 0.183713
0.027918 0.055097 0.180093
0.031017 0.058133 0.183091
0.032205 0.051163 0.186826
0.034316 0.060416 0.185230
0.031810 0.055535 0.187545
0.032557 0.060322 0.182564
0.031826 0.055124 0.187807
0.029926 0.058929 0.179448
0.032466 0.057836 0.187009
0.031009 0.059600 0.177542
0.033094 0.059446 0.186359
0.031580 0.059798 0.181508
0.031247 0.059812 0.180527
0.031908 0.058251 0.185001
0.030092 0.055284 0.183887
0.030327 0.057704 0.182283
0.032941 0.057712 0.188279
0.028601 0.055791 0.180605
0.029481 0.056345 0.181716
0.030444 0.053008 0.183830
0.028709 0.051299 0.181629
0.030330 0.058350 0.181864
0.027945 0.054923 0.180500
0.030300 0.058679 0.181072
0.030058 0.059094 0.179340
0.027807 0.054159 0.181044
0.028171 0.055400 0.180211
0.032684 0.060431 0.181992
0.035326 0.060979 0.183982
0.031760 0.060058 0.179441
0.038653 0.061047 0.183021
0.031384 0.054920 0.186860
0.030367 0.054965 0.184462
0.031515 0.057200 0.185210
0.030902 0.057923 0.183058
0.029182 0.053864 0.182425
0.038643 0.060687 0.183969
0.031078 0.059351 0.181320
0.028481 0.055410 0.181044
0.030282 0.056407 0.183333
0.031050 0.051362 0.184850
0.035320 0.060692 0.180466
0.035946 0.060756 0.180929
0.033299 0.060295 0.184538
0.029145 0.051821 0.182099
0.027910 0.057098 0.178643
0.028188 0.057256 0.178640
0.032508 0.058892 0.185689
0.031366 0.054176 0.186564
0.028733 0.054167 0.182003
0.032123 0.058512 0.185251
0.031599 0.054508 0.187433
0.031492 0.054330 0.186945
0.031500 0.056936 0.185493
0.028277 0.056709 0.179629
0.031626 0.060004 0.179345
0.035140 0.060996 0.182123
0.037064 0.060772 0.185169
0.037561 0.061186 0.183402
0.030221 0.059198 0.176912
0.029999 0.050187 0.183340
0.030569 0.057221 0.182890
0.030082 0.059181 0.179178
0.032434 0.050888 0.187040
0.029295 0.057353 0.180788
0.029581 0.053358 0.182820
0.029632 0.055655 0.182801
0.027719 0.054743 0.180156
0.027865 0.052728 0.181152
0.031141 0.057436 0.183937
0.031657 0.055583 0.187165
0.029287 0.052653 0.182371
0.028590 0.058106 0.178214
0.030421 0.059456 0.178825
0.034711 0.060942 0.182074
0.027951 0.055732 0.179609
0.036440 0.060910 0.184926
0.029944 0.057790 0.181513
0.029249 0.057709 0.180286
0.034451 0.060686 0.180543
0.031070 0.052147 0.184820
0.033532 0.060209 0.185152
0.029174 0.058856 0.177228
0.032903 0.059387 0.186010
0.033467 0.060617 0.180746
0.030766 0.057409 0.183182
0.032007 0.056865 0.186767
0.033919 0.059530 0.187500
0.034083 0.060440 0.184957
0.032134 0.058305 0.185547
0.030465 0.057733 0.182510
0.032235 0.057356 0.186876
0.034410 0.060883 0.182187
0.029441 0.058170 0.179951
0.031489 0.056725 0.185702
0.033044 0.060194 0.178630
0.030915 0.056819 0.184157
0.030717 0.056600 0.183934
0.031613 0.056766 0.185945
0.030355 0.055920 0.184097
0.027714 0.054879 0.179940
0.028742 0.057751 0.178770
0.032068 0.057357 0.186426
0.035345 0.060927 0.181750
0.031275 0.051721 0.185184
0.028938 0.055678 0.181594
0.029247 0.057487 0.180583
0.033153 0.059803 0.185681
0.031432 0.058998 0.183154
0.033272 0.060561 0.180687
0.029927 0.051304 0.182896
0.031655 0.051192 0.185940
0.030536 0.052718 0.183968
0.032155 0.055481 0.188442
0.036221 0.061183 0.182833
0.032045 0.053132 0.188265
0.033044 0.060566 0.181821
0.031092 0.054224 0.185632
0.030708 0.051514 0.184247
0.028722 0.057639 0.179307
0.038675 0.060472 0.185637
0.029108 0.055865 0.181664
0.029826 0.056446 0.182225
0.028115 0.056771 0.179333
0.029773 0.055042 0.183395
0.032904 0.058350 0.187535
0.037141 0.061151 0.182306
0.028119 0.057213 0.178726
0.038468 0.060622 0.184943
0.038203 0.060957 0.183458
0.033417 0.060679 0.182118
0.028563 0.052307 0.181723
0.028563 0.057539 0.178914
0.035015 0.060623 0.180333
0.037778 0.061190 0.182831
0.033920 0.060157 0.185925
0.030738 0.059211 0.180714
0.031502 0.052690 0.185598
0.030221 0.053420 0.183696
0.031182 0.050560 0.185012
0.032929 0.060438 0.180246
0.036170 0.060132 0.187402
0.030301 0.051829 0.183341
0.033933 0.059715 0.187186
0.030042 0.058694 0.180213
0.031681 0.058693 0.184026
0.028074 0.052334 0.181255
0.028280 0.054244 0.181661
0.031062 0.057273 0.183908
0.035216 0.059977 0.187561
0.031780 0.054529 0.187920
0.028696 0.057532 0.179397
0.030512 0.054344 0.184501
0.038345 0.060511 0.185798
0.027647 0.053948 0.180869
0.030176 0.053822 0.183835
0.029955 0.059065 0.176693
0.030854 0.059600 0.177958
0.029524 0.052617 0.182480
0.028300 0.056405 0.179830
0.030018 0.058625 0.180387
0.029793 0.057755 0.181348
0.034306 0.060055 0.186658
0.030884 0.057285 0.183495
0.029778 0.055363 0.183309
0.030827 0.058945 0.182200
0.037306 0.061255 0.183450
0.032955 0.060542 0.181452
0.031664 0.054582 0.187686
0.032606 0.058652 0.186306
0.028942 0.053206 0.182163
0.031592 0.052632 0.185736
0.029305 0.056236 0.181589
0.029200 0.058128 0.179027
0.028046 0.052923 0.181344
0.030594 0.059177 0.180368
0.035494 0.060962 0.184221
0.027771 0.054549 0.180576
0.029775 0.058398 0.180499
0.031689 0.057425 0.185359
0.031892 0.059098 0.184049
0.031046 0.056168 0.185317
0.028915 0.056551 0.180562
0.030158 0.058917 0.179918
0.031834 0.059622 0.183054
0.033214 0.058823 0.187582
0.032758 0.057538 0.188065
0.029621 0.058514 0.179554
0.032830 0.060024 0.184463
0.031332 0.056358 0.185762
0.031929 0.053798 0.188470
0.035158 0.060566 0.179855
0.032159 0.059066 0.184526
0.030187 0.059314 0.177549
0.032824 0.060276 0.179311
0.033419 0.060683 0.181811
0.033484 0.060494 0.179984
0.030324 0.053590 0.183977
0.031232 0.058860 0.182996
0.032304 0.057612 0.186810
0.028322 0.054654 0.181524
0.031380 0.050649 0.185303
0.029862 0.058599 0.179913
0.031127 0.057260 0.184064
0.029894 0.059106 0.176899
0.030493 0.053021 0.183998
0.032084 0.059544 0.183845
0.030410 0.054379 0.184362
0.032386 0.051164 0.187087
0.030924 0.054733 0.185377
0.029414 0.058848 0.178431
0.031793 0.050654 0.186039
0.029987 0.052948 0.183156
0.032147 0.057028 0.186982
0.036658 0.060595 0.186070
0.035952 0.061119 0.183648
0.033087 0.059057 0.186935
0.031911 0.051063 0.186359
0.029690 0.057936 0.180996
0.029163 0.052938 0.182387
0.037245 0.060392 0.186873
0.033197 0.060596 0.182532
0.029257 0.055974 0.181818
0.028175 0.057215 0.179188
0.032320 0.060328 0.180510
0.029966 0.059222 0.177232
0.028002 0.053656 0.181265
0.035537 0.061093 0.182985
0.034392 0.060615 0.184537
0.028147 0.056388 0.179650
0.027730 0.055834 0.179326
0.036113 0.060702 0.180595
0.036145 0.061011 0.181993
0.035539 0.060039 0.187488
0.029397 0.058349 0.179143
0.031933 0.060222 0.180515
0.030071 0.051547 0.183008
0.030801 0.058381 0.182635
0.035372 0.060103 0.187186
0.034112 0.059675 0.187450
0.030911 0.054972 0.185443
0.027891 0.054982 0.180214
0.030586 0.051766 0.183951
0.029218 0.058865 0.177633
0.030448 0.051909 0.183582
0.028406 0.057416 0.178601
0.031876 0.059725 0.182858
0.031475 0.052210 0.185356
0.029483 0.054793 0.182928
0.028330 0.057956 0.178048
0.034120 0.060534 0.184636
0.030909 0.059375 0.180804
0.030666 0.055222 0.185033
0.032601 0.058422 0.186597
0.030254 0.059351 0.177732
0.031181 0.058982 0.182607
0.038495 0.061231 0.182424
0.029380 0.050148 0.182537
0.028327 0.053976 0.181746
0.029349 0.056476 0.181345
0.033610 0.059403 0.187337
0.031677 0.051847 0.185963
0.030106 0.058274 0.181442
0.033807 0.060454 0.184643
0.029344 0.050526 0.182415
0.030800 0.056088 0.184796
0.032588 0.057867 0.187332
0.030761 0.054301 0.184932
0.028353 0.055474 0.180456
0.027671 0.054189 0.180813
0.028576 0.058283 0.177954
0.030792 0.052246 0.184366
0.031880 0.059820 0.182593
0.028261 0.052730 0.181492
0.027902 0.055422 0.179678
0.038440 0.060685 0.184340
0.030894 0.057423 0.183386
0.034409 0.060902 0.181911
0.037727 0.060930 0.183925
0.031033 0.059572 0.180690
0.029994 0.059232 0.178017
0.031094 0.059140 0.182237
0.032500 0.058429 0.186274
0.029411 0.055877 0.182182
0.032977 0.058788 0.187079
0.029910 0.054314 0.183570
0.030394 0.059009 0.180182
0.032630 0.059613 0.184886
0.036641 0.060790 0.185378
0.032008 0.060015 0.182133
0.029935 0.055335 0.183562
0.030895 0.054014 0.185075
0.037366 0.061041 0.181346
0.034016 0.060818 0.181456
0.037618 0.060551 0.186117
0.032985 0.057523 0.188447
0.031520 0.057894 0.184442
0.034074 0.060270 0.185665
0.031813 0.053052 0.186927
0.028621 0.056138 0.180322
0.031180 0.059583 0.177363
0.038125 0.061094 0.182912
0.033705 0.060762 0.181702
0.031510 0.059661 0.181815
0.029903 0.056786 0.182044
0.031796 0.059857 0.178038
0.036208 0.060714 0.180679
0.036677 0.060707 0.185716
0.030405 0.055633 0.184418
0.031926 0.060193 0.180358
0.030003 0.057461 0.181860
0.027665 0.052875 0.180901
0.031848 0.058531 0.184569
0.037761 0.060659 0.185194
0.032371 0.051464 0.187219
0.031158 0.051250 0.185011
0.032299 0.056328 0.188078
0.030869 0.059685 0.178859
0.031593 0.053980 0.187344
0.035842 0.060104 0.187376
0.030263 0.053892 0.184000
0.031689 0.057883 0.184891
0.030604 0.059491 0.179662
0.033000 0.060381 0.179786
0.033899 0.060734 0.181037
0.030892 0.051747 0.184539
0.028074 0.057432 0.178326
0.030610 0.052771 0.184163
0.031332 0.052903 0.185445
0.033191 0.060611 0.182043
0.032367 0.060145 0.179094
0.036403 0.060254 0.187098
0.031179 0.055284 0.186159
0.031053 0.053483 0.185323
0.030649 0.058971 0.181600
0.036888 0.061226 0.182165
0.031796 0.059093 0.183805
0.030159 0.051140 0.183421
0.031671 0.051516 0.185965
0.031848 0.051900 0.186311
0.030468 0.058754 0.181609
0.033351 0.059719 0.186353
0.029689 0.054006 0.183062
0.033338 0.060615 0.182898
0.029902 0.055557 0.183454
0.029816 0.050433 0.183092
0.031037 0.053912 0.185397
0.032765 0.060439 0.180645
0.029798 0.054074 0.183297
0.029960 0.056727 0.182201
0.028283 0.051753 0.181351
0.032219 0.052002 0.187208
0.031898 0.058015 0.185252
0.037057 0.061225 0.182130
0.031550 0.055180 0.187119
0.031660 0.054331 0.187758
0.032553 0.059415 0.185049
0.032656 0.060422 0.180780
0.029022 0.058213 0.178636
0.037967 0.060673 0.185061
0.033929 0.060693 0.180728
0.032052 0.060261 0.180523
0.028069 0.057196 0.178846
0.031197 0.054464 0.186239
0.031721 0.053457 0.187622
0.029099 0.052521 0.182151
0.037831 0.060533 0.185910
0.033768 0.060725 0.183015
0.037264 0.060686 0.185417
0.029785 0.058966 0.176466
0.035062 0.060653 0.184976
0.031658 0.053404 0.186820
0.033449 0.060448 0.184188
0.032318 0.051831 0.187382
0.033494 0.060663 0.181096
0.029574 0.051686 0.182362
0.034271 0.060718 0.180709
0.032427 0.059154 0.185140
0.030059 0.051344 0.183149
0.030722 0.053165 0.184503
0.031282 0.053309 0.185702
0.031814 0.058989 0.183963
0.028466 0.056305 0.180043
0.032553 0.060063 0.183759
0.029986 0.059214 0.178668
0.031654 0.052095 0.185849
0.036416 0.061120 0.183670
0.030690 0.057452 0.182999
0.036821 0.061198 0.182377
0.031638 0.057507 0.185164
0.031041 0.055233 0.185768
0.032226 0.051711 0.187048
0.029373 0.055104 0.182597
0.036134 0.060523 0.186149
0.035666 0.061096 0.182697
0.029516 0.058419 0.179413
0.030163 0.055647 0.183945
0.030908 0.059688 0.179825
0.037881 0.061258 0.182275
0.028315 0.052067 0.181445
0.031338 0.053992 0.186333
0.038479 0.060694 0.184168
0.030688 0.050941 0.184305
0.030065 0.055937 0.183471
0.035812 0.060689 0.180477
0.030568 0.051339 0.183935
0.028350 0.057884 0.178153
0.030604 0.058273 0.182337
0.030548 0.059540 0.178713
0.028645 0.057007 0.179820
0.032969 0.060501 0.180773
0.031325 0.059469 0.181944
0.029405 0.058676 0.178786
0.031853 0.054337 0.188410
0.029806 0.055768 0.183116
0.029483 0.049904 0.182697
0.029375 0.057564 0.180768
0.032580 0.059248 0.185361
0.030974 0.059622 0.180415
0.031687 0.059395 0.183218
0.029692 0.056366 0.182083
0.028481 0.055701 0.180382
0.037708 0.060682 0.185086
0.032004 0.056671 0.186974
0.029661 0.059021 0.178566
0.033175 0.060044 0.185049
0.034642 0.060572 0.179883
0.031350 0.056686 0.185453
0.028740 0.055376 0.181668
0.028836 0.055552 0.181569
0.029708 0.059122 0.177608
0.034735 0.060915 0.183525
0.033478 0.060104 0.185410
0.031545 0.058936 0.183498
0.028550 0.053696 0.181987
0.036764 0.060940 0.184530
0.031245 0.059011 0.182768
0.035832 0.061024 0.182116
0.033694 0.060719 0.181186
0.029296 0.058875 0.177395
0.032007 0.060209 0.179721
0.032278 0.059023 0.184959
0.030139 0.052202 0.182998
0.029796 0.058904 0.179216
0.029946 0.058807 0.179738
0.035847 0.060360 0.186510
0.029715 0.058570 0.179702
0.032401 0.057374 0.187284
0.030930 0.053178 0.184893
0.028559 0.050789 0.181447
0.033281 0.060396 0.179606
0.030282 0.059134 0.176625
0.036579 0.061036 0.181551
0.032688 0.059477 0.185249
0.028444 0.055143 0.181439
0.031046 0.058821 0.182714
0.030117 0.052975 0.183351
0.031727 0.060108 0.180299
0.031561 0.053170 0.186242
0.032223 0.059967 0.183125
0.037269 0.061291 0.183292
0.028647 0.055655 0.180962
0.038250 0.060806 0.183994
0.031748 0.053221 0.186867
0.029305 0.058444 0.178855
0.030215 0.050101 0.183656
0.031103 0.051545 0.184885
0.029612 0.055891 0.182526
0.030147 0.058144 0.181589
0.032682 0.060350 0.180114
0.038945 0.060554 0.184131
0.031329 0.058095 0.183887
0.038388 0.061073 0.182856
0.034263 0.059600 0.187740
0.031332 0.052187 0.185184
0.030732 0.058419 0.182491
0.030576 0.051970 0.183867
0.033218 0.058649 0.187878
0.034418 0.060531 0.184906
0.031388 0.059171 0.182667
0.029130 0.050348 0.182163
0.035241 0.060649 0.180313
0.031626 0.053659 0.187316
0.031876 0.053051 0.187530
0.034397 0.059969 0.187081
0.037254 0.060580 0.186145
0.030658 0.053349 0.184446
0.037285 0.060921 0.184026
0.033198 0.060377 0.184053
0.028726 0.053491 0.182076
0.028067 0.055577 0.179853
0.031745 0.055792 0.187220
0.030500 0.053483 0.184216
0.031171 0.059393 0.181517
0.032274 0.051388 0.187015
0.032293 0.060343 0.180821
0.031254 0.054598 0.186442
0.035475 0.061045 0.183812
0.029616 0.058598 0.179244
0.032202 0.059312 0.184368
0.028195 0.052277 0.181391
0.027731 0.052555 0.180921
0.033771 0.060348 0.184988
0.028829 0.057590 0.179575
0.033105 0.058599 0.187683
0.031313 0.057463 0.184357
0.031818 0.054492 0.188166
0.033316 0.060173 0.184937
0.031070 0.052481 0.184833
0.035519 0.061057 0.182294
0.028005 0.056908 0.179124
0.028678 0.052966 0.181986
0.037057 0.060452 0.186640
0.029116 0.052041 0.182069
0.029106 0.057860 0.179587
0.030890 0.051049 0.184621
0.035736 0.060888 0.181651
0.030535 0.059480 0.177926
0.033542 0.060646 0.183167
0.030713 0.057076 0.183338
0.031983 0.056355 0.187240
0.031667 0.052667 0.185884
0.028471 0.051907 0.181578
0.028906 0.057049 0.180317
0.033766 0.060584 0.184044
0.029146 0.055317 0.182111
0.033000 0.060426 0.180117
0.034911 0.060839 0.181460
0.032812 0.060448 0.182589
0.028994 0.056033 0.181158
0.034981 0.060176 0.186723
0.029215 0.058709 0.178259
0.034639 0.059830 0.187583
0.030749 0.051228 0.184379
0.030656 0.053680 0.184552
0.030568 0.058908 0.181423
0.031282 0.059792 0.178218
0.032384 0.059659 0.184248
0.029340 0.056880 0.181077
0.031547 0.053406 0.186492
0.036853 0.061113 0.183536
0.033688 0.059950 0.186313
0.031794 0.059908 0.178325
0.030675 0.057943 0.182655
0.030846 0.058003 0.182904
0.030589 0.059025 0.180828
0.034466 0.060737 0.180779
0.031025 0.051928 0.184683
0.028468 0.057134 0.179518
0.030397 0.059169 0.176741
0.033065 0.058423 0.187862
0.030647 0.051812 0.184086
0.037408 0.061186 0.181656
0.029219 0.054614 0.182351
0.032880 0.060184 0.184115
0.031113 0.056641 0.184843
0.030307 0.058942 0.180112
0.036937 0.060998 0.184035
0.034353 0.060822 0.183439
0.033713 0.060467 0.179678
0.030979 0.057463 0.183561
0.029738 0.051065 0.182776
0.030325 0.058609 0.181214
0.037747 0.060741 0.184623
0.031714 0.056347 0.186605
0.032415 0.058701 0.185736
0.031139 0.059785 0.178895
0.034066 0.060606 0.184327
0.037830 0.060506 0.186280
0.029924 0.058038 0.181359
0.031140 0.054951 0.186010
0.030163 0.050264 0.183487
0.032089 0.054934 0.188586
0.034218 0.060749 0.180908
0.036303 0.061091 0.182237
0.029994 0.055199 0.183792
0.028041 0.055393 0.179966
0.032772 0.057099 0.188452
0.028869 0.055501 0.181701
0.032097 0.052083 0.186886
0.029478 0.053206 0.182688
0.031797 0.052972 0.186685
0.030713 0.059480 0.177404
0.031992 0.051581 0.186570
0.028320 0.051013 0.181215
0.037865 0.061021 0.183589
0.029257 0.058634 0.178519
0.032294 0.055747 0.188555
0.032290 0.057827 0.186514
0.032814 0.058157 0.187553
0.035412 0.060523 0.185741
0.032888 0.058799 0.186851
0.030649 0.054944 0.184877
0.028914 0.057287 0.180166
0.031690 0.059977 0.178916
0.032048 0.059999 0.182370
0.031573 0.054164 0.187221
0.031222 0.054096 0.186051
0.031512 0.055860 0.186560
0.031594 0.060032 0.180542
0.032625 0.060440 0.181406
0.035762 0.060565 0.185831
0.027915 0.055923 0.179531
0.036055 0.060937 0.181672
0.034784 0.060815 0.181198
0.030637 0.056623 0.183799
0.031439 0.054222 0.186741
0.034243 0.060863 0.181628
0.030201 0.059289 0.177256
0.036514 0.061186 0.182966
0.033918 0.060628 0.180372
0.028887 0.050847 0.181790
0.027486 0.053672 0.180731
0.029905 0.051641 0.182734
0.030412 0.055296 0.184551
0.031113 0.058361 0.183157
0.028529 0.057623 0.178534
0.031152 0.050867 0.185001
0.030795 0.054943 0.185100
0.031723 0.056091 0.186878
0.030252 0.055819 0.183979
0.030226 0.058791 0.180499
0.028495 0.054282 0.181827
0.028177 0.054325 0.181498
0.028323 0.054447 0.181632
0.036970 0.060879 0.181166
0.032132 0.052467 0.187444
0.036023 0.060697 0.185545
0.032258 0.059607 0.184075
0.037326 0.061166 0.182375
0.029103 0.054830 0.182183
0.032560 0.051536 0.187739
0.034814 0.060575 0.180049
0.031985 0.053034 0.187977
0.037317 0.061265 0.182796
0.029805 0.058189 0.180938
0.030685 0.059026 0.181267
0.034090 0.060720 0.183790
0.030352 0.057039 0.182599
0.031074 0.056399 0.185119
0.032729 0.058926 0.186283
0.032156 0.057802 0.186185
0.030304 0.059129 0.179846
0.033578 0.059575 0.186978
0.032882 0.059769 0.185117
0.035180 0.060917 0.181750
0.028039 0.054793 0.181011
0.032580 0.059967 0.184076
0.032649 0.060395 0.180449
0.036694 0.060787 0.181022
0.035772 0.060995 0.184262
0.032919 0.060322 0.183623
0.030421 0.057793 0.182392
0.037464 0.060676 0.185131
0.030177 0.054465 0.183980
0.031950 0.052458 0.186709
0.030960 0.057204 0.183750
0.030770 0.052596 0.184356
0.029420 0.055591 0.182434
0.030744 0.058007 0.182744
0.031787 0.057825 0.185207
0.034820 0.060695 0.184599
0.034713 0.059992 0.187203
0.029572 0.054278 0.183024
0.030090 0.053235 0.183444
0.033709 0.060319 0.178874
0.035671 0.060178 0.187072
0.032925 0.058218 0.187815
0.032405 0.059974 0.183626
0.030315 0.057361 0.182419
0.028857 0.050330 0.181831
0.027996 0.051599 0.181072
0.035213 0.061048 0.183075
0.027731 0.054363 0.180745
0.037089 0.061238 0.182869
0.028276 0.053768 0.181650
0.031833 0.053677 0.188223
0.029834 0.054512 0.183466
0.032160 0.058083 0.185861
0.030597 0.056824 0.183385
0.035304 0.060749 0.180829
0.031655 0.052409 0.185720
0.031644 0.053856 0.187603
0.038016 0.061208 0.182539
0.034634 0.059699 0.187917
0.036853 0.061162 0.181776
0.031733 0.053897 0.187971
0.029048 0.053486 0.182330
0.030007 0.058281 0.181269
0.029789 0.059036 0.176784
0.031850 0.060022 0.181506
0.028240 0.057027 0.179361
0.031527 0.059943 0.180849
0.028586 0.057407 0.179447
0.031545 0.060017 0.179876
0.032470 0.057101 0.187770
0.030611 0.052341 0.184058
0.030403 0.051062 0.183769
0.028416 0.053076 0.181671
0.028790 0.055872 0.180893
0.032341 0.060258 0.179816
0.030869 0.059633 0.178238
0.038271 0.061002 0.183227
0.031583 0.060010 0.179528
0.033083 0.060449 0.183436
0.029576 0.050459 0.182757
0.031248 0.056020 0.185914
0.029113 0.056668 0.180827
0.034778 0.060613 0.180335
0.028371 0.052203 0.181557
0.029522 0.055858 0.182394
0.030613 0.051225 0.184112
0.029966 0.059129 0.179066
0.032269 0.060321 0.181153
0.034911 0.060965 0.182181
0.029450 0.058538 0.179029
0.030108 0.057107 0.182224
0.034938 0.060999 0.183203
0.029407 0.054750 0.182666
0.031272 0.057919 0.183880
0.032821 0.058364 0.187251
0.029859 0.058146 0.181138
0.031591 0.053831 0.187138
0.032506 0.056503 0.188386
0.034988 0.060771 0.180981
0.029453 0.053789 0.182713
0.032605 0.060375 0.182293
0.032164 0.052567 0.187797
0.035254 0.060594 0.180002
0.032959 0.060475 0.182914
0.029664 0.059076 0.177952
0.032254 0.058503 0.185596
0.033747 0.060160 0.185663
0.030513 0.059444 0.177606
0.031372 0.057527 0.184445
0.030409 0.058562 0.181872
0.033291 0.059153 0.187249
0.032222 0.052193 0.187373
0.034370 0.060737 0.184102
0.030181 0.051902 0.182989
0.032734 0.060146 0.178634
0.030683 0.059481 0.180004
0.033094 0.059265 0.186637
0.031888 0.055807 0.187557
0.031560 0.051754 0.185733
0.031575 0.054521 0.187214
0.031673 0.052835 0.186133
0.030427 0.057597 0.182515
0.031438 0.059489 0.182351
0.036095 0.061167 0.183119
0.031847 0.053268 0.188007
0.030463 0.056501 0.183646
0.030326 0.052897 0.183570
0.033995 0.059240 0.188293
0.032131 0.057275 0.186694
0.029086 0.058062 0.178829
0.028408 0.057476 0.179068
0.030790 0.058020 0.182793
0.031372 0.057244 0.184759
0.028284 0.051297 0.181226
0.029904 0.056383 0.182385
0.032262 0.058855 0.185095
0.032000 0.056951 0.186676
0.034058 0.059462 0.187811
0.034398 0.059686 0.187696
0.031434 0.051494 0.185465
0.030994 0.057695 0.183359
0.028021 0.056510 0.179420
0.029911 0.058408 0.180864
0.031354 0.059552 0.181637
0.033138 0.059658 0.186010
0.030224 0.058802 0.180305
0.031128 0.056070 0.185657
0.031223 0.058589 0.183218
0.029218 0.051615 0.182119
0.028989 0.057938 0.178914
0.030899 0.052021 0.184526
0.036326 0.060803 0.181092
0.029038 0.055944 0.181451
0.028901 0.057376 0.180044
0.030290 0.059249 0.179515
0.033646 0.059762 0.186719
0.031815 0.058148 0.184911
0.037740 0.061279 0.182019
0.031604 0.054216 0.187540
0.030379 0.055528 0.184442
0.031225 0.052509 0.185096
0.032736 0.057520 0.187937
0.032791 0.060316 0.183402
0.031600 0.059412 0.182941
0.035048 0.061024 0.182798
0.036195 0.061160 0.182536
0.030577 0.059531 0.178315
0.037261 0.060890 0.181229
0.033442 0.060245 0.184902
0.029251 0.056539 0.181090
0.029553 0.051277 0.182435
0.029460 0.058986 0.177804
0.029257 0.049818 0.182419
0.037128 0.061224 0.181885
0.028761 0.057364 0.179708
0.029779 0.057232 0.181584
0.031243 0.057430 0.184194
0.031577 0.058442 0.184092
0.027827 0.055110 0.179835
0.030467 0.056721 0.183188
0.030336 0.058455 0.181724
0.030791 0.056347 0.184463
0.029287 0.057944 0.179915
0.035779 0.060793 0.181183
0.034673 0.060909 0.181716
0.031806 0.057320 0.185800
0.030929 0.058668 0.182674
0.029925 0.053206 0.183233
0.030176 0.055535 0.184010
0.030627 0.050296 0.184223
0.029526 0.056958 0.181336
0.030892 0.053585 0.184986
0.030537 0.059279 0.176895
0.032030 0.055666 0.187978
0.029840 0.052718 0.182830
0.036428 0.060551 0.186186
0.031261 0.057203 0.184469
0.029445 0.058969 0.177107
0.029662 0.052575 0.182583
0.031676 0.059142 0.183548
0.031812 0.059541 0.183233
0.035827 0.060920 0.184603
0.030015 0.057639 0.181765
0.029645 0.052739 0.182665
0.032064 0.051221 0.186665
0.034333 0.059498 0.188091
0.034264 0.060878 0.182721
0.031672 0.050851 0.185869
0.031047 0.055565 0.185748
0.035031 0.060590 0.180140
0.030400 0.056148 0.183974
0.029151 0.057767 0.180036
0.031713 0.059751 0.177581
0.029569 0.056664 0.181553
0.030396 0.059436 0.178140
0.032624 0.057402 0.187874
0.032273 0.060289 0.181484
0.030176 0.059295 0.178851
0.028191 0.055110 0.180917
0.029338 0.057971 0.180193
0.033496 0.060698 0.181451
0.038355 0.060527 0.185463
0.032358 0.056545 0.187987
0.031349 0.050874 0.185296
0.029496 0.054988 0.182887
0.030597 0.054451 0.184722
0.031730 0.055933 0.187010
0.030399 0.050666 0.183894
0.035599 0.060651 0.180251
0.031665 0.053999 0.187776
0.029348 0.057809 0.180459
0.031540 0.059154 0.183250
0.029787 0.053405 0.183097
0.028953 0.057570 0.179900
0.032145 0.056713 0.187294
0.034771 0.060845 0.184044
0.034585 0.060624 0.184694
0.030241 0.052690 0.183307
0.037711 0.060617 0.185314
0.031259 0.059331 0.182265
0.031834 0.059826 0.177828
0.032052 0.055903 0.187876
0.031887 0.053353 0.188156
0.031693 0.058410 0.184340
0.028561 0.054685 0.181728
0.031113 0.055193 0.186004
0.028409 0.057456 0.179234
0.031958 0.056448 0.187048
0.035075 0.060054 0.187221
0.030827 0.055119 0.185342
0.030629 0.056754 0.183610
0.031945 0.059553 0.183403
0.037486 0.061169 0.181456
0.028660 0.055539 0.181181
0.035057 0.060743 0.184655
0.033368 0.058670 0.188155
0.027758 0.053594 0.180979
0.029759 0.056911 0.181748
0.027837 0.055201 0.179746
0.031410 0.058269 0.183912
0.029778 0.054307 0.183363
0.030906 0.055604 0.185537
0.034225 0.060079 0.186445
0.035315 0.060619 0.180127
0.033494 0.059229 0.187467
0.031117 0.059708 0.178128
0.030194 0.056409 0.183044
0.031679 0.053455 0.187366
0.031447 0.059848 0.178366
0.032079 0.050984 0.186587
0.036309 0.060442 0.186490
0.029190 0.058253 0.178791
0.030961 0.053568 0.185174
0.032463 0.057276 0.187556
0.029793 0.053075 0.182976
0.031372 0.055433 0.186493
0.031955 0.057666 0.185794
0.029085 0.058806 0.177423
0.035505 0.061027 0.182101
0.030503 0.055467 0.184686
0.029855 0.054757 0.183541
0.029208 0.056951 0.180823
0.032512 0.060268 0.179683
0.032043 0.055428 0.188216
0.029012 0.054846 0.182030
0.033181 0.059929 0.185379
0.031893 0.051575 0.186416
0.031601 0.055798 0.186868
0.032443 0.058905 0.185504
0.031575 0.058666 0.183806
0.031857 0.056057 0.187241
0.028038 0.054078 0.181328
0.032286 0.052228 0.187784
0.033909 0.060810 0.181658
0.030776 0.057749 0.182992
0.031855 0.055441 0.187701
0.032345 0.060198 0.179455
0.031113 0.057498 0.183829
0.032765 0.060478 0.181726
0.028766 0.056192 0.180485
0.029503 0.058844 0.178714
0.037186 0.061284 0.183050
0.028649 0.055734 0.180777
0.028512 0.056810 0.179837
0.030555 0.056382 0.183996
0.029048 0.057221 0.180450
0.032493 0.060118 0.183400
0.037001 0.061028 0.181445
0.031355 0.051762 0.185323
0.031780 0.053275 0.187499
0.030252 0.054819 0.184247
0.030328 0.058837 0.180595
0.031152 0.053549 0.185545
0.036246 0.060874 0.181300
0.028406 0.053531 0.181801
0.033210 0.060458 0.179961
0.028536 0.051012 0.181392
0.031319 0.055123 0.186575
0.033751 0.060520 0.179918
0.029968 0.056145 0.182992
0.028162 0.055484 0.180112
0.030051 0.052557 0.182981
0.029400 0.052300 0.182315
0.029367 0.052042 0.182255
0.030129 0.054271 0.183876
0.029665 0.058412 0.179886
0.036686 0.060403 0.186710
0.031356 0.059921 0.180006
0.030942 0.052688 0.184667
0.035589 0.060719 0.180635
0.037022 0.060349 0.186908
0.032228 0.060187 0.181999
0.029994 0.058405 0.181045
0.030786 0.052711 0.184429
0.031977 0.057952 0.185543
0.028117 0.054659 0.181252
0.030115 0.050060 0.183493
0.033446 0.060001 0.185672
0.029585 0.057577 0.181087
0.038128 0.060554 0.185656
0.031220 0.051879 0.185019
0.028471 0.054903 0.181587
0.032570 0.057652 0.187437
0.031188 0.052258 0.185034
0.033485 0.060517 0.183914
0.030118 0.057837 0.181788
0.037210 0.061295 0.183403
0.031332 0.058454 0.183476
0.030826 0.050555 0.184510
0.030504 0.055676 0.184579
0.028937 0.051627 0.181920
0.031828 0.058685 0.184336
0.030190 0.055952 0.183748
0.032126 0.056503 0.187450
0.031685 0.058143 0.184562
0.033759 0.059746 0.186922
0.033790 0.059355 0.187666
0.033093 0.057817 0.188454
0.031648 0.058303 0.184340
0.037966 0.060545 0.185949
0.038108 0.060770 0.184367
0.035117 0.060148 0.186904
0.031942 0.060139 0.179582
0.035208 0.060301 0.186336
0.034105 0.060839 0.182417
0.033855 0.060778 0.182424
0.032052 0.058355 0.185234
0.029904 0.051842 0.182649
0.038233 0.060458 0.186174
0.032621 0.057655 0.187653
0.030224 0.051707 0.183206
0.035964 0.061138 0.182600
0.031938 0.055587 0.187826
0.030659 0.056011 0.184577
0.030182 0.058494 0.181189
0.031950 0.051849 0.186535
0.028237 0.052981 0.181450
0.033792 0.060254 0.185380
0.028147 0.056718 0.179451
0.028031 0.051997 0.181177
0.031360 0.059752 0.181070
0.032721 0.059386 0.185501
0.036437 0.061176 0.182458
0.032871 0.060389 0.179993
0.031877 0.052747 0.186733
0.030875 0.059432 0.177069
0.029420 0.051897 0.182278
0.030660 0.057176 0.183095
0.029930 0.057011 0.181997
0.033160 0.060284 0.184352
0.029115 0.050106 0.182189
0.037957 0.060856 0.184089
0.033622 0.059174 0.187770
0.030367 0.058235 0.181996
0.034169 0.060636 0.180298
0.035558 0.061082 0.182562
0.032206 0.060227 0.179661
0.030768 0.052936 0.184500
0.029023 0.058631 0.178046
0.027795 0.054761 0.180305
0.031475 0.053459 0.186314
0.037381 0.060748 0.184693
0.031521 0.059896 0.178608
0.037617 0.060822 0.184281
0.031747 0.057315 0.185632
0.028470 0.055605 0.180600
0.031255 0.055270 0.186345
0.030574 0.059414 0.177353
0.030332 0.056269 0.183722
0.031251 0.052799 0.185177
0.031603 0.059919 0.181131
0.032524 0.060384 0.181728
0.032453 0.058216 0.186447
0.032331 0.060109 0.182953
0.029495 0.055278 0.182753
0.035869 0.060848 0.184898
0.029053 0.057544 0.180168
0.038666 0.060493 0.185334
0.032426 0.051412 0.187379
0.033468 0.060699 0.181606
0.030553 0.057684 0.182652
0.030187 0.056191 0.183491
0.030852 0.052400 0.184461
0.031665 0.054857 0.187539
0.035867 0.060836 0.181359
0.032316 0.057003 0.187456
0.034458 0.060915 0.182413
0.028351 0.055217 0.181121
0.034894 0.060448 0.185615
0.028378 0.057606 0.178367
0.032064 0.051540 0.186708
0.031692 0.059499 0.182955
0.031106 0.054360 0.185748
0.031119 0.059305 0.181764
0.032136 0.058888 0.184776
0.030282 0.055616 0.184186
0.029804 0.053783 0.183176
0.030046 0.058623 0.180661
0.031432 0.055682 0.186568
0.029683 0.057703 0.181159
0.030291 0.054628 0.184279
0.029933 0.059218 0.177406
0.035982 0.060786 0.185219
0.034241 0.060551 0.179850
0.032186 0.051432 0.186854
0.031888 0.055056 0.187998
0.029015 0.052930 0.182237
0.031812 0.054062 0.188218
0.032717 0.060010 0.184273
0.030710 0.054773 0.184930
0.031231 0.059844 0.179150
0.032731 0.057692 0.187880
0.030992 0.053372 0.185132
0.030479 0.056029 0.184252
0.033219 0.060538 0.183219
0.030550 0.051547 0.183904
0.034736 0.060978 0.182880
0.032088 0.051936 0.186846
0.032035 0.056160 0.187584
0.030560 0.052254 0.183721
0.035013 0.060951 0.183745
0.030754 0.059377 0.176984
0.030674 0.055684 0.185020
0.031434 0.059715 0.177692
0.030829 0.058164 0.182775
0.031343 0.059856 0.178854
0.038878 0.060689 0.183814
0.028884 0.057987 0.178664
0.029053 0.057731 0.179908
0.032166 0.057566 0.186485
0.031341 0.058834 0.183130
0.031337 0.051301 0.185277
0.031194 0.059660 0.177649
0.031621 0.054005 0.187523
0.029464 0.054338 0.182862
0.029082 0.057417 0.180353
0.030771 0.053729 0.184791
0.033324 0.059379 0.186884
0.030713 0.059610 0.178598
0.029993 0.054946 0.183877
0.035692 0.061111 0.183405
0.030320 0.056387 0.183506
0.037569 0.060597 0.185524
0.029113 0.051484 0.181996
0.031158 0.058685 0.183057
0.030905 0.059171 0.181484
0.031252 0.057661 0.184028
0.033990 0.060510 0.179718
0.032580 0.059839 0.184351
0.030798 0.050753 0.184474
0.032674 0.060261 0.179465
0.035743 0.061080 0.182412
0.033583 0.060699 0.182698
0.034581 0.060705 0.184404
0.031994 0.057120 0.186504
0.028601 0.053268 0.181970
0.031735 0.053579 0.187806
0.031811 0.052622 0.186387
0.033203 0.058116 0.188422
0.032005 0.059374 0.183956
0.033249 0.058456 0.188194
0.030796 0.059547 0.177618
0.029655 0.059052 0.178269
0.038407 0.060674 0.184635
0.030549 0.053143 0.184176
0.031662 0.053193 0.186608
0.029570 0.058026 0.180607
0.031004 0.054219 0.185372
0.031153 0.054720 0.186088
0.028508 0.053180 0.181875
0.030364 0.059429 0.178589
0.034302 0.060599 0.180070
0.029863 0.057513 0.181600
0.031079 0.059730 0.178494
0.029592 0.058770 0.179022
0.027630 0.054261 0.180569
0.028310 0.052457 0.181539
0.030763 0.054584 0.184964
0.030154 0.058392 0.181377
0.030491 0.051741 0.183721
0.028703 0.050068 0.181705
0.032801 0.057360 0.188298
0.029490 0.056525 0.181536
0.030556 0.058930 0.181080
0.029933 0.053949 0.183479
0.030522 0.052626 0.183770
0.034558 0.060854 0.181419
0.030391 0.055768 0.184299
0.030407 0.057917 0.182253
0.030806 0.055912 0.185021
0.030000 0.059200 0.177091
0.034921 0.060539 0.185288
0.031496 0.053973 0.186736
0.031758 0.058742 0.184148
0.029855 0.056199 0.182623
0.030496 0.056945 0.182964
0.036067 0.060234 0.187057
0.031256 0.059816 0.178705
0.033810 0.060782 0.182100
0.029383 0.051425 0.182267
0.030224 0.057971 0.181920
0.030461 0.058078 0.182193
0.031043 0.059413 0.181057
0.037810 0.060552 0.185684
0.030181 0.055334 0.184108
0.031810 0.059826 0.182316
0.030731 0.059395 0.180335
0.033634 0.060014 0.185989
0.031229 0.059692 0.180889
0.029686 0.055465 0.183081
0.028892 0.058723 0.177298
0.032019 0.052163 0.186714
0.028819 0.055651 0.181406
0.031936 0.050784 0.186310
0.029364 0.058155 0.179389
0.034726 0.060425 0.185518
0.028101 0.055188 0.180375
0.030425 0.053331 0.183962
0.029271 0.057125 0.180826
0.032452 0.058011 0.186725
0.028730 0.053831 0.182083
0.031581 0.056119 0.186442
0.031662 0.057656 0.185028
0.032710 0.060308 0.179776
0.032070 0.059317 0.184142
0.030833 0.053285 0.184748
0.031506 0.051890 0.185588
0.030047 0.056255 0.182973
0.034479 0.060908 0.183057
0.029421 0.057234 0.181059
0.036454 0.061088 0.181933
0.031901 0.054309 0.188569
0.030231 0.058749 0.180697
0.030595 0.058803 0.182047
0.030242 0.058150 0.181756
0.031896 0.054796 0.188316
0.029713 0.055953 0.182669
0.030992 0.057410 0.183647
0.029851 0.059163 0.178036
0.031805 0.057093 0.186018
0.030469 0.058889 0.180755
0.031042 0.052786 0.184873
0.035231 0.060997 0.183784
0.036577 0.061203 0.182701
0.032064 0.060108 0.179097
0.038642 0.060618 0.184737
0.032014 0.059025 0.184387
0.032003 0.051991 0.186611
0.029683 0.053572 0.182978
0.037133 0.061220 0.183432
0.030457 0.059325 0.179785
0.033729 0.060582 0.180224
0.029793 0.055462 0.183292
0.028675 0.051663 0.181713
0.030973 0.054404 0.185364
0.033356 0.060313 0.179079
0.034299 0.059843 0.187293
0.028764 0.057111 0.180004
0.031900 0.054843 0.188142
0.029996 0.054235 0.183674
0.036011 0.060956 0.181874
0.036199 0.060923 0.184760
0.028505 0.055822 0.180308
0.035231 0.061054 0.182517
0.028327 0.055996 0.180028
0.029569 0.059035 0.177137
0.038896 0.060565 0.184600
0.031937 0.060209 0.180690
0.030263 0.059361 0.177874
0.027805 0.056133 0.179341
0.030127 0.056240 0.183243
0.031345 0.057708 0.184197
0.037670 0.060683 0.184925
0.031541 0.054807 0.187226
0.031558 0.056315 0.186275
0.035489 0.060962 0.181876
0.029276 0.058718 0.178422
0.031767 0.053739 0.188072
0.035144 0.060817 0.181307
0.029350 0.051315 0.182258
0.033386 0.060246 0.178736
0.032950 0.060526 0.182243
0.032431 0.059553 0.184531
0.031262 0.054172 0.186280
0.028520 0.058149 0.178085
0.030082 0.058975 0.179650
0.029538 0.055142 0.182901
0.034951 0.060291 0.186248
0.031012 0.053714 0.185271
0.029905 0.053584 0.183332
0.031095 0.056875 0.184473
0.030301 0.055310 0.184335
0.032200 0.056414 0.187746
0.036331 0.060336 0.186820
0.030130 0.055058 0.184090
0.031435 0.052500 0.185353
0.031969 0.060100 0.179249
0.034603 0.060246 0.186176
0.031850 0.052435 0.186277
0.035214 0.060889 0.184193
0.029388 0.050882 0.182400
0.031792 0.054805 0.187881
0.031515 0.056522 0.185985
0.032766 0.058022 0.187645
0.034978 0.059877 0.187734
0.033971 0.059872 0.186884
0.032298 0.059283 0.184555
0.036940 0.060614 0.186049
0.032293 0.058089 0.186201
0.031034 0.051048 0.184840
0.032246 0.059895 0.183404
0.031162 0.059809 0.180138
0.032076 0.057573 0.186189
0.028824 0.052410 0.181906
0.029092 0.057819 0.179751
0.031959 0.054792 0.188500
0.030889 0.057669 0.183215
0.033041 0.057958 0.188260
0.029692 0.056519 0.181905
0.030599 0.059256 0.176741
0.035177 0.060491 0.185688
0.032024 0.060167 0.181349
0.027875 0.053044 0.181200
0.032000 0.055248 0.188158
0.036293 0.060849 0.185096
0.032106 0.052804 0.187902
0.031645 0.059906 0.181301
0.036572 0.060935 0.184717
0.037572 0.060512 0.186343
0.029912 0.059195 0.177758
0.031844 0.056859 0.186368
0.028957 0.053727 0.182217
0.031787 0.060115 0.180820
0.028122 0.055916 0.179771
0.031227 0.051525 0.185119
0.031352 0.059636 0.181340
0.032515 0.056702 0.188189
0.031520 0.060000 0.180217
0.032515 0.051164 0.187358
0.031514 0.059653 0.177346
0.035818 0.060462 0.186177
0.035846 0.060957 0.181907
0.031112 0.053086 0.185128
0.030659 0.052450 0.184169
0.027569 0.053329 0.180800
0.027533 0.053893 0.180698
0.031963 0.053485 0.188375
0.033036 0.060316 0.179466
0.030814 0.059191 0.181041
0.029331 0.053433 0.182588
0.032624 0.057160 0.188091
0.031228 0.059851 0.179381
0.031599 0.059848 0.178170
0.037003 0.060527 0.186368
0.030966 0.058299 0.182907
0.030645 0.052935 0.184284
0.029707 0.058205 0.180719
0.034075 0.060353 0.185301
0.028159 0.053275 0.181438
0.031072 0.051704 0.184825
0.032371 0.056278 0.188269
0.032390 0.056010 0.188535
0.028883 0.055821 0.181197
0.035414 0.060870 0.181575
0.034818 0.060351 0.185939
0.029802 0.055975 0.182844
0.028163 0.053986 0.181513
0.037381 0.060475 0.186596
0.036959 0.060704 0.185640
0.033694 0.060690 0.180945
0.031213 0.054983 0.186290
0.031975 0.055068 0.188301
0.028975 0.057868 0.179176
0.032841 0.060383 0.183182
0.033511 0.060317 0.184757
0.029711 0.054208 0.183187
0.032642 0.056779 0.188437
0.034205 0.060801 0.181240
0.032060 0.058118 0.185548
0.032095 0.057864 0.185923
0.028833 0.058662 0.177535
0.027809 0.055421 0.179555
0.029983 0.054445 0.183723
0.028793 0.054973 0.181819
0.031400 0.055231 0.186802
0.030424 0.051430 0.183702
0.028885 0.052900 0.182090
0.035854 0.061146 0.183092
0.028528 0.049952 0.181485
0.029929 0.052095 0.182721
0.035458 0.060426 0.186087
0.028322 0.057340 0.178829
0.031788 0.055626 0.187404
0.030208 0.050781 0.183606
0.030952 0.051574 0.184635
0.032979 0.059729 0.185464
0.036495 0.060831 0.181187
0.028296 0.052597 0.181526
0.035072 0.060907 0.184038
0.030429 0.053746 0.184183
0.031413 0.058802 0.183342
0.029540 0.056115 0.182128
0.028606 0.057562 0.178725
0.027886 0.056640 0.179154
0.028778 0.058103 0.178415
0.035638 0.061079 0.183692
0.033425 0.058894 0.187906
0.029174 0.056234 0.181248
0.027898 0.052368 0.181113
0.032896 0.059195 0.186317
0.032869 0.059923 0.184775
0.029707 0.050101 0.182979
0.030094 0.056904 0.182331
0.029051 0.053131 0.182306
0.033214 0.060614 0.181385
0.030688 0.058963 0.181900
0.031641 0.053562 0.187071
0.032603 0.058079 0.187072
0.037082 0.061278 0.183223
0.028595 0.057170 0.179631
0.032159 0.055759 0.188232
0.032315 0.056756 0.187667
0.029327 0.051098 0.182275
0.028577 0.057604 0.179144
0.036862 0.060770 0.185404
0.028363 0.051392 0.181339
0.031331 0.055770 0.186279
0.031439 0.059191 0.182931
0.032883 0.058981 0.186588
0.031872 0.056396 0.186921
0.034606 0.060530 0.179679
0.030660 0.055516 0.185090
0.028790 0.057756 0.179030
0.030999 0.056840 0.184280
0.028703 0.049731 0.181756
0.031567 0.054047 0.187002
0.030194 0.052561 0.183152
0.038687 0.060412 0.185934
0.033356 0.059594 0.186610
0.036399 0.060648 0.185866
0.029771 0.057925 0.181195
0.033070 0.058200 0.188123
0.031243 0.056884 0.184903
0.031307 0.054823 0.186645
0.028967 0.056811 0.180533
0.031170 0.058283 0.183314
0.034394 0.060807 0.183749
0.028584 0.058426 0.177695
0.030767 0.051803 0.184327
0.029572 0.058180 0.180425
0.031010 0.059176 0.182022
0.032005 0.059817 0.182960
0.030041 0.055689 0.183651
0.028791 0.056773 0.180305
0.031758 0.051329 0.186100
0.033944 0.059964 0.186569
0.034249 0.060227 0.185992
0.029112 0.057103 0.180597
0.031866 0.059295 0.183734
0.037887 0.061055 0.183255
0.029940 0.059211 0.178294
0.032264 0.059767 0.183780
0.034759 0.060599 0.184936
0.032213 0.059081 0.184699
0.032296 0.058764 0.185348
0.030588 0.056308 0.184170
0.031578 0.051303 0.185802
0.032124 0.059904 0.177962
0.031970 0.058205 0.185234
0.029423 0.058907 0.178127
0.037293 0.060825 0.184333
0.034873 0.060941 0.183581
0.032758 0.059099 0.186071
0.032347 0.060175 0.182650
0.032988 0.060457 0.180448
0.033870 0.059279 0.188002
0.030404 0.054170 0.184279
0.032280 0.060181 0.182304
0.031384 0.053309 0.185925
0.035192 0.060249 0.186555
0.031456 0.054655 0.187016
0.030932 0.056250 0.184934
0.029915 0.055779 0.183339
0.030577 0.052431 0.183940
0.029769 0.050765 0.182974
0.029070 0.056464 0.180840
0.029036 0.052257 0.181944
0.030576 0.058378 0.182172
0.035147 0.060402 0.185975
0.032706 0.060222 0.179120
0.028086 0.054949 0.180970
0.038142 0.060896 0.183746
0.030880 0.055320 0.185514
0.030058 0.059046 0.176448
0.030398 0.050313 0.183870
0.028007 0.057084 0.178976
0.034928 0.060933 0.181839
0.030445 0.059432 0.177734
0.031260 0.053639 0.185844
0.032583 0.059084 0.185616
0.032625 0.056946 0.188254
0.031102 0.054643 0.185872
0.032885 0.057951 0.188001
0.034115 0.059362 0.188189
0.034663 0.060960 0.182601
0.033014 0.058645 0.187365
0.029051 0.055622 0.181827
0.033838 0.060773 0.181390
0.034671 0.060766 0.180939
0.031345 0.056882 0.185195
0.031143 0.054430 0.185949
0.030865 0.059500 0.177320
0.031370 0.057976 0.184065
0.035986 0.060310 0.186746
0.030354 0.056670 0.182962
0.032089 0.060003 0.178630
0.032072 0.059182 0.184293
0.029915 0.055012 0.183670
0.031109 0.055465 0.185955
0.028857 0.051917 0.181841
0.027796 0.056301 0.179243
0.037512 0.061246 0.183030
0.031725 0.052908 0.186426
0.035114 0.060724 0.180705
0.036425 0.061129 0.182171
0.027696 0.053208 0.180941
0.032742 0.060149 0.183895
0.033690 0.060376 0.179121
0.035564 0.060822 0.181361
0.031544 0.059439 0.182696
0.032418 0.051808 0.187706
0.031510 0.058673 0.183604
0.033994 0.060558 0.180039
0.032527 0.060203 0.183174
0.030331 0.059413 0.178349
0.030270 0.059314 0.179158
0.031946 0.058423 0.184929
0.029439 0.058639 0.178900
0.028992 0.056307 0.180799
0.032903 0.059550 0.185688
0.036426 0.061076 0.183990
0.029261 0.053668 0.182539
0.029112 0.057926 0.179298
0.030635 0.056178 0.184370
0.031785 0.058320 0.184630
0.031902 0.060113 0.181201
0.028101 0.056120 0.179648
0.037962 0.061273 0.181759
0.030662 0.058614 0.182276
0.035358 0.061038 0.183613
0.037537 0.061238 0.182553
0.030896 0.056082 0.185109
0.028396 0.058123 0.177946
0.031481 0.054931 0.187076
0.033119 0.060390 0.183774
0.032304 0.057267 0.187156
0.029935 0.059222 0.177575
0.034895 0.060806 0.184292
0.032385 0.060048 0.178524
0.031420 0.058468 0.183696
0.032048 0.059632 0.183553
0.031101 0.058064 0.183317
0.031812 0.057588 0.185517
0.030852 0.052933 0.184645
0.028504 0.053917 0.181921
0.029111 0.051033 0.181952
0.029874 0.051412 0.182778
0.034877 0.060994 0.182441
0.031906 0.060172 0.180034
0.030940 0.055022 0.185543
0.037451 0.061254 0.181922
0.033530 0.060448 0.179706
0.029270 0.055385 0.182302
0.028914 0.056233 0.180690
0.028366 0.058191 0.177787
0.030956 0.056377 0.184806
0.032355 0.058484 0.185818
0.032259 0.059488 0.184252
0.031180 0.053801 0.185704
0.030858 0.058730 0.182500
0.037522 0.060547 0.185887
0.029876 0.055981 0.183033
0.029236 0.052364 0.182193
0.032521 0.058190 0.186648
0.034018 0.060833 0.181886
0.029252 0.055783 0.182003
0.027940 0.054101 0.181200
0.027940 0.056878 0.178932
0.033118 0.060262 0.178912
0.030455 0.058784 0.181240
0.031842 0.053203 0.187777
0.031252 0.055745 0.186100
0.030450 0.054624 0.184540
0.030741 0.056937 0.183598
0.029156 0.051293 0.182066
0.031767 0.055231 0.187592
0.037951 0.060588 0.185402
0.032736 0.058500 0.186870
0.029767 0.059116 0.177120
0.034140 0.059879 0.187092
0.031784 0.052216 0.186102
0.034062 0.060843 0.181753
0.035234 0.060867 0.184335
0.028703 0.052002 0.181738
0.029525 0.050866 0.182565
0.029916 0.059157 0.178852
0.030303 0.051130 0.183641
0.033164 0.058953 0.187272
0.035513 0.060786 0.184857
0.029694 0.051172 0.182576
0.029188 0.058835 0.176947
0.030046 0.058744 0.180041
0.028914 0.056059 0.180822
0.031937 0.057313 0.186135
0.030780 0.052056 0.184297
0.032420 0.057583 0.187158
0.030510 0.059481 0.179162
0.033397 0.060552 0.180357
0.031361 0.057040 0.185037
0.030558 0.059496 0.179337
0.027721 0.052204 0.180946
0.031393 0.055414 0.186655
0.032401 0.057788 0.186827
0.030667 0.057695 0.182824
0.030432 0.056604 0.183331
0.030119 0.058606 0.180907
0.029569 0.058947 0.176810
0.030519 0.059276 0.180076
0.031432 0.055999 0.186280
0.031467 0.050930 0.185518
0.030373 0.058968 0.180306
0.035485 0.060323 0.186429
0.034613 0.060474 0.185255
0.028421 0.056537 0.179921
0.033808 0.060413 0.179239
0.030529 0.056438 0.183823
0.030350 0.052080 0.183337
0.029670 0.052273 0.182487
0.028801 0.053147 0.182043
0.033054 0.060280 0.179146
0.031099 0.057729 0.183582
0.031831 0.053149 0.187603
0.037241 0.060638 0.185720
0.036105 0.060621 0.185820
0.029232 0.055601 0.182109
0.031549 0.050749 0.185590
0.032127 0.059983 0.182730
0.038275 0.060586 0.185197
0.030913 0.059711 0.179219
0.030518 0.058800 0.181843
0.028241 0.057638 0.178267
0.034271 0.059720 0.187494
0.029770 0.058428 0.180324
0.029954 0.051031 0.183178
0.029267 0.054950 0.182424
0.034042 0.060756 0.183387
0.033701 0.059090 0.188099
0.034936 0.060693 0.180689
0.033581 0.058838 0.188302
0.034716 0.060180 0.186536
0.030366 0.058800 0.180935
0.028697 0.056479 0.180279
0.035478 0.061082 0.183318
0.035916 0.061115 0.182813
0.030113 0.054755 0.184045
0.029493 0.054572 0.182954
0.028344 0.057286 0.179339
0.036335 0.060754 0.185477
0.031873 0.058814 0.184346
0.031902 0.059998 0.181820
0.028447 0.056943 0.179581
0.028622 0.056711 0.180073
0.031931 0.060075 0.179056
0.030010 0.052783 0.183063
0.033340 0.059860 0.185905
0.029995 0.057291 0.181942
0.031923 0.060165 0.180981
0.031937 0.057460 0.185965
0.032307 0.050788 0.186744
0.031309 0.059828 0.178571
0.028489 0.057866 0.178304
0.031057 0.057032 0.184214
0.028020 0.054359 0.181242
0.028937 0.050599 0.181875
0.030510 0.050409 0.184073
0.032000 0.060102 0.181647
0.032183 0.056161 0.187950
0.028690 0.058590 0.177438
0.029162 0.050768 0.182120
0.028987 0.054458 0.182115
0.031115 0.059070 0.182454
0.034069 0.060673 0.184067
0.030233 0.057810 0.182044
0.031678 0.059613 0.182642
0.031064 0.054761 0.185728
0.036931 0.060472 0.186554
0.030043 0.053745 0.183584
0.029339 0.055325 0.182456
0.030645 0.052195 0.184064
0.035216 0.060581 0.185377
0.037400 0.061227 0.182223
0.030563 0.056923 0.183145
0.027928 0.053330 0.181198
0.034012 0.060390 0.179079
0.030119 0.059309 0.178424
0.028465 0.056148 0.180137
0.030896 0.059633 0.180165
0.030180 0.059330 0.178177
0.031573 0.051531 0.185723
0.028511 0.055960 0.180224
0.032744 0.058715 0.186608
0.031541 0.052973 0.185911
0.037203 0.061158 0.181586
0.031535 0.052181 0.185512
0.032099 0.055228 0.188520
0.031772 0.051033 0.186099
0.029726 0.057529 0.181366
0.030598 0.054210 0.184649
0.029200 0.058794 0.177966
0.029405 0.058046 0.180326
0.031398 0.056175 0.186038
0.031723 0.053332 0.187133
0.031703 0.059800 0.181983
0.030522 0.057953 0.182419
0.032032 0.060048 0.178904
0.031406 0.052004 0.185350
0.033466 0.059597 0.186781
0.029050 0.058370 0.178499
0.032177 0.052504 0.187696
0.029826 0.052431 0.182687
0.036692 0.060852 0.185083
0.027992 0.054493 0.181116
0.030965 0.050538 0.184702
0.031457 0.055451 0.186811
0.032597 0.060060 0.178312
0.030283 0.054313 0.184125
0.029667 0.059094 0.177280
0.036141 0.061030 0.184203
0.030317 0.058513 0.181467
0.032870 0.058551 0.187120
0.031813 0.051533 0.186249
0.027775 0.053216 0.181056
0.031883 0.052247 0.186405
0.031154 0.059688 0.177839
0.030859 0.054548 0.185115
0.031859 0.056651 0.186642
0.031870 0.054608 0.188398
0.028503 0.054527 0.181742
0.033171 0.060173 0.184709
0.032499 0.051439 0.187575
0.033680 0.060671 0.180821
0.031529 0.057651 0.184737
0.031890 0.055384 0.187824
0.032602 0.058910 0.185947
0.036658 0.060496 0.186416
0.036644 0.060989 0.184376
0.030549 0.055134 0.184723
0.031920 0.054519 0.188570
0.034573 0.060321 0.185830
0.031441 0.053733 0.186456
0.036688 0.060902 0.181271
0.031839 0.051305 0.186262
0.034642 0.060084 0.186860
