0.044931 0.007438 0.113561
0.047352 0.009359 0.109800
0.052698 0.008097 0.113566
0.046921 0.009063 0.112301
0.050578 0.009264 0.104874
0.044858 0.006090 0.110299
0.050136 0.009063 0.104382
0.047792 0.009273 0.107100
0.052639 0.008226 0.115616
0.056530 0.009837 0.106282
0.056146 0.009288 0.106378
0.051807 0.008023 0.106312
0.046086 0.009146 0.108467
0.048642 0.009586 0.112372
0.056802 0.010625 0.108215
0.055094 0.009069 0.110539
0.051001 0.009112 0.113075
0.050227 0.009718 0.112845
0.045210 0.008492 0.110017
0.056028 0.009574 0.108318
0.054649 0.008926 0.111319
0.051884 0.008197 0.110613
0.055672 0.010180 0.112137
0.049903 0.009990 0.115374
0.047379 0.008938 0.103995
0.050553 0.009559 0.114212
0.053049 0.008032 0.112176
0.055143 0.008670 0.108412
0.055483 0.008802 0.107751
0.050714 0.009259 0.108087
0.056226 0.010887 0.112199
0.047669 0.009292 0.107289
0.045905 0.008636 0.113417
0.047046 0.009145 0.111999
0.052189 0.007709 0.104312
0.045262 0.006384 0.106250
0.049172 0.009891 0.116187
0.044794 0.005210 0.109315
0.045929 0.009068 0.107336
0.056651 0.011386 0.112151
0.054501 0.009050 0.114742
0.054909 0.008493 0.108720
0.051558 0.008404 0.104141
0.053409 0.007747 0.108732
0.054918 0.009153 0.111275
0.050609 0.009469 0.111010
0.048490 0.009173 0.105519
0.048334 0.009292 0.115414
0.052732 0.007572 0.108076
0.044847 0.007023 0.113362
0.049216 0.009760 0.114759
0.054677 0.009179 0.113429
0.053934 0.008759 0.114741
0.051080 0.008837 0.108621
0.052317 0.008081 0.113579
0.045852 0.008729 0.112477
0.051032 0.008917 0.107086
0.051529 0.008333 0.103770
0.050637 0.009352 0.109241
0.045768 0.008655 0.106053
0.046635 0.008693 0.116218
0.045199 0.005966 0.106174
0.045980 0.009039 0.109184
0.051491 0.008708 0.114318
0.046348 0.009158 0.109104
0.045299 0.007368 0.107733
0.045446 0.008576 0.108581
0.050669 0.009332 0.108989
0.044990 0.005781 0.107928
0.053356 0.007243 0.105439
0.054109 0.008358 0.110678
0.053863 0.007907 0.108819
0.048997 0.009777 0.113401
0.046628 0.008814 0.114461
0.053437 0.008496 0.115376
0.048408 0.009550 0.113548
0.056508 0.010101 0.107675
0.044714 0.005920 0.111928
0.052951 0.007942 0.111180
0.048245 0.009199 0.105717
0.050747 0.009428 0.106486
0.045489 0.008470 0.113735
0.053948 0.007874 0.108435
0.048046 0.009616 0.110030
0.047883 0.009595 0.110415
0.049105 0.009467 0.107651
0.055255 0.008917 0.109043
0.056366 0.011140 0.112643
0.055963 0.008846 0.104133
0.054927 0.008432 0.108288
0.050516 0.009481 0.111364
0.045051 0.007314 0.109976
0.048325 0.009455 0.111977
0.049890 0.010015 0.116041
0.055553 0.010086 0.112727
0.054845 0.008368 0.108522
0.045812 0.008508 0.105576
0.057451 0.011863 0.108634
0.055951 0.009327 0.107726
0.057107 0.011209 0.109056
0.047553 0.009205 0.113244
0.048564 0.009236 0.106609
0.048608 0.009659 0.113930
0.045473 0.007690 0.106476
0.045772 0.008952 0.109947
0.054615 0.007781 0.104016
0.049162 0.009238 0.106806
0.048435 0.009811 0.110077
0.053797 0.007319 0.104225
0.045147 0.007955 0.114517
0.053536 0.007838 0.109177
0.056267 0.010697 0.111288
0.048432 0.009190 0.104254
0.050290 0.009628 0.109188
0.053685 0.008414 0.113756
0.047800 0.009114 0.104493
0.045549 0.008804 0.109430
0.049338 0.009906 0.108759
0.049645 0.009957 0.116267
0.050643 0.009727 0.116030
0.045203 0.006473 0.107223
0.050816 0.009402 0.114458
0.055322 0.009263 0.110378
0.047243 0.008896 0.116244
0.050502 0.009518 0.110400
0.056306 0.011042 0.112382
0.049422 0.009945 0.116277
0.045296 0.008080 0.109407
0.055087 0.008105 0.103929
0.050211 0.009052 0.103878
0.054741 0.009254 0.115181
0.054517 0.008749 0.110973
0.053965 0.007509 0.105482
0.056235 0.009303 0.105595
0.046249 0.008623 0.114871
0.048386 0.009761 0.109390
0.051326 0.008590 0.103814
0.053103 0.007274 0.104397
0.051478 0.008488 0.106201
0.044780 0.005701 0.110333
0.054268 0.008388 0.110355
0.045965 0.008808 0.105833
0.052973 0.008236 0.114964
0.045065 0.005831 0.107341
0.050125 0.009676 0.112240
0.055434 0.010035 0.115711
0.049834 0.009439 0.107472
0.045120 0.007257 0.109129
0.055036 0.009382 0.112148
0.049557 0.009452 0.107393
0.044929 0.005823 0.108766
0.050562 0.009124 0.105582
0.052030 0.007815 0.104060
0.050111 0.009629 0.107981
0.050856 0.009071 0.104674
0.051486 0.008825 0.115641
0.055159 0.008731 0.108788
0.046058 0.008804 0.105606
0.044749 0.005829 0.111224
0.056054 0.010754 0.112484
0.050578 0.009377 0.109914
0.053435 0.007414 0.106905
0.055627 0.010287 0.114929
0.044911 0.007405 0.111570
0.047345 0.009267 0.107213
0.054545 0.007867 0.106951
0.054750 0.009072 0.111925
0.048676 0.009198 0.104887
0.054444 0.008729 0.111131
0.055737 0.008932 0.106674
0.052272 0.008104 0.113769
0.056630 0.009826 0.105001
0.044677 0.005291 0.110652
0.050778 0.009083 0.104339
0.056932 0.010539 0.106439
0.046398 0.008776 0.114249
0.052529 0.007404 0.105435
0.052178 0.007759 0.106648
0.049086 0.009686 0.108390
0.054772 0.008034 0.107288
0.050894 0.009122 0.106926
0.046202 0.009023 0.111238
0.046153 0.008563 0.114702
0.055577 0.009216 0.108986
0.044666 0.005366 0.111462
0.050754 0.009556 0.115885
0.047550 0.008989 0.116234
0.047165 0.008992 0.104607
0.053592 0.007242 0.104268
0.051342 0.008481 0.103658
0.055395 0.009931 0.113600
0.050245 0.009392 0.107557
0.053551 0.008503 0.114481
0.044820 0.006817 0.112938
0.048454 0.009735 0.111057
0.055873 0.009890 0.110370
0.052153 0.008051 0.111267
0.056285 0.009291 0.104870
0.045956 0.008490 0.114588
0.057432 0.011814 0.108952
0.044906 0.007303 0.112090
0.054580 0.008931 0.112964
0.054489 0.008846 0.111865
0.054803 0.009103 0.111763
0.045112 0.008602 0.109754
0.047029 0.008773 0.103667
0.056826 0.010729 0.108383
0.045786 0.007857 0.103999
0.045822 0.009017 0.108766
0.045264 0.007301 0.108076
0.055534 0.009825 0.111711
0.048319 0.009463 0.112338
0.052665 0.007896 0.110966
0.056546 0.010647 0.109901
0.048658 0.009877 0.110820
0.054898 0.008701 0.109587
0.046671 0.008739 0.104130
0.055736 0.010350 0.112799
0.049679 0.009693 0.112387
0.047762 0.009471 0.109705
0.049026 0.009993 0.109739
0.047697 0.009453 0.108432
0.046923 0.008860 0.115919
0.056476 0.010453 0.109553
0.050897 0.009002 0.105500
0.055516 0.010119 0.113973
0.051682 0.008443 0.111180
0.047376 0.009168 0.112796
0.052218 0.007706 0.106241
0.056244 0.009137 0.103856
0.044595 0.004412 0.109658
0.045727 0.008462 0.114385
0.049033 0.009749 0.112719
0.055685 0.008907 0.107224
0.054201 0.008607 0.113089
0.056400 0.010012 0.108075
0.056672 0.010920 0.110330
0.052571 0.008234 0.115754
0.053675 0.008294 0.111664
0.055641 0.009999 0.111691
0.052240 0.007651 0.103769
0.044921 0.006322 0.110092
0.046910 0.009233 0.111289
0.049480 0.009768 0.111614
0.045028 0.007897 0.110661
0.055587 0.008738 0.106599
0.046014 0.008916 0.111672
0.054146 0.008189 0.109587
0.056259 0.010365 0.110179
0.056885 0.010832 0.108551
0.049561 0.010101 0.115560
0.052831 0.007723 0.108988
0.046958 0.009266 0.108693
0.052177 0.008281 0.115444
0.049156 0.009954 0.109378
0.049082 0.009667 0.112013
0.055961 0.008829 0.103839
0.046087 0.008612 0.114160
0.053052 0.007800 0.109592
0.051703 0.008641 0.115135
0.054557 0.008961 0.113323
0.044521 0.004801 0.111290
0.049347 0.009129 0.105114
0.051960 0.008417 0.115142
0.053226 0.008159 0.113481
0.045875 0.009006 0.110168
0.045367 0.007498 0.107100
0.051369 0.008771 0.112694
0.052926 0.007497 0.107724
0.045367 0.008502 0.113340
0.054036 0.008518 0.112330
0.053334 0.007946 0.109616
0.046953 0.008780 0.116635
0.051903 0.008285 0.112986
0.044718 0.005307 0.110171
0.050781 0.009330 0.110609
0.055233 0.009612 0.112110
0.056082 0.009008 0.104768
0.051513 0.008440 0.110061
0.045714 0.008948 0.109488
0.045184 0.007164 0.108571
0.050136 0.009967 0.114991
0.046571 0.009213 0.108813
0.045009 0.007924 0.112821
0.047942 0.009308 0.114500
0.052590 0.007940 0.111308
0.047534 0.009335 0.107792
0.049950 0.009819 0.110218
0.046424 0.009101 0.110501
0.054989 0.009306 0.111953
0.055618 0.009048 0.108178
0.047391 0.009314 0.107498
0.049264 0.010045 0.110052
0.051644 0.008608 0.113459
0.044805 0.006185 0.111467
0.053327 0.007263 0.106107
0.045477 0.006934 0.104930
0.050252 0.009193 0.104856
0.050306 0.009138 0.106507
0.048568 0.009174 0.105914
0.054082 0.008754 0.114231
0.055755 0.009114 0.107551
0.045475 0.008012 0.106889
0.045135 0.008460 0.110452
0.045875 0.008498 0.115979
0.047946 0.009048 0.103594
0.056396 0.009356 0.104035
0.050612 0.009343 0.112260
0.048304 0.009300 0.115852
0.052910 0.007991 0.111883
0.046983 0.009151 0.106202
0.051585 0.008269 0.104743
0.048479 0.009501 0.112189
0.044989 0.006625 0.109664
0.054973 0.009546 0.113795
0.054658 0.007821 0.104613
0.056737 0.010654 0.108650
0.050340 0.009561 0.110176
0.056583 0.009819 0.105350
0.051688 0.008453 0.112760
0.055394 0.010000 0.115040
0.057090 0.011091 0.108236
0.049592 0.009872 0.114865
0.051799 0.008357 0.111772
0.053905 0.007446 0.105326
0.047609 0.009147 0.114288
0.051025 0.009048 0.112703
0.048261 0.009247 0.107105
0.056934 0.011034 0.109404
0.046049 0.008476 0.104397
0.055021 0.009554 0.114191
0.051798 0.008059 0.104374
0.047261 0.009257 0.111536
0.050225 0.009752 0.113848
0.056394 0.010050 0.108422
0.045943 0.008931 0.106451
0.046574 0.009094 0.111438
0.047295 0.009379 0.110318
0.045365 0.008364 0.113985
0.055819 0.010527 0.112692
0.056199 0.011006 0.113701
0.049469 0.009247 0.106889
0.047626 0.009030 0.115431
0.054462 0.007867 0.107278
0.044800 0.005085 0.109064
0.051341 0.008564 0.108572
0.047745 0.009473 0.111103
0.051918 0.008252 0.111973
0.045873 0.008236 0.104408
0.056133 0.009524 0.107696
0.045262 0.007989 0.108713
0.049178 0.009907 0.115624
0.057244 0.011370 0.108249
0.054628 0.009111 0.114101
0.047983 0.009109 0.104251
0.051513 0.008330 0.107565
0.051683 0.008516 0.111512
0.048681 0.009665 0.113336
0.053910 0.007422 0.104974
0.050994 0.009062 0.112334
0.044481 0.004207 0.110112
0.045016 0.006970 0.109950
0.050755 0.009335 0.111104
0.055218 0.009677 0.112533
0.051869 0.008006 0.107245
0.047026 0.008953 0.104747
0.047590 0.009409 0.108306
0.049961 0.009746 0.113517
0.049667 0.009811 0.112801
0.055787 0.010386 0.112428
0.056762 0.010746 0.109206
0.053678 0.007350 0.105593
0.056561 0.011380 0.112884
0.048452 0.009195 0.104789
0.056358 0.009946 0.107789
0.053215 0.008354 0.115110
0.055426 0.008460 0.105816
0.054714 0.007843 0.104249
0.052747 0.007333 0.104935
0.044926 0.006988 0.110940
0.044409 0.004112 0.110401
0.049905 0.009768 0.114555
0.046313 0.008738 0.104754
0.052523 0.007662 0.108280
0.049438 0.009820 0.112901
0.045871 0.008479 0.115782
0.044696 0.005886 0.112173
0.048613 0.009474 0.115422
0.054140 0.008010 0.108648
0.054057 0.007785 0.107746
0.049886 0.009829 0.113965
0.049893 0.009176 0.105049
0.045307 0.008573 0.111659
0.050522 0.009810 0.115237
0.051755 0.008498 0.114202
0.047189 0.009124 0.112571
0.047390 0.009022 0.104398
0.047846 0.009204 0.105817
0.055870 0.008857 0.105576
0.056849 0.010352 0.106168
0.048237 0.009284 0.107448
0.056068 0.009305 0.107002
0.053105 0.008052 0.112907
0.044998 0.007970 0.110909
0.054577 0.008348 0.109027
0.055425 0.008391 0.104445
0.047129 0.009246 0.107275
0.047172 0.009312 0.110534
0.045925 0.008711 0.112771
0.045615 0.008314 0.106172
0.051141 0.008836 0.104658
0.054411 0.008757 0.113006
0.046095 0.009072 0.106794
0.045562 0.008582 0.106800
0.053654 0.008303 0.113018
0.051031 0.008899 0.109853
0.053161 0.007722 0.108798
0.052626 0.008142 0.114845
0.047834 0.009189 0.105350
0.056906 0.010599 0.107112
0.045161 0.008100 0.114122
0.052645 0.007356 0.105212
0.048883 0.009670 0.108262
0.045062 0.005632 0.106945
0.048252 0.009481 0.111695
0.052353 0.007731 0.108590
0.056280 0.009523 0.106852
0.055004 0.009467 0.113087
0.055045 0.009552 0.114866
0.047616 0.009216 0.106089
0.045985 0.009027 0.110516
0.049761 0.009948 0.115126
0.052188 0.007692 0.105513
0.056921 0.010957 0.109085
0.048533 0.009605 0.108343
0.044910 0.006879 0.111111
0.049308 0.009917 0.114031
0.053334 0.007912 0.109885
0.053144 0.007261 0.104131
0.052561 0.007425 0.105748
0.055371 0.009668 0.111708
0.048724 0.009701 0.113531
0.055803 0.009688 0.109775
0.046369 0.009139 0.107083
0.054445 0.008986 0.114550
0.044871 0.007154 0.112495
0.044746 0.005284 0.109810
0.054907 0.008649 0.109366
0.049458 0.009903 0.113746
0.046380 0.008914 0.112385
0.044906 0.005132 0.107673
0.054899 0.009232 0.112291
0.045476 0.008491 0.114039
0.053742 0.008338 0.112290
0.045330 0.006670 0.106095
0.045162 0.007476 0.109167
0.046524 0.008710 0.115758
0.054886 0.009386 0.113289
0.055607 0.008665 0.106061
0.056283 0.011116 0.113482
0.049442 0.010028 0.115874
0.054033 0.007622 0.106793
0.054288 0.007729 0.106656
0.056467 0.010306 0.108917
0.054411 0.007683 0.104854
0.055359 0.009875 0.113369
0.054269 0.008948 0.115906
0.051394 0.008524 0.104969
0.045421 0.007014 0.105705
0.048420 0.009344 0.115273
0.046593 0.008858 0.113502
0.051276 0.008752 0.112005
0.057258 0.011234 0.107052
0.049152 0.009691 0.111644
0.055880 0.008789 0.104480
0.046100 0.009059 0.109846
0.055224 0.009705 0.112980
0.045250 0.007131 0.107939
0.044932 0.007220 0.110748
0.049848 0.009111 0.103914
0.045548 0.007732 0.105954
0.049676 0.009806 0.114385
0.054865 0.009429 0.115802
0.056788 0.011485 0.111898
0.046151 0.009042 0.110834
0.055077 0.009209 0.110878
0.047515 0.009424 0.109416
0.046205 0.008843 0.105453
0.054875 0.008761 0.109978
0.050020 0.009127 0.103709
0.055609 0.008802 0.106947
0.054411 0.008507 0.110547
0.053720 0.008377 0.113372
0.045694 0.008833 0.106619
0.054281 0.008518 0.110901
0.055600 0.010124 0.112540
0.053117 0.007279 0.106220
0.057164 0.011269 0.108483
0.045323 0.006785 0.106423
0.044784 0.004917 0.108764
0.050144 0.009218 0.107212
0.057458 0.011826 0.108301
0.048051 0.009372 0.113540
0.050665 0.009233 0.106741
0.053879 0.008579 0.114004
0.048582 0.009469 0.115117
0.045595 0.008973 0.110424
0.045397 0.007246 0.106438
0.052395 0.008235 0.115711
0.048104 0.009191 0.115273
0.051467 0.008486 0.109449
0.044941 0.006217 0.109229
0.052654 0.007977 0.112532
0.056167 0.010325 0.110507
0.050295 0.009779 0.113399
0.047090 0.009378 0.110074
0.047804 0.009060 0.115627
0.046914 0.008881 0.114907
0.045562 0.007320 0.104950
0.049333 0.009144 0.104511
0.045139 0.005995 0.106994
0.056604 0.010314 0.108120
0.048306 0.009310 0.116396
0.047354 0.009111 0.113386
0.051270 0.009028 0.115760
0.052824 0.008134 0.114256
0.054127 0.008607 0.111483
0.045042 0.007912 0.111960
0.045508 0.008375 0.114940
0.050126 0.009123 0.106489
0.055686 0.010350 0.113960
0.051564 0.008307 0.107856
0.056013 0.010652 0.112309
0.050067 0.009723 0.112686
0.049064 0.009771 0.111223
0.055057 0.008715 0.109031
0.046545 0.008858 0.113323
0.052952 0.007862 0.110404
0.050843 0.009133 0.109892
0.053420 0.008299 0.113885
0.050002 0.009774 0.114202
0.053574 0.008168 0.111328
0.046931 0.008921 0.114539
0.051461 0.008615 0.112426
0.054385 0.008338 0.109544
0.055812 0.008883 0.106138
0.046873 0.008777 0.116140
0.045498 0.007909 0.106590
0.045144 0.008269 0.113364
0.056203 0.010998 0.112840
0.057338 0.011591 0.108702
0.056062 0.009379 0.107406
0.047144 0.008849 0.103893
0.055226 0.009235 0.110557
0.052700 0.007427 0.106467
0.052576 0.007703 0.108530
0.051267 0.008860 0.113744
0.055574 0.010211 0.114318
0.045700 0.008896 0.109689
0.053078 0.008226 0.114424
0.048987 0.009723 0.114560
0.055440 0.009180 0.109436
0.057284 0.011650 0.110238
0.055147 0.008955 0.109564
0.046121 0.008851 0.112309
0.046859 0.008868 0.104478
0.054302 0.007634 0.105237
0.048691 0.009189 0.103929
0.048445 0.009695 0.112923
0.055235 0.009302 0.110740
0.052266 0.008157 0.114053
0.049838 0.009748 0.108095
0.046894 0.009028 0.112629
0.047974 0.009077 0.103860
0.050095 0.009701 0.112185
0.056999 0.010856 0.107769
0.052358 0.007655 0.107517
0.049715 0.009896 0.108321
0.045478 0.008765 0.107873
0.056778 0.010119 0.105230
0.044895 0.007017 0.111825
0.056364 0.010384 0.109807
0.055745 0.008948 0.106867
0.047644 0.009231 0.113018
0.049863 0.009912 0.114085
0.055736 0.009900 0.110812
0.048995 0.009748 0.108723
0.054601 0.008104 0.107890
0.046159 0.008605 0.114388
0.055208 0.009678 0.112687
0.053981 0.007531 0.106021
0.048100 0.009186 0.104951
0.053176 0.007751 0.109178
0.046003 0.008528 0.114977
0.049341 0.009798 0.111189
0.045077 0.008240 0.112325
0.048583 0.009441 0.116467
0.056201 0.010505 0.110967
0.052708 0.007486 0.107361
0.047820 0.009255 0.113382
0.057203 0.011422 0.109575
0.054944 0.008060 0.106296
0.056036 0.010793 0.114655
0.048898 0.009657 0.115100
0.051194 0.008848 0.106120
0.046817 0.009003 0.105397
0.051736 0.008606 0.115584
0.050077 0.009726 0.108167
0.045104 0.006566 0.108472
0.053981 0.008181 0.110092
0.056539 0.009809 0.105892
0.046002 0.008497 0.116172
0.052847 0.007775 0.108681
0.056073 0.010847 0.114321
0.048812 0.009252 0.106867
0.047711 0.009427 0.111304
0.053853 0.008774 0.115800
0.044667 0.005482 0.111604
0.056801 0.010887 0.109427
0.047363 0.009090 0.104940
0.045297 0.008229 0.114675
0.056390 0.009561 0.105822
0.045397 0.007969 0.107579
0.053324 0.007428 0.107148
0.045574 0.008759 0.108178
0.045036 0.006801 0.109575
0.052262 0.007764 0.108440
0.047154 0.009007 0.114402
0.055518 0.008433 0.104081
0.046740 0.009107 0.106293
0.056698 0.011045 0.110619
0.044701 0.004983 0.109702
0.048824 0.009597 0.114876
0.049592 0.009702 0.107989
0.053906 0.007390 0.104394
0.056047 0.010447 0.111421
0.045133 0.008607 0.110859
0.055390 0.009606 0.111501
0.056249 0.009821 0.108316
0.055693 0.009786 0.110694
0.055096 0.008319 0.107437
0.045516 0.006824 0.104221
0.049307 0.009295 0.107039
0.055556 0.010148 0.113664
0.054541 0.008014 0.107704
0.053982 0.007504 0.105714
0.046674 0.008776 0.115149
0.044854 0.006214 0.110702
0.047755 0.009363 0.111714
0.055256 0.009103 0.110028
0.054110 0.008899 0.115672
0.045248 0.006881 0.107580
0.050748 0.009044 0.107154
0.044708 0.005945 0.112041
0.053976 0.008484 0.112930
0.050624 0.009170 0.107648
0.051350 0.008600 0.105995
0.054413 0.008804 0.113412
0.047456 0.009226 0.112448
0.052106 0.007974 0.110230
0.052078 0.008208 0.113676
0.048882 0.009159 0.106101
0.054622 0.008016 0.107511
0.045466 0.007092 0.105313
0.048820 0.009725 0.113728
0.051528 0.008548 0.112014
0.045422 0.007639 0.106824
0.050192 0.009205 0.105354
0.056475 0.011098 0.111732
0.045135 0.008444 0.112192
0.053339 0.008484 0.115742
0.048812 0.009608 0.111744
0.045350 0.008378 0.108745
0.050285 0.009559 0.109811
0.046277 0.008839 0.112731
0.045094 0.007606 0.110055
0.045865 0.009025 0.108619
0.045069 0.007226 0.109815
0.051117 0.008922 0.105354
0.048105 0.009464 0.114252
0.054469 0.007791 0.106303
0.053172 0.008188 0.113762
0.050837 0.009147 0.105222
0.050717 0.009185 0.107903
0.045036 0.007876 0.113266
0.055190 0.009681 0.113496
0.045103 0.006169 0.107777
0.057103 0.011460 0.110446
0.053565 0.007267 0.104436
0.055963 0.010739 0.112851
0.045061 0.008343 0.112757
0.050662 0.009212 0.106280
0.046354 0.008949 0.112014
0.053578 0.008020 0.110119
0.044943 0.007512 0.110733
0.045070 0.007928 0.113916
0.052858 0.007300 0.105769
0.051087 0.008860 0.105872
0.054477 0.007744 0.105691
0.047387 0.009345 0.108199
0.055595 0.010172 0.112870
0.049679 0.009803 0.111387
0.051543 0.008664 0.113947
0.046424 0.008681 0.114947
0.044844 0.006661 0.112212
0.047752 0.009522 0.110846
0.056682 0.011077 0.110897
0.051355 0.008593 0.106413
0.046920 0.008937 0.113761
0.049146 0.009140 0.104797
0.051223 0.008991 0.115085
0.053374 0.007237 0.104220
0.049877 0.009161 0.106685
0.048459 0.009414 0.114996
0.055456 0.008337 0.103725
0.054900 0.008174 0.107413
0.051062 0.008935 0.112016
0.051437 0.008407 0.106675
0.047460 0.009090 0.113973
0.057126 0.011411 0.110069
0.052544 0.007724 0.109001
0.050884 0.009095 0.109392
0.045128 0.008334 0.111515
0.052604 0.007983 0.111508
0.052013 0.007841 0.106265
0.049166 0.009786 0.115024
0.048944 0.009155 0.105048
0.045092 0.008113 0.110454
0.051388 0.008524 0.105308
0.045090 0.007142 0.109387
0.046736 0.009194 0.107266
0.048861 0.009710 0.108564
0.052932 0.008296 0.115549
0.053528 0.008524 0.114718
0.048564 0.009720 0.108996
0.047054 0.009070 0.113300
0.056857 0.011192 0.110548
0.046959 0.009296 0.109062
0.051314 0.008567 0.107629
0.055905 0.010618 0.113367
0.052402 0.008293 0.116088
0.057198 0.011389 0.109389
0.054682 0.008231 0.108397
0.056216 0.010272 0.109938
0.047388 0.009038 0.114273
0.052781 0.007426 0.106893
0.045843 0.008921 0.111485
0.051893 0.008259 0.111323
0.044750 0.006373 0.112882
0.049142 0.009874 0.115910
0.049637 0.009086 0.104334
0.055533 0.008720 0.107155
0.055865 0.009316 0.108063
0.046939 0.009247 0.107513
0.047074 0.008891 0.104210
0.047933 0.009110 0.115798
0.054695 0.008656 0.110286
0.046246 0.008980 0.111636
0.045992 0.008226 0.103766
0.047985 0.009258 0.107193
0.049213 0.009819 0.114484
0.045356 0.008804 0.111263
0.051699 0.008401 0.112374
0.044912 0.006690 0.110679
0.049685 0.009194 0.106805
0.045736 0.008948 0.111118
0.044774 0.005469 0.109779
0.044933 0.007072 0.110611
0.044929 0.007400 0.110869
0.055981 0.010756 0.113287
0.045990 0.008345 0.104052
0.047224 0.008936 0.115523
0.053750 0.007391 0.105924
0.045128 0.007109 0.108863
0.050490 0.009474 0.111773
0.045306 0.007335 0.107577
0.053769 0.007445 0.106215
0.047793 0.009313 0.107565
0.056751 0.010365 0.107227
0.054311 0.008142 0.108869
0.046612 0.009135 0.110773
0.051767 0.008203 0.109984
0.046033 0.009095 0.107136
0.047864 0.009251 0.106160
0.048799 0.009677 0.112914
0.044851 0.005540 0.109161
0.045353 0.008841 0.110694
0.055892 0.009848 0.110086
0.044918 0.007508 0.113976
0.053599 0.008120 0.110971
0.047006 0.008976 0.113539
0.049154 0.009147 0.103756
0.047396 0.008935 0.116017
0.046005 0.008740 0.112929
0.048341 0.009118 0.103801
0.055895 0.009420 0.108223
0.050389 0.009576 0.110966
0.050938 0.009166 0.113709
0.052863 0.007963 0.111517
0.053803 0.007647 0.107573
0.054177 0.008557 0.111244
0.055915 0.010637 0.113723
0.046875 0.008797 0.104061
0.050515 0.009636 0.114537
0.050988 0.008936 0.108353
0.055705 0.009320 0.108817
0.056958 0.011379 0.110821
0.045615 0.008032 0.105892
0.046106 0.009110 0.108023
0.053098 0.007469 0.107576
0.055719 0.010394 0.113854
0.053160 0.008208 0.114063
0.054816 0.007999 0.106660
0.046388 0.009185 0.108062
0.047369 0.009357 0.108477
0.045245 0.008145 0.109825
0.047192 0.009066 0.105265
0.050688 0.009111 0.104226
0.054652 0.009068 0.113044
0.051098 0.008844 0.109485
0.049513 0.009972 0.108489
0.049230 0.009587 0.107988
0.045309 0.006854 0.106691
0.055133 0.008176 0.105047
0.046895 0.009254 0.110229
0.053796 0.008373 0.112654
0.053663 0.007787 0.108581
0.050847 0.009081 0.108602
0.046513 0.008891 0.113137
0.049298 0.009865 0.112607
0.048771 0.009813 0.109134
0.048454 0.009373 0.116175
0.055094 0.009379 0.111790
0.049622 0.009235 0.106179
0.055992 0.009922 0.109728
0.048646 0.009228 0.104241
0.047214 0.009103 0.113147
0.047508 0.009414 0.110970
0.056966 0.010966 0.108822
0.049524 0.009159 0.105985
0.050320 0.009817 0.113087
0.045002 0.007999 0.111108
0.054593 0.009121 0.114966
0.053624 0.008453 0.114123
0.056089 0.009061 0.105050
0.050794 0.008971 0.104113
0.045561 0.008924 0.110106
0.047825 0.009275 0.114083
0.047579 0.009260 0.106546
0.056530 0.010280 0.108531
0.050942 0.009208 0.106346
0.053395 0.008173 0.112230
0.046789 0.009243 0.107903
0.046095 0.009113 0.108299
0.054843 0.009331 0.114847
0.046103 0.009075 0.109226
0.047392 0.009365 0.111076
0.047700 0.009430 0.110027
0.052570 0.007742 0.109277
0.055134 0.008151 0.104301
0.048497 0.009723 0.112911
0.053552 0.007818 0.108961
0.054860 0.007988 0.105212
0.051190 0.008769 0.105738
0.057326 0.011552 0.108445
0.054487 0.008972 0.113809
0.055735 0.008637 0.104165
0.045983 0.008501 0.114737
0.050398 0.009499 0.107953
0.056573 0.010020 0.106972
0.044926 0.005441 0.107844
0.045660 0.008112 0.105721
0.050457 0.009118 0.107187
0.055273 0.009191 0.110230
0.056826 0.011282 0.110962
0.056603 0.011396 0.112475
0.054436 0.007831 0.106756
0.054248 0.008686 0.112589
0.047700 0.009483 0.110303
0.044780 0.006269 0.112188
0.047086 0.009196 0.106569
0.044669 0.005666 0.111945
0.051891 0.008539 0.116017
0.048780 0.009946 0.109991
0.045692 0.007896 0.104953
0.054412 0.007665 0.104583
0.048929 0.009894 0.109242
0.050489 0.009247 0.105119
0.045102 0.005614 0.106567
0.048983 0.009126 0.105312
0.053479 0.008275 0.113548
0.052356 0.007529 0.105549
0.048965 0.009705 0.112401
0.051488 0.008514 0.110467
0.050847 0.008901 0.103791
0.054478 0.008100 0.108206
0.046223 0.009113 0.109471
0.047964 0.009575 0.108312
0.045371 0.007974 0.107954
0.052700 0.007859 0.110571
0.050522 0.009884 0.116188
0.047714 0.009326 0.112163
0.047542 0.009165 0.105397
0.047500 0.009338 0.111581
0.057412 0.011690 0.108071
0.045088 0.008028 0.110262
0.051736 0.008275 0.109659
0.055211 0.009774 0.114013
0.045239 0.008486 0.112975
0.048752 0.009448 0.107752
0.050542 0.009756 0.115738
0.047234 0.009194 0.106299
0.055878 0.009674 0.109327
0.047203 0.009144 0.112279
0.054923 0.009417 0.113534
0.048268 0.009729 0.109759
0.052601 0.008054 0.113435
0.051260 0.008630 0.108012
0.045393 0.008871 0.110435
0.055790 0.010033 0.111180
0.053686 0.007463 0.106711
0.054892 0.009255 0.112674
0.056712 0.010083 0.105987
0.056654 0.010696 0.109517
0.052934 0.007646 0.108436
0.054683 0.007849 0.105692
0.052946 0.008260 0.115269
0.055132 0.008860 0.109364
0.052274 0.007858 0.109658
0.054852 0.009323 0.112917
0.045057 0.008206 0.111189
0.052535 0.007506 0.103859
0.051468 0.008431 0.104843
0.046545 0.009195 0.107702
0.045171 0.008462 0.111472
0.048211 0.009361 0.114819
0.048596 0.009128 0.103583
0.048854 0.009706 0.113114
0.056231 0.010089 0.109194
0.047537 0.008955 0.116623
0.047491 0.009382 0.110129
0.057179 0.011289 0.108736
0.055379 0.009889 0.112797
0.051013 0.009100 0.113354
0.050128 0.009975 0.115297
0.044946 0.007013 0.110330
0.056380 0.011238 0.113425
0.046476 0.009140 0.106889
0.054748 0.009093 0.112109
0.045635 0.008710 0.112197
0.054849 0.007971 0.104769
0.045189 0.006562 0.107759
0.050059 0.009762 0.114030
0.052196 0.007774 0.107841
0.045075 0.008374 0.113122
0.047865 0.009182 0.105190
0.045174 0.007480 0.108932
0.051520 0.008328 0.108392
0.056259 0.009561 0.107164
0.054973 0.009397 0.112721
0.045201 0.006341 0.107038
0.045661 0.008949 0.107444
0.056018 0.009718 0.108992
0.051138 0.008903 0.110949
0.045397 0.008732 0.109877
0.057367 0.011717 0.109346
0.052032 0.007967 0.109070
0.055008 0.009524 0.115147
0.049111 0.009362 0.107272
0.048545 0.009249 0.104489
0.051187 0.008919 0.113002
0.052976 0.007923 0.110842
0.051952 0.007860 0.105376
0.049900 0.009690 0.112361
0.051358 0.008965 0.116119
0.053684 0.008007 0.109908
0.045912 0.008856 0.111900
0.050145 0.009121 0.106857
0.044904 0.006034 0.109558
0.044648 0.005307 0.111208
0.051287 0.008661 0.104603
0.055606 0.010257 0.115417
0.057296 0.011409 0.107871
0.055688 0.009522 0.109481
0.054396 0.008949 0.114311
0.045804 0.008270 0.104967
0.055275 0.008458 0.107200
0.050098 0.009746 0.113606
0.050184 0.009792 0.114721
0.046787 0.008917 0.114690
0.054257 0.008658 0.112901
0.047353 0.008948 0.115708
0.049926 0.009165 0.106928
0.045057 0.007860 0.113619
0.046324 0.009164 0.107446
0.048984 0.009779 0.113963
0.054930 0.007977 0.103822
0.046071 0.008668 0.113722
0.045272 0.007031 0.107350
0.045929 0.008999 0.109995
0.044781 0.005838 0.110606
0.047286 0.009341 0.110856
0.053461 0.008494 0.114984
0.045261 0.007384 0.108293
0.047953 0.009199 0.105634
0.045116 0.006921 0.108721
0.044587 0.004576 0.109936
0.045915 0.008581 0.105267
0.045743 0.008933 0.106879
0.051247 0.008734 0.106658
0.053247 0.007305 0.103843
0.056424 0.011117 0.112107
0.047310 0.009020 0.114557
0.045916 0.009089 0.107496
0.055880 0.010426 0.112066
0.051101 0.008831 0.107639
0.056522 0.010782 0.110424
0.050857 0.008971 0.107518
0.046344 0.008797 0.113348
0.056020 0.009106 0.106183
0.045615 0.007369 0.104549
0.051071 0.009140 0.114974
0.045611 0.008807 0.108396
0.055802 0.010517 0.115160
0.049893 0.010036 0.115677
0.044615 0.005277 0.111773
0.050486 0.009120 0.105977
0.055060 0.008115 0.104990
0.055501 0.009636 0.111036
0.057554 0.012126 0.108864
0.044942 0.007540 0.112304
0.055818 0.009544 0.109122
0.052264 0.008047 0.112461
0.055776 0.008799 0.105801
0.047055 0.009315 0.109481
0.044971 0.007413 0.110449
0.049071 0.009737 0.112922
0.044909 0.006873 0.111464
0.047532 0.009310 0.107357
0.052007 0.008181 0.112673
0.051424 0.008513 0.109757
0.049658 0.009903 0.109564
0.052524 0.007827 0.110057
0.049888 0.009775 0.111214
0.047607 0.009097 0.114790
0.047720 0.009211 0.113746
0.053641 0.008632 0.115577
0.046023 0.008577 0.115273
0.050506 0.009425 0.112134
0.047384 0.009362 0.109636
0.046964 0.009006 0.105307
0.047320 0.009178 0.105844
0.055728 0.009138 0.107967
0.049764 0.010025 0.108872
0.050809 0.009193 0.104941
0.049659 0.009154 0.105363
0.056592 0.010361 0.108348
0.055900 0.008825 0.104868
0.051323 0.008607 0.104089
0.054618 0.007810 0.105434
0.056917 0.011185 0.110200
0.048559 0.009759 0.109177
0.050815 0.009329 0.113368
0.054885 0.008907 0.110734
0.049736 0.010025 0.108606
0.044971 0.005841 0.108329
0.046857 0.008963 0.113358
0.055010 0.009521 0.114542
0.054991 0.009524 0.115635
0.055982 0.009969 0.109919
0.054556 0.008943 0.112438
0.056152 0.010991 0.113223
0.046556 0.008936 0.112616
0.045412 0.006484 0.104648
0.048231 0.009159 0.104187
0.050362 0.009111 0.106332
0.045489 0.008385 0.107274
0.055404 0.008388 0.104778
0.057079 0.011253 0.109605
0.044970 0.007306 0.110302
0.050940 0.008999 0.109051
0.050014 0.009875 0.108859
0.054591 0.007802 0.105046
0.050979 0.009056 0.111745
0.051520 0.008408 0.108970
0.044856 0.006617 0.111856
0.051562 0.008276 0.106380
0.056054 0.010275 0.110831
0.053874 0.008228 0.110833
0.054659 0.009129 0.113629
0.048081 0.009581 0.111137
0.048478 0.009656 0.108612
0.047786 0.009506 0.109373
0.055316 0.009901 0.114350
0.054980 0.008488 0.108483
0.048996 0.009847 0.110946
0.050707 0.009378 0.111536
0.053254 0.008112 0.111952
0.045350 0.008537 0.112744
0.050965 0.009047 0.110321
0.057193 0.011179 0.107598
0.048877 0.009217 0.104471
0.048145 0.009522 0.108021
0.047929 0.009430 0.111551
0.056727 0.010237 0.106851
0.047276 0.009347 0.109302
0.055588 0.009258 0.109167
0.052873 0.008301 0.115832
0.048900 0.009187 0.103591
0.045613 0.008917 0.111339
0.055872 0.010584 0.114121
0.055784 0.009439 0.109005
0.056041 0.009040 0.105451
0.048486 0.009399 0.115835
0.049019 0.009648 0.111799
0.048298 0.009583 0.112937
0.051826 0.008545 0.115778
0.048811 0.009628 0.115741
0.051772 0.008232 0.110375
0.048806 0.009843 0.111042
0.045251 0.007831 0.109080
0.053457 0.007340 0.106383
0.051767 0.008184 0.108906
0.048045 0.009602 0.109469
0.052262 0.008061 0.111546
0.045495 0.008807 0.111388
0.057404 0.011627 0.107633
0.051599 0.008249 0.105748
0.050302 0.009926 0.115140
0.052576 0.007990 0.111778
0.046343 0.009074 0.106550
0.050460 0.009811 0.114963
0.057006 0.010793 0.106755
0.051244 0.008759 0.110599
0.054249 0.007570 0.104033
0.046395 0.008608 0.116352
0.047277 0.009241 0.106822
0.047187 0.009047 0.113540
0.046012 0.008570 0.114248
0.057538 0.012035 0.108425
0.055586 0.010076 0.112294
0.045473 0.008409 0.114180
0.055974 0.010271 0.111163
0.049327 0.009770 0.112248
0.055365 0.008358 0.105069
0.056450 0.009757 0.106685
0.048713 0.009356 0.107468
0.046517 0.009169 0.109989
0.057116 0.011611 0.110954
0.052091 0.007857 0.108046
0.050413 0.009130 0.106992
0.054920 0.008005 0.105630
0.052828 0.007719 0.109201
0.055415 0.009757 0.111942
0.056521 0.010197 0.107882
0.045347 0.007683 0.107740
0.052185 0.008110 0.112050
0.048196 0.009583 0.111259
0.050576 0.009478 0.110778
0.046661 0.009059 0.111879
0.051373 0.008692 0.111659
0.049223 0.009157 0.104073
0.051728 0.008652 0.114882
0.047251 0.009330 0.108798
0.055606 0.009415 0.109672
0.054514 0.007834 0.106531
0.048702 0.009601 0.114717
0.045278 0.008567 0.111978
0.045745 0.008705 0.106169
0.055236 0.008948 0.109177
0.049503 0.009972 0.110051
0.048507 0.009504 0.107993
0.050529 0.009748 0.115512
0.047247 0.009359 0.109916
0.047352 0.009190 0.112460
0.055516 0.009411 0.110174
0.050406 0.009579 0.112644
0.045195 0.008702 0.110578
0.052509 0.007555 0.106637
0.045174 0.007730 0.109800
0.045427 0.008635 0.108998
0.053233 0.008029 0.111320
0.048435 0.009527 0.112487
0.055440 0.008548 0.106470
0.045510 0.007483 0.105683
0.048326 0.009568 0.114188
0.047474 0.009433 0.110604
0.049292 0.009683 0.111899
0.049494 0.010031 0.108694
0.047885 0.009307 0.113729
0.055608 0.009460 0.109908
0.052535 0.008193 0.115336
0.048415 0.009504 0.114613
0.047705 0.009055 0.115988
0.055584 0.009588 0.110478
0.056607 0.010170 0.107183
0.045066 0.007815 0.114391
0.045619 0.007081 0.103807
0.054390 0.008771 0.113210
0.051958 0.008202 0.112393
0.055301 0.009474 0.111253
0.049091 0.009979 0.110278
0.048147 0.009405 0.113334
0.049806 0.009257 0.106419
0.047605 0.009154 0.105132
0.045864 0.008087 0.103880
0.046791 0.009187 0.110487
0.055736 0.009632 0.110054
0.055332 0.008814 0.108497
0.052046 0.008097 0.110933
0.045142 0.006645 0.108285
0.044879 0.005424 0.108596
0.056396 0.010516 0.110071
0.046328 0.008589 0.104136
0.045740 0.008981 0.110739
0.051509 0.008380 0.105978
0.049952 0.009756 0.111497
0.054451 0.008806 0.111523
0.055080 0.008891 0.109819
0.048413 0.009223 0.106233
0.050254 0.009629 0.111169
0.051836 0.008316 0.112123
0.055840 0.010214 0.111545
0.056552 0.010450 0.109124
0.047258 0.009299 0.111289
0.046506 0.009108 0.111085
0.051008 0.009317 0.116015
0.053297 0.007980 0.110695
0.045217 0.006885 0.107798
0.051895 0.007977 0.108373
0.047728 0.009536 0.110606
0.052444 0.008158 0.114332
0.053638 0.007971 0.109643
0.045349 0.008373 0.109465
0.049877 0.009762 0.112807
0.057291 0.011506 0.109044
0.055156 0.008252 0.106471
0.044647 0.004626 0.109564
0.052065 0.008395 0.115782
0.054000 0.008520 0.113253
0.051327 0.008934 0.115336
0.052882 0.007356 0.104027
0.050152 0.009547 0.107720
0.051886 0.007976 0.106817
0.044712 0.005595 0.111423
0.056028 0.009064 0.105811
0.048148 0.009199 0.105411
0.048972 0.009132 0.105858
0.049560 0.009806 0.114687
0.050628 0.008961 0.103680
0.052865 0.008104 0.113958
0.045630 0.008764 0.111701
0.051459 0.008670 0.112914
0.045123 0.006478 0.108161
0.048737 0.009315 0.107183
0.050269 0.009966 0.115923
0.055694 0.009322 0.108622
0.049018 0.009127 0.105540
0.050636 0.009298 0.108407
0.057108 0.011198 0.108933
0.048237 0.009594 0.108348
0.051654 0.008151 0.106629
0.053167 0.007905 0.110339
0.045898 0.009081 0.107727
0.052192 0.008235 0.115115
0.056498 0.009580 0.104700
0.045969 0.008429 0.104680
0.044783 0.006388 0.112567
0.053920 0.008086 0.109758
0.046506 0.008728 0.104396
0.055338 0.009925 0.115438
0.048263 0.009732 0.109937
0.051103 0.008781 0.103963
0.050170 0.009690 0.110684
0.055558 0.008561 0.105493
0.054564 0.008501 0.109849
0.055097 0.008226 0.106822
0.048562 0.009152 0.105182
0.057139 0.011047 0.107274
0.044889 0.005841 0.109217
0.048904 0.009690 0.115347
0.051741 0.008319 0.110844
0.056419 0.009572 0.105495
0.052411 0.008146 0.114993
0.054020 0.007509 0.105126
0.053106 0.007450 0.107423
0.055664 0.009829 0.111001
0.056075 0.010864 0.113440
0.050534 0.009562 0.113061
0.045184 0.006723 0.108042
0.055654 0.008929 0.107496
0.055527 0.009033 0.108529
0.045687 0.008948 0.109311
0.053938 0.008545 0.113615
0.056750 0.010949 0.109982
0.057140 0.011137 0.107975
0.055144 0.009327 0.111111
0.045192 0.008083 0.114651
0.052787 0.007353 0.106125
0.046772 0.008879 0.114140
0.054999 0.008877 0.110114
0.049303 0.009463 0.107616
0.047832 0.009063 0.115399
0.054458 0.007708 0.103797
0.054298 0.007675 0.105847
0.054451 0.008902 0.113575
0.051046 0.009233 0.115391
0.048775 0.009588 0.116055
0.052564 0.007470 0.104512
0.056667 0.010087 0.106507
0.048213 0.009513 0.113880
0.045023 0.008118 0.112525
0.044879 0.007022 0.112207
0.051480 0.008693 0.113786
0.052506 0.007739 0.108764
0.052662 0.007813 0.110120
0.053261 0.007526 0.107724
0.056963 0.010747 0.107409
0.052594 0.008091 0.114117
0.053796 0.008247 0.111173
0.050529 0.009656 0.113698
0.051837 0.008040 0.107685
0.056206 0.009309 0.105950
0.056371 0.010195 0.109082
0.044892 0.006592 0.111046
0.044895 0.007336 0.113829
0.045483 0.008375 0.114658
0.046229 0.008481 0.103857
0.044946 0.007380 0.111225
0.044872 0.007205 0.112956
0.045431 0.008340 0.114415
0.056543 0.011015 0.111207
0.047201 0.008864 0.116561
0.052886 0.008094 0.113605
0.055109 0.008144 0.105281
0.048440 0.009367 0.115527
0.044982 0.006384 0.109025
0.045278 0.008350 0.108923
0.050734 0.009216 0.108801
0.046387 0.008806 0.113725
0.054611 0.008447 0.109382
0.052051 0.008305 0.114413
0.047403 0.009339 0.107678
0.048382 0.009245 0.106576
0.054743 0.009263 0.115359
0.048156 0.009213 0.115648
0.051352 0.008478 0.107242
0.054195 0.007971 0.108340
0.055115 0.008624 0.108125
0.045444 0.007913 0.107163
0.045421 0.008326 0.107773
0.053835 0.007709 0.107858
0.044999 0.007705 0.110502
0.055570 0.008961 0.108003
0.044675 0.005065 0.109995
0.048452 0.009125 0.103591
0.046188 0.008698 0.114003
0.046881 0.009281 0.109858
0.047442 0.009233 0.112102
0.054803 0.008770 0.110541
0.049491 0.009218 0.106538
0.051868 0.008006 0.108052
0.044994 0.005661 0.107672
0.045507 0.008216 0.106913
0.044971 0.006399 0.109641
0.045075 0.007814 0.110306
0.052494 0.007602 0.107062
0.055852 0.009080 0.107010
0.054743 0.007942 0.106386
0.046828 0.009223 0.108508
0.046077 0.008782 0.112583
0.056255 0.009295 0.105244
0.055419 0.009881 0.112517
0.055468 0.009657 0.111292
0.053625 0.007298 0.104034
0.055437 0.009950 0.113062
0.049873 0.009591 0.107762
0.054229 0.008190 0.109284
0.045102 0.007285 0.109618
0.044499 0.004489 0.110699
0.046719 0.008888 0.104813
0.052718 0.008166 0.115073
0.054334 0.007896 0.107598
0.048744 0.009898 0.109437
0.051919 0.007974 0.108617
0.048411 0.009265 0.106931
0.045309 0.007669 0.108105
0.050514 0.009151 0.107364
0.047070 0.009132 0.105874
0.047158 0.009321 0.108568
0.057037 0.011029 0.108476
0.044976 0.005473 0.107494
0.053609 0.008320 0.112030
0.050490 0.009642 0.113904
0.052306 0.008226 0.114487
0.055569 0.010135 0.113394
0.054572 0.009059 0.114454
0.048997 0.009225 0.106615
0.055849 0.009118 0.107266
0.050115 0.009662 0.109543
0.056113 0.010052 0.109579
0.048170 0.009173 0.104546
0.050503 0.009698 0.114798
0.055275 0.009072 0.109718
0.055177 0.009729 0.115281
0.051563 0.008811 0.116099
0.057151 0.011010 0.106810
0.045470 0.007357 0.105471
0.055691 0.008562 0.103828
0.050395 0.009131 0.104628
0.045375 0.007650 0.107354
0.054218 0.008645 0.112026
0.048243 0.009482 0.114505
0.046167 0.008728 0.113512
0.053813 0.008643 0.114370
0.045625 0.007597 0.104924
0.055648 0.010304 0.115661
0.055082 0.009465 0.112362
0.054925 0.008573 0.108955
0.052577 0.008245 0.115923
0.050579 0.009316 0.107844
0.056726 0.010406 0.107538
0.049762 0.009837 0.111733
0.045474 0.007420 0.106042
0.046545 0.008688 0.115962
0.047997 0.009630 0.110590
0.047554 0.009363 0.108049
0.044464 0.004407 0.110787
0.056069 0.010101 0.110129
0.054885 0.007982 0.104109
0.051923 0.007910 0.105874
0.048471 0.009592 0.111459
0.053471 0.008003 0.110395
0.048614 0.009693 0.108783
0.054945 0.009058 0.110958
0.053954 0.007427 0.103941
0.051770 0.008478 0.113710
0.052333 0.007971 0.111314
0.049648 0.009696 0.112320
0.046986 0.008860 0.115574
0.051574 0.008712 0.115339
0.046958 0.009224 0.110838
0.056130 0.009037 0.104365
0.050043 0.009186 0.104876
0.051650 0.008147 0.105499
0.054920 0.007995 0.104440
0.049569 0.010008 0.115296
0.054780 0.009259 0.114453
0.045288 0.008126 0.109589
0.051251 0.008639 0.106966
0.048769 0.009193 0.104734
0.052278 0.007637 0.104089
0.048116 0.009254 0.106724
0.044869 0.005026 0.107875
0.045809 0.009017 0.108071
0.051078 0.008967 0.111374
0.055769 0.010463 0.115559
0.049551 0.009539 0.107736
0.047472 0.009406 0.109078
0.053212 0.007247 0.105655
0.045312 0.008737 0.110209
0.045258 0.008151 0.114352
0.047999 0.009283 0.107453
0.048053 0.009441 0.114061
0.056080 0.010639 0.111948
0.055511 0.009105 0.108822
0.056938 0.011498 0.111368
0.046226 0.008777 0.105098
0.045219 0.007681 0.108775
0.046611 0.009198 0.108452
0.056264 0.010852 0.111835
0.046965 0.009229 0.110651
0.049217 0.009925 0.110786
0.052227 0.007824 0.108920
0.045656 0.008456 0.115149
0.045244 0.008762 0.110955
0.055704 0.009434 0.109279
0.048765 0.009154 0.105916
0.045536 0.008825 0.109139
0.044950 0.007565 0.112859
0.046220 0.008576 0.115880
0.053534 0.007536 0.107427
0.055561 0.008551 0.104459
0.052040 0.008053 0.110557
0.052211 0.008124 0.113271
0.045337 0.008415 0.113635
0.051951 0.008339 0.114015
0.045760 0.008933 0.106671
0.056878 0.010360 0.105859
0.044720 0.004776 0.109203
0.054223 0.007736 0.107021
0.047291 0.009226 0.106474
0.055879 0.010503 0.112281
0.055121 0.009367 0.111451
0.054589 0.007843 0.106027
0.045011 0.006575 0.109226
0.050007 0.009944 0.108560
0.046943 0.009250 0.108219
0.045961 0.008973 0.111167
0.051176 0.008725 0.108339
0.044546 0.004498 0.110230
0.049429 0.009844 0.113304
0.047918 0.009549 0.109231
0.054214 0.008690 0.113485
0.044990 0.007622 0.113181
0.044730 0.005841 0.111624
0.055262 0.008269 0.104140
0.047375 0.009207 0.106190
0.047636 0.009185 0.105749
0.048750 0.009125 0.105558
0.049964 0.009852 0.108348
0.044797 0.005982 0.110900
0.056532 0.010844 0.110678
0.050810 0.009365 0.114083
0.051120 0.008824 0.103775
0.047728 0.009056 0.104183
0.045851 0.008150 0.104205
0.051320 0.008601 0.109206
0.053806 0.007371 0.104726
0.045927 0.008536 0.105044
0.054636 0.008282 0.108687
0.049938 0.009777 0.111021
0.044859 0.005092 0.108090
0.047960 0.009200 0.114920
0.052176 0.007764 0.107133
0.048043 0.009612 0.109765
0.057023 0.010811 0.106987
0.052353 0.007917 0.110651
0.051709 0.008641 0.116267
0.045689 0.007464 0.104029
0.050691 0.009108 0.104522
0.050694 0.009302 0.109407
0.056328 0.011151 0.113818
0.056431 0.009772 0.106960
0.049030 0.009838 0.109012
0.053039 0.007338 0.106542
0.045398 0.007046 0.106067
0.054466 0.008484 0.110199
0.046261 0.009152 0.108559
0.049800 0.009130 0.105910
0.048218 0.009741 0.110140
0.048151 0.009690 0.110407
0.054517 0.008894 0.112792
0.053382 0.008340 0.114255
0.054748 0.008231 0.108106
0.044808 0.004911 0.108368
0.045181 0.006901 0.108340
0.048905 0.009223 0.103898
0.045675 0.008646 0.106365
0.054387 0.008799 0.112223
0.047148 0.008978 0.114208
0.051215 0.008713 0.109901
0.047241 0.009312 0.111083
0.045658 0.008938 0.108958
0.044911 0.007073 0.111518
0.045733 0.008433 0.114777
0.050686 0.009434 0.113898
0.056321 0.009301 0.104484
0.049923 0.009053 0.104274
0.056175 0.010148 0.109766
0.054611 0.008615 0.110558
0.052565 0.008015 0.113067
0.045464 0.008573 0.108015
0.045723 0.008979 0.107204
0.054184 0.007734 0.107248
0.050816 0.009528 0.115637
0.046365 0.008703 0.115407
0.050921 0.008948 0.105733
0.045252 0.006187 0.105841
0.045013 0.007682 0.112095
0.049636 0.009915 0.114091
0.050948 0.009036 0.105994
0.047266 0.008989 0.114842
0.051374 0.008585 0.104251
0.055136 0.008504 0.107859
0.052616 0.008158 0.114506
0.054164 0.007542 0.104834
0.055342 0.008912 0.108803
0.045072 0.006924 0.109139
0.048711 0.009917 0.109771
0.054227 0.007690 0.106446
0.049618 0.009129 0.105034
0.052313 0.007557 0.105275
0.053938 0.008070 0.109455
0.053463 0.007260 0.105660
0.050763 0.009253 0.109990
0.053555 0.007620 0.107865
0.046591 0.008740 0.115001
0.050554 0.008972 0.103954
0.045057 0.008250 0.113027
0.045092 0.006753 0.108774
0.045569 0.008768 0.107196
0.044854 0.007438 0.112627
0.051240 0.008946 0.114799
0.050710 0.009530 0.114299
0.051695 0.008578 0.114530
0.044456 0.004266 0.110460
0.049875 0.009795 0.113651
0.045565 0.007715 0.105671
0.049971 0.010026 0.115035
0.044527 0.004486 0.110411
0.044809 0.005687 0.109977
0.047076 0.008946 0.114701
0.051247 0.008897 0.114240
0.045571 0.008716 0.111910
0.056901 0.011077 0.109710
0.048573 0.009658 0.112743
0.051013 0.009131 0.114219
0.046573 0.008730 0.115546
0.053212 0.007671 0.108605
0.056166 0.009650 0.107974
0.056922 0.010826 0.108266
0.051107 0.009235 0.115687
0.054972 0.009226 0.111618
0.055908 0.010148 0.110962
0.052058 0.007873 0.107909
0.050699 0.009453 0.113537
0.054547 0.007758 0.105258
0.045363 0.008559 0.112332
0.045440 0.008855 0.111046
0.049324 0.010014 0.109758
0.052480 0.007493 0.104900
0.055571 0.009959 0.111959
0.053939 0.007639 0.107223
0.054022 0.007839 0.108089
0.047111 0.009070 0.112892
0.048594 0.009640 0.114417
0.049033 0.009815 0.113687
0.048196 0.009643 0.108691
0.053434 0.007869 0.109405
0.049529 0.009722 0.112042
0.056455 0.009557 0.105078
0.044889 0.006049 0.109876
0.045995 0.008537 0.104882
0.048139 0.009377 0.107780
0.049006 0.009759 0.115487
0.055037 0.009497 0.112555
0.048202 0.009697 0.110820
0.045370 0.006477 0.105019
0.053337 0.007671 0.108407
0.056656 0.010858 0.110129
0.050311 0.009712 0.108830
0.055321 0.008562 0.107546
0.050349 0.009793 0.113613
0.053709 0.007735 0.108193
0.055959 0.010439 0.111752
0.047639 0.009168 0.114119
0.052229 0.008084 0.112927
0.056594 0.010552 0.109249
0.050380 0.009561 0.110597
0.045206 0.008443 0.112575
0.052813 0.007375 0.104365
0.053705 0.008641 0.114863
0.045299 0.008783 0.110463
0.053339 0.007609 0.108096
0.045919 0.008702 0.105651
0.050049 0.009745 0.109824
0.048186 0.009477 0.112751
0.045207 0.007664 0.109390
0.057036 0.011448 0.110613
0.045510 0.008727 0.107663
0.045176 0.006016 0.106621
0.051590 0.008241 0.108185
0.050948 0.008974 0.108243
0.050679 0.009377 0.110218
0.051113 0.008842 0.110124
0.047104 0.009282 0.108424
0.050788 0.009532 0.115353
0.055186 0.008196 0.104700
0.053189 0.007239 0.105488
0.055118 0.009596 0.113313
0.055878 0.010578 0.114418
0.047763 0.009315 0.112648
0.055872 0.008832 0.105256
0.050662 0.009147 0.104253
0.052422 0.008010 0.112743
0.047716 0.009403 0.108014
0.044970 0.007766 0.111150
0.049671 0.009818 0.111076
0.050238 0.009686 0.114407
0.055702 0.009993 0.111381
0.045295 0.006927 0.106981
0.046872 0.009173 0.106673
0.056205 0.009075 0.103697
0.049989 0.009765 0.109279
0.051809 0.008204 0.109276
0.045795 0.008807 0.112164
0.046251 0.008729 0.113826
0.050521 0.009696 0.113406
0.045063 0.006143 0.108091
0.052965 0.008055 0.113225
0.050471 0.009535 0.111127
0.046196 0.009069 0.110259
0.050749 0.009089 0.105881
0.055780 0.009313 0.108368
0.046313 0.009077 0.110676
0.051880 0.008476 0.115405
0.051604 0.008728 0.115869
0.056813 0.010539 0.107697
0.046814 0.008976 0.112995
0.052439 0.007784 0.109509
0.045101 0.008280 0.111935
0.045412 0.008581 0.109293
0.046582 0.009142 0.110318
0.056773 0.010943 0.109696
0.056761 0.010687 0.108901
0.055446 0.009271 0.109847
0.056314 0.009527 0.106571
0.055360 0.009509 0.110918
0.056598 0.010441 0.108801
0.045415 0.008847 0.110272
0.050904 0.009028 0.108616
0.045010 0.007895 0.111330
0.057221 0.011479 0.109703
0.045638 0.008591 0.113125
0.049264 0.009891 0.113547
0.049551 0.009128 0.103837
0.047026 0.009085 0.105580
0.045952 0.008694 0.113160
0.044589 0.004954 0.110969
0.051568 0.008729 0.114700
0.054018 0.008369 0.111064
0.055162 0.009685 0.113716
0.056809 0.010321 0.106561
0.049682 0.009934 0.109145
0.055202 0.009750 0.115645
0.049852 0.009899 0.114828
0.052823 0.008165 0.114682
0.053512 0.008219 0.112504
0.048676 0.009512 0.116147
0.045038 0.007691 0.111833
0.055018 0.008191 0.107159
0.044878 0.006643 0.111461
0.056023 0.009850 0.109243
0.057006 0.010735 0.106628
0.056322 0.010229 0.109426
0.053487 0.008211 0.111847
0.048074 0.009415 0.112503
0.045013 0.007953 0.112275
0.049395 0.009946 0.109357
0.055746 0.010407 0.113490
0.048220 0.009425 0.112182
0.046755 0.008783 0.115697
0.057169 0.011606 0.110701
0.053887 0.008766 0.115447
0.055768 0.010404 0.113167
0.052853 0.007363 0.104181
0.045011 0.007700 0.111533
0.051030 0.008858 0.107785
0.046626 0.008654 0.103778
0.044931 0.007365 0.113234
0.053459 0.007281 0.105880
0.049318 0.009163 0.106116
0.055759 0.010203 0.111883
0.054856 0.008212 0.107728
0.050915 0.009156 0.110627
0.047055 0.008987 0.105003
0.055714 0.009090 0.107801
0.047307 0.009243 0.111788
0.045261 0.008059 0.108923
0.050446 0.009890 0.115804
0.051747 0.008550 0.113908
0.051096 0.008764 0.107318
0.044840 0.005354 0.109004
0.053557 0.008606 0.115974
0.048939 0.009194 0.104204
0.045318 0.006517 0.105835
0.056712 0.011332 0.111613
0.044946 0.007610 0.110916
0.050547 0.009407 0.112512
0.055468 0.008905 0.108349
0.045149 0.007599 0.109755
0.055644 0.008832 0.106814
0.054327 0.008888 0.113984
0.054714 0.008999 0.111575
0.054483 0.007710 0.104304
0.047385 0.008984 0.115425
0.046538 0.009188 0.108257
0.055300 0.008311 0.105398
0.055881 0.009087 0.106854
0.045562 0.007542 0.105299
0.050283 0.009659 0.108448
0.045806 0.008134 0.104643
0.044595 0.005120 0.111559
0.049563 0.009996 0.108894
0.047183 0.008889 0.115919
0.053860 0.008418 0.111994
0.052977 0.007398 0.107142
0.050729 0.009336 0.111856
0.049567 0.009875 0.114267
0.054634 0.007870 0.106183
0.046962 0.009183 0.111579
0.054802 0.008006 0.107027
0.053801 0.008679 0.114564
0.047747 0.009072 0.115181
0.047524 0.009390 0.108719
0.045895 0.009015 0.110386
0.048962 0.009465 0.107628
0.056139 0.010251 0.110313
0.055081 0.009581 0.112881
0.056512 0.009565 0.104341
0.044962 0.007779 0.112515
0.046408 0.009058 0.111268
0.044965 0.007443 0.111787
0.045369 0.008651 0.111793
0.056152 0.009078 0.104601
0.044791 0.005340 0.109507
0.056136 0.010859 0.112559
0.057505 0.012046 0.109145
0.049364 0.009926 0.110373
0.052455 0.007848 0.110243
0.047931 0.009541 0.109628
0.053067 0.007568 0.108095
0.054609 0.008982 0.112617
0.051086 0.008994 0.112573
0.045274 0.008400 0.109674
0.050462 0.009590 0.108964
0.049026 0.009191 0.106447
0.046321 0.009025 0.106247
0.049569 0.009111 0.104807
0.048903 0.009678 0.116289
0.045527 0.008733 0.108731
0.046951 0.008773 0.116419
0.046294 0.008608 0.116030
0.050252 0.009605 0.112433
0.051999 0.007880 0.104434
0.047301 0.008970 0.115111
0.044516 0.004708 0.111078
0.057341 0.011434 0.107296
0.049784 0.009809 0.113229
0.054277 0.007682 0.106142
0.053899 0.008411 0.112234
0.050527 0.009084 0.104264
0.045042 0.006467 0.108742
0.047968 0.009604 0.110230
0.054397 0.008102 0.108527
0.044978 0.007990 0.112430
0.045114 0.007890 0.114406
0.054266 0.008670 0.111710
0.048039 0.009386 0.113046
0.045561 0.008846 0.107948
0.053761 0.007456 0.106453
0.054997 0.008943 0.110313
0.050815 0.009184 0.112444
0.057057 0.011194 0.109293
0.052461 0.007544 0.106153
0.053681 0.008105 0.110638
0.056036 0.010798 0.114015
0.050164 0.009087 0.106078
0.047252 0.009323 0.107946
0.045643 0.007929 0.105398
0.055118 0.008399 0.107620
0.050795 0.009283 0.110270
0.047904 0.009149 0.116349
0.054432 0.009041 0.115142
0.045494 0.006844 0.104563
0.046145 0.008931 0.105927
0.051682 0.008470 0.112003
0.045923 0.009025 0.109510
0.054921 0.008634 0.109175
0.046204 0.008603 0.104515
0.050348 0.009151 0.105811
0.049626 0.009856 0.113143
0.045266 0.007894 0.108510
0.057449 0.011983 0.109299
0.052977 0.007235 0.105133
0.055479 0.008544 0.106125
0.044895 0.005456 0.108216
0.047949 0.009362 0.112280
0.048917 0.009557 0.107906
0.052135 0.007749 0.105692
0.044981 0.006579 0.109883
0.055231 0.009717 0.113131
0.045457 0.008546 0.108403
0.049302 0.009926 0.110519
0.054809 0.009327 0.114181
0.045764 0.008551 0.113977
0.055352 0.009899 0.113812
0.055903 0.010625 0.113020
0.055510 0.008725 0.107428
0.055468 0.010091 0.114644
0.055616 0.010181 0.113105
0.046505 0.008881 0.112897
0.046517 0.008751 0.114697
0.044983 0.006447 0.109276
0.051904 0.008014 0.108779
0.051124 0.008786 0.104355
0.054869 0.008710 0.109808
0.054584 0.009132 0.115408
0.056131 0.009794 0.108727
0.054768 0.009143 0.112775
0.052507 0.007988 0.112301
0.050178 0.009228 0.105040
0.055309 0.008268 0.103977
0.048133 0.009626 0.109094
0.044799 0.006225 0.111799
0.045701 0.009007 0.107728
0.045326 0.008261 0.115097
0.052272 0.007848 0.109320
0.045436 0.008625 0.109593
0.052164 0.008397 0.116080
0.054718 0.008893 0.111021
0.053387 0.008161 0.112779
0.046948 0.008871 0.115277
0.045017 0.007766 0.113786
0.055177 0.009723 0.114974
0.046671 0.008927 0.105161
0.047712 0.009133 0.104760
0.050058 0.009712 0.111246
0.055706 0.009676 0.110311
0.045253 0.006621 0.106822
0.045975 0.008537 0.115462
0.052295 0.008193 0.114706
0.046549 0.009200 0.109567
0.052224 0.007683 0.104618
0.046478 0.009192 0.109239
0.045841 0.009006 0.109094
0.048746 0.009905 0.110333
0.044835 0.005681 0.109583
0.044832 0.006215 0.111080
0.056134 0.009316 0.106675
0.056318 0.009491 0.106193
0.045088 0.008466 0.111959
0.055997 0.009622 0.108661
0.045754 0.008247 0.105333
0.044845 0.005608 0.109336
0.056446 0.010219 0.108768
0.050058 0.009761 0.113416
0.056725 0.010078 0.105599
0.045293 0.007848 0.108354
0.045276 0.006208 0.105482
0.049866 0.009923 0.109847
0.055191 0.009749 0.114691
0.054854 0.009370 0.113964
0.051961 0.008382 0.114814
0.053906 0.008753 0.115090
0.045063 0.008283 0.110823
0.044586 0.004816 0.110652
0.046300 0.008791 0.113976
0.049526 0.009757 0.112481
0.052563 0.008132 0.114677
0.045316 0.007212 0.107242
0.049095 0.010005 0.109936
0.049944 0.009161 0.105560
0.053266 0.007206 0.105016
0.050458 0.009648 0.108715
0.044727 0.005665 0.110864
0.051846 0.008378 0.113306
0.048504 0.009271 0.107183
0.053456 0.008148 0.111563
0.056149 0.010951 0.114618
0.051530 0.008659 0.113650
0.045346 0.008485 0.109022
0.054802 0.008864 0.110847
0.054045 0.008040 0.109048
0.048956 0.009779 0.114274
0.048134 0.009228 0.115984
0.055204 0.009447 0.111619
0.051955 0.007868 0.103763
0.056624 0.011172 0.111405
0.056566 0.010112 0.107416
0.045600 0.007161 0.104221
0.056199 0.009969 0.109050
0.051743 0.008437 0.113087
0.046723 0.009143 0.106607
0.048765 0.009913 0.110625
0.055592 0.008546 0.104756
0.055281 0.009691 0.112342
0.056090 0.010881 0.113064
0.045203 0.007461 0.108666
0.050950 0.009157 0.110934
0.054155 0.008907 0.115314
0.049387 0.009829 0.114372
0.056273 0.009967 0.108750
0.054103 0.007474 0.104223
0.049147 0.009791 0.113083
0.050377 0.009645 0.114112
0.046522 0.008847 0.113980
0.046327 0.008658 0.115164
0.054780 0.009298 0.115491
0.050833 0.009164 0.112101
0.051156 0.008858 0.104943
0.047493 0.009369 0.109883
0.055930 0.010637 0.112614
0.050813 0.009238 0.111396
0.056875 0.010496 0.106826
0.047391 0.008907 0.103811
0.054475 0.009069 0.115748
0.048789 0.009743 0.114129
0.047873 0.009532 0.111024
0.053256 0.007949 0.110189
0.052547 0.008072 0.113772
0.056425 0.009833 0.107250
0.045320 0.008255 0.109182
0.049986 0.009241 0.105288
0.053841 0.008466 0.111628
0.048417 0.009850 0.110796
0.049389 0.010033 0.115375
0.051571 0.008277 0.107307
0.056169 0.009079 0.104138
0.057332 0.011698 0.109936
0.045067 0.008001 0.111613
0.050485 0.009438 0.109591
0.048312 0.009238 0.106343
0.052866 0.007334 0.104659
0.049151 0.009786 0.111123
0.047643 0.009146 0.114529
0.053781 0.008110 0.110324
0.049392 0.009903 0.110495
0.056848 0.011334 0.111113
0.054748 0.009201 0.113176
0.053707 0.007524 0.107061
0.052042 0.008003 0.109481
0.045307 0.007517 0.107930
0.050262 0.009963 0.115610
0.047448 0.008890 0.103626
0.051610 0.008209 0.105148
0.052550 0.007494 0.104174
0.048438 0.009810 0.110527
0.054070 0.008557 0.111764
0.054693 0.009046 0.112303
0.045736 0.008770 0.112066
0.046107 0.009129 0.107760
0.051391 0.008754 0.113295
0.052050 0.007994 0.109852
0.050238 0.009608 0.111544
0.056662 0.010339 0.107800
0.045158 0.008176 0.113805
0.051450 0.008599 0.110886
0.056358 0.010893 0.111517
0.044614 0.004837 0.110287
0.051011 0.009096 0.113943
0.048207 0.009189 0.105282
0.053311 0.008031 0.111053
0.055197 0.008226 0.105673
0.049298 0.009165 0.105400
0.049864 0.009881 0.110565
0.045651 0.008552 0.113559
0.052154 0.007705 0.105017
0.055133 0.009710 0.114367
0.049084 0.009145 0.106112
0.047135 0.009333 0.107772
0.049928 0.009100 0.104659
0.049901 0.009154 0.106232
0.046913 0.009151 0.111855
0.052306 0.007643 0.105842
0.055447 0.009486 0.110557
0.051395 0.008609 0.105559
