0.040743 0.062884 0.143232
0.045088 0.062716 0.145917
0.035312 0.058215 0.147195
0.041959 0.060678 0.147955
0.035909 0.057917 0.144921
0.039176 0.062660 0.140904
0.037502 0.062260 0.142058
0.040281 0.062978 0.143517
0.040798 0.060870 0.146526
0.040691 0.059838 0.147285
0.041221 0.059401 0.148365
0.035067 0.057957 0.143674
0.043326 0.061556 0.149196
0.038480 0.058705 0.146226
0.043357 0.062108 0.142561
0.039026 0.059708 0.145577
0.034661 0.057820 0.145765
0.042869 0.062911 0.144609
0.043212 0.061328 0.140426
0.034918 0.058087 0.146662
0.038420 0.060020 0.144500
0.037284 0.059465 0.151561
0.036948 0.059520 0.151580
0.042719 0.060603 0.149006
0.042370 0.062683 0.143360
0.045347 0.062367 0.145212
0.042622 0.062031 0.141568
0.035475 0.058183 0.143591
0.042394 0.059942 0.149302
0.041901 0.062387 0.141942
0.033985 0.057639 0.144963
0.039924 0.062589 0.140942
0.043943 0.063390 0.147231
0.043955 0.062085 0.149765
0.042288 0.062512 0.147337
0.036351 0.058021 0.145206
0.043443 0.062979 0.145318
0.039347 0.060249 0.145303
0.044185 0.061312 0.141510
0.043697 0.062189 0.149368
0.042269 0.060443 0.148462
0.045388 0.062611 0.145918
0.039823 0.060214 0.145959
0.040352 0.058551 0.149654
0.033063 0.058192 0.145747
0.038066 0.062285 0.142724
0.036342 0.058594 0.143994
0.043286 0.060240 0.150409
0.036848 0.061145 0.142124
0.042470 0.059898 0.149613
0.044501 0.062381 0.144443
0.041401 0.063048 0.144544
0.043924 0.062423 0.149560
0.036066 0.058477 0.148234
0.043092 0.063214 0.147209
0.038011 0.058131 0.148549
0.043494 0.063262 0.147742
0.038183 0.059231 0.151398
0.039968 0.062277 0.140141
0.042026 0.061654 0.139936
0.035781 0.058020 0.144498
0.040395 0.061234 0.145854
0.036470 0.058310 0.144721
0.045175 0.061426 0.142868
0.036247 0.059161 0.142820
0.039391 0.062727 0.143652
0.044825 0.062494 0.145052
0.038480 0.061647 0.143709
0.037262 0.059628 0.143535
0.041475 0.061771 0.139797
0.044132 0.061643 0.142210
0.036344 0.058392 0.148243
0.038034 0.058337 0.149224
0.038616 0.058315 0.147486
0.035856 0.059022 0.149475
0.036847 0.057884 0.146048
0.040616 0.062923 0.142864
0.039652 0.061925 0.139161
0.040884 0.062138 0.140353
0.036429 0.058639 0.148901
0.041629 0.063137 0.145179
0.039642 0.058731 0.151146
0.038160 0.059224 0.144946
0.036352 0.059607 0.142489
0.035158 0.057770 0.145789
0.041223 0.058739 0.150671
0.044070 0.061247 0.141276
0.037044 0.059546 0.151800
0.040854 0.061808 0.139484
0.039967 0.061200 0.145455
0.037207 0.059381 0.143878
0.036369 0.058353 0.144478
0.036120 0.059428 0.150802
0.034754 0.057979 0.146322
0.043289 0.063330 0.146491
0.041621 0.061302 0.138727
0.041613 0.062864 0.145886
0.035810 0.057757 0.145482
0.043208 0.062833 0.144639
0.043834 0.062353 0.149475
0.040898 0.062718 0.141973
0.040130 0.061810 0.145361
0.039078 0.058374 0.148081
0.039116 0.058839 0.151017
0.040990 0.061337 0.138247
0.038270 0.061699 0.143452
0.040957 0.058979 0.149308
0.040010 0.059935 0.146447
0.040744 0.061824 0.146073
0.041970 0.061578 0.139703
0.037090 0.059081 0.144254
0.040970 0.058623 0.150459
0.041412 0.062288 0.141120
0.041688 0.059075 0.150544
0.037549 0.058463 0.145693
0.037272 0.062674 0.141010
0.042247 0.062765 0.146820
0.037272 0.058786 0.149709
0.036627 0.061686 0.141635
0.040161 0.058426 0.150029
0.044064 0.061839 0.150194
0.039261 0.060815 0.144871
0.041222 0.062372 0.146274
0.032451 0.058512 0.146232
0.034583 0.058973 0.148743
0.040715 0.058665 0.151116
0.035993 0.058656 0.143414
0.044625 0.061783 0.143014
0.038931 0.060774 0.144514
0.045118 0.062977 0.146664
0.039042 0.061772 0.144300
0.038015 0.061683 0.143212
0.037037 0.058917 0.149937
0.041143 0.061511 0.138931
0.044247 0.063013 0.149122
0.041640 0.061820 0.140096
0.041003 0.059181 0.148524
0.045450 0.061053 0.142343
0.038191 0.058882 0.150611
0.036241 0.059008 0.149649
0.045488 0.061786 0.143825
0.043588 0.062382 0.149086
0.036580 0.059125 0.150124
0.033205 0.058446 0.146403
0.035609 0.058416 0.143371
0.039255 0.058662 0.150654
0.040809 0.062598 0.145622
0.035459 0.058030 0.146822
0.035584 0.058666 0.148452
0.039773 0.061024 0.145312
0.038881 0.062652 0.140695
0.044356 0.063036 0.146241
0.044719 0.061464 0.142352
0.043069 0.059989 0.150696
0.040755 0.059040 0.148481
0.040851 0.061932 0.139794
0.044757 0.061512 0.142531
0.045324 0.062015 0.144285
0.034955 0.059133 0.149417
0.043106 0.062918 0.144914
0.035478 0.057760 0.145002
0.033603 0.058150 0.145949
0.041295 0.061303 0.138434
0.040134 0.062952 0.144103
0.043459 0.061711 0.141634
0.041440 0.062907 0.143310
0.039099 0.058707 0.147070
0.042418 0.063073 0.144874
0.039045 0.058446 0.149980
0.039810 0.058614 0.150812
0.038554 0.062699 0.140916
0.037852 0.058084 0.146796
0.039595 0.060329 0.145616
0.037283 0.061741 0.142274
0.045116 0.061386 0.142690
0.036645 0.060767 0.142007
0.040552 0.061272 0.146015
0.041279 0.061045 0.146888
0.044585 0.063056 0.146815
0.036355 0.058188 0.147746
0.037928 0.062855 0.140725
0.043980 0.062741 0.149298
0.037165 0.058883 0.144552
0.040819 0.062849 0.145186
0.043122 0.061838 0.148588
0.039007 0.059902 0.145306
0.044985 0.061489 0.142848
0.038066 0.057977 0.147902
0.036731 0.059006 0.149951
0.037579 0.060157 0.143370
0.042900 0.062644 0.143844
0.037858 0.059445 0.144428
0.036321 0.059704 0.142349
0.036245 0.059086 0.149929
0.043809 0.063071 0.148282
0.043637 0.061257 0.140795
0.044839 0.061673 0.142952
0.043808 0.061443 0.150036
0.042580 0.061488 0.140108
0.041537 0.061553 0.139350
0.041515 0.059219 0.149785
0.038704 0.062410 0.143556
0.039945 0.059089 0.147394
0.041942 0.059936 0.148612
0.041487 0.062577 0.142045
0.036838 0.061951 0.141649
0.034988 0.058354 0.147327
0.037965 0.058718 0.145647
0.046002 0.060693 0.142381
0.038453 0.060236 0.144352
0.041969 0.060333 0.148208
0.041470 0.062403 0.141467
0.035862 0.058936 0.149242
0.038502 0.058929 0.145813
0.040669 0.061793 0.139304
0.033683 0.057875 0.145385
0.043629 0.062003 0.142610
0.040575 0.062398 0.145589
0.043035 0.062001 0.141929
0.039821 0.059233 0.146988
0.045938 0.061454 0.143596
0.036511 0.060352 0.142064
0.038830 0.062284 0.143784
0.041803 0.059362 0.149563
0.042706 0.063180 0.145729
0.036878 0.057768 0.146381
0.034626 0.058163 0.146641
0.043432 0.062737 0.148424
0.039253 0.059191 0.146428
0.044108 0.061600 0.150383
0.036082 0.057776 0.145673
0.041857 0.063125 0.144844
0.039389 0.062518 0.143994
0.035784 0.059294 0.150126
0.037216 0.060724 0.142628
0.040012 0.061752 0.138779
0.041748 0.062902 0.143729
0.035181 0.057829 0.146118
0.038031 0.059166 0.151176
0.036504 0.061326 0.141731
0.039219 0.058409 0.148196
0.040322 0.061688 0.138770
0.036653 0.059007 0.143783
0.039670 0.062059 0.139519
0.042072 0.062753 0.143233
0.042816 0.060804 0.148992
0.038293 0.060121 0.144225
0.037450 0.060779 0.142816
0.044707 0.063404 0.148469
0.036376 0.057790 0.146547
0.040036 0.062789 0.142042
0.041557 0.060248 0.147808
0.036609 0.060364 0.142181
0.038281 0.062925 0.141222
0.037776 0.060388 0.143406
0.035532 0.058916 0.148948
0.039182 0.059607 0.145832
0.038162 0.058036 0.147551
0.039659 0.062773 0.143838
0.043966 0.061605 0.141901
0.040911 0.060106 0.147268
0.033612 0.058782 0.147582
0.041145 0.059083 0.149375
0.036344 0.058247 0.144596
0.036607 0.059522 0.151366
0.045452 0.060936 0.142188
0.038212 0.058513 0.146307
0.041681 0.062226 0.141196
0.033722 0.058266 0.146412
0.043663 0.063179 0.147983
0.038544 0.062170 0.143613
0.037054 0.057853 0.146348
0.037788 0.062366 0.142254
0.038268 0.058330 0.146797
0.037089 0.059297 0.143933
0.038263 0.062560 0.142103
0.038146 0.059431 0.144722
0.040497 0.061523 0.138421
0.040188 0.058454 0.150277
0.038632 0.060376 0.144457
0.036421 0.059398 0.142799
0.043415 0.061244 0.149615
0.040074 0.058912 0.147938
0.042969 0.062960 0.145066
0.044610 0.060931 0.141213
0.041077 0.062946 0.143955
0.042756 0.063186 0.145920
0.041711 0.061706 0.147123
0.036624 0.058770 0.144089
0.042771 0.062093 0.141917
0.038089 0.059910 0.144134
0.044999 0.061882 0.143598
0.040821 0.058761 0.149892
0.037160 0.057794 0.146872
0.036587 0.059482 0.151187
0.037282 0.059344 0.151164
0.040136 0.062797 0.142199
0.045377 0.061880 0.144044
0.041361 0.061917 0.140139
0.043481 0.063048 0.145623
0.039613 0.062889 0.142756
0.042654 0.059816 0.150329
0.034209 0.058715 0.147807
0.041126 0.062105 0.140504
0.044086 0.062974 0.145702
0.036233 0.058844 0.143458
0.040752 0.061032 0.146358
0.038690 0.058693 0.146492
0.038604 0.062272 0.139532
0.038735 0.058151 0.148146
0.037026 0.061511 0.142167
0.044654 0.062785 0.145970
0.042357 0.062365 0.142311
0.040264 0.062092 0.139852
0.043184 0.063258 0.146131
0.040255 0.059890 0.146741
0.039095 0.062025 0.144219
0.042464 0.061985 0.141325
0.045330 0.060845 0.141986
0.036631 0.058668 0.144288
0.040292 0.062853 0.144564
0.041647 0.061418 0.139082
0.041788 0.061835 0.140266
0.040693 0.060743 0.146500
0.033030 0.058595 0.146754
0.040072 0.062857 0.144315
0.034079 0.057605 0.144904
0.035525 0.057801 0.146128
0.036416 0.057984 0.147196
0.043763 0.063063 0.145763
0.038680 0.058268 0.147794
0.037884 0.059799 0.143994
0.043850 0.061704 0.149940
0.037296 0.057891 0.146535
0.038541 0.060903 0.143969
0.038849 0.059691 0.145353
0.036198 0.058851 0.149257
0.041055 0.062494 0.141494
0.039099 0.062708 0.141249
0.045417 0.061345 0.142836
0.042068 0.059370 0.150384
0.040583 0.058599 0.149893
0.044724 0.061957 0.143461
0.042936 0.061702 0.141088
0.039336 0.058992 0.146824
0.037227 0.058681 0.149464
0.041239 0.059279 0.148718
0.039735 0.058373 0.149331
0.040557 0.062704 0.141747
0.039408 0.059410 0.146313
0.041979 0.061446 0.147459
0.034434 0.058646 0.147666
0.033799 0.058192 0.146179
0.040723 0.058628 0.150060
0.042424 0.063143 0.146278
0.042445 0.063088 0.145466
0.040268 0.061032 0.145815
0.037689 0.062841 0.141438
0.036914 0.059621 0.143185
0.042172 0.059494 0.150120
0.044666 0.061065 0.141586
0.040794 0.062880 0.142605
0.035768 0.058551 0.148222
0.037959 0.062933 0.141075
0.042849 0.060549 0.149301
0.039802 0.062728 0.141427
0.038800 0.060783 0.144333
0.044173 0.063010 0.148982
0.041688 0.062322 0.141475
0.037350 0.062303 0.141780
0.040665 0.061350 0.137864
0.043001 0.060586 0.149517
0.038363 0.058138 0.147566
0.038320 0.058961 0.150875
0.034651 0.058789 0.148270
0.043798 0.061719 0.141999
0.044666 0.063182 0.147030
0.040578 0.062868 0.142341
0.036761 0.058101 0.147763
0.037708 0.058322 0.148928
0.038183 0.060334 0.143942
0.039689 0.060718 0.145406
0.039428 0.062764 0.142312
0.040324 0.058896 0.148296
0.042929 0.062795 0.144311
0.036853 0.059464 0.151306
0.041590 0.059360 0.148992
0.041087 0.059119 0.149126
0.043238 0.062908 0.145135
0.037580 0.058831 0.145061
0.039222 0.061369 0.144609
0.043606 0.061809 0.149440
0.038910 0.058828 0.146522
0.042133 0.063067 0.146061
0.039569 0.062873 0.143071
0.037929 0.058683 0.149926
0.042870 0.059923 0.150513
0.041277 0.059609 0.148199
0.042552 0.059939 0.149712
0.038507 0.058528 0.146660
0.039224 0.061783 0.144484
0.043839 0.062303 0.143721
0.040236 0.060261 0.146403
0.036097 0.057995 0.147067
0.041218 0.062215 0.140798
0.045043 0.060861 0.141572
0.042324 0.062274 0.142065
0.040770 0.061478 0.138621
0.043620 0.062816 0.148452
0.042573 0.060125 0.149400
0.045731 0.060860 0.142351
0.037066 0.061951 0.141906
0.038059 0.059034 0.150935
0.043556 0.062700 0.148635
0.045815 0.061762 0.144048
0.043038 0.060056 0.150356
0.041495 0.060379 0.147636
0.041381 0.059982 0.147898
0.039905 0.058485 0.150345
0.044371 0.062468 0.150038
0.042161 0.062492 0.147159
0.035538 0.057946 0.144362
0.037165 0.059437 0.151379
0.038322 0.060731 0.143822
0.037154 0.060121 0.142924
0.045316 0.062762 0.146243
0.044179 0.063372 0.148131
0.037577 0.057896 0.146896
0.038564 0.062710 0.140747
0.043512 0.061205 0.149783
0.041701 0.062518 0.142115
0.038281 0.062932 0.141532
0.039942 0.061892 0.139162
0.038805 0.058447 0.147290
0.040703 0.060362 0.146802
0.040351 0.062332 0.145335
0.042526 0.059635 0.150583
0.040706 0.062482 0.141134
0.036735 0.061078 0.142023
0.040300 0.061500 0.138201
0.038797 0.060326 0.144641
0.038044 0.058814 0.145553
0.039279 0.059003 0.146736
0.038168 0.062842 0.141756
0.043339 0.063067 0.147908
0.036216 0.059323 0.150496
0.044106 0.061093 0.141012
0.044625 0.061639 0.142623
0.043739 0.063361 0.147801
0.045689 0.061942 0.144350
0.037414 0.057843 0.146916
0.043903 0.061108 0.140768
0.037417 0.062514 0.141580
0.039494 0.058534 0.148302
0.036608 0.061412 0.141801
0.039247 0.058725 0.147211
0.041024 0.062871 0.143214
0.035975 0.059126 0.149792
0.036137 0.058683 0.143417
0.036768 0.058158 0.145339
0.037258 0.062169 0.141863
0.035480 0.058785 0.148619
0.036563 0.060166 0.142269
0.039130 0.060183 0.145102
0.041033 0.062000 0.140102
0.035311 0.058917 0.148786
0.040516 0.059544 0.147365
0.039907 0.058673 0.151096
0.034864 0.058711 0.148195
0.039435 0.058311 0.149222
0.043888 0.061369 0.141390
0.037942 0.060787 0.143341
0.039191 0.062520 0.143820
0.041814 0.059223 0.150239
0.036143 0.058166 0.147536
0.041333 0.063103 0.144930
0.041628 0.062451 0.141780
0.040579 0.063018 0.144393
0.042588 0.061357 0.139768
0.044583 0.063081 0.146612
0.036610 0.059426 0.142958
0.038562 0.062789 0.141109
0.045571 0.061670 0.143685
0.039337 0.062845 0.141848
0.037852 0.058830 0.150284
0.043045 0.063319 0.146394
0.037299 0.058157 0.145981
0.037052 0.058339 0.148560
0.041651 0.062629 0.146364
0.042631 0.060078 0.149587
0.038644 0.058176 0.147959
0.040476 0.058662 0.151051
0.038125 0.059755 0.144307
0.035443 0.058067 0.143870
0.037243 0.059062 0.144416
0.039076 0.060039 0.145162
0.039634 0.058964 0.147216
0.045842 0.060974 0.142629
0.039772 0.062847 0.143892
0.041747 0.062966 0.145727
0.041440 0.062858 0.145729
0.039477 0.062882 0.143243
0.037656 0.058716 0.145382
0.045046 0.062503 0.145270
0.043982 0.063098 0.148538
0.041325 0.061336 0.146783
0.035844 0.058477 0.143569
0.043365 0.060535 0.150101
0.039410 0.062479 0.144251
0.042959 0.062678 0.147982
0.045449 0.061501 0.143128
0.035960 0.058374 0.143901
0.035537 0.058283 0.147509
0.041177 0.060650 0.147086
0.044526 0.063446 0.147823
0.038747 0.058819 0.146284
0.036490 0.058767 0.149237
0.043420 0.062543 0.143975
0.041907 0.059470 0.149326
0.036763 0.058877 0.149683
0.041556 0.062956 0.144199
0.037378 0.057853 0.146749
0.045193 0.062152 0.144515
0.039322 0.060605 0.144985
0.036881 0.057980 0.147403
0.036818 0.059237 0.150611
0.037447 0.058617 0.145324
0.041834 0.061974 0.140715
0.037714 0.058440 0.149239
0.036554 0.058203 0.145030
0.041099 0.063067 0.144681
0.039117 0.058611 0.150433
0.037621 0.058126 0.146353
0.041288 0.062733 0.142349
0.039290 0.062699 0.141208
0.040632 0.061608 0.138782
0.040622 0.058946 0.148824
0.042799 0.060323 0.149502
0.043037 0.061053 0.149202
0.040986 0.059803 0.147652
0.044305 0.062953 0.149280
0.042026 0.059259 0.150874
0.036151 0.058425 0.144097
0.043441 0.061505 0.149427
0.040947 0.060410 0.147020
0.041859 0.059668 0.148828
0.039140 0.062682 0.143518
0.043960 0.062800 0.149123
0.042709 0.063158 0.146749
0.042879 0.060736 0.149184
0.038265 0.058609 0.149962
0.039573 0.062601 0.144355
0.038220 0.062698 0.141948
0.042383 0.061896 0.141106
0.037795 0.061588 0.143033
0.033729 0.058499 0.146882
0.036870 0.057803 0.146868
0.037699 0.059946 0.143729
0.037488 0.062706 0.141445
0.037292 0.058143 0.148215
0.039087 0.062302 0.144033
0.040092 0.062503 0.144826
0.042331 0.063057 0.144704
0.043075 0.060924 0.149373
0.042644 0.063210 0.146089
0.036922 0.058318 0.145262
0.042611 0.059857 0.150009
0.042787 0.061887 0.141339
0.037956 0.059248 0.144742
0.044419 0.063408 0.148023
0.038852 0.058559 0.147056
0.035874 0.058236 0.144104
0.043771 0.063167 0.146043
0.041657 0.058907 0.150915
0.033863 0.058758 0.147801
0.036554 0.057823 0.146011
0.042611 0.061716 0.140794
0.042386 0.061901 0.147690
0.034223 0.057564 0.144887
0.039437 0.059192 0.146625
0.034702 0.058247 0.146891
0.037287 0.058291 0.145742
0.039750 0.062910 0.143281
0.041558 0.059283 0.149290
0.041527 0.061108 0.147139
0.038344 0.058691 0.145987
0.035673 0.059358 0.150261
0.037428 0.058974 0.150344
0.043428 0.062856 0.144960
0.037274 0.058910 0.144686
0.041070 0.062425 0.146124
0.043356 0.062338 0.148684
0.040774 0.061435 0.138392
0.041091 0.061824 0.146401
0.041263 0.059055 0.149881
0.037869 0.059966 0.143892
0.036985 0.059296 0.150873
0.042095 0.062653 0.142915
0.035317 0.058064 0.143740
0.035467 0.059165 0.149630
0.037875 0.059086 0.144913
0.043329 0.060720 0.149891
0.036789 0.058914 0.144082
0.039695 0.058378 0.149688
0.034269 0.058807 0.148117
0.036733 0.060000 0.142585
0.036699 0.057757 0.146516
0.041771 0.062618 0.142459
0.040694 0.062089 0.140102
0.039606 0.062806 0.142039
0.036782 0.058726 0.144385
0.035795 0.058737 0.143040
0.039387 0.062087 0.139515
0.042859 0.062602 0.143589
0.040880 0.062940 0.143811
0.043069 0.063237 0.147057
0.037042 0.062396 0.141090
0.041238 0.058783 0.150506
0.036786 0.061380 0.142003
0.036665 0.058516 0.144607
0.038189 0.058726 0.145811
0.036917 0.059175 0.143924
0.044337 0.062170 0.143776
0.042242 0.061352 0.139427
0.039596 0.058531 0.150479
0.040324 0.058475 0.149778
0.038489 0.059346 0.145343
0.041365 0.059276 0.149016
0.038468 0.058764 0.145971
0.037662 0.061416 0.142925
0.039347 0.058376 0.148522
0.038931 0.060240 0.144815
0.042877 0.061349 0.140062
0.045274 0.061693 0.143290
0.043818 0.061904 0.142509
0.038055 0.058462 0.146159
0.036856 0.058296 0.148343
0.040539 0.058862 0.149098
0.041615 0.060820 0.147441
0.032709 0.058494 0.146294
0.038263 0.061904 0.143301
0.042588 0.060321 0.149094
0.033901 0.058656 0.147347
0.045645 0.062060 0.144668
0.035540 0.059334 0.150126
0.038320 0.060300 0.144135
0.044518 0.062008 0.143316
0.036549 0.060013 0.142369
0.040999 0.058767 0.150153
0.041180 0.061844 0.139783
0.040886 0.062903 0.143404
0.042261 0.061603 0.140066
0.044811 0.063012 0.146605
0.043525 0.063281 0.146298
0.035964 0.059314 0.150309
0.038412 0.061443 0.143646
0.035815 0.058673 0.148560
0.035038 0.058776 0.148339
0.043510 0.062705 0.144552
0.043423 0.061297 0.140608
0.043028 0.062691 0.144107
0.043916 0.062701 0.149215
0.036685 0.058216 0.145142
0.037185 0.059894 0.143160
0.039928 0.059628 0.146660
0.039720 0.059518 0.146557
0.039486 0.059337 0.146503
0.037571 0.058734 0.145248
0.035783 0.057872 0.144978
0.035913 0.057952 0.146853
0.039442 0.058874 0.147128
0.036353 0.059461 0.151024
0.044087 0.062712 0.145040
0.038564 0.058049 0.148233
0.036632 0.058886 0.143956
0.035237 0.058625 0.148086
0.042670 0.063150 0.145520
0.043599 0.062283 0.143381
0.039033 0.062750 0.143268
0.041109 0.059540 0.148082
0.041152 0.062984 0.144398
0.043523 0.063054 0.145801
0.043088 0.062924 0.147871
0.038128 0.062157 0.143104
0.044007 0.063013 0.148721
0.042434 0.062633 0.147428
0.040227 0.061673 0.145526
0.037088 0.057873 0.147209
0.038286 0.061435 0.143522
0.037085 0.058603 0.144981
0.037135 0.059509 0.143554
0.043064 0.063291 0.146785
0.036799 0.058693 0.149256
0.034864 0.057837 0.145945
0.037288 0.062804 0.140805
0.036998 0.060355 0.142618
0.038929 0.062806 0.141450
0.041051 0.059697 0.147840
0.043516 0.062462 0.148879
0.043678 0.062477 0.143983
0.044593 0.063333 0.147309
0.040598 0.059042 0.148173
0.040313 0.058676 0.149281
0.043279 0.061271 0.149399
0.034978 0.058221 0.146990
0.038432 0.061926 0.143577
0.042673 0.061817 0.141086
0.039558 0.061945 0.144754
0.041967 0.062106 0.141156
0.039010 0.062825 0.142753
0.040640 0.062987 0.144670
0.040043 0.058406 0.149720
0.039939 0.058914 0.147645
0.036360 0.057905 0.145512
0.036434 0.059568 0.142640
0.041016 0.060817 0.146779
0.039438 0.062355 0.140100
0.040750 0.062606 0.145504
0.040506 0.061588 0.145851
0.040243 0.059061 0.147854
0.040572 0.062857 0.144852
0.038074 0.057967 0.147685
0.035805 0.057722 0.145807
0.042371 0.061265 0.147988
0.040564 0.062232 0.140369
0.038502 0.062689 0.142102
0.044556 0.062954 0.149501
0.042654 0.062203 0.142139
0.039791 0.061359 0.145207
0.043466 0.061012 0.149853
0.042999 0.060151 0.149995
0.042765 0.063002 0.144983
0.033970 0.058258 0.146496
0.038111 0.059621 0.144467
0.040660 0.059410 0.147718
0.040398 0.059183 0.147756
0.041067 0.059266 0.148387
0.041512 0.058869 0.150870
0.035487 0.057750 0.145446
0.034537 0.058784 0.148182
0.044396 0.062485 0.144635
0.040883 0.062346 0.146008
0.036584 0.058331 0.148296
0.041108 0.059014 0.149598
0.041057 0.058875 0.150005
0.038221 0.062118 0.143215
0.041947 0.061308 0.139083
0.037406 0.058819 0.144936
0.038982 0.059151 0.146155
0.040526 0.058915 0.148342
0.034261 0.057561 0.144734
0.042185 0.062045 0.141251
0.041574 0.062754 0.146041
0.038553 0.058942 0.150985
0.043078 0.061320 0.140204
0.037027 0.058797 0.144571
0.041100 0.062353 0.141066
0.042011 0.062483 0.142311
0.045454 0.062068 0.144494
0.044853 0.060891 0.141387
0.041724 0.061934 0.140488
0.041865 0.059195 0.150423
0.045626 0.061306 0.143028
0.038407 0.059027 0.145533
0.036692 0.059412 0.143164
0.039970 0.058427 0.150053
0.042008 0.059635 0.149098
0.042880 0.063260 0.146145
0.041729 0.061476 0.147202
0.040861 0.062362 0.140910
0.042232 0.062832 0.143810
0.041480 0.058930 0.150643
0.036811 0.059572 0.143061
0.038906 0.060966 0.144344
0.036328 0.059079 0.142998
0.042188 0.061330 0.147817
0.040304 0.061955 0.139546
0.041412 0.060760 0.147257
0.039879 0.058628 0.148673
0.044445 0.061579 0.142291
0.034726 0.057599 0.144275
0.035191 0.057814 0.144192
0.041734 0.062907 0.143640
0.037490 0.062778 0.141309
0.039406 0.060114 0.145604
0.042879 0.062879 0.147671
0.034778 0.058981 0.148804
0.042846 0.062968 0.144861
0.037906 0.062281 0.142574
0.040272 0.062949 0.143127
0.039273 0.062474 0.140332
0.043661 0.061313 0.149906
0.041909 0.062996 0.145898
0.039245 0.058871 0.146899
0.043790 0.062939 0.145417
0.039196 0.058466 0.150085
0.035513 0.058103 0.147057
0.039190 0.058551 0.147722
0.040730 0.059626 0.147521
0.038345 0.058206 0.149074
0.041366 0.059813 0.148077
0.043259 0.061030 0.149556
0.039343 0.062818 0.143359
0.040433 0.062623 0.145130
0.044856 0.063009 0.146799
0.041085 0.061779 0.139575
0.035108 0.057733 0.145387
0.044721 0.063401 0.147603
0.035243 0.057693 0.145110
0.037338 0.059820 0.143405
0.038819 0.062741 0.143015
0.037060 0.057974 0.147550
0.036037 0.058344 0.147906
0.036907 0.062174 0.141378
0.043540 0.062922 0.148220
0.041903 0.062915 0.143816
0.036521 0.059252 0.150467
0.042465 0.063168 0.145971
0.038882 0.060530 0.144625
0.038096 0.060874 0.143469
0.042613 0.061954 0.141370
0.037000 0.059494 0.143444
0.044042 0.062098 0.149948
0.039604 0.062643 0.144234
0.036067 0.057962 0.144997
0.038727 0.062897 0.141706
0.037548 0.057857 0.147228
0.044088 0.062225 0.143677
0.038417 0.059711 0.144773
0.045645 0.061404 0.143209
0.041889 0.062304 0.147003
0.037721 0.059510 0.144189
0.037754 0.059260 0.151231
0.041027 0.061672 0.139269
0.041467 0.062028 0.146617
0.042911 0.060994 0.149008
0.037249 0.057996 0.147713
0.040949 0.058881 0.149715
0.044407 0.062276 0.150253
0.036594 0.057930 0.145706
0.035308 0.057740 0.144789
0.040807 0.062944 0.143615
0.043501 0.061714 0.149344
0.036425 0.058170 0.144939
0.038075 0.058573 0.145988
0.042975 0.062494 0.143316
0.032922 0.058533 0.146516
0.042639 0.062387 0.142657
0.035629 0.057855 0.144841
0.041680 0.059172 0.150134
0.040160 0.059115 0.147622
0.043063 0.061570 0.140917
0.032774 0.058392 0.146059
0.039575 0.058724 0.147908
0.036695 0.058789 0.149440
0.045055 0.062624 0.145624
0.039048 0.062859 0.141691
0.037101 0.058046 0.147841
0.035866 0.058254 0.143988
0.042219 0.059386 0.150589
0.035407 0.057843 0.144479
0.044870 0.062682 0.145665
0.042537 0.061778 0.147899
0.040156 0.062523 0.140888
0.043750 0.061147 0.140639
0.039622 0.061911 0.144851
0.043142 0.061169 0.139972
0.038348 0.058170 0.147438
0.038787 0.058839 0.150813
0.037803 0.061266 0.143077
0.039459 0.062274 0.144562
0.042640 0.061581 0.140500
0.038927 0.058323 0.147997
0.044904 0.063273 0.147306
0.042520 0.063154 0.145643
0.037064 0.059046 0.150291
0.043491 0.063160 0.145971
0.034603 0.057649 0.145219
0.043737 0.060905 0.150320
0.041232 0.062793 0.142624
0.038725 0.058382 0.149716
0.043123 0.063037 0.145307
0.043226 0.061141 0.149436
0.041325 0.061528 0.139092
0.041570 0.062946 0.143848
0.036505 0.058255 0.148040
0.037914 0.061515 0.143131
0.043865 0.062851 0.148793
0.039952 0.059216 0.147211
0.035087 0.059161 0.149565
0.040484 0.062148 0.140095
0.040652 0.059197 0.148003
0.038768 0.059533 0.145463
0.040860 0.063025 0.144499
0.044252 0.061951 0.150335
0.037852 0.061016 0.143210
0.036135 0.058181 0.144451
0.040718 0.061366 0.138042
0.042493 0.062587 0.143151
0.037971 0.061352 0.143252
0.045255 0.061789 0.143545
0.040014 0.062869 0.142461
0.037720 0.060230 0.143473
0.034223 0.058906 0.148393
0.045201 0.061821 0.143762
0.034427 0.058093 0.146363
0.044203 0.060996 0.140839
0.044463 0.061407 0.141924
0.044377 0.061203 0.141489
0.042618 0.061773 0.148014
0.042780 0.062951 0.144733
0.042375 0.059758 0.149679
0.039802 0.058573 0.148761
0.037516 0.058195 0.146139
0.036112 0.058611 0.148587
0.037395 0.061920 0.142347
0.043270 0.061476 0.141034
0.036131 0.058736 0.148923
0.041716 0.059693 0.148606
0.036680 0.057791 0.146199
0.038568 0.059762 0.144894
0.040675 0.062132 0.145894
0.039196 0.062269 0.139824
0.038136 0.061462 0.143373
0.037784 0.062790 0.140424
0.036453 0.059204 0.143134
0.036618 0.059326 0.150720
0.043105 0.062068 0.148521
0.038344 0.062369 0.143097
0.043930 0.063328 0.148020
0.044713 0.061867 0.143182
0.039019 0.058253 0.148250
0.038142 0.059321 0.151608
0.039048 0.059473 0.145835
0.039260 0.062789 0.141548
0.039432 0.059964 0.145756
0.040315 0.062492 0.145128
0.037932 0.062927 0.141408
0.041028 0.058591 0.150718
0.037600 0.062462 0.141876
0.036765 0.060724 0.142189
0.040291 0.062885 0.142413
0.040136 0.058538 0.150594
0.039666 0.058455 0.148866
0.041235 0.062429 0.141380
0.039148 0.059315 0.146138
0.041055 0.062814 0.142804
0.039166 0.058992 0.146569
0.042530 0.063068 0.145212
0.037464 0.060220 0.143166
0.035489 0.057744 0.145812
0.036875 0.059846 0.142858
0.039734 0.062181 0.139832
0.042129 0.062910 0.144076
0.043186 0.063236 0.147359
0.040236 0.058489 0.149545
0.041967 0.062986 0.144372
0.040142 0.062321 0.145056
0.037510 0.058957 0.144842
0.037725 0.059445 0.144339
0.041903 0.059206 0.150846
0.041933 0.063158 0.145136
0.042151 0.062730 0.146640
0.037587 0.058305 0.148750
0.043020 0.061750 0.141248
0.043934 0.062682 0.144834
0.037451 0.061430 0.142669
0.037647 0.058751 0.149905
0.036713 0.060572 0.142196
0.038858 0.062700 0.141007
0.044388 0.063225 0.148770
0.039659 0.062230 0.144744
0.044506 0.061085 0.141431
0.037700 0.058904 0.145013
0.043628 0.061530 0.141413
0.040393 0.060329 0.146515
0.038896 0.058986 0.146252
0.044779 0.061288 0.142074
0.037613 0.058087 0.148221
0.040462 0.058575 0.150713
0.037824 0.059246 0.144613
0.040954 0.059137 0.148662
0.044229 0.063126 0.146311
0.040900 0.059084 0.148839
0.041727 0.063036 0.144469
0.038364 0.059496 0.144947
0.035886 0.058883 0.142802
0.042965 0.061936 0.141663
0.042058 0.059823 0.148889
0.035623 0.058151 0.147225
0.035755 0.057938 0.144714
0.039579 0.062475 0.140456
0.043865 0.061229 0.141077
0.032551 0.058558 0.146401
0.042688 0.060429 0.149142
0.035267 0.058784 0.148444
0.034434 0.057489 0.144439
0.039886 0.058539 0.150592
0.040270 0.061881 0.145505
0.041222 0.059137 0.149304
0.034820 0.058872 0.148559
0.041691 0.060037 0.148173
0.033407 0.058570 0.146900
0.037108 0.062323 0.141366
0.041584 0.059074 0.150301
0.040019 0.061630 0.138429
0.037352 0.059263 0.144302
0.037881 0.058851 0.145347
0.034330 0.057758 0.145425
0.043676 0.062731 0.144789
0.040009 0.062162 0.139897
0.043677 0.063391 0.147376
0.045212 0.060858 0.141784
0.035018 0.059002 0.148903
0.038563 0.062610 0.142967
0.041108 0.058946 0.149890
0.035641 0.058782 0.148757
0.043974 0.061960 0.149972
0.043447 0.062687 0.148565
0.034738 0.059041 0.148996
0.042185 0.062501 0.142508
0.040302 0.062642 0.144871
0.038061 0.058857 0.150436
0.043234 0.062778 0.148161
0.042268 0.062940 0.144312
0.037421 0.059545 0.143807
0.035693 0.058565 0.143258
0.043188 0.062226 0.148533
0.039274 0.060330 0.145140
0.038595 0.059494 0.145276
0.043514 0.061956 0.149213
0.042810 0.062233 0.142358
0.043881 0.061727 0.142203
0.038032 0.062637 0.140235
0.041934 0.061737 0.147339
0.039593 0.058304 0.149557
0.043857 0.062601 0.144540
0.038100 0.059291 0.151505
0.044951 0.060969 0.141727
0.038323 0.062544 0.139984
0.042276 0.061489 0.139764
0.042259 0.059501 0.150378
0.038310 0.058638 0.146106
0.044406 0.062087 0.143537
0.040357 0.058991 0.148061
0.042164 0.063045 0.146242
0.043228 0.062705 0.144258
0.044400 0.061084 0.141302
0.043692 0.062088 0.142963
0.036014 0.058997 0.149478
0.041267 0.062859 0.143073
0.037586 0.058856 0.150132
0.037143 0.060411 0.142737
0.040121 0.061989 0.145225
0.043488 0.063001 0.148062
0.040002 0.062939 0.143723
0.038154 0.058712 0.150128
0.037199 0.060921 0.142515
0.034415 0.058425 0.147164
0.044581 0.062109 0.143849
0.043677 0.061819 0.142173
0.036437 0.059838 0.142373
0.038206 0.062373 0.142741
0.041472 0.059561 0.148474
0.041421 0.062727 0.142524
0.038303 0.058125 0.148728
0.042908 0.062137 0.148242
0.042835 0.061135 0.148773
0.034551 0.058861 0.148449
0.036394 0.057771 0.146141
0.037371 0.061452 0.142567
0.035542 0.058524 0.148022
0.041910 0.060444 0.148069
0.034483 0.058306 0.146878
0.040206 0.061793 0.139005
0.038190 0.058082 0.147320
0.041591 0.062821 0.143046
0.035132 0.057678 0.144793
0.041664 0.061332 0.147187
0.040727 0.058818 0.149568
0.036049 0.059115 0.142602
0.041781 0.060863 0.147612
0.040481 0.061777 0.139129
0.043718 0.061789 0.149638
0.034682 0.059154 0.149314
0.044573 0.062021 0.143651
0.042948 0.063184 0.147017
0.039861 0.062833 0.144026
0.042341 0.060794 0.148272
0.042784 0.063258 0.146456
0.037527 0.062794 0.140425
0.037393 0.058735 0.145052
0.043947 0.062357 0.143905
0.041128 0.059208 0.148819
0.040210 0.060452 0.146205
0.037928 0.060508 0.143500
0.037409 0.058499 0.149204
0.043935 0.063357 0.146928
0.035269 0.059277 0.149918
0.035993 0.058078 0.144615
0.044664 0.062471 0.144858
0.033757 0.057723 0.145075
0.041790 0.061961 0.147116
0.039767 0.062648 0.141091
0.041300 0.062155 0.146434
0.041732 0.062776 0.146201
0.035549 0.058975 0.149157
0.041326 0.062700 0.145922
0.042302 0.061574 0.147802
0.044240 0.062581 0.149758
0.037066 0.061116 0.142307
0.034672 0.058917 0.148613
0.038092 0.061141 0.143378
0.038068 0.058965 0.145203
0.041899 0.059154 0.150555
0.042156 0.060045 0.148768
0.041435 0.061563 0.146783
0.044481 0.063409 0.148201
0.039186 0.062583 0.143714
0.038807 0.058421 0.147498
0.036907 0.058625 0.144716
0.033872 0.058329 0.146709
0.044848 0.062035 0.143909
0.040462 0.062742 0.144954
0.043559 0.062414 0.143662
0.043597 0.061151 0.140468
0.038430 0.058601 0.146413
0.042458 0.059764 0.149961
0.041937 0.059335 0.150130
0.033363 0.058522 0.146693
0.037858 0.059053 0.150793
0.043784 0.061590 0.141699
0.037811 0.058730 0.145503
0.039205 0.062855 0.142131
0.037172 0.058724 0.144852
0.038904 0.060104 0.144918
0.037784 0.058572 0.149558
0.045566 0.061122 0.142577
0.036864 0.061699 0.141913
0.034364 0.057867 0.145767
0.038822 0.058153 0.148303
0.034378 0.057660 0.145171
0.037527 0.060711 0.142927
0.042678 0.062147 0.147925
0.044585 0.063361 0.148673
0.036041 0.057834 0.145352
0.042229 0.059903 0.149062
0.043999 0.062772 0.145182
0.038272 0.059631 0.144686
0.037838 0.058217 0.146456
0.037563 0.062857 0.140671
0.037574 0.062188 0.142307
0.041981 0.061840 0.140456
0.040944 0.062806 0.142306
0.034793 0.058621 0.147912
0.042869 0.061843 0.148275
0.044132 0.061754 0.142435
0.037619 0.059602 0.143931
0.045042 0.061167 0.142131
0.038906 0.058495 0.150052
0.036356 0.059056 0.143297
0.042414 0.062960 0.146710
0.042418 0.062701 0.143652
0.040639 0.058545 0.150617
0.043858 0.062446 0.144052
0.042441 0.061835 0.140963
0.036768 0.059723 0.142842
0.038219 0.058028 0.148018
0.034236 0.058013 0.146071
0.038816 0.059431 0.145627
0.042189 0.063066 0.145523
0.039102 0.058456 0.147885
0.038780 0.058677 0.146681
0.039628 0.059246 0.146784
0.038765 0.059131 0.145910
0.037303 0.062574 0.141317
0.041227 0.059205 0.149054
0.037837 0.062114 0.142768
0.037641 0.060916 0.142995
0.041952 0.059225 0.150651
0.036719 0.057913 0.145893
0.036404 0.058755 0.143859
0.039643 0.060560 0.145475
0.039790 0.058928 0.147473
0.039735 0.058763 0.147927
0.042396 0.063071 0.145091
0.043406 0.063311 0.147474
0.036688 0.059377 0.150960
0.037421 0.058016 0.147892
0.045770 0.061656 0.143791
0.041726 0.063130 0.145402
0.040705 0.058542 0.150250
0.032973 0.058432 0.146271
0.036930 0.060836 0.142312
0.043054 0.061806 0.141426
0.038988 0.058195 0.149056
0.043242 0.062091 0.142426
0.037543 0.059866 0.143600
0.038410 0.058051 0.148138
0.039595 0.058515 0.148565
0.041743 0.062564 0.142295
0.035636 0.059231 0.149901
0.033307 0.057986 0.145435
0.039045 0.060688 0.144718
0.033907 0.057731 0.145167
0.036976 0.058150 0.148054
0.033867 0.058695 0.147514
0.036597 0.060875 0.141897
0.041840 0.060163 0.148235
0.041902 0.062730 0.142966
0.044145 0.062578 0.144693
0.038903 0.062869 0.142179
0.044727 0.062253 0.144350
0.042945 0.063071 0.147410
0.040176 0.059972 0.146590
0.041712 0.059254 0.149895
0.042167 0.062933 0.146397
0.035759 0.059116 0.149623
0.035013 0.059030 0.149058
0.038786 0.062486 0.140215
0.042040 0.062840 0.143563
0.040975 0.061508 0.138787
0.038384 0.060431 0.144119
0.037376 0.057987 0.146379
0.033811 0.058596 0.147122
0.039875 0.062491 0.140629
0.044334 0.061014 0.141075
0.038405 0.062595 0.142565
0.036852 0.058029 0.145739
0.040624 0.062774 0.142052
0.036314 0.059194 0.150219
0.036865 0.059018 0.144060
0.037424 0.059103 0.150636
0.040382 0.060813 0.146086
0.038558 0.062467 0.143287
0.040431 0.062088 0.145616
0.043172 0.062385 0.148420
0.040665 0.062606 0.141473
0.037063 0.062118 0.141682
0.043565 0.060442 0.150446
0.037730 0.060917 0.143118
0.042787 0.062692 0.144052
0.043881 0.063227 0.146319
0.037634 0.060655 0.143101
0.034860 0.057759 0.143914
0.036448 0.059092 0.143400
0.043227 0.061418 0.140736
0.044011 0.062389 0.149660
0.037298 0.062064 0.142072
0.044753 0.063432 0.148317
0.041844 0.061786 0.140168
0.037744 0.060747 0.143188
0.038353 0.059814 0.144578
0.036625 0.058059 0.147509
0.039668 0.058799 0.147567
0.044454 0.062943 0.145982
0.044528 0.061422 0.142055
0.039525 0.058335 0.149027
0.040307 0.058793 0.148875
0.045331 0.061233 0.142518
0.040239 0.058818 0.148477
0.038978 0.062900 0.141943
0.043322 0.061961 0.148879
0.044886 0.061940 0.143761
0.045642 0.060747 0.142086
0.041163 0.062956 0.145335
0.038664 0.058116 0.148758
0.041852 0.059141 0.150552
0.036095 0.059461 0.151077
0.038814 0.059301 0.145761
0.039270 0.058624 0.147465
0.041992 0.062930 0.146219
0.039252 0.062842 0.143201
0.042608 0.062857 0.144292
0.042505 0.062153 0.141862
0.044281 0.063365 0.147284
0.039215 0.059484 0.146013
0.044074 0.061463 0.141789
0.034122 0.058160 0.146308
0.044434 0.062707 0.145380
0.040142 0.058853 0.148258
0.042722 0.060225 0.149507
0.042232 0.062245 0.147407
0.041999 0.062645 0.142743
0.038839 0.062043 0.143976
0.041576 0.060657 0.147524
0.040616 0.062648 0.145316
0.039899 0.062786 0.141814
0.037344 0.059497 0.151727
0.037697 0.058599 0.145581
0.043915 0.062204 0.143467
0.044040 0.063247 0.148345
0.037600 0.059413 0.151552
0.039752 0.062356 0.140227
0.036918 0.060521 0.142446
0.038380 0.061122 0.143688
0.045352 0.062517 0.145609
0.041470 0.061297 0.146989
0.040806 0.058927 0.149308
0.041209 0.062842 0.145587
0.041961 0.062731 0.146484
0.043412 0.061827 0.149121
0.039350 0.062849 0.142798
0.044348 0.061958 0.143077
0.036749 0.057926 0.147202
0.036496 0.057757 0.146317
0.037613 0.059283 0.144452
0.042574 0.061339 0.148199
0.042161 0.061764 0.147566
0.045594 0.062204 0.145034
0.043339 0.062385 0.143363
0.038286 0.059117 0.145222
0.040096 0.062378 0.140458
0.041705 0.059370 0.149242
0.036122 0.058982 0.142823
0.039701 0.058669 0.148213
0.042270 0.062597 0.142896
0.037886 0.058230 0.148743
0.044674 0.060960 0.141385
0.036025 0.057765 0.145495
0.037901 0.062664 0.141869
0.034718 0.058555 0.147624
0.035239 0.058010 0.146657
0.038587 0.062431 0.143415
0.043954 0.062834 0.148967
0.044455 0.062317 0.144223
0.035797 0.058355 0.143711
0.039365 0.058794 0.151154
0.040176 0.059354 0.147225
0.036563 0.057769 0.146649
0.041444 0.062526 0.146251
0.039300 0.061969 0.139188
0.044287 0.061387 0.141728
0.038900 0.062818 0.142530
0.039595 0.059962 0.145953
0.041850 0.062055 0.140958
0.040975 0.061457 0.146425
0.042743 0.061513 0.148306
0.037263 0.062414 0.141413
0.043552 0.060589 0.150291
0.036398 0.059385 0.150781
0.035652 0.057752 0.145622
0.034804 0.057611 0.144506
0.043528 0.060849 0.150077
0.039301 0.062111 0.144457
0.037329 0.057855 0.147319
0.042220 0.063092 0.145768
0.039374 0.061437 0.144689
0.037315 0.058069 0.146179
0.039823 0.062103 0.144950
0.039881 0.060886 0.145520
0.043526 0.063347 0.146618
0.041905 0.061471 0.139417
0.038795 0.059756 0.145216
0.036190 0.057760 0.145860
0.037556 0.058586 0.145473
0.045689 0.061544 0.143539
0.040109 0.060851 0.145770
0.039058 0.059012 0.146429
0.038409 0.058450 0.149730
0.039406 0.058338 0.148697
0.042426 0.059653 0.150263
0.041324 0.062524 0.141717
0.041953 0.059387 0.149831
0.038143 0.058153 0.147079
0.043939 0.062014 0.142885
0.039290 0.061115 0.144774
0.038965 0.058703 0.146831
0.038391 0.058102 0.147793
0.040612 0.062788 0.145079
0.035236 0.057768 0.145557
0.043852 0.062510 0.144220
0.042376 0.061767 0.140777
0.037219 0.062310 0.141553
0.039178 0.058290 0.149429
0.040807 0.061674 0.139089
0.040562 0.058812 0.149344
0.038205 0.058962 0.145426
0.039838 0.061654 0.145163
0.044256 0.061528 0.141992
0.040487 0.062445 0.140889
0.036245 0.057897 0.146855
0.041748 0.059933 0.148363
0.041484 0.059778 0.148247
0.039071 0.058380 0.149764
0.036587 0.059552 0.151605
0.039071 0.062138 0.139495
0.039532 0.060705 0.145227
0.038902 0.062553 0.140392
0.037714 0.062901 0.141242
0.040897 0.062985 0.144260
0.043708 0.063362 0.147191
0.038988 0.059327 0.145935
0.036925 0.059954 0.142821
0.036127 0.057773 0.146303
0.037105 0.059785 0.143194
0.043658 0.062077 0.142826
0.038857 0.058391 0.147696
0.038724 0.058987 0.146043
0.042713 0.060813 0.148787
0.038450 0.058276 0.147255
0.037573 0.057951 0.147725
0.034386 0.058731 0.147888
0.040263 0.061609 0.138502
0.039485 0.059672 0.146103
0.040947 0.063021 0.144883
0.036528 0.058907 0.149593
0.044670 0.061404 0.142184
0.037839 0.058580 0.145738
0.042923 0.061366 0.148721
0.037867 0.059632 0.144165
0.042918 0.060287 0.149728
0.033734 0.058012 0.145725
0.040036 0.062921 0.143385
0.034907 0.057876 0.146162
0.038658 0.058488 0.146872
0.044827 0.061138 0.141868
0.037467 0.059127 0.144589
0.037563 0.061427 0.142809
0.045018 0.061797 0.143302
0.044319 0.062724 0.145271
0.044622 0.062733 0.145557
0.040287 0.062223 0.140187
0.041863 0.063149 0.145326
0.039403 0.062580 0.140695
0.040407 0.060965 0.145971
0.043128 0.063125 0.145608
0.037267 0.058942 0.150143
0.045163 0.061935 0.143959
0.039792 0.060358 0.145828
0.038507 0.058814 0.150640
0.037363 0.061127 0.142626
0.038260 0.058043 0.148402
0.042382 0.061082 0.148134
0.040047 0.058469 0.149364
0.034843 0.057768 0.145548
0.042039 0.062370 0.142052
0.034929 0.059099 0.149226
0.038560 0.060524 0.144270
0.040232 0.062756 0.141794
0.041636 0.060569 0.147650
0.036519 0.058966 0.143699
0.042417 0.061657 0.140415
0.037190 0.062209 0.141701
0.041203 0.059960 0.147744
0.038263 0.062754 0.140570
0.037413 0.057919 0.147553
0.034915 0.057930 0.146283
0.037797 0.057954 0.147082
0.037611 0.059394 0.144323
0.044026 0.063279 0.146651
0.035275 0.059087 0.149321
0.034232 0.057499 0.144514
0.039691 0.062879 0.143504
0.045607 0.061896 0.144175
0.042198 0.061969 0.147453
0.036216 0.058929 0.143289
0.039443 0.062669 0.141039
0.034027 0.058758 0.147851
0.043963 0.061229 0.150411
0.040037 0.062720 0.141536
0.039870 0.058404 0.149735
0.040799 0.060534 0.146766
0.035714 0.058408 0.147880
0.038612 0.062596 0.143143
0.035206 0.058382 0.147522
0.039144 0.060933 0.144679
0.038110 0.058495 0.149627
0.043193 0.060856 0.149574
0.038685 0.062170 0.143755
0.036660 0.058168 0.147944
0.036835 0.058102 0.145490
0.043824 0.061941 0.149724
0.036859 0.058892 0.144201
0.040302 0.062989 0.143920
0.045164 0.062902 0.146430
0.043995 0.062602 0.149464
0.038995 0.061134 0.144428
0.040687 0.062914 0.143125
0.039034 0.058838 0.146707
0.038075 0.059490 0.144578
0.038684 0.060788 0.144209
0.040490 0.059969 0.146913
0.039484 0.061359 0.144867
0.045211 0.062509 0.145436
0.040584 0.062331 0.140651
0.039981 0.058987 0.147568
0.042696 0.062643 0.143703
0.034103 0.058681 0.147587
0.042341 0.062995 0.146514
0.035277 0.059142 0.149606
0.035716 0.057925 0.146659
0.037651 0.062018 0.142620
0.039026 0.061504 0.144368
0.044147 0.062467 0.144360
0.039265 0.058238 0.148869
0.044090 0.062836 0.145375
0.039103 0.058737 0.150745
0.042635 0.063032 0.144936
0.044113 0.063057 0.145987
0.041475 0.060946 0.147169
0.039765 0.058456 0.149019
0.040807 0.061308 0.146317
0.041988 0.062111 0.147234
0.039888 0.058699 0.148426
0.039491 0.058298 0.149414
0.040298 0.059660 0.147006
0.041267 0.059019 0.149998
0.034933 0.057647 0.144834
0.042755 0.060063 0.149797
0.040458 0.062982 0.143677
0.039735 0.061746 0.138681
0.040263 0.062022 0.145409
0.044911 0.062113 0.144158
0.035023 0.059204 0.149742
0.038902 0.061395 0.144197
0.038046 0.061975 0.143122
0.038569 0.062627 0.140423
0.036649 0.059286 0.143283
0.042789 0.063102 0.146969
0.038537 0.062324 0.143500
0.042431 0.062804 0.144066
0.041798 0.061718 0.139914
0.043473 0.061323 0.140832
0.041061 0.062597 0.145903
0.042755 0.061256 0.148562
0.043241 0.061785 0.141590
0.041797 0.062767 0.143100
0.036748 0.059591 0.151824
0.034799 0.057701 0.145379
0.039916 0.060620 0.145733
0.041365 0.059373 0.148620
0.042541 0.061568 0.148027
0.038031 0.062739 0.140394
0.037114 0.057976 0.146101
0.044189 0.062280 0.143956
0.038243 0.060806 0.143639
0.040699 0.063011 0.144566
0.033611 0.057980 0.145546
0.040104 0.061059 0.145633
0.042552 0.059747 0.150232
0.040920 0.062670 0.145622
0.040887 0.060188 0.147136
0.043729 0.062692 0.148860
0.042838 0.063060 0.147179
0.040594 0.061783 0.145910
0.037965 0.060270 0.143711
0.034387 0.057593 0.144996
0.039987 0.058618 0.148901
0.035421 0.058007 0.144040
0.044226 0.063232 0.148596
0.040558 0.059172 0.147938
0.039262 0.062838 0.142536
0.041666 0.061081 0.147322
0.039944 0.062925 0.142779
0.036128 0.059152 0.149995
0.038350 0.059089 0.151188
0.040422 0.058478 0.150057
0.041618 0.060073 0.148064
0.041657 0.062012 0.140672
0.040331 0.062375 0.140620
0.043639 0.062912 0.148364
0.037093 0.058597 0.149222
0.038275 0.062827 0.140896
0.044826 0.061511 0.142685
0.038033 0.059059 0.144978
0.040615 0.061112 0.146185
0.038010 0.058151 0.146863
0.039307 0.062296 0.144352
0.036976 0.059799 0.143028
0.043308 0.062203 0.148765
0.040687 0.063042 0.144215
0.038606 0.058732 0.146334
0.043234 0.061625 0.148949
0.041127 0.060247 0.147367
0.040372 0.060050 0.146722
0.040012 0.062278 0.144966
0.037372 0.060482 0.142909
0.043074 0.061289 0.149032
0.044469 0.063296 0.147145
0.041872 0.060817 0.147739
0.042037 0.061881 0.140742
0.044224 0.062114 0.143498
0.042538 0.062265 0.142245
0.042640 0.062798 0.147436
0.042707 0.060299 0.149361
0.035389 0.058443 0.147762
0.037072 0.058249 0.145560
0.038811 0.058748 0.150631
0.038598 0.062866 0.141378
0.042419 0.062961 0.144497
0.037760 0.057957 0.147892
0.033986 0.058903 0.148253
0.039654 0.062588 0.140821
0.039072 0.060492 0.144820
0.040107 0.059750 0.146719
0.039770 0.062710 0.144343
0.039452 0.058617 0.148010
0.039418 0.058746 0.147387
0.042620 0.061265 0.148338
0.037800 0.060533 0.143336
0.038565 0.062523 0.140126
0.039611 0.062811 0.141852
0.039533 0.058981 0.147025
0.041191 0.061215 0.146690
0.041958 0.062782 0.146372
0.042549 0.060463 0.148837
0.044776 0.061943 0.143609
0.037128 0.057786 0.146580
0.036016 0.058847 0.143102
0.038632 0.061165 0.143926
0.037939 0.057948 0.147383
0.044937 0.061372 0.142505
0.040323 0.062675 0.141464
0.041855 0.061413 0.147353
0.036956 0.057747 0.146656
0.034390 0.058951 0.148603
0.040378 0.059347 0.147455
0.041539 0.061562 0.146951
0.039161 0.058228 0.148535
0.043786 0.062447 0.149317
0.038886 0.058129 0.148502
0.040382 0.059596 0.147183
0.037728 0.059087 0.144827
0.037285 0.059234 0.150874
0.042252 0.062751 0.143476
0.043551 0.062182 0.143081
0.041529 0.062354 0.146558
0.039427 0.060273 0.145445
0.041332 0.060872 0.147049
0.040431 0.058498 0.150389
0.037893 0.062655 0.140123
0.039626 0.061283 0.145045
0.039832 0.059133 0.147208
0.038338 0.058244 0.147148
0.044168 0.063065 0.148827
0.037207 0.062520 0.141159
0.041812 0.059476 0.149048
0.041382 0.063025 0.145377
0.038396 0.062624 0.142307
0.042275 0.059610 0.149940
0.043199 0.062596 0.143912
0.037963 0.058043 0.148224
0.036360 0.058091 0.147446
0.037945 0.062853 0.141606
0.040356 0.062804 0.142085
0.038708 0.059968 0.144866
0.044167 0.062124 0.150121
0.038642 0.058345 0.149562
0.040107 0.060501 0.146041
0.040868 0.062239 0.140618
0.039308 0.058259 0.149074
0.040650 0.062981 0.143925
0.043220 0.060661 0.149745
0.033304 0.058759 0.147314
0.045071 0.061040 0.141976
0.043995 0.061450 0.141615
0.039222 0.060017 0.145451
0.037586 0.062862 0.140973
0.036045 0.057851 0.146614
0.039869 0.058782 0.147773
0.035053 0.057948 0.146412
0.042811 0.063053 0.145177
0.036343 0.057813 0.145864
0.034255 0.058566 0.147375
0.042178 0.063090 0.145297
0.038286 0.059367 0.144992
0.039942 0.062666 0.144533
0.040074 0.058926 0.147797
0.041377 0.062995 0.144315
0.040903 0.059841 0.147520
0.038836 0.062230 0.139591
0.037638 0.059177 0.150954
0.043178 0.062352 0.143126
0.036508 0.060507 0.141965
0.039913 0.058799 0.148126
0.039415 0.060447 0.145205
0.036719 0.058415 0.148571
0.036988 0.058482 0.145036
0.038512 0.058292 0.149406
0.035790 0.057774 0.146084
0.043884 0.061406 0.150176
0.043436 0.061381 0.149527
0.044737 0.062782 0.145793
0.040935 0.061113 0.146523
0.040686 0.060004 0.147091
0.039639 0.061070 0.145145
0.038882 0.061714 0.144141
0.038121 0.060178 0.143998
0.037361 0.057835 0.147027
0.038675 0.058189 0.149074
0.039472 0.061129 0.144938
0.041356 0.059201 0.149378
0.038583 0.058066 0.148402
0.041715 0.062301 0.146843
0.043718 0.062987 0.148095
0.041828 0.060546 0.147885
0.045025 0.063101 0.146999
0.040256 0.062942 0.142747
0.042502 0.062180 0.147599
0.037687 0.058199 0.148552
0.037284 0.058635 0.145129
0.042871 0.060020 0.149998
0.042567 0.061217 0.139445
0.037936 0.059294 0.151456
0.041915 0.059448 0.149460
0.044292 0.062792 0.149498
0.035841 0.058277 0.147661
0.035632 0.058623 0.143077
0.043461 0.062228 0.143194
0.037055 0.059344 0.151065
0.043759 0.062814 0.145056
0.038515 0.062420 0.139814
0.041097 0.061381 0.138554
0.037533 0.058337 0.145912
0.040583 0.060328 0.146708
0.039393 0.058328 0.149634
0.036840 0.059422 0.143379
0.038037 0.058247 0.146679
0.044953 0.062324 0.144742
0.039739 0.058426 0.150129
0.041648 0.061645 0.139601
0.043279 0.062328 0.148561
0.036362 0.060107 0.142074
0.036964 0.060146 0.142719
0.042730 0.061877 0.148108
0.037702 0.060078 0.143606
0.040789 0.059084 0.148329
0.034482 0.057540 0.144686
0.038595 0.060058 0.144663
0.038713 0.062851 0.142042
0.040437 0.058663 0.149526
0.040582 0.062939 0.143406
0.040304 0.062993 0.144232
0.036527 0.058547 0.144340
0.044832 0.062630 0.145451
0.043391 0.062537 0.148609
0.042903 0.061198 0.139777
0.044140 0.062269 0.149899
0.036637 0.059201 0.143475
0.035242 0.057752 0.144510
0.035848 0.058101 0.144391
0.040553 0.061986 0.145761
0.042114 0.061737 0.140271
0.040858 0.059953 0.147369
0.042259 0.059702 0.149528
0.034559 0.057926 0.146065
0.043689 0.063394 0.147612
0.044004 0.062096 0.143329
0.041432 0.062931 0.143604
0.040663 0.058531 0.150495
0.035091 0.057895 0.143882
0.034799 0.057620 0.144725
0.039798 0.058403 0.149856
0.033226 0.058659 0.147003
0.040525 0.058647 0.149725
0.034897 0.057655 0.145084
0.035636 0.057773 0.145287
0.039014 0.062428 0.140134
0.045472 0.061636 0.143440
0.040954 0.058624 0.150957
0.038750 0.062612 0.143308
0.041625 0.062295 0.146751
0.042874 0.059833 0.150673
0.043455 0.062163 0.149043
0.036487 0.059003 0.143592
0.044261 0.063331 0.148356
0.036197 0.058972 0.143082
0.037461 0.059718 0.143637
0.036608 0.061142 0.141873
0.043193 0.060126 0.150590
0.037563 0.059511 0.144005
0.045126 0.062056 0.144252
0.037113 0.059154 0.150597
0.039414 0.058468 0.148391
0.033484 0.058283 0.146173
0.044693 0.063344 0.148979
0.044506 0.061288 0.141772
0.041438 0.058942 0.150408
0.039360 0.062710 0.141410
0.043606 0.061478 0.149691
0.042449 0.062717 0.147299
0.043395 0.063346 0.146800
0.040441 0.060678 0.146284
0.039935 0.061952 0.145112
0.035362 0.057755 0.145302
0.038175 0.058773 0.150301
0.042700 0.062534 0.147757
0.038423 0.062218 0.143390
0.036232 0.058146 0.144734
0.035938 0.058132 0.147357
0.041130 0.060347 0.147276
0.041736 0.059060 0.150826
0.041469 0.059374 0.148806
0.037540 0.060027 0.143448
0.033979 0.057844 0.145449
0.037544 0.061151 0.142824
0.035646 0.058179 0.143884
0.037479 0.059334 0.151297
0.036590 0.059709 0.142643
0.040743 0.058576 0.150737
0.035824 0.058818 0.148910
0.036056 0.058591 0.143604
0.042854 0.059992 0.150144
0.043676 0.063371 0.146938
0.040921 0.062797 0.145361
0.040548 0.061455 0.138186
0.035289 0.059010 0.149046
0.043263 0.063102 0.145844
0.042224 0.061785 0.140581
0.038658 0.058407 0.147175
0.038214 0.058366 0.149432
0.043669 0.061727 0.141881
0.038132 0.062480 0.142377
0.038032 0.062966 0.141301
0.041373 0.059156 0.149747
0.045186 0.062331 0.144960
0.043974 0.062503 0.149569
0.038307 0.060005 0.144338
0.035390 0.058265 0.143395
0.041667 0.059509 0.148761
0.042545 0.062666 0.143536
0.041791 0.062971 0.144125
0.042164 0.063116 0.144955
0.036993 0.059350 0.143664
0.035399 0.057895 0.146450
0.038967 0.062384 0.143811
0.045594 0.061479 0.143360
0.039035 0.062821 0.142345
0.042060 0.062346 0.147146
0.041560 0.063024 0.145513
0.039482 0.058704 0.147722
0.039900 0.062919 0.143073
0.045057 0.061293 0.142376
0.042117 0.060610 0.148152
0.044152 0.063308 0.146943
0.041395 0.062774 0.142871
0.043797 0.062871 0.148591
0.034557 0.058511 0.147472
0.039430 0.062659 0.143829
0.038661 0.062721 0.142710
0.043853 0.060981 0.150450
0.044390 0.063426 0.147582
0.042290 0.062135 0.141589
0.040851 0.059002 0.149026
0.043365 0.061860 0.141931
0.043369 0.063337 0.147122
0.042556 0.062586 0.143300
0.034729 0.057653 0.144057
0.042322 0.062706 0.147088
0.044400 0.062254 0.144020
0.042208 0.062270 0.141933
0.040806 0.059297 0.148039
0.037280 0.059349 0.144093
0.043045 0.062226 0.142560
0.044572 0.063045 0.146354
0.044079 0.062847 0.149206
0.038322 0.058898 0.145651
0.043417 0.062632 0.144281
0.042607 0.062888 0.147103
0.042677 0.062582 0.143341
0.043133 0.060194 0.150194
0.041845 0.062925 0.146012
0.041511 0.062674 0.142396
0.038878 0.059011 0.151319
0.034921 0.057707 0.144133
0.044668 0.062140 0.144037
0.034963 0.057664 0.144445
0.039096 0.060317 0.144919
0.035604 0.059069 0.149415
0.040203 0.061881 0.139279
0.039836 0.062770 0.142245
0.038458 0.062845 0.141858
0.037986 0.058365 0.146320
0.036876 0.060316 0.142515
0.037609 0.058003 0.146601
0.040524 0.062470 0.140997
0.043144 0.060409 0.149901
0.044944 0.062956 0.146380
0.042666 0.062423 0.142789
0.038952 0.058132 0.148727
0.041313 0.061833 0.146475
0.042977 0.063201 0.145884
0.042029 0.059470 0.149694
0.044333 0.063185 0.146659
0.038238 0.058409 0.146535
0.040562 0.061888 0.139507
0.043046 0.062084 0.142200
0.040541 0.062021 0.139822
0.042162 0.061934 0.140957
0.037615 0.061670 0.142811
0.038867 0.058268 0.149388
0.041369 0.062613 0.146140
0.037091 0.058111 0.145799
0.038565 0.059247 0.145520
0.037409 0.062739 0.141161
0.040543 0.063041 0.144124
0.040955 0.062879 0.142987
0.039438 0.061651 0.144740
0.040471 0.061422 0.145840
0.039941 0.062352 0.144877
0.034666 0.057877 0.145953
0.033935 0.058825 0.148068
0.041538 0.062108 0.140807
0.034168 0.058396 0.146938
0.041302 0.061418 0.138764
0.043770 0.063328 0.146625
0.043570 0.061399 0.141105
0.035978 0.059186 0.150005
0.037277 0.061520 0.142413
0.041155 0.062927 0.143431
0.042789 0.062470 0.143055
0.034729 0.058324 0.147122
0.043587 0.062597 0.144278
0.038910 0.058153 0.148896
0.041262 0.062972 0.144100
0.042878 0.063132 0.145448
0.040698 0.058985 0.148636
0.034647 0.057600 0.144850
0.034028 0.058531 0.147146
0.042520 0.062742 0.143903
0.040405 0.061733 0.145701
0.045187 0.061568 0.143038
0.039162 0.058259 0.149171
0.044804 0.062861 0.146068
0.044957 0.062185 0.144455
0.034451 0.059029 0.148929
0.036281 0.058417 0.144261
0.040380 0.061085 0.145879
0.045221 0.061123 0.142241
0.033667 0.058837 0.147915
0.040263 0.063009 0.143718
0.041917 0.062309 0.141676
0.043930 0.062092 0.143158
0.033163 0.058321 0.146066
0.043307 0.061184 0.140164
0.039592 0.060167 0.145774
0.043878 0.061761 0.142339
0.040479 0.062924 0.142588
0.039820 0.062872 0.143858
0.035458 0.058645 0.148252
0.037665 0.058434 0.145875
0.041260 0.058956 0.150115
0.034572 0.058695 0.147905
0.040723 0.060184 0.146966
0.043026 0.061549 0.140766
0.039843 0.059486 0.146711
0.041169 0.062955 0.143763
0.034920 0.058509 0.147655
0.041246 0.061567 0.146602
0.042438 0.060135 0.149126
0.044381 0.063241 0.146981
0.038647 0.061888 0.143844
0.043708 0.062078 0.149437
0.042581 0.062983 0.144627
0.041908 0.063077 0.145526
0.038595 0.059028 0.151271
0.043968 0.061672 0.142076
0.038815 0.058898 0.151008
0.039706 0.061837 0.138897
0.042942 0.061509 0.140576
0.041467 0.059232 0.149632
0.035766 0.058039 0.147004
0.037249 0.060103 0.143027
0.039431 0.058394 0.148626
0.041083 0.062994 0.145137
0.036849 0.058444 0.144959
0.043836 0.062179 0.149575
0.044568 0.063285 0.148935
0.034587 0.057531 0.144378
0.039607 0.062491 0.144501
0.037082 0.058244 0.148308
0.040941 0.062093 0.146202
0.036445 0.059075 0.149946
0.033581 0.058677 0.147188
0.039470 0.060858 0.145042
0.036593 0.058024 0.145409
0.037155 0.058485 0.145265
0.044422 0.062595 0.144962
0.038676 0.062767 0.142360
0.039454 0.058667 0.150845
0.037691 0.059775 0.143845
0.038963 0.062483 0.143648
0.035889 0.059408 0.150615
0.043714 0.060669 0.150479
0.040826 0.062888 0.145030
0.044423 0.061693 0.142561
0.035934 0.058447 0.143733
0.044503 0.061793 0.142864
0.037780 0.058323 0.146140
0.037359 0.058824 0.149897
0.040201 0.060721 0.145918
0.043273 0.061645 0.141310
0.042067 0.061498 0.147595
0.040862 0.063002 0.144058
0.039668 0.062841 0.142477
0.041208 0.062661 0.142017
0.043447 0.061963 0.142274
0.039426 0.058483 0.150244
0.039871 0.062470 0.144693
0.041983 0.061149 0.147686
0.042246 0.059359 0.150791
0.038736 0.060603 0.144402
0.036728 0.059141 0.150279
0.043767 0.061142 0.150177
0.040305 0.058747 0.149082
0.038588 0.058530 0.149997
0.040119 0.058613 0.149112
0.034554 0.057756 0.145546
0.039642 0.060885 0.145252
0.041420 0.062443 0.146365
0.042343 0.060309 0.148725
0.035764 0.057831 0.146349
0.039998 0.061615 0.145317
0.038572 0.059637 0.145058
0.044476 0.063376 0.148433
0.042109 0.060195 0.148515
0.040235 0.058413 0.149898
0.045070 0.062822 0.146160
0.040934 0.062486 0.141318
0.035790 0.057806 0.145166
0.038847 0.062355 0.139874
0.042124 0.060994 0.147919
0.040267 0.059748 0.146882
0.045858 0.060663 0.142202
0.043776 0.060712 0.150539
0.036069 0.057748 0.145988
0.039486 0.062241 0.139857
0.042041 0.059545 0.149410
0.034983 0.057682 0.145225
0.039314 0.059826 0.145775
0.043188 0.062524 0.143597
0.044535 0.062876 0.145789
0.035812 0.058105 0.147236
0.039201 0.058951 0.151369
0.045843 0.061323 0.143324
0.040007 0.060207 0.146190
0.042715 0.063218 0.146253
0.037586 0.058721 0.149748
0.038041 0.058231 0.148907
0.040197 0.061367 0.145611
0.042828 0.061442 0.148507
0.039504 0.059055 0.146895
0.041623 0.062003 0.146892
0.037724 0.057900 0.147304
0.042992 0.062333 0.142845
0.040763 0.062335 0.140765
0.044193 0.063433 0.147850
