-0.004903 0.005000 0.290506
-0.005259 0.004839 0.289116
-0.005733 0.002612 0.293893
-0.002958 0.003071 0.285800
-0.004364 0.003808 0.286216
-0.004000 0.004886 0.293177
-0.011848 0.000397 0.284463
-0.012666 -0.000139 0.287014
-0.009401 0.001047 0.289112
-0.004008 0.005244 0.292196
-0.006300 0.000679 0.295552
-0.012338 -0.000303 0.289276
-0.008873 0.002984 0.285872
-0.004208 0.004705 0.292973
-0.003730 0.005305 0.292829
-0.004452 0.005099 0.291565
-0.002874 0.005329 0.291236
-0.008579 0.001304 0.290390
-0.009792 0.001224 0.288194
-0.007187 0.000521 0.293901
-0.004551 0.004509 0.292829
-0.010483 0.001548 0.284045
-0.008121 0.001989 0.290143
-0.011110 -0.001762 0.292204
-0.009977 0.000731 0.288928
-0.009452 0.001663 0.288127
-0.010044 -0.001798 0.292536
-0.007642 0.003501 0.289033
-0.003809 0.004196 0.287951
-0.006380 0.004738 0.287539
-0.005064 0.004693 0.288132
-0.003103 0.005476 0.293477
-0.009488 0.000578 0.290042
-0.003967 0.003440 0.285590
-0.006258 0.004624 0.288569
-0.010562 -0.001073 0.291835
-0.004890 0.003713 0.294256
-0.007266 0.000280 0.293961
-0.011713 -0.000073 0.289516
-0.007410 0.003887 0.288325
-0.009563 0.001399 0.288367
-0.011491 -0.000062 0.289834
-0.007166 0.004140 0.287995
-0.006445 0.004894 0.285174
-0.007451 0.004065 0.287505
-0.013058 -0.000504 0.288573
-0.007420 0.001719 0.291900
-0.006365 0.003420 0.291832
-0.005042 0.004307 0.292215
-0.010990 0.000300 0.289129
-0.007954 0.004249 0.285145
-0.007492 0.001140 0.292619
-0.007288 0.004483 0.286451
-0.003708 0.004311 0.288300
-0.012836 -0.001148 0.290303
-0.007957 0.002860 0.289369
-0.004741 0.004255 0.287113
-0.007257 0.000555 0.293719
-0.001626 0.004805 0.290977
-0.010834 -0.001278 0.291918
-0.008173 0.000536 0.292003
-0.006379 0.000969 0.295151
-0.012145 -0.001106 0.291073
-0.006214 0.002459 0.293224
-0.007805 0.003922 0.286960
-0.005949 0.004761 0.286889
-0.008292 0.001513 0.290561
-0.005122 0.002871 0.295011
-0.002818 0.005486 0.292015
-0.011954 0.000169 0.286879
-0.010605 0.001189 0.284917
-0.004015 0.005258 0.291130
-0.003414 0.005422 0.293001
-0.008588 0.003649 0.284678
-0.003489 0.004456 0.288833
-0.011028 0.000714 0.284996
-0.010227 0.000476 0.289419
-0.010517 -0.000146 0.290752
-0.005091 0.004877 0.291053
-0.010059 0.000772 0.288616
-0.005561 0.003474 0.293301
-0.005668 0.001649 0.295570
-0.007594 -0.000696 0.294036
-0.003809 0.004196 0.287951
-0.009256 0.002753 0.284912
-0.010455 0.000042 0.290414
-0.009196 -0.001189 0.292570
-0.005472 0.002135 0.295183
-0.007250 0.002707 0.291004
-0.007142 -0.000288 0.294746
-0.007012 0.002783 0.291381
-0.005428 0.004666 0.290863
-0.005704 0.004076 0.291611
-0.007665 0.002277 0.290671
-0.008340 0.003154 0.287735
-0.010189 0.001685 0.284361
-0.007642 0.004282 0.286044
-0.008876 0.000360 0.291272
-0.012986 -0.001117 0.290171
-0.006667 0.003757 0.290681
-0.004170 0.004146 0.294505
-0.007238 0.004183 0.287638
-0.005202 0.002431 0.295328
-0.005942 0.004728 0.288575
-0.008823 0.002535 0.287478
-0.001919 0.005057 0.291498
-0.006606 0.001277 0.294267
-0.005286 0.003493 0.293886
-0.008718 0.003228 0.285295
-0.008954 0.002506 0.287241
-0.009288 -0.000960 0.292367
-0.003444 0.003306 0.285831
-0.006950 0.000210 0.294731
-0.009090 0.000381 0.290989
-0.002564 0.002861 0.285670
-0.010320 0.001106 0.287036
-0.007820 0.001300 0.291658
-0.007596 0.001585 0.291644
-0.000940 0.004614 0.290998
-0.007939 0.001981 0.290523
-0.008820 -0.001335 0.292937
-0.004035 0.005168 0.292427
-0.010607 -0.000568 0.291170
-0.010244 0.001301 0.286523
-0.006556 0.000889 0.294858
-0.010009 -0.001132 0.292074
-0.010434 0.001449 0.284403
-0.007590 0.004619 0.285216
-0.008218 0.002646 0.288962
-0.004562 0.003807 0.294768
-0.007520 0.000914 0.292841
-0.002459 0.005653 0.292767
-0.009721 0.000055 0.290872
-0.009767 0.000595 0.289630
-0.004858 0.004579 0.292032
-0.002778 0.004246 0.288924
-0.010433 -0.001211 0.292006
-0.008543 -0.001276 0.293120
-0.003960 0.004742 0.289137
-0.005017 0.004825 0.291302
-0.004562 0.003807 0.294768
-0.006609 0.001458 0.293836
-0.011421 0.000958 0.283432
-0.002105 0.003386 0.287600
-0.010696 0.000901 0.286436
-0.006963 0.005186 0.284741
-0.007627 -0.001328 0.294328
-0.003486 0.005300 0.293308
-0.003596 0.004436 0.288681
-0.011801 0.000372 0.284839
-0.011481 0.000426 0.286461
-0.009705 0.001393 0.288031
-0.010156 0.001509 0.285710
-0.007720 0.003828 0.287654
-0.003340 0.005546 0.292520
-0.006011 0.004423 0.290213
-0.007499 0.000310 0.293448
-0.005434 0.002364 0.294989
-0.010018 0.000882 0.288419
-0.005171 0.004904 0.290008
-0.012571 -0.000434 0.289343
-0.009241 0.002714 0.285005
-0.010808 0.000753 0.287193
-0.006768 0.002390 0.292172
-0.003342 0.004283 0.288531
-0.006983 -0.000079 0.294932
-0.006716 0.004578 0.287487
-0.008960 0.003251 0.284497
-0.012503 -0.001490 0.291394
-0.002147 0.004295 0.289539
-0.012367 -0.000176 0.288574
-0.005846 0.004801 0.287589
-0.013166 -0.001354 0.290402
-0.004645 0.003907 0.294345
-0.007657 -0.001200 0.294177
-0.003054 0.004264 0.288738
-0.006666 0.002348 0.292458
-0.006831 0.005074 0.285117
-0.005303 0.004634 0.291247
-0.009696 0.000882 0.288913
-0.007052 0.000921 0.293761
-0.005332 0.004203 0.291879
-0.007438 0.003470 0.289604
-0.001691 0.004078 0.289414
-0.005034 0.003414 0.294528
-0.005974 0.004734 0.288238
-0.005834 0.001963 0.294689
-0.003406 0.005272 0.290815
-0.001807 0.005294 0.291989
-0.006340 0.003129 0.292230
-0.007790 0.001567 0.291287
-0.008478 0.000768 0.291183
-0.005424 0.003717 0.293081
-0.004284 0.004910 0.289576
-0.004746 0.004415 0.287669
-0.009871 -0.000537 0.291619
-0.007964 0.000027 0.292877
-0.011583 0.000322 0.287955
-0.004112 0.003661 0.286073
-0.007378 0.003977 0.288121
-0.012901 -0.001331 0.290586
-0.011387 0.000468 0.285792
-0.002082 0.003646 0.288217
-0.004780 0.004933 0.291469
-0.009739 0.002045 0.285390
-0.011028 0.000714 0.284996
-0.008204 0.001767 0.290365
-0.011045 -0.000287 0.290650
-0.004934 0.004007 0.285996
-0.006566 0.003981 0.290245
-0.009944 0.000002 0.290901
-0.006016 0.003831 0.291668
-0.007621 0.001411 0.291938
-0.009469 -0.000015 0.291324
-0.006029 0.004808 0.287441
-0.002455 0.004675 0.290237
-0.006645 0.005055 0.284747
-0.004362 0.005048 0.290258
-0.010559 0.000331 0.289516
-0.011880 0.000125 0.288288
-0.008362 0.003213 0.287383
-0.007800 -0.000848 0.293742
-0.012344 -0.000386 0.289545
-0.010297 0.001310 0.286171
-0.008034 0.002379 0.289818
-0.008079 -0.001294 0.293546
-0.001935 0.004487 0.290122
-0.011595 -0.000489 0.290666
-0.012327 0.000007 0.286889
-0.012251 -0.000055 0.287970
-0.006141 0.000926 0.295754
-0.006593 0.004448 0.288497
-0.011975 0.000275 0.285847
-0.006781 0.003256 0.291315
-0.002342 0.005175 0.291316
-0.005484 0.001688 0.295760
-0.008710 0.003556 0.284467
-0.011069 0.000341 0.288829
-0.010203 0.000024 0.290662
-0.006729 0.004210 0.288878
-0.009303 -0.000014 0.291372
-0.005031 0.004197 0.292741
-0.003114 0.003157 0.285777
-0.005550 0.003406 0.293469
-0.003718 0.004058 0.287669
-0.008814 0.002103 0.288463
-0.005264 0.004821 0.290591
-0.001409 0.004052 0.289608
-0.008662 -0.000185 0.292255
-0.011978 -0.000343 0.289916
-0.010084 0.001178 0.287634
-0.012469 -0.001316 0.291127
-0.010643 0.000721 0.287948
-0.009128 0.002738 0.285593
-0.002573 0.005491 0.292158
-0.009018 0.002955 0.285327
-0.006518 0.004769 0.285860
-0.002603 0.004939 0.290596
-0.007556 0.002951 0.290006
-0.003399 0.004573 0.289180
-0.006500 0.002052 0.293250
-0.010562 -0.001073 0.291835
-0.008221 0.003288 0.287925
-0.013080 -0.000922 0.289665
-0.002582 0.002951 0.286047
-0.002752 0.005168 0.290882
-0.010140 0.001522 0.285846
-0.011815 0.000052 0.288565
-0.001598 0.004655 0.290739
-0.006361 0.002552 0.292817
-0.007072 0.004686 0.286307
-0.007401 0.003082 0.290100
-0.007242 -0.000397 0.294607
-0.007345 0.003007 0.290437
-0.006215 0.001946 0.293910
-0.007163 0.000943 0.293510
-0.007746 0.002016 0.290867
-0.004943 0.004706 0.291652
-0.009908 -0.000860 0.291877
-0.012399 -0.000252 0.288761
-0.009619 0.001913 0.286779
-0.007170 0.002339 0.291536
-0.006611 0.004957 0.285402
-0.011184 0.000683 0.284834
-0.008346 0.002248 0.289432
-0.011233 0.000576 0.286583
-0.008526 0.003232 0.286915
-0.006300 0.000679 0.295552
-0.002618 0.003572 0.287516
-0.008870 -0.002004 0.293338
-0.001894 0.004150 0.289395
-0.009673 0.000461 0.289995
-0.011221 0.000500 0.287485
-0.008987 0.000117 0.291485
-0.006981 0.003690 0.290006
-0.012662 -0.000172 0.287372
-0.000837 0.004773 0.291418
-0.006237 0.001766 0.294156
-0.007561 0.002533 0.290503
-0.008430 0.003527 0.285589
-0.003050 0.004732 0.289865
-0.010981 0.000167 0.289621
-0.007427 0.003993 0.287929
-0.007300 0.001685 0.292178
-0.003650 0.004376 0.288487
-0.006498 0.003964 0.290504
-0.007457 -0.000963 0.294498
-0.008390 0.002042 0.289634
-0.009644 0.000223 0.290705
-0.004583 0.004433 0.287848
-0.010009 -0.001132 0.292074
-0.004529 0.004705 0.292415
-0.011743 -0.000000 0.289211
-0.003480 0.005407 0.292019
-0.009977 0.000731 0.288928
-0.009275 0.000389 0.290729
-0.003672 0.003303 0.285289
-0.004351 0.004958 0.289939
-0.009735 0.002230 0.284203
-0.005963 0.002911 0.293198
-0.004528 0.003726 0.285356
-0.007384 0.004911 0.284956
-0.005419 0.004116 0.284883
-0.010503 0.001326 0.284764
-0.007097 0.003815 0.289344
-0.011684 0.000546 0.284085
-0.004500 0.004188 0.294009
-0.012176 0.000155 0.286213
-0.006337 0.004801 0.284830
-0.003489 0.004456 0.288833
-0.008489 0.003773 0.284471
-0.010559 0.000866 0.287240
-0.005870 0.003888 0.291796
-0.001701 0.004547 0.290495
-0.005635 0.002648 0.294121
-0.011903 0.000146 0.287703
-0.003528 0.005473 0.292689
-0.005152 0.003940 0.293135
-0.009795 0.002112 0.284413
-0.009388 0.002162 0.286365
-0.010008 0.001827 0.284604
-0.007378 0.000330 0.293680
-0.002413 0.004936 0.290755
-0.013146 -0.000496 0.288320
-0.010422 -0.001743 0.292369
-0.006348 0.004619 0.288258
-0.005661 0.001414 0.296020
-0.009914 0.000845 0.288680
-0.005053 0.004554 0.287702
-0.007218 0.004634 0.286172
-0.003397 0.004137 0.288195
-0.005016 0.002410 0.295736
-0.011573 0.000337 0.287658
-0.003154 0.005382 0.291401
-0.004438 0.004586 0.288415
-0.009445 -0.000261 0.291680
-0.006328 0.001223 0.294914
-0.004512 0.004287 0.293683
-0.009932 0.001721 0.285285
-0.009920 0.001901 0.284421
-0.008341 0.003033 0.288218
-0.011604 -0.000665 0.290813
-0.005522 0.004626 0.287201
-0.005238 0.004127 0.285505
-0.011538 0.000405 0.286233
-0.008852 0.002759 0.287118
-0.011519 -0.000187 0.290007
-0.005665 0.003921 0.292220
-0.006660 0.004118 0.289430
-0.001841 0.005457 0.292287
-0.004353 0.004688 0.292752
-0.006902 0.000727 0.294319
-0.002987 0.004567 0.289565
-0.004527 0.004960 0.289705
-0.006034 0.003712 0.291918
-0.011327 -0.000640 0.290989
-0.008019 0.004389 0.284453
-0.009934 0.001082 0.288154
-0.004197 0.005153 0.290436
-0.004564 0.003778 0.285711
-0.009190 0.002382 0.286846
-0.009159 -0.002147 0.293227
-0.009629 -0.000444 0.291727
-0.005538 0.002444 0.294643
-0.002086 0.003795 0.288630
-0.003136 0.003416 0.286596
-0.004659 0.004150 0.293762
-0.007677 -0.000924 0.293958
-0.008824 0.000978 0.290403
-0.003383 0.005146 0.290468
-0.004189 0.003794 0.286425
-0.011241 0.000515 0.286347
-0.008506 0.003060 0.287508
-0.007740 0.000652 0.292687
-0.005096 0.003757 0.293784
-0.007758 -0.001613 0.294160
-0.001781 0.003961 0.289099
-0.013151 -0.001505 0.290695
-0.010230 0.000690 0.288689
-0.008317 0.000336 0.291977
-0.002175 0.004945 0.290990
-0.007084 0.001509 0.292867
-0.005757 0.003719 0.292573
-0.003142 0.005477 0.291996
-0.002300 0.004724 0.290431
-0.007809 0.004614 0.284608
-0.004322 0.003902 0.295049
-0.008620 0.003232 0.285992
-0.005974 0.004734 0.288238
-0.007305 -0.001388 0.294908
-0.008169 0.000271 0.292294
-0.002331 0.005261 0.291542
-0.008137 0.002487 0.289482
-0.007856 0.002204 0.290316
-0.009210 0.000540 0.290397
-0.013021 -0.000667 0.289100
-0.006736 0.000566 0.294845
-0.004953 0.003560 0.294408
-0.006527 0.004844 0.286169
-0.009388 0.002458 0.285415
-0.012774 -0.000242 0.287716
-0.001626 0.004805 0.290977
-0.004169 0.005211 0.290796
-0.003560 0.004797 0.289511
-0.005979 0.003120 0.292940
-0.006569 0.003283 0.291668
-0.005661 0.001414 0.296020
-0.004592 0.004848 0.288989
-0.008020 0.001740 0.290720
-0.008498 0.003634 0.285037
-0.008876 0.000360 0.291272
-0.003136 0.003416 0.286596
-0.005230 0.004887 0.289796
-0.005376 0.004835 0.289899
-0.007510 0.002795 0.290262
-0.009827 -0.001572 0.292517
-0.010677 0.001256 0.284256
-0.001835 0.005162 0.291711
-0.011479 0.000758 0.283804
-0.004001 0.003467 0.285394
-0.004774 0.004420 0.292686
-0.012843 -0.000688 0.289537
-0.009672 0.000779 0.289331
-0.004635 0.004516 0.288153
-0.006034 0.004051 0.291155
-0.009977 0.001700 0.285824
-0.011596 -0.000976 0.291288
-0.011884 -0.000142 0.289292
-0.004001 0.003467 0.285394
-0.008811 0.001115 0.290208
-0.011588 0.000425 0.286100
-0.002921 0.003399 0.286787
-0.008620 0.003232 0.285992
-0.007809 0.004614 0.284608
-0.008265 -0.000415 0.292879
-0.005575 0.004803 0.289472
-0.009106 0.001484 0.289083
-0.005482 0.004259 0.285698
-0.006334 0.004172 0.290193
-0.002082 0.003646 0.288217
-0.001691 0.004078 0.289414
-0.003715 0.003721 0.286780
-0.009186 0.002750 0.285235
-0.006739 0.003503 0.291055
-0.005744 0.004251 0.291143
-0.009614 0.002174 0.285491
-0.008741 -0.001654 0.293184
-0.006892 0.004808 0.285997
-0.004144 0.003716 0.286253
-0.010167 0.000103 0.290396
-0.011541 0.000569 0.284475
-0.008676 0.002983 0.287162
-0.007546 0.000644 0.293069
-0.008131 -0.000404 0.293021
-0.005817 0.004377 0.290771
-0.009222 -0.000298 0.291915
-0.001380 0.004321 0.290138
-0.009303 -0.000014 0.291372
-0.013026 -0.000582 0.288908
-0.009290 -0.001811 0.292910
-0.007354 0.002140 0.291443
-0.003888 0.003863 0.286964
-0.007690 0.004399 0.285543
-0.009031 0.001721 0.288901
-0.005931 0.001224 0.295813
-0.004039 0.004584 0.293718
-0.006922 0.003471 0.290708
-0.009955 0.002084 0.284054
-0.008227 0.002022 0.289912
-0.011343 -0.000136 0.290126
-0.005286 0.002456 0.295156
-0.006026 0.002103 0.294022
-0.003994 0.004070 0.287430
-0.004676 0.005030 0.291281
-0.009178 0.000149 0.291294
-0.007537 0.001842 0.291454
-0.002385 0.004268 0.289318
-0.008040 0.001265 0.291292
-0.010649 0.000448 0.288993
-0.006500 0.002052 0.293250
-0.006421 0.003223 0.291972
-0.007060 0.001116 0.293508
-0.005873 0.004561 0.286015
-0.006924 0.002406 0.291883
-0.003777 0.005273 0.290795
-0.010033 -0.001368 0.292292
-0.003984 0.004892 0.289507
-0.011964 -0.000750 0.290688
-0.006938 0.000410 0.294541
-0.006361 0.002552 0.292817
-0.009008 0.000519 0.290827
-0.007258 -0.000611 0.294673
-0.010285 0.000748 0.288363
-0.009668 0.002139 0.285292
-0.010830 0.000858 0.285909
-0.011322 -0.000672 0.290755
-0.003640 0.005331 0.291124
-0.002593 0.004674 0.290130
-0.011581 0.000263 0.288340
-0.008781 -0.000491 0.292450
-0.004370 0.003662 0.285376
-0.011771 0.000220 0.286803
-0.007721 0.003534 0.288513
-0.007150 0.004002 0.288489
-0.001294 0.005036 0.291730
-0.010097 0.001254 0.287156
-0.007986 0.003084 0.288966
-0.005968 0.001844 0.294426
-0.010708 0.001509 0.283664
-0.006841 0.000388 0.294799
-0.002694 0.005626 0.292973
-0.003974 0.004377 0.294499
-0.009699 0.001892 0.286281
-0.009007 -0.001592 0.292950
-0.012550 -0.000526 0.289601
-0.005909 0.001798 0.294869
-0.011245 -0.000002 0.289976
-0.004805 0.003945 0.293982
-0.001374 0.004363 0.290371
-0.010578 0.001156 0.285421
-0.009238 0.000820 0.289907
-0.005806 0.002279 0.294210
-0.008343 -0.002282 0.293921
-0.012554 -0.000381 0.289153
-0.009809 0.000404 0.290149
-0.008779 0.001323 0.289911
-0.007266 0.001612 0.292374
-0.008695 0.003468 0.284837
-0.003010 0.005469 0.291824
-0.003092 0.003275 0.286231
-0.004104 0.004351 0.288108
-0.004246 0.003924 0.286769
-0.011198 0.000658 0.285542
-0.007043 0.000252 0.294492
-0.009474 0.002263 0.285814
-0.007025 0.004388 0.287452
-0.008325 0.003847 0.284590
-0.007856 0.003414 0.288553
-0.005447 0.002943 0.294231
-0.008391 0.001624 0.290223
-0.002843 0.002982 0.285440
-0.005461 0.002702 0.294469
-0.008859 0.002432 0.287379
-0.007793 0.001801 0.291077
-0.002536 0.003399 0.287180
-0.008168 0.002862 0.288835
-0.010023 0.001299 0.287439
-0.003987 0.004180 0.287738
-0.006152 0.004654 0.285780
-0.011634 0.000335 0.287101
-0.007840 0.003340 0.288882
-0.007327 0.000924 0.293206
-0.004682 0.004291 0.287304
-0.010371 -0.000107 0.290786
-0.004075 0.003968 0.287097
-0.010266 -0.000162 0.290963
-0.006872 0.004734 0.286487
-0.009126 0.001900 0.288364
-0.003633 0.004550 0.288957
-0.003673 0.004722 0.289303
-0.002119 0.004132 0.289179
-0.008693 0.000033 0.291914
-0.004169 0.004368 0.294196
-0.009705 0.001393 0.288031
-0.003314 0.004780 0.289694
-0.005455 0.003616 0.293186
-0.007105 0.003388 0.290383
-0.007340 0.000672 0.293431
-0.005862 0.002396 0.293931
-0.003037 0.003107 0.285587
-0.003650 0.004944 0.289827
-0.011265 0.000536 0.286970
-0.007114 0.000326 0.294234
-0.005083 0.003145 0.294755
-0.007463 0.001816 0.291687
-0.008325 -0.000266 0.292704
-0.002325 0.005406 0.291965
-0.007270 -0.000287 0.294449
-0.003364 0.005355 0.291305
-0.009515 0.001727 0.287751
-0.009689 0.001610 0.287531
-0.005242 0.004866 0.290209
-0.007503 -0.000526 0.294107
-0.006308 0.001098 0.295076
-0.005783 0.003903 0.291982
-0.004826 0.004224 0.286953
-0.003987 0.005072 0.292787
-0.006517 0.004127 0.289834
-0.008739 0.001556 0.289682
-0.012561 -0.000883 0.290125
-0.006296 0.004823 0.286796
-0.002126 0.005634 0.292612
-0.010897 0.000418 0.288784
-0.008793 -0.000120 0.292086
-0.007707 0.001469 0.291445
-0.013241 -0.001286 0.290221
-0.005875 0.001943 0.294502
-0.005667 0.002101 0.294885
-0.005950 0.003303 0.292781
-0.005864 0.004558 0.290029
-0.007720 0.000300 0.293062
-0.010277 0.001067 0.287250
-0.004357 0.004355 0.287857
-0.003009 0.003575 0.287104
-0.007377 0.001355 0.292547
-0.010677 0.001256 0.284256
-0.007950 -0.001851 0.293918
-0.004855 0.004462 0.292340
-0.009344 0.001939 0.287692
-0.003763 0.005173 0.290446
-0.001835 0.005162 0.291711
-0.012852 -0.000416 0.288240
-0.007437 0.002510 0.290849
-0.007242 -0.000836 0.294850
-0.012550 -0.000343 0.289054
-0.009316 0.001466 0.288725
-0.006141 0.003333 0.292369
-0.003763 0.005106 0.293263
-0.009331 -0.000677 0.292139
-0.012765 -0.001412 0.290960
-0.009008 0.000519 0.290827
-0.009920 0.000233 0.290468
-0.006243 0.003426 0.292026
-0.009668 0.002139 0.285292
-0.010248 -0.001003 0.291853
-0.010637 -0.001528 0.292171
-0.006802 0.003945 0.289648
-0.011134 0.000698 0.285446
-0.007514 -0.000207 0.293853
-0.004268 0.003613 0.285215
-0.005744 0.004523 0.290557
-0.010232 -0.000756 0.291632
-0.008129 0.003431 0.287723
-0.008785 0.002513 0.287943
-0.008431 0.001266 0.290623
-0.012380 -0.000977 0.290655
-0.001785 0.004920 0.291181
-0.008664 0.003178 0.285729
-0.001955 0.003717 0.288518
-0.005852 0.001521 0.295423
-0.006715 0.003653 0.290864
-0.007198 0.004685 0.286045
-0.012177 0.000231 0.285519
-0.009514 0.002589 0.284034
-0.011058 0.000901 0.284311
-0.010098 0.000639 0.289129
-0.008493 0.003384 0.285851
-0.007210 0.002001 0.291878
-0.008548 0.002791 0.288091
-0.008034 0.002379 0.289818
-0.004459 0.004448 0.293236
-0.012549 -0.000260 0.288203
-0.006367 0.001512 0.294395
-0.006889 0.001864 0.292732
-0.008131 -0.000404 0.293021
-0.011241 0.000515 0.286347
-0.012145 -0.001106 0.291073
-0.010666 0.000192 0.289833
-0.012598 -0.000092 0.286826
-0.005607 0.003716 0.292796
-0.007610 0.003603 0.288729
-0.003370 0.003164 0.285167
-0.010755 0.000805 0.287007
-0.007746 0.000459 0.292863
-0.006886 0.003597 0.290415
-0.011848 0.000397 0.284463
-0.009238 0.000820 0.289907
-0.001723 0.004264 0.289742
-0.008671 0.000629 0.291119
-0.009507 0.002052 0.286438
-0.010982 0.000723 0.286305
-0.009766 0.002054 0.284758
-0.007550 0.002044 0.291214
-0.002677 0.005416 0.291667
-0.003855 0.005304 0.290978
-0.006489 0.004276 0.289291
-0.005827 0.004453 0.285637
-0.009229 0.002521 0.286000
-0.008201 0.003595 0.286500
-0.012344 -0.000386 0.289545
-0.011064 0.000679 0.286646
-0.006657 0.001780 0.293305
-0.009344 0.001939 0.287692
-0.007913 0.002190 0.290089
-0.005817 0.004377 0.290771
-0.008018 0.003633 0.287476
-0.009906 0.001298 0.287797
-0.005180 0.002633 0.295188
-0.002779 0.003012 0.285809
-0.013269 -0.000756 0.289108
-0.003375 0.005417 0.291780
-0.008385 0.000011 0.292254
-0.008695 0.000336 0.291487
-0.002624 0.003913 0.288339
-0.012198 -0.000602 0.290121
-0.003694 0.005127 0.290310
-0.007257 0.000555 0.293719
-0.003548 0.005346 0.291342
-0.006945 0.001526 0.293156
-0.006721 0.003911 0.290018
-0.007231 0.001855 0.292050
-0.009977 0.000508 0.289616
-0.006169 0.001565 0.294738
-0.010946 0.000486 0.288433
-0.003375 0.005417 0.291780
-0.007320 0.004091 0.287772
-0.006435 0.001294 0.294600
-0.008676 0.002983 0.287162
-0.006443 0.004415 0.288972
-0.010488 0.001003 0.286869
-0.010650 0.001217 0.284509
-0.005312 0.002842 0.294639
-0.009168 -0.001470 0.292730
-0.006495 0.003761 0.291041
-0.005689 0.001501 0.295825
-0.012015 0.000292 0.285157
-0.004825 0.004916 0.289187
-0.005037 0.004445 0.287382
-0.010634 0.000714 0.288151
-0.005827 0.001465 0.295582
-0.004768 0.004538 0.287998
-0.005475 0.004360 0.286406
-0.010577 0.001111 0.285773
-0.012620 -0.000347 0.288807
-0.005783 0.002937 0.293526
-0.001374 0.004363 0.290371
-0.011280 0.000578 0.285934
-0.002773 0.003873 0.288115
-0.013126 -0.001153 0.290048
-0.009809 0.001078 0.288366
-0.004241 0.003966 0.286968
-0.005735 0.003416 0.293027
-0.009183 0.002979 0.284380
-0.007638 0.001208 0.292204
-0.004038 0.004243 0.294753
-0.005513 0.001487 0.296183
-0.002192 0.003190 0.287096
-0.003650 0.004376 0.288487
-0.006730 0.001425 0.293694
-0.010277 0.001067 0.287250
-0.004039 0.004584 0.293718
-0.008244 0.003991 0.284813
-0.003777 0.005273 0.290795
-0.010697 0.000856 0.286699
-0.006719 0.000369 0.295112
-0.004148 0.004971 0.289795
-0.004838 0.003412 0.294916
-0.003567 0.003484 0.286189
-0.008322 0.001579 0.290412
-0.003707 0.003354 0.285619
-0.007955 -0.000498 0.293315
-0.007324 0.002395 0.291199
-0.001935 0.004487 0.290122
-0.011002 0.000541 0.288071
-0.010577 0.001111 0.285773
-0.009512 -0.001603 0.292651
-0.007941 -0.000804 0.293482
-0.006937 0.001359 0.293417
-0.005934 0.004778 0.287137
-0.006844 0.004287 0.288354
-0.006533 0.000999 0.294712
-0.012620 -0.000347 0.288807
-0.003548 0.005346 0.291342
-0.011559 -0.001138 0.291458
-0.007412 -0.000257 0.294115
-0.005864 0.004476 0.290400
-0.010483 0.001129 0.286049
-0.005205 0.002157 0.295580
-0.009787 -0.001234 0.292281
-0.004526 0.004916 0.289189
-0.005403 0.004465 0.286879
-0.007003 -0.000447 0.295168
-0.005159 0.002051 0.295747
-0.008751 0.002120 0.288654
-0.004877 0.004962 0.289550
-0.005471 0.004107 0.291988
-0.002425 0.003539 0.287674
-0.001056 0.004920 0.291601
-0.009506 -0.001315 0.292464
-0.010261 0.001565 0.284758
-0.007986 0.003084 0.288966
-0.008778 0.001986 0.288927
-0.003458 0.003595 0.286700
-0.009922 0.001705 0.286197
-0.011855 -0.001102 0.291268
-0.003747 0.005061 0.290132
-0.009367 0.000407 0.290510
-0.007568 0.004254 0.286421
-0.008470 0.000651 0.291368
-0.004325 0.003643 0.285016
-0.003206 0.004578 0.289351
-0.011648 0.000182 0.288516
-0.004459 0.005011 0.291931
-0.005345 0.004140 0.285225
-0.007956 0.000590 0.292335
-0.004246 0.004908 0.289413
-0.010213 0.001890 0.283879
-0.005776 0.004643 0.286707
-0.010008 0.001827 0.284604
-0.009395 0.002118 0.286656
-0.006886 0.003597 0.290415
-0.002713 0.003398 0.286962
-0.007722 0.004529 0.285086
-0.004248 0.004896 0.292553
-0.004780 0.004933 0.291469
-0.004683 0.003208 0.295522
-0.011665 0.000406 0.285211
-0.003015 0.005549 0.293023
-0.011589 0.000415 0.285947
-0.007155 0.003674 0.289682
-0.008781 -0.000491 0.292450
-0.006742 0.004819 0.286368
-0.009307 0.002495 0.285754
-0.008669 0.000990 0.290613
-0.002346 0.003163 0.286848
-0.005554 0.004682 0.290384
-0.009396 0.002536 0.285026
-0.010295 0.001182 0.286758
-0.009563 0.001399 0.288367
-0.004327 0.003704 0.285893
-0.003844 0.004819 0.293776
-0.010299 0.000876 0.287930
-0.012771 -0.001490 0.291188
-0.008056 -0.001531 0.293714
-0.011829 0.000330 0.285506
-0.002768 0.004871 0.290356
-0.005596 0.004439 0.286523
-0.008952 -0.001668 0.293058
-0.007755 0.003883 0.287314
-0.004299 0.004744 0.288911
-0.012719 -0.001168 0.290429
-0.007012 0.002783 0.291381
-0.008608 0.003421 0.285230
-0.008325 -0.000266 0.292704
-0.007263 0.004252 0.287386
-0.002857 0.003249 0.286444
-0.004961 0.003907 0.293748
-0.004558 0.005094 0.290396
-0.005821 0.004710 0.289486
-0.007718 -0.000192 0.293496
-0.003656 0.005323 0.290941
-0.004807 0.004316 0.292906
-0.012875 -0.000326 0.287958
-0.010989 -0.000907 0.291521
-0.007430 -0.001225 0.294641
-0.005477 0.002416 0.294832
-0.012136 -0.001359 0.291424
-0.005871 0.003136 0.293143
-0.004489 0.003953 0.286541
-0.008124 -0.001035 0.293276
-0.004000 0.004886 0.293177
-0.006929 0.004251 0.288173
-0.013325 -0.001187 0.289842
-0.006763 0.003772 0.290355
-0.006864 0.000976 0.294116
-0.003670 0.004592 0.294395
-0.006076 0.004171 0.290790
-0.010391 0.001220 0.285984
-0.002424 0.004001 0.288675
-0.012251 -0.000055 0.287970
-0.002859 0.003636 0.287409
-0.008954 0.002506 0.287241
-0.006009 0.002635 0.293382
-0.011028 0.000714 0.284996
-0.006427 0.004514 0.288750
-0.008014 0.001544 0.291013
-0.006786 0.002984 0.291594
-0.002609 0.004272 0.289157
-0.007902 0.001870 0.290667
-0.008765 0.002759 0.287377
-0.010743 0.001081 0.284692
-0.001094 0.005043 0.291856
-0.010444 0.000470 0.289191
-0.002702 0.003714 0.287779
-0.002780 0.003099 0.286123
-0.006421 0.003223 0.291972
-0.007793 0.001801 0.291077
-0.010111 0.001500 0.286296
-0.011045 -0.000287 0.290650
-0.004593 0.003694 0.294975
-0.002889 0.004398 0.289246
-0.008152 0.001440 0.290904
-0.005271 0.002207 0.295423
-0.009431 0.000194 0.290987
-0.006642 0.004795 0.286679
-0.005638 0.003850 0.292474
-0.010109 0.001524 0.286008
-0.004746 0.004415 0.287669
-0.004825 0.004916 0.289187
-0.006460 0.001699 0.293815
-0.009001 0.000592 0.290676
-0.011954 0.000169 0.286879
-0.009488 0.000578 0.290042
-0.007072 0.002093 0.291990
-0.009614 0.002211 0.285060
-0.003037 0.005247 0.290859
-0.006621 0.002087 0.292963
-0.008445 -0.000673 0.292869
-0.002258 0.004609 0.290224
-0.002429 0.004399 0.289638
-0.005089 0.002443 0.295510
-0.004939 0.003097 0.294972
-0.002678 0.004406 0.289490
-0.005569 0.004245 0.285027
-0.003968 0.003769 0.286615
-0.008855 0.000567 0.290951
-0.010420 -0.000570 0.291356
-0.012229 -0.000433 0.289798
-0.009023 0.002745 0.286202
-0.008166 0.003215 0.288290
-0.004340 0.004114 0.287205
-0.008741 -0.001654 0.293184
-0.003425 0.005277 0.293569
-0.005950 0.001668 0.294991
-0.006453 0.004128 0.290028
-0.001880 0.004797 0.290863
-0.007660 0.001128 0.292271
-0.007084 -0.000410 0.294953
-0.006183 0.003034 0.292631
-0.004581 0.004399 0.293103
-0.010553 -0.000346 0.291029
-0.009672 0.000779 0.289331
-0.008984 0.001922 0.288600
-0.011083 -0.000698 0.291256
-0.010948 0.000717 0.286823
-0.004169 0.005221 0.291412
-0.005538 0.002444 0.294643
-0.010322 0.000358 0.289705
-0.008303 -0.001521 0.293452
-0.007616 -0.001644 0.294460
-0.005259 0.004839 0.289116
-0.008804 0.002364 0.288148
-0.008859 0.002432 0.287379
-0.005871 0.003136 0.293143
-0.001335 0.004539 0.290660
-0.009411 0.002226 0.286168
-0.012470 -0.000104 0.287125
-0.009115 0.002706 0.285898
-0.006784 0.001819 0.293009
-0.004663 0.004940 0.291694
-0.009183 0.002979 0.284380
-0.009238 0.000820 0.289907
-0.009231 0.000695 0.290118
-0.002973 0.005313 0.291047
-0.012517 -0.000984 0.290448
-0.008501 0.000073 0.292068
-0.011049 -0.000160 0.290369
-0.006500 0.002052 0.293250
-0.003555 0.004066 0.287873
-0.004385 0.005142 0.291081
-0.010756 -0.001862 0.292350
-0.006633 0.004854 0.285624
-0.005336 0.003250 0.294106
-0.003406 0.005272 0.290815
-0.004007 0.004598 0.293960
-0.004663 0.004940 0.291694
-0.003165 0.004954 0.290208
-0.008849 0.002911 0.286540
-0.006569 0.003283 0.291668
-0.007820 0.001300 0.291658
-0.008343 0.003456 0.286760
-0.004271 0.004872 0.289215
-0.007043 0.000252 0.294492
-0.008865 0.001734 0.289198
-0.009904 0.002229 0.283834
-0.002879 0.005596 0.293435
-0.008765 0.002759 0.287377
-0.006465 0.000441 0.295608
-0.004990 0.004327 0.287128
-0.006533 0.004157 0.289644
-0.011198 0.000658 0.285542
-0.009144 0.002948 0.284739
-0.007907 0.004077 0.285886
-0.010862 0.000779 0.286592
-0.008218 0.002646 0.288962
-0.008268 0.002774 0.288671
-0.007856 0.003414 0.288553
-0.006029 0.004808 0.287441
-0.011004 0.000782 0.285229
-0.009856 0.001621 0.286961
-0.001983 0.004689 0.290598
-0.005378 0.004042 0.292401
-0.005837 0.003539 0.292698
-0.008025 0.003698 0.287147
-0.007579 0.004533 0.285485
-0.005972 0.001957 0.294312
-0.003903 0.005006 0.289895
-0.003514 0.005103 0.293860
-0.008242 0.001240 0.290933
-0.010792 0.000310 0.289328
-0.005629 0.004792 0.288247
-0.009396 0.002536 0.285026
-0.008956 0.002247 0.287947
-0.008422 0.000429 0.291711
-0.012550 -0.000526 0.289601
-0.012284 -0.000070 0.287684
-0.005622 0.004643 0.287040
-0.007847 -0.001462 0.293879
-0.011966 0.000156 0.287236
-0.002328 0.003800 0.288361
-0.007420 0.004641 0.285599
-0.006390 0.001945 0.293606
-0.007806 0.004345 0.285351
-0.011900 -0.000913 0.290961
-0.008208 0.002209 0.289706
-0.008192 -0.000184 0.292769
-0.009871 -0.000537 0.291619
-0.001762 0.003781 0.288777
-0.002761 0.003472 0.287112
-0.002203 0.004374 0.289681
-0.007147 0.001158 0.293296
-0.004145 0.005049 0.290114
-0.012385 -0.000804 0.290274
-0.005959 0.004360 0.290567
-0.007840 0.003340 0.288882
-0.011829 0.000330 0.285506
-0.008431 0.002586 0.288644
-0.004322 0.003902 0.295049
-0.004306 0.005017 0.292206
-0.006183 0.003034 0.292631
-0.010277 -0.000334 0.291202
-0.008185 0.003973 0.285188
-0.009191 0.001989 0.287980
-0.004169 0.005211 0.290796
-0.007482 0.000074 0.293701
-0.005284 0.001868 0.295864
-0.007882 -0.001676 0.293946
-0.005944 0.001528 0.295228
-0.004684 0.004210 0.293441
-0.007098 0.000637 0.293980
-0.006713 0.004165 0.289102
-0.011110 -0.001762 0.292204
-0.004469 0.005054 0.291760
-0.008599 0.002016 0.289274
-0.013236 -0.000803 0.289301
-0.012994 -0.000323 0.287557
-0.004378 0.003981 0.294685
-0.010792 0.000634 0.288193
-0.004112 0.003661 0.286073
-0.003375 0.003216 0.285521
-0.007266 0.000280 0.293961
-0.001084 0.004406 0.290508
-0.008633 0.002549 0.288274
-0.002523 0.005137 0.291072
-0.007552 0.003490 0.289305
-0.007281 0.000006 0.294156
-0.005963 0.004652 0.289261
-0.007252 0.002071 0.291719
-0.013126 -0.001153 0.290048
-0.005042 0.002162 0.295951
-0.004007 0.004598 0.293960
-0.010133 -0.001565 0.292384
-0.008672 0.001794 0.289478
-0.010626 0.000651 0.288340
-0.008119 -0.002283 0.294107
-0.006774 0.004833 0.285789
-0.007943 -0.001034 0.293569
-0.008423 0.003381 0.286270
-0.009542 0.002018 0.286135
-0.011884 -0.000142 0.289292
-0.008346 0.002248 0.289432
-0.011640 -0.001655 0.291998
-0.011345 0.000374 0.288206
-0.011789 -0.000193 0.289702
-0.009275 0.000389 0.290729
-0.003194 0.003856 0.287631
-0.005647 0.004764 0.289015
-0.008017 0.003232 0.288481
-0.009456 0.000842 0.289536
-0.009715 -0.000086 0.291261
-0.010086 0.000920 0.288189
-0.007644 0.004379 0.285742
-0.006493 0.004868 0.286472
-0.009683 0.000589 0.289790
-0.003626 0.005349 0.291638
-0.009232 0.002226 0.287224
-0.009700 0.001697 0.287249
-0.005362 0.004776 0.288246
-0.006802 0.003945 0.289648
-0.010897 -0.001624 0.292139
-0.005210 0.004396 0.286963
-0.012833 -0.000486 0.288758
-0.012790 -0.000562 0.289375
-0.007711 -0.000543 0.293718
-0.007644 0.004379 0.285742
-0.011105 -0.000459 0.290947
-0.011351 -0.000451 0.290711
-0.011966 0.000156 0.287236
-0.005276 0.004739 0.288094
-0.003146 0.003755 0.287398
-0.007138 0.000087 0.294284
-0.007378 0.004598 0.285845
-0.006233 0.004479 0.289318
-0.005984 0.004717 0.287989
-0.002741 0.004101 0.288624
-0.011415 0.000146 0.289218
-0.008859 0.002432 0.287379
-0.007101 0.001917 0.292213
-0.008343 -0.002282 0.293921
-0.002873 0.005427 0.291641
-0.003176 0.005449 0.293255
-0.005584 0.004727 0.290014
-0.003132 0.005150 0.290582
-0.009811 0.000787 0.289125
-0.009199 0.002109 0.287608
-0.008261 0.003474 0.287148
-0.008393 0.003686 0.285251
-0.006152 0.004658 0.285406
-0.011261 0.000970 0.283787
-0.007557 0.004825 0.284778
-0.005476 0.004517 0.291127
-0.006162 0.004230 0.290424
-0.010861 -0.001480 0.292019
-0.010194 0.001607 0.284566
-0.010689 0.000722 0.287609
-0.010108 0.001364 0.286847
-0.004282 0.003623 0.285531
-0.008753 0.002968 0.286874
-0.008463 -0.002156 0.293729
-0.008292 0.001513 0.290561
-0.009956 0.000625 0.289318
-0.008204 0.001767 0.290365
-0.006460 0.001699 0.293815
-0.008982 0.000526 0.290402
-0.007694 -0.001893 0.294420
-0.007491 -0.001487 0.294584
-0.004744 0.005051 0.290275
-0.006767 0.002108 0.292608
-0.010780 -0.000166 0.290613
-0.010688 0.000903 0.286103
-0.007040 0.002935 0.291186
-0.002386 0.004155 0.289018
-0.002086 0.003970 0.288877
-0.006615 0.004728 0.287099
-0.012136 -0.001359 0.291424
-0.005991 0.004777 0.287765
-0.009686 0.001530 0.287839
-0.009488 0.001872 0.287409
-0.006052 0.001777 0.294519
-0.006133 0.004644 0.285055
-0.007219 0.000754 0.293603
-0.007077 0.004827 0.285643
-0.009845 0.001750 0.286367
-0.009288 -0.000960 0.292367
-0.010433 -0.000217 0.290879
-0.011949 -0.000517 0.290325
-0.007410 0.003887 0.288325
-0.001926 0.004550 0.290348
-0.011293 0.000577 0.285224
-0.008561 0.003496 0.285185
-0.009955 0.002084 0.284054
-0.007118 0.003469 0.290162
-0.005735 0.004362 0.285157
-0.002632 0.005571 0.292471
-0.003366 0.005500 0.292301
-0.011767 0.000232 0.287735
-0.008292 0.001513 0.290561
-0.002879 0.005596 0.293435
-0.004356 0.004131 0.294373
-0.010744 0.000547 0.288559
-0.002618 0.003572 0.287516
-0.011670 0.000742 0.283430
-0.010140 0.000247 0.290236
-0.004045 0.005244 0.291627
-0.003782 0.004809 0.294000
-0.006163 0.001245 0.295210
-0.004455 0.004652 0.288576
-0.002326 0.003391 0.287391
-0.008057 0.002645 0.289283
-0.004577 0.003850 0.286030
-0.005068 0.003883 0.293478
-0.010995 0.001213 0.283796
-0.009719 0.000007 0.291073
-0.007755 0.003883 0.287314
-0.010145 0.000408 0.289601
-0.010407 -0.001080 0.291896
-0.004870 0.004180 0.293115
-0.002326 0.004527 0.289980
-0.007998 0.003558 0.287812
-0.006527 0.003036 0.291990
-0.005450 0.004796 0.288865
-0.012344 -0.000386 0.289545
-0.011184 0.000176 0.289421
-0.007964 0.000027 0.292877
-0.009773 0.001791 0.286556
-0.006259 0.004823 0.286386
-0.008445 -0.000193 0.292486
-0.004076 0.003547 0.285763
-0.009411 0.002226 0.286168
-0.005019 0.004122 0.286342
-0.008745 -0.000808 0.292696
-0.006758 0.000753 0.294579
-0.011774 -0.000561 0.290607
-0.004638 0.003474 0.295246
-0.002509 0.004491 0.289789
-0.002467 0.003705 0.288025
-0.005620 0.004483 0.290931
-0.004246 0.004908 0.289413
-0.007907 0.004409 0.284840
-0.006775 0.002151 0.292433
-0.005309 0.004256 0.286407
-0.009557 -0.000582 0.291896
-0.012627 -0.000698 0.289745
-0.008300 0.001814 0.290006
-0.007757 0.002913 0.289740
-0.007332 -0.001004 0.294726
-0.005926 0.004584 0.289749
-0.006995 0.004286 0.287840
-0.007499 0.000310 0.293448
-0.007111 0.000034 0.294521
-0.005254 0.004787 0.288840
-0.009331 -0.000677 0.292139
-0.012658 -0.001286 0.290840
-0.002462 0.005714 0.293110
-0.009028 0.001067 0.289841
-0.011451 -0.000357 0.290524
-0.004844 0.003879 0.285258
-0.006438 0.000674 0.295371
-0.006775 0.004065 0.289262
-0.004208 0.004705 0.292973
-0.001955 0.003717 0.288518
-0.005500 0.004299 0.291475
-0.002991 0.004091 0.288404
-0.009367 0.000407 0.290510
-0.008265 0.002479 0.289206
-0.012789 -0.000498 0.289102
-0.010585 -0.000886 0.291634
-0.009895 0.001470 0.287280
-0.004715 0.003971 0.286340
-0.005725 0.004763 0.288757
-0.008331 0.003871 0.284960
-0.008166 0.003215 0.288290
-0.009721 0.000055 0.290872
-0.008385 0.000011 0.292254
-0.002519 0.003034 0.286338
-0.003675 0.003919 0.287330
-0.006152 0.002770 0.292981
-0.005088 0.004919 0.290804
-0.003775 0.003475 0.285952
-0.005537 0.004797 0.289674
-0.010834 -0.001278 0.291918
-0.001723 0.004264 0.289742
-0.005645 0.004754 0.287714
-0.001661 0.005017 0.291498
-0.002519 0.003034 0.286338
-0.006085 0.004782 0.286954
-0.011964 -0.000750 0.290688
-0.007459 0.003559 0.289433
-0.007707 0.000941 0.292414
-0.003900 0.003641 0.286284
-0.008648 0.003177 0.286327
-0.009758 0.000966 0.288615
-0.007389 0.002755 0.290631
-0.001107 0.004842 0.291371
-0.002879 0.005596 0.293435
-0.011387 0.000468 0.285792
-0.008128 -0.002023 0.293916
-0.007509 -0.001242 0.294512
-0.009470 0.001144 0.288820
-0.007138 0.000087 0.294284
-0.009264 0.001685 0.288500
-0.010031 -0.000129 0.291070
-0.013236 -0.000803 0.289301
-0.008373 0.003497 0.286040
-0.012833 -0.000486 0.288758
-0.011223 -0.001494 0.291940
-0.006946 0.004641 0.286709
-0.007114 0.000326 0.294234
-0.007025 0.001848 0.292461
-0.004201 0.005165 0.291946
-0.009717 0.000647 0.289520
-0.006558 0.002327 0.292737
-0.010605 0.001189 0.284917
-0.001423 0.004732 0.290939
-0.008210 0.003655 0.286247
-0.009365 0.000844 0.289738
-0.008824 0.002995 0.286210
-0.003245 0.005346 0.291155
-0.002779 0.005599 0.292751
-0.009734 0.002309 0.284020
-0.000940 0.004614 0.290998
-0.009955 0.002084 0.284054
-0.001626 0.004450 0.290284
-0.007065 0.004438 0.287240
-0.007003 -0.000447 0.295168
-0.001430 0.004860 0.291232
-0.006236 0.003981 0.291028
-0.007704 0.003170 0.289526
-0.010009 0.001422 0.287053
-0.007575 -0.001124 0.294340
-0.008642 -0.002323 0.293639
-0.004032 0.004606 0.288786
-0.009431 0.000194 0.290987
-0.009839 0.001898 0.285457
-0.008631 -0.001013 0.292914
-0.012379 0.000129 0.285833
-0.004528 0.003726 0.285356
-0.005726 0.003196 0.293354
-0.003258 0.005407 0.291619
-0.009938 0.000131 0.290701
-0.006044 0.003319 0.292579
-0.009961 0.000306 0.290307
-0.003575 0.003781 0.287056
-0.002831 0.005566 0.292561
-0.004930 0.003963 0.285659
-0.004474 0.004938 0.289386
-0.009650 0.001821 0.287084
-0.011928 0.000129 0.287965
-0.013237 -0.000627 0.288806
-0.006071 0.004563 0.289499
-0.005991 0.004777 0.287765
-0.006337 0.004801 0.284830
-0.005123 0.004034 0.285229
-0.010634 0.000714 0.288151
-0.008550 0.000157 0.291775
-0.005009 0.004933 0.289339
-0.009827 0.001909 0.284912
-0.005752 0.004606 0.290219
-0.006849 -0.000082 0.295253
-0.006531 0.003475 0.291469
-0.008217 0.003791 0.285645
-0.007412 -0.000257 0.294115
-0.006610 0.004481 0.288182
-0.001835 0.005162 0.291711
-0.007248 0.004418 0.286762
-0.009038 0.000961 0.290026
-0.004248 0.004896 0.292553
-0.004683 0.003208 0.295522
-0.007231 0.001855 0.292050
-0.006963 0.005186 0.284741
-0.003947 0.005224 0.290618
-0.010989 -0.000907 0.291521
-0.007025 0.004388 0.287452
-0.004790 0.005011 0.291058
-0.008489 -0.000427 0.292671
-0.001723 0.004264 0.289742
-0.012559 -0.000176 0.287895
-0.011761 0.000253 0.287451
-0.011277 0.000458 0.287977
-0.008053 0.002198 0.289960
-0.008391 0.002796 0.288443
-0.006493 0.002541 0.292577
-0.008496 -0.001543 0.293292
-0.009835 0.001912 0.285113
-0.012503 -0.001490 0.291394
-0.003757 0.005177 0.293079
-0.005382 0.004621 0.287553
-0.007367 -0.000532 0.294396
-0.009165 0.001250 0.289278
-0.010948 0.000717 0.286823
-0.011062 0.000803 0.284629
-0.012399 -0.000252 0.288761
-0.010071 0.001021 0.287946
-0.006784 0.001819 0.293009
-0.008174 0.000037 0.292534
-0.005922 0.002149 0.294147
-0.004104 0.004351 0.288108
-0.012598 -0.000092 0.286826
-0.002425 0.003539 0.287674
-0.010230 0.001746 0.284044
-0.004495 0.004127 0.287028
-0.007138 -0.000765 0.295018
-0.006527 0.001484 0.294039
-0.009743 0.001990 0.285705
-0.005027 0.003971 0.284914
-0.008453 0.003017 0.287880
-0.007952 -0.000195 0.293111
-0.005367 0.004276 0.291733
-0.010121 0.001648 0.285132
-0.006719 0.000369 0.295112
-0.005963 0.003946 0.291496
-0.012030 0.000004 0.288506
-0.002694 0.005626 0.292973
-0.004715 0.003971 0.286340
-0.005020 0.003713 0.294023
-0.011467 0.000496 0.284982
-0.009836 -0.001042 0.292004
-0.006119 0.001487 0.294970
-0.013096 -0.001049 0.289861
-0.007052 0.002552 0.291464
-0.008303 -0.001521 0.293452
-0.008745 -0.000808 0.292696
-0.005454 0.004428 0.286719
-0.013352 -0.001327 0.290101
-0.005336 0.003250 0.294106
-0.003346 0.003763 0.287221
-0.005557 0.003260 0.293658
-0.003363 0.003452 0.286397
-0.011743 -0.000000 0.289211
-0.003094 0.004396 0.289050
-0.012346 -0.000230 0.288979
-0.005084 0.004233 0.286660
-0.007136 0.001604 0.292617
-0.007433 -0.001731 0.294777
-0.012087 0.000030 0.287832
-0.005998 0.001315 0.295456
-0.003555 0.004066 0.287873
-0.011830 -0.001329 0.291539
-0.003291 0.003976 0.287876
-0.004532 0.004086 0.286861
-0.007258 0.001218 0.292986
-0.008478 0.000768 0.291183
-0.006566 0.003981 0.290245
-0.011556 0.000382 0.286769
-0.004378 0.004454 0.293446
-0.003062 0.003964 0.288086
-0.005666 0.002438 0.294327
-0.005659 0.004718 0.287368
-0.011841 0.000299 0.286195
-0.005566 0.004359 0.286024
-0.004577 0.003850 0.286030
-0.007665 0.002277 0.290671
-0.009337 0.002877 0.284024
-0.005252 0.004782 0.288393
-0.008099 0.002770 0.289106
-0.007159 0.004758 0.285867
-0.006641 0.004362 0.288717
-0.009394 0.002124 0.286886
-0.012367 -0.001158 0.290942
-0.009396 -0.001963 0.292908
-0.009348 0.002731 0.284398
-0.011672 0.000649 0.283758
-0.005811 0.002616 0.293747
-0.001963 0.003451 0.287886
-0.005279 0.004767 0.290949
-0.003094 0.003456 0.286835
-0.007886 -0.001969 0.294132
-0.008855 0.000567 0.290951
-0.008064 0.000720 0.291982
-0.004176 0.005212 0.291268
-0.011978 -0.000343 0.289916
-0.009081 0.002936 0.285053
-0.004036 0.004714 0.293510
-0.010270 -0.001405 0.292213
-0.006665 0.002817 0.291944
-0.010456 0.000544 0.288921
-0.012859 -0.000921 0.289884
-0.008498 0.003634 0.285037
-0.007314 0.003200 0.290213
-0.006998 0.003209 0.290965
-0.007791 0.002435 0.290126
-0.012470 -0.000104 0.287125
-0.012614 -0.001147 0.290662
-0.005600 0.004789 0.288438
-0.003410 0.003907 0.287543
-0.005342 0.003632 0.293476
-0.005855 0.004431 0.284982
-0.009192 -0.000051 0.291606
-0.011068 0.000410 0.288284
-0.005720 0.001804 0.295217
-0.008364 0.003636 0.285447
-0.010851 0.000643 0.287837
-0.005216 0.003009 0.294639
-0.008939 0.001477 0.289418
-0.005332 0.004203 0.291879
-0.009047 0.003226 0.284257
-0.004459 0.004448 0.293236
-0.004409 0.003771 0.286055
-0.006590 0.003605 0.291152
-0.011415 0.000146 0.289218
-0.005147 0.001913 0.296168
-0.010754 0.001321 0.284018
-0.009671 -0.001959 0.292832
-0.010872 0.000935 0.284877
-0.008125 0.003085 0.288611
-0.009560 0.002409 0.284376
-0.004903 0.004978 0.290132
-0.013059 -0.000729 0.289327
-0.012084 0.000054 0.287572
-0.004886 0.004072 0.293352
-0.006621 0.002087 0.292963
-0.011771 0.000220 0.286803
-0.005667 0.003059 0.293674
-0.010762 0.000996 0.285243
-0.005225 0.004098 0.285685
-0.009956 0.000625 0.289318
-0.010826 -0.001038 0.291725
-0.011370 -0.000301 0.290409
-0.005482 0.004259 0.285698
-0.005017 0.004825 0.291302
-0.004826 0.004034 0.293662
-0.007298 0.003853 0.288687
-0.007491 0.002263 0.291041
-0.006234 0.000680 0.295841
-0.008437 0.000959 0.290966
-0.006566 0.003509 0.291285
-0.004530 0.004764 0.288788
-0.005225 0.004098 0.285685
-0.007647 0.003664 0.288416
-0.006889 0.001864 0.292732
-0.006781 0.003256 0.291315
-0.011038 0.000566 0.287711
-0.003801 0.005334 0.292579
-0.007711 -0.000543 0.293718
-0.009084 0.001770 0.288724
-0.007722 0.000034 0.293283
-0.006360 0.004724 0.285618
-0.008148 0.004149 0.284600
-0.010785 0.000175 0.289647
-0.007839 0.000887 0.292200
-0.002015 0.004398 0.289844
-0.008984 0.001271 0.289624
-0.001894 0.004150 0.289395
-0.010830 0.000858 0.285909
-0.009274 0.001041 0.289457
-0.005991 0.004777 0.287765
-0.005310 0.001856 0.295651
-0.008196 0.001054 0.291128
-0.007512 0.004111 0.287158
-0.008456 0.001807 0.289820
-0.009008 -0.000831 0.292501
-0.005635 0.002648 0.294121
-0.003656 0.005323 0.290941
-0.012891 -0.000255 0.287244
-0.009166 0.001067 0.289646
-0.005938 0.003640 0.292313
-0.006365 0.003420 0.291832
-0.008088 0.004186 0.284901
-0.008510 0.001613 0.289996
-0.009090 0.000381 0.290989
-0.007544 0.004172 0.286798
-0.008164 -0.001286 0.293348
-0.011597 0.000465 0.284858
-0.006998 0.001617 0.292806
-0.009059 -0.000599 0.292286
-0.006089 0.004642 0.288909
-0.008854 0.000077 0.291690
-0.009667 -0.000951 0.292095
-0.013237 -0.000627 0.288806
-0.006048 0.004681 0.286029
-0.004165 0.004210 0.287647
-0.008230 0.000938 0.291347
-0.011436 0.000421 0.287343
-0.008458 0.002408 0.288869
-0.009991 0.001818 0.284863
-0.005870 0.003888 0.291796
-0.006799 0.000250 0.295049
-0.008591 0.002232 0.288796
-0.005007 0.004822 0.288859
-0.005862 0.002396 0.293931
-0.006812 0.001232 0.293857
-0.005959 0.004360 0.290567
-0.009677 -0.000244 0.291474
-0.008087 0.003701 0.286794
-0.004762 0.004109 0.286660
-0.008705 -0.002140 0.293525
-0.008932 0.002119 0.288297
-0.012200 -0.000033 0.288263
-0.003596 0.004436 0.288681
-0.002119 0.004132 0.289179
-0.010987 0.000040 0.289988
-0.005347 0.002607 0.294863
-0.007470 0.001428 0.292237
-0.012698 -0.000388 0.288470
-0.004112 0.003661 0.286073
-0.004719 0.004759 0.288673
-0.006187 0.004562 0.289137
-0.002223 0.003551 0.287864
-0.004942 0.004947 0.289819
-0.006199 0.004780 0.286233
-0.004793 0.003661 0.294592
-0.005028 0.004019 0.285453
-0.007459 0.003559 0.289433
-0.006118 0.002169 0.293779
-0.007882 -0.001676 0.293946
-0.002564 0.002861 0.285670
-0.010485 0.001338 0.284534
-0.010921 0.000986 0.284493
-0.004351 0.004958 0.289939
-0.007587 0.002734 0.290131
-0.009524 0.000918 0.289236
-0.010076 0.001625 0.285487
-0.003730 0.005379 0.292299
-0.007498 0.003971 0.287753
-0.008415 -0.000073 0.292322
-0.007956 0.003468 0.288210
-0.004710 0.004636 0.288334
-0.002882 0.005050 0.290568
-0.008217 0.003791 0.285645
-0.008678 0.003244 0.285553
-0.008250 0.003350 0.287553
-0.005221 0.004880 0.289484
-0.010739 0.000016 0.290245
-0.011248 -0.000479 0.290900
-0.004649 0.004811 0.291993
-0.008517 0.002225 0.289082
-0.006493 0.004868 0.286472
-0.012470 -0.000104 0.287125
-0.006368 0.003990 0.290729
-0.006678 0.001606 0.293545
-0.002582 0.002951 0.286047
-0.009899 0.001191 0.287988
-0.012503 -0.001490 0.291394
-0.011436 0.000421 0.287343
-0.009507 0.002052 0.286438
-0.007213 0.003826 0.289047
-0.012042 -0.000242 0.289523
-0.002632 0.005571 0.292471
-0.002603 0.004939 0.290596
-0.012858 -0.000787 0.289674
-0.007835 0.003971 0.286598
-0.007851 0.001391 0.291415
-0.008949 -0.000103 0.291923
-0.007853 -0.001177 0.293789
-0.007846 -0.000330 0.293394
-0.010929 0.000760 0.286493
-0.010605 0.001189 0.284917
-0.006258 0.004624 0.288569
-0.007668 0.002418 0.290318
-0.010971 0.001063 0.284160
-0.010017 0.001525 0.286548
-0.008907 0.000719 0.290520
-0.010929 0.000760 0.286493
-0.004304 0.005178 0.291471
-0.011351 -0.000900 0.291335
-0.012852 -0.000416 0.288240
-0.012620 -0.000483 0.288165
-0.005244 0.003121 0.294437
-0.005604 0.002965 0.293865
-0.007173 0.003176 0.290610
-0.008238 -0.001830 0.293709
-0.007918 0.000324 0.292679
-0.010277 0.001067 0.287250
-0.009190 0.002382 0.286846
-0.004744 0.003903 0.285850
-0.010971 0.001063 0.284160
-0.011684 0.000546 0.284085
-0.007586 0.001622 0.291439
-0.006968 0.003836 0.289586
-0.007902 0.001870 0.290667
-0.007745 -0.001296 0.294036
-0.012157 0.000105 0.286590
-0.006272 0.003757 0.291424
-0.002813 0.005606 0.293277
-0.012445 -0.000101 0.287544
-0.011458 0.000062 0.289514
-0.010539 0.000575 0.288666
-0.003279 0.003301 0.286032
-0.005279 0.004767 0.290949
-0.002901 0.004778 0.290085
-0.009278 0.001316 0.288987
-0.006635 0.000387 0.295289
-0.005725 0.004763 0.288757
-0.006919 0.002649 0.291663
-0.005455 0.003270 0.293875
-0.010726 -0.000709 0.291378
-0.002593 0.004674 0.290130
-0.008250 0.003350 0.287553
-0.011696 0.000239 0.288143
-0.007745 -0.001296 0.294036
-0.011306 0.000310 0.288558
-0.003363 0.003452 0.286397
-0.006035 0.004770 0.286651
-0.010339 0.001391 0.285473
-0.010785 0.000175 0.289647
-0.010121 0.001648 0.285132
-0.003638 0.005224 0.290611
-0.006774 0.004833 0.285789
-0.007117 0.005113 0.284912
-0.008013 0.000981 0.291743
-0.009292 0.002325 0.286478
-0.006474 0.002832 0.292283
-0.007983 0.002620 0.289656
-0.004244 0.004557 0.288519
-0.009634 0.002232 0.284556
-0.003501 0.003387 0.285999
-0.003414 0.005422 0.293001
-0.011250 0.000818 0.284125
-0.011606 0.000134 0.288866
-0.012743 -0.000922 0.290032
-0.007338 0.003661 0.289362
-0.007492 0.001140 0.292619
-0.009503 -0.001054 0.292267
-0.010881 0.000673 0.287378
-0.002998 0.003820 0.287746
-0.003838 0.005319 0.291995
-0.010442 0.000219 0.290032
-0.007138 -0.000765 0.295018
-0.006873 0.002231 0.292076
-0.003805 0.004946 0.289694
-0.007494 0.003201 0.289879
-0.006072 0.002365 0.293595
-0.003837 0.004495 0.288692
-0.011456 0.000476 0.285550
-0.010396 0.001389 0.285103
-0.009029 0.002159 0.287768
-0.001376 0.004184 0.289860
-0.006254 0.004323 0.289881
-0.011049 0.000702 0.286037
-0.010240 -0.001992 0.292599
-0.005163 0.004305 0.292061
-0.006606 0.001277 0.294267
-0.011666 -0.000258 0.290086
-0.004706 0.003807 0.285474
-0.004944 0.002937 0.295362
-0.011373 0.000423 0.287831
-0.003475 0.005358 0.291446
-0.002150 0.005270 0.291732
-0.004897 0.004993 0.290874
-0.012176 -0.000265 0.289304
-0.008449 0.003223 0.287235
-0.012505 0.000028 0.286167
-0.002429 0.004399 0.289638
-0.005445 0.001887 0.295498
-0.005587 0.004304 0.285346
-0.008348 -0.001289 0.293239
-0.007378 0.004763 0.285354
-0.007787 0.002658 0.289942
-0.006990 0.000566 0.294294
-0.004664 0.004012 0.286543
-0.009168 -0.001470 0.292730
-0.007943 -0.001034 0.293569
-0.002319 0.005533 0.292347
-0.006118 0.002169 0.293779
-0.010756 -0.001862 0.292350
-0.007800 -0.000848 0.293742
-0.008692 0.002734 0.287711
-0.007755 0.003883 0.287314
-0.002151 0.005420 0.292090
-0.005016 0.002410 0.295736
-0.013324 -0.000956 0.289479
-0.004577 0.003850 0.286030
-0.005576 0.004555 0.286861
-0.007677 0.003770 0.288027
-0.006141 0.003333 0.292369
-0.007227 -0.001128 0.295040
-0.005152 0.003333 0.294365
-0.010314 0.001344 0.285840
-0.005849 0.002670 0.293598
-0.009208 0.002507 0.286248
-0.011798 0.000266 0.286547
-0.010032 -0.002049 0.292739
-0.011629 -0.000864 0.291113
-0.005752 0.002193 0.294484
-0.003528 0.005473 0.292689
-0.006423 0.004063 0.290359
-0.006341 0.002770 0.292608
-0.001720 0.004402 0.290028
-0.007660 0.001128 0.292271
-0.011604 -0.000665 0.290813
-0.004684 0.004210 0.293441
-0.011119 0.000358 0.288672
-0.006318 0.002161 0.293418
-0.012078 -0.000167 0.289191
-0.007414 0.003694 0.288995
-0.001919 0.005057 0.291498
-0.003271 0.004687 0.289523
-0.004868 0.003166 0.295173
-0.009486 0.001985 0.287090
-0.001493 0.005186 0.291917
-0.006692 0.000130 0.295435
-0.009811 0.000787 0.289125
-0.008057 0.002645 0.289283
-0.009183 0.002979 0.284380
-0.005631 0.004764 0.288041
-0.009563 0.002348 0.284760
-0.012201 -0.000950 0.290777
-0.006775 0.002151 0.292433
-0.003136 0.005554 0.292711
-0.004439 0.004492 0.288187
-0.008588 0.003649 0.284678
-0.005659 0.004718 0.287368
-0.006131 0.004749 0.286186
-0.008088 0.004186 0.284901
-0.002761 0.003472 0.287112
-0.007236 0.004337 0.287126
-0.013095 -0.000445 0.288070
-0.006603 0.002588 0.292288
-0.002393 0.005578 0.292548
-0.008377 -0.000962 0.293071
-0.010270 -0.001405 0.292213
-0.009470 0.001144 0.288820
-0.006400 0.002314 0.293036
-0.012256 0.000005 0.287227
-0.008229 0.000693 0.291704
-0.007952 -0.000195 0.293111
-0.008290 0.003983 0.284416
-0.006146 0.004346 0.290039
-0.010297 0.001310 0.286171
-0.003271 0.004687 0.289523
-0.005757 0.003719 0.292573
-0.002986 0.005542 0.292357
-0.005059 0.004274 0.292417
-0.007376 0.004505 0.286154
-0.011223 -0.001494 0.291940
-0.007091 -0.000807 0.295245
-0.009445 -0.002169 0.293065
-0.007132 0.003939 0.288799
-0.003967 0.003444 0.285083
-0.013348 -0.001561 0.290510
-0.005098 0.003498 0.294244
-0.009799 0.001461 0.287665
-0.003763 0.005106 0.293263
-0.006716 0.004578 0.287487
-0.005309 0.004256 0.286407
-0.005959 0.004360 0.290567
-0.005019 0.004765 0.288505
-0.005554 0.004606 0.290709
-0.001049 0.004471 0.290731
-0.011136 0.000675 0.285777
-0.004406 0.005160 0.290569
-0.001701 0.004547 0.290495
-0.011145 -0.001141 0.291672
-0.006338 0.001713 0.293972
-0.006465 0.000441 0.295608
-0.008963 -0.001126 0.292701
-0.007793 0.001122 0.291999
-0.003626 0.005349 0.291638
-0.009691 0.001964 0.285995
-0.002622 0.003230 0.286661
-0.012367 -0.000176 0.288574
-0.003265 0.003599 0.286932
-0.004530 0.004764 0.288788
-0.008579 0.001304 0.290390
-0.005152 0.003333 0.294365
-0.012213 -0.000791 0.290461
-0.009316 0.001466 0.288725
-0.008130 0.003791 0.286060
-0.007720 0.000300 0.293062
-0.003116 0.003103 0.285376
-0.011306 0.000310 0.288558
-0.003576 0.005483 0.292483
-0.008914 0.003022 0.285540
-0.006844 0.004287 0.288354
-0.006141 0.000926 0.295754
-0.011235 0.000264 0.288919
-0.003399 0.004931 0.289991
-0.010073 0.000401 0.289904
-0.010420 0.000780 0.288137
-0.007907 0.004409 0.284840
-0.003960 0.004742 0.289137
-0.004362 0.005048 0.290258
-0.012011 0.000146 0.286430
-0.005934 0.004778 0.287137
-0.004780 0.004933 0.291469
-0.009377 0.002640 0.284714
-0.011070 0.000611 0.287180
-0.005136 0.004477 0.291745
-0.004229 0.004462 0.293786
-0.004547 0.005024 0.290131
-0.001983 0.004689 0.290598
-0.003363 0.003452 0.286397
-0.006105 0.001401 0.295114
-0.011455 -0.001357 0.291691
-0.003865 0.004598 0.294215
-0.003488 0.005078 0.290264
-0.005444 0.001657 0.296016
-0.009930 0.001999 0.284289
-0.010432 0.001725 0.283769
-0.007871 -0.002342 0.294402
-0.003865 0.004598 0.294215
-0.006730 0.001425 0.293694
-0.009072 0.002619 0.286546
-0.010285 0.001045 0.287428
-0.002061 0.005081 0.291362
-0.004378 0.003981 0.294685
-0.006035 0.004770 0.286651
-0.008230 0.000938 0.291347
-0.004287 0.004606 0.293164
-0.004622 0.003778 0.294545
-0.009953 -0.000213 0.291232
-0.011492 0.000609 0.284290
-0.008693 0.000033 0.291914
-0.012417 -0.001097 0.290815
-0.011815 0.000052 0.288565
-0.007944 0.004137 0.285533
-0.005950 0.001668 0.294991
-0.006983 -0.000079 0.294932
-0.006882 0.002118 0.292308
-0.007864 0.004025 0.286241
-0.002523 0.005137 0.291072
-0.012177 0.000231 0.285519
-0.001701 0.004547 0.290495
-0.001409 0.004052 0.289608
-0.009880 0.001651 0.286717
-0.006649 0.004522 0.287855
-0.011214 0.000079 0.289768
-0.012002 -0.000043 0.288842
-0.005500 0.004299 0.291475
-0.011216 0.000754 0.284478
-0.006403 0.003531 0.291632
-0.007378 0.003977 0.288121
-0.005608 0.004775 0.289306
-0.009278 0.001316 0.288987
-0.001294 0.005036 0.291730
-0.005243 0.004530 0.291500
-0.008073 0.003770 0.286424
-0.006848 0.004971 0.285444
-0.012905 -0.001471 0.290766
-0.002598 0.005328 0.291465
-0.002707 0.004550 0.289789
-0.012130 0.000045 0.286998
-0.010470 0.001089 0.286442
-0.005700 0.004496 0.286336
-0.011408 0.000670 0.284038
-0.008346 0.003476 0.286445
-0.007136 0.004062 0.288339
-0.003834 0.005300 0.291361
-0.007519 -0.000866 0.294277
-0.009028 -0.001802 0.293100
-0.009773 0.001791 0.286556
-0.006667 0.001021 0.294467
-0.006981 0.004004 0.288943
-0.003161 0.005390 0.293803
-0.001935 0.004487 0.290122
-0.007818 0.000484 0.292711
-0.009015 0.000762 0.290292
-0.008716 0.000772 0.290831
-0.010572 0.001144 0.285119
-0.009977 0.001700 0.285824
-0.003966 0.004453 0.288473
-0.008959 0.002678 0.286892
-0.004825 0.004916 0.289187
-0.009582 0.001500 0.288165
-0.011616 -0.000397 0.290475
-0.008020 0.001740 0.290720
-0.008572 0.003227 0.286627
-0.001302 0.005166 0.291956
-0.006581 0.000662 0.295096
-0.007262 0.003459 0.289939
-0.010410 0.000893 0.287603
-0.003711 0.005057 0.293478
-0.012522 -0.000038 0.286471
-0.006261 0.004368 0.289647
-0.008480 -0.001820 0.293504
-0.005269 0.004183 0.286049
-0.005316 0.004693 0.287875
-0.008940 0.002379 0.287584
-0.005997 0.004698 0.286298
-0.011751 -0.001503 0.291763
-0.003320 0.004406 0.288865
-0.010266 -0.000162 0.290963
-0.006348 0.004619 0.288258
-0.012054 -0.000915 0.290871
-0.002535 0.005406 0.291826
-0.011504 0.000541 0.284677
-0.008993 -0.000343 0.292155
-0.006204 0.002837 0.292803
-0.010849 -0.000523 0.291127
-0.003673 0.004722 0.289303
-0.003968 0.005125 0.290300
-0.009809 0.001078 0.288366
-0.003161 0.005390 0.293803
-0.010149 -0.000464 0.291372
-0.006848 0.004971 0.285444
-0.001835 0.005162 0.291711
-0.001869 0.003605 0.288379
-0.004995 0.002685 0.295542
-0.008903 0.003209 0.284840
-0.009642 0.001693 0.287426
-0.005084 0.004233 0.286660
-0.009559 0.000403 0.290386
-0.006250 0.004806 0.287164
-0.007150 0.002602 0.291296
-0.007122 0.004974 0.285256
-0.004592 0.005100 0.290739
-0.010252 0.000616 0.288885
-0.004429 0.004264 0.287536
-0.006297 0.004679 0.287943
-0.008718 0.003228 0.285295
-0.009708 0.002004 0.284945
-0.004364 0.003808 0.286216
-0.007603 0.004712 0.284936
-0.007077 0.004827 0.285643
-0.003708 0.004311 0.288300
-0.011049 0.000702 0.286037
-0.002959 0.003110 0.285953
-0.006407 0.004825 0.285462
-0.001493 0.005319 0.292178
-0.006152 0.004658 0.285406
-0.007799 0.003237 0.289203
-0.003673 0.003606 0.286480
-0.008447 0.003760 0.284777
-0.005354 0.003924 0.292776
-0.006908 0.004161 0.288583
-0.004456 0.005118 0.291336
-0.004133 0.004861 0.292862
-0.002928 0.004880 0.290255
-0.012379 -0.000629 0.289912
-0.008171 -0.000693 0.293138
-0.009767 0.000595 0.289630
-0.006771 0.004733 0.286541
-0.005136 0.004477 0.291745
-0.006193 0.001014 0.295477
-0.007818 0.000484 0.292711
-0.003595 0.004868 0.294174
-0.001167 0.004749 0.291147
-0.004645 0.003907 0.294345
-0.007221 0.002944 0.290778
-0.005306 0.004525 0.287227
-0.009579 0.001229 0.288567
-0.011408 0.000670 0.284038
-0.010219 0.001027 0.287658
-0.009008 0.000519 0.290827
-0.004635 0.004516 0.288153
-0.002328 0.003800 0.288361
-0.008354 0.003559 0.285865
-0.006231 0.003621 0.291740
-0.005344 0.004795 0.288663
-0.004936 0.003447 0.294711
-0.006959 0.004530 0.287125
-0.008689 0.002310 0.288487
-0.007553 0.004898 0.284601
-0.009799 0.001461 0.287665
-0.004743 0.004967 0.289432
-0.008590 0.001419 0.290187
-0.004495 0.004127 0.287028
-0.012284 -0.000070 0.287684
-0.007505 0.000490 0.293296
-0.010078 0.001865 0.284196
-0.002754 0.003506 0.287211
-0.006229 0.004760 0.286093
-0.005474 0.001944 0.295325
-0.006094 0.001167 0.295395
-0.010872 0.000889 0.285588
-0.012499 -0.000065 0.286714
-0.007437 0.002510 0.290849
-0.007660 0.001128 0.292271
-0.008843 0.003175 0.285203
-0.004679 0.004946 0.289959
-0.002564 0.002861 0.285670
-0.011650 0.000324 0.285702
-0.005883 0.004481 0.285274
-0.007242 -0.000397 0.294607
-0.008422 0.000429 0.291711
-0.010828 -0.000305 0.290864
-0.005191 0.004084 0.285797
-0.011306 0.000554 0.286117
