0.003181 0.003511 0.075161
0.002318 0.003217 0.074339
-0.001924 0.000407 0.067711
-0.001070 0.004082 0.073216
0.007437 0.000757 0.070698
0.005514 -0.001679 0.065341
0.008619 -0.000529 0.067315
0.006451 -0.000841 0.067399
0.007018 0.002025 0.073546
0.011336 0.002502 0.073245
-0.000463 0.001499 0.070590
0.004283 0.001941 0.072939
0.005366 0.000312 0.069962
0.010922 0.002156 0.072511
0.000826 0.004762 0.075249
0.000563 0.000181 0.069191
0.008053 -0.000490 0.067759
0.005605 0.002291 0.073921
0.000440 -0.002093 0.065070
-0.000529 -0.001572 0.065927
0.006504 -0.000509 0.068204
-0.001121 0.002036 0.070835
0.006337 -0.000219 0.068847
0.001521 0.004491 0.075440
0.005955 0.003328 0.075785
0.000935 0.001188 0.070843
0.003276 -0.002032 0.064744
0.000227 0.002074 0.071667
0.004703 0.000573 0.070483
0.000954 0.004581 0.075087
0.006577 0.001839 0.073270
0.007888 -0.000604 0.067527
0.002129 0.000893 0.070875
0.008894 0.000109 0.068697
0.011102 0.002125 0.072354
0.001850 0.000495 0.070212
-0.000603 0.003424 0.072839
0.005406 0.001551 0.072476
0.003610 0.003803 0.075551
0.001556 -0.001203 0.066857
-0.001416 0.004023 0.072716
-0.000152 -0.001983 0.065284
0.000067 0.004421 0.074487
0.009296 0.000963 0.070488
0.007806 0.001537 0.072267
-0.000080 0.000728 0.069887
0.003826 0.003671 0.075439
0.009437 0.001708 0.072002
0.004759 0.003292 0.075117
0.009166 0.000029 0.068381
0.001059 0.000661 0.070166
0.001213 0.003758 0.074321
0.002165 0.001093 0.071177
0.003385 0.002295 0.073268
-0.001491 0.003682 0.072188
-0.001307 -0.000004 0.067874
0.007311 -0.000824 0.067162
0.001474 0.003704 0.074489
-0.001795 0.003707 0.071792
0.007714 0.003291 0.075683
0.006404 0.003301 0.075801
0.005816 0.002800 0.074772
-0.002471 0.002604 0.069389
0.001712 0.002301 0.072569
0.004226 0.002565 0.073863
0.003406 0.001785 0.072496
0.006800 -0.001708 0.064781
-0.000127 -0.000387 0.068102
-0.001674 0.000736 0.068515
0.006808 0.000777 0.070891
-0.000052 0.001627 0.071027
0.003794 0.000577 0.070489
0.000069 -0.001501 0.066206
0.008104 0.000689 0.070305
0.009305 0.001844 0.072358
-0.001269 0.001791 0.070449
0.010177 0.001033 0.070116
0.006768 -0.000025 0.069195
0.008978 -0.000449 0.067272
-0.001435 0.001417 0.069639
0.002193 -0.001704 0.065701
0.000178 -0.000456 0.068162
0.009911 0.002498 0.073581
0.008835 0.002858 0.074526
0.006155 0.003188 0.075572
0.003732 -0.000446 0.068378
0.002939 0.003778 0.075384
0.000404 0.001833 0.071467
0.008436 0.000946 0.070812
0.008093 0.002891 0.074876
0.002760 0.002554 0.073519
-0.001493 -0.000470 0.066970
0.007283 0.003584 0.076230
0.008856 0.000289 0.069200
0.006955 -0.001540 0.065201
0.003765 -0.002474 0.063612
0.002825 -0.002652 0.063279
0.002325 0.004845 0.076388
0.002641 0.001893 0.072434
0.008217 0.001756 0.072573
0.001083 0.004034 0.074554
0.001186 0.003211 0.073668
0.001816 -0.002210 0.064582
-0.001686 0.003236 0.071509
0.009934 0.002164 0.072850
0.002494 -0.000257 0.068674
0.006359 -0.000009 0.069284
0.003920 0.000042 0.069384
0.001715 0.004580 0.075750
0.001883 0.003761 0.074823
0.003794 0.000577 0.070489
0.008932 0.003555 0.075831
0.003496 0.002039 0.072952
0.000692 0.000073 0.069033
0.005177 0.003973 0.076391
0.000115 -0.000290 0.068391
0.003658 -0.000504 0.068248
0.000838 -0.002159 0.064920
0.002565 -0.001445 0.066199
0.005193 -0.001957 0.064690
0.002354 -0.001450 0.066242
0.000041 -0.001911 0.065459
0.005307 -0.000892 0.067371
0.005907 -0.000743 0.067704
0.010944 0.001627 0.071080
-0.001997 0.000747 0.068159
0.001604 -0.001945 0.065263
0.003456 -0.002106 0.064560
0.004671 0.001699 0.072635
0.008583 0.003558 0.075934
0.002528 -0.000328 0.068542
0.005933 0.000163 0.069657
0.009140 0.003452 0.075579
0.002752 -0.000949 0.067318
0.000689 -0.001896 0.065566
0.005241 -0.000771 0.067624
0.007832 -0.001013 0.066148
0.005911 0.000418 0.070220
0.009806 0.002568 0.073748
0.000369 0.003612 0.073588
0.002513 0.000023 0.069163
0.009588 0.000691 0.069642
-0.001238 -0.000820 0.066760
0.002831 0.004743 0.076475
0.007947 0.000930 0.070922
0.008545 0.000445 0.069724
-0.000773 0.001951 0.070998
0.009158 0.000362 0.069191
0.002674 0.000034 0.069241
-0.000086 0.000629 0.069752
0.005667 0.000326 0.070010
0.010181 0.001203 0.070734
-0.002366 0.002114 0.069262
0.000611 -0.002187 0.064792
0.002530 -0.000727 0.067857
0.003753 -0.002178 0.064369
0.006660 -0.000895 0.067173
0.003076 0.002215 0.073049
0.004701 -0.000940 0.067269
0.004487 -0.002241 0.064086
0.004960 -0.001971 0.064695
0.009906 0.000467 0.068989
0.001366 -0.000922 0.067500
0.003501 0.004373 0.076253
0.003638 0.000772 0.070837
0.001157 -0.002341 0.064396
0.002323 -0.000845 0.067600
0.003777 -0.002601 0.063313
0.006541 0.002312 0.074058
0.010286 0.000866 0.069659
0.002093 0.002772 0.073534
0.009694 0.001974 0.072516
0.007145 0.002465 0.074394
0.010131 0.001865 0.072173
0.010564 0.002091 0.072530
0.008927 0.003440 0.075637
-0.000764 -0.001554 0.065904
0.009956 -0.000266 0.066617
-0.000854 0.001262 0.069927
0.000893 0.002209 0.072190
0.004790 -0.001812 0.065137
0.002939 -0.002310 0.064142
0.010418 0.001778 0.071897
-0.001669 0.000080 0.067560
0.008608 0.002269 0.073450
0.002718 0.004615 0.076219
-0.002271 0.001861 0.069157
0.009608 -0.000136 0.067531
0.007599 -0.000861 0.066824
0.005354 -0.001010 0.067053
0.002819 0.004235 0.075809
0.000492 0.004720 0.074966
0.002975 0.000911 0.070999
0.000407 -0.000141 0.068701
-0.001264 0.002863 0.071673
0.004337 0.002091 0.073194
0.001615 0.002668 0.073028
0.009294 0.003291 0.075297
0.001325 0.004892 0.075825
0.005407 -0.000002 0.069329
-0.001330 0.000657 0.068675
0.003816 0.004244 0.076290
-0.002056 0.002249 0.069964
0.007405 0.001804 0.072938
0.006808 0.000777 0.070891
0.005971 -0.000008 0.069313
0.002035 0.000235 0.069801
0.004745 -0.000005 0.069285
0.008611 -0.000752 0.066515
0.000052 0.003565 0.073280
0.009248 -0.000561 0.066509
-0.000382 0.002524 0.071912
0.007708 -0.000771 0.066981
-0.000354 0.001226 0.070210
0.000833 0.004143 0.074431
0.006125 0.001187 0.071929
0.001687 0.003675 0.074608
-0.001324 -0.000163 0.067616
0.007902 0.002447 0.074083
0.006706 -0.000785 0.067451
0.005732 -0.001660 0.065300
0.000542 -0.001666 0.066006
0.000861 0.004486 0.074860
-0.000206 0.001527 0.070836
0.009296 0.002108 0.072952
-0.000708 -0.000227 0.068092
0.001812 0.001052 0.071035
0.002087 0.000516 0.070234
-0.001220 0.003256 0.072040
0.006813 0.002132 0.073765
0.002085 -0.000609 0.068150
0.002057 0.000371 0.070013
0.008341 0.001642 0.072289
0.002057 0.003194 0.074178
0.003328 -0.002249 0.064251
-0.001969 0.000924 0.068420
0.004485 -0.001926 0.064860
0.007722 0.001759 0.072750
0.006098 0.001807 0.073082
0.002437 -0.000485 0.068338
0.002269 -0.002252 0.064366
0.000386 0.001008 0.070350
0.010603 0.001542 0.071113
-0.002032 0.003223 0.070853
0.002438 -0.001010 0.067184
0.001769 -0.002787 0.063057
0.004953 0.000582 0.070528
0.010721 0.001037 0.069751
0.008619 0.003258 0.075460
-0.000002 -0.001053 0.067086
-0.001183 -0.000669 0.066994
-0.002432 0.001860 0.068870
0.009736 0.001671 0.071877
0.001111 -0.002063 0.065077
0.008184 -0.001104 0.065617
0.007678 0.002251 0.073792
0.010146 0.002028 0.072505
0.001980 0.001652 0.071931
-0.000661 -0.000537 0.067597
0.006953 0.001091 0.071453
0.000784 -0.000560 0.068087
0.001002 -0.000468 0.068305
0.007296 -0.000991 0.066643
0.002062 -0.000435 0.068426
0.009575 -0.000266 0.067214
0.002267 0.002470 0.073060
-0.000271 -0.000459 0.067931
0.001374 0.003405 0.074018
0.002534 0.004507 0.076088
0.000088 -0.000159 0.068562
-0.000921 0.000787 0.069207
-0.000898 -0.001092 0.066585
0.005971 -0.001406 0.065875
0.000592 0.003311 0.073344
0.004058 -0.002347 0.063903
0.001846 0.000819 0.070731
0.007209 -0.000935 0.066870
0.003536 -0.000680 0.067863
0.009570 0.000905 0.070200
0.004016 0.000284 0.069908
0.002919 0.000057 0.069391
0.005465 0.002563 0.074337
0.004998 0.002091 0.073396
0.007395 0.002406 0.074155
0.007475 -0.000285 0.068336
0.006849 -0.001322 0.065851
0.008605 -0.000801 0.066172
0.001121 -0.002166 0.064858
0.003900 -0.000158 0.068991
0.002618 0.003197 0.074395
-0.000991 -0.001162 0.066403
0.004271 -0.002349 0.063847
0.001845 0.004170 0.075294
0.005539 -0.000803 0.067563
0.003447 0.003966 0.075739
-0.001863 0.001583 0.069285
0.010212 0.002607 0.073822
0.005910 -0.001690 0.065150
0.007117 0.001798 0.073034
0.008092 0.000384 0.069676
0.010338 0.000343 0.067999
0.004773 -0.000731 0.067742
0.009144 0.003092 0.074844
0.007263 0.001025 0.071301
0.004041 0.002234 0.073349
0.002310 0.000223 0.069658
0.008740 -0.000272 0.067938
0.005681 0.000829 0.071119
0.010176 0.003063 0.074624
0.006223 -0.000786 0.067592
-0.001527 0.000883 0.068858
0.001169 0.002105 0.072154
-0.000826 0.002627 0.071684
0.009949 0.001573 0.071612
0.004573 0.000139 0.069609
0.003032 0.002102 0.072864
0.010332 0.000997 0.069989
0.001387 -0.002418 0.064138
0.007330 0.002158 0.073733
0.005406 0.002983 0.074975
-0.002292 0.004281 0.070883
-0.000512 -0.000348 0.067919
0.007120 0.000511 0.070257
0.007827 0.003209 0.075518
0.004076 0.003983 0.076100
0.009295 0.000254 0.068888
0.001669 0.003890 0.074858
-0.002366 0.004148 0.070435
0.001569 -0.002599 0.063609
0.001571 -0.000039 0.069213
0.004976 0.001786 0.072830
0.006129 -0.001483 0.065616
0.001281 0.005100 0.076042
0.003457 -0.001612 0.065743
-0.000743 0.000826 0.069402
0.008569 0.001553 0.072044
0.000189 0.000226 0.069059
0.010843 0.001308 0.070533
0.008199 0.001274 0.071578
0.009809 0.003054 0.074525
0.003307 0.000508 0.070196
0.002415 -0.000780 0.067745
-0.002139 0.002156 0.069760
0.000700 0.000210 0.069379
0.009436 0.000551 0.069455
-0.001623 0.004179 0.072625
0.000480 -0.000770 0.067611
0.005831 0.000715 0.070875
0.002270 -0.000325 0.068510
0.000642 -0.002612 0.063752
0.003923 0.001886 0.072779
-0.000045 0.003678 0.073534
0.002672 0.001161 0.071382
0.007269 0.001571 0.072510
-0.000553 0.001180 0.070033
0.002119 -0.001078 0.067077
0.000148 -0.002428 0.064204
0.002458 0.004355 0.075822
0.001548 0.000990 0.070885
0.002427 0.002971 0.074014
0.002510 0.002606 0.073496
0.001000 0.005062 0.075670
0.001505 0.000355 0.069951
0.010506 0.001939 0.072196
0.005190 -0.002178 0.064098
0.007780 0.000446 0.069835
0.002930 0.002445 0.073365
-0.000694 0.003755 0.073260
0.003034 -0.001604 0.065811
-0.001669 0.003939 0.072245
0.006090 0.000297 0.069950
0.003361 -0.001839 0.065241
0.011083 0.001823 0.071613
0.010533 0.000693 0.068898
0.003037 -0.001376 0.066297
0.003618 0.000534 0.070349
-0.000308 -0.002036 0.065084
0.009806 0.000131 0.067996
0.008075 0.003583 0.076077
0.008220 -0.000634 0.067264
0.000142 -0.001241 0.066730
0.008147 -0.001186 0.065473
0.001730 0.000658 0.070479
0.006337 0.002231 0.073984
0.003898 -0.001172 0.066797
0.000524 -0.000529 0.068096
0.006586 0.003556 0.076205
0.003245 0.003381 0.074893
0.002439 0.003378 0.074582
0.008752 0.002385 0.073633
0.004535 0.003809 0.075978
0.002737 -0.000168 0.068809
0.000014 0.002395 0.071984
0.001282 0.001700 0.071728
0.000150 -0.002069 0.065138
-0.000507 0.000041 0.068466
0.003095 -0.000220 0.068826
0.007846 -0.000523 0.067765
0.003759 0.002666 0.074011
-0.001451 0.003851 0.072466
-0.001468 0.002028 0.070517
-0.001366 0.001750 0.070306
0.004394 0.003777 0.075893
0.008216 0.003483 0.075935
0.001880 0.004437 0.075710
0.004764 -0.000575 0.068093
0.006824 -0.001451 0.065436
0.002389 0.002564 0.073351
0.001563 0.004744 0.075830
0.007473 0.000353 0.069765
-0.001167 0.000874 0.069048
0.003762 -0.001500 0.065982
0.010609 0.000344 0.067690
-0.002471 0.004175 0.070075
0.004411 0.003496 0.075282
-0.001144 0.001496 0.070010
0.002267 -0.002775 0.063016
0.005519 0.000236 0.069765
0.000126 -0.001818 0.065640
-0.001749 0.000489 0.068050
0.004616 0.002112 0.073327
0.004438 0.004140 0.076494
0.000757 -0.001347 0.066606
0.000731 -0.001444 0.066421
0.000016 0.000839 0.070041
0.003169 -0.000042 0.069180
-0.000270 -0.001875 0.065448
0.008619 -0.000529 0.067315
0.002025 -0.001973 0.065130
-0.000635 0.000933 0.069687
-0.000378 0.004522 0.074355
-0.001175 0.003405 0.072221
0.003092 -0.001766 0.065425
0.007538 -0.000754 0.067236
0.004437 -0.001675 0.065532
0.001468 -0.000278 0.068736
0.008793 0.002673 0.074230
0.003206 0.000082 0.069460
0.004041 0.002234 0.073349
0.005136 -0.001218 0.066559
0.005114 0.002304 0.073764
-0.001136 0.003717 0.072700
0.004466 0.002739 0.074247
0.001359 0.005204 0.076245
0.003764 0.001276 0.071790
0.002577 0.003416 0.074746
0.009057 0.001905 0.072581
0.005973 0.003674 0.076238
0.002793 -0.000691 0.067910
0.009058 0.002764 0.074287
0.002098 0.000714 0.070581
0.000343 -0.000871 0.067421
0.006113 0.003368 0.075882
0.007367 -0.001462 0.065222
-0.000428 0.004099 0.073900
-0.000462 0.000159 0.068668
0.003136 0.000273 0.069784
-0.000581 -0.001955 0.065190
0.007042 -0.001066 0.066516
0.005371 -0.002109 0.064235
0.005685 -0.001850 0.064815
0.007279 0.003060 0.075400
0.002796 -0.001285 0.066538
0.005758 0.003072 0.075256
0.009196 -0.000135 0.067962
0.002568 0.002462 0.073226
0.010243 0.002221 0.072905
0.008116 0.002684 0.074467
0.001861 -0.001247 0.066693
0.005003 0.003903 0.076145
-0.001157 -0.000501 0.067224
0.001765 0.000098 0.069512
0.006610 -0.001702 0.064872
-0.002352 0.002412 0.069551
0.005177 -0.001681 0.065433
0.009827 -0.000239 0.066966
-0.002366 0.003019 0.069773
0.000005 0.002835 0.072466
0.004485 -0.001926 0.064860
0.007474 0.002761 0.074842
-0.001644 0.003613 0.071924
-0.000673 -0.000973 0.066958
0.006483 -0.001530 0.065372
0.005027 -0.002231 0.063905
-0.000932 0.003226 0.072223
0.010411 -0.000031 0.066637
0.001409 0.004039 0.074869
-0.000311 0.001802 0.071081
0.002122 0.003562 0.074660
0.005754 -0.000421 0.068443
0.000978 -0.000385 0.068520
0.006130 -0.000860 0.067384
0.004235 0.001778 0.072677
0.003777 -0.002601 0.063313
0.003885 -0.000729 0.067759
0.001739 0.003156 0.073915
0.000289 -0.000260 0.068531
0.004394 0.003599 0.075588
-0.000825 -0.000759 0.067167
0.000834 0.001781 0.071565
-0.001790 0.002878 0.070943
0.007887 0.001374 0.071893
0.001407 0.004674 0.075591
-0.000764 -0.001554 0.065904
0.002622 -0.001333 0.066476
-0.000071 -0.001304 0.066527
0.005587 -0.001770 0.065065
0.000982 -0.000902 0.067500
0.010206 0.002423 0.073394
0.009355 0.003057 0.074650
0.009069 0.000226 0.068927
0.006258 0.001062 0.071650
0.008976 0.002988 0.074696
0.002493 0.004025 0.075450
0.005152 0.000047 0.069427
0.003022 0.002342 0.073234
0.006600 0.001049 0.071494
0.007656 0.000899 0.070946
-0.001451 0.003851 0.072466
0.007190 -0.000455 0.068089
0.007595 0.001642 0.072545
0.009645 0.000318 0.068853
0.003843 0.002593 0.073813
0.000586 0.000369 0.069578
-0.001178 0.001232 0.069614
0.005140 -0.000603 0.068047
0.002787 0.000405 0.070044
0.010621 0.001462 0.070845
0.005527 0.001854 0.073025
0.002860 0.002798 0.073927
0.005947 -0.000666 0.067889
0.007170 0.002819 0.075035
0.009447 0.001519 0.071613
0.004017 0.003794 0.075699
0.006221 -0.001651 0.065178
0.003097 0.003279 0.074626
0.004470 -0.000283 0.068711
0.007563 -0.001098 0.066084
0.009772 0.000619 0.069394
0.000096 -0.000930 0.067352
0.010075 0.001740 0.071932
0.006934 -0.000725 0.067497
0.000864 0.000819 0.070258
0.006810 0.003276 0.075786
0.002158 0.001676 0.072005
0.010224 -0.000053 0.066863
0.004236 0.003204 0.074869
0.005874 -0.001842 0.064787
0.000327 -0.000628 0.067836
0.008976 -0.000703 0.066234
0.009046 -0.000218 0.067738
0.000882 -0.001631 0.066099
0.000553 0.001262 0.070755
0.003791 0.000944 0.071201
0.007152 0.000872 0.071027
0.002144 0.003380 0.074478
0.007705 0.000604 0.070286
0.006026 0.001044 0.071626
0.001525 -0.002714 0.063292
0.003181 -0.000648 0.067947
0.000861 0.003192 0.073346
0.001325 0.004892 0.075825
0.010839 0.001004 0.069480
0.004671 -0.002254 0.063926
0.010252 0.002498 0.073578
0.000289 0.002434 0.072243
-0.000493 0.003204 0.072687
0.010212 0.000676 0.069231
0.004303 -0.000131 0.069029
0.002628 0.000240 0.069735
0.008399 0.000830 0.070590
0.003735 0.004142 0.076082
0.006329 0.002746 0.074923
0.000315 0.000837 0.070155
0.002040 0.002974 0.073820
-0.000426 0.000965 0.069898
-0.002079 0.003601 0.071108
0.007631 0.001489 0.072223
0.008556 0.000029 0.068610
0.010676 0.000584 0.068166
0.005149 0.003757 0.076028
0.007190 -0.001361 0.065564
0.008637 -0.000904 0.065856
0.000009 -0.001402 0.066382
0.008443 0.002504 0.074035
-0.000194 0.000468 0.069382
0.000195 0.003829 0.073947
0.003337 -0.000443 0.068379
0.009254 0.002682 0.074088
0.001613 -0.001555 0.066109
-0.000296 0.002825 0.072333
0.002009 0.001341 0.071507
0.001157 -0.002341 0.064396
0.000096 -0.000930 0.067352
-0.000229 -0.001557 0.066008
0.006562 0.001315 0.072181
0.008624 0.000235 0.069179
0.006980 0.002961 0.075305
0.005056 -0.002036 0.064525
0.006471 -0.001341 0.065910
0.001589 -0.001599 0.066030
0.002615 0.003539 0.074961
0.002601 -0.002200 0.064439
0.001979 0.002137 0.072506
0.005534 0.003642 0.076073
-0.002191 0.002078 0.069570
0.000887 0.001489 0.071182
0.007705 -0.001365 0.065291
0.008150 0.000847 0.070671
0.001886 -0.001742 0.065662
0.009498 0.003281 0.075191
0.008267 -0.001151 0.065498
0.009134 -0.000508 0.066888
0.008373 0.001413 0.071810
0.004390 0.002260 0.073473
0.006491 -0.001435 0.065600
0.008254 -0.001004 0.065924
0.001844 -0.000672 0.067962
0.009929 0.003313 0.075157
0.005491 0.002789 0.074703
0.002759 0.000496 0.070176
0.006370 0.000183 0.069662
0.002061 -0.000021 0.069203
0.007437 0.000757 0.070698
0.009503 0.003557 0.075621
-0.001487 0.002948 0.071513
-0.001854 0.003632 0.071616
-0.001034 0.004335 0.073482
0.000622 0.001461 0.071015
0.006839 0.000639 0.070595
0.009318 0.001630 0.071806
0.010328 0.002740 0.073984
0.007998 0.001235 0.071565
0.002797 0.003204 0.074496
0.008738 0.001424 0.071715
-0.000849 0.000496 0.068923
-0.000206 0.001527 0.070836
0.008423 0.001768 0.072491
0.004959 0.003666 0.075861
0.001139 -0.000214 0.068860
0.005090 -0.002102 0.064333
0.009887 0.000013 0.067533
0.001373 0.002801 0.072990
0.005177 0.003596 0.075803
0.002995 0.002584 0.073621
0.001251 0.000944 0.070682
0.008809 0.000390 0.069444
-0.001176 0.003028 0.071916
0.007925 0.002812 0.074795
0.001232 0.001907 0.071914
0.008296 0.002761 0.074581
0.004280 -0.001790 0.065255
0.008008 0.000750 0.070496
0.000157 0.000403 0.069469
0.010519 0.000827 0.069338
0.008916 0.000955 0.070683
0.000288 0.000708 0.070006
-0.001493 -0.000470 0.066970
-0.000349 0.003481 0.072944
0.000105 0.001039 0.070290
0.000637 -0.001110 0.067032
0.001238 0.001537 0.071430
0.010555 0.000967 0.069720
0.006410 -0.001604 0.065236
0.001189 -0.001922 0.065409
-0.000197 0.002554 0.072049
0.000321 0.001412 0.070899
0.002927 0.000244 0.069758
0.009648 0.003130 0.074785
0.006439 0.000668 0.070705
0.003931 -0.002101 0.064524
0.002517 0.000809 0.070769
0.000483 -0.002270 0.064653
0.000308 0.004380 0.074543
0.006642 -0.001431 0.065598
0.000579 0.002667 0.072753
0.001725 0.002864 0.073487
0.004447 0.002611 0.074002
0.000060 -0.002212 0.064835
0.006563 0.002105 0.073760
0.007703 0.003578 0.076110
0.006384 0.000321 0.069981
0.010282 -0.000234 0.066238
0.008147 -0.001186 0.065473
0.005091 -0.000157 0.068994
0.010494 0.001193 0.070540
-0.001029 0.000569 0.068803
0.001501 0.002075 0.072234
-0.000355 0.000764 0.069741
0.003920 0.000042 0.069384
-0.000644 0.002258 0.071356
0.004487 -0.002241 0.064086
0.007856 -0.000275 0.068312
0.001172 -0.001544 0.066231
0.006000 0.000773 0.070999
0.000075 0.001480 0.070923
0.000382 0.000273 0.069352
0.009903 0.002880 0.074285
0.010540 0.001635 0.071329
0.001573 0.004901 0.076047
0.003635 0.004435 0.076446
-0.001220 0.003256 0.072040
-0.001634 0.000246 0.067840
0.000890 -0.001188 0.066934
-0.002249 0.001630 0.068907
0.001559 0.000261 0.069774
0.004313 0.000827 0.071022
0.006037 -0.001096 0.066668
-0.001010 0.003758 0.072845
0.000706 0.003409 0.073555
0.010873 0.001791 0.071691
0.005794 0.003180 0.075468
0.001963 -0.002362 0.064147
0.008062 0.002044 0.073228
0.005099 0.002955 0.074860
0.004435 -0.000958 0.067244
0.007695 -0.000143 0.068615
0.004710 -0.001083 0.066937
0.000887 -0.000268 0.068667
0.005078 0.000690 0.070779
0.003174 -0.000838 0.067540
0.006303 0.001560 0.072651
0.005682 0.000073 0.069471
0.001219 -0.000081 0.069075
0.001881 0.001183 0.071227
0.008772 0.002974 0.074795
0.009077 0.000634 0.069943
-0.001663 0.002581 0.070846
0.000788 -0.001033 0.067217
0.004191 0.002891 0.074288
0.002653 0.001997 0.072614
0.001144 0.000866 0.070474
0.002819 0.004235 0.075809
0.002955 0.001078 0.071276
0.003411 0.001363 0.071861
0.009313 -0.000388 0.067115
0.005236 -0.000678 0.067869
0.002773 0.000784 0.070755
-0.000318 0.002030 0.071304
0.001915 0.002541 0.072969
0.001892 0.003525 0.074536
0.001695 0.003385 0.074217
-0.001787 0.000634 0.068245
-0.000529 -0.001572 0.065927
0.006490 0.000890 0.071195
0.003583 0.001931 0.072796
0.001363 0.000544 0.070184
0.008443 0.002504 0.074035
-0.001251 0.003798 0.072588
0.004343 -0.001184 0.066724
0.007483 0.000151 0.069345
0.001581 -0.000174 0.068932
0.005027 -0.002231 0.063905
0.007952 -0.000400 0.068006
0.002546 -0.000037 0.069073
0.004809 -0.001148 0.066775
0.006127 -0.001763 0.064897
0.004919 -0.001549 0.065805
0.007225 -0.001263 0.065832
0.000013 -0.002290 0.064594
-0.001654 0.004043 0.072414
0.002237 0.002799 0.073653
0.006579 0.000823 0.071028
0.006722 -0.001596 0.065140
0.006218 0.002338 0.074152
0.004235 0.001778 0.072677
0.000726 0.004702 0.075016
0.005778 0.001030 0.071571
-0.000630 -0.001228 0.066493
0.009637 0.000112 0.068252
0.008316 0.000514 0.069914
0.004453 0.001068 0.071519
0.005889 0.002878 0.074913
0.001667 0.001376 0.071400
0.002185 0.003968 0.075272
0.005863 -0.001909 0.064599
0.003583 0.001931 0.072796
0.005177 -0.001681 0.065433
0.000357 0.003917 0.074171
0.003892 0.001491 0.072169
0.000928 -0.001003 0.067352
0.002264 0.003656 0.074903
0.004698 0.002472 0.073855
-0.001174 0.003970 0.072949
-0.000947 0.001958 0.070863
0.007895 -0.000926 0.066394
-0.000921 -0.000920 0.066888
0.004953 0.000582 0.070528
0.000545 0.004227 0.074445
0.008829 -0.000344 0.067668
0.007434 0.001073 0.071366
0.008577 0.002824 0.074587
0.002245 0.000562 0.070312
0.009733 0.001144 0.070742
0.001684 0.004177 0.075202
0.003221 0.001628 0.072231
-0.000416 0.003831 0.073575
0.007114 0.000676 0.070610
0.006787 -0.000986 0.066837
0.004083 0.003852 0.075907
0.009975 -0.000353 0.066227
0.010494 0.003043 0.074545
0.002447 -0.002353 0.064071
0.008692 -0.000449 0.067490
0.005048 -0.001331 0.066292
0.004987 0.000884 0.071190
0.010206 0.002423 0.073394
0.007599 -0.000933 0.066564
0.002725 0.004122 0.075628
0.007790 0.001600 0.072400
0.006247 0.002456 0.074383
0.010619 0.001708 0.071624
0.010045 0.002719 0.074006
0.004666 0.003151 0.074961
0.003881 0.003454 0.075201
0.009504 0.001245 0.071023
-0.002068 0.002393 0.070075
0.004243 0.001878 0.072832
0.001533 0.001720 0.071858
0.000462 0.000040 0.068915
0.001338 0.003862 0.074553
0.005029 0.003277 0.075344
0.004723 -0.000154 0.068969
0.004793 0.003397 0.075456
0.009441 0.002602 0.073894
0.004892 0.003229 0.075166
0.000188 0.000507 0.069648
0.009254 0.002682 0.074088
0.003291 0.003339 0.074731
-0.001920 0.002494 0.070391
0.003541 0.001231 0.071616
0.007514 -0.001247 0.065720
0.005557 0.001644 0.072702
0.004714 -0.001630 0.065617
0.004220 0.003067 0.074636
0.003183 0.000366 0.070001
0.007447 0.001315 0.071907
0.009850 0.001235 0.070916
0.001997 -0.002633 0.063434
0.003127 0.004643 0.076431
0.005705 -0.001363 0.066069
0.003941 -0.001647 0.065609
0.009272 0.003169 0.074967
-0.001666 0.001084 0.069027
0.003048 0.004102 0.075762
0.002229 -0.001564 0.065992
0.001581 -0.000174 0.068932
0.003211 0.004106 0.075906
0.007144 -0.001176 0.066104
0.009513 -0.000406 0.066747
0.008482 -0.000148 0.068331
0.003694 0.003874 0.075755
0.005618 0.000492 0.070385
0.002890 0.003559 0.075097
-0.001749 0.001347 0.069230
0.004662 0.002854 0.074488
0.001053 -0.001835 0.065642
0.003790 0.001723 0.072493
0.001735 -0.002024 0.065058
0.005235 0.002740 0.074570
0.009247 -0.000716 0.065807
-0.002121 0.001167 0.068531
0.002722 -0.001614 0.065771
0.006320 0.000740 0.070880
0.005457 -0.000449 0.068386
0.005397 0.001134 0.071706
0.001169 0.002105 0.072154
-0.001412 0.001719 0.070108
-0.000352 0.002223 0.071514
-0.000225 0.000146 0.068663
0.004198 0.000001 0.069321
0.000631 0.000796 0.070175
0.004412 0.003094 0.074741
0.008167 -0.000801 0.066667
0.004000 0.000836 0.070999
0.002879 0.001975 0.072646
0.002676 -0.000592 0.068140
0.008758 0.001975 0.072812
0.000858 0.001057 0.070593
0.009922 0.000261 0.068435
0.001515 -0.000504 0.068303
0.003416 0.000552 0.070279
0.003431 0.000658 0.070582
0.000610 0.002538 0.072596
0.006692 -0.000667 0.067771
0.001986 0.002740 0.073439
-0.001589 0.002349 0.070684
0.004809 -0.001305 0.066389
-0.002231 0.003032 0.070199
0.007522 -0.000034 0.068929
-0.001959 0.002981 0.070729
0.004881 0.004043 0.076405
0.001825 -0.000256 0.068667
0.006299 0.001430 0.072424
0.001401 0.000708 0.070440
0.010192 0.001139 0.070565
0.006756 0.000342 0.069947
-0.000388 -0.000554 0.067726
0.008904 0.000747 0.070232
-0.001347 0.004312 0.073155
0.001594 -0.000813 0.067644
0.001696 -0.002495 0.063864
0.001277 -0.001719 0.065863
0.007001 -0.000625 0.067787
-0.001046 0.002870 0.071849
-0.002463 0.003302 0.069815
0.006246 -0.000626 0.067973
0.004722 0.001340 0.072023
0.006359 0.001342 0.072257
-0.001896 0.002350 0.070282
0.002682 -0.001739 0.065532
0.004056 0.001069 0.071483
0.002692 0.003010 0.074198
0.004501 0.003953 0.076228
0.004662 -0.001521 0.065880
-0.002055 0.004195 0.071444
0.000672 -0.000895 0.067415
0.001694 0.002143 0.072409
-0.000225 0.001127 0.070171
0.000381 0.002189 0.071852
0.005780 -0.000805 0.067545
0.001942 -0.001636 0.065891
0.008588 0.003049 0.075027
0.003510 -0.001135 0.066887
0.006082 -0.001323 0.066058
0.004221 0.002476 0.073664
0.000585 0.002277 0.072126
0.000305 0.002634 0.072549
0.009294 0.000755 0.070079
-0.002150 0.002682 0.070140
0.008464 -0.000477 0.067557
0.003489 0.003996 0.075887
0.008087 0.002575 0.074287
0.002266 0.002652 0.073440
0.005279 0.001703 0.072734
0.001886 0.001568 0.071790
0.005798 0.001141 0.071802
0.004390 0.002260 0.073473
0.005385 -0.001256 0.066415
0.002077 -0.002066 0.064897
0.010055 0.000260 0.068206
0.001045 0.001837 0.071775
0.001434 -0.001855 0.065506
0.010260 0.000442 0.068509
0.005406 0.001551 0.072476
-0.002186 0.003490 0.070709
0.004539 -0.001360 0.066267
0.002442 -0.002629 0.063388
-0.000782 0.002793 0.071953
0.005791 0.003301 0.075667
0.004753 0.001170 0.071701
0.010939 0.001736 0.071496
0.003431 -0.000586 0.068052
-0.000999 0.000014 0.068209
0.002904 -0.001436 0.066204
0.009393 0.002523 0.073741
0.008230 0.003277 0.075559
0.008934 0.001185 0.071157
0.007947 0.000930 0.070922
0.003157 -0.002290 0.064171
0.001827 0.000941 0.070895
-0.000100 0.003426 0.073077
0.007698 -0.001300 0.065458
0.004500 -0.002080 0.064480
-0.000438 0.003252 0.072817
-0.000231 0.003227 0.072861
-0.002100 0.003126 0.070568
-0.000986 -0.000216 0.067917
0.006712 -0.001091 0.066558
0.011009 0.001394 0.070545
0.001226 -0.002287 0.064500
0.007745 0.002951 0.075092
0.004102 0.003694 0.075543
0.010291 0.001100 0.070365
0.001562 0.000564 0.070307
0.006557 -0.000110 0.069063
0.001493 0.002749 0.073010
0.003811 -0.000999 0.067191
0.004804 0.002570 0.074092
0.000352 0.004832 0.075020
0.011294 0.002350 0.072837
0.001680 -0.000602 0.068168
0.004611 -0.001205 0.066650
0.008137 -0.000096 0.068588
-0.000468 -0.000879 0.067194
0.003597 -0.001297 0.066483
0.007462 0.003588 0.076227
0.000690 -0.001236 0.066822
0.007874 0.000723 0.070480
0.007103 0.003181 0.075630
-0.001898 0.002687 0.070569
0.002122 0.000166 0.069619
0.001121 0.002943 0.073142
0.005850 0.003604 0.076128
0.009447 0.001519 0.071613
0.003001 -0.001005 0.067123
-0.001154 0.002461 0.071266
-0.002047 0.003365 0.071000
0.002860 0.003380 0.074803
-0.000810 0.003713 0.073028
0.006033 -0.001842 0.064728
-0.000963 -0.000510 0.067388
0.008104 0.000689 0.070305
0.004842 0.001980 0.073140
0.003512 -0.000107 0.069067
0.002085 -0.000609 0.068150
0.005397 0.001134 0.071706
-0.000105 0.001223 0.070396
0.000305 0.003323 0.073217
0.010421 0.000460 0.068276
0.000073 0.001240 0.070567
0.009218 0.001322 0.071293
-0.001518 0.002452 0.070913
0.002840 -0.002778 0.062932
-0.000426 0.000965 0.069898
0.004004 0.002030 0.073035
0.001409 -0.001102 0.067094
0.001964 0.003133 0.074027
-0.002013 0.001493 0.069048
0.005079 0.002671 0.074288
0.009287 -0.000316 0.067380
0.009290 0.000859 0.070289
-0.000521 -0.001914 0.065358
0.008411 0.002619 0.074275
0.001875 -0.000498 0.068346
0.008246 -0.000554 0.067478
0.000411 -0.001019 0.067102
-0.001731 0.002316 0.070489
0.002742 0.001062 0.071182
0.004210 0.003561 0.075362
0.003206 0.000082 0.069460
0.010010 -0.000314 0.066357
-0.000528 0.002496 0.071725
0.001226 -0.002287 0.064500
0.008602 0.000644 0.070079
0.004564 -0.000872 0.067427
0.001570 0.001235 0.071190
0.003454 0.001002 0.071241
0.007356 0.001491 0.072319
0.001278 0.000252 0.069692
0.003006 0.001449 0.071934
-0.000965 0.003065 0.072099
0.002793 -0.000691 0.067910
-0.001877 0.003273 0.071218
0.005785 -0.001243 0.066343
0.001597 -0.001888 0.065394
0.001496 0.002878 0.073247
0.002228 0.000273 0.069826
0.007835 -0.000781 0.066955
0.005094 -0.001085 0.066895
0.001024 0.001028 0.070646
0.008410 -0.000665 0.067000
0.001120 0.004870 0.075511
-0.001542 0.001606 0.069729
0.002080 -0.001363 0.066381
0.001699 0.004398 0.075499
0.005972 0.001391 0.072326
0.008496 0.002367 0.073711
-0.001269 0.001791 0.070449
0.004785 -0.002192 0.064096
0.000517 0.002028 0.071757
-0.001621 0.001849 0.069961
0.008833 0.001509 0.071812
0.004317 -0.002179 0.064289
0.007091 0.000333 0.069883
0.009022 0.003250 0.075291
-0.002496 0.003546 0.069844
0.000115 0.001342 0.070746
0.005149 0.003757 0.076028
0.005081 -0.000433 0.068396
0.009719 0.003404 0.075405
0.001616 0.001507 0.071602
0.001057 -0.000614 0.068039
-0.000858 0.003397 0.072605
0.004386 -0.000693 0.067813
0.002349 -0.000134 0.068899
-0.001912 0.001985 0.069867
0.003215 0.002261 0.073179
0.004046 -0.002205 0.064263
0.009508 0.002902 0.074381
0.005040 0.002533 0.074115
0.005799 0.001694 0.072822
0.004171 0.004104 0.076331
-0.001163 0.001434 0.069842
-0.002353 0.002773 0.069729
0.001259 -0.002709 0.063375
0.001526 -0.001046 0.067265
-0.001472 0.001092 0.069170
0.009067 0.001516 0.071725
0.005499 -0.000649 0.067930
-0.000265 -0.000091 0.068471
0.001799 -0.000989 0.067321
0.002682 -0.001739 0.065532
-0.000663 0.004456 0.074065
-0.000586 0.003771 0.073402
0.004984 -0.001413 0.066102
0.000027 -0.001122 0.066907
-0.000037 -0.001631 0.065859
0.004863 0.002748 0.074433
0.006432 -0.001672 0.064992
-0.000198 0.000214 0.068874
0.003338 0.001155 0.071488
0.003031 -0.000532 0.068220
-0.000230 0.003021 0.072571
-0.001656 0.001508 0.069525
0.003173 -0.002424 0.063856
-0.000978 0.000676 0.069016
0.004927 0.001529 0.072374
0.008571 0.003183 0.075258
0.008906 0.001667 0.072099
0.007861 -0.001143 0.065794
0.007580 0.001174 0.071551
-0.000547 0.000567 0.069237
0.000260 0.004145 0.074336
0.004989 0.000097 0.069534
0.007397 -0.000150 0.068562
0.007503 -0.000639 0.067598
0.000461 0.003053 0.073035
0.002744 -0.001036 0.067076
0.000057 -0.001254 0.066668
0.000686 0.002400 0.072420
0.003411 0.001363 0.071861
0.005611 0.001467 0.072413
0.009931 0.003146 0.074833
0.007473 0.000353 0.069765
-0.002113 0.003864 0.071240
-0.000656 0.000680 0.069285
0.001468 -0.000692 0.067952
0.005992 -0.000161 0.068977
0.004116 -0.000854 0.067481
0.000240 -0.000752 0.067669
0.010798 0.001993 0.072193
0.001139 -0.000214 0.068860
-0.000896 0.003576 0.072778
0.008146 0.003063 0.075191
0.008491 0.000266 0.069340
0.008679 0.000829 0.070520
0.002951 0.002698 0.073788
0.001172 -0.001544 0.066231
0.007165 0.001632 0.072671
0.005304 -0.001502 0.065820
0.001740 0.004753 0.075888
0.001010 0.003228 0.073498
0.002187 -0.000790 0.067714
0.001075 0.001732 0.071664
-0.002446 0.003587 0.070017
0.005541 -0.002029 0.064355
0.003730 -0.002262 0.064176
0.006258 0.002120 0.073808
0.006928 0.003627 0.076321
0.009704 0.002461 0.073532
-0.000854 0.001262 0.069927
0.005597 -0.001959 0.064524
0.005985 0.002583 0.074526
0.008566 0.002045 0.073004
0.004769 0.002221 0.073530
0.003307 0.002467 0.073503
0.001117 -0.001389 0.066486
0.007178 -0.000165 0.068681
-0.002047 0.001935 0.069652
0.005554 0.000151 0.069621
0.007756 -0.000705 0.067307
0.008683 0.002471 0.073852
0.007478 -0.000998 0.066435
0.005410 -0.001645 0.065462
0.007021 -0.000834 0.067224
0.011070 0.001948 0.071970
0.006565 0.002836 0.075137
-0.000990 -0.001275 0.066222
0.010724 0.002344 0.073067
0.006233 0.001848 0.073236
-0.002250 0.003834 0.070757
0.003220 0.003737 0.075420
0.004924 -0.001238 0.066540
-0.001469 0.001857 0.070338
0.002122 0.004274 0.075579
-0.001878 0.004200 0.072187
0.001215 0.004858 0.075653
0.004333 0.000673 0.070679
-0.001300 -0.000935 0.066509
0.003671 0.003358 0.074893
0.003106 0.000542 0.070302
0.008976 0.002988 0.074696
0.011272 0.002275 0.072633
0.003438 0.003224 0.074663
0.006020 0.000597 0.070607
0.007823 0.000329 0.069592
0.007386 0.001739 0.072802
0.001425 0.001941 0.072069
0.009586 0.000427 0.069119
-0.000899 0.002168 0.071132
0.007107 0.002624 0.074722
0.003557 -0.000855 0.067511
0.003971 -0.000290 0.068703
0.001249 0.000051 0.069328
0.004905 0.002401 0.073855
-0.000600 -0.001359 0.066254
0.009613 -0.000320 0.066973
-0.002171 0.004362 0.071290
-0.000990 0.003334 0.072339
0.000283 -0.001761 0.065752
-0.001499 0.003271 0.071797
0.000855 -0.002448 0.064173
-0.001215 0.003553 0.072411
-0.000764 0.002942 0.072159
0.010351 0.001410 0.071018
-0.002378 0.003739 0.070285
-0.001396 0.003478 0.072107
-0.000678 0.000549 0.069111
0.004713 0.002936 0.074675
0.005402 0.003945 0.076390
-0.002099 0.001330 0.068721
-0.000214 -0.001140 0.066769
0.008608 0.002269 0.073450
0.007877 -0.000016 0.068875
0.001902 0.003938 0.075055
0.006040 0.002086 0.073701
0.000183 0.002272 0.071860
-0.000046 0.001821 0.071202
0.004064 0.002727 0.074107
0.006735 0.001257 0.071993
0.001232 0.001907 0.071914
0.004619 0.001897 0.072945
0.009003 0.002487 0.073771
0.009313 0.002279 0.073254
0.000899 0.000635 0.070053
0.006152 0.000917 0.071318
0.001738 -0.002114 0.064843
0.002370 -0.001729 0.065556
0.006736 0.001937 0.073432
0.003391 0.002138 0.073048
0.000129 0.003170 0.073020
0.003707 0.002795 0.074197
-0.000164 0.004388 0.074377
0.009772 0.000619 0.069394
0.008780 0.003396 0.075635
0.008447 -0.000405 0.067763
0.003425 0.002554 0.073723
0.003310 -0.001717 0.065459
0.009053 0.001034 0.070785
0.003738 0.001070 0.071429
-0.001346 -0.000435 0.067126
0.004313 0.001602 0.072420
0.006792 0.000828 0.071005
-0.001848 0.001741 0.069576
0.000800 0.001201 0.070764
0.007023 0.001424 0.072288
0.005584 0.003088 0.075176
0.005933 0.000163 0.069657
0.007305 -0.001222 0.065901
0.008177 -0.000244 0.068277
0.005269 0.003178 0.075207
0.007525 0.000289 0.069537
0.001496 0.002878 0.073247
0.009933 -0.000075 0.067335
0.009868 0.001017 0.070343
0.002129 0.000893 0.070875
-0.000588 0.000332 0.068903
0.005862 -0.000971 0.067076
0.001906 -0.000079 0.069045
-0.001858 0.002154 0.070112
0.000385 -0.001291 0.066679
0.006776 -0.000206 0.068780
-0.001378 0.002717 0.071380
0.008396 0.003366 0.075726
0.005467 0.003555 0.075903
-0.002124 0.002937 0.070377
0.000800 0.001201 0.070764
0.000073 0.001240 0.070567
0.008835 0.001089 0.070999
0.003848 0.002422 0.073566
0.005490 0.003247 0.075449
-0.001158 0.001074 0.069408
-0.001089 0.002700 0.071575
0.000757 -0.001347 0.066606
0.000858 0.004304 0.074697
0.005355 -0.001415 0.066021
0.007585 0.002042 0.073417
-0.000394 -0.000224 0.068303
0.004345 0.003375 0.075130
0.010095 -0.000098 0.067008
0.000409 0.002242 0.071993
0.000583 0.003635 0.073781
-0.001426 0.001271 0.069437
0.010266 0.002900 0.074247
0.006814 0.002286 0.074073
-0.000561 0.001354 0.070282
0.002842 -0.001909 0.065131
-0.001257 0.001079 0.069280
0.006207 0.000822 0.071083
0.006405 -0.000710 0.067729
0.003559 0.000370 0.070030
0.009119 0.000558 0.069674
0.004670 0.000945 0.071293
0.001351 -0.001812 0.065626
0.002374 -0.000914 0.067411
0.001995 -0.001888 0.065321
0.008285 -0.000320 0.068044
0.006437 0.001195 0.071922
0.002494 -0.000850 0.067578
0.009148 -0.000436 0.067147
0.008776 0.000561 0.069854
0.006222 -0.001375 0.065863
0.009647 0.002273 0.073156
0.000485 0.002878 0.072884
0.007493 0.000902 0.070998
0.002275 0.001481 0.071794
0.000067 0.004421 0.074487
0.010362 0.000113 0.067332
0.001071 -0.001106 0.067061
0.004986 0.001613 0.072530
0.002582 -0.001564 0.065956
0.002475 0.000369 0.069931
0.004874 0.000450 0.070274
0.003149 -0.002652 0.063260
0.001172 -0.002548 0.063818
-0.001651 0.002946 0.071261
-0.001358 0.000250 0.068151
0.006159 0.001270 0.072103
-0.000847 0.003844 0.073170
-0.000990 0.003334 0.072339
0.000595 0.004978 0.075379
0.002307 -0.002195 0.064511
0.003627 -0.001783 0.065328
0.000881 0.004919 0.075430
0.005853 0.001810 0.073075
0.007608 0.000751 0.070633
0.009233 -0.000230 0.067651
0.006464 0.002510 0.074552
0.004127 -0.002061 0.064605
0.000832 0.002781 0.072918
0.000043 -0.000816 0.067534
-0.001312 0.003053 0.071783
0.003892 0.000440 0.070185
0.001056 0.003890 0.074315
0.007855 -0.000865 0.066641
0.009966 0.000584 0.069200
0.000558 0.000621 0.069930
0.007281 0.001933 0.073288
0.002847 -0.002509 0.063668
0.001993 0.003336 0.074356
0.001815 0.001838 0.072090
0.002879 -0.000801 0.067662
0.002630 0.000977 0.071059
0.002960 -0.001158 0.066850
0.007114 0.000157 0.069491
-0.002535 0.002853 0.069372
0.001478 -0.001458 0.066306
0.000982 0.000256 0.069491
0.010711 0.001218 0.070382
0.003913 -0.002338 0.063954
0.009608 0.000235 0.068643
0.002082 0.001447 0.071661
0.007430 0.002935 0.075148
-0.000607 -0.000687 0.067394
0.006031 0.001961 0.073393
0.004398 -0.002395 0.063661
0.002064 -0.001152 0.066852
0.003136 0.000273 0.069784
0.007580 0.001174 0.071551
0.003699 -0.001347 0.066253
-0.002125 0.003483 0.070883
0.001289 0.001274 0.071120
0.005060 -0.001838 0.064993
0.009999 0.000711 0.069459
-0.000020 -0.000611 0.067835
0.000800 0.001201 0.070764
-0.001179 0.000510 0.068579
0.006564 0.000592 0.070539
0.001881 -0.001471 0.066242
0.005562 0.001303 0.072077
0.002622 0.002713 0.073713
0.005984 0.002261 0.074004
0.008748 0.003211 0.075324
0.006069 -0.000338 0.068610
0.000174 0.003682 0.073675
0.007994 0.001898 0.072964
0.001081 0.005164 0.075872
0.008174 0.001857 0.072779
0.005743 0.003773 0.076240
0.006670 -0.000560 0.068026
0.003637 0.002329 0.073351
-0.002125 0.003483 0.070883
0.008375 0.000080 0.068868
0.004799 -0.001929 0.064818
0.008904 0.000747 0.070232
0.005382 0.000736 0.070904
0.005851 0.002445 0.074276
0.001273 0.001118 0.070949
0.002110 -0.002515 0.063735
0.002415 0.000629 0.070433
0.009952 0.000912 0.069990
0.010634 0.001092 0.070031
0.008375 0.000340 0.069548
0.000848 0.002038 0.071902
0.003303 -0.001923 0.065026
0.003268 0.000877 0.070981
0.009676 0.002652 0.073943
0.003623 -0.002326 0.064041
0.000676 0.001621 0.071281
0.007020 -0.001634 0.064934
0.000803 -0.002044 0.065224
0.003507 0.001552 0.072181
0.005432 0.001024 0.071502
0.005628 0.002664 0.074565
0.000544 0.000535 0.069726
0.006868 0.000285 0.069687
0.001148 -0.001021 0.067319
0.010286 0.000866 0.069659
0.003651 0.003018 0.074469
0.001582 0.002454 0.072746
0.000888 -0.001543 0.066258
0.004421 0.001215 0.071782
-0.000878 -0.001771 0.065553
0.000735 -0.000702 0.067750
-0.000115 0.004019 0.073925
0.001911 0.002305 0.072652
0.002921 -0.002399 0.063932
0.000211 0.000613 0.069833
-0.002246 0.003308 0.070388
0.009922 0.000261 0.068435
-0.001842 0.003484 0.071490
0.005394 0.001952 0.073198
-0.001394 0.001543 0.069820
0.009680 -0.000417 0.066389
0.006179 0.002643 0.074673
0.006191 -0.001849 0.064578
-0.001800 0.004249 0.072413
0.003112 -0.002124 0.064546
0.005773 0.000879 0.071238
0.003699 -0.001347 0.066253
0.006174 -0.001252 0.066220
0.002534 0.003743 0.075179
0.003753 -0.002178 0.064369
0.004391 0.002935 0.074515
0.008109 0.002330 0.073804
0.001020 0.004701 0.075307
0.000935 -0.001272 0.066776
0.001448 -0.001283 0.066710
0.009514 0.002127 0.072917
0.003557 -0.000855 0.067511
0.001892 -0.000835 0.067563
0.008351 0.002332 0.073707
0.004466 0.000309 0.069969
0.003463 0.004526 0.076464
0.009663 0.002739 0.074104
0.000010 0.002557 0.072138
0.002338 -0.002420 0.063889
0.001091 -0.000560 0.068166
0.006709 -0.001187 0.066282
0.000833 -0.002275 0.064629
0.005828 0.002169 0.073763
-0.000412 -0.000301 0.068145
0.002577 0.003416 0.074746
0.009597 0.001043 0.070553
0.003318 0.004215 0.076065
0.010328 0.002740 0.073984
0.002361 0.000435 0.070095
0.004711 0.000748 0.070886
0.010543 0.002235 0.072875
0.008454 0.002164 0.073299
0.006471 -0.000394 0.068458
0.000302 0.003516 0.073454
-0.000216 0.000601 0.069572
-0.000289 -0.000697 0.067525
0.007535 0.001237 0.071705
0.006095 -0.001545 0.065461
0.000686 -0.000419 0.068317
-0.000333 0.004287 0.074194
0.005621 -0.001552 0.065608
0.001611 0.000839 0.070666
-0.002235 0.002451 0.069848
0.004109 -0.000718 0.067754
0.006596 0.003426 0.076007
0.001997 -0.002633 0.063434
-0.000991 -0.000995 0.066706
0.000501 -0.002472 0.064124
-0.002282 0.003617 0.070544
0.004395 0.001420 0.072130
0.003541 0.002640 0.073912
0.008547 0.000684 0.070189
0.003219 0.002709 0.073825
0.002917 -0.000088 0.069062
0.010441 0.000090 0.066981
-0.002056 0.002249 0.069964
0.000480 -0.001525 0.066238
0.006333 -0.000984 0.066957
0.003583 0.002482 0.073638
0.006945 0.001901 0.073328
0.005627 -0.000534 0.068195
0.010195 0.000520 0.068847
0.007172 0.003368 0.075853
0.001075 0.004401 0.075009
0.002524 -0.001168 0.066862
-0.000223 -0.001376 0.066345
0.005206 0.001361 0.072103
-0.001621 0.001849 0.069961
0.004138 -0.000412 0.068436
0.000307 -0.002348 0.064427
0.003733 0.002134 0.073147
0.000905 0.000022 0.069145
0.007567 -0.001480 0.065079
-0.002228 0.003440 0.070557
0.000832 -0.001889 0.065540
0.001589 -0.001599 0.066030
0.000291 -0.002235 0.064722
0.003392 -0.002434 0.063803
0.000585 0.004339 0.074557
0.004863 0.002748 0.074433
-0.000802 0.003997 0.073444
0.008245 0.000156 0.069141
0.002995 0.002584 0.073621
0.009736 0.001862 0.072259
-0.000329 0.000405 0.069158
0.000619 0.001045 0.070448
0.000915 0.000487 0.069852
0.001299 0.002636 0.072848
0.008544 0.000808 0.070526
0.010847 0.001670 0.071321
0.007706 0.002593 0.074408
0.002655 0.002509 0.073385
0.003064 0.000731 0.070691
0.005744 0.002034 0.073481
0.007138 -0.000032 0.069082
0.005282 -0.001841 0.064976
0.005663 0.002960 0.074958
0.000063 0.004280 0.074309
0.005193 0.003402 0.075589
-0.001394 0.001543 0.069820
0.000904 0.003714 0.074075
0.007437 0.000757 0.070698
0.001024 0.001028 0.070646
0.010647 0.001333 0.070707
-0.000617 -0.000094 0.068315
0.004746 0.003563 0.075683
0.000711 0.003975 0.074273
-0.001154 0.002461 0.071266
0.001744 -0.001103 0.067037
-0.000988 0.001435 0.070101
0.000943 0.002508 0.072666
0.009364 -0.000586 0.066197
-0.002559 0.003346 0.069568
-0.001458 0.002558 0.071078
0.003046 0.001268 0.071642
0.007879 0.000518 0.070022
-0.000832 -0.000521 0.067499
0.006096 -0.000472 0.068324
0.001037 0.003441 0.073842
0.004648 0.004075 0.076465
0.005909 0.001267 0.072074
0.003612 -0.002449 0.063749
0.008622 0.000137 0.068886
0.008937 0.002625 0.074081
-0.000010 0.000047 0.068710
0.000553 0.001262 0.070755
-0.002502 0.003849 0.069909
0.006010 0.003058 0.075349
-0.001487 0.002948 0.071513
0.000342 0.002780 0.072770
0.010990 0.001554 0.070878
0.007723 0.001013 0.071173
-0.000393 0.003639 0.073257
0.008756 0.001319 0.071472
-0.000164 -0.000308 0.068276
0.007207 0.001120 0.071500
0.005754 -0.001480 0.065750
-0.000534 0.000800 0.069559
0.002264 0.001780 0.072152
0.009503 0.003557 0.075621
0.001250 0.004662 0.075379
0.007081 0.002309 0.074102
0.005853 0.001810 0.073075
0.008865 0.001394 0.071597
0.000069 -0.001501 0.066206
0.001158 0.004185 0.074857
0.009964 0.001324 0.071069
0.002086 -0.000208 0.068799
0.008674 0.001036 0.070942
0.004917 -0.000546 0.068170
0.004093 0.001264 0.071829
0.004720 -0.002035 0.064557
0.003707 0.000167 0.069657
-0.002012 0.003755 0.071398
0.008175 0.002216 0.073552
-0.000842 0.004294 0.073717
0.001971 0.004596 0.075926
0.000243 -0.001414 0.066427
-0.000128 0.002226 0.071655
0.005009 0.001081 0.071571
0.001667 0.001376 0.071400
0.007505 0.002683 0.074683
0.008556 0.001185 0.071296
0.008246 -0.000554 0.067478
0.004226 0.000171 0.069672
0.009691 0.001402 0.071314
0.009659 0.003197 0.074983
0.001238 -0.000377 0.068586
0.004192 -0.001921 0.064921
-0.001119 0.000284 0.068405
0.004092 -0.001802 0.065224
0.003826 0.003671 0.075439
0.003142 -0.000319 0.068602
0.001694 0.002143 0.072409
0.009139 0.002868 0.074427
0.002946 0.003979 0.075578
0.010195 0.000022 0.067266
-0.002152 0.001915 0.069424
0.009368 0.003359 0.075387
0.001282 0.003585 0.074185
0.009934 0.000344 0.068640
0.008454 0.002164 0.073299
-0.000131 -0.000962 0.067209
0.002477 0.004280 0.075581
-0.001176 0.003028 0.071916
0.002197 0.004725 0.076170
0.006632 0.001619 0.072798
0.006834 0.000533 0.070378
0.002316 0.003094 0.074162
0.004477 -0.000024 0.069216
0.003852 -0.000089 0.069099
0.008415 0.001897 0.072745
0.002177 0.004979 0.076448
0.005750 0.003461 0.075922
0.001159 -0.000721 0.067780
0.005265 0.000846 0.071127
0.004093 0.001264 0.071829
0.005004 -0.000922 0.067299
0.010557 0.002564 0.073724
0.003960 0.003339 0.075006
0.006834 -0.000387 0.068343
0.004512 -0.000450 0.068347
0.002141 0.004928 0.076287
0.002959 0.004490 0.076207
0.008398 0.001968 0.072908
0.000825 -0.001770 0.065844
0.000286 0.001180 0.070566
0.003346 0.002848 0.074177
0.000223 -0.001643 0.065995
-0.000911 0.002493 0.071437
-0.001676 -0.000088 0.067309
-0.002328 0.003018 0.069966
0.002318 0.003217 0.074339
0.009252 0.002022 0.072792
0.004927 0.001529 0.072374
0.003323 0.000198 0.069698
0.005323 -0.002013 0.064499
0.009798 0.002030 0.072604
0.001693 -0.001296 0.066580
-0.002124 0.004065 0.071271
0.008533 -0.000278 0.068033
0.006289 0.002958 0.075271
0.004839 -0.002130 0.064231
0.007293 0.000652 0.070512
0.006359 -0.000009 0.069284
0.006233 0.001848 0.073236
0.002494 -0.000850 0.067578
0.006552 0.003321 0.075856
0.004941 0.002881 0.074713
0.007896 0.003388 0.075822
0.008477 -0.001039 0.065623
0.005732 -0.000317 0.068668
0.002529 -0.002508 0.063686
0.005528 0.000639 0.070701
0.010394 0.002367 0.073205
0.004550 0.002420 0.073747
0.002343 -0.000658 0.068034
0.003520 -0.000294 0.068715
0.008917 0.000238 0.068982
0.002378 0.001216 0.071424
0.009508 0.002902 0.074381
-0.001823 0.003977 0.071969
0.003806 -0.000577 0.068087
-0.000824 0.000241 0.068580
0.000556 0.003784 0.074044
0.006759 0.000164 0.069570
0.009282 0.001141 0.070884
0.006790 0.002431 0.074419
0.004017 -0.001352 0.066327
0.010623 0.002726 0.073994
0.003931 -0.002101 0.064524
0.003769 -0.001882 0.065097
0.002071 -0.000913 0.067378
0.006141 0.002797 0.074856
0.010555 0.000967 0.069720
0.002921 -0.002399 0.063932
0.009676 0.002652 0.073943
0.000175 0.000097 0.068875
0.008923 0.002143 0.073103
0.005497 -0.000936 0.067223
-0.000042 0.004194 0.074272
0.009360 0.000648 0.069801
0.002846 -0.002228 0.064341
0.007159 -0.001494 0.065203
0.003129 0.003132 0.074482
0.000977 0.003318 0.073662
0.001869 0.000273 0.069856
0.003533 -0.001984 0.064835
0.011109 0.002547 0.073429
0.008062 0.002044 0.073228
0.001633 -0.000403 0.068517
0.001107 -0.001981 0.065291
-0.000610 0.001975 0.071109
0.009437 0.001708 0.072002
0.007273 0.003465 0.076013
0.002179 0.002567 0.073209
-0.000914 0.001003 0.069522
0.002497 0.000151 0.069545
0.008377 0.002089 0.073168
0.003335 0.003024 0.074420
-0.002188 0.003930 0.071025
0.007505 0.002683 0.074683
-0.000124 0.003844 0.073776
0.002955 0.001078 0.071276
0.004052 0.003030 0.074510
0.009503 0.001944 0.072525
0.000228 -0.001979 0.065382
0.010443 0.000234 0.067609
0.006824 0.001728 0.072998
-0.000270 0.002663 0.072189
0.010284 0.001640 0.071655
0.006267 0.000467 0.070307
0.009229 0.002233 0.073192
0.003785 0.003950 0.075929
-0.001964 0.003247 0.071042
-0.000506 0.002751 0.072136
0.005857 -0.000520 0.068223
0.010232 0.001518 0.071351
0.000397 -0.001963 0.065406
0.007750 0.003066 0.075289
-0.000630 -0.001228 0.066493
0.008765 -0.000623 0.066901
-0.000534 0.000800 0.069559
0.001356 -0.002052 0.065058
0.010902 0.002264 0.072826
-0.000469 0.003555 0.073021
0.004818 0.003696 0.075853
0.003368 -0.002558 0.063506
0.003047 0.002997 0.074305
0.009234 0.000507 0.069402
-0.001035 -0.000357 0.067612
0.007264 0.003140 0.075542
0.002547 0.002846 0.073880
0.001160 -0.000930 0.067484
-0.000807 0.001405 0.070186
0.006728 0.002672 0.074874
-0.001451 0.003851 0.072466
0.011082 0.002408 0.073115
0.006350 0.001967 0.073522
0.007123 -0.000274 0.068381
0.004662 0.002854 0.074488
0.009010 -0.000790 0.065821
-0.001652 0.002045 0.070285
0.005711 -0.001154 0.066609
-0.001331 -0.000632 0.066881
0.002879 0.004283 0.075964
0.003627 -0.001783 0.065328
0.003433 -0.002637 0.063250
0.000243 0.001661 0.071155
0.000574 -0.000366 0.068430
0.003350 -0.001427 0.066182
-0.000638 0.004081 0.073700
-0.000891 0.001671 0.070531
0.007422 0.002539 0.074421
0.001132 0.004550 0.075224
0.007931 0.001191 0.071487
0.003546 0.003407 0.075075
0.008945 0.000830 0.070407
-0.000177 0.004682 0.074594
-0.001296 0.002213 0.070869
-0.001971 0.003964 0.071623
0.007625 -0.000599 0.067648
-0.000651 0.003084 0.072357
0.008028 -0.000711 0.067079
0.007018 0.001189 0.071721
0.002779 0.002139 0.072866
0.008168 0.000627 0.070183
0.007153 0.000729 0.070714
0.008891 -0.000638 0.066632
0.003954 0.003304 0.074880
-0.000023 0.002634 0.072274
0.009275 0.000172 0.068647
0.007295 0.001349 0.072033
0.009588 -0.000478 0.066263
0.008826 0.002266 0.073371
0.008125 0.000973 0.070955
-0.000476 0.004500 0.074190
0.001806 0.005028 0.076317
0.002845 0.001690 0.072231
0.002739 0.000631 0.070462
0.007731 0.001908 0.073074
0.004369 0.000448 0.070238
0.004817 -0.000288 0.068706
0.000127 -0.001005 0.067178
0.009652 -0.000523 0.065981
0.010722 0.002468 0.073390
0.000944 -0.002687 0.063474
0.001779 0.002998 0.073702
0.006466 0.002373 0.074239
0.001140 0.000734 0.070305
0.001056 0.003890 0.074315
0.007153 0.000729 0.070714
0.006855 0.001326 0.072122
0.000915 0.000487 0.069852
0.006476 0.001653 0.072885
0.004851 -0.001687 0.065459
0.006908 0.003117 0.075559
0.002216 0.002943 0.073861
0.002946 0.003979 0.075578
0.001319 -0.000536 0.068273
0.001236 -0.001252 0.066795
0.008307 0.001126 0.071201
0.001463 0.000132 0.069546
0.008135 0.003359 0.075779
0.004654 -0.002337 0.063723
0.007273 0.003465 0.076013
0.009609 0.000774 0.069913
0.001434 0.003250 0.073820
0.009882 0.000769 0.069682
0.003219 0.001893 0.072609
0.007453 0.003099 0.075419
0.006397 0.001738 0.073042
0.007626 -0.000479 0.067938
0.001107 -0.001981 0.065291
0.003207 0.001992 0.072761
0.003765 -0.002474 0.063612
-0.000841 0.001141 0.069741
0.005429 -0.001897 0.064778
0.002692 0.001502 0.071958
0.003297 0.004521 0.076341
0.004614 0.003750 0.075893
0.005574 0.003367 0.075687
0.000935 0.001188 0.070843
0.002868 -0.002096 0.064651
0.003281 0.003901 0.075556
-0.000378 0.004522 0.074355
0.010141 0.000081 0.067582
0.008009 -0.000993 0.066121
0.003035 0.002874 0.074102
-0.002381 0.003354 0.070069
-0.000117 0.000989 0.070099
0.000030 0.000332 0.069283
0.001350 0.002327 0.072498
0.008236 0.000038 0.068839
0.005785 -0.002018 0.064296
0.000137 0.002951 0.072785
-0.002250 0.003834 0.070757
0.001176 0.000447 0.069965
0.006880 0.000961 0.071257
0.008125 0.000280 0.069459
0.002287 0.001996 0.072435
-0.000024 0.004042 0.074127
0.001382 -0.002200 0.064701
0.006645 0.001464 0.072475
0.000566 -0.002112 0.065043
-0.001497 0.000280 0.067990
0.000174 0.003682 0.073675
0.003410 0.003600 0.075308
0.003099 -0.001990 0.064874
0.006919 0.003501 0.076067
0.005078 0.000690 0.070779
0.007917 -0.001342 0.065218
0.001631 -0.001734 0.065731
0.003952 0.002950 0.074371
0.006262 0.003549 0.076152
-0.000183 0.001321 0.070516
0.000767 0.003098 0.073141
0.000283 0.004649 0.074760
0.009708 -0.000007 0.067809
0.002390 0.002306 0.072926
0.008637 0.001974 0.072842
0.003276 -0.002032 0.064744
0.002411 -0.001903 0.065218
0.002881 0.000839 0.070867
0.007110 0.002206 0.073854
0.002590 0.002107 0.072738
0.006013 0.003769 0.076376
0.003965 0.000658 0.070652
0.007947 0.002122 0.073454
0.004993 0.001712 0.072708
0.001038 0.002346 0.072425
-0.000405 -0.001772 0.065624
0.004986 0.001613 0.072530
0.008976 0.002988 0.074696
0.000530 -0.002345 0.064477
0.008434 0.000748 0.070394
-0.001185 0.001933 0.070663
-0.001795 0.001556 0.069414
-0.000976 -0.001447 0.065975
-0.000498 0.000669 0.069405
0.005235 0.001221 0.071845
0.002508 0.004710 0.076332
0.002795 -0.000386 0.068500
0.003304 -0.001024 0.067145
0.005467 0.003555 0.075903
0.007964 0.001658 0.072462
0.002264 -0.001293 0.066596
-0.001468 0.000499 0.068334
0.008725 0.001763 0.072382
0.003061 -0.002543 0.063565
0.001456 -0.001367 0.066522
0.000557 0.004501 0.074742
-0.002420 0.002739 0.069541
0.006201 -0.000547 0.068158
0.001011 -0.001325 0.066649
0.005798 0.001141 0.071802
0.009312 0.002374 0.073443
-0.000705 0.001607 0.070532
0.006432 -0.001123 0.066525
0.000514 0.004872 0.075191
0.005235 0.000217 0.069775
0.002531 -0.002059 0.064797
0.005987 0.002947 0.075102
0.003166 -0.001277 0.066566
0.000753 -0.000119 0.068869
0.001906 0.002002 0.072295
0.010940 0.002623 0.073698
0.001833 0.002722 0.073281
0.004585 -0.001844 0.065062
0.001478 0.003026 0.073582
0.000595 0.004978 0.075379
-0.001533 0.004308 0.072911
0.006616 0.002979 0.075349
0.005157 -0.001568 0.065710
0.002663 0.001347 0.071703
0.005889 0.002878 0.074913
0.005547 0.002071 0.073449
-0.002475 0.003051 0.069619
0.007812 0.001086 0.071298
0.005238 0.000398 0.070181
-0.001873 0.001109 0.068799
0.006387 0.003141 0.075577
0.002538 0.001632 0.072072
-0.000389 -0.001076 0.066881
-0.000204 0.003695 0.073403
0.002680 0.002273 0.073003
0.008517 -0.000724 0.066765
0.004241 0.000946 0.071271
0.008436 0.002956 0.074905
0.005936 0.001560 0.072647
-0.000712 -0.000383 0.067827
0.003901 0.003205 0.074722
0.005204 0.001931 0.073113
0.007833 0.001303 0.071758
0.003368 -0.002558 0.063506
0.002353 0.000061 0.069286
0.004188 -0.001518 0.065922
0.003658 -0.000504 0.068248
0.000784 -0.000560 0.068087
-0.001686 0.003444 0.071726
0.010692 0.000667 0.068518
0.005592 -0.000138 0.069053
0.007444 0.000514 0.070159
-0.001359 -0.000285 0.067332
0.009037 0.002354 0.073479
0.005199 0.000572 0.070534
0.009931 0.003146 0.074833
0.007892 0.000161 0.069265
0.004319 -0.001034 0.067082
0.008230 0.003171 0.075351
0.007294 -0.000598 0.067782
0.004142 0.000549 0.070441
0.010788 0.001837 0.071851
-0.000558 0.001736 0.070855
0.009408 0.000149 0.068506
0.004427 0.000588 0.070475
0.004577 0.003428 0.075303
0.010281 0.001313 0.070920
0.006144 0.001655 0.072856
0.004218 -0.000615 0.067997
0.005293 -0.000286 0.068739
0.005311 0.002146 0.073565
0.005992 -0.000161 0.068977
0.001495 0.000078 0.069408
0.001426 0.004313 0.075193
-0.001138 0.001637 0.070289
0.005228 0.002424 0.074010
0.000526 -0.001761 0.065852
0.000527 0.003247 0.073211
-0.000198 -0.001702 0.065729
0.005931 0.000922 0.071344
0.002181 0.002298 0.072773
-0.000665 -0.001449 0.066086
0.004852 0.000288 0.069940
0.008817 -0.000770 0.065985
-0.000198 -0.002172 0.064870
-0.000771 0.003491 0.072748
0.009171 0.001771 0.072179
0.004017 -0.001352 0.066327
0.000726 0.004702 0.075016
0.000119 0.001928 0.071425
-0.001387 0.002098 0.070667
0.004398 -0.002395 0.063661
-0.000606 -0.001724 0.065683
-0.001985 0.003524 0.071258
0.004130 0.004247 0.076483
0.000692 0.000073 0.069033
-0.001558 -0.000207 0.067155
0.004075 -0.002454 0.063606
-0.002071 0.001763 0.069251
0.004352 -0.001995 0.064719
0.009988 0.001097 0.070536
0.003658 -0.000504 0.068248
0.002265 0.004517 0.075990
0.008146 0.001547 0.072171
-0.000904 -0.001611 0.065780
0.003051 0.001847 0.072488
-0.001119 0.002266 0.071034
0.001634 -0.002321 0.064318
0.009341 -0.000637 0.065997
0.005505 0.000830 0.071111
0.007733 0.002722 0.074681
0.006935 0.001589 0.072662
0.007456 0.003268 0.075687
0.005525 -0.001081 0.066823
0.007177 -0.000716 0.067508
0.005716 -0.000604 0.068031
0.005518 0.001179 0.071816
0.010006 0.002355 0.073253
-0.000349 0.003481 0.072944
-0.000465 -0.001205 0.066603
0.006392 0.001019 0.071520
0.008900 0.003110 0.074991
0.002299 0.000983 0.071011
0.002765 0.000141 0.069562
0.010070 0.000161 0.067887
0.008799 -0.000171 0.068142
0.006586 0.000465 0.070245
0.007573 0.003395 0.075837
0.001804 -0.000772 0.067759
0.001036 0.001316 0.071073
0.001555 -0.002053 0.065022
0.006410 -0.001766 0.064758
0.003790 -0.001957 0.064884
0.004746 0.003822 0.076037
0.002034 0.000081 0.069401
0.006698 0.003115 0.075555
0.006762 0.001173 0.071761
0.003572 0.000055 0.069343
0.000492 0.004720 0.074966
0.007293 -0.001091 0.066227
0.000711 0.003975 0.074273
0.005539 0.003807 0.076269
0.008751 -0.000031 0.068457
0.005245 -0.001744 0.065242
-0.000699 -0.001094 0.066725
0.001251 0.003053 0.073457
0.004112 -0.000990 0.067195
0.008272 -0.000884 0.066303
