0.019164 0.002470 0.075853
0.018918 -0.000022 0.080961
0.019766 0.005703 0.079532
0.019792 -0.000584 0.083486
0.019103 0.005692 0.081833
0.017852 0.002701 0.083526
0.019382 -0.002216 0.076710
0.018531 0.000231 0.078841
0.018993 0.006090 0.082926
0.014719 0.006568 0.081038
0.018609 -0.000433 0.076177
0.017054 0.006292 0.073698
0.018889 0.001129 0.076293
0.011901 0.004589 0.077711
0.013880 0.006923 0.081490
0.019004 0.007163 0.079287
0.018028 0.004858 0.083040
0.013639 0.005226 0.078716
0.011924 0.004219 0.076847
0.011617 0.003385 0.075081
0.019645 0.005666 0.078342
0.017492 0.003621 0.083445
0.020147 0.002539 0.074007
0.015213 0.006345 0.080696
0.019490 -0.001997 0.078405
0.018377 0.001550 0.078521
0.018656 -0.000337 0.078153
0.012407 0.006541 0.080454
0.019633 0.003164 0.074951
0.018377 0.007810 0.080400
0.017202 0.006760 0.078741
0.018672 -0.000088 0.079415
0.020054 -0.002571 0.079458
0.019643 -0.003170 0.074647
0.019170 -0.001618 0.077970
0.014944 0.006063 0.080094
0.018954 0.002593 0.077097
0.012365 0.005036 0.078480
0.019299 -0.002473 0.074885
0.019020 -0.000325 0.080706
0.019834 0.005748 0.075670
0.018197 0.002204 0.083831
0.019147 0.006909 0.078770
0.018750 0.004201 0.080537
0.014330 0.004676 0.077169
0.018935 0.000863 0.083136
0.018505 0.000163 0.077157
0.019293 0.005536 0.074970
0.017591 0.007674 0.080935
0.011875 0.002942 0.074037
0.015876 0.006061 0.079616
0.018598 -0.000047 0.078681
0.018968 -0.000360 0.080303
0.018920 0.004905 0.080994
0.019536 0.000198 0.084388
0.019447 0.005801 0.074225
0.021027 -0.003344 0.080440
0.013134 0.006051 0.080124
0.019616 0.002751 0.074998
0.019008 0.006911 0.079892
0.019157 0.003847 0.077807
0.019218 0.001584 0.075433
0.018825 0.000619 0.082014
0.019499 0.006900 0.081900
0.019792 -0.003080 0.076071
0.018766 0.003467 0.079622
0.014076 0.004369 0.076228
0.019851 0.001538 0.074085
0.019528 0.004508 0.076169
0.011273 0.005245 0.078610
0.020429 -0.003114 0.079432
0.019441 -0.002756 0.075133
0.018943 0.000518 0.082271
0.018215 0.001961 0.082093
0.018906 0.007270 0.082341
0.013323 0.007366 0.081824
0.015009 0.005318 0.078331
0.019309 0.005312 0.074795
0.020608 0.004680 0.073261
0.019577 0.005602 0.080178
0.020188 -0.003152 0.078152
0.018659 0.007054 0.078123
0.016078 0.006599 0.082029
0.019529 0.006044 0.078158
0.015556 0.005617 0.078227
0.019381 0.001715 0.075005
0.018661 0.007193 0.081718
0.014424 0.004366 0.073773
0.019760 0.005529 0.075936
0.018933 -0.001495 0.075897
0.014747 0.006779 0.081396
0.018188 0.003197 0.081343
0.017153 0.006692 0.078120
0.013707 0.004287 0.076358
0.011442 0.002759 0.073695
0.014053 0.007604 0.082501
0.013628 0.003740 0.074269
0.018163 0.002233 0.081413
0.017139 0.006272 0.075466
0.019476 0.004980 0.078214
0.020021 -0.003311 0.076522
0.018881 0.008353 0.082483
0.015306 0.005400 0.078106
0.019228 -0.000085 0.081979
0.016574 0.006613 0.079511
0.017479 0.008088 0.082783
0.018704 -0.000710 0.076094
0.018735 0.008012 0.081133
0.019388 -0.000785 0.081055
0.015986 0.005539 0.076212
0.018946 0.002831 0.077433
0.018539 0.000410 0.076835
0.018980 0.000676 0.082714
0.018989 0.000843 0.083467
0.018752 0.000481 0.081542
0.018277 0.002963 0.081040
0.018816 -0.000117 0.080199
0.013592 0.006426 0.080707
0.013807 0.004236 0.075973
0.019533 -0.002316 0.077520
0.020038 0.001960 0.073859
0.019487 0.006665 0.081678
0.019237 0.003752 0.076677
0.018592 0.006259 0.073773
0.019180 -0.000305 0.081350
0.018662 0.002070 0.079016
0.018693 -0.000776 0.077243
0.019847 -0.002635 0.078025
0.019225 0.006860 0.078063
0.019112 0.000634 0.083330
0.018669 0.007730 0.079856
0.017905 0.006620 0.076490
0.013643 0.004532 0.077248
0.019219 0.006165 0.082280
0.018658 0.000994 0.082043
0.018614 -0.000532 0.077303
0.018686 0.003212 0.079579
0.014705 0.004723 0.076802
0.012747 0.004201 0.076657
0.013705 0.006037 0.080085
0.018787 0.002522 0.078137
0.019149 0.000952 0.084420
0.016602 0.006077 0.076722
0.018716 0.006262 0.075216
0.019293 0.000261 0.083119
0.018769 0.001386 0.084157
0.017658 0.006963 0.078270
0.018640 0.007447 0.082390
0.014609 0.006973 0.081650
0.019000 -0.001735 0.075550
0.019158 0.000721 0.083894
0.018564 0.003548 0.080654
0.020756 -0.003440 0.079587
0.016824 0.006111 0.075380
0.019638 -0.003017 0.075311
0.018711 0.006851 0.077801
0.018843 0.002663 0.077721
0.020283 -0.002044 0.081609
0.019290 0.001148 0.075110
0.019288 0.003573 0.076390
0.019559 0.003655 0.075764
0.018437 0.006629 0.076965
0.019764 0.004863 0.074476
0.019307 0.004175 0.076617
0.017218 0.006254 0.074238
0.019646 -0.001921 0.079403
0.018265 0.001694 0.079763
0.011825 0.002750 0.073595
0.018367 0.000972 0.080158
0.019622 0.005193 0.078513
0.013630 0.006666 0.081017
0.018301 0.001231 0.080095
0.018331 0.001115 0.080368
0.019695 0.006080 0.079063
0.010868 0.003610 0.075684
0.011711 0.003108 0.074407
0.011701 0.005313 0.078870
0.019348 0.006259 0.073791
0.014726 0.004586 0.075156
0.019958 -0.001088 0.082776
0.020425 -0.002148 0.081909
0.018796 0.000574 0.075822
0.018473 0.000830 0.078603
0.018432 0.001960 0.084568
0.019717 0.005470 0.078388
0.016381 0.005910 0.076833
0.012045 0.002863 0.073768
0.019539 0.001947 0.074833
0.015712 0.005322 0.076168
0.019020 0.007086 0.079629
0.019006 0.007233 0.080102
0.018545 0.001789 0.078850
0.019936 -0.000919 0.083372
0.018695 -0.000368 0.078473
0.013597 0.003945 0.075390
0.019636 0.000041 0.084747
0.018368 0.003684 0.081258
0.010910 0.003130 0.074727
0.013195 0.005040 0.078412
0.018348 0.000967 0.079769
0.019511 0.005646 0.080541
0.018966 0.007170 0.082071
0.019389 0.005674 0.075196
0.019733 -0.002874 0.076490
0.019003 0.000938 0.075573
0.019527 -0.002837 0.074494
0.018570 0.002996 0.080049
0.018042 0.002469 0.083997
0.012699 0.003055 0.073493
0.019632 0.005217 0.078981
0.012892 0.004657 0.077690
0.018421 0.001538 0.082939
0.013648 0.004459 0.076980
0.017700 0.006435 0.073082
0.017275 0.006366 0.077365
0.015370 0.006069 0.080251
0.016060 0.005683 0.074198
0.016282 0.005734 0.074669
0.012850 0.004475 0.077216
0.016064 0.005921 0.077801
0.019356 0.004510 0.077196
0.011983 0.003625 0.075508
0.018622 0.002092 0.078169
0.019101 -0.001523 0.077799
0.019052 0.002125 0.076171
0.015925 0.005464 0.075435
0.019154 -0.002139 0.074751
0.016621 0.006768 0.081317
0.020903 -0.003125 0.080644
0.019416 0.005020 0.077812
0.011385 0.003612 0.075566
0.018582 0.002511 0.079463
0.019752 -0.001750 0.080189
0.018413 0.006518 0.075993
0.019357 -0.000936 0.080572
0.013097 0.004227 0.076616
0.017960 0.007254 0.079290
0.019374 0.004607 0.078008
0.018995 0.006790 0.080157
0.011686 0.005842 0.079496
0.019887 -0.003048 0.076773
0.018951 0.002121 0.076489
0.014591 0.006074 0.080168
0.014822 0.005105 0.077655
0.015653 0.006004 0.079303
0.019622 -0.002128 0.078701
0.018170 0.006115 0.074534
0.018929 0.005294 0.081619
0.020376 0.005449 0.073246
0.019123 0.000468 0.082972
0.018129 0.008465 0.082393
0.015393 0.005227 0.074115
0.018730 0.007411 0.079288
0.015893 0.005678 0.077166
0.018847 0.002184 0.077133
0.019283 -0.002327 0.075613
0.019325 -0.002486 0.075338
0.012574 0.006888 0.080925
0.020517 0.005281 0.073187
0.019103 0.005884 0.082217
0.011504 0.005267 0.078727
0.018699 0.002246 0.078731
0.015117 0.006529 0.080999
0.018832 0.002703 0.078364
0.014263 0.007041 0.081737
0.020686 -0.002655 0.081433
0.018749 0.007346 0.082283
0.020316 -0.001888 0.082212
0.014357 0.005384 0.078787
0.020533 0.004408 0.073814
0.018472 0.000672 0.078819
0.018679 0.002789 0.079488
0.019752 0.005543 0.078639
0.018802 0.008024 0.082681
0.018928 0.007688 0.080597
0.019575 -0.000942 0.081447
0.018654 0.000279 0.076038
0.018702 0.001126 0.083101
0.018389 0.001568 0.078971
0.017875 0.006198 0.074531
0.018827 0.008094 0.081839
0.019596 0.006159 0.080799
0.017714 0.006423 0.075399
0.018884 0.001142 0.076144
0.018939 0.004357 0.080004
0.018893 0.000206 0.081468
0.019371 -0.000356 0.073748
0.016406 0.005953 0.076513
0.018969 0.006715 0.081393
0.019670 -0.001514 0.080457
0.019280 0.004279 0.078121
0.019904 0.005325 0.073890
0.011987 0.006155 0.079838
0.019783 -0.000964 0.082378
0.018409 0.000612 0.079572
0.016858 0.006927 0.079877
0.020519 -0.002142 0.082333
0.018484 0.003912 0.081164
0.019040 -0.001336 0.077996
0.018974 0.006093 0.075706
0.013842 0.004540 0.077120
0.019030 -0.001699 0.075954
0.019272 0.005813 0.074488
0.018932 0.003126 0.078419
0.014052 0.005946 0.079992
0.014017 0.006591 0.081044
0.018996 0.007480 0.079886
0.011776 0.003754 0.075941
0.018544 0.005263 0.082600
0.018587 -0.000399 0.076422
0.018335 0.004846 0.082449
0.019159 -0.001841 0.076806
0.019390 0.005421 0.074482
0.017824 0.003226 0.082204
0.018746 0.004040 0.080348
0.017576 0.004287 0.082728
0.019808 0.005276 0.076061
0.017571 0.008166 0.082556
0.017970 0.002703 0.084764
0.018904 0.006308 0.073908
0.015010 0.005426 0.078525
0.018964 0.006686 0.080358
0.013687 0.007462 0.082130
0.012768 0.006039 0.080027
0.018941 0.000983 0.083780
0.019769 0.005184 0.075393
0.019313 0.004567 0.077422
0.015571 0.005451 0.073683
0.014193 0.007206 0.081976
0.019298 0.006584 0.081338
0.013187 0.004729 0.077800
0.019267 0.000451 0.074588
0.020579 -0.002420 0.081768
0.020876 -0.002913 0.081268
0.018975 0.006342 0.074349
0.018754 -0.000941 0.075732
0.018905 0.006938 0.080691
0.016869 0.007051 0.081479
0.018067 0.002234 0.082004
0.015369 0.005123 0.076645
0.012123 0.004486 0.077422
0.019459 0.005760 0.080867
0.018671 -0.000249 0.075585
0.017124 0.006314 0.077663
0.018839 -0.001432 0.075026
0.016921 0.006136 0.075025
0.018998 0.000397 0.075159
0.011376 0.004380 0.077294
0.018372 0.001377 0.078088
0.017117 0.007425 0.081330
0.019628 0.003468 0.075133
0.018409 0.001503 0.082255
0.019485 0.005286 0.077539
0.013031 0.003257 0.073696
0.020106 0.002237 0.073888
0.020528 0.003899 0.073666
0.017001 0.006283 0.077727
0.011456 0.004736 0.077939
0.013590 0.007374 0.081930
0.019730 -0.001453 0.080887
0.013974 0.004278 0.075999
0.017767 0.003612 0.082190
0.019679 0.005777 0.073862
0.018843 0.006512 0.077406
0.017432 0.003993 0.083872
0.018696 0.006640 0.077068
0.014962 0.004942 0.073687
0.019481 0.005041 0.079363
0.016186 0.005836 0.073625
0.017453 0.008003 0.081848
0.017923 0.006422 0.073413
0.019242 -0.002303 0.074150
0.018542 0.005565 0.083463
0.019288 0.004266 0.077716
0.018269 0.001718 0.080301
0.020087 -0.002546 0.079650
0.019385 -0.000211 0.082457
0.019355 0.005779 0.075585
0.019248 0.004441 0.078521
0.013077 0.003944 0.075797
0.019058 0.000738 0.075341
0.015069 0.004926 0.076540
0.018760 -0.001017 0.076905
0.013842 0.003848 0.073555
0.020226 -0.001844 0.081982
0.017083 0.007162 0.079997
0.018308 0.006635 0.077307
0.013973 0.004082 0.075130
0.020863 -0.003321 0.080121
0.018367 0.001956 0.084330
0.018300 0.002214 0.084801
0.015673 0.005346 0.076431
0.014300 0.004207 0.074356
0.013334 0.003407 0.073509
0.018305 0.001367 0.079728
0.020228 0.002944 0.074157
0.020017 0.004792 0.074147
0.019846 -0.002894 0.077194
0.019485 0.000554 0.074185
0.019769 0.003101 0.074781
0.019732 0.004016 0.075623
0.019684 0.006008 0.080347
0.018814 -0.000451 0.074700
0.019916 0.001469 0.073903
0.015113 0.004886 0.074856
0.018566 0.006315 0.076363
0.019354 0.006026 0.081588
0.012574 0.004438 0.077142
0.020856 -0.003465 0.079795
0.018808 0.006408 0.076885
0.019460 0.006297 0.079293
0.019853 -0.000514 0.084234
0.012954 0.004064 0.076199
0.017574 0.006991 0.078905
0.020783 -0.003044 0.080527
0.018397 0.000817 0.077742
0.016335 0.006565 0.081727
0.019742 -0.002575 0.077721
0.013913 0.005288 0.078786
0.012775 0.006278 0.080295
0.019611 0.006177 0.080035
0.018848 0.000912 0.076157
0.018897 0.002975 0.078232
0.019873 0.005293 0.075468
0.018805 0.001099 0.076545
0.019029 -0.001095 0.078816
0.018991 0.007134 0.080547
0.019288 0.006997 0.082711
0.019734 0.000817 0.073798
0.019299 -0.000012 0.082780
0.012595 0.004545 0.077428
0.018345 0.000744 0.078133
0.019865 -0.001890 0.080258
0.019235 -0.000921 0.080154
0.018876 0.007389 0.079499
0.018657 0.007256 0.081869
0.018767 0.007695 0.082894
0.018876 0.000987 0.075947
0.014271 0.004437 0.076122
0.011433 0.004494 0.077479
0.019046 0.006771 0.079731
0.018560 0.000111 0.078514
0.019506 -0.001659 0.079459
0.018774 -0.000180 0.079807
0.015352 0.004983 0.075405
0.019054 0.000141 0.081880
0.019054 0.003321 0.077130
0.018614 0.007001 0.081629
0.018315 0.002471 0.080446
0.018840 0.008113 0.082309
0.019567 0.004801 0.076443
0.018398 0.007420 0.079214
0.013863 0.004621 0.077343
0.019874 -0.002755 0.077761
0.012976 0.005908 0.079899
0.019455 0.005969 0.081184
0.019670 -0.003136 0.075000
0.020145 -0.002871 0.078944
0.020572 0.004043 0.073522
0.014823 0.005527 0.078697
0.019868 0.001209 0.073845
0.019051 0.001321 0.085198
0.019982 0.002714 0.074468
0.019660 0.005837 0.078523
0.019302 0.006385 0.079974
0.019979 0.004523 0.074890
0.014807 0.004731 0.076235
0.014276 0.004363 0.075802
0.016909 0.006089 0.074216
0.019427 0.006362 0.080669
0.015098 0.006882 0.081593
0.019810 0.006040 0.073508
0.019003 0.003372 0.077582
0.018175 0.002342 0.081117
0.011909 0.003348 0.074912
0.012980 0.007082 0.081311
0.019196 -0.000678 0.073821
0.011231 0.003102 0.074578
0.018597 0.000553 0.076553
0.017570 0.003271 0.084406
0.018970 0.007863 0.081619
0.019240 -0.000091 0.074144
0.018268 0.005129 0.083190
0.013272 0.006419 0.080602
0.019286 0.000460 0.083798
0.018466 0.005228 0.082909
0.014015 0.007420 0.082229
0.019607 -0.002769 0.076133
0.013615 0.003848 0.074842
0.018025 0.004424 0.082236
0.014564 0.004444 0.074350
0.018650 0.001354 0.083672
0.018473 0.003175 0.080835
0.018603 0.001924 0.085093
0.018620 0.001915 0.077794
0.019626 0.000755 0.074027
0.015484 0.007524 0.082653
0.017922 0.007306 0.079552
0.019628 0.000008 0.084497
0.019017 -0.000728 0.079712
0.019167 -0.001301 0.079009
0.019542 0.005700 0.077914
0.012814 0.003167 0.073763
0.019910 0.005122 0.074183
0.018251 0.002149 0.084190
0.020509 0.005037 0.073299
0.019818 0.005697 0.079080
0.018969 0.007158 0.079086
0.011875 0.003580 0.075423
0.019447 0.000419 0.084688
0.019636 0.005169 0.074347
0.019280 0.006791 0.083174
0.019521 0.005921 0.077334
0.017471 0.007529 0.080777
0.018015 0.006240 0.075128
0.019321 -0.000044 0.082619
0.010498 0.003586 0.075647
0.020710 -0.003247 0.079904
0.019433 -0.000972 0.080813
0.014874 0.007549 0.082661
0.015278 0.005210 0.073772
0.010862 0.004134 0.076825
0.019626 0.005485 0.074096
0.018007 0.003360 0.081779
0.019501 -0.001838 0.078992
0.016718 0.006669 0.079248
0.018648 0.003754 0.080470
0.016828 0.006597 0.078815
0.019313 0.004319 0.077029
0.015867 0.005439 0.075886
0.020259 0.005204 0.073518
0.018780 0.007176 0.080950
0.019549 -0.000798 0.081649
0.019070 0.006233 0.076899
0.013822 0.003806 0.073228
0.012371 0.004682 0.077811
0.013854 0.004719 0.077575
0.018528 0.001287 0.082143
0.019921 -0.002495 0.079087
0.018712 -0.000016 0.079960
0.017141 0.006302 0.076092
0.015263 0.007380 0.082503
0.012999 0.003179 0.073437
0.019403 0.006270 0.079639
0.017007 0.006750 0.078991
0.015003 0.005805 0.079326
0.011296 0.004657 0.077759
0.017845 0.002680 0.083827
0.018409 0.006495 0.076328
0.018672 -0.000610 0.075770
0.018728 0.007447 0.079456
0.015473 0.005245 0.074293
0.018780 0.006331 0.074097
0.011585 0.003716 0.075868
0.018983 -0.001629 0.074177
0.016089 0.006239 0.079293
0.014809 0.006219 0.080426
0.015766 0.005633 0.073077
0.018321 0.001543 0.080765
0.018394 0.004847 0.082165
0.018873 0.003744 0.079519
0.018994 0.000293 0.082048
0.018911 0.004537 0.080378
0.019357 0.005746 0.076630
0.017300 0.006315 0.075812
0.019105 0.000042 0.081743
0.018810 0.002251 0.077442
0.019356 0.006561 0.078731
0.018361 0.008564 0.082520
0.018592 0.001490 0.083927
0.019137 0.006492 0.080307
0.011769 0.003225 0.074703
0.015157 0.005802 0.078986
0.018499 0.000979 0.077385
0.020502 0.003689 0.073839
0.020431 -0.003540 0.077589
0.019770 0.002889 0.074796
0.013251 0.003560 0.074362
0.015534 0.006894 0.081793
0.018557 -0.000201 0.077527
0.017826 0.002782 0.082766
0.019323 0.005426 0.080795
0.015296 0.005348 0.077655
0.019742 -0.001070 0.081836
0.017479 0.003984 0.083067
0.012334 0.002898 0.073474
0.017792 0.006381 0.074836
0.018139 0.006965 0.078199
0.019511 -0.002555 0.076267
0.013161 0.006791 0.081077
0.011937 0.005363 0.079004
0.011068 0.004224 0.077012
0.019335 -0.001526 0.079115
0.019051 0.003797 0.078623
0.019519 0.005462 0.076851
0.017861 0.002853 0.082393
0.014191 0.004565 0.076884
0.013001 0.003669 0.075017
0.018001 0.006965 0.078450
0.019492 0.002066 0.074958
0.019074 0.006624 0.079949
0.018645 0.006253 0.075026
0.018628 0.000366 0.076354
0.012337 0.004444 0.077159
0.011712 0.003844 0.076141
0.012557 0.003138 0.074032
0.013946 0.003955 0.073833
0.013477 0.004874 0.078071
0.018883 0.005474 0.082055
0.018697 -0.000341 0.078664
0.019203 0.005901 0.076474
0.011070 0.004406 0.077277
0.018937 0.002391 0.076538
0.019092 -0.001932 0.074078
0.018447 0.000783 0.080705
0.012911 0.004121 0.076421
0.019627 0.005160 0.076628
0.018218 0.001951 0.080295
0.017697 0.007568 0.080388
0.015532 0.006031 0.080307
0.014639 0.006345 0.080632
0.018691 0.007582 0.082655
0.012299 0.005597 0.079368
0.019498 0.006355 0.080181
0.019723 0.005487 0.075570
0.018413 0.001156 0.081194
0.018229 0.007427 0.079538
0.018625 -0.000609 0.076662
0.011572 0.004072 0.076635
0.019102 0.006804 0.079402
0.018782 0.005893 0.083218
0.019156 -0.002118 0.074336
0.020509 -0.003071 0.079764
0.019378 -0.002609 0.074355
0.010440 0.003299 0.075164
0.018952 0.003266 0.078175
0.012418 0.003283 0.074504
0.019963 0.004007 0.074617
0.018947 0.003532 0.079090
0.020054 -0.002920 0.078298
0.017811 0.002747 0.084084
0.019331 0.000421 0.083949
0.018702 -0.000682 0.075381
0.013428 0.006192 0.080335
0.019709 -0.002160 0.079074
0.017356 0.006844 0.078445
0.019285 0.006439 0.073091
0.020147 -0.003411 0.076865
0.019625 0.000110 0.085006
0.015869 0.005388 0.075191
0.019713 -0.000962 0.082011
0.019196 0.002685 0.075874
0.017683 0.007019 0.078099
0.018242 0.006136 0.073979
0.018716 0.000691 0.076253
0.018592 -0.000180 0.076534
0.018866 0.000436 0.081872
0.013868 0.005405 0.079016
0.011053 0.003562 0.075590
0.019691 0.001913 0.074570
0.019480 0.006341 0.078834
0.018923 0.007348 0.078661
0.014765 0.004713 0.073919
0.018700 0.000119 0.080287
0.019047 -0.001914 0.075181
0.018837 0.003172 0.078735
0.017736 0.007368 0.079765
0.013957 0.006764 0.081293
0.018971 0.004805 0.080802
0.017260 0.006450 0.072960
0.020378 -0.003395 0.078152
0.019994 -0.003423 0.076070
0.018812 0.000024 0.080571
0.016779 0.006221 0.076520
0.020022 0.004627 0.075134
0.019622 0.006076 0.078841
0.018264 0.004580 0.081917
0.013441 0.006003 0.080091
0.011839 0.005906 0.079624
0.019358 0.006536 0.081013
0.019477 0.004958 0.074777
0.015236 0.007621 0.082773
0.012226 0.006541 0.080406
0.018041 0.006490 0.073650
0.013083 0.004542 0.077412
0.015625 0.005196 0.075518
0.018841 0.007637 0.079897
0.018138 0.002449 0.084841
0.017678 0.008172 0.082083
0.018605 0.008517 0.082296
0.019284 0.006437 0.079380
0.017829 0.006473 0.076089
0.019819 -0.001106 0.082203
0.017448 0.003733 0.083777
0.018671 0.005133 0.081949
0.019670 0.006016 0.079447
0.018680 0.002254 0.078326
0.016119 0.006272 0.078966
0.014912 0.005939 0.079699
0.011477 0.004910 0.078203
0.018599 0.004108 0.080985
0.019282 0.006798 0.081633
0.016884 0.006599 0.078572
0.011279 0.003383 0.075151
0.019198 0.001312 0.075408
0.019917 0.001794 0.074054
0.018655 0.001753 0.084702
0.018412 0.000449 0.077796
0.019438 0.001197 0.074825
0.018272 0.004330 0.081601
0.019106 -0.001558 0.077592
0.014201 0.005625 0.079393
0.018949 -0.001711 0.075117
0.016569 0.006034 0.076233
0.018379 0.002272 0.079758
0.015361 0.005898 0.079787
0.018301 0.001658 0.082632
0.011083 0.003269 0.074959
0.019589 0.005500 0.076974
0.018963 -0.001746 0.074841
0.015575 0.006390 0.081108
0.019791 0.005584 0.078456
0.018922 0.003427 0.078856
0.011393 0.003891 0.076337
0.012733 0.003958 0.076060
0.019479 0.007105 0.082294
0.019162 0.006444 0.083019
0.014866 0.007377 0.082413
0.013494 0.005345 0.078911
0.017925 0.006271 0.074948
0.015215 0.006022 0.080090
0.019883 -0.002630 0.078393
0.014570 0.004711 0.076916
0.013856 0.003923 0.074548
0.009881 0.003541 0.075598
0.018281 0.001766 0.080798
0.020102 -0.002932 0.078525
0.017912 0.002692 0.082226
0.019327 -0.002219 0.076237
0.012222 0.005782 0.079595
0.019328 0.005936 0.075748
0.010142 0.003902 0.076289
0.018363 0.007847 0.080659
0.018793 0.005517 0.082470
0.014181 0.004220 0.075371
0.019399 -0.000470 0.081858
0.012787 0.003522 0.074832
0.017414 0.006473 0.076377
0.017337 0.004311 0.083858
0.020168 -0.002420 0.080187
0.018599 0.001301 0.082762
0.018243 0.001977 0.079933
0.018543 0.000089 0.077541
0.019277 0.005930 0.075979
0.016155 0.005585 0.075105
0.015910 0.005679 0.073848
0.011702 0.004245 0.077015
0.018614 0.006667 0.077483
0.012004 0.003890 0.076137
0.017928 0.003052 0.081949
0.016689 0.006248 0.072918
0.012129 0.006342 0.079998
0.019576 0.004675 0.075101
0.020403 0.004085 0.073907
0.018983 0.007902 0.081359
0.014776 0.004626 0.075498
0.019479 0.000388 0.084879
0.014454 0.007389 0.082323
0.018497 0.000225 0.077409
0.017389 0.006345 0.073933
0.019442 -0.000014 0.073825
0.019016 0.003024 0.076734
0.012987 0.003864 0.075625
0.018616 0.004914 0.081674
0.020072 -0.003186 0.077336
0.018899 0.008503 0.082345
0.015763 0.006431 0.081505
0.018589 0.001288 0.083111
0.019354 -0.001036 0.080338
0.019293 0.002622 0.075572
0.019293 0.003981 0.076553
0.019360 0.006482 0.082317
0.018406 0.001426 0.081602
0.019165 0.007000 0.078236
0.015627 0.005422 0.074057
0.020174 -0.003392 0.077107
0.016951 0.007510 0.082477
0.018703 0.007307 0.082053
0.018754 0.007557 0.081913
0.019438 0.000528 0.085151
0.019542 0.005493 0.076523
0.016508 0.006565 0.079778
0.018540 0.000790 0.081351
0.018745 0.002609 0.078737
0.019397 0.004748 0.077831
0.016044 0.006422 0.081617
0.015533 0.006800 0.081710
0.018060 0.004180 0.081903
0.019297 0.005809 0.076310
0.018914 0.006277 0.074830
0.016966 0.006374 0.073192
0.010196 0.003306 0.075194
0.018859 0.002779 0.078056
0.018261 0.001736 0.082326
0.020573 -0.002617 0.081058
0.011595 0.004611 0.077761
0.018797 -0.000738 0.078176
0.014402 0.006774 0.081352
0.018992 -0.000019 0.081327
0.010463 0.004094 0.076665
0.015677 0.005559 0.073385
0.019670 -0.000266 0.083422
0.018452 0.001109 0.081458
0.019458 0.006454 0.079055
0.019209 0.006093 0.077377
0.011239 0.003993 0.076530
0.019594 0.006442 0.080976
0.019986 -0.003158 0.076970
0.012497 0.003537 0.075099
0.019365 0.005846 0.075295
0.020046 0.003707 0.074409
0.012147 0.005003 0.078483
0.020350 -0.003104 0.079091
0.011260 0.003759 0.076013
0.018975 0.006357 0.077456
0.010240 0.003215 0.074980
0.015356 0.005061 0.076184
0.019912 0.001955 0.074130
0.018583 -0.000064 0.076227
0.018637 0.007375 0.082630
0.017044 0.007233 0.080996
0.018804 -0.000643 0.078651
0.010333 0.004324 0.077024
0.018986 0.006949 0.077903
0.018945 0.004358 0.079810
0.018813 -0.001154 0.076194
0.014233 0.007578 0.082500
0.012999 0.004393 0.077046
0.016075 0.005803 0.073176
0.018722 0.000823 0.082014
0.019580 0.005741 0.074027
0.018933 -0.001237 0.077599
0.019066 -0.001741 0.076386
0.019542 -0.001234 0.080608
0.014929 0.004851 0.076808
0.018713 -0.000689 0.074974
0.017714 0.006627 0.076589
0.020085 0.004315 0.074701
0.018005 0.002412 0.083271
0.021036 -0.003542 0.080047
0.016304 0.006279 0.078549
0.018166 0.003972 0.081621
0.019253 -0.002316 0.075203
0.014680 0.004676 0.076302
0.017073 0.006439 0.072924
0.012216 0.003006 0.073999
0.018985 0.001698 0.076056
0.018366 0.001940 0.079536
0.012194 0.004282 0.076901
0.019753 0.003263 0.074764
0.018893 0.008155 0.081654
0.019478 0.005335 0.077736
0.014354 0.006604 0.081112
0.014134 0.004121 0.074682
0.018076 0.002531 0.084295
0.019695 0.005782 0.079932
0.011291 0.005092 0.078380
0.019756 -0.000244 0.084558
0.019206 0.006995 0.078512
0.019009 -0.001570 0.076811
0.018722 0.002244 0.077744
0.019162 0.003236 0.076362
0.017495 0.007442 0.080321
0.018266 0.007101 0.078486
0.018647 0.003321 0.080083
0.018459 0.006558 0.076124
0.018611 -0.000312 0.075911
0.015723 0.006067 0.079016
0.019365 -0.002479 0.074605
0.018226 0.001761 0.080074
0.013324 0.007186 0.081631
0.019389 0.004816 0.075292
0.020057 -0.001689 0.081683
0.013943 0.005174 0.078574
0.018747 0.004937 0.081428
0.018796 0.006747 0.081222
0.019158 0.004299 0.078980
0.010244 0.003544 0.075501
0.013095 0.007296 0.081607
0.013430 0.003713 0.074613
0.018902 -0.001040 0.078048
0.013213 0.004332 0.076854
0.012432 0.005750 0.079598
0.020043 -0.003043 0.077751
0.019087 0.005984 0.076242
0.018946 -0.001493 0.076248
0.011008 0.003922 0.076350
0.018349 0.000954 0.078063
0.017234 0.006301 0.075172
0.015052 0.006216 0.080434
0.018474 0.006370 0.073123
0.016567 0.006748 0.080243
0.018899 0.001420 0.076343
0.018922 -0.000550 0.079675
0.018605 0.003923 0.080792
0.013320 0.003489 0.073990
0.018356 0.001739 0.083061
0.015734 0.006233 0.080700
0.014124 0.004621 0.077196
0.013815 0.005521 0.079281
0.019164 -0.000547 0.073984
0.019473 0.006714 0.078220
0.016681 0.006182 0.077000
0.020148 0.003405 0.074353
0.013612 0.004788 0.077849
0.020320 -0.001820 0.082368
0.013579 0.006933 0.081372
0.019952 0.003091 0.074580
0.016952 0.006205 0.075842
0.019306 0.005170 0.080447
0.020959 -0.003622 0.079694
0.013061 0.003779 0.075335
0.018934 -0.001599 0.074444
0.017657 0.003138 0.083503
0.019898 0.006085 0.073297
0.012940 0.003442 0.074417
0.017564 0.006499 0.076285
0.018263 0.001858 0.080642
0.013649 0.003932 0.075153
0.019619 -0.000023 0.083973
0.011084 0.004880 0.078011
0.016535 0.005849 0.075036
0.019841 -0.000461 0.084449
0.017744 0.003047 0.082707
0.013924 0.005698 0.079597
0.014898 0.004727 0.074828
0.019611 0.005553 0.077210
0.019659 0.006327 0.080181
0.013191 0.003665 0.074807
0.015747 0.005433 0.074475
0.019031 0.003539 0.078360
0.020041 0.001747 0.073765
0.014459 0.005553 0.079069
0.018795 -0.000260 0.075026
0.017690 0.006391 0.075683
0.019658 0.001399 0.074448
0.019049 0.001362 0.075765
0.013197 0.004014 0.075999
0.019256 0.001805 0.075323
0.014337 0.006449 0.080830
0.018213 0.002034 0.081475
0.019241 -0.001572 0.078616
0.020678 -0.003599 0.078824
0.019617 0.005376 0.077003
0.018746 -0.001084 0.074918
0.013017 0.005396 0.079067
0.018754 0.000268 0.080841
0.015475 0.005245 0.076954
0.014569 0.005729 0.079439
0.012189 0.004086 0.076452
0.018179 0.001831 0.082684
0.017508 0.007742 0.081199
0.018886 0.000976 0.083444
0.018428 0.002712 0.080228
0.018853 0.007425 0.081574
0.019064 0.006283 0.083084
0.010272 0.004191 0.076853
0.018725 0.007800 0.082319
0.020326 -0.001779 0.082797
0.018633 0.008177 0.081455
0.018760 0.000201 0.075591
0.013420 0.006624 0.080935
0.009856 0.003676 0.075884
0.018688 0.000785 0.081813
0.012172 0.004173 0.076640
0.018526 0.001924 0.078330
0.016982 0.006208 0.075502
0.020222 -0.003249 0.077891
0.013076 0.004875 0.078128
0.018970 -0.000831 0.074122
0.018651 0.001013 0.077020
0.018483 0.001741 0.084202
0.019389 0.000791 0.074648
0.013320 0.005312 0.078900
0.017960 0.002417 0.082269
0.017098 0.007433 0.081737
0.019678 -0.002663 0.076992
0.020531 0.003525 0.073669
0.013315 0.004869 0.078089
0.019663 -0.000719 0.082159
0.019122 0.002292 0.075961
0.015348 0.005276 0.077318
0.015252 0.005302 0.073127
0.019678 -0.000101 0.084230
0.012367 0.006425 0.080324
0.019681 0.005992 0.077578
0.015186 0.005947 0.079660
0.019568 0.000191 0.084843
0.019303 0.000808 0.084855
0.013601 0.004073 0.075837
0.019324 -0.001322 0.079546
0.018844 0.007888 0.080804
0.015462 0.006180 0.080488
0.015099 0.007118 0.081986
0.020660 0.004183 0.073330
0.018706 -0.000890 0.075176
0.018907 -0.000423 0.079919
0.015660 0.007321 0.082610
0.019423 0.004807 0.078471
0.019149 -0.001961 0.076027
0.019566 0.000432 0.073883
0.017522 0.003362 0.084072
0.011705 0.003618 0.075554
0.018686 0.008569 0.082622
0.019225 -0.000044 0.082223
0.018675 0.007083 0.081456
0.017600 0.007170 0.079442
0.015638 0.005455 0.077122
0.019430 0.000270 0.084006
0.013397 0.003974 0.075729
0.019414 0.006448 0.080844
0.019727 -0.000302 0.083839
0.018935 0.003590 0.079239
0.016663 0.006411 0.078233
0.019287 0.005598 0.081129
0.013722 0.004727 0.077650
0.018734 0.006348 0.073479
0.018916 0.003077 0.077895
0.018754 0.006642 0.077568
0.012705 0.004777 0.077967
0.012824 0.006910 0.081079
0.015888 0.006912 0.082378
0.018439 0.006740 0.077603
0.019545 -0.000471 0.082543
0.018541 0.007887 0.080777
0.013176 0.006159 0.080265
0.017939 0.005157 0.083502
0.018618 0.001208 0.082458
0.013339 0.007004 0.081402
0.016584 0.006079 0.073706
0.017596 0.006395 0.075034
0.019473 -0.000291 0.082765
0.018065 0.007454 0.079730
0.015681 0.005318 0.074944
0.015399 0.006946 0.081845
0.019048 0.006230 0.076800
0.018806 -0.000404 0.079413
0.018722 0.002313 0.077955
0.018836 -0.000644 0.078911
0.016626 0.006799 0.081750
0.018948 0.004173 0.079685
0.020307 0.004527 0.073917
0.015930 0.005699 0.073711
0.018016 0.003002 0.081603
0.018799 0.001602 0.084735
0.014595 0.004548 0.075728
0.019123 0.007201 0.082470
0.019443 -0.002676 0.075503
0.019761 0.004650 0.074745
0.019618 0.001121 0.074543
0.018631 0.000511 0.080731
0.019061 -0.001773 0.075727
0.020258 0.005664 0.073195
0.014989 0.007313 0.082313
0.019268 -0.000329 0.081597
0.011428 0.002850 0.073990
0.018681 0.004754 0.081309
0.019522 -0.002139 0.078122
0.014448 0.004980 0.077907
0.019287 0.000708 0.084559
0.019235 -0.001484 0.078831
0.018632 0.002839 0.079814
0.017662 0.006339 0.074711
0.018692 0.003337 0.079871
0.018322 0.003838 0.081429
0.017935 0.002781 0.082056
0.018642 0.001662 0.084437
0.013788 0.004041 0.075280
0.020899 -0.003635 0.079498
0.018435 0.004612 0.081575
0.019269 -0.000022 0.082446
0.017529 0.006378 0.073567
0.018963 0.002841 0.076814
0.016399 0.006572 0.080870
0.019077 -0.000072 0.081514
0.018486 0.001548 0.077743
0.019291 0.006305 0.074162
0.012909 0.003285 0.074031
0.017835 0.006453 0.073599
0.013973 0.007125 0.081792
0.018984 0.005880 0.082603
0.018540 0.001475 0.083166
0.011053 0.003360 0.075151
0.018735 -0.000399 0.078932
0.019374 0.006735 0.078556
0.018467 0.006178 0.074105
0.019856 -0.000660 0.083987
0.019756 0.004596 0.075817
0.018240 0.002155 0.080507
0.019578 0.006098 0.078612
0.019500 0.004881 0.076812
0.010089 0.003603 0.075710
0.018321 0.001421 0.080477
0.019178 -0.000445 0.081035
0.014485 0.004418 0.075399
0.018986 0.003955 0.079350
0.013282 0.004146 0.076309
0.020575 -0.003052 0.079976
0.018639 -0.000154 0.078895
0.019275 0.006443 0.077842
0.019730 -0.002092 0.079341
0.019146 0.006641 0.079520
0.019468 0.006589 0.081982
0.015587 0.005507 0.077413
0.018709 0.002412 0.078546
0.019700 -0.002315 0.078348
0.016175 0.007107 0.082620
0.015140 0.006674 0.081300
0.012772 0.003925 0.075890
0.017073 0.007753 0.082851
0.019377 0.004552 0.076768
0.014987 0.005056 0.077341
0.019066 -0.001933 0.074515
0.013327 0.005813 0.079798
0.018619 0.007544 0.079576
0.013080 0.005253 0.078770
0.016384 0.006000 0.073141
0.018529 0.000549 0.078592
0.017182 0.006950 0.079316
0.016785 0.006991 0.080520
0.011836 0.004157 0.076728
0.012471 0.004242 0.076766
0.018970 -0.000889 0.079067
0.013605 0.003655 0.073800
0.013401 0.006429 0.080660
0.018441 0.001673 0.083745
0.018469 0.000956 0.081312
0.019492 -0.001413 0.080031
0.016701 0.007017 0.082015
0.012824 0.005173 0.078666
0.017456 0.008029 0.082332
0.012211 0.003109 0.074234
0.018917 0.003346 0.078603
0.019376 0.004719 0.077142
0.011507 0.002651 0.073479
0.011088 0.003477 0.075377
0.017875 0.002714 0.084256
0.019529 0.005722 0.078140
0.013641 0.006299 0.080534
0.019053 0.006060 0.075906
0.020307 -0.002740 0.079903
0.017513 0.006490 0.077637
0.019108 0.004412 0.079412
0.019729 0.004971 0.076119
0.015672 0.006792 0.081961
0.018635 0.006281 0.075439
0.019440 0.006391 0.081629
0.018829 -0.001297 0.074559
0.020132 0.004469 0.074610
0.020614 -0.003406 0.079212
0.017070 0.006343 0.076331
0.015865 0.006338 0.081345
0.017716 0.002932 0.084330
0.018574 0.000077 0.079198
0.018009 0.006592 0.077489
0.018950 0.007878 0.081107
0.018563 0.001684 0.077536
0.014642 0.005091 0.077987
0.010492 0.003121 0.074729
0.017778 0.006338 0.074182
0.019562 -0.000001 0.083606
0.013415 0.004507 0.077301
0.014800 0.007233 0.082094
0.012347 0.003930 0.076153
0.019568 0.002370 0.075011
0.018872 0.001509 0.076532
0.018383 0.001727 0.083319
0.018308 0.001789 0.081676
0.018770 0.007404 0.078922
0.017282 0.007138 0.079711
0.019572 -0.001124 0.081029
0.019055 0.004886 0.080596
0.019595 0.006269 0.073605
0.019673 0.005432 0.076301
0.019420 0.005623 0.075438
0.016598 0.005958 0.074334
0.018270 0.006232 0.075075
0.015517 0.007054 0.082221
0.019822 -0.001195 0.082027
0.020373 -0.002310 0.081079
0.018909 0.007283 0.080652
0.018672 0.001192 0.082813
0.013761 0.004933 0.078087
0.018161 0.006296 0.073652
0.019454 0.004864 0.078908
0.017944 0.006175 0.074756
0.014737 0.005215 0.078242
0.018990 0.000508 0.082453
0.019041 0.007116 0.078416
0.018452 0.000429 0.079509
0.017896 0.002643 0.083229
0.019444 0.001476 0.074826
0.018834 0.003299 0.079116
0.010966 0.002849 0.074138
0.010599 0.003392 0.075348
0.015566 0.005221 0.075925
0.011474 0.005200 0.078641
0.019840 -0.001328 0.081732
0.013821 0.004435 0.076769
0.013286 0.006556 0.080800
0.019026 -0.000425 0.080485
0.017592 0.006536 0.076767
0.019451 -0.002200 0.077407
0.018067 0.002047 0.082766
0.018780 0.003368 0.079361
0.018022 0.002310 0.083102
0.020039 -0.001517 0.082133
0.019619 0.005944 0.077741
0.017951 0.006249 0.075134
0.018868 -0.001371 0.075685
0.019575 0.001691 0.074643
0.012622 0.005916 0.079838
0.017769 0.002830 0.083684
0.019433 -0.001196 0.080287
0.016251 0.005774 0.076077
0.018022 0.006079 0.074377
0.020512 -0.003543 0.078259
0.020598 0.002976 0.073353
0.019296 0.006155 0.081951
0.016560 0.006041 0.074062
0.018318 0.001842 0.083371
0.014372 0.004296 0.074762
0.014734 0.004722 0.076561
0.019581 -0.000768 0.081847
0.012818 0.003048 0.073299
0.018013 0.002491 0.081890
0.020539 0.004359 0.073642
0.018378 0.001625 0.081946
0.018813 -0.001140 0.076022
0.019756 0.005207 0.076302
0.013238 0.004914 0.078188
0.017876 0.007023 0.078700
0.012365 0.003597 0.075294
0.014090 0.004054 0.073811
0.019049 -0.000607 0.080102
0.019615 -0.001805 0.079540
0.019300 0.006874 0.078333
0.014894 0.004829 0.074198
0.019011 0.000351 0.082237
0.017294 0.007701 0.081500
0.019702 -0.002432 0.078039
0.019048 0.001757 0.075908
0.018443 0.002847 0.080405
0.018885 -0.001472 0.075344
0.012586 0.003828 0.075774
0.019537 0.006306 0.080361
0.019233 0.004745 0.079523
0.017470 0.003930 0.083470
0.016844 0.007040 0.081756
0.012852 0.006794 0.080955
0.010835 0.003349 0.075183
0.018777 0.006328 0.074612
0.017269 0.004631 0.083973
0.019275 0.006642 0.082769
0.018417 0.001202 0.077698
0.016302 0.006365 0.079497
0.019558 -0.001632 0.079749
0.018375 0.001248 0.079485
0.013827 0.007225 0.081875
0.015868 0.006242 0.080810
0.019249 0.004149 0.077896
0.013340 0.007623 0.082095
0.017505 0.006761 0.077842
0.014779 0.005586 0.078920
0.019164 -0.001201 0.079227
0.017889 0.007777 0.080885
0.012496 0.004889 0.078184
0.019372 0.007121 0.082166
0.014914 0.006140 0.080274
0.018419 0.000658 0.078345
0.015645 0.007572 0.082775
0.011763 0.002819 0.073781
0.019377 -0.000322 0.082209
0.017821 0.006442 0.075168
0.019351 0.003869 0.076269
0.020135 0.004949 0.073859
0.012015 0.003828 0.076025
0.020455 -0.002354 0.081381
0.013392 0.003917 0.075466
0.019674 0.004148 0.075804
0.020031 0.004458 0.074462
0.020264 0.005508 0.073282
0.019076 0.003811 0.078991
0.018732 0.001512 0.084386
0.010913 0.003734 0.075862
0.017948 0.002373 0.082783
0.018769 0.004580 0.080988
0.013075 0.005665 0.079519
0.019131 0.003415 0.076737
0.015677 0.006037 0.080338
0.018539 0.006391 0.076099
0.018030 0.002366 0.083430
0.015913 0.006009 0.079960
0.019276 0.002179 0.075447
0.019049 0.007538 0.080043
0.018976 0.006107 0.076592
0.018935 0.004226 0.079985
0.020126 -0.001263 0.083203
0.017548 0.006383 0.075940
0.019826 0.005922 0.079256
0.019741 -0.000526 0.083184
0.010784 0.002997 0.074433
0.017291 0.004297 0.084092
0.011069 0.005032 0.078232
0.018747 0.003551 0.079922
0.019380 0.004174 0.076238
0.016097 0.005651 0.075618
0.019492 0.006334 0.081214
0.017199 0.006439 0.077180
0.011818 0.004768 0.078027
0.018840 0.004548 0.080681
0.019473 0.003000 0.075309
0.018502 0.001304 0.081865
0.014171 0.004115 0.074194
0.017912 0.002496 0.082609
0.019218 0.005942 0.075539
0.018937 0.000584 0.075438
0.018269 0.001678 0.081249
0.016107 0.005687 0.076562
0.020080 -0.001185 0.083485
0.019368 0.000522 0.084473
0.018316 0.001947 0.083758
0.012675 0.004627 0.077640
0.019287 0.001456 0.075178
0.020128 -0.001542 0.082485
0.020046 -0.002187 0.080302
0.019765 0.001645 0.074287
0.020425 0.002822 0.073626
0.017681 0.006438 0.077362
0.018331 0.001319 0.079246
0.018838 -0.000407 0.079581
0.019245 0.005639 0.074726
0.016165 0.006223 0.079897
0.019388 0.004842 0.075106
0.013447 0.004334 0.076696
0.018717 0.003019 0.079298
0.015103 0.005634 0.078748
0.019130 0.006134 0.074932
0.019357 0.003396 0.076006
0.016818 0.006301 0.073484
0.015829 0.005784 0.078069
0.019268 0.000891 0.085261
0.013461 0.004442 0.077063
0.015238 0.005223 0.073481
0.019021 0.007205 0.078754
0.018378 0.001058 0.078556
0.017994 0.006148 0.074159
0.018926 -0.001342 0.077127
0.013531 0.004152 0.076119
0.012709 0.005659 0.079492
0.013332 0.005629 0.079483
0.011599 0.005535 0.079097
0.018507 0.001455 0.082736
0.012773 0.006490 0.080514
0.019122 0.002030 0.075814
0.019155 0.000179 0.082467
0.020092 0.001500 0.073555
0.018281 0.006915 0.077903
0.019925 0.003378 0.074580
0.018670 0.006408 0.073055
0.014420 0.005056 0.078070
0.018197 0.001974 0.083152
0.020122 -0.003192 0.077517
0.017731 0.002996 0.084604
0.014806 0.005671 0.079102
0.010828 0.003478 0.075475
0.013792 0.005130 0.078495
0.019295 -0.001995 0.077139
0.016799 0.006167 0.076160
0.019266 0.000187 0.074395
0.013381 0.005070 0.078416
0.015916 0.007260 0.082736
0.017493 0.004484 0.083121
0.018056 0.004702 0.082570
0.015922 0.006311 0.081000
0.011624 0.005076 0.078493
0.015813 0.005888 0.078335
0.018041 0.006553 0.076352
0.018802 0.008380 0.082116
0.019776 0.003554 0.074750
0.019038 0.000169 0.074838
0.018961 0.006915 0.081713
0.018610 -0.000592 0.076991
0.011863 0.002679 0.073393
0.018772 0.003811 0.080150
0.020636 0.003373 0.073390
0.019240 0.003882 0.077073
0.017024 0.006412 0.077793
0.019943 -0.001292 0.082368
0.018379 0.001036 0.080615
0.019464 -0.000285 0.082627
0.019011 0.006634 0.077759
0.019588 -0.001404 0.080399
0.020469 -0.002753 0.080356
0.018646 0.001604 0.077221
0.018979 -0.000445 0.074343
0.019523 0.005119 0.077090
0.019446 0.005717 0.076199
0.019921 0.004121 0.075301
0.020343 -0.002467 0.080645
0.020032 -0.002769 0.078733
0.018703 0.000479 0.081327
0.019287 0.000867 0.074941
0.017495 0.007362 0.080056
0.013118 0.003199 0.073250
0.019075 0.005357 0.081321
0.014993 0.004830 0.076217
0.018947 0.006372 0.074182
0.019326 0.005767 0.076898
0.018661 0.000824 0.076702
0.019517 0.000320 0.085192
0.019754 -0.001294 0.081382
0.014134 0.006933 0.081569
0.021242 -0.003674 0.080154
0.017340 0.007413 0.080564
0.019084 -0.000956 0.079431
0.018336 0.003436 0.081237
0.019120 0.004192 0.079134
0.019557 -0.000227 0.083107
0.019756 0.005868 0.078808
0.020501 -0.003477 0.078494
0.018901 0.001467 0.084803
0.017993 0.003768 0.081841
0.011729 0.004002 0.076471
0.019518 0.006975 0.082525
0.017869 0.003975 0.082118
0.018877 0.006381 0.077238
0.016571 0.007405 0.082839
0.018978 -0.001120 0.078418
0.010624 0.003816 0.076146
0.019427 -0.000589 0.081626
0.017670 0.003006 0.083961
0.015556 0.005139 0.075234
0.018813 0.001646 0.085011
0.010918 0.004692 0.077663
0.018467 0.000511 0.079824
0.018493 0.006211 0.074783
0.016851 0.007086 0.080233
0.017942 0.006540 0.077094
0.014578 0.005886 0.079736
0.016452 0.006127 0.077504
0.009841 0.003788 0.076106
0.016882 0.006191 0.076033
0.015500 0.005884 0.078757
0.018225 0.002586 0.080939
0.019793 0.003822 0.074919
0.020128 0.005501 0.073455
0.019104 0.005209 0.080971
0.019101 0.006116 0.075294
0.019155 0.003859 0.078177
0.018790 0.001201 0.083852
0.018388 0.008429 0.081975
0.017229 0.007490 0.081109
0.011458 0.003501 0.075333
0.015827 0.006574 0.081794
0.019181 0.001005 0.085002
0.019349 -0.001872 0.078167
0.012491 0.003343 0.074607
0.019846 0.005682 0.073717
0.018564 0.000908 0.081629
0.015763 0.005948 0.080111
0.014630 0.004639 0.076133
0.010776 0.004594 0.077450
0.018821 0.004278 0.080302
0.019813 -0.002899 0.076919
0.019163 -0.002069 0.075729
0.020039 0.002255 0.074035
0.018411 0.006324 0.073341
0.019351 -0.002388 0.075947
0.012409 0.003427 0.074821
0.019198 0.000521 0.074853
0.019383 0.004960 0.077502
0.019723 0.001241 0.074317
0.018751 -0.000358 0.079207
0.013952 0.003970 0.073321
0.019133 0.004187 0.078714
0.018204 0.002100 0.081823
0.011909 0.004051 0.076427
0.016531 0.005958 0.075739
0.018692 0.001942 0.077364
0.018101 0.002351 0.081542
0.019487 0.002584 0.075210
0.018765 0.006973 0.081069
0.018066 0.006177 0.073910
0.019513 -0.001922 0.078830
0.018861 0.004129 0.080117
0.017147 0.007257 0.080404
0.010552 0.003719 0.075845
0.018366 0.007663 0.079843
0.017796 0.003108 0.082406
0.018211 0.008123 0.081383
0.019081 0.006870 0.079050
0.018338 0.001228 0.078955
0.019021 0.002350 0.076287
0.019152 0.004802 0.080105
0.018361 0.000986 0.079331
0.012186 0.003264 0.074584
0.019049 0.003570 0.077679
0.019009 0.006247 0.075153
0.017719 0.002980 0.083781
0.019623 0.005636 0.077534
0.017658 0.004855 0.083273
0.012546 0.004090 0.076446
0.018474 0.001580 0.083541
0.018851 -0.000778 0.078577
0.017636 0.003049 0.084180
0.017336 0.004455 0.083647
0.015153 0.005199 0.077484
0.014038 0.004430 0.076516
0.018901 0.002392 0.076899
0.019940 0.002348 0.074284
0.019782 0.004719 0.075349
0.012563 0.004351 0.076966
0.016864 0.006039 0.074607
0.017391 0.004441 0.083407
0.019715 -0.003065 0.075603
0.019243 0.005875 0.075083
0.019571 -0.002809 0.075789
0.018428 0.005039 0.082483
0.011767 0.004891 0.078263
0.019021 0.001095 0.084322
0.016504 0.005901 0.075384
0.018507 0.001382 0.082524
0.019129 -0.002125 0.074976
0.015973 0.006121 0.080284
0.020160 -0.002824 0.079192
0.014374 0.004561 0.076458
0.017602 0.003661 0.082475
0.010213 0.003686 0.075857
0.018624 -0.000034 0.075851
0.019477 0.000042 0.083265
0.019270 -0.001704 0.078319
0.017424 0.003684 0.084190
0.016993 0.006397 0.076627
0.020272 -0.003075 0.078700
0.018898 -0.001357 0.076592
0.019090 0.004046 0.078897
0.018607 0.001243 0.077217
0.014715 0.004691 0.073730
0.019915 0.005078 0.075421
0.018406 0.001756 0.083939
0.019640 -0.000652 0.082512
0.019007 -0.000099 0.074602
0.016567 0.006259 0.077844
0.018517 0.001385 0.077464
0.020157 -0.001976 0.081239
0.020151 0.004059 0.074217
0.011929 0.005106 0.078612
0.018853 -0.001094 0.074281
0.019923 0.004893 0.075531
0.019353 0.000342 0.083632
0.018428 0.004137 0.081270
0.019156 -0.000655 0.080463
0.018118 0.007276 0.078884
0.018483 0.007465 0.078939
0.018817 0.000938 0.082561
0.018109 0.006173 0.074799
0.016596 0.006138 0.073306
0.014113 0.004887 0.077873
0.017899 0.006419 0.072984
0.018304 0.006673 0.076634
0.019107 0.002578 0.076076
0.015640 0.005909 0.079853
0.014921 0.006437 0.080773
0.019226 -0.001064 0.079786
0.019854 -0.003057 0.076429
0.018999 0.006266 0.083240
0.015461 0.006403 0.080766
0.019625 -0.002191 0.078459
0.018864 0.007319 0.082833
0.016241 0.005674 0.075265
0.018809 -0.001115 0.075563
0.018318 0.007778 0.080068
0.018300 0.002096 0.084424
0.019170 0.001133 0.085148
0.012159 0.003988 0.076276
0.018354 0.001570 0.079398
0.018620 0.006569 0.076727
0.020381 0.003301 0.074004
0.013745 0.003779 0.073990
0.019367 0.000487 0.074397
0.015425 0.005691 0.078484
0.019055 0.006173 0.077106
0.015790 0.005678 0.077487
0.014908 0.004902 0.077045
0.014067 0.005072 0.078290
0.018806 0.001631 0.076831
0.020122 0.004765 0.073957
0.010645 0.003213 0.074921
0.018996 0.000967 0.083956
0.013001 0.003391 0.074223
0.011398 0.005439 0.078897
0.012298 0.005240 0.078841
0.017024 0.006297 0.077614
0.018479 0.001739 0.078089
0.018707 0.002598 0.079158
0.017876 0.006339 0.073840
0.018147 0.001872 0.082533
0.016092 0.005716 0.076943
0.018014 0.006409 0.075686
0.020650 -0.002846 0.080659
0.015186 0.005049 0.077010
0.018961 0.007592 0.080220
0.012696 0.005476 0.079209
0.012509 0.003033 0.073683
0.018626 0.000198 0.080047
0.018558 0.001962 0.084914
0.016540 0.006470 0.078819
0.017424 0.006359 0.075488
0.018569 0.003377 0.080527
0.019496 0.005022 0.078000
0.015881 0.005688 0.073463
0.012527 0.006758 0.080665
0.019400 -0.002708 0.073990
0.018518 0.001798 0.079179
0.011261 0.002999 0.074307
0.020690 -0.003059 0.080261
0.020259 -0.002843 0.079545
0.019206 0.006284 0.082581
0.020080 0.005808 0.073349
0.012320 0.005915 0.079770
0.014241 0.004242 0.075006
0.018597 0.007357 0.082554
0.019350 0.005202 0.075136
0.013954 0.003949 0.074160
0.017938 0.007955 0.081183
0.019244 -0.002020 0.076683
0.013598 0.003596 0.073258
0.018695 0.001042 0.082259
0.018817 0.007301 0.081145
0.020772 -0.002890 0.080913
0.018789 0.002370 0.077580
0.019497 0.004684 0.075337
0.019155 0.006292 0.077628
0.018275 0.004967 0.082764
0.016308 0.006401 0.080283
0.017665 0.008009 0.081535
0.018464 0.000604 0.080010
0.019166 0.006006 0.076792
0.011887 0.003832 0.076063
0.010679 0.004266 0.077024
0.012624 0.003320 0.074404
0.019650 0.003544 0.075387
0.015275 0.007254 0.082264
0.019853 -0.002250 0.079445
0.018479 0.006367 0.075688
0.019448 0.000279 0.074045
0.016587 0.005874 0.074697
0.019368 0.004369 0.076437
0.019482 -0.002333 0.077040
0.019841 -0.000696 0.083746
0.018785 0.006206 0.075885
0.019917 -0.000846 0.083930
0.013771 0.003949 0.074919
0.019549 0.004109 0.075963
0.018861 0.000746 0.082348
0.015918 0.006093 0.078642
0.019188 0.004742 0.079721
0.019684 0.006248 0.080572
0.018666 0.005899 0.083612
0.019224 -0.001997 0.076479
0.012063 0.003740 0.075799
0.019541 -0.001814 0.079248
0.019097 -0.001307 0.078664
0.018433 0.003505 0.080990
0.019502 0.005252 0.077404
0.012469 0.006217 0.080102
0.013742 0.004028 0.075475
0.018307 0.001975 0.083986
0.012995 0.003560 0.074618
0.016262 0.006841 0.082272
0.012185 0.004814 0.078108
0.019797 -0.002777 0.077376
0.015052 0.004821 0.075824
0.020230 -0.003327 0.077622
0.018883 0.006203 0.075503
0.018103 0.002723 0.081294
0.015605 0.005604 0.077899
0.018713 -0.000271 0.075331
0.019498 0.006099 0.073955
0.018349 0.007854 0.080723
0.018123 0.002423 0.084483
0.018875 0.000377 0.081739
0.017556 0.006362 0.074027
0.015535 0.005487 0.073238
0.017954 0.006635 0.076663
0.019528 -0.002229 0.077749
0.012310 0.003679 0.075466
0.018884 0.002902 0.077702
0.019696 0.005421 0.079373
0.019520 0.006329 0.073286
0.013622 0.007632 0.082327
0.019374 -0.001278 0.079900
0.014705 0.004574 0.074769
0.015257 0.005484 0.078415
0.011711 0.003548 0.075386
0.013046 0.006362 0.080447
0.018311 0.006310 0.075367
0.019002 0.001824 0.076140
0.019333 -0.001442 0.079343
0.018708 0.003239 0.079441
0.019101 -0.000803 0.079921
0.016049 0.005546 0.074945
0.018788 -0.000837 0.074577
0.018974 0.001258 0.084554
0.011923 0.005601 0.079300
0.019834 -0.003259 0.075254
0.018667 -0.000466 0.077841
0.018735 0.005650 0.082870
0.018924 0.006134 0.076137
0.019433 -0.002294 0.076411
0.018949 0.006662 0.080552
0.018972 -0.001260 0.074001
0.019498 -0.002853 0.074772
0.017976 0.006759 0.077731
0.013060 0.005538 0.079267
0.011265 0.003677 0.075755
0.018723 0.007795 0.080475
0.018210 0.006089 0.074268
0.018035 0.008240 0.081714
0.018192 0.002181 0.081307
0.019199 0.000450 0.083201
0.019510 0.005776 0.075730
0.019022 0.002747 0.076384
0.019509 0.005105 0.075392
0.010788 0.003977 0.076498
0.017534 0.003709 0.082762
0.019276 0.004502 0.078854
0.016359 0.006032 0.077342
0.014454 0.004453 0.073271
0.017348 0.004035 0.084082
0.012656 0.005131 0.078564
0.016107 0.006376 0.081276
0.018924 -0.000670 0.079366
0.019004 0.001321 0.084923
0.018772 0.000348 0.081159
0.014182 0.004733 0.077451
0.010334 0.003943 0.076439
0.019300 0.004204 0.077285
0.016013 0.005941 0.078089
0.019481 0.004780 0.075396
0.019286 -0.001873 0.077483
0.013816 0.006125 0.080276
0.018190 0.003568 0.081519
0.019193 0.002995 0.076075
0.018567 0.000680 0.080986
0.015474 0.005940 0.080075
0.018161 0.006390 0.073101
0.018854 0.007701 0.080198
0.019132 -0.002087 0.075238
0.014852 0.004704 0.075770
0.014468 0.004926 0.077702
0.019158 0.006520 0.079748
0.014823 0.007045 0.081811
0.019549 0.000030 0.083797
0.018834 0.000026 0.075308
0.019042 -0.000185 0.081147
0.019179 0.004167 0.078366
0.018432 0.000931 0.081055
0.012985 0.006625 0.080764
0.019966 0.006113 0.073069
0.019806 -0.002062 0.079700
0.018777 -0.000761 0.077780
0.015148 0.004967 0.074461
0.018125 0.006342 0.073363
0.014172 0.005226 0.078593
0.021262 -0.003613 0.080389
0.018657 0.006609 0.077297
0.018574 0.000193 0.079646
0.018259 0.002306 0.080768
0.018714 0.006878 0.081484
0.018263 0.001889 0.081066
0.018653 0.004272 0.080898
0.018386 0.000549 0.078017
0.019020 0.006505 0.080590
0.018544 0.000152 0.076606
0.014221 0.006118 0.080291
0.019280 0.004626 0.079170
0.011024 0.003799 0.076125
0.012656 0.003675 0.075341
0.019234 0.006153 0.074448
0.015358 0.005907 0.079537
0.019889 -0.002589 0.078635
0.019498 0.006086 0.077847
0.018789 0.001914 0.076959
0.011432 0.004213 0.076963
0.018600 0.001497 0.083793
0.019748 0.001162 0.074129
0.019878 -0.000820 0.083567
0.020370 0.002936 0.073814
0.017873 0.002782 0.084467
0.018369 0.001549 0.082422
0.018977 0.003066 0.077504
0.017547 0.003384 0.083750
0.019867 0.005179 0.075720
0.014407 0.006246 0.080506
0.020795 -0.002722 0.081652
0.018757 0.006183 0.076306
0.020423 0.002547 0.073483
0.016410 0.006450 0.079146
0.018858 -0.001016 0.077742
0.018337 0.001404 0.081286
0.019123 0.006304 0.074028
0.019970 -0.001228 0.082571
0.019306 -0.000274 0.081943
0.018988 0.007637 0.081322
0.015355 0.005888 0.079147
0.019457 0.005696 0.077040
0.013332 0.004644 0.077545
0.018832 0.000085 0.080801
0.018841 -0.001231 0.076358
0.019592 -0.000620 0.082357
0.018946 0.001455 0.076056
0.016314 0.006495 0.081382
0.015767 0.005457 0.076825
0.018552 -0.000261 0.076764
0.018892 0.008080 0.081504
0.012627 0.005309 0.078944
0.019435 0.006118 0.077654
0.019454 0.006499 0.078089
0.014391 0.005934 0.079923
0.019394 0.000399 0.084288
0.013598 0.005661 0.079521
0.017788 0.004440 0.082516
0.020475 -0.003557 0.077925
0.016816 0.006005 0.074407
0.018310 0.002329 0.085011
0.019333 -0.001898 0.077838
0.012304 0.005438 0.079165
0.019282 0.004036 0.076821
0.017449 0.006888 0.078812
0.018199 0.001856 0.082915
0.019442 0.007094 0.082430
0.017307 0.006386 0.073263
0.019254 0.000431 0.083352
0.013440 0.005461 0.079180
0.018446 0.000568 0.077523
0.017518 0.004007 0.082710
0.014988 0.005230 0.078008
0.015863 0.006677 0.082107
0.019436 0.006250 0.077893
0.016954 0.006433 0.073475
0.018863 0.005056 0.081323
0.019367 0.003051 0.075760
0.018699 0.007066 0.081799
0.014403 0.004292 0.074136
0.018385 0.000889 0.080433
0.020056 -0.002410 0.079839
0.012119 0.005946 0.079737
0.014120 0.005526 0.079185
0.019265 0.000951 0.075065
0.019958 0.004260 0.075072
0.018089 0.002082 0.083006
0.018887 0.002198 0.076742
0.017915 0.002564 0.082345
0.016274 0.005912 0.077147
0.010228 0.003773 0.076057
0.018822 -0.001407 0.074806
0.020032 -0.003179 0.077150
0.018549 -0.000138 0.077928
0.018897 0.003002 0.078059
0.019048 0.003559 0.078019
0.018538 0.000598 0.077092
0.018551 0.001936 0.078592
0.018633 -0.000643 0.076401
0.020289 -0.002544 0.080296
0.016857 0.006850 0.079577
0.018537 0.005470 0.083164
0.011879 0.003533 0.075264
0.015461 0.005166 0.074699
0.019549 -0.003056 0.074302
0.020484 -0.003361 0.078819
0.019337 0.000762 0.085344
0.019027 0.007086 0.078061
0.015049 0.004817 0.075417
0.016244 0.006140 0.078161
0.017421 0.004147 0.083582
0.013622 0.006755 0.081171
0.018621 0.005175 0.082253
0.019912 -0.001595 0.081294
0.018500 0.000136 0.078186
0.018577 0.001290 0.082966
0.019141 0.003605 0.077009
0.019551 0.005303 0.079756
0.012827 0.004309 0.076866
0.015480 0.006627 0.081458
0.018953 0.003188 0.077723
0.019164 0.000976 0.075341
0.019459 -0.000473 0.082063
0.013700 0.005870 0.079882
0.018333 0.001328 0.080938
0.015321 0.005003 0.075142
0.020473 0.003156 0.073690
0.014214 0.005761 0.079656
0.014711 0.004719 0.073415
0.018154 0.006235 0.074932
0.018755 0.001334 0.076929
0.019430 0.006781 0.082562
0.020250 -0.003444 0.077259
0.017995 0.008355 0.082124
0.017610 0.005113 0.083712
0.017979 0.002881 0.081788
0.017970 0.002587 0.084146
0.013738 0.006502 0.080845
0.018644 -0.000454 0.075973
0.019110 -0.001451 0.078229
0.018060 0.002329 0.083666
0.020015 0.005969 0.073312
0.019026 0.006307 0.073720
0.018913 0.001796 0.076505
0.015752 0.006808 0.082196
0.018300 0.001681 0.081436
0.017302 0.007818 0.082112
0.020298 0.002662 0.073795
0.019253 -0.000521 0.081142
0.018798 -0.001008 0.077384
0.012107 0.002731 0.073341
0.014428 0.005190 0.078371
0.019770 0.003840 0.075260
0.019015 0.006445 0.073097
0.019534 0.005370 0.078113
0.018939 0.002627 0.076736
0.019057 0.006930 0.079248
0.020665 0.003677 0.073324
0.019145 0.000760 0.075169
0.018362 0.002454 0.080089
0.019071 0.000740 0.083532
0.017282 0.007882 0.082590
0.016039 0.006282 0.080669
0.020994 -0.003109 0.080971
0.020188 -0.001377 0.083308
0.015323 0.004986 0.075719
0.019128 -0.001410 0.078423
0.016378 0.005957 0.073422
0.018662 0.001305 0.083477
0.016920 0.006329 0.077396
0.017702 0.003079 0.083113
0.019299 -0.000699 0.080905
0.017544 0.006347 0.074385
0.018629 0.001961 0.078710
0.019535 0.000814 0.074345
0.019261 0.007044 0.081831
0.019080 0.006402 0.073361
0.019173 0.002303 0.075737
0.012901 0.003656 0.075132
0.018840 0.001075 0.083596
0.015146 0.005965 0.079882
0.015165 0.006152 0.080336
0.019583 -0.002903 0.075480
0.019312 0.004121 0.076386
0.011189 0.002812 0.074008
0.019117 -0.001682 0.077204
0.011936 0.003101 0.074366
0.013291 0.003771 0.075018
0.017254 0.006281 0.074718
0.019915 -0.000874 0.082997
0.018493 0.000620 0.080345
0.011205 0.004142 0.076761
0.019042 0.006605 0.080901
0.018539 0.001135 0.081729
0.014971 0.004774 0.075112
0.019313 0.006325 0.073590
0.018530 0.006223 0.074403
0.019672 -0.002564 0.077362
0.017531 0.006946 0.078121
0.017979 0.002253 0.082660
0.019243 -0.002264 0.074521
0.018976 0.001069 0.084112
0.010549 0.003488 0.075487
0.015203 0.005121 0.073989
0.018894 0.003866 0.079785
0.019328 0.004980 0.079787
0.018993 0.002989 0.077302
0.020010 -0.002931 0.077967
0.013575 0.004994 0.078270
0.012071 0.002786 0.073551
0.013631 0.007842 0.082608
0.019322 0.004580 0.078263
0.018571 0.001481 0.083640
0.019164 0.007021 0.083077
0.019718 0.002443 0.074710
0.017670 0.006907 0.078554
0.019689 -0.000586 0.082878
0.018660 0.008340 0.081753
0.018651 0.000655 0.081546
0.017736 0.004623 0.082832
0.014461 0.007599 0.082635
0.020207 -0.001546 0.082838
0.018204 0.006495 0.075890
0.018307 0.007970 0.081048
0.018453 0.000914 0.078949
0.014509 0.004408 0.074990
0.016989 0.007395 0.082111
0.019425 0.005254 0.080147
0.014461 0.004355 0.074625
0.019818 0.006200 0.073090
0.019399 -0.001789 0.078650
0.019327 0.000054 0.082968
0.013595 0.003622 0.073537
0.020398 0.004797 0.073550
0.015317 0.006778 0.081430
0.016594 0.007153 0.082386
0.017655 0.003360 0.082615
0.019947 -0.001768 0.080943
0.020276 -0.003201 0.078436
0.018939 0.007644 0.080928
0.019002 0.002896 0.077010
0.017405 0.004230 0.083678
0.018654 0.003029 0.079691
0.016007 0.005589 0.074504
0.018525 -0.000128 0.077030
0.018652 0.000300 0.080441
0.010199 0.003411 0.075373
0.017602 0.003439 0.082979
0.019319 0.004628 0.077651
0.019343 0.006895 0.083229
0.014746 0.005332 0.078496
0.018537 0.004408 0.081251
0.018068 0.002070 0.082379
0.019142 0.000536 0.083185
0.019144 -0.000326 0.074148
0.020404 -0.001923 0.082612
0.018602 0.007326 0.078623
0.018119 0.007770 0.080623
0.018949 0.006950 0.080420
0.018900 -0.001346 0.074231
0.014834 0.004688 0.074576
0.018188 0.002314 0.084645
0.018733 -0.000703 0.077642
0.020098 -0.001819 0.081467
0.019681 0.005961 0.079721
0.019346 -0.000554 0.081395
0.014511 0.007125 0.081910
0.018518 0.002619 0.079863
0.012308 0.006098 0.079913
0.016765 0.006095 0.073991
0.012292 0.002959 0.073795
0.017305 0.007781 0.081774
