0.018109 0.005241 0.096154
0.015614 0.014282 0.101778
0.016210 0.011281 0.097936
0.016610 0.008064 0.097077
0.016269 0.012620 0.098804
0.011612 0.017100 0.099352
0.017314 0.010401 0.094148
0.017565 0.008643 0.105598
0.013896 0.015417 0.100032
0.012950 0.016039 0.099946
0.016303 0.014825 0.097602
0.013626 0.015366 0.098761
0.016105 0.012969 0.103498
0.016932 0.008670 0.099158
0.017334 0.008827 0.101762
0.018279 0.013796 0.095412
0.017998 0.004356 0.101678
0.012207 0.015936 0.096854
0.016919 0.008980 0.099760
0.011398 0.017438 0.099431
0.015294 0.013709 0.094028
0.017442 0.006968 0.096633
0.014879 0.014974 0.097973
0.017605 0.006309 0.104726
0.017681 0.006206 0.100633
0.017233 0.007988 0.098594
0.017427 0.008416 0.100622
0.014968 0.015310 0.103061
0.017781 0.006535 0.096434
0.015720 0.014033 0.101269
0.016303 0.010604 0.097146
0.017542 0.007906 0.099539
0.018183 0.011426 0.094203
0.016566 0.013217 0.099339
0.015932 0.012181 0.099726
0.017265 0.008925 0.101423
0.017649 0.009390 0.105709
0.013791 0.014327 0.094644
0.016066 0.012394 0.102272
0.014309 0.015043 0.097702
0.017721 0.011625 0.095225
0.015918 0.013390 0.093563
0.015916 0.014682 0.098316
0.015987 0.011338 0.100551
0.016645 0.012354 0.098231
0.017024 0.006798 0.095533
0.017596 0.008936 0.105661
0.017826 0.005833 0.099602
0.017604 0.009316 0.103966
0.017993 0.006036 0.097334
0.016736 0.012010 0.104832
0.013820 0.015193 0.098413
0.017605 0.006309 0.104726
0.017973 0.005626 0.098274
0.014770 0.014915 0.096384
0.016432 0.009965 0.095091
0.015754 0.014900 0.096153
0.016070 0.008598 0.095503
0.016970 0.011792 0.105365
0.016654 0.013617 0.094747
0.015791 0.013444 0.102360
0.015639 0.014609 0.104004
0.016367 0.008140 0.096372
0.016416 0.013563 0.094431
0.015749 0.014277 0.103931
0.017501 0.007147 0.104960
0.014854 0.015034 0.099922
0.013752 0.015599 0.100416
0.017448 0.006585 0.102252
0.011538 0.017470 0.101961
0.016909 0.011309 0.104144
0.017946 0.013856 0.096396
0.016504 0.014027 0.098541
0.017443 0.007393 0.102708
0.016389 0.008019 0.096130
0.015683 0.014646 0.099541
0.017446 0.008419 0.101419
0.012738 0.016130 0.099806
0.017927 0.006370 0.097287
0.014506 0.015480 0.102006
0.015207 0.015030 0.103157
0.014126 0.015803 0.102730
0.012314 0.016375 0.099449
0.016991 0.013824 0.095284
0.017256 0.009709 0.103204
0.017710 0.010241 0.106653
0.015590 0.014460 0.104306
0.017877 0.004928 0.100592
0.017080 0.011847 0.106261
0.012382 0.015999 0.097712
0.014925 0.015407 0.103564
0.015749 0.014203 0.101046
0.017622 0.009495 0.105279
0.014375 0.015515 0.101693
0.012206 0.016932 0.101883
0.016903 0.013665 0.098672
0.018022 0.005187 0.098260
0.016578 0.007603 0.095950
0.017934 0.005949 0.096273
0.018270 0.004503 0.096913
0.014331 0.015281 0.100386
0.014173 0.015673 0.102069
0.016398 0.011155 0.097391
0.013379 0.016296 0.102865
0.018067 0.005351 0.097377
0.016449 0.014745 0.096191
0.016317 0.010201 0.100218
0.018193 0.004143 0.098984
0.016527 0.012699 0.105231
0.017521 0.007380 0.098272
0.017480 0.007378 0.098100
0.016416 0.014077 0.099007
0.017902 0.005135 0.104040
0.015116 0.015087 0.101726
0.017205 0.013552 0.097152
0.015965 0.013500 0.103941
0.015603 0.014604 0.102209
0.016584 0.012528 0.105129
0.018132 0.004210 0.100674
0.015776 0.013609 0.094092
0.017899 0.004661 0.102786
0.017819 0.005208 0.103759
0.016700 0.012303 0.105119
0.015955 0.011538 0.099850
0.016373 0.009397 0.098654
0.018147 0.012877 0.093431
0.018180 0.004942 0.097234
0.017548 0.005944 0.102177
0.019125 0.013339 0.094595
0.018488 0.011866 0.094181
0.015243 0.013824 0.094286
0.016266 0.012692 0.103743
0.014335 0.015149 0.099180
0.016169 0.012071 0.098630
0.016027 0.010775 0.099101
0.013678 0.015153 0.097655
0.017530 0.008094 0.105266
0.015035 0.015070 0.101148
0.013390 0.015125 0.096825
0.016078 0.011114 0.098008
0.017514 0.006685 0.104682
0.017329 0.007810 0.098281
0.014623 0.015568 0.103073
0.014798 0.015262 0.100626
0.013295 0.014786 0.095377
0.012731 0.016467 0.101244
0.015371 0.015027 0.096640
0.016749 0.011527 0.097097
0.017754 0.007301 0.099044
0.015928 0.012133 0.101330
0.016240 0.013040 0.099669
0.016030 0.012012 0.101656
0.015351 0.015035 0.097212
0.013947 0.014715 0.095972
0.017599 0.013038 0.093669
0.017364 0.008658 0.102363
0.017277 0.010351 0.104084
0.017607 0.009218 0.104135
0.015026 0.014558 0.095406
0.014722 0.015473 0.102886
0.018279 0.004418 0.097174
0.016242 0.009242 0.097863
0.012543 0.015653 0.096781
0.016247 0.013328 0.099825
0.015562 0.014340 0.103110
0.018741 0.013399 0.094616
0.013431 0.016188 0.102234
0.016304 0.012793 0.104166
0.017966 0.005809 0.097957
0.016044 0.009796 0.096874
0.016770 0.012178 0.097901
0.017632 0.011280 0.094887
0.015842 0.014715 0.098486
0.016140 0.009397 0.097497
0.016381 0.012218 0.103394
0.016428 0.012568 0.104429
0.016572 0.013873 0.098896
0.016994 0.011489 0.096381
0.017064 0.007255 0.096557
0.016830 0.012198 0.105578
0.013666 0.014759 0.095868
0.012113 0.016244 0.097814
0.012857 0.015505 0.096978
0.017731 0.006615 0.100226
0.017496 0.006328 0.104041
0.016169 0.008491 0.095954
0.017328 0.009031 0.102686
0.017174 0.009884 0.103014
0.017009 0.009850 0.102238
0.015614 0.014051 0.094706
0.011562 0.017194 0.100507
0.017724 0.006039 0.100453
0.016456 0.007759 0.094933
0.015518 0.014577 0.095319
0.016894 0.012455 0.098025
0.012788 0.015867 0.098391
0.017683 0.005251 0.102356
0.016694 0.011623 0.097341
0.017512 0.006944 0.101723
0.018990 0.013298 0.094849
0.017409 0.006562 0.102901
0.015120 0.015048 0.097212
0.018395 0.013585 0.096405
0.015844 0.012526 0.100325
0.017697 0.005860 0.104076
0.013528 0.015454 0.099093
0.017424 0.007694 0.102914
0.017503 0.008286 0.104502
0.016448 0.009096 0.098517
0.017754 0.010001 0.106799
0.018193 0.004374 0.098330
0.016897 0.010263 0.102438
0.017243 0.008281 0.099170
0.016227 0.012098 0.102553
0.015933 0.012295 0.101569
0.015606 0.014341 0.095046
0.016885 0.009825 0.101591
0.012992 0.015198 0.096172
0.018190 0.004853 0.096382
0.018927 0.012711 0.094577
0.013190 0.015815 0.099682
0.017934 0.006360 0.097751
0.017393 0.006939 0.103828
0.017765 0.007114 0.099773
0.017454 0.006618 0.104217
0.016044 0.014381 0.095215
0.015822 0.013805 0.103603
0.018094 0.005210 0.095951
0.017739 0.010245 0.106855
0.013760 0.015860 0.101568
0.016859 0.011594 0.104249
0.017892 0.006697 0.098519
0.015954 0.011689 0.100196
0.018394 0.004040 0.097523
0.017044 0.009589 0.101688
0.015259 0.013970 0.094546
0.017161 0.013803 0.096744
0.017865 0.005016 0.100257
0.016771 0.013813 0.096879
0.014564 0.013712 0.093911
0.013108 0.015248 0.096645
0.015837 0.013404 0.102716
0.018794 0.012966 0.093760
0.016032 0.011214 0.098847
0.018025 0.005388 0.097854
0.012882 0.015255 0.095982
0.016059 0.008760 0.095916
0.015558 0.015042 0.097203
0.016942 0.011543 0.104543
0.017754 0.006644 0.099838
0.017172 0.011542 0.105636
0.014056 0.015089 0.098220
0.016839 0.009741 0.101275
0.015622 0.013350 0.093254
0.015037 0.015220 0.103517
0.017832 0.006918 0.098409
0.015749 0.014277 0.103931
0.015987 0.011338 0.100551
0.018026 0.013952 0.095777
0.015702 0.015042 0.096685
0.015901 0.014128 0.094908
0.018776 0.013631 0.095591
0.014398 0.014993 0.097923
0.017220 0.010594 0.094685
0.017716 0.006153 0.095638
0.017056 0.011147 0.104516
0.017322 0.011767 0.096082
0.015998 0.011577 0.098863
0.018735 0.013160 0.094099
0.017604 0.005650 0.102796
0.017792 0.004970 0.101468
0.016794 0.010755 0.102926
0.017743 0.006284 0.100087
0.016475 0.008361 0.097272
0.016063 0.013376 0.100404
0.016584 0.011937 0.098014
0.016146 0.009208 0.097368
0.017596 0.007053 0.097498
0.016054 0.012252 0.098899
0.015604 0.014861 0.098268
0.018048 0.004233 0.101980
0.016048 0.009105 0.095149
0.017432 0.009866 0.103830
0.016424 0.007906 0.095914
0.012536 0.016180 0.099443
0.014675 0.013940 0.094381
0.016499 0.014021 0.097242
0.017790 0.010209 0.107096
0.017211 0.006978 0.096312
0.017439 0.011180 0.106252
0.017642 0.008773 0.104939
0.017785 0.004923 0.102313
0.016020 0.010661 0.098805
0.017387 0.009220 0.102987
0.017565 0.010950 0.094540
0.017624 0.009418 0.105508
0.018179 0.013585 0.096726
0.017859 0.006591 0.096811
0.016187 0.009339 0.094717
0.016402 0.013930 0.095151
0.014660 0.014987 0.098837
0.017549 0.005987 0.101623
0.015912 0.012113 0.099477
0.016609 0.009267 0.099348
0.017444 0.006377 0.102724
0.017106 0.009051 0.100648
0.017426 0.010117 0.104149
0.015512 0.014639 0.101480
0.017834 0.006049 0.099412
0.017519 0.007779 0.105435
0.017433 0.007631 0.098450
0.017950 0.006083 0.097970
0.017415 0.006719 0.103276
0.018169 0.013297 0.096613
0.018309 0.012356 0.095296
0.016623 0.012566 0.105572
0.012300 0.015778 0.096431
0.016162 0.011395 0.098103
0.017288 0.012015 0.096575
0.016310 0.011842 0.098413
0.015787 0.013804 0.101204
0.018034 0.013710 0.095066
0.017912 0.006401 0.097918
0.015916 0.013874 0.094636
0.017507 0.007435 0.105535
0.017335 0.006615 0.095812
0.016626 0.014220 0.096003
0.016441 0.007742 0.095159
0.012542 0.015740 0.097107
0.017412 0.006688 0.104024
0.018761 0.012155 0.093808
0.017282 0.009174 0.102447
0.016214 0.010169 0.096390
0.016142 0.009904 0.097926
0.011766 0.016911 0.099550
0.015827 0.012577 0.100970
0.012818 0.016203 0.100286
0.016199 0.013136 0.104420
0.016925 0.007094 0.095960
0.016827 0.010492 0.102535
0.015240 0.014918 0.098499
0.017199 0.009031 0.101185
0.013531 0.015175 0.097463
0.016305 0.008728 0.097188
0.017388 0.009698 0.103453
0.015938 0.011514 0.099434
0.014298 0.015637 0.102468
0.017743 0.006925 0.099970
0.015292 0.014884 0.103417
0.016110 0.010518 0.099154
0.013388 0.015429 0.098424
0.012892 0.016448 0.101618
0.016378 0.010681 0.096815
0.017674 0.012466 0.096605
0.013749 0.015074 0.097328
0.017910 0.006526 0.097593
0.018835 0.012165 0.093592
0.016923 0.010423 0.102882
0.017830 0.006912 0.099415
0.017392 0.008573 0.100786
0.015502 0.014948 0.097863
0.018303 0.012997 0.096107
0.017752 0.009552 0.106800
0.017799 0.011473 0.094887
0.017617 0.009539 0.104600
0.015851 0.013632 0.101829
0.017459 0.006257 0.103486
0.013638 0.015740 0.100799
0.016268 0.010174 0.099317
0.013647 0.015178 0.097806
0.017252 0.010937 0.104981
0.013216 0.014906 0.095622
0.016084 0.013263 0.093196
0.016035 0.009367 0.096388
0.014132 0.014851 0.096399
0.016421 0.012334 0.103914
0.017443 0.007966 0.102375
0.015827 0.012556 0.100621
0.016343 0.009909 0.099432
0.016482 0.013711 0.097969
0.015150 0.015046 0.096955
0.016985 0.011810 0.096949
0.017774 0.006331 0.099636
0.017574 0.008010 0.099691
0.018004 0.004507 0.103319
0.016699 0.009964 0.101287
0.017908 0.004901 0.103621
0.014493 0.015423 0.101329
0.012342 0.016375 0.099604
0.018461 0.011613 0.093956
0.014121 0.015029 0.097451
0.016227 0.014195 0.095165
0.012167 0.016366 0.098408
0.016024 0.011214 0.100263
0.017564 0.007967 0.101160
0.017467 0.006415 0.102062
0.012001 0.016455 0.098128
0.016019 0.009579 0.096670
0.016317 0.011215 0.101628
0.012299 0.016919 0.102191
0.011653 0.017053 0.099576
0.015447 0.014805 0.099854
0.016751 0.008927 0.099155
0.013530 0.015518 0.099385
0.016508 0.007543 0.095129
0.018257 0.004440 0.097552
0.017453 0.008454 0.101615
0.013351 0.014658 0.095013
0.017927 0.004504 0.101433
0.012577 0.015584 0.096429
0.017129 0.013400 0.098117
0.016541 0.013328 0.094101
0.013278 0.015915 0.100439
0.016093 0.009798 0.097217
0.016639 0.008915 0.098806
0.016402 0.014009 0.099998
0.011803 0.016824 0.098879
0.014587 0.014959 0.098102
0.017345 0.007990 0.098980
0.018042 0.004570 0.099403
0.015928 0.011840 0.099293
0.013095 0.015415 0.097127
0.017555 0.007733 0.100927
0.016331 0.009914 0.099144
0.017368 0.011562 0.095717
0.012651 0.016583 0.101589
0.016474 0.011037 0.101898
0.014845 0.015033 0.096944
0.017449 0.008574 0.102965
0.017650 0.007042 0.097939
0.017605 0.006216 0.101073
0.011377 0.017538 0.100169
0.016421 0.014614 0.096110
0.017514 0.008161 0.104885
0.012673 0.015966 0.098794
0.017484 0.007895 0.104693
0.017980 0.004627 0.103520
0.017380 0.011955 0.096289
0.017827 0.005190 0.100415
0.017391 0.007470 0.103815
0.013555 0.015270 0.098152
0.016838 0.007751 0.097040
0.016308 0.009549 0.094752
0.013725 0.016073 0.102922
0.016057 0.009266 0.096828
0.018709 0.013460 0.095717
0.013927 0.014331 0.094884
0.017783 0.005849 0.100189
0.018305 0.012535 0.095542
0.017602 0.005607 0.102373
0.014545 0.015727 0.103428
0.013504 0.015744 0.100395
0.015423 0.014864 0.102262
0.017516 0.007420 0.101646
0.016413 0.014047 0.098802
0.016331 0.010042 0.099955
0.017481 0.007827 0.099189
0.018132 0.011990 0.095022
0.017011 0.008078 0.098151
0.011834 0.016987 0.100557
0.013875 0.015857 0.101944
0.014189 0.015487 0.101000
0.016293 0.014601 0.099984
0.017442 0.012834 0.097464
0.017566 0.010157 0.104889
0.015979 0.011167 0.099202
0.017716 0.009562 0.106433
0.013879 0.015456 0.100173
0.012121 0.016047 0.096952
0.016476 0.013280 0.093969
0.016197 0.010195 0.097624
0.017787 0.007416 0.099672
0.017576 0.008992 0.103471
0.011533 0.017090 0.098455
0.016982 0.009995 0.102372
0.017550 0.007458 0.104894
0.017045 0.007431 0.096815
0.016127 0.008951 0.094753
0.017598 0.009284 0.105195
0.015902 0.014862 0.097915
0.016583 0.010461 0.101613
0.016373 0.010440 0.100918
0.015504 0.014629 0.099040
0.017162 0.011013 0.104818
0.017409 0.008084 0.102936
0.017302 0.012522 0.097375
0.016239 0.008624 0.096681
0.019239 0.013221 0.094527
0.015838 0.013517 0.101500
0.017496 0.011039 0.106077
0.017483 0.006543 0.101880
0.015915 0.013285 0.103095
0.011738 0.016973 0.099708
0.016178 0.010477 0.099946
0.016562 0.010401 0.095586
0.016322 0.011609 0.102177
0.016013 0.011281 0.098727
0.016361 0.008472 0.096961
0.015928 0.012011 0.100455
0.016498 0.011991 0.098259
0.017565 0.009402 0.103843
0.017519 0.007656 0.098886
0.016691 0.007883 0.096962
0.017922 0.011711 0.095000
0.012112 0.016865 0.100947
0.016205 0.010539 0.097566
0.017941 0.004904 0.103790
0.018133 0.012975 0.096382
0.015953 0.011619 0.099667
0.016131 0.010127 0.096884
0.016269 0.013112 0.104792
0.012551 0.016730 0.102024
0.016211 0.012700 0.103480
0.015805 0.013847 0.102836
0.017430 0.010390 0.104783
0.017968 0.004556 0.102159
0.017444 0.007004 0.102536
0.016590 0.013943 0.096909
0.018610 0.013710 0.095713
0.014616 0.014682 0.095722
0.014479 0.013786 0.093989
0.017469 0.010131 0.104537
0.013849 0.015311 0.099071
0.014565 0.015677 0.103214
0.017042 0.010093 0.102731
0.013708 0.015556 0.100205
0.012385 0.016412 0.099888
0.016236 0.010275 0.099442
0.017056 0.011147 0.104516
0.016114 0.009223 0.094950
0.015774 0.014555 0.100810
0.017891 0.012827 0.096687
0.017196 0.009236 0.101772
0.017541 0.005878 0.102662
0.013511 0.014487 0.094739
0.017663 0.010597 0.105857
0.013156 0.015282 0.096875
0.017672 0.009375 0.106272
0.017561 0.005689 0.101920
0.017531 0.008179 0.099876
0.011858 0.016382 0.097566
0.015893 0.013344 0.101826
0.012891 0.015162 0.095811
0.012431 0.016207 0.099112
0.011277 0.017574 0.100831
0.018080 0.004224 0.102860
0.017612 0.009124 0.105406
0.017564 0.007412 0.101150
0.014674 0.013437 0.093269
0.017349 0.010893 0.105194
0.016604 0.009836 0.094493
0.014979 0.015101 0.100563
0.016038 0.011191 0.100089
0.017058 0.010528 0.103793
0.016673 0.011835 0.104019
0.016116 0.009042 0.094944
0.017509 0.008107 0.100569
0.017333 0.008100 0.099188
0.015287 0.015035 0.102948
0.014318 0.014329 0.095113
0.016285 0.010418 0.100538
0.016521 0.014101 0.099427
0.012479 0.015989 0.097881
0.015916 0.013307 0.100992
0.017167 0.008936 0.100341
0.016991 0.008009 0.097910
0.016066 0.008889 0.095185
0.017205 0.013315 0.097847
0.017206 0.010315 0.103837
0.017429 0.008476 0.101924
0.015981 0.011231 0.099759
0.017124 0.006884 0.095961
0.018027 0.005544 0.096939
0.017010 0.009262 0.100927
0.018024 0.005602 0.096354
0.013390 0.015125 0.096825
0.012851 0.015428 0.096714
0.017057 0.010958 0.095546
0.016272 0.009315 0.094507
0.016781 0.010296 0.102060
0.016242 0.013198 0.099850
0.012102 0.016516 0.099221
0.017826 0.007059 0.098681
0.018185 0.004889 0.096719
0.018032 0.004370 0.103101
0.011706 0.016733 0.097987
0.016359 0.012406 0.103611
0.012015 0.017111 0.102106
0.016459 0.010729 0.096386
0.016645 0.007848 0.096772
0.015774 0.014555 0.100810
0.018080 0.011613 0.094623
0.018176 0.004116 0.099565
0.017390 0.008363 0.102590
0.016209 0.012602 0.103278
0.016713 0.009239 0.099642
0.017723 0.010059 0.105752
0.017769 0.011227 0.094597
0.017740 0.005281 0.100962
0.015901 0.013831 0.100935
0.016373 0.009397 0.098654
0.017906 0.005881 0.098952
0.017974 0.004894 0.099201
0.017671 0.006939 0.100409
0.017605 0.008441 0.106124
0.017956 0.013249 0.096880
0.017449 0.008397 0.103220
0.016972 0.010574 0.103474
0.013820 0.015193 0.098413
0.017503 0.008782 0.103261
0.013408 0.016088 0.101499
0.017949 0.004502 0.101216
0.017911 0.004543 0.102555
0.017494 0.007156 0.105318
0.017968 0.004630 0.100207
0.017733 0.009878 0.106456
0.014297 0.013913 0.094156
0.014662 0.015013 0.097272
0.015001 0.015257 0.102351
0.016334 0.012570 0.103883
0.017383 0.012246 0.096716
0.016158 0.012946 0.103769
0.017506 0.012191 0.096431
0.015913 0.011861 0.099584
0.017995 0.005803 0.097613
0.016030 0.010776 0.099441
0.017309 0.006471 0.095456
0.016323 0.014546 0.097650
0.016910 0.010843 0.103669
0.016223 0.009013 0.094483
0.015700 0.014266 0.104493
0.016086 0.011462 0.098457
0.015904 0.011898 0.100733
0.017623 0.010833 0.106816
0.011768 0.017254 0.101715
0.017561 0.005953 0.103610
0.017085 0.010737 0.095198
0.016558 0.010044 0.100939
0.016159 0.013046 0.099989
0.013361 0.016051 0.101288
0.012191 0.016540 0.099755
0.016594 0.011523 0.103311
0.016274 0.011409 0.101734
0.017440 0.006349 0.103143
0.013891 0.014689 0.095867
0.016271 0.012777 0.099043
0.015251 0.014905 0.101327
0.016320 0.011445 0.101929
0.017827 0.006852 0.098186
0.013537 0.015088 0.097057
0.015211 0.015055 0.102385
0.018385 0.004071 0.096805
0.017052 0.007722 0.097502
0.016797 0.012696 0.098433
0.014599 0.015042 0.099108
0.016391 0.014472 0.100144
0.017375 0.013207 0.097484
0.016631 0.014266 0.095659
0.017970 0.004485 0.101650
0.017770 0.013571 0.094758
0.012939 0.015807 0.098985
0.016402 0.013396 0.094109
0.013049 0.016106 0.100482
0.014208 0.015030 0.098073
0.013958 0.015847 0.102347
0.017285 0.011398 0.105986
0.014719 0.015582 0.103679
0.015917 0.013611 0.094240
0.017987 0.004917 0.098997
0.017276 0.008342 0.099375
0.015585 0.014850 0.095837
0.016595 0.012898 0.098785
0.016580 0.013023 0.099073
0.017689 0.006506 0.100437
0.013191 0.015060 0.096146
0.014709 0.014393 0.095215
0.016478 0.010774 0.101643
0.017554 0.008053 0.105618
0.018410 0.011974 0.094514
0.017605 0.005768 0.103607
0.011591 0.016991 0.098290
0.012840 0.015680 0.097819
0.017632 0.006981 0.100742
0.017359 0.014002 0.095848
0.017691 0.009581 0.106114
0.017676 0.006942 0.097147
0.017020 0.013551 0.094817
0.016395 0.014364 0.097718
0.012563 0.016327 0.100073
0.017829 0.007260 0.099388
0.017633 0.005770 0.103824
0.017884 0.011074 0.094244
0.016253 0.011911 0.102381
0.017687 0.005532 0.103570
0.016751 0.011814 0.104426
0.017239 0.007574 0.097655
0.013666 0.015017 0.096850
0.018006 0.006077 0.097005
0.016243 0.010261 0.099632
0.016372 0.009560 0.098785
0.017500 0.008654 0.103996
0.016136 0.014623 0.100175
0.018451 0.012212 0.094752
0.016566 0.009920 0.094723
0.017571 0.008570 0.104670
0.016572 0.011121 0.097069
0.016644 0.009465 0.100007
0.012202 0.016370 0.098822
0.015001 0.015257 0.102351
0.016922 0.007363 0.096517
0.017907 0.005900 0.095736
0.017673 0.005470 0.101394
0.013985 0.013952 0.094001
0.016240 0.014535 0.095790
0.016345 0.008315 0.096665
0.012557 0.016423 0.100400
0.018131 0.013453 0.094581
0.016277 0.008978 0.097505
0.016341 0.014157 0.098127
0.011858 0.016382 0.097566
0.017012 0.010061 0.102570
0.013949 0.015100 0.097788
0.016686 0.009833 0.100849
0.014197 0.015218 0.099058
0.016149 0.010459 0.099461
0.016015 0.010830 0.098176
0.016570 0.013163 0.093214
0.015619 0.014636 0.099294
0.014792 0.015451 0.102304
0.015502 0.014948 0.097863
0.016364 0.011656 0.102426
0.016431 0.014230 0.097945
0.016015 0.012274 0.101886
0.018206 0.004223 0.098525
0.017337 0.008551 0.099991
0.016609 0.009267 0.099348
0.013879 0.015456 0.100173
0.016477 0.013205 0.093571
0.015622 0.013350 0.093254
0.018011 0.005766 0.096689
0.015805 0.014706 0.095537
0.018133 0.005141 0.096634
0.017486 0.011309 0.095176
0.017611 0.007404 0.100871
0.017501 0.009903 0.104118
0.017155 0.013679 0.095108
0.014404 0.015440 0.101166
0.018938 0.012528 0.094220
0.016652 0.009374 0.099817
0.013475 0.015637 0.099729
0.016074 0.014944 0.096598
0.014798 0.015523 0.103374
0.015960 0.014472 0.099533
0.017834 0.004878 0.101745
0.015024 0.013395 0.093336
0.017942 0.004787 0.099859
0.015404 0.014750 0.103687
0.017620 0.009969 0.104988
0.017637 0.009386 0.104719
0.017573 0.008020 0.105973
0.017734 0.006491 0.096293
0.017638 0.010779 0.106124
0.016183 0.010328 0.099165
0.016432 0.012153 0.098343
0.016956 0.009827 0.101770
0.016508 0.012385 0.104345
0.016311 0.007987 0.095196
0.016391 0.013859 0.098053
0.018105 0.005363 0.096472
0.017603 0.005714 0.101388
0.014753 0.015322 0.101470
0.015558 0.015042 0.097203
0.015971 0.013509 0.104158
0.015804 0.012775 0.101145
0.015945 0.011297 0.099535
0.013881 0.015269 0.098837
0.017943 0.004969 0.099526
0.016865 0.009441 0.100576
0.016867 0.007062 0.095727
0.018675 0.013176 0.095590
0.017664 0.006448 0.100753
0.015804 0.012775 0.101145
0.015858 0.014380 0.095118
0.011710 0.016524 0.097446
0.017848 0.004755 0.101271
0.017566 0.007847 0.100361
0.011715 0.017102 0.100078
0.016958 0.013499 0.097532
0.016462 0.014185 0.097015
0.017176 0.011213 0.105073
0.017624 0.009418 0.105508
0.016992 0.009195 0.100430
0.015881 0.012626 0.101691
0.015567 0.014981 0.096312
0.016917 0.011454 0.096524
0.016154 0.009589 0.097894
0.016136 0.009930 0.098237
0.015675 0.014131 0.094819
0.017358 0.012959 0.093296
0.018210 0.013482 0.094658
0.017719 0.009962 0.105521
0.015958 0.012135 0.099199
0.014630 0.015060 0.099346
0.017332 0.010678 0.104872
0.015776 0.015040 0.097115
0.011331 0.017738 0.101633
0.017504 0.007832 0.101653
0.012266 0.016553 0.100082
0.018167 0.004176 0.099318
0.017949 0.013840 0.095284
0.016647 0.013961 0.099426
0.014550 0.015527 0.102621
0.015872 0.012240 0.101029
0.015898 0.014431 0.099214
0.017147 0.008020 0.098345
0.017904 0.004634 0.101556
0.017994 0.004517 0.100083
0.016202 0.012940 0.104020
0.017352 0.009491 0.103200
0.018000 0.004579 0.100609
0.016231 0.013645 0.100206
0.016289 0.014782 0.096295
0.017663 0.009622 0.105084
0.017820 0.006282 0.096135
0.017887 0.006976 0.099190
0.017574 0.008125 0.100291
0.018289 0.013902 0.095798
0.017449 0.007077 0.102857
0.017051 0.008823 0.099777
0.016031 0.008740 0.095689
0.016212 0.009751 0.095428
0.016265 0.014589 0.097825
0.015204 0.014951 0.103737
0.016793 0.010994 0.103320
0.016304 0.010965 0.101300
0.016699 0.011989 0.104668
0.017560 0.009452 0.103619
0.015733 0.013666 0.102459
0.016078 0.011756 0.098692
0.017463 0.006922 0.102200
0.017562 0.005867 0.103212
0.017629 0.006420 0.095861
0.015543 0.014583 0.102661
0.015753 0.013755 0.102621
0.014719 0.015389 0.101827
0.016262 0.011187 0.097693
0.016210 0.009411 0.098074
0.017658 0.007223 0.098314
0.013200 0.016129 0.101183
0.016030 0.013134 0.100307
0.017242 0.009265 0.102280
0.018170 0.004790 0.097468
0.017573 0.010405 0.105200
0.011242 0.017585 0.099851
0.017664 0.007347 0.100471
0.017911 0.006120 0.098796
0.015097 0.014791 0.098805
0.014834 0.014995 0.099617
0.016779 0.011334 0.103689
0.017307 0.013952 0.096360
0.017295 0.007052 0.096574
0.016686 0.010618 0.102170
0.017992 0.004376 0.102441
0.016234 0.010369 0.096589
0.016853 0.010681 0.103116
0.017668 0.009718 0.105533
0.016158 0.008796 0.096578
0.011676 0.017081 0.099864
0.016567 0.010780 0.101966
0.014122 0.015294 0.099779
0.016777 0.007485 0.096275
0.015888 0.014778 0.095947
0.017467 0.008333 0.104165
0.012658 0.016378 0.100532
0.014896 0.013802 0.094170
0.016374 0.014506 0.097390
0.014063 0.014634 0.095703
0.016089 0.014422 0.099520
0.016645 0.013943 0.095311
0.017514 0.006248 0.101668
0.017925 0.006148 0.096512
0.016160 0.010793 0.100403
0.016801 0.008616 0.098691
0.016833 0.013490 0.099156
0.016420 0.010838 0.097068
0.015389 0.014802 0.104149
0.016249 0.010650 0.100724
0.017410 0.006581 0.103883
0.017628 0.005367 0.102064
0.015126 0.014995 0.100981
0.014896 0.013383 0.093218
0.015129 0.014986 0.097610
0.014935 0.014860 0.096042
0.016781 0.007080 0.095363
0.017226 0.008147 0.098799
0.015704 0.013825 0.102234
0.017297 0.009063 0.102239
0.015724 0.014120 0.103594
0.017221 0.011561 0.095971
0.018181 0.013885 0.096130
0.016357 0.011950 0.102840
0.011479 0.017365 0.101030
0.017803 0.004873 0.102468
0.013108 0.015248 0.096645
0.016045 0.009202 0.095342
0.017780 0.006010 0.099866
0.016630 0.008731 0.098475
0.014155 0.015072 0.098407
0.016502 0.007885 0.096313
0.016961 0.013518 0.098880
0.015965 0.011542 0.100019
0.017540 0.005914 0.102824
0.018306 0.012047 0.094783
0.013726 0.015472 0.099718
0.016187 0.014940 0.097443
0.015541 0.014803 0.100843
0.014063 0.015775 0.102452
0.015953 0.014602 0.099847
0.016759 0.011952 0.097606
0.016163 0.009510 0.095131
0.015466 0.014570 0.103418
0.016003 0.010925 0.099250
0.016239 0.010407 0.096950
0.018225 0.004728 0.096822
0.014751 0.015100 0.100177
0.016070 0.009364 0.097067
0.015110 0.014940 0.100055
0.017457 0.013243 0.094120
0.016611 0.010675 0.095811
0.013817 0.015603 0.100617
0.017618 0.007433 0.098675
0.016889 0.013268 0.098786
0.016162 0.008685 0.096324
0.017408 0.007354 0.103215
0.013085 0.016154 0.100817
0.016169 0.011714 0.101785
0.016173 0.014241 0.098964
0.012351 0.016540 0.100322
0.017438 0.011323 0.106386
0.018247 0.004329 0.098022
0.014628 0.014963 0.096776
0.017804 0.005598 0.099975
0.012840 0.015578 0.097151
0.017628 0.009244 0.104607
0.016475 0.014598 0.096318
0.017509 0.008384 0.100093
0.011591 0.017220 0.100730
0.013784 0.015709 0.101097
0.016250 0.009498 0.098315
0.017422 0.007218 0.104210
0.016043 0.012646 0.102516
0.017147 0.009731 0.102612
0.016119 0.011576 0.101465
0.018078 0.004353 0.099624
0.017919 0.004703 0.102004
0.015681 0.014055 0.103268
0.017590 0.005620 0.101667
0.016295 0.014852 0.096539
0.015718 0.013979 0.094654
0.017391 0.007582 0.103633
0.011855 0.016789 0.099268
0.017640 0.009327 0.104306
0.018026 0.005490 0.097605
0.012306 0.015961 0.097272
0.017799 0.005234 0.103430
0.017700 0.013996 0.095766
0.016724 0.010123 0.101625
0.017424 0.006713 0.102674
0.015254 0.014959 0.097893
0.017084 0.009580 0.101944
0.017862 0.005430 0.099704
0.015327 0.013455 0.093429
0.017967 0.005684 0.098113
0.016047 0.009393 0.095979
0.017326 0.008712 0.100965
0.016223 0.010289 0.099863
0.011776 0.017258 0.101986
0.017999 0.005672 0.096086
0.017556 0.005833 0.102520
0.016304 0.013630 0.099846
0.017589 0.007636 0.100406
0.016862 0.011140 0.103919
0.016035 0.012529 0.099515
0.017475 0.008546 0.103415
0.014393 0.014097 0.094650
0.017791 0.009803 0.107060
0.015965 0.011851 0.101134
0.014642 0.014984 0.097759
0.016394 0.011677 0.102584
0.017555 0.008336 0.105498
0.015036 0.014996 0.096620
0.016191 0.008214 0.095361
0.017589 0.006492 0.101109
0.016126 0.009034 0.096902
0.017832 0.007082 0.099050
0.015549 0.014675 0.101908
0.016381 0.008852 0.097855
0.015867 0.013823 0.104056
0.017402 0.007842 0.098795
0.015876 0.014504 0.098809
0.015590 0.014674 0.100435
0.016160 0.009974 0.096231
0.018055 0.004224 0.102261
0.017971 0.004536 0.103014
0.015635 0.014453 0.101226
0.019184 0.012942 0.094302
0.015878 0.013502 0.101138
0.015468 0.014964 0.101962
0.018321 0.012201 0.094981
0.017372 0.007123 0.096788
0.014097 0.014098 0.094439
0.017573 0.008020 0.105973
0.017548 0.007511 0.101348
0.015009 0.014206 0.094865
0.014206 0.015008 0.097153
0.013592 0.016002 0.101678
0.016926 0.014057 0.095574
0.016720 0.010805 0.102579
0.017629 0.009135 0.104978
0.014390 0.015076 0.098726
0.011513 0.017286 0.099969
0.016609 0.008470 0.097966
0.016572 0.013764 0.097621
0.017607 0.008841 0.105996
0.016877 0.011762 0.104769
0.017838 0.005155 0.100570
0.015789 0.014105 0.104173
0.017420 0.006514 0.103442
0.016461 0.011934 0.103309
0.017350 0.011054 0.095093
0.018197 0.011177 0.093841
0.013042 0.015060 0.095789
0.012231 0.016832 0.101181
0.017519 0.007656 0.098886
0.013185 0.016261 0.101586
0.015864 0.012969 0.101839
0.012963 0.015265 0.096363
0.011952 0.016622 0.098615
0.017459 0.008003 0.104099
0.016178 0.010477 0.099946
0.017727 0.010230 0.106365
0.017019 0.013513 0.098680
0.017422 0.007999 0.103264
0.015825 0.014069 0.103973
0.015460 0.014754 0.095596
0.017482 0.008236 0.100884
0.016519 0.012477 0.098460
0.014490 0.014990 0.098412
0.016298 0.012572 0.103636
0.017527 0.011096 0.094809
0.011937 0.016683 0.099188
0.017405 0.008828 0.102889
0.018094 0.004989 0.097848
0.013338 0.015922 0.100625
0.016992 0.009293 0.100659
0.016546 0.013972 0.099175
0.016993 0.010993 0.104164
0.017315 0.007441 0.097343
0.013660 0.015999 0.102104
0.015751 0.013828 0.101531
0.016381 0.008616 0.097396
0.016215 0.008179 0.094974
0.011427 0.017525 0.101406
0.017151 0.008321 0.099045
0.016092 0.008760 0.096094
0.017795 0.005117 0.100918
0.015852 0.013895 0.103833
0.013014 0.015685 0.098467
0.016414 0.014253 0.097349
0.016814 0.014122 0.096236
0.015954 0.011689 0.100196
0.017582 0.005962 0.103875
0.016399 0.014203 0.100282
0.015703 0.014174 0.102833
0.017470 0.007389 0.102345
0.017087 0.013058 0.093505
0.017264 0.011179 0.095428
0.014009 0.015422 0.100387
0.016076 0.009433 0.097199
0.016299 0.013887 0.100330
0.013450 0.016215 0.102679
0.017877 0.004674 0.102353
0.015732 0.014154 0.104396
0.017682 0.005714 0.100726
0.013101 0.016370 0.102007
0.016655 0.009785 0.100676
0.014350 0.015550 0.102001
0.017627 0.007144 0.101001
0.011715 0.017102 0.100078
0.017792 0.005072 0.102974
0.015721 0.013911 0.101919
0.016033 0.013580 0.105006
0.016036 0.011867 0.101510
0.015136 0.014803 0.095749
0.017714 0.007327 0.099952
0.016428 0.012808 0.104902
0.012053 0.016699 0.099943
0.016449 0.013988 0.099613
0.017492 0.007694 0.102086
0.017957 0.006270 0.096912
0.015887 0.015045 0.097365
0.013050 0.016283 0.101402
0.013580 0.014566 0.095166
0.017404 0.007673 0.103206
0.013973 0.015752 0.101647
0.017067 0.008570 0.099260
0.016869 0.009086 0.099844
0.017309 0.010128 0.103831
0.017281 0.008756 0.100593
0.017507 0.006197 0.101938
0.017182 0.012603 0.097729
0.016141 0.014992 0.097247
0.017514 0.008161 0.104885
0.011838 0.016504 0.097812
0.011758 0.017143 0.100979
0.016051 0.009091 0.096363
0.016157 0.013268 0.100101
0.016424 0.014155 0.097525
0.016071 0.011298 0.100967
0.016116 0.010543 0.097992
0.017761 0.005038 0.101863
0.017740 0.005681 0.100437
0.017087 0.014034 0.095878
0.016958 0.009434 0.101108
0.016501 0.009892 0.100365
0.013265 0.015696 0.099367
0.018369 0.004206 0.097747
0.017064 0.007493 0.097002
0.014593 0.015349 0.100887
0.016833 0.013490 0.099156
0.016134 0.009710 0.097698
0.014019 0.015194 0.098721
0.018953 0.012538 0.093616
0.014700 0.014229 0.094952
0.016185 0.010237 0.099006
0.016521 0.014101 0.099427
0.017632 0.006981 0.100742
0.016754 0.011154 0.096362
0.017659 0.007769 0.099889
0.018426 0.012882 0.095754
0.017961 0.005827 0.098598
0.015965 0.013283 0.103434
0.018003 0.004904 0.098793
0.015403 0.014776 0.103912
0.016220 0.013974 0.100550
0.013246 0.015384 0.097790
0.016361 0.011688 0.098088
0.016246 0.012849 0.099366
0.016572 0.013627 0.098091
0.012817 0.015371 0.096222
0.017485 0.008110 0.101833
0.017408 0.007833 0.103442
0.017754 0.012216 0.096082
0.016229 0.008831 0.096914
0.016209 0.014407 0.095298
0.017541 0.009074 0.103231
0.014503 0.015533 0.102287
0.017471 0.006339 0.095579
0.017803 0.004873 0.102468
0.016091 0.013636 0.094378
0.017697 0.010156 0.105434
0.017493 0.007175 0.097172
0.011282 0.017592 0.101177
0.017652 0.009902 0.105168
0.015839 0.014531 0.095344
0.016040 0.013408 0.104334
0.016794 0.013730 0.097167
0.015820 0.012749 0.100515
0.015252 0.015006 0.101659
0.016971 0.008322 0.098565
0.018403 0.004092 0.096406
0.017329 0.010462 0.104504
0.015260 0.015007 0.096511
0.015440 0.014702 0.099228
0.015362 0.014772 0.100219
0.017460 0.006853 0.104442
0.017512 0.013643 0.096883
0.014009 0.015501 0.100789
0.017612 0.013010 0.097266
0.013038 0.015847 0.099338
0.011473 0.017314 0.099668
0.017445 0.008215 0.103555
0.016049 0.009032 0.096185
0.016489 0.007629 0.095487
0.016119 0.009686 0.096093
0.012799 0.016552 0.102000
0.016045 0.013452 0.104539
0.016411 0.010644 0.101274
0.017959 0.005489 0.098609
0.019121 0.013054 0.094650
0.013864 0.015127 0.098080
0.016852 0.010705 0.095507
0.015969 0.014724 0.095732
0.017490 0.006106 0.102961
0.017500 0.006951 0.104783
0.017904 0.006228 0.098562
0.016587 0.014268 0.096087
0.016864 0.010949 0.095765
0.017681 0.005535 0.101023
0.017849 0.006447 0.096582
0.016025 0.011161 0.098229
0.014958 0.015175 0.100863
0.016418 0.010146 0.100617
0.017674 0.005269 0.101790
0.011162 0.017598 0.099395
0.015959 0.011661 0.099184
0.017454 0.006618 0.104217
0.017533 0.007833 0.100665
0.013807 0.014830 0.096265
0.017399 0.006632 0.103720
0.019014 0.012690 0.093662
0.015651 0.014317 0.104367
0.017809 0.005395 0.100205
0.016018 0.011947 0.098942
0.018001 0.011996 0.095289
0.016881 0.010438 0.094934
0.017510 0.007812 0.105032
0.013423 0.014787 0.095636
0.015625 0.013498 0.093592
0.015248 0.014944 0.098162
0.016582 0.012048 0.104154
0.016661 0.013195 0.093809
0.016838 0.007901 0.097272
0.011609 0.017073 0.099018
0.017207 0.009123 0.101551
0.011738 0.016973 0.099708
0.016353 0.014795 0.097171
0.016488 0.014311 0.100074
0.016170 0.012314 0.102640
0.016868 0.008965 0.099542
0.016569 0.011236 0.102614
0.017558 0.009029 0.103910
0.017907 0.004898 0.103410
0.016646 0.007672 0.096378
0.017683 0.005387 0.102685
0.015478 0.013572 0.093783
0.016804 0.008355 0.098226
0.017967 0.006069 0.096655
0.016446 0.010626 0.096079
0.017794 0.004957 0.102051
0.018723 0.013501 0.095451
0.015816 0.013518 0.102061
0.017988 0.005723 0.095877
0.016616 0.013841 0.098594
0.017859 0.005546 0.099591
0.016088 0.012624 0.099251
0.012575 0.015979 0.098212
0.016376 0.014750 0.096988
0.015828 0.012860 0.101580
0.016587 0.010797 0.102065
0.017539 0.007973 0.100745
0.016241 0.012273 0.102916
0.013264 0.015106 0.096466
0.017096 0.013152 0.093841
0.017013 0.013418 0.098502
0.016294 0.008396 0.096474
0.014336 0.014909 0.096564
0.016236 0.013825 0.094809
0.015901 0.012291 0.100331
0.017581 0.009059 0.103670
0.016127 0.010862 0.097811
0.018378 0.013287 0.096237
0.018619 0.011917 0.093865
0.017490 0.008168 0.101407
0.013528 0.015119 0.097226
0.016630 0.008731 0.098475
0.011733 0.016821 0.098326
0.017773 0.005809 0.104515
0.017421 0.007457 0.104193
0.018956 0.012776 0.093688
0.017768 0.010463 0.107174
0.017417 0.006979 0.104159
0.017690 0.005607 0.103821
0.016806 0.009487 0.100389
0.017606 0.006113 0.104270
0.016744 0.013113 0.093461
0.011348 0.017330 0.098532
0.016137 0.009677 0.095804
0.015977 0.012975 0.102812
0.013000 0.016253 0.101127
0.016786 0.010489 0.095289
0.016066 0.011140 0.100443
0.017684 0.007653 0.099527
0.013669 0.015961 0.101884
0.016164 0.014934 0.097701
0.014467 0.015385 0.100845
0.012422 0.016755 0.101707
0.016805 0.011433 0.096839
0.016609 0.010839 0.096081
0.014250 0.015288 0.100180
0.017826 0.007059 0.098681
0.015981 0.011231 0.099759
0.016598 0.012124 0.098103
0.017489 0.007509 0.104727
0.016878 0.012174 0.106001
0.015700 0.014266 0.104493
0.015870 0.013181 0.102030
0.012778 0.016651 0.102561
0.017414 0.007479 0.103991
0.016147 0.009098 0.097151
0.013158 0.015504 0.098095
0.016937 0.012008 0.097273
0.017169 0.010812 0.104488
0.017433 0.006568 0.102498
0.017523 0.010826 0.105665
0.014337 0.015731 0.103012
0.016532 0.010273 0.101226
0.012423 0.016661 0.101175
0.015990 0.013116 0.103195
0.015612 0.014507 0.095248
0.016964 0.010837 0.103948
0.016798 0.012156 0.105376
0.013284 0.015639 0.099195
0.017319 0.013351 0.097952
0.017226 0.009429 0.102449
0.017701 0.010557 0.106191
0.011872 0.016865 0.099944
0.015162 0.014375 0.095088
0.016024 0.009079 0.095791
0.017383 0.012246 0.096716
0.016126 0.013167 0.104074
0.015561 0.015028 0.097523
0.013744 0.015991 0.102529
0.016203 0.010239 0.097214
0.016279 0.013271 0.093495
0.018020 0.005726 0.097096
0.016768 0.007309 0.095962
0.018130 0.004387 0.098815
0.015155 0.014986 0.104128
0.017500 0.006951 0.104783
0.016534 0.011536 0.102966
0.017907 0.005900 0.095736
0.016626 0.011746 0.103671
0.017682 0.008872 0.105179
0.016121 0.013364 0.104736
0.017588 0.009589 0.104145
0.017626 0.009517 0.104969
0.016850 0.013452 0.094455
0.018311 0.013264 0.094246
0.015945 0.011531 0.100646
0.016840 0.011991 0.105165
0.017509 0.008267 0.101071
0.017724 0.006039 0.100453
0.011807 0.016970 0.100264
0.014041 0.015898 0.102994
0.017482 0.006215 0.102580
0.018024 0.004576 0.103694
0.016499 0.009283 0.098953
0.016242 0.010445 0.100303
0.014701 0.014504 0.095397
0.016169 0.014538 0.095586
0.012910 0.016525 0.102314
0.017653 0.006071 0.104569
0.016016 0.009631 0.096494
0.016444 0.007785 0.095318
0.017612 0.010783 0.094218
0.015381 0.014805 0.101097
0.016924 0.010624 0.103320
0.018035 0.004255 0.102665
0.014470 0.015141 0.099535
0.017797 0.007084 0.099614
0.017657 0.006725 0.096522
0.017801 0.006373 0.099334
0.015611 0.014899 0.096071
0.016035 0.009516 0.096913
0.013819 0.014255 0.094530
0.012558 0.016372 0.100250
0.017523 0.007238 0.097829
0.015957 0.013256 0.100735
0.014222 0.015896 0.103303
0.015526 0.014751 0.098697
0.016766 0.013609 0.098288
0.016997 0.011364 0.096126
0.016209 0.014342 0.098468
0.017871 0.005145 0.099875
0.017167 0.006696 0.095699
0.018039 0.012427 0.095906
0.017525 0.007246 0.101427
0.016078 0.009925 0.096557
0.013189 0.015948 0.100272
0.017578 0.007547 0.100647
0.011671 0.017281 0.101309
0.016059 0.009438 0.095629
0.016244 0.014205 0.099150
0.017168 0.013168 0.098296
0.017255 0.011578 0.106235
0.017420 0.008308 0.102256
0.016537 0.014387 0.096545
0.016464 0.014240 0.095452
0.012621 0.015589 0.096148
0.017692 0.009286 0.106490
0.016527 0.012205 0.104136
0.015857 0.013367 0.101353
0.013246 0.015384 0.097790
0.017016 0.011412 0.104835
0.016601 0.011715 0.097625
0.014678 0.015153 0.099809
0.016417 0.013984 0.097875
0.017179 0.009986 0.103332
0.016183 0.013332 0.105066
0.012290 0.016237 0.098143
0.013365 0.016167 0.101866
0.017681 0.013776 0.095166
0.017785 0.013852 0.096521
0.017427 0.007973 0.103719
0.017592 0.005618 0.102154
0.018571 0.013535 0.096036
0.016819 0.011425 0.104000
0.016596 0.009625 0.100147
0.012056 0.016183 0.097449
0.018623 0.012532 0.094898
0.017563 0.006186 0.101348
0.017774 0.006623 0.099508
0.015317 0.014154 0.094824
0.015796 0.013843 0.103350
0.011899 0.016490 0.097953
0.016303 0.014392 0.095364
0.016380 0.012537 0.104116
0.016961 0.012369 0.097793
0.017418 0.007949 0.102626
0.017400 0.006806 0.103501
0.017913 0.004744 0.103155
0.017097 0.011091 0.104671
0.017166 0.011653 0.096268
0.017836 0.013177 0.094014
0.016119 0.010244 0.098281
0.017436 0.007248 0.104021
0.018173 0.004657 0.097792
0.016154 0.009175 0.094682
0.017250 0.008877 0.100750
0.015845 0.012555 0.101330
0.015918 0.012767 0.100222
0.017349 0.010649 0.094478
0.016579 0.010917 0.096711
0.017555 0.008282 0.105725
0.017403 0.008050 0.099363
0.013797 0.015037 0.097198
0.013645 0.015397 0.099188
0.018068 0.004256 0.101289
0.017997 0.005740 0.097775
0.015942 0.011836 0.099921
0.015901 0.013059 0.100528
0.015280 0.014951 0.096231
0.018474 0.013790 0.096119
0.017644 0.008960 0.104684
0.016707 0.009923 0.094375
0.016119 0.008611 0.094928
0.014986 0.013202 0.092966
0.015100 0.015016 0.097998
0.013294 0.016303 0.102251
0.016340 0.009915 0.099684
0.013614 0.016094 0.102692
0.016598 0.012246 0.104693
0.017758 0.005629 0.104140
0.016956 0.009827 0.101770
0.016497 0.013726 0.094987
0.018798 0.013227 0.095243
0.014911 0.014934 0.098357
0.015997 0.011025 0.098821
0.017599 0.008703 0.105371
0.017353 0.012361 0.097010
0.017723 0.005589 0.103931
0.011814 0.016336 0.097207
0.017573 0.010643 0.105605
0.017741 0.005146 0.101549
0.014859 0.014085 0.094713
0.016772 0.013534 0.097924
0.017143 0.012226 0.097270
0.018068 0.005338 0.097109
0.015867 0.013823 0.104056
0.016399 0.010096 0.095453
0.017111 0.011503 0.105409
0.016320 0.010904 0.097390
0.017265 0.013433 0.094492
0.017759 0.006322 0.099834
0.017586 0.012681 0.097052
0.013163 0.016385 0.102422
0.017596 0.008107 0.100110
0.015437 0.014772 0.100609
0.017000 0.007137 0.096148
0.016278 0.008263 0.096061
0.015909 0.013045 0.102451
0.017820 0.013963 0.095482
0.014924 0.013573 0.093702
0.014833 0.015393 0.102603
0.018247 0.013046 0.093789
0.018180 0.004942 0.097234
0.017434 0.011034 0.105789
0.017075 0.011756 0.106048
0.012185 0.016874 0.101388
0.017432 0.006763 0.102487
0.017017 0.011529 0.105058
0.017529 0.011883 0.095902
0.017687 0.005856 0.100630
0.017480 0.013651 0.094978
0.017047 0.009407 0.101422
0.017596 0.009182 0.103502
0.018105 0.004746 0.098174
0.018031 0.004670 0.099126
0.016929 0.008824 0.099420
0.018604 0.013532 0.095053
0.011688 0.016654 0.097703
0.012020 0.016777 0.100274
0.018036 0.004426 0.100466
0.012955 0.015747 0.098759
0.016482 0.009580 0.099566
0.017536 0.008635 0.104307
0.012410 0.016583 0.100715
0.016466 0.008105 0.096719
0.016021 0.011048 0.098424
0.017444 0.010566 0.094211
0.015974 0.011069 0.099617
0.017193 0.009442 0.102266
0.016121 0.013364 0.104736
0.017939 0.006045 0.098149
0.017892 0.006721 0.098696
0.016880 0.011778 0.105011
0.016358 0.014365 0.099886
0.018010 0.005739 0.097453
0.012355 0.015813 0.096856
0.012434 0.016162 0.098394
0.016645 0.010179 0.094873
0.016359 0.012857 0.104554
0.017448 0.007644 0.102489
0.017842 0.006690 0.099184
0.016631 0.012042 0.104496
0.015964 0.011159 0.099427
0.016678 0.013684 0.099324
0.016851 0.010953 0.103519
0.013916 0.015581 0.100961
0.013024 0.015376 0.096904
0.018681 0.012346 0.094502
0.017395 0.008397 0.102814
0.018005 0.005029 0.098579
0.016263 0.010037 0.099005
0.016293 0.009694 0.098583
0.015974 0.013317 0.100601
0.011979 0.016979 0.100794
0.016327 0.009068 0.098015
0.016656 0.010938 0.096442
0.017234 0.012011 0.096669
0.016955 0.013044 0.093235
0.012553 0.016769 0.102334
0.016037 0.011280 0.100725
0.014807 0.015366 0.102110
0.017877 0.006309 0.098973
0.017728 0.010336 0.105999
0.015458 0.014895 0.101751
0.013260 0.015569 0.098699
0.013295 0.014786 0.095377
0.018203 0.012755 0.096033
0.013940 0.014962 0.096832
0.017792 0.005376 0.103955
0.017154 0.010632 0.104179
0.015051 0.013297 0.093187
0.015133 0.015151 0.102701
0.014011 0.014906 0.096609
0.016118 0.010356 0.098804
0.016201 0.008278 0.095668
0.016408 0.014660 0.096558
0.016000 0.014122 0.100742
0.017569 0.008246 0.105875
0.017462 0.008346 0.103820
0.017724 0.010013 0.106121
0.017058 0.010190 0.094149
0.017631 0.010796 0.106556
0.017082 0.010222 0.103186
0.016327 0.010065 0.095849
0.016948 0.011945 0.105882
0.017562 0.006937 0.101279
0.017510 0.006038 0.103410
0.017148 0.010361 0.094384
0.017440 0.007313 0.097575
0.014475 0.014816 0.096129
0.017920 0.011405 0.094600
0.016469 0.014043 0.098380
0.017463 0.011169 0.095023
0.017930 0.005363 0.098966
0.012816 0.016028 0.099518
0.017359 0.008391 0.099749
0.013057 0.015489 0.097669
0.016479 0.010870 0.096944
0.015659 0.014190 0.101420
0.017638 0.006897 0.096871
0.016048 0.010794 0.099730
0.016753 0.014165 0.095844
0.018024 0.005669 0.097287
0.016476 0.009668 0.099859
0.016226 0.014265 0.099421
0.018077 0.004546 0.099001
0.016017 0.012693 0.099883
0.017782 0.005163 0.103148
0.011721 0.016967 0.099636
0.016595 0.011644 0.103460
0.018686 0.012142 0.094124
0.016302 0.010365 0.096205
0.018272 0.004588 0.096514
0.014415 0.013760 0.093944
0.016731 0.012092 0.104983
0.016023 0.008884 0.095501
0.015720 0.014033 0.101269
0.016748 0.008207 0.097840
0.016297 0.012406 0.098603
0.015897 0.014616 0.100463
0.011834 0.016731 0.098438
0.017640 0.007545 0.100220
0.017935 0.006460 0.098149
0.016817 0.007553 0.096636
0.017989 0.006002 0.097517
0.017778 0.005004 0.101175
0.016078 0.012833 0.103097
0.014563 0.015031 0.098587
0.017769 0.006844 0.097382
0.017537 0.006508 0.101497
0.016921 0.007830 0.097372
0.017499 0.006095 0.102383
0.017840 0.006066 0.099183
0.017697 0.010354 0.105630
0.012807 0.015622 0.097321
0.016442 0.014399 0.095861
0.016890 0.009961 0.101912
0.016696 0.011441 0.097187
0.015909 0.012397 0.100026
0.017723 0.005243 0.101139
0.016038 0.009649 0.097050
0.017842 0.005033 0.103283
0.014399 0.015335 0.100627
0.017262 0.010745 0.094830
0.015515 0.015089 0.096926
0.018175 0.004261 0.098695
0.013351 0.015982 0.100954
0.013615 0.014971 0.096569
0.011385 0.017396 0.100563
0.018300 0.011720 0.094407
0.017904 0.006459 0.098363
0.014998 0.015212 0.101808
0.016062 0.010471 0.098367
0.016516 0.008758 0.098171
0.017463 0.007130 0.104664
0.017745 0.005423 0.100632
0.012554 0.016222 0.099671
0.016382 0.008700 0.097606
0.016033 0.013597 0.100746
0.017249 0.008735 0.100211
0.011366 0.017250 0.098264
0.015563 0.014636 0.101282
0.011492 0.016994 0.098040
0.017701 0.010557 0.106191
0.015590 0.014487 0.103735
0.017284 0.009344 0.102675
0.017390 0.008635 0.101134
0.017515 0.007470 0.105148
0.016629 0.013833 0.097042
0.015845 0.013181 0.101609
0.016132 0.010248 0.097963
0.016348 0.009109 0.098154
0.017475 0.010653 0.105312
0.017781 0.005021 0.102635
0.016811 0.012258 0.105806
0.015866 0.012255 0.100708
0.012036 0.016157 0.097157
0.018154 0.004148 0.099762
0.017898 0.004740 0.100903
0.016504 0.011999 0.103480
0.017572 0.008574 0.105813
0.017822 0.004913 0.102794
0.016777 0.007485 0.096275
0.013101 0.015963 0.100115
0.016937 0.012055 0.106126
0.015906 0.013469 0.103463
0.016804 0.009285 0.100072
0.017737 0.006270 0.095888
0.013664 0.015870 0.101381
0.016487 0.011260 0.102247
0.016526 0.012072 0.103759
0.016193 0.013633 0.100507
0.016611 0.013775 0.095159
0.011407 0.017318 0.099218
0.017505 0.008702 0.103645
0.012604 0.015981 0.098484
0.015893 0.013760 0.104378
0.017386 0.008576 0.100355
0.018064 0.004382 0.100925
0.015965 0.012473 0.099750
0.012580 0.015810 0.097522
0.013310 0.015245 0.097145
0.016029 0.014601 0.098156
0.017721 0.006759 0.100126
0.017393 0.007096 0.103462
0.017447 0.008154 0.099605
0.017476 0.006804 0.096407
0.016668 0.011148 0.102989
0.015921 0.013541 0.103745
0.016766 0.013731 0.098992
0.017766 0.006852 0.099709
0.018583 0.012777 0.095316
0.015627 0.014320 0.103439
0.014642 0.014984 0.097759
0.016117 0.012319 0.098783
0.013394 0.015748 0.100019
0.018139 0.011893 0.094872
0.014972 0.014843 0.099337
0.018198 0.013806 0.096460
0.017096 0.010449 0.094670
0.017282 0.009193 0.102004
0.014437 0.014488 0.095388
0.015647 0.014300 0.102145
0.017496 0.007256 0.102016
0.011936 0.017122 0.101837
0.011416 0.017237 0.098806
0.018174 0.004899 0.096978
0.017875 0.013605 0.096851
0.013845 0.014138 0.094226
0.016160 0.014271 0.098772
0.015693 0.014030 0.103056
0.016001 0.010713 0.098530
0.017941 0.004713 0.100445
0.014743 0.015303 0.101137
0.017597 0.005913 0.101264
0.017531 0.007713 0.101353
0.016528 0.011426 0.097440
0.016490 0.011790 0.103177
0.011667 0.017020 0.098658
0.017416 0.006705 0.103054
0.016172 0.010181 0.098555
0.016081 0.012195 0.102048
0.014802 0.014977 0.099304
0.016116 0.008467 0.095293
0.016733 0.011167 0.096839
0.015364 0.014907 0.101510
0.017646 0.009196 0.106049
0.018106 0.004237 0.100118
0.013398 0.016286 0.102969
0.016180 0.012107 0.102372
0.016003 0.011407 0.099025
0.016410 0.009644 0.099158
0.016085 0.010855 0.099967
0.011990 0.016623 0.098926
0.017341 0.011390 0.106194
0.011430 0.017371 0.100385
0.016600 0.012151 0.104420
0.015964 0.011491 0.100416
0.016784 0.009699 0.101033
0.011627 0.017035 0.098854
0.014176 0.014745 0.096052
0.017401 0.013988 0.095503
0.017916 0.006060 0.098400
0.013546 0.015855 0.101024
0.017359 0.008759 0.102142
0.018110 0.004280 0.103450
0.017556 0.009844 0.104383
0.016696 0.011441 0.097187
0.016257 0.012469 0.103250
0.016420 0.013435 0.099566
0.016538 0.012500 0.104763
0.017039 0.011569 0.105215
0.013051 0.015528 0.097901
0.016963 0.011915 0.105567
0.017461 0.006298 0.103735
0.015861 0.013252 0.102217
0.014640 0.015184 0.100370
0.017471 0.006678 0.096097
0.016485 0.009606 0.094399
0.013265 0.015615 0.099005
0.014242 0.014505 0.095409
0.017701 0.009743 0.105901
0.017047 0.012792 0.098191
0.017927 0.005987 0.098623
0.015709 0.014694 0.100671
0.017641 0.013312 0.097116
0.017408 0.007683 0.103972
0.017690 0.010527 0.106561
0.011908 0.017080 0.101153
0.017903 0.004933 0.100056
0.018051 0.004221 0.101522
0.012928 0.015752 0.098310
0.017702 0.013398 0.094414
0.015874 0.015024 0.097633
0.014527 0.013848 0.094128
0.015811 0.013997 0.104707
0.016034 0.011537 0.101131
0.017945 0.012170 0.095684
0.015311 0.013249 0.093123
0.016347 0.013035 0.105174
0.013102 0.015435 0.097444
0.016106 0.008981 0.096598
0.017868 0.005751 0.099174
0.017820 0.006731 0.098008
0.012079 0.016589 0.099527
0.016086 0.010523 0.098909
0.017662 0.007568 0.099203
0.016094 0.013040 0.103590
0.012335 0.015765 0.096619
0.016642 0.007348 0.095613
0.014474 0.015198 0.099976
0.015694 0.013992 0.102437
0.014432 0.015622 0.102734
0.017097 0.011737 0.096580
0.015893 0.013760 0.104378
0.016485 0.013803 0.098209
0.017718 0.005241 0.101304
0.017578 0.013837 0.095263
0.018005 0.004549 0.099830
0.016728 0.013778 0.099153
0.016070 0.012701 0.099648
0.017955 0.004573 0.101846
0.017568 0.011072 0.106798
0.015387 0.014912 0.102671
0.017679 0.010565 0.106838
0.017772 0.006802 0.097742
0.016242 0.010445 0.100303
0.013417 0.014898 0.096023
0.017414 0.007444 0.103002
0.017781 0.012987 0.097014
0.017342 0.008767 0.102552
0.016151 0.011961 0.102030
0.017295 0.012995 0.097896
0.017645 0.005425 0.102471
0.014958 0.015245 0.103880
0.015480 0.014848 0.102882
0.016927 0.008600 0.098919
0.018043 0.013862 0.096685
0.017411 0.007231 0.103739
0.016183 0.014657 0.095961
0.017574 0.008881 0.104095
0.011621 0.017173 0.100283
0.014001 0.014500 0.095367
0.017717 0.011821 0.095536
0.016789 0.013655 0.095033
0.016582 0.012048 0.104154
0.015362 0.014741 0.100419
0.015062 0.015227 0.103258
0.014403 0.013580 0.093333
0.017719 0.013954 0.096149
0.011929 0.016574 0.098308
0.017475 0.006279 0.102304
0.011486 0.017522 0.101638
0.017687 0.005856 0.100630
0.017266 0.009551 0.102953
0.014222 0.013774 0.093816
0.017421 0.007457 0.104193
0.017549 0.011069 0.106517
0.015619 0.014552 0.101090
0.016620 0.007304 0.095251
0.016192 0.009792 0.098416
0.013452 0.014950 0.096309
0.017215 0.011683 0.106419
0.019131 0.013195 0.094302
0.016509 0.012640 0.098657
0.012885 0.015741 0.098192
0.012151 0.016750 0.100596
0.015034 0.015105 0.101454
0.017448 0.007293 0.104418
0.017522 0.006023 0.101852
0.016170 0.013386 0.093917
0.016581 0.010249 0.095178
0.016434 0.010462 0.095922
0.017458 0.007976 0.102142
0.017291 0.011168 0.105429
0.016342 0.012155 0.103102
0.015793 0.013490 0.093818
0.011221 0.017452 0.098988
0.015438 0.014808 0.099460
0.017891 0.006729 0.098902
0.017806 0.005813 0.099791
0.015189 0.014748 0.099204
0.017959 0.006120 0.097717
0.016046 0.013213 0.103718
0.017264 0.007772 0.098121
0.015409 0.014737 0.103082
0.016784 0.009699 0.101033
0.015207 0.014951 0.100741
0.016142 0.011289 0.101212
0.014015 0.015298 0.099432
0.016095 0.008528 0.095729
0.017086 0.011237 0.095828
0.017880 0.005503 0.099421
0.016857 0.010231 0.094582
0.013623 0.015562 0.099944
0.019051 0.012876 0.093983
0.016933 0.013065 0.098569
0.017389 0.007442 0.103441
0.015642 0.013791 0.094376
0.017168 0.010886 0.095256
0.016164 0.014371 0.099640
0.017613 0.010540 0.105519
0.016712 0.011117 0.096619
0.014887 0.015245 0.101640
0.016336 0.009743 0.095043
0.014857 0.014861 0.099017
0.016948 0.007296 0.096394
0.012067 0.016990 0.101646
0.017089 0.011704 0.105824
0.016139 0.009934 0.097516
0.017529 0.008293 0.100359
0.016274 0.014806 0.096787
0.016172 0.014402 0.100472
0.016127 0.012581 0.102883
0.017760 0.007388 0.099273
0.017605 0.006771 0.100962
0.014700 0.014938 0.098669
0.016029 0.014643 0.095576
0.017765 0.012862 0.093243
0.016376 0.009680 0.098890
0.015100 0.014938 0.100402
0.016279 0.009950 0.098774
0.016830 0.011090 0.096017
0.018307 0.004445 0.096631
0.016052 0.009702 0.096350
0.016519 0.012477 0.098460
0.014040 0.015504 0.100962
0.017849 0.006651 0.097096
0.016862 0.011140 0.103919
0.016143 0.009531 0.097689
0.017318 0.011234 0.105739
0.015732 0.013162 0.092894
0.016993 0.007864 0.097733
0.013788 0.014515 0.095293
0.017183 0.008661 0.099773
0.017713 0.007172 0.100185
0.017577 0.006301 0.104541
0.017563 0.010931 0.106335
0.014085 0.015614 0.101362
0.018804 0.013290 0.095401
0.012725 0.016392 0.100868
0.017511 0.009353 0.103354
0.018169 0.005110 0.096482
0.018351 0.013347 0.094422
0.017307 0.013996 0.096087
0.014997 0.015321 0.102821
0.016838 0.013289 0.099077
0.015923 0.012792 0.102079
0.014296 0.014950 0.096893
0.017419 0.007006 0.103143
0.017901 0.006401 0.098645
0.017705 0.007339 0.098903
0.015204 0.015083 0.102016
0.011672 0.017383 0.101582
0.016148 0.009675 0.098099
0.013791 0.015085 0.097534
0.017925 0.005163 0.099238
0.016333 0.007957 0.095552
0.015126 0.014866 0.099632
0.018131 0.004934 0.097689
0.016735 0.012046 0.097832
0.015968 0.011608 0.100851
0.017857 0.006632 0.097348
0.018153 0.005074 0.096271
0.018118 0.004206 0.100396
0.016745 0.011606 0.103935
0.016399 0.011529 0.097801
0.017548 0.006689 0.105015
0.017185 0.008583 0.099604
0.012287 0.016035 0.097551
0.018949 0.012495 0.093851
0.015981 0.011231 0.099759
0.017588 0.009849 0.104801
0.018111 0.005150 0.097530
0.013545 0.016035 0.101875
0.018638 0.012825 0.093511
0.011201 0.017465 0.098720
0.016267 0.008369 0.096294
0.017649 0.008902 0.106338
0.016057 0.013016 0.103338
0.018469 0.013197 0.096001
0.014309 0.015043 0.097702
0.017222 0.011254 0.095566
0.016521 0.008436 0.097630
0.017175 0.008972 0.100915
0.018094 0.004591 0.098577
0.016974 0.012240 0.097607
0.013906 0.016021 0.103197
0.017564 0.008427 0.105106
0.018866 0.012935 0.094949
0.016957 0.011314 0.104348
0.016667 0.011358 0.103354
0.017416 0.008532 0.101370
0.016193 0.009986 0.098508
0.014492 0.013612 0.093611
0.017049 0.007620 0.097216
0.019051 0.012876 0.093983
0.012883 0.016239 0.100637
0.017146 0.012118 0.096992
0.017764 0.006464 0.099480
0.014463 0.015219 0.100189
0.015976 0.013655 0.104746
0.017682 0.005447 0.103033
0.015808 0.013675 0.103095
0.015944 0.012063 0.100122
0.017298 0.013249 0.098035
0.012435 0.016137 0.098604
0.015719 0.014007 0.101700
0.016083 0.009480 0.095379
0.015699 0.014316 0.102484
0.017643 0.008678 0.105109
0.017467 0.007665 0.104386
0.017617 0.010624 0.093974
0.017607 0.008998 0.104369
0.016736 0.013317 0.094143
0.018065 0.005164 0.097997
0.016945 0.009186 0.100215
0.016110 0.009672 0.097517
0.017921 0.012568 0.096306
0.017329 0.007250 0.096953
0.015832 0.012931 0.100869
0.017628 0.008756 0.104475
0.011897 0.017121 0.101451
0.012811 0.015639 0.097465
0.017846 0.006079 0.095956
0.017496 0.011497 0.095403
0.013655 0.014665 0.095526
0.017219 0.010100 0.103590
0.016173 0.013445 0.100072
0.017040 0.013287 0.094167
0.018305 0.012535 0.095542
0.017543 0.006434 0.104394
0.017037 0.010402 0.103487
0.016577 0.014137 0.096714
0.015714 0.014679 0.100159
0.013127 0.016458 0.102832
0.015973 0.012346 0.099360
0.015990 0.014973 0.096862
0.012694 0.016024 0.099227
0.017688 0.005500 0.103327
0.015744 0.014001 0.102659
0.016206 0.010943 0.100906
0.017529 0.007710 0.105804
0.017062 0.008936 0.100055
0.015827 0.013057 0.101276
0.016602 0.010921 0.102246
0.015302 0.015002 0.102546
0.018079 0.005331 0.096804
0.016499 0.009283 0.098953
0.016772 0.008538 0.098450
0.016749 0.008044 0.097475
0.015887 0.014899 0.096291
0.016862 0.009539 0.100851
0.016434 0.014500 0.096900
0.016071 0.012472 0.099014
0.016548 0.014390 0.096212
0.017656 0.005998 0.100889
0.016153 0.014946 0.097071
0.011950 0.016735 0.099650
0.016775 0.011697 0.097228
0.015115 0.015020 0.100536
0.017468 0.007981 0.104402
0.016842 0.013935 0.096622
0.017299 0.007577 0.097869
