0.088378 0.066899 0.233910
0.088349 0.066700 0.233776
0.088144 0.067036 0.233917
0.094634 0.073456 0.239051
0.085063 0.068897 0.234722
0.083047 0.072096 0.235807
0.082982 0.072758 0.236325
0.082806 0.071774 0.235609
0.094744 0.070218 0.237944
0.083268 0.071992 0.235780
0.084897 0.069341 0.235088
0.093366 0.075989 0.240378
0.083039 0.071067 0.235398
0.091826 0.077196 0.240401
0.094811 0.072738 0.238668
0.092275 0.076812 0.240368
0.082848 0.072069 0.235788
0.083129 0.073029 0.236576
0.086953 0.067918 0.233909
0.094528 0.071088 0.238282
0.083229 0.072287 0.235953
0.082788 0.071382 0.235459
0.094772 0.070543 0.238204
0.094744 0.071345 0.238355
0.088522 0.067071 0.234059
0.094547 0.072312 0.238317
0.094566 0.070408 0.238123
0.094653 0.073728 0.239210
0.094541 0.070806 0.238278
0.083240 0.070811 0.235366
0.087232 0.067308 0.233682
0.085031 0.068981 0.234783
0.094811 0.073113 0.238899
0.092723 0.076361 0.240363
0.092502 0.076603 0.240369
0.088045 0.066760 0.233751
0.082836 0.072266 0.235926
0.086529 0.067973 0.233940
0.094845 0.071076 0.238395
0.088623 0.066812 0.233929
0.083288 0.070611 0.235283
0.084810 0.069196 0.234963
0.085824 0.068601 0.234436
0.083223 0.072867 0.236417
0.083034 0.072514 0.236116
0.094794 0.071652 0.238376
0.087775 0.066679 0.233621
0.093723 0.075852 0.240423
0.093063 0.076150 0.240419
0.088697 0.066874 0.234028
0.094510 0.070574 0.238216
0.082943 0.071955 0.235717
0.086672 0.067803 0.233860
