0.092712 0.033860 0.244361
0.093100 0.033110 0.234638
0.095948 0.039152 0.233805
0.096473 0.039763 0.233526
0.093856 0.035229 0.233975
0.094611 0.036300 0.238425
0.093352 0.033560 0.235676
0.094834 0.038265 0.232797
0.096402 0.039546 0.236723
0.092132 0.031755 0.234557
0.094445 0.035872 0.237699
0.094577 0.036277 0.242547
0.096585 0.039966 0.239559
0.096783 0.039914 0.236149
0.095856 0.039106 0.238148
0.092309 0.031987 0.233478
0.094329 0.035339 0.236491
0.092770 0.033220 0.237175
0.092627 0.032940 0.242129
0.092313 0.032028 0.234869
0.093848 0.035194 0.242369
0.097415 0.040723 0.234441
0.096808 0.040426 0.241161
0.096787 0.040488 0.241903
0.093402 0.033879 0.237305
0.094843 0.037942 0.237195
0.094931 0.037789 0.238158
0.091575 0.030975 0.236425
0.094940 0.036904 0.243187
0.092858 0.033224 0.236425
0.093403 0.033673 0.236006
0.097382 0.040778 0.235795
0.092760 0.032563 0.233481
0.092681 0.032691 0.235061
0.093398 0.034224 0.242148
0.091457 0.030444 0.234844
0.094016 0.035221 0.240672
0.090875 0.030044 0.237658
0.094054 0.035383 0.241597
0.095667 0.039013 0.243425
0.095065 0.036996 0.242957
0.091042 0.030711 0.240842
0.094892 0.037425 0.238348
0.097053 0.040293 0.234072
0.094483 0.038065 0.234542
0.090472 0.029979 0.239956
0.095393 0.037470 0.241792
0.095857 0.039150 0.241134
0.092267 0.032378 0.236821
0.093382 0.034168 0.240728
0.093507 0.034448 0.239924
0.092109 0.031933 0.238234
0.095040 0.038473 0.235994
0.097472 0.041375 0.241352
0.093758 0.034870 0.241038
0.092075 0.031995 0.237257
0.095645 0.038676 0.242524
0.094514 0.038166 0.231840
0.092084 0.031690 0.235180
0.092412 0.032585 0.241705
0.095474 0.038778 0.233167
0.092988 0.033657 0.240085
0.091693 0.031210 0.237047
0.095556 0.038355 0.243617
0.094644 0.036388 0.238759
0.092975 0.033767 0.239275
0.095795 0.038944 0.234012
0.092953 0.034009 0.244017
0.094004 0.036096 0.233979
0.097068 0.040802 0.241393
0.094381 0.037854 0.245662
0.096871 0.040293 0.238956
0.097626 0.041418 0.237492
0.096534 0.040023 0.240850
0.094371 0.036044 0.242382
0.091976 0.032277 0.242541
0.094047 0.034573 0.237125
0.096240 0.039457 0.237271
0.096208 0.039304 0.236091
0.091863 0.031050 0.233978
0.091947 0.031789 0.239406
0.091753 0.031163 0.235399
0.094446 0.035688 0.238148
0.092530 0.032280 0.233464
0.094693 0.038084 0.236293
0.093566 0.036642 0.232136
0.096101 0.039952 0.242759
0.094986 0.037714 0.238332
0.095518 0.039514 0.244327
0.097026 0.040365 0.238230
0.092899 0.033625 0.239445
0.093906 0.035092 0.240816
0.097793 0.041363 0.235361
0.094210 0.036125 0.235069
0.092836 0.033286 0.240837
0.094648 0.037265 0.237977
0.093169 0.034409 0.243978
0.091405 0.030931 0.238239
0.094083 0.035431 0.234980
0.093185 0.033787 0.242122
0.093540 0.034701 0.232890
0.094928 0.038417 0.236564
0.091644 0.031195 0.237823
0.092041 0.032030 0.240971
0.094420 0.038082 0.233133
0.094604 0.036611 0.243266
0.094914 0.037115 0.238823
0.094275 0.038044 0.233423
0.096865 0.040322 0.239288
0.097248 0.040726 0.236677
0.094629 0.036175 0.238974
0.093830 0.034532 0.234650
0.095206 0.038169 0.239165
0.095563 0.038119 0.242910
0.093676 0.034619 0.233362
0.095310 0.037373 0.243117
0.096718 0.040230 0.240655
0.094173 0.037004 0.235084
0.093723 0.036090 0.244927
0.095406 0.037582 0.242912
0.094912 0.038132 0.237234
0.093718 0.034464 0.238963
0.092152 0.031687 0.233562
0.090898 0.030105 0.237745
0.094934 0.037357 0.244061
0.093300 0.034671 0.243970
0.093736 0.034738 0.240262
0.096756 0.041007 0.242716
0.092943 0.033422 0.237071
0.091020 0.030163 0.239357
0.096519 0.040545 0.242377
0.094135 0.036811 0.234876
0.096935 0.041195 0.242748
0.094833 0.038218 0.235133
0.093880 0.036567 0.233301
0.094279 0.035101 0.237841
0.093347 0.034122 0.240456
0.093867 0.034497 0.238585
0.094627 0.036025 0.241327
0.094595 0.036920 0.237601
0.095958 0.039229 0.233236
0.091865 0.031060 0.233734
0.093890 0.034360 0.237242
0.092046 0.031635 0.234960
0.097661 0.041091 0.234996
0.091400 0.030878 0.239549
0.092601 0.032951 0.237808
0.094607 0.037252 0.237445
0.094032 0.037456 0.234002
0.093550 0.034135 0.233421
0.096398 0.040613 0.242751
0.094738 0.036550 0.242741
0.095451 0.039248 0.244516
0.095660 0.038737 0.235626
0.093702 0.034097 0.235325
0.095668 0.038764 0.235913
0.094997 0.036846 0.239729
0.093270 0.034148 0.239305
0.093112 0.033482 0.236466
0.095699 0.038916 0.236762
0.093622 0.034659 0.233058
0.093849 0.035422 0.243472
0.093318 0.033882 0.237596
0.093634 0.034219 0.233698
0.094824 0.037655 0.238056
0.096293 0.039708 0.240675
0.094508 0.035837 0.241105
0.095565 0.038304 0.243453
0.093802 0.036392 0.245034
0.095941 0.039045 0.234355
0.096193 0.039313 0.234367
0.093897 0.034940 0.239891
0.095655 0.038898 0.242203
0.094258 0.037746 0.234385
0.095671 0.038762 0.242808
0.095329 0.037332 0.242480
0.096648 0.039871 0.237687
0.093357 0.034323 0.241205
0.094809 0.036149 0.240909
0.092802 0.033351 0.238590
0.091988 0.031741 0.238055
0.091754 0.031391 0.236258
0.094062 0.035712 0.234746
0.091292 0.030701 0.237545
0.095621 0.038815 0.240241
0.093972 0.035569 0.243144
0.094624 0.037435 0.237147
0.093008 0.033811 0.243568
0.094076 0.035467 0.241784
0.092014 0.032544 0.242935
0.093790 0.035077 0.242207
0.091081 0.030523 0.240321
0.093323 0.035468 0.245051
0.093481 0.033797 0.236275
0.094183 0.035356 0.235465
0.095937 0.039238 0.233070
0.091187 0.030521 0.240029
0.096275 0.039577 0.239005
0.091132 0.030375 0.239807
0.093714 0.034737 0.239948
0.094732 0.037895 0.236700
0.095400 0.038721 0.237524
0.093167 0.033045 0.233534
0.093699 0.036927 0.233051
0.095206 0.038329 0.238304
0.093404 0.034298 0.241852
0.091779 0.031411 0.236898
0.090963 0.030224 0.238120
0.094425 0.035413 0.238421
0.097526 0.040869 0.234945
0.094095 0.035388 0.241140
0.095740 0.039039 0.233211
0.093047 0.033611 0.242817
0.091431 0.030981 0.239043
0.096505 0.039737 0.237846
0.091365 0.031436 0.241835
0.094016 0.036497 0.244708
0.094014 0.037190 0.245709
0.093780 0.035258 0.233468
0.094113 0.036548 0.234677
0.093379 0.033729 0.236558
0.096191 0.039227 0.234961
0.094282 0.035727 0.241689
0.093782 0.034328 0.237880
0.096668 0.039803 0.234823
0.097674 0.041195 0.235578
0.094915 0.038083 0.237785
0.095894 0.039689 0.243020
0.094219 0.037779 0.234532
0.096411 0.039460 0.235588
0.092350 0.032489 0.240931
0.095432 0.038598 0.235713
0.093684 0.034525 0.233624
0.097256 0.040868 0.240065
0.092503 0.032725 0.240978
0.093386 0.034200 0.242556
0.094098 0.035519 0.241770
0.091982 0.031886 0.236800
0.092891 0.033436 0.237738
0.097362 0.040804 0.237697
0.094185 0.034856 0.238388
0.095305 0.037270 0.241031
0.097358 0.040917 0.236794
0.093710 0.035016 0.243255
0.094876 0.036305 0.239819
0.091956 0.032043 0.241765
0.093409 0.034429 0.243286
0.095984 0.039011 0.234956
0.095544 0.038055 0.242725
0.094275 0.035112 0.237299
0.093905 0.034523 0.235204
0.095623 0.039055 0.243729
0.094244 0.037185 0.235527
0.095845 0.039118 0.240974
0.096490 0.039608 0.236444
0.094541 0.038161 0.233325
0.095588 0.038494 0.243576
0.095804 0.039105 0.241683
0.096210 0.039777 0.241453
0.095422 0.038053 0.240231
0.096680 0.040011 0.238543
0.094129 0.037955 0.232954
0.093762 0.035624 0.233275
0.093327 0.033975 0.237961
0.094262 0.035132 0.237008
0.094504 0.037697 0.236287
0.093859 0.034726 0.239390
0.096249 0.039335 0.234652
0.093331 0.035903 0.245555
0.093462 0.034097 0.237959
0.094333 0.035466 0.236838
0.094821 0.038226 0.234897
0.095235 0.037753 0.243972
0.093525 0.035737 0.245010
0.090790 0.029810 0.237909
0.093466 0.033895 0.237092
0.095843 0.039129 0.237820
0.096098 0.039270 0.234058
0.092027 0.031618 0.235297
0.091997 0.031783 0.237441
0.093876 0.035476 0.233849
0.094778 0.037768 0.237660
0.095183 0.037434 0.239852
0.094660 0.037600 0.237458
0.095580 0.038663 0.235373
0.095457 0.037939 0.241429
0.094816 0.038339 0.236147
0.094952 0.038327 0.232839
0.096412 0.039722 0.238882
0.094553 0.036222 0.238109
0.096660 0.040299 0.241883
0.091569 0.030974 0.236826
0.093635 0.036884 0.232411
0.095195 0.037179 0.243078
0.094293 0.035215 0.237121
0.096000 0.040024 0.243045
0.096557 0.039742 0.236768
0.095847 0.039166 0.240311
0.097244 0.040515 0.234133
0.092515 0.032784 0.238033
0.093786 0.034377 0.238233
0.096075 0.040468 0.243346
0.092849 0.033298 0.241189
0.093202 0.034084 0.239333
0.097363 0.040999 0.239962
0.093425 0.036465 0.246004
0.093908 0.036427 0.244908
0.093000 0.032853 0.233683
0.094790 0.036307 0.239437
0.093590 0.035321 0.244117
0.092392 0.032159 0.233752
0.092362 0.032570 0.242088
0.094370 0.036353 0.235773
0.097490 0.041099 0.237661
0.095628 0.039873 0.243990
0.091649 0.030772 0.234738
0.092050 0.031997 0.239724
0.097237 0.040946 0.240775
0.095104 0.037766 0.238677
0.093473 0.033670 0.235155
0.094374 0.038005 0.233967
0.095089 0.036725 0.241270
0.094110 0.037503 0.234806
0.091553 0.030925 0.236185
0.094640 0.035999 0.238979
0.095761 0.039182 0.243082
0.093159 0.033908 0.240192
0.096394 0.039624 0.237276
0.097295 0.040667 0.237331
0.093604 0.037489 0.232116
0.097223 0.040620 0.238304
0.092866 0.032926 0.235150
0.092178 0.032389 0.242243
0.097278 0.040949 0.240370
0.091881 0.031770 0.240325
0.092237 0.031914 0.234324
0.091963 0.031838 0.236298
0.097129 0.040696 0.240044
0.093609 0.034714 0.241871
0.094073 0.037246 0.245598
0.094614 0.038198 0.232733
0.094371 0.037740 0.235684
0.093018 0.033467 0.236752
0.095322 0.038511 0.235231
0.091432 0.030651 0.235939
0.094128 0.035483 0.241532
0.094000 0.035290 0.241449
0.093918 0.036018 0.244238
0.094693 0.035878 0.240237
0.094451 0.038152 0.231628
0.093095 0.033671 0.241863
0.092087 0.031557 0.233617
0.096865 0.039998 0.235165
0.094094 0.036024 0.234590
0.091791 0.031415 0.237059
0.096254 0.039674 0.233060
0.094775 0.038210 0.232991
0.095330 0.037737 0.240124
0.093464 0.035371 0.244563
0.092972 0.033144 0.235785
0.094382 0.035479 0.240201
0.094613 0.036985 0.237760
0.092385 0.032556 0.237049
0.092534 0.032860 0.238346
0.094748 0.037123 0.238246
0.092991 0.032809 0.233356
0.095583 0.038846 0.237260
0.095262 0.038471 0.233984
0.095241 0.038397 0.239101
0.093589 0.033937 0.236478
0.092122 0.031990 0.235578
0.093488 0.035430 0.244667
0.097160 0.040410 0.235343
0.093804 0.034632 0.234289
0.095722 0.039052 0.242587
0.093712 0.037165 0.232673
0.092681 0.032642 0.234406
0.096132 0.039438 0.239209
0.095038 0.038231 0.244827
0.092640 0.033042 0.237421
0.092123 0.031987 0.239014
0.094324 0.038045 0.234943
0.091012 0.030318 0.240051
0.093357 0.035317 0.244841
0.093567 0.033877 0.235244
0.092858 0.033327 0.242670
0.094017 0.038000 0.232615
0.095150 0.037464 0.239643
0.094491 0.036462 0.236605
0.094547 0.037747 0.245072
0.092358 0.032414 0.235664
0.097919 0.041567 0.235513
0.091772 0.031368 0.237616
0.094771 0.037775 0.237828
0.094057 0.036782 0.234594
0.094575 0.037907 0.236139
0.093686 0.036281 0.232713
0.091578 0.031258 0.240162
0.093925 0.037700 0.232870
0.096208 0.040160 0.242712
0.093029 0.033735 0.243338
0.093888 0.035160 0.241750
0.092783 0.033182 0.236747
0.095574 0.038804 0.238513
0.094472 0.035628 0.240394
0.094778 0.037745 0.237303
0.094618 0.035906 0.240888
0.093946 0.035183 0.241178
0.091000 0.030207 0.238455
0.093575 0.034617 0.242721
0.093445 0.033542 0.233891
0.093793 0.034199 0.236797
0.093567 0.034844 0.243429
0.095616 0.038880 0.238673
0.092676 0.033482 0.243811
0.095448 0.038021 0.241085
0.091944 0.031666 0.238314
0.093679 0.035595 0.232764
0.094455 0.036641 0.243752
0.093795 0.035659 0.244048
0.095453 0.038248 0.240073
0.096180 0.040404 0.243012
0.091631 0.031018 0.235499
0.095527 0.038714 0.233831
0.093560 0.034597 0.241110
0.092960 0.034223 0.244244
0.095154 0.038652 0.244941
0.092481 0.032292 0.233974
0.094073 0.037606 0.234243
0.096101 0.039402 0.233259
0.095097 0.037168 0.239794
0.094305 0.037030 0.235948
0.093821 0.035817 0.233139
0.091228 0.030695 0.238121
0.094457 0.035840 0.241297
0.094912 0.036279 0.240444
0.092842 0.032942 0.235004
0.094474 0.035897 0.238029
0.093322 0.034275 0.232623
0.093226 0.033887 0.242676
0.095425 0.038006 0.240408
0.094925 0.038267 0.234975
0.094704 0.036554 0.238866
0.091546 0.031254 0.240634
0.094001 0.034558 0.237922
0.093889 0.035203 0.241939
0.095404 0.039093 0.244603
0.092815 0.033312 0.240078
0.093359 0.034094 0.238569
0.093758 0.037466 0.233197
0.097296 0.040655 0.235789
0.094547 0.036336 0.237844
0.094529 0.035960 0.238355
0.094305 0.035099 0.238221
0.095593 0.038435 0.242473
0.095921 0.039455 0.242272
0.095151 0.037784 0.239190
0.096038 0.039512 0.241924
0.092233 0.032388 0.236476
0.093571 0.033716 0.234556
0.097592 0.040939 0.234667
0.095029 0.037276 0.243797
0.096156 0.039583 0.240256
0.095605 0.038737 0.241893
0.094140 0.035139 0.239794
0.092423 0.032559 0.239321
0.096604 0.040371 0.242101
0.093440 0.034099 0.238121
0.095215 0.038484 0.235464
0.092736 0.033218 0.237714
0.094324 0.035624 0.235942
0.097763 0.041399 0.238285
0.093817 0.035506 0.233655
0.095714 0.038923 0.240545
0.094228 0.035243 0.235800
0.093608 0.034345 0.233445
0.094387 0.035708 0.236328
0.096115 0.039155 0.235820
0.093998 0.035845 0.234056
0.092669 0.033324 0.243466
0.096196 0.039421 0.238312
0.093118 0.033680 0.237467
0.095328 0.037277 0.242022
0.094868 0.038300 0.234527
0.091938 0.032079 0.242166
0.091320 0.030722 0.237415
0.095498 0.037934 0.243261
0.093621 0.035857 0.232547
0.096185 0.039847 0.241329
0.093676 0.034670 0.240759
0.095287 0.038030 0.239635
0.095687 0.038820 0.234284
0.095459 0.038123 0.240446
0.095045 0.036564 0.240405
0.093220 0.033501 0.236254
0.095419 0.038591 0.234212
0.094532 0.037133 0.244382
0.094843 0.036779 0.239149
0.091406 0.030704 0.236544
0.096256 0.039515 0.238771
0.092803 0.033162 0.236421
0.093839 0.037887 0.231852
0.092109 0.032106 0.240341
0.095860 0.038887 0.235639
0.097430 0.041012 0.239480
0.097278 0.041025 0.240945
0.093688 0.035976 0.232709
0.092003 0.031743 0.238529
0.097770 0.041203 0.234673
0.094174 0.035336 0.240421
0.094601 0.036031 0.238698
0.093279 0.034091 0.241649
0.095452 0.038000 0.243610
0.093613 0.037218 0.232164
0.095665 0.038786 0.243085
0.093618 0.034589 0.239637
0.093506 0.034460 0.242490
0.092896 0.033550 0.239903
0.093929 0.034996 0.240064
0.094711 0.038309 0.231704
0.096254 0.039367 0.236314
0.094989 0.036945 0.239542
0.095122 0.038575 0.232461
0.093596 0.033836 0.234996
0.093025 0.033258 0.236081
0.095278 0.037382 0.243315
0.095427 0.038965 0.232209
0.094729 0.036200 0.241549
0.093426 0.034355 0.239553
0.094361 0.035191 0.238936
0.097839 0.041437 0.235559
0.092654 0.032956 0.241671
0.094345 0.036139 0.243094
0.095401 0.037638 0.241183
0.092965 0.033112 0.235602
0.095330 0.037324 0.241200
0.095866 0.039192 0.239614
0.092257 0.032371 0.241719
0.097637 0.041136 0.238377
0.095861 0.039938 0.243318
0.095528 0.038644 0.235854
0.095677 0.039392 0.243662
0.096492 0.039824 0.233281
0.094114 0.035751 0.242897
0.095013 0.038428 0.237564
0.094231 0.036639 0.235181
0.091683 0.031358 0.239542
0.096874 0.040021 0.235785
0.094958 0.038348 0.237260
0.091712 0.031519 0.240936
0.097705 0.041279 0.238911
0.094738 0.036754 0.238508
0.096930 0.040503 0.240534
0.095393 0.038658 0.239534
0.094806 0.037016 0.238464
0.095727 0.039058 0.238992
0.097531 0.041498 0.236896
0.092775 0.033185 0.236960
0.094546 0.036476 0.237179
0.091014 0.030749 0.240964
0.095457 0.038875 0.239388
0.093747 0.034153 0.235955
0.093997 0.035443 0.242232
0.092203 0.031824 0.233818
0.094352 0.035565 0.240665
0.093617 0.037115 0.232376
0.095582 0.038428 0.240764
0.094974 0.036418 0.240186
0.094065 0.034627 0.237337
0.091822 0.031523 0.235998
0.096920 0.040087 0.236121
0.096063 0.039076 0.235423
0.097186 0.040414 0.234859
0.092540 0.032686 0.235718
0.095430 0.038719 0.236564
0.094296 0.036492 0.235475
0.093903 0.034905 0.234676
0.095780 0.039201 0.242880
0.093866 0.034304 0.236245
0.094421 0.037421 0.244972
0.096425 0.039764 0.239090
0.094515 0.035697 0.238528
0.095752 0.038929 0.233785
0.092344 0.032735 0.242754
0.094144 0.035376 0.240701
0.095486 0.037841 0.242445
0.096751 0.040605 0.242090
0.094181 0.034909 0.238815
0.097463 0.041115 0.236626
0.094659 0.037615 0.237026
0.094098 0.034623 0.236440
0.092267 0.032256 0.239243
0.094792 0.038158 0.236508
0.093165 0.036599 0.246555
0.093471 0.034811 0.232706
0.097627 0.041290 0.236280
0.096400 0.039800 0.240389
0.094316 0.035394 0.236164
0.093671 0.034092 0.237119
0.092304 0.032403 0.237380
0.095507 0.038603 0.240064
0.091387 0.030517 0.235616
0.094691 0.036052 0.239227
0.093494 0.036694 0.246189
0.094218 0.034889 0.236623
0.094705 0.037570 0.237903
0.094872 0.038093 0.236962
0.096761 0.040068 0.233530
0.094302 0.036087 0.242945
0.093898 0.034623 0.234995
0.096241 0.040137 0.242593
0.092900 0.033363 0.242420
0.094697 0.038273 0.231964
0.094482 0.037599 0.236421
0.094326 0.035780 0.241607
0.096446 0.040871 0.243092
0.092881 0.032922 0.234803
0.094872 0.038446 0.231703
0.097716 0.041296 0.235889
0.095552 0.039212 0.244087
0.095389 0.038678 0.236816
0.097265 0.040765 0.239175
0.091471 0.030829 0.236804
0.093936 0.036508 0.233880
0.092819 0.032994 0.235803
0.094106 0.036256 0.234541
0.095466 0.037755 0.242720
0.095658 0.038744 0.241260
0.097032 0.040189 0.235025
0.096271 0.039524 0.238613
0.095536 0.038595 0.243870
0.095068 0.038375 0.235339
0.091802 0.031463 0.235855
0.091172 0.030522 0.238679
0.095152 0.038352 0.244741
0.091645 0.031140 0.237430
0.097620 0.041198 0.235751
0.094098 0.034973 0.239415
0.092995 0.033065 0.235313
0.093591 0.034293 0.238617
0.094386 0.036286 0.243312
0.092547 0.032800 0.241905
0.091167 0.030392 0.239148
0.097058 0.040512 0.238946
0.092398 0.032184 0.234223
0.091819 0.031266 0.235398
0.092786 0.033339 0.237440
0.090891 0.029959 0.238603
0.094786 0.037809 0.237486
0.095175 0.036882 0.240733
0.091927 0.031800 0.239922
0.095066 0.037468 0.239047
0.093593 0.035834 0.244942
0.094561 0.036857 0.237256
0.092579 0.032891 0.236595
0.093521 0.037168 0.231988
0.094351 0.035395 0.237188
0.092920 0.033176 0.236147
0.095641 0.038891 0.237003
0.094256 0.037539 0.235014
0.094236 0.036055 0.243298
0.093153 0.033825 0.241647
0.096419 0.040779 0.242994
0.092470 0.032305 0.235105
0.094984 0.038309 0.234219
0.092998 0.033723 0.238733
0.092725 0.033220 0.239350
0.093564 0.034529 0.239955
0.097048 0.040247 0.234338
0.095938 0.039349 0.232712
0.094152 0.036840 0.244866
0.094272 0.035137 0.236787
0.094060 0.036689 0.244896
0.095566 0.038438 0.242189
0.092414 0.032551 0.240564
0.091824 0.031531 0.236253
0.094752 0.036566 0.239039
0.093671 0.033942 0.234735
0.093794 0.034231 0.235349
0.093844 0.036881 0.233354
0.096505 0.039747 0.238193
0.096351 0.039725 0.240127
0.092580 0.032414 0.234283
0.096630 0.039792 0.234575
0.094066 0.035657 0.242681
0.091415 0.030448 0.235078
0.094000 0.034511 0.236239
0.095228 0.038236 0.238511
0.096565 0.039750 0.233864
0.097478 0.040882 0.235519
0.093394 0.034262 0.242929
0.094745 0.036093 0.241060
0.092246 0.032286 0.237521
0.097276 0.040806 0.239400
0.094857 0.038458 0.231576
0.095367 0.038642 0.238265
0.094379 0.036723 0.244013
0.093297 0.036535 0.246293
0.092092 0.032005 0.239449
0.091759 0.031596 0.240600
0.094269 0.036757 0.235684
0.095250 0.037728 0.239739
0.095681 0.038982 0.238051
0.093718 0.034862 0.241539
0.093933 0.035803 0.233772
0.093630 0.034765 0.242393
0.092562 0.032876 0.239260
0.094268 0.037319 0.235632
0.091641 0.030759 0.234529
0.097204 0.041418 0.242360
0.091556 0.031140 0.239290
0.094047 0.034690 0.238613
0.092556 0.032849 0.236851
0.092929 0.033292 0.236464
0.093996 0.037388 0.246129
0.092987 0.033644 0.238366
0.094632 0.037002 0.244030
0.093726 0.035245 0.233267
0.093494 0.033845 0.233323
0.091707 0.031169 0.235677
0.094006 0.037852 0.233397
0.094925 0.038471 0.231894
0.097119 0.040442 0.237438
0.092701 0.033049 0.240962
0.095108 0.036775 0.240288
0.097478 0.040981 0.238885
0.094386 0.037408 0.236321
0.092416 0.032576 0.237777
0.094752 0.038026 0.245031
0.095537 0.038955 0.239253
0.091085 0.030282 0.236195
0.095380 0.037497 0.242639
0.096950 0.041162 0.242549
0.095727 0.040044 0.243796
0.097309 0.040802 0.237091
0.096674 0.039812 0.236416
0.092115 0.031999 0.237732
0.097487 0.041209 0.237235
0.095147 0.038482 0.237946
0.093560 0.033864 0.235505
0.092741 0.033217 0.239768
0.096361 0.039412 0.235102
0.095973 0.039232 0.237948
0.094189 0.034872 0.237073
0.093804 0.037495 0.232534
0.096350 0.039606 0.238421
0.092682 0.033963 0.244551
0.094211 0.036855 0.244720
0.093873 0.037586 0.232704
0.094073 0.035627 0.242153
0.095067 0.037148 0.243477
0.091458 0.031019 0.238511
0.094533 0.036737 0.236945
0.097138 0.040605 0.238601
0.095250 0.038737 0.232332
0.091858 0.031824 0.241557
0.091253 0.030703 0.238560
0.096125 0.039466 0.232986
0.093448 0.034319 0.240264
0.093150 0.034530 0.244180
0.094151 0.035790 0.242695
0.093742 0.035475 0.233081
0.095556 0.038879 0.243934
0.095236 0.038648 0.232617
0.095234 0.037052 0.240877
0.095108 0.036925 0.242217
0.092154 0.032155 0.239956
0.094434 0.037609 0.245149
0.092237 0.032251 0.235727
0.095540 0.038504 0.241955
0.091819 0.031284 0.235335
0.095289 0.038298 0.244447
0.092185 0.032268 0.241162
0.095694 0.038869 0.236431
0.094002 0.035064 0.234953
0.092402 0.032514 0.238966
0.090642 0.029745 0.239193
0.095617 0.038538 0.240987
0.093963 0.035710 0.233961
0.093469 0.034423 0.239782
0.091064 0.030255 0.238830
0.094511 0.037177 0.236775
0.095300 0.038566 0.233415
0.095275 0.037199 0.242282
0.094107 0.037629 0.234380
0.092754 0.032802 0.234604
0.093943 0.034393 0.236475
0.093687 0.035414 0.232871
0.092152 0.032196 0.236105
0.094036 0.035829 0.243594
0.093956 0.035840 0.243879
0.095806 0.039046 0.233494
0.092354 0.032520 0.236284
0.096637 0.040034 0.239942
0.092306 0.032461 0.236690
0.095161 0.038458 0.233098
0.097191 0.040414 0.235183
0.093782 0.035154 0.233666
0.097294 0.040754 0.236416
0.094705 0.036340 0.239090
0.091726 0.031568 0.241257
0.093634 0.036491 0.232461
0.093997 0.036730 0.234379
0.095089 0.037404 0.239341
0.091625 0.031125 0.236085
0.096757 0.039880 0.235027
0.096949 0.041141 0.242451
0.092125 0.032137 0.236831
0.095478 0.038614 0.234608
0.095279 0.037379 0.240421
0.094264 0.035628 0.235566
0.094616 0.037266 0.237627
0.095816 0.039181 0.241902
0.092156 0.032000 0.238571
0.095891 0.038984 0.236142
0.095615 0.038587 0.240620
0.096220 0.039350 0.236612
0.093080 0.035621 0.245592
0.093445 0.033580 0.233231
0.093536 0.036459 0.245782
0.094425 0.036082 0.242542
0.094667 0.036517 0.238467
0.093894 0.034974 0.240322
0.093763 0.034283 0.234918
0.097411 0.040740 0.234701
0.092110 0.031659 0.234351
0.094778 0.038233 0.233432
0.091070 0.030466 0.237845
0.093800 0.034310 0.235126
0.094342 0.037575 0.235433
0.094440 0.035497 0.239974
0.096781 0.040014 0.233743
0.092371 0.032123 0.234474
0.094039 0.036823 0.245118
0.093513 0.034362 0.239192
0.095540 0.038354 0.241322
0.093912 0.034388 0.235910
0.091166 0.030526 0.237024
0.096469 0.039771 0.238662
0.091450 0.031034 0.240341
0.092135 0.032140 0.237069
0.092567 0.032887 0.237639
0.093792 0.037351 0.232633
0.095440 0.037934 0.241105
0.093895 0.037628 0.233485
0.094137 0.035773 0.242443
0.093961 0.034486 0.235641
0.094251 0.036360 0.235196
0.093585 0.036894 0.246261
0.094948 0.038262 0.237112
0.092856 0.034533 0.244743
0.092989 0.033569 0.240293
0.096521 0.040819 0.242832
0.093332 0.033757 0.236954
0.092743 0.032770 0.235320
0.096083 0.039345 0.238922
0.095432 0.038864 0.232556
0.092242 0.032250 0.239597
0.092986 0.033846 0.239797
0.095908 0.038972 0.234602
0.093548 0.034601 0.241551
0.092963 0.034971 0.245097
0.095070 0.036955 0.242566
0.095734 0.039140 0.242318
0.093147 0.035026 0.244889
0.094258 0.037764 0.234214
0.094248 0.036202 0.235207
0.093297 0.034095 0.240268
0.093979 0.034521 0.236035
0.097106 0.040597 0.239357
0.093484 0.034482 0.241744
0.092064 0.032053 0.236658
0.095353 0.038522 0.234864
0.095632 0.039095 0.232455
0.094235 0.034977 0.237580
0.093140 0.035901 0.245797
0.092909 0.033219 0.236293
0.097262 0.040626 0.236004
0.094597 0.037895 0.245153
0.091821 0.031620 0.239635
0.093251 0.034003 0.242990
0.095324 0.038689 0.237918
0.093768 0.034306 0.234472
0.096808 0.040114 0.237128
0.096447 0.039561 0.234654
0.096755 0.039873 0.235371
0.093995 0.036559 0.234156
0.097053 0.040470 0.237072
0.097800 0.041495 0.236170
0.091359 0.030848 0.240055
0.093931 0.037692 0.233007
0.097448 0.041187 0.237055
0.093481 0.035193 0.232696
0.091868 0.031547 0.238495
0.091863 0.031210 0.234682
0.095485 0.039168 0.244349
0.094211 0.037636 0.245873
0.093984 0.037764 0.233206
0.096151 0.039476 0.239523
0.093832 0.034917 0.234100
0.097510 0.041186 0.237400
0.094385 0.037620 0.236078
0.091657 0.030767 0.234359
0.097522 0.041252 0.236690
0.093461 0.033563 0.234439
0.095718 0.038982 0.242877
0.093314 0.033447 0.235047
0.094743 0.037254 0.244225
0.091642 0.031540 0.241620
0.094607 0.037452 0.236988
0.095629 0.038975 0.239023
0.093092 0.033161 0.235006
0.094873 0.036782 0.242980
0.093875 0.035064 0.241060
0.094210 0.035696 0.241816
0.095396 0.037487 0.242332
0.095505 0.038208 0.241742
0.091713 0.030834 0.233975
0.096439 0.041008 0.243265
0.097278 0.041060 0.241180
0.094197 0.035548 0.241402
0.094331 0.035314 0.239748
0.092007 0.031962 0.240669
0.094337 0.035131 0.238574
0.095275 0.038555 0.235864
0.093060 0.035198 0.245159
0.097420 0.040755 0.235225
0.097480 0.041007 0.236141
0.094496 0.036107 0.237795
0.096792 0.040218 0.239596
0.094844 0.036600 0.239334
0.092037 0.031803 0.238725
0.096879 0.040068 0.234120
0.094114 0.037040 0.245198
0.097538 0.040958 0.238264
0.095416 0.037650 0.241562
0.094155 0.035826 0.234982
0.097601 0.040959 0.234413
0.094344 0.037861 0.235066
0.096449 0.040020 0.241865
0.091682 0.031770 0.242014
0.094280 0.036699 0.244211
0.095717 0.039036 0.240135
0.095823 0.039232 0.242091
0.094608 0.036453 0.238192
0.097794 0.041391 0.238603
0.096673 0.039770 0.235853
0.096312 0.039828 0.240810
0.091522 0.030805 0.235559
0.094053 0.037264 0.245711
0.094129 0.034775 0.236095
0.093745 0.035011 0.242602
0.094452 0.035909 0.236853
0.092698 0.033118 0.237923
0.093684 0.034070 0.235021
0.093537 0.034437 0.240341
0.095144 0.038409 0.234320
0.091952 0.031252 0.233811
0.096628 0.039736 0.236103
0.095673 0.038959 0.239913
0.094848 0.036141 0.240260
0.092003 0.031883 0.235931
0.096105 0.039177 0.234649
0.097266 0.040615 0.237543
0.092896 0.033486 0.238405
0.094463 0.036069 0.236554
0.094213 0.034936 0.237339
0.095347 0.037673 0.243573
0.095244 0.038172 0.239399
0.095597 0.039001 0.232758
0.095516 0.038207 0.242019
0.094911 0.036639 0.239655
0.096078 0.039295 0.237085
0.097510 0.041435 0.237195
0.092598 0.033195 0.243327
0.094955 0.037307 0.238677
0.091452 0.031292 0.241421
0.092745 0.034263 0.244666
0.095314 0.037361 0.242937
0.093492 0.034428 0.242696
0.095436 0.038783 0.244356
0.095047 0.038340 0.234905
0.093473 0.034584 0.232810
0.094876 0.038307 0.235496
0.095058 0.038350 0.233460
0.097228 0.040705 0.236956
0.092145 0.031765 0.234692
0.094120 0.035067 0.239625
0.095569 0.038906 0.237939
0.097450 0.040850 0.238151
0.094678 0.036682 0.238311
0.094338 0.037677 0.235538
0.093264 0.034338 0.243632
0.095620 0.038646 0.241374
0.091307 0.030686 0.237196
0.093548 0.034581 0.242076
0.096150 0.039378 0.238119
0.093126 0.035513 0.245379
0.093456 0.033706 0.235448
0.093043 0.033877 0.239264
0.095130 0.037753 0.238890
0.095963 0.039089 0.236390
0.095340 0.037938 0.239887
0.095534 0.038758 0.233617
0.092434 0.032193 0.234557
0.096531 0.039829 0.233428
0.094403 0.037273 0.244854
0.094166 0.036448 0.244115
0.094239 0.035681 0.241713
0.092540 0.032783 0.241398
0.094120 0.034923 0.235587
0.090891 0.030189 0.236605
0.094297 0.036155 0.235419
0.094882 0.037720 0.244537
0.092249 0.031944 0.234430
0.093762 0.034948 0.241665
0.095415 0.038096 0.240051
0.093995 0.036991 0.245420
0.093796 0.035977 0.244553
0.091584 0.030716 0.234991
0.092246 0.031972 0.235232
0.094975 0.037997 0.238157
0.095449 0.037830 0.241698
0.092791 0.033207 0.240449
0.094608 0.035769 0.239050
0.096833 0.040053 0.233901
0.096538 0.040105 0.241686
0.093136 0.033949 0.238693
0.093567 0.036465 0.232166
0.094915 0.038379 0.232556
0.091710 0.030788 0.233751
0.096670 0.039779 0.235071
0.093586 0.034661 0.242425
0.093578 0.033752 0.234030
0.096504 0.039738 0.237045
0.093714 0.034700 0.240479
0.093448 0.034253 0.240575
0.095497 0.038212 0.243695
0.091006 0.030332 0.237423
0.097054 0.040566 0.239799
0.096550 0.039962 0.240233
0.096393 0.039747 0.239238
0.093919 0.037162 0.234188
0.093030 0.033627 0.241196
0.094344 0.037116 0.236243
0.094259 0.035807 0.235395
0.093331 0.034039 0.232783
0.094254 0.037123 0.235292
0.097640 0.041362 0.239830
0.093480 0.034418 0.242124
0.092627 0.032916 0.240721
0.097101 0.041252 0.242319
0.095932 0.038983 0.235893
0.095564 0.038616 0.240235
0.092660 0.033144 0.242956
0.091761 0.031120 0.235005
0.095107 0.038546 0.237508
0.093143 0.033864 0.243156
0.092480 0.032261 0.233819
0.096916 0.040691 0.241755
0.097633 0.041090 0.235254
0.091082 0.030373 0.236574
0.092668 0.032685 0.234808
0.093343 0.033318 0.233472
0.097544 0.041171 0.239540
0.095226 0.037144 0.242452
0.096747 0.040293 0.240941
0.094016 0.035713 0.234457
0.095524 0.039079 0.244150
0.094194 0.037016 0.244989
0.093727 0.035840 0.232818
0.094077 0.034773 0.235594
0.094389 0.035585 0.237088
0.094548 0.037532 0.236693
0.094501 0.036772 0.236713
0.097704 0.041318 0.238031
0.095412 0.038885 0.232398
0.094639 0.036906 0.243886
0.091269 0.030452 0.236194
0.094560 0.036165 0.238351
0.093157 0.034870 0.244526
0.093726 0.036491 0.232968
0.094212 0.037848 0.233885
0.092272 0.032247 0.238381
0.093680 0.034804 0.233176
0.092494 0.033395 0.243992
0.097004 0.040489 0.239548
0.091985 0.031860 0.237016
0.097040 0.040715 0.241105
0.093804 0.034933 0.240887
0.097724 0.041547 0.237508
0.091806 0.031487 0.236664
0.094136 0.034659 0.236617
0.095487 0.037843 0.242506
0.091587 0.030898 0.235330
0.094057 0.036224 0.234261
0.096585 0.039663 0.235546
0.097538 0.041179 0.239678
0.093053 0.033677 0.237781
0.095255 0.037622 0.239909
0.094032 0.034624 0.238239
0.094606 0.038079 0.235280
0.094800 0.038344 0.232197
0.092290 0.032398 0.237031
0.091944 0.031344 0.234368
0.096916 0.040583 0.241306
0.096729 0.040152 0.239249
0.095128 0.036783 0.241026
0.094245 0.038093 0.232505
0.096968 0.040396 0.238609
0.095111 0.037380 0.239551
0.093398 0.034604 0.232588
0.092751 0.033118 0.241980
0.093900 0.036132 0.244464
0.097116 0.040737 0.240409
0.097359 0.040636 0.234981
0.093950 0.036424 0.233477
0.094691 0.037777 0.236840
0.095315 0.038646 0.238108
0.094068 0.036501 0.234443
0.092554 0.032887 0.238553
0.097637 0.041157 0.238677
0.093705 0.037217 0.232518
0.096435 0.040168 0.242074
0.092974 0.033074 0.235491
0.094045 0.035898 0.243734
0.094310 0.035686 0.235767
0.090796 0.029778 0.238326
0.095269 0.038479 0.234635
0.094163 0.036374 0.234847
0.093995 0.035252 0.241117
0.092754 0.033189 0.240127
0.095844 0.039064 0.237068
0.095389 0.038606 0.235968
0.095073 0.038492 0.236250
0.091633 0.031274 0.238983
0.096745 0.040361 0.241521
0.097391 0.040822 0.235980
0.093819 0.035126 0.242748
0.096646 0.039804 0.234280
0.095340 0.038562 0.233707
0.094208 0.034879 0.236871
0.096104 0.039610 0.241674
0.094720 0.038153 0.236084
0.096809 0.039981 0.234671
0.092892 0.033731 0.243751
0.097433 0.041087 0.236449
0.095277 0.038552 0.239348
0.096578 0.040011 0.240511
0.094831 0.036373 0.241738
0.091930 0.031349 0.234832
0.093979 0.036260 0.244416
0.093632 0.034504 0.239371
0.092894 0.033622 0.239611
0.093240 0.034089 0.239102
0.095417 0.038726 0.237278
0.094507 0.036311 0.236836
0.091041 0.030381 0.238183
0.093854 0.035034 0.241227
0.094760 0.035987 0.239894
0.097213 0.040628 0.236447
0.094524 0.037969 0.235174
0.095901 0.039200 0.239921
0.096686 0.040131 0.240349
0.093563 0.033896 0.236299
0.092853 0.033469 0.239127
0.090910 0.030023 0.237134
0.096939 0.040112 0.234489
0.096706 0.040075 0.238778
0.097441 0.040982 0.237268
0.093191 0.033887 0.240505
0.096514 0.039576 0.235840
0.093869 0.035073 0.241380
0.094175 0.036110 0.243665
0.092286 0.032266 0.238780
0.093821 0.037541 0.233352
0.095532 0.039722 0.244291
0.095142 0.038396 0.233694
0.094571 0.036641 0.237449
0.092256 0.032340 0.236098
0.092004 0.031921 0.236208
0.096888 0.040111 0.236501
0.094285 0.037974 0.234679
0.096185 0.039388 0.237046
0.094238 0.037756 0.234025
0.092158 0.032042 0.238042
0.092841 0.032993 0.235636
0.096458 0.039595 0.234292
0.093210 0.034073 0.241270
0.092475 0.032382 0.234854
0.092596 0.032884 0.239923
0.092393 0.032277 0.235361
0.091714 0.031092 0.235315
0.097294 0.040769 0.238778
0.095191 0.038088 0.238740
0.094350 0.037620 0.235218
0.094120 0.037443 0.245821
0.091780 0.031960 0.242348
0.094083 0.035161 0.235205
0.095482 0.038327 0.240174
0.094362 0.036684 0.235892
0.093501 0.035008 0.232690
0.094261 0.035095 0.236159
0.095381 0.037668 0.243403
0.097166 0.041029 0.241615
0.092565 0.032738 0.236001
0.093521 0.035314 0.232706
0.094463 0.035726 0.240821
0.091951 0.031442 0.235155
0.092721 0.032891 0.235749
0.095413 0.038782 0.232857
0.096974 0.040449 0.239397
0.095024 0.036581 0.241183
0.093972 0.037453 0.233776
0.096517 0.039590 0.235302
0.093580 0.033808 0.233877
0.095316 0.037385 0.240768
0.093666 0.035097 0.232983
0.092487 0.032760 0.236427
0.095369 0.037751 0.243609
0.094178 0.035256 0.240096
0.092583 0.033523 0.244088
0.093542 0.034351 0.233198
0.094221 0.036359 0.243891
0.093543 0.034623 0.243130
0.096316 0.039881 0.241138
0.094696 0.037719 0.236983
0.092424 0.032610 0.237467
0.091980 0.031321 0.233627
0.093952 0.035594 0.234268
0.094691 0.038133 0.235462
0.092286 0.032000 0.233326
0.097063 0.040299 0.235943
0.094495 0.035435 0.239191
0.094347 0.037516 0.236128
0.095032 0.038357 0.234606
0.093935 0.037097 0.245801
0.092919 0.033377 0.242149
0.093545 0.033850 0.233664
0.097497 0.041336 0.236831
0.095107 0.038372 0.235066
0.093953 0.037167 0.234020
0.092452 0.032931 0.243041
0.097244 0.040617 0.237832
0.093864 0.036597 0.245207
0.092100 0.032143 0.236429
0.093790 0.034192 0.236556
0.095776 0.040289 0.243853
0.091273 0.030619 0.236862
0.094451 0.035846 0.237148
0.092572 0.032882 0.237240
0.090748 0.029908 0.239388
0.093652 0.036852 0.232543
0.095199 0.037166 0.242921
0.092266 0.032552 0.242470
0.094754 0.036028 0.240668
0.094355 0.035954 0.235762
0.093953 0.036635 0.233549
0.094203 0.037616 0.234883
0.096850 0.040130 0.238098
0.093541 0.034484 0.240923
0.095488 0.038822 0.244149
0.092497 0.032745 0.237555
0.095387 0.038449 0.239753
0.093482 0.034496 0.241346
0.093718 0.034927 0.242020
0.092667 0.033019 0.240046
0.094621 0.035717 0.239384
0.093808 0.034620 0.239236
0.096980 0.040254 0.236439
0.095633 0.038904 0.238261
0.094795 0.037501 0.244441
0.093490 0.034432 0.242342
0.094501 0.037386 0.236663
0.093692 0.037237 0.232971
0.093998 0.037440 0.234538
0.093506 0.035946 0.245280
0.095755 0.038797 0.234838
0.095036 0.037454 0.238839
0.092718 0.033669 0.244060
0.096265 0.040705 0.243175
0.094355 0.036889 0.244367
0.095427 0.038471 0.239904
0.093967 0.037922 0.232367
0.096783 0.039986 0.234372
0.094102 0.038011 0.232120
0.092888 0.033521 0.238912
0.093898 0.035238 0.234369
0.093160 0.033886 0.241501
0.090379 0.029643 0.239414
0.094799 0.037950 0.236880
0.093165 0.033276 0.235330
0.096204 0.039541 0.233383
0.095485 0.037997 0.241900
0.094330 0.035314 0.237351
0.094593 0.036767 0.243508
0.094458 0.037906 0.245494
0.093109 0.033774 0.241057
0.093712 0.034896 0.242880
0.094526 0.035568 0.238866
0.096138 0.039396 0.237670
0.093972 0.035298 0.241777
0.094178 0.034833 0.238023
0.092746 0.033270 0.239539
0.095547 0.038475 0.240355
0.095196 0.036959 0.241780
0.093699 0.034186 0.237510
0.096894 0.040639 0.241535
0.093938 0.035552 0.234077
0.093306 0.034192 0.243220
0.096308 0.040365 0.242613
0.097490 0.041020 0.239076
0.091936 0.031722 0.237143
0.092093 0.032218 0.241940
0.094947 0.036931 0.239359
0.092108 0.032699 0.243165
0.092978 0.033545 0.240974
0.094309 0.035180 0.239327
0.093469 0.034615 0.243396
0.096280 0.039332 0.235498
0.093279 0.033284 0.233892
0.092496 0.032743 0.238767
0.095455 0.038686 0.236228
0.091489 0.030788 0.236378
0.095541 0.038077 0.243170
0.095409 0.037804 0.240869
0.093529 0.035642 0.244853
0.092619 0.032580 0.234653
0.096697 0.041214 0.243123
0.095703 0.039053 0.233043
0.097295 0.040582 0.235391
0.091523 0.031253 0.241012
0.091223 0.031110 0.241424
0.097401 0.041335 0.241753
0.093439 0.033490 0.234179
0.093387 0.035184 0.244388
0.095659 0.039529 0.243784
0.095727 0.039055 0.238874
0.095142 0.037084 0.240108
0.091429 0.030527 0.235283
0.091961 0.031985 0.241319
0.096146 0.040758 0.243511
0.093128 0.033786 0.237984
0.092906 0.032704 0.233229
0.091550 0.031154 0.239679
0.091360 0.031016 0.240819
0.091604 0.031166 0.238202
0.095554 0.039081 0.232250
0.092317 0.032920 0.243345
0.096788 0.040486 0.241769
0.095116 0.036788 0.241462
0.096967 0.040282 0.237561
0.095599 0.038669 0.235032
0.093360 0.034253 0.239395
0.094498 0.038093 0.234945
0.093329 0.033503 0.235383
0.093705 0.034243 0.234145
0.093684 0.037737 0.231982
0.093766 0.034179 0.235731
0.093885 0.036166 0.233219
0.095575 0.038740 0.233963
0.096977 0.040181 0.235761
0.093758 0.034263 0.234732
0.095938 0.039258 0.239120
0.090965 0.030220 0.237295
0.097866 0.041556 0.235973
0.093718 0.036581 0.245515
0.093687 0.036600 0.232774
0.097247 0.040599 0.238043
0.094612 0.037718 0.244876
0.094211 0.035931 0.242242
0.095110 0.038171 0.238199
0.096142 0.039371 0.237353
0.092914 0.033382 0.241814
0.097717 0.041467 0.237672
0.094857 0.038256 0.233823
0.092533 0.032848 0.242402
0.093587 0.033941 0.235878
0.093194 0.033347 0.235617
0.096679 0.039948 0.238196
0.091375 0.030531 0.235900
0.095544 0.038370 0.240553
0.090828 0.029900 0.238993
0.095626 0.039652 0.243936
0.093290 0.035722 0.245428
0.092813 0.033488 0.243465
0.093146 0.033610 0.236762
0.096155 0.040188 0.242842
0.094109 0.034697 0.237517
0.093936 0.036940 0.233848
0.095730 0.039770 0.243628
0.093652 0.036689 0.232541
0.095785 0.039264 0.242458
0.095355 0.038691 0.233045
0.094572 0.035769 0.240580
0.096770 0.040167 0.238910
0.094002 0.036354 0.234027
0.094463 0.036358 0.236334
0.093041 0.034769 0.244729
0.096345 0.039488 0.234226
0.094485 0.037208 0.244581
0.091593 0.030990 0.235692
0.096286 0.039609 0.239865
0.090865 0.029974 0.238076
0.097531 0.040983 0.238046
0.091961 0.031449 0.234576
0.097087 0.040489 0.236635
0.094749 0.038230 0.245215
0.093676 0.037303 0.232335
0.093231 0.034814 0.244309
0.096176 0.039484 0.239780
0.092766 0.033163 0.242370
0.095209 0.037161 0.242722
0.095437 0.038567 0.235103
0.091878 0.031799 0.240987
0.094754 0.038250 0.234709
0.095081 0.038498 0.237272
0.094555 0.038048 0.235858
0.093777 0.036021 0.232933
0.095753 0.038960 0.240787
0.095302 0.038621 0.236450
0.093830 0.034880 0.240101
0.095957 0.039314 0.232890
0.095110 0.038542 0.236443
0.093628 0.035621 0.244474
0.093933 0.034359 0.236751
0.092992 0.033531 0.241519
0.094747 0.036021 0.239575
0.094312 0.037641 0.235596
0.094368 0.037102 0.244688
0.095765 0.039025 0.241402
0.092123 0.032061 0.237416
0.097690 0.041361 0.239459
0.097236 0.040496 0.234510
0.094261 0.037318 0.235160
0.092274 0.032284 0.237967
0.093510 0.035006 0.243869
0.093218 0.033180 0.233786
0.094530 0.036014 0.241502
0.093156 0.034025 0.243468
0.095674 0.038938 0.237385
0.096204 0.039229 0.235193
0.094913 0.036627 0.242119
0.091087 0.030378 0.238542
0.091673 0.031376 0.239880
0.092609 0.032977 0.239140
0.094690 0.037589 0.237228
0.094617 0.037807 0.236498
0.092463 0.032701 0.236736
0.094150 0.037976 0.232751
0.094899 0.038479 0.245294
0.093896 0.037203 0.246099
0.093910 0.035224 0.234583
0.095776 0.039148 0.239397
0.093011 0.033871 0.239609
0.096133 0.039250 0.236434
0.094087 0.034600 0.236797
0.093436 0.034355 0.232918
0.095478 0.038087 0.241146
0.091793 0.031126 0.234544
0.095225 0.037898 0.239485
0.096177 0.039883 0.242273
0.092903 0.033501 0.238101
0.096888 0.040345 0.239739
0.093196 0.033930 0.240867
0.097199 0.040492 0.235777
0.095369 0.037420 0.241437
0.094407 0.036795 0.236201
0.091503 0.030774 0.235817
0.093688 0.034786 0.241221
0.094924 0.037070 0.238961
0.094534 0.038181 0.233694
0.094095 0.034759 0.235857
0.091337 0.030725 0.239285
0.093423 0.033790 0.233033
0.096499 0.039730 0.237431
0.092777 0.032608 0.233809
0.093618 0.034602 0.240120
0.096435 0.039782 0.239826
0.092443 0.032500 0.235575
0.095388 0.038552 0.238459
0.093650 0.034008 0.236256
0.093333 0.036790 0.246559
0.092790 0.033338 0.238843
0.092344 0.032483 0.241333
0.094894 0.038266 0.236792
0.092224 0.032204 0.237818
0.095488 0.038119 0.240754
0.097407 0.040849 0.238479
0.091696 0.031218 0.236710
0.093409 0.034188 0.238878
0.095987 0.039314 0.240506
0.091200 0.030641 0.238326
0.091823 0.031504 0.237792
0.093719 0.034245 0.234351
0.094205 0.034843 0.236351
0.092152 0.032520 0.242694
0.095839 0.039421 0.243020
0.092389 0.032508 0.238149
0.094827 0.036975 0.238643
0.091813 0.031027 0.234298
0.094623 0.036976 0.237904
0.097112 0.040786 0.240887
0.094580 0.036964 0.237410
0.090996 0.030312 0.237634
0.094158 0.037205 0.234956
0.092590 0.032532 0.235246
0.095241 0.037051 0.241272
0.094544 0.038156 0.245597
0.095401 0.038236 0.239903
0.093844 0.036787 0.245496
0.096204 0.039404 0.233967
0.094214 0.037735 0.234880
0.093759 0.036736 0.233154
0.097518 0.041287 0.240335
0.092494 0.032747 0.237146
0.094496 0.036996 0.244231
0.094330 0.036428 0.243589
0.097176 0.040540 0.236227
0.097224 0.040601 0.238012
0.091808 0.031554 0.239256
0.094250 0.035549 0.241042
0.094058 0.035180 0.240270
0.096675 0.040897 0.242591
0.096160 0.039638 0.240999
0.091909 0.031723 0.236760
0.095161 0.037593 0.239494
0.094349 0.035452 0.236394
0.096799 0.040926 0.242398
0.095042 0.037163 0.239473
0.093744 0.034789 0.233610
0.091917 0.032034 0.242022
0.093011 0.033611 0.240819
0.093432 0.034077 0.233084
0.096342 0.039544 0.237058
0.095237 0.038583 0.244747
0.094513 0.036679 0.243558
0.094286 0.037423 0.235766
0.093232 0.034150 0.239621
0.095250 0.037514 0.243623
0.090895 0.030344 0.240324
0.091296 0.031021 0.241101
0.092396 0.032510 0.240159
0.094021 0.035881 0.234248
0.092584 0.032970 0.238872
0.095636 0.038804 0.236187
0.095067 0.036820 0.240080
0.093760 0.035718 0.232953
0.094251 0.038005 0.233868
0.092209 0.032250 0.240725
0.095697 0.039233 0.243456
0.094053 0.037165 0.234726
0.094573 0.036540 0.237764
0.093767 0.037636 0.232376
0.091466 0.030729 0.236141
0.094931 0.036329 0.240701
0.096356 0.039573 0.233896
0.094706 0.037625 0.237697
0.091797 0.031436 0.238118
0.095160 0.038530 0.232802
0.095122 0.038390 0.234751
0.094877 0.036526 0.241984
0.091849 0.031539 0.237083
0.093426 0.035711 0.245166
0.095447 0.038772 0.237706
0.092184 0.031878 0.235075
0.093548 0.035735 0.232264
0.094638 0.035751 0.239760
0.094040 0.035645 0.242967
0.094783 0.037812 0.237101
0.092828 0.034648 0.244926
0.096029 0.039202 0.236811
0.093431 0.034005 0.237707
0.093018 0.033609 0.240640
0.096106 0.039441 0.240070
0.093951 0.035320 0.242037
0.094184 0.036209 0.234951
0.094288 0.037269 0.245085
0.095432 0.038450 0.244156
0.097253 0.040571 0.235573
0.095002 0.036597 0.240006
0.092696 0.032455 0.233159
0.093301 0.034108 0.241034
0.095024 0.038406 0.245001
0.093258 0.033265 0.234396
0.094232 0.037643 0.234908
0.095371 0.038064 0.243950
0.093482 0.033628 0.234828
0.092817 0.033045 0.236035
0.093414 0.034319 0.240051
0.094411 0.037919 0.234373
0.092629 0.032970 0.236967
0.097094 0.040603 0.239595
0.092587 0.032846 0.236223
0.093759 0.037231 0.233335
0.093153 0.036264 0.246077
0.093205 0.033403 0.235887
0.091569 0.030633 0.234769
0.091674 0.031295 0.238578
0.092625 0.032974 0.239606
0.093532 0.036021 0.232366
0.093827 0.035595 0.233507
0.093204 0.033801 0.242361
0.096828 0.040188 0.238411
0.097419 0.040879 0.237487
0.090722 0.029679 0.238539
0.095142 0.036807 0.240503
0.096312 0.039425 0.234439
0.093947 0.034675 0.238983
0.095278 0.038648 0.237464
0.095889 0.039222 0.241399
0.093114 0.033601 0.237012
0.093921 0.036804 0.234086
0.095229 0.038507 0.233234
0.095579 0.038928 0.239586
0.094955 0.036742 0.242285
0.095887 0.039163 0.240609
0.093379 0.036190 0.245751
0.097404 0.041160 0.240572
0.096917 0.040231 0.236864
0.094972 0.036847 0.242687
0.095329 0.039072 0.244828
0.094423 0.036047 0.236154
0.095183 0.038011 0.239053
0.095708 0.039006 0.237566
0.096288 0.039598 0.233504
0.092669 0.033017 0.236602
0.093851 0.035295 0.243105
0.094790 0.037007 0.243800
0.093121 0.034329 0.244008
0.095015 0.038337 0.233000
0.096809 0.040076 0.237835
0.093321 0.033303 0.233022
0.093783 0.034180 0.236105
0.093126 0.033818 0.241254
0.093801 0.034950 0.233832
0.093891 0.034427 0.235352
0.093743 0.034954 0.233386
0.095036 0.038131 0.238070
0.095374 0.038520 0.238720
0.095931 0.039209 0.237345
0.096514 0.039812 0.238476
0.092583 0.032377 0.233736
0.093662 0.034045 0.233996
0.095059 0.038557 0.232259
0.093910 0.036835 0.233525
0.096717 0.039970 0.237230
0.094850 0.037104 0.243852
0.097212 0.041214 0.241981
0.096991 0.040321 0.237928
0.092366 0.032538 0.236819
0.093044 0.033564 0.242023
0.093638 0.035798 0.244751
0.095603 0.038650 0.241596
0.092533 0.032805 0.239520
0.094933 0.038097 0.244846
0.097449 0.040859 0.235676
0.093887 0.037432 0.233609
0.093089 0.033002 0.233975
0.096600 0.039970 0.239018
0.091848 0.031557 0.238863
0.095321 0.038763 0.244648
0.095723 0.038971 0.238459
0.094768 0.038227 0.235909
0.094741 0.038191 0.233195
0.093316 0.035126 0.244642
0.093415 0.034647 0.243600
0.093659 0.034823 0.233027
0.094678 0.036861 0.238220
0.095140 0.038515 0.236791
0.093814 0.035781 0.244180
0.094476 0.036742 0.236551
0.095024 0.038311 0.233973
0.094492 0.038164 0.234751
0.096241 0.039809 0.241988
0.091271 0.030682 0.238875
0.094256 0.037087 0.235773
0.093078 0.033697 0.240504
0.091481 0.031048 0.240171
0.094837 0.036132 0.240039
0.091119 0.030508 0.237366
0.091042 0.030349 0.237009
0.091925 0.031637 0.235637
0.093676 0.036890 0.232784
0.095958 0.040322 0.243467
0.093686 0.036436 0.232800
0.091474 0.030671 0.235482
0.094622 0.038185 0.245426
0.095520 0.038380 0.243788
0.094508 0.037954 0.235921
0.093610 0.033966 0.236079
0.096264 0.039420 0.236806
0.097700 0.041318 0.239152
0.094798 0.036559 0.242501
0.093909 0.035932 0.233438
0.097083 0.040534 0.238435
0.092833 0.034171 0.244443
0.097439 0.041246 0.240866
0.095299 0.038717 0.239215
0.091460 0.030893 0.237538
0.094317 0.037345 0.236087
0.096611 0.039859 0.237088
0.095500 0.037882 0.242994
0.094487 0.037282 0.244690
0.096571 0.040127 0.241275
0.095529 0.038375 0.241742
0.093836 0.035309 0.233875
0.096285 0.039361 0.234766
0.093417 0.035017 0.244126
0.094607 0.037400 0.244613
0.091182 0.030290 0.235870
0.093612 0.036124 0.232543
0.093044 0.033555 0.237143
0.095630 0.038617 0.243361
0.091953 0.031686 0.237714
0.096945 0.040454 0.240093
0.094063 0.036143 0.244028
0.094923 0.038215 0.237444
0.091543 0.030967 0.237168
0.093159 0.033007 0.233216
0.093769 0.037051 0.246185
0.092408 0.032542 0.238592
0.095621 0.038781 0.243588
0.096924 0.041264 0.242882
0.092665 0.033840 0.244490
0.093488 0.034905 0.243777
0.094716 0.036681 0.238668
0.096770 0.040236 0.240261
0.095231 0.038459 0.234455
0.096000 0.039320 0.239443
0.095018 0.036651 0.241698
0.094373 0.035355 0.238061
0.092707 0.033163 0.238659
0.095966 0.039293 0.240877
0.094310 0.037428 0.235243
0.094329 0.035304 0.237608
0.093818 0.035141 0.242944
0.097061 0.041095 0.242051
0.096386 0.039793 0.239457
0.094447 0.036125 0.242123
0.092291 0.033069 0.243648
0.091834 0.031467 0.237347
0.090936 0.030153 0.239702
0.096101 0.039323 0.238579
0.094863 0.038398 0.232049
0.094000 0.036554 0.244873
0.095682 0.038774 0.240747
0.094987 0.038300 0.233203
0.095033 0.036743 0.241948
0.093240 0.033210 0.234097
0.097603 0.041206 0.237784
0.094406 0.037768 0.235232
0.092097 0.032176 0.241519
0.096930 0.040085 0.235411
0.093850 0.036945 0.245771
0.091280 0.030623 0.239716
0.093412 0.033506 0.233696
0.093566 0.035541 0.232384
0.094737 0.036873 0.243580
0.092727 0.033223 0.238986
0.093744 0.037726 0.232202
0.094258 0.036842 0.235481
0.091818 0.031329 0.235541
0.094340 0.035296 0.237870
0.093562 0.034163 0.237898
0.094588 0.035703 0.240070
0.093807 0.034868 0.240515
0.094413 0.038131 0.232062
0.093480 0.033728 0.233220
0.095024 0.037584 0.238572
0.093587 0.037629 0.231854
0.093655 0.036272 0.245286
0.093681 0.036738 0.245868
0.096457 0.039546 0.236189
0.090684 0.030029 0.239827
0.094611 0.038226 0.232368
0.093423 0.034537 0.232709
0.095451 0.038159 0.240287
0.094005 0.037983 0.231992
0.095276 0.038099 0.244264
0.093560 0.034446 0.240654
0.094521 0.036961 0.236905
0.094483 0.037743 0.245225
0.094780 0.036179 0.241247
0.095306 0.038861 0.232144
0.095544 0.038852 0.239758
0.093575 0.035322 0.232665
0.093901 0.035632 0.243704
0.096029 0.039331 0.239782
0.094549 0.038016 0.235698
0.093913 0.035374 0.242753
0.095940 0.039088 0.236585
0.092944 0.033472 0.240509
0.093619 0.033983 0.235648
0.094066 0.037746 0.233680
0.091162 0.030387 0.239491
0.094208 0.035874 0.235196
0.094452 0.038178 0.233471
0.096248 0.039507 0.237735
0.090657 0.029649 0.238731
0.093501 0.033799 0.235756
0.096281 0.039526 0.237530
0.093389 0.033464 0.234576
0.091224 0.030635 0.237642
0.094618 0.038169 0.234034
0.093101 0.034088 0.243743
0.094679 0.038050 0.236450
0.095713 0.039130 0.232753
0.094492 0.036280 0.242930
0.094600 0.036685 0.237876
0.094821 0.036820 0.238955
0.096249 0.039276 0.235079
0.097581 0.041049 0.238069
0.095971 0.039667 0.242593
0.093971 0.036200 0.233695
0.097178 0.040720 0.239722
0.093758 0.037481 0.232839
0.093604 0.036999 0.232186
0.094752 0.038238 0.234446
0.091659 0.030722 0.234125
0.093612 0.035622 0.232527
0.096513 0.039764 0.233661
0.093576 0.036358 0.245549
0.095620 0.038895 0.233423
0.094258 0.037571 0.245547
0.096792 0.040234 0.239991
0.094735 0.035968 0.240465
0.092060 0.031452 0.233826
0.095607 0.039208 0.243879
0.092667 0.032747 0.235512
0.097445 0.040744 0.235039
0.090926 0.030151 0.237508
0.095320 0.038329 0.239594
0.095069 0.037965 0.238343
0.094188 0.036693 0.244524
0.091742 0.031542 0.240113
0.091734 0.031352 0.236527
0.096029 0.039541 0.242094
0.096154 0.039733 0.241268
0.093950 0.037474 0.234280
0.093002 0.033748 0.238972
0.094572 0.037145 0.237136
0.095143 0.037517 0.243887
0.092228 0.031908 0.234108
0.096654 0.041005 0.242955
0.095578 0.039505 0.244094
0.093299 0.034218 0.241436
0.092753 0.033057 0.236268
0.094667 0.038141 0.235757
0.092722 0.033164 0.238364
0.095390 0.037576 0.243140
0.094214 0.038053 0.231803
0.096333 0.039391 0.235836
0.093573 0.036247 0.232288
0.092876 0.032770 0.234116
0.096020 0.040177 0.243124
0.091981 0.031764 0.239019
0.097052 0.040226 0.234674
0.092029 0.031664 0.235377
0.091908 0.031696 0.235999
0.094293 0.038030 0.233744
0.095831 0.038845 0.235238
0.092688 0.033024 0.241218
0.093399 0.034474 0.232698
0.095516 0.038062 0.242198
0.097331 0.040859 0.236531
0.093656 0.035140 0.243662
0.093696 0.034014 0.234386
0.096399 0.039999 0.241531
0.093000 0.034506 0.244422
0.095294 0.038625 0.237101
0.094436 0.037141 0.236501
0.096589 0.040169 0.241530
0.093880 0.036231 0.244724
0.095908 0.039161 0.238730
0.094529 0.036297 0.237574
0.093932 0.035062 0.240485
0.095230 0.037395 0.240090
0.097057 0.040400 0.237694
0.097458 0.040909 0.237905
0.092536 0.032525 0.235397
0.093681 0.034788 0.241386
0.095650 0.038977 0.239776
0.095454 0.037716 0.242072
0.095958 0.040493 0.243642
0.091395 0.030979 0.238731
0.093362 0.034293 0.239887
0.093971 0.035353 0.234674
0.093719 0.035349 0.243814
0.097035 0.040307 0.236275
0.094363 0.035789 0.236003
0.093659 0.034787 0.241706
0.093385 0.033578 0.232939
0.096012 0.039451 0.241640
0.091215 0.030656 0.237855
0.094742 0.036428 0.242231
0.093977 0.035653 0.243345
0.095172 0.038544 0.237722
0.097521 0.041022 0.235922
0.093910 0.037216 0.233696
0.095308 0.037191 0.241613
0.095736 0.038910 0.241080
0.093033 0.033726 0.238310
0.094941 0.036455 0.241393
0.097498 0.040957 0.235741
0.090942 0.030199 0.237957
0.096478 0.039560 0.234970
0.092018 0.032433 0.242744
0.094225 0.037329 0.245289
0.093996 0.036970 0.234483
0.091610 0.031051 0.237051
0.096023 0.039410 0.240299
0.096498 0.039654 0.234091
0.092360 0.032472 0.236003
0.096013 0.039271 0.233537
0.092261 0.032335 0.237229
0.095561 0.038224 0.242434
0.095176 0.038449 0.238108
0.094348 0.035713 0.241293
0.095836 0.040112 0.243570
0.093920 0.037816 0.232588
0.094149 0.035429 0.240931
0.093957 0.035362 0.242279
0.097515 0.041002 0.238676
0.093470 0.033623 0.233484
0.093621 0.034005 0.236794
0.093272 0.033350 0.234744
0.091916 0.031734 0.236423
0.093685 0.037048 0.232981
0.092828 0.033246 0.241625
0.093066 0.033226 0.235733
0.095681 0.038847 0.242570
0.093917 0.035329 0.234575
0.094464 0.038050 0.234204
0.097083 0.040298 0.235576
0.094053 0.035774 0.243324
0.092421 0.032554 0.239736
0.093833 0.034952 0.240684
0.092938 0.033662 0.239181
0.095887 0.039118 0.238551
0.095776 0.039123 0.239086
0.095802 0.039426 0.243214
0.094130 0.034737 0.237734
0.094473 0.036028 0.241779
0.094551 0.036220 0.242278
0.092906 0.032893 0.234487
0.094748 0.037381 0.238114
0.093819 0.034796 0.239671
0.095212 0.037064 0.240493
0.095064 0.036612 0.240727
0.096405 0.039783 0.233147
0.093740 0.034549 0.233931
0.094612 0.036574 0.238086
0.095111 0.038020 0.244518
0.093328 0.034227 0.241557
0.092875 0.033530 0.239758
0.094347 0.038112 0.232276
0.095370 0.037732 0.240474
0.095470 0.038665 0.239828
0.096863 0.040932 0.242194
0.095337 0.038559 0.244504
0.093897 0.034334 0.236969
0.094991 0.036437 0.240545
0.094114 0.036548 0.244448
0.096982 0.040287 0.236688
0.092644 0.032498 0.234062
0.096409 0.040495 0.242511
0.092007 0.031440 0.234128
0.091411 0.030889 0.237901
0.093250 0.033985 0.238317
0.094738 0.036570 0.242808
0.094675 0.036257 0.241920
0.092810 0.033299 0.238049
0.094380 0.035524 0.237801
0.096881 0.040031 0.234823
0.092894 0.033454 0.243062
0.093392 0.034824 0.243922
0.097583 0.041355 0.240139
0.091000 0.030113 0.239132
0.097576 0.041397 0.236615
0.094956 0.038437 0.236696
0.094923 0.037891 0.244662
0.091757 0.030995 0.234752
0.095324 0.037773 0.243769
0.093316 0.034030 0.242342
0.093800 0.037524 0.233024
0.093952 0.036588 0.233660
0.095663 0.039044 0.240255
0.095827 0.039362 0.242795
0.094966 0.037115 0.239114
0.092959 0.033540 0.237426
0.095938 0.039168 0.238279
0.094120 0.034918 0.239158
0.093956 0.034887 0.239567
0.095730 0.038816 0.234524
0.096731 0.039844 0.235515
0.093942 0.034456 0.237581
0.093038 0.033548 0.242447
0.093092 0.033956 0.239914
0.095455 0.039404 0.244566
0.092833 0.035298 0.245501
0.096361 0.039705 0.239631
0.095610 0.038386 0.243108
0.097053 0.040392 0.237306
0.096933 0.040901 0.241934
0.091392 0.030762 0.236974
0.095023 0.038543 0.232091
0.094286 0.035959 0.242707
0.092630 0.033048 0.242714
0.095492 0.038144 0.241514
0.093826 0.037855 0.232109
0.096317 0.040224 0.242386
0.096248 0.039798 0.241752
0.093744 0.034121 0.234572
0.093281 0.034013 0.241864
0.095861 0.039299 0.232529
0.097455 0.041253 0.240703
0.096894 0.040478 0.240824
0.092952 0.033627 0.238590
0.096316 0.039551 0.237955
0.092821 0.034792 0.245066
0.094107 0.035031 0.235425
0.096989 0.040225 0.233830
0.090592 0.029896 0.239649
0.094956 0.036418 0.241031
0.093798 0.034230 0.235491
0.094186 0.035004 0.235835
0.096531 0.039776 0.237200
0.096709 0.039932 0.236783
0.094171 0.035871 0.243052
0.094136 0.036013 0.234838
0.093483 0.035081 0.232548
0.094499 0.036098 0.237259
0.096093 0.039457 0.240469
0.096811 0.040063 0.237480
0.092524 0.033307 0.243730
0.094792 0.037909 0.244854
0.093849 0.035728 0.233669
0.094940 0.036759 0.242449
0.093490 0.036164 0.245508
0.092665 0.033077 0.238122
0.092739 0.033239 0.239162
0.097045 0.040381 0.237511
0.091240 0.030791 0.240512
0.095094 0.037736 0.244217
0.094460 0.035403 0.238708
0.094722 0.038175 0.234226
0.093987 0.035465 0.242454
