0.063021 0.018003 0.112908
0.058038 0.013227 0.114692
0.062300 0.018776 0.116969
0.059440 0.016091 0.118478
0.063981 0.019940 0.115934
0.060860 0.018536 0.117520
0.064768 0.021341 0.110945
0.064796 0.020338 0.112137
0.057915 0.013285 0.110942
0.058726 0.016361 0.110559
0.058971 0.014911 0.118629
0.064990 0.023161 0.113257
0.058236 0.014516 0.109221
0.058787 0.015150 0.113138
0.059757 0.017270 0.116061
0.058462 0.013869 0.117720
0.057608 0.012293 0.109272
0.058914 0.014859 0.118289
0.062528 0.017086 0.111362
0.058262 0.013632 0.116216
0.059452 0.016001 0.120636
0.064664 0.019878 0.111986
0.059879 0.016456 0.108996
0.064818 0.021098 0.111618
0.064854 0.020875 0.111629
0.060032 0.018291 0.120475
0.062222 0.018156 0.115318
0.062157 0.018063 0.115186
0.062816 0.016862 0.110095
0.059243 0.016601 0.113531
0.058854 0.014647 0.116321
0.063864 0.017632 0.108905
0.059079 0.014806 0.119923
0.064031 0.019214 0.113426
0.060196 0.017047 0.112134
0.064908 0.021144 0.113001
0.063149 0.017283 0.110582
0.062407 0.016526 0.109685
0.058353 0.014601 0.111081
0.060690 0.019066 0.119098
0.065011 0.022832 0.113686
0.058985 0.015580 0.113545
0.059520 0.016335 0.117796
0.058963 0.015004 0.117207
0.064940 0.020895 0.113852
0.061826 0.017412 0.113504
0.058518 0.014063 0.114579
0.064324 0.018833 0.110949
0.064802 0.020870 0.111190
0.058789 0.015656 0.109226
0.059452 0.016515 0.115670
0.058922 0.015726 0.109672
0.061256 0.016312 0.109400
0.057981 0.013325 0.111289
0.062824 0.016659 0.109284
0.063206 0.016930 0.108894
0.060223 0.017024 0.111848
0.058811 0.014334 0.119507
0.058799 0.014562 0.116654
0.059005 0.015089 0.115919
0.064179 0.020551 0.117105
0.058389 0.013766 0.113110
0.063870 0.018767 0.112554
0.064842 0.020548 0.113581
0.064263 0.018397 0.109641
0.058518 0.013592 0.120534
0.058997 0.014979 0.118845
0.059862 0.017369 0.120760
0.058878 0.014252 0.120944
0.061807 0.018881 0.118073
0.059317 0.015659 0.119348
0.063331 0.019281 0.115956
0.059084 0.015909 0.113604
0.064964 0.022771 0.113003
0.061426 0.016616 0.110677
0.058800 0.016200 0.111922
0.059059 0.016447 0.111915
0.063614 0.018049 0.111374
0.058523 0.014078 0.113344
0.064615 0.021062 0.116718
0.064704 0.020177 0.113577
0.060042 0.017730 0.115872
0.059509 0.016963 0.113858
0.059613 0.016631 0.117777
0.057073 0.012062 0.115078
0.058865 0.016664 0.110489
0.064643 0.019825 0.108882
0.063520 0.017339 0.109348
0.059615 0.016552 0.119136
0.064378 0.018423 0.109136
0.064137 0.019058 0.112446
0.062507 0.016998 0.111158
0.063403 0.017144 0.108952
0.064869 0.020657 0.111807
0.060314 0.018863 0.120429
0.058739 0.015277 0.112805
0.064859 0.021519 0.112668
0.062285 0.016196 0.108739
0.062135 0.018581 0.116772
0.059277 0.015552 0.119184
0.057185 0.012073 0.113346
0.063077 0.017278 0.110786
0.062430 0.019035 0.117466
0.059131 0.015185 0.119111
0.059923 0.017702 0.118422
0.061241 0.017305 0.113319
0.059634 0.016755 0.116618
0.064741 0.019931 0.110345
0.064041 0.018794 0.111990
0.062954 0.018652 0.115039
0.060029 0.016262 0.108804
0.064254 0.019884 0.114564
0.064618 0.020553 0.109088
0.057746 0.012667 0.109390
0.063361 0.018555 0.113587
0.061867 0.018707 0.117622
0.057413 0.012383 0.118117
0.062030 0.017507 0.113583
0.061592 0.016344 0.109621
0.060969 0.017621 0.114511
0.064623 0.020785 0.115651
0.060415 0.017027 0.111228
0.064909 0.021839 0.112731
0.064623 0.019911 0.108761
0.063384 0.018208 0.112554
0.060260 0.017160 0.112630
0.059553 0.017015 0.110908
0.061663 0.017786 0.114787
0.058609 0.015457 0.110735
0.062058 0.017598 0.113799
0.062214 0.019328 0.118897
0.064629 0.020076 0.108974
0.057739 0.012512 0.111827
0.062503 0.019668 0.119358
0.058604 0.014011 0.117912
0.059486 0.016907 0.114086
0.064820 0.020554 0.113216
0.059114 0.014799 0.120835
0.059782 0.017186 0.120467
0.058529 0.014011 0.116525
0.059301 0.015853 0.115501
0.059727 0.017012 0.119292
0.064732 0.020118 0.109940
0.062169 0.019385 0.119156
0.058708 0.014404 0.115681
0.058180 0.013533 0.116818
0.059898 0.017134 0.112970
0.057794 0.012694 0.112759
0.061220 0.017347 0.113473
0.064590 0.019071 0.110352
0.059572 0.016479 0.117094
0.058193 0.014311 0.109256
0.058731 0.014405 0.116278
0.059317 0.015714 0.118088
0.058331 0.013908 0.112720
0.058639 0.015512 0.111236
0.064083 0.018041 0.109298
0.063914 0.019179 0.113740
0.056726 0.011596 0.113795
0.056673 0.011639 0.117234
0.058273 0.013626 0.114833
0.062682 0.018585 0.115522
0.063469 0.019167 0.115190
0.064281 0.018519 0.110222
0.065081 0.022462 0.114911
0.059212 0.015424 0.119249
0.058056 0.013041 0.119154
0.058221 0.014449 0.109461
0.059483 0.016367 0.116023
0.063285 0.018575 0.113894
0.058704 0.014919 0.113097
0.057632 0.012673 0.114607
0.061949 0.017757 0.114423
0.056825 0.011760 0.117695
0.061168 0.016752 0.111355
0.062974 0.017029 0.110290
0.064636 0.019866 0.110848
0.063602 0.017708 0.110266
0.063601 0.020277 0.118240
0.062223 0.019493 0.119339
0.056631 0.011486 0.113456
0.058990 0.016102 0.109135
0.057806 0.012766 0.112989
0.064812 0.020453 0.112873
0.059436 0.015953 0.120284
0.058658 0.015630 0.111638
0.064474 0.019453 0.112126
0.059830 0.017427 0.118225
0.062790 0.018145 0.113897
0.065012 0.021959 0.114149
0.062882 0.018120 0.113592
0.059085 0.015444 0.114340
0.064677 0.020621 0.115004
0.062844 0.017472 0.111912
0.064983 0.021287 0.115269
0.060477 0.019121 0.120132
0.064327 0.019954 0.114502
0.057963 0.013227 0.115158
0.057056 0.011910 0.113036
0.064886 0.021900 0.112351
0.064142 0.020038 0.115577
0.061247 0.016353 0.109622
0.060994 0.016356 0.109397
0.059716 0.016973 0.118017
0.061602 0.016105 0.108507
0.058341 0.014794 0.109299
0.062869 0.019253 0.117020
0.058687 0.014404 0.115039
0.064087 0.018206 0.109996
0.057741 0.012653 0.109250
0.063666 0.020036 0.117309
0.059322 0.016840 0.109497
0.057798 0.012870 0.108886
0.058089 0.013290 0.117959
0.062167 0.018270 0.115849
0.060304 0.018865 0.120208
0.058321 0.014203 0.112309
0.063888 0.018837 0.112686
0.065005 0.022011 0.114911
0.064130 0.020727 0.118004
0.059670 0.016805 0.118787
0.057464 0.012276 0.112391
0.064292 0.018563 0.110073
0.059456 0.016122 0.116270
0.060354 0.018854 0.119504
0.058034 0.013779 0.109096
0.063321 0.019334 0.116130
0.060188 0.018479 0.119155
0.064177 0.018251 0.109544
0.061058 0.016812 0.111516
0.062522 0.017915 0.113940
0.064337 0.020769 0.116985
0.057908 0.013087 0.117197
0.059860 0.017565 0.118405
0.059996 0.017830 0.118116
0.060756 0.018164 0.116335
0.056542 0.011442 0.116944
0.058272 0.013578 0.115436
0.058409 0.014992 0.108547
0.065041 0.022269 0.114317
0.062928 0.016678 0.108986
0.063024 0.018317 0.113819
0.060560 0.017008 0.111868
0.057847 0.012758 0.111133
0.060515 0.018043 0.116043
0.057538 0.012615 0.114757
0.064635 0.019992 0.113076
0.059441 0.016003 0.116457
0.063529 0.018035 0.111666
0.064792 0.020614 0.114371
0.062696 0.016505 0.109091
0.057900 0.013053 0.117510
0.057087 0.012096 0.115581
0.056815 0.011753 0.117541
0.058193 0.013379 0.118168
0.060833 0.017046 0.112169
0.056486 0.011373 0.116150
0.059723 0.016115 0.108586
0.059865 0.017534 0.118773
0.064558 0.018821 0.109434
0.059502 0.016210 0.116685
0.060595 0.017808 0.115247
0.064275 0.019478 0.113369
0.064918 0.021672 0.112970
0.064705 0.020096 0.110748
0.064385 0.018693 0.110510
0.060444 0.018053 0.116242
0.057850 0.012968 0.117955
0.057362 0.012396 0.117207
0.059208 0.017019 0.110845
0.065045 0.022038 0.115421
0.059254 0.015488 0.118986
0.063277 0.016940 0.108585
0.059146 0.015445 0.115960
0.058948 0.014944 0.117619
0.063312 0.019368 0.116257
0.060417 0.017017 0.112054
0.061487 0.018640 0.117727
0.057292 0.012163 0.113046
0.059480 0.017010 0.112568
0.062326 0.016609 0.110133
0.064081 0.018385 0.110659
0.057958 0.012962 0.113405
0.064173 0.018920 0.111714
0.058165 0.014094 0.108564
0.062381 0.018574 0.116294
0.058759 0.014807 0.113443
0.062189 0.018510 0.116544
0.064930 0.021386 0.113571
0.063288 0.017817 0.111794
0.060212 0.017119 0.111535
0.064247 0.019194 0.112439
0.059550 0.016423 0.117628
0.058416 0.013718 0.118160
0.064617 0.019127 0.108778
0.057936 0.013490 0.109584
0.058067 0.014004 0.111422
0.064252 0.019629 0.113854
0.064873 0.021555 0.112173
0.058676 0.015579 0.112001
0.057969 0.013266 0.115304
0.064734 0.021078 0.115893
0.061361 0.016788 0.111412
0.062276 0.016394 0.109429
0.061328 0.019629 0.120230
0.062592 0.016780 0.110325
0.062287 0.017383 0.112655
0.061127 0.017058 0.112318
0.062731 0.019968 0.119763
0.064314 0.018266 0.108943
0.061194 0.017177 0.112903
0.062912 0.019200 0.116641
0.060607 0.017177 0.112727
0.059326 0.015776 0.118304
0.064969 0.021427 0.114075
0.059212 0.015210 0.120380
0.060543 0.017019 0.111493
0.063638 0.018237 0.111923
0.057835 0.012728 0.119297
0.059303 0.015723 0.117848
0.062657 0.017711 0.112945
0.059885 0.017674 0.119411
0.061177 0.016554 0.110241
0.058636 0.014268 0.116067
0.059347 0.015707 0.119723
0.059649 0.016735 0.120018
0.059718 0.017017 0.116948
0.058698 0.015439 0.112214
0.064610 0.019881 0.112203
0.060125 0.018627 0.120996
0.062908 0.019420 0.117427
0.058946 0.014514 0.119750
0.064696 0.019526 0.110240
0.061196 0.018188 0.116340
0.063014 0.019083 0.116148
0.058973 0.015205 0.113923
0.064219 0.020783 0.117790
0.061389 0.017132 0.112541
0.059462 0.016154 0.117844
0.058625 0.014203 0.113714
0.063649 0.020474 0.118592
0.058487 0.013660 0.118717
0.064822 0.020844 0.114799
0.058830 0.014442 0.119280
0.064053 0.020409 0.117159
0.064619 0.019205 0.109982
0.059264 0.016239 0.114000
0.062759 0.017352 0.111777
0.058888 0.015844 0.112625
0.064356 0.020254 0.115335
0.057088 0.012111 0.115959
0.064042 0.018683 0.111496
0.058544 0.013651 0.120752
0.064867 0.020596 0.112171
0.064953 0.021325 0.114735
0.057233 0.012056 0.112581
0.061158 0.019515 0.119931
0.058069 0.013820 0.108707
0.057956 0.013674 0.109746
0.058368 0.013814 0.116292
0.062727 0.019911 0.119541
0.056524 0.011371 0.114095
0.060097 0.018329 0.119499
0.057501 0.012606 0.115980
0.063811 0.018444 0.111889
0.058914 0.015891 0.112913
0.060278 0.018668 0.119254
0.061945 0.017435 0.113314
0.059311 0.015763 0.116072
0.064951 0.021413 0.113823
0.056677 0.011606 0.116055
0.064959 0.021075 0.114129
0.064573 0.018856 0.108656
0.058134 0.013416 0.116349
0.060501 0.018528 0.117820
0.063052 0.017598 0.111835
0.058588 0.014490 0.113120
0.059750 0.017116 0.118500
0.061670 0.016816 0.111312
0.064737 0.020657 0.110361
0.064615 0.019981 0.113427
0.063312 0.019117 0.115523
0.064634 0.019481 0.108579
0.060788 0.019485 0.120737
0.058710 0.015829 0.111426
0.058034 0.013032 0.112373
0.059976 0.016906 0.110777
0.065067 0.022244 0.115208
0.064857 0.022168 0.111761
0.058610 0.014119 0.114213
0.064777 0.020322 0.112661
0.058063 0.013910 0.111648
0.058785 0.014500 0.117783
0.061626 0.018442 0.116954
0.058030 0.013016 0.111938
0.060720 0.018036 0.115840
0.059016 0.016971 0.110042
0.059885 0.017534 0.118053
0.064833 0.021930 0.111552
0.058559 0.013807 0.119549
0.060229 0.018603 0.119402
0.061978 0.016198 0.108950
0.057414 0.012525 0.116947
0.057077 0.011802 0.112010
0.060931 0.017760 0.114994
0.064065 0.019667 0.114611
0.056786 0.011696 0.114556
0.061973 0.016373 0.109568
0.061323 0.019761 0.120697
0.064911 0.021152 0.113364
0.062111 0.018173 0.115567
0.063510 0.019963 0.117528
0.058703 0.014395 0.114304
0.062560 0.016875 0.110730
0.061258 0.016443 0.109877
0.059612 0.017115 0.113647
0.058385 0.013826 0.114955
0.062945 0.019272 0.116836
0.061256 0.018536 0.117489
0.062160 0.016907 0.111273
0.062243 0.018813 0.117247
0.064884 0.020952 0.112622
0.063128 0.018533 0.114189
0.061420 0.017965 0.115463
0.057952 0.013642 0.110162
0.062493 0.018893 0.116899
0.062396 0.018078 0.114738
0.062482 0.018942 0.117083
0.059605 0.016573 0.120202
0.057136 0.012006 0.112804
0.057674 0.012513 0.109504
0.059303 0.015682 0.116229
0.064417 0.020854 0.116732
0.057926 0.013057 0.117847
0.059807 0.017406 0.115857
0.062851 0.017925 0.113009
0.059418 0.017043 0.111177
0.058653 0.015335 0.112281
0.064919 0.021415 0.113165
0.058350 0.013648 0.117960
0.062408 0.018200 0.115125
0.063032 0.019769 0.118184
0.059397 0.015979 0.117389
0.062646 0.018151 0.114201
0.061137 0.018690 0.117847
0.057979 0.013035 0.111454
0.058653 0.014198 0.117324
0.057581 0.012681 0.115232
0.058368 0.014554 0.112072
0.062874 0.017563 0.112100
0.059593 0.016507 0.120913
0.058825 0.014712 0.114371
0.062475 0.019434 0.118611
0.057448 0.012447 0.117533
0.062163 0.018235 0.115657
0.064125 0.018808 0.111600
0.058870 0.014247 0.120611
0.060621 0.016716 0.110210
0.057768 0.012917 0.116740
0.058683 0.014273 0.117642
0.056410 0.011291 0.115814
0.059783 0.017373 0.115513
0.061543 0.017887 0.115169
0.061452 0.019172 0.119044
0.057678 0.012585 0.118820
0.059560 0.017036 0.112357
0.062616 0.016660 0.109748
0.064703 0.020058 0.112576
0.058574 0.014024 0.114026
0.063448 0.017541 0.110296
0.062163 0.019639 0.119862
0.056291 0.011141 0.115917
0.057937 0.013459 0.109285
0.064075 0.019925 0.115421
0.063909 0.018130 0.110643
0.064558 0.018940 0.109834
0.059659 0.017070 0.115672
0.058945 0.016174 0.109803
0.064778 0.021271 0.111767
0.056957 0.011826 0.113476
0.058584 0.015272 0.111841
0.063848 0.017752 0.109407
0.059960 0.017894 0.119829
0.064732 0.021235 0.116729
0.062446 0.018085 0.114560
0.060281 0.016670 0.109504
0.064903 0.020876 0.113604
0.057155 0.012049 0.117997
0.064716 0.020948 0.115727
0.062824 0.018019 0.113363
0.057339 0.011798 0.110558
0.057736 0.012646 0.108740
0.064802 0.021266 0.116416
0.059033 0.015100 0.118081
0.063756 0.018976 0.113653
0.057621 0.012690 0.114910
0.063915 0.017953 0.109996
0.059354 0.015891 0.117127
0.065041 0.023013 0.113969
0.064152 0.018579 0.110926
0.058884 0.014702 0.118851
0.063827 0.019953 0.116586
0.058889 0.016546 0.110020
0.060445 0.019109 0.120498
0.059548 0.016730 0.115860
0.060115 0.017458 0.114049
0.062289 0.017593 0.113354
0.058065 0.013122 0.118811
0.064764 0.021241 0.111168
0.060993 0.016415 0.109600
0.063152 0.017797 0.112081
0.057902 0.012812 0.111460
0.063141 0.019497 0.117010
0.063936 0.019431 0.114362
0.059770 0.017163 0.118131
0.058462 0.013934 0.115533
0.064443 0.019144 0.111229
0.062015 0.018040 0.115314
0.062424 0.017502 0.112855
0.058516 0.013975 0.113829
0.063975 0.019004 0.112867
0.064915 0.021403 0.113371
0.060992 0.017264 0.113223
0.058376 0.013792 0.117041
0.058171 0.013496 0.117069
0.058425 0.013621 0.119144
0.064291 0.019726 0.114000
0.059743 0.017080 0.117328
0.058685 0.015649 0.111279
0.058376 0.013698 0.114201
0.062273 0.017007 0.111504
0.064702 0.019635 0.110337
0.059154 0.015131 0.119944
0.064883 0.020899 0.112242
0.059189 0.017037 0.110166
0.058881 0.014748 0.116524
0.061925 0.018315 0.116497
0.058614 0.015352 0.109602
0.058460 0.014960 0.110681
0.060897 0.016913 0.111860
0.060072 0.018296 0.120811
0.059834 0.017355 0.116940
0.060282 0.017776 0.115544
0.058057 0.013313 0.115423
0.063893 0.019935 0.116297
0.060222 0.018058 0.116823
0.059395 0.015978 0.117543
0.062357 0.019481 0.119094
0.062008 0.019210 0.118876
0.064762 0.020401 0.110643
0.065005 0.023068 0.113584
0.062830 0.019618 0.118222
0.063447 0.019534 0.116432
0.058303 0.013390 0.119062
0.061106 0.017677 0.114714
0.059654 0.016750 0.118137
0.064991 0.021701 0.114259
0.062228 0.017590 0.113497
0.060644 0.019326 0.120498
0.058664 0.014051 0.118402
0.056786 0.011623 0.113213
0.059897 0.017029 0.111948
0.064126 0.020170 0.116154
0.061660 0.018735 0.117887
0.058758 0.016059 0.110334
0.064994 0.021666 0.114597
0.058263 0.013611 0.117241
0.058187 0.014351 0.109822
0.061157 0.016171 0.108735
0.062466 0.019529 0.118892
0.061231 0.018346 0.116895
0.061576 0.018029 0.115656
0.063533 0.019525 0.116137
0.064488 0.020601 0.115812
0.064762 0.020299 0.111336
0.058385 0.014758 0.111350
0.064053 0.018882 0.112234
0.060743 0.018334 0.116921
0.060480 0.016903 0.110785
0.059467 0.016749 0.114733
0.064975 0.021968 0.113483
0.061720 0.018669 0.117699
0.061959 0.017342 0.112884
0.058182 0.013278 0.112894
0.057735 0.012706 0.118593
0.064928 0.022725 0.112657
0.058524 0.014005 0.114345
0.058037 0.013021 0.119649
0.063504 0.017827 0.111153
0.057440 0.012284 0.118823
0.059255 0.016899 0.111642
0.059671 0.016844 0.117925
0.058018 0.013981 0.110078
0.059820 0.017100 0.112245
0.061697 0.019305 0.119344
0.057887 0.013173 0.110296
0.064197 0.018430 0.110499
0.057591 0.012498 0.112940
0.057752 0.012841 0.114790
0.064209 0.018807 0.111356
0.059389 0.015943 0.116798
0.059188 0.015505 0.115681
0.057938 0.013062 0.118591
0.059323 0.015710 0.118502
0.059643 0.017121 0.114928
0.058385 0.014764 0.110774
0.058723 0.016087 0.110542
0.058436 0.013952 0.116145
0.059504 0.016186 0.120916
0.057299 0.012256 0.117663
0.059291 0.015733 0.116707
0.058443 0.014785 0.112000
0.061089 0.019129 0.119024
0.062817 0.018719 0.115532
0.064744 0.020839 0.110443
0.059364 0.016035 0.115859
0.060726 0.017649 0.114735
0.064299 0.018655 0.110660
0.064242 0.020043 0.115156
0.059089 0.016837 0.109643
0.057835 0.013025 0.116094
0.064466 0.019381 0.111929
0.063760 0.018891 0.113365
0.063317 0.017633 0.111232
0.058130 0.013291 0.112305
0.061759 0.016267 0.109277
0.057852 0.013123 0.109978
0.057863 0.012945 0.114518
0.062689 0.018255 0.114436
0.063133 0.017996 0.112626
0.062505 0.018365 0.115348
0.058235 0.013518 0.115651
0.061196 0.016602 0.110476
0.064396 0.018976 0.111109
0.059663 0.016708 0.120548
0.058444 0.013613 0.119462
0.058935 0.014951 0.114593
0.059418 0.016058 0.108710
0.058368 0.014803 0.109572
0.064183 0.019910 0.114925
0.059438 0.016562 0.115106
0.057752 0.012701 0.108998
0.060525 0.017119 0.112363
0.060734 0.019362 0.120218
0.057283 0.012307 0.114535
0.058441 0.013590 0.119642
0.056974 0.011942 0.117191
0.059094 0.015368 0.114607
0.059870 0.017583 0.119848
0.060147 0.018479 0.119684
0.064886 0.020699 0.112035
0.057445 0.012408 0.113787
0.064913 0.021093 0.114778
0.060796 0.017177 0.112921
0.059296 0.016900 0.113010
0.064010 0.017809 0.108750
0.059961 0.017791 0.120411
0.062627 0.017942 0.113768
0.062204 0.017093 0.111804
0.063189 0.018725 0.114580
0.058700 0.014146 0.119274
0.062977 0.019791 0.118432
0.064139 0.018046 0.109009
0.064605 0.018842 0.108485
0.060475 0.018764 0.118435
0.058945 0.014711 0.119181
0.058839 0.014689 0.116967
0.058975 0.015019 0.118296
0.063344 0.018766 0.114281
0.057457 0.011951 0.110197
0.061493 0.017691 0.114568
0.057300 0.011848 0.111083
0.063394 0.018944 0.114691
0.058120 0.014010 0.108930
0.064844 0.020565 0.113413
0.059572 0.016504 0.118474
0.060121 0.016173 0.108421
0.058725 0.015888 0.112012
0.060735 0.018472 0.117328
0.058497 0.013670 0.119732
0.059092 0.015151 0.118454
0.061961 0.019722 0.120252
0.064920 0.020760 0.113991
0.060159 0.018148 0.117811
0.058698 0.015442 0.109031
0.061584 0.019578 0.120039
0.057779 0.012591 0.111524
0.059494 0.016209 0.119618
0.058292 0.014445 0.111960
0.061013 0.019400 0.119761
0.064923 0.022455 0.112474
0.059168 0.015400 0.117923
0.062291 0.016445 0.109579
0.060351 0.016792 0.110060
0.064661 0.020073 0.111024
0.064489 0.019576 0.112681
0.061383 0.017262 0.113134
0.059251 0.015632 0.117652
0.059614 0.017055 0.114571
0.059143 0.016858 0.111397
0.058661 0.014240 0.116624
0.064358 0.019264 0.112201
0.062636 0.018828 0.116365
0.060072 0.018401 0.120282
0.062014 0.017672 0.114072
0.057893 0.013078 0.115705
0.062963 0.016835 0.109491
0.062544 0.017469 0.112481
0.060712 0.017505 0.114087
0.061960 0.016926 0.111505
0.057740 0.012627 0.110439
0.064643 0.019783 0.111333
0.060301 0.017930 0.115968
0.057482 0.012410 0.113287
0.059057 0.016981 0.110529
0.058913 0.015645 0.113196
0.061067 0.016300 0.109138
0.062651 0.018781 0.116184
0.058301 0.013686 0.117139
0.058848 0.016116 0.112278
0.059292 0.016875 0.113232
0.059901 0.017543 0.120523
0.057563 0.012267 0.111628
0.058751 0.015599 0.109677
0.058861 0.014242 0.120275
0.064367 0.019204 0.111857
0.059540 0.017034 0.111588
0.058627 0.014275 0.115464
0.062327 0.019830 0.120182
0.063963 0.018290 0.110886
0.058648 0.014221 0.117079
0.059344 0.015817 0.116542
0.064707 0.020389 0.109889
0.059156 0.016516 0.112498
0.059382 0.015921 0.117790
0.059916 0.016950 0.110944
0.058246 0.013587 0.116541
0.062329 0.017556 0.113116
0.058412 0.014537 0.112289
0.060022 0.018089 0.119239
0.058942 0.014461 0.120520
0.060723 0.018870 0.118350
0.057834 0.013117 0.115299
0.058594 0.013869 0.118667
0.059270 0.015677 0.117325
0.058474 0.014008 0.115907
0.064160 0.018271 0.109818
0.061641 0.018203 0.116399
0.062571 0.016831 0.110553
0.059841 0.017296 0.119023
0.059740 0.017059 0.120093
0.058053 0.013273 0.115806
0.057885 0.013243 0.108997
0.059749 0.017346 0.115234
0.064553 0.018912 0.109612
0.063251 0.017455 0.110854
0.058696 0.015909 0.110865
0.064242 0.020456 0.116521
0.059937 0.017379 0.114038
0.061634 0.019698 0.120352
0.064854 0.021229 0.112059
0.064813 0.020413 0.113675
0.059549 0.017083 0.111438
0.057539 0.012437 0.118554
0.056939 0.011931 0.117419
0.061580 0.017247 0.112945
0.057613 0.012684 0.118113
0.058287 0.014627 0.109021
0.058126 0.013234 0.113834
0.061159 0.019667 0.120560
0.062998 0.018862 0.115579
0.062364 0.017722 0.113691
0.059752 0.016947 0.110716
0.058539 0.014031 0.117078
0.063595 0.019129 0.114648
0.057928 0.013081 0.118140
0.062477 0.016295 0.108837
0.063963 0.017976 0.109747
0.063549 0.020154 0.117971
0.060889 0.018119 0.116093
0.057574 0.012201 0.110082
0.064160 0.018015 0.108612
0.062691 0.019538 0.118379
0.064645 0.019447 0.109078
0.057995 0.012989 0.113092
0.059170 0.015128 0.119701
0.058833 0.015622 0.112720
0.060495 0.016702 0.109807
0.062069 0.019070 0.118301
0.062186 0.016320 0.109241
0.060342 0.018567 0.118510
0.057693 0.012675 0.113871
0.059380 0.016173 0.115647
0.064947 0.021678 0.113350
0.059076 0.015566 0.113970
0.058769 0.016112 0.111643
0.064384 0.019081 0.111425
0.063216 0.018183 0.112957
0.062447 0.018467 0.115634
0.063573 0.019358 0.115438
0.060602 0.018958 0.118903
0.060569 0.019282 0.120755
0.060040 0.017955 0.118463
0.058467 0.015009 0.110106
0.060463 0.017700 0.115031
0.065014 0.021843 0.115474
0.059517 0.016400 0.116238
0.063720 0.018268 0.111729
0.058552 0.015215 0.110524
0.056904 0.011848 0.114839
0.062777 0.016717 0.109559
0.059583 0.016709 0.116217
0.058725 0.014201 0.118097
0.058340 0.013718 0.115298
0.058124 0.013252 0.112469
0.059843 0.017484 0.116329
0.064924 0.021055 0.114448
0.057856 0.012906 0.110531
0.058533 0.014009 0.116825
0.061666 0.017197 0.112572
0.057651 0.012416 0.110178
0.059860 0.017415 0.119173
0.060466 0.016281 0.108702
0.062451 0.019773 0.119830
0.059690 0.016896 0.120328
0.064602 0.019090 0.110159
0.057784 0.012943 0.109873
0.064525 0.021034 0.116916
0.063541 0.018621 0.113261
0.062773 0.017308 0.111503
0.060051 0.017081 0.111204
0.064787 0.020629 0.110941
0.064994 0.022329 0.113555
0.058403 0.013786 0.113575
0.059872 0.017439 0.115111
0.058686 0.013833 0.120661
0.058789 0.016490 0.110672
0.063140 0.019070 0.115832
0.058808 0.014529 0.118717
0.061015 0.018453 0.117194
0.060312 0.018857 0.119978
0.058699 0.014420 0.115317
0.057720 0.012833 0.109703
0.060712 0.019457 0.120972
0.062298 0.019605 0.119587
0.061679 0.018553 0.117249
0.056497 0.011368 0.116635
0.064214 0.019002 0.111804
0.063129 0.019309 0.116503
0.059667 0.017122 0.114197
0.058159 0.014194 0.111313
0.064834 0.020690 0.111478
0.061742 0.016432 0.109947
0.062650 0.019139 0.117247
0.060159 0.017524 0.114398
0.056434 0.011311 0.115082
0.060644 0.018413 0.117224
0.064913 0.021344 0.115869
0.058982 0.016702 0.109720
0.060677 0.016497 0.109436
0.060008 0.017478 0.114901
0.058375 0.013764 0.115594
0.059653 0.016769 0.118534
0.059336 0.016596 0.113963
0.058175 0.014327 0.110458
0.057547 0.012135 0.110458
0.056961 0.011853 0.113836
0.059400 0.015946 0.118297
0.058845 0.014820 0.113842
0.063286 0.017314 0.109717
0.064949 0.021924 0.113125
0.059263 0.015675 0.116959
0.065014 0.021638 0.115497
0.059505 0.016048 0.108425
0.059669 0.016747 0.121104
0.062688 0.017868 0.113236
0.058976 0.014482 0.120764
0.058529 0.014081 0.115330
0.062761 0.019490 0.118044
0.064525 0.018908 0.110197
0.058198 0.013474 0.114617
0.059769 0.017076 0.121029
0.062698 0.018963 0.116564
0.059883 0.017528 0.116695
0.059111 0.015403 0.116514
0.058935 0.016670 0.111293
0.064060 0.019467 0.114043
0.058975 0.016440 0.109654
0.063253 0.017288 0.110269
0.058239 0.014439 0.111425
0.060090 0.017140 0.112409
0.061515 0.019744 0.120567
0.064800 0.020386 0.111667
0.060097 0.016292 0.108808
0.056836 0.011667 0.112892
0.058760 0.015422 0.112590
0.064750 0.020150 0.110450
0.064702 0.020588 0.110075
0.063394 0.018010 0.111997
0.061597 0.019150 0.118934
0.060563 0.019037 0.119310
0.057721 0.012704 0.113453
0.058042 0.013867 0.110604
0.061922 0.018440 0.116771
0.056893 0.011865 0.116499
0.058467 0.013980 0.115089
0.059956 0.017830 0.120029
0.061556 0.018344 0.116823
0.060511 0.018459 0.117622
0.058663 0.014943 0.112805
0.064330 0.019364 0.112770
0.063352 0.019541 0.116638
0.062736 0.019861 0.119352
0.063773 0.017609 0.109280
0.059894 0.017654 0.119257
0.064767 0.020282 0.113206
0.057480 0.012352 0.112613
0.059665 0.016731 0.120754
0.061905 0.019585 0.119935
0.061808 0.019214 0.119032
0.060020 0.017281 0.113378
0.063633 0.017513 0.109525
0.059323 0.015716 0.118656
0.059603 0.017075 0.110294
0.057879 0.012952 0.110928
0.058063 0.013561 0.111607
0.056176 0.011001 0.115195
0.062102 0.018391 0.116380
0.060010 0.016167 0.108552
0.056398 0.011289 0.115435
0.064114 0.020574 0.117578
0.058935 0.014876 0.117453
0.062694 0.019038 0.116857
0.064267 0.018300 0.109202
0.062848 0.017019 0.110610
0.064277 0.018799 0.111137
0.064579 0.019593 0.111798
0.060899 0.017869 0.115253
0.062194 0.017824 0.114243
0.060373 0.018475 0.118011
0.062909 0.017831 0.112595
0.064645 0.019115 0.108594
0.057690 0.012487 0.112220
0.064554 0.018791 0.109262
0.065005 0.021581 0.115281
0.060440 0.016820 0.110421
0.063344 0.019636 0.116846
0.064992 0.021608 0.115735
0.058299 0.014266 0.112150
0.058139 0.013383 0.111937
0.057506 0.012074 0.109518
0.058891 0.015208 0.113542
0.057214 0.012269 0.116469
0.059755 0.017111 0.117710
0.060175 0.018585 0.119893
0.058735 0.014252 0.119141
0.056954 0.011881 0.114433
0.057341 0.012210 0.118351
0.058384 0.014861 0.108973
0.057556 0.012661 0.116703
0.058488 0.013835 0.117933
0.064587 0.020030 0.113781
0.058807 0.015796 0.112287
0.062040 0.019472 0.119537
0.063167 0.018896 0.115269
0.057031 0.012051 0.116285
0.061977 0.018713 0.117411
0.063871 0.020355 0.117778
0.062322 0.016750 0.110628
0.058575 0.014045 0.117522
0.062411 0.019274 0.118269
0.056851 0.011816 0.115393
0.058410 0.013858 0.115806
0.062869 0.019944 0.119197
0.059276 0.015782 0.115743
0.062229 0.018957 0.117660
0.059184 0.016612 0.112640
0.064474 0.019133 0.110948
0.060018 0.016874 0.109814
0.058072 0.013898 0.111082
0.060464 0.017271 0.113127
0.056978 0.011894 0.114230
0.065001 0.022788 0.113378
0.062987 0.017425 0.111505
0.063701 0.018420 0.112208
0.063673 0.020008 0.117110
0.059990 0.018032 0.120245
0.063953 0.019820 0.115587
0.059395 0.016535 0.109208
0.060020 0.017821 0.116899
0.058813 0.014350 0.119682
0.058943 0.014942 0.115704
0.064342 0.018573 0.109914
0.059374 0.016256 0.115313
0.059830 0.017346 0.117451
0.063469 0.017671 0.110861
0.057902 0.013107 0.114816
0.064463 0.018581 0.109051
0.062463 0.018562 0.116037
0.059067 0.016400 0.112634
0.063502 0.018195 0.112182
0.058781 0.014557 0.116934
0.060848 0.016659 0.110316
0.062573 0.018264 0.114885
0.057719 0.012865 0.116356
0.058687 0.014207 0.117853
0.063980 0.020382 0.117482
0.060045 0.017820 0.116561
0.060536 0.016188 0.108489
0.060068 0.018266 0.120010
0.064210 0.019510 0.113650
0.059950 0.017652 0.117066
0.058513 0.013742 0.118504
0.057829 0.012791 0.119104
0.062909 0.019023 0.116229
0.060982 0.019619 0.120729
0.064278 0.020246 0.115716
0.064459 0.020505 0.115657
0.062796 0.018814 0.115919
0.058113 0.013299 0.112093
0.060732 0.016774 0.110667
0.060120 0.018503 0.121018
0.057989 0.013218 0.116809
0.064727 0.019734 0.110230
0.064715 0.019883 0.110080
0.062966 0.020034 0.119012
0.058281 0.013515 0.113726
0.058264 0.013323 0.119553
0.058679 0.015798 0.110642
0.057878 0.013135 0.108709
0.059907 0.017191 0.111427
0.060761 0.016891 0.111576
0.062596 0.018241 0.114728
0.063868 0.020229 0.117271
0.063472 0.018772 0.113932
0.057539 0.012629 0.115604
0.059832 0.017392 0.120168
0.058938 0.016308 0.112049
0.058296 0.013501 0.113335
0.061156 0.016708 0.110882
0.058798 0.014600 0.115558
0.058155 0.013127 0.119819
0.057981 0.013456 0.108676
0.064627 0.019311 0.110194
0.065023 0.022241 0.113974
0.058166 0.013323 0.112636
0.057160 0.011780 0.111590
0.059826 0.017375 0.119308
0.063428 0.017845 0.111452
0.062319 0.018279 0.115427
0.057669 0.012405 0.110651
0.062754 0.019372 0.117716
0.062287 0.017204 0.112127
0.058783 0.014533 0.117216
0.059601 0.017097 0.113345
0.061609 0.018137 0.116114
0.062930 0.018086 0.113244
0.064694 0.020197 0.112954
0.061023 0.019512 0.120077
0.058941 0.016924 0.110351
0.057178 0.011953 0.112275
0.058242 0.013525 0.114413
0.058205 0.014245 0.111004
0.064448 0.018787 0.110331
0.056629 0.011516 0.114581
0.057747 0.012524 0.111367
0.058702 0.015784 0.111677
0.063345 0.018403 0.113201
0.058704 0.015672 0.109969
0.063208 0.019791 0.117705
0.059550 0.016987 0.109841
0.059585 0.016247 0.108912
0.059695 0.016889 0.120439
0.059956 0.017793 0.118573
0.058617 0.014332 0.113424
0.056047 0.010814 0.115956
0.057962 0.013166 0.117344
0.057855 0.012719 0.112448
0.064734 0.020077 0.111609
0.064905 0.021064 0.112813
0.062618 0.019685 0.119086
0.057555 0.012518 0.118296
0.060547 0.018192 0.116605
0.059830 0.017097 0.111620
0.062823 0.017203 0.111226
0.056254 0.011067 0.116356
0.059510 0.016275 0.118199
0.060141 0.016906 0.110339
0.064450 0.020422 0.115505
0.061310 0.017781 0.114917
0.064196 0.019020 0.112049
0.059143 0.015387 0.117192
0.058948 0.016868 0.110153
0.058157 0.013449 0.115041
0.059145 0.015439 0.116909
0.059397 0.016963 0.112027
0.062543 0.017169 0.111610
0.058152 0.014233 0.110666
0.063777 0.017734 0.109704
0.060675 0.018900 0.118558
0.065069 0.022486 0.114646
0.058572 0.015365 0.108424
0.058823 0.016342 0.110011
0.064584 0.020365 0.114627
0.057368 0.012397 0.114861
0.058554 0.014571 0.112779
0.059180 0.015488 0.115026
0.064863 0.021915 0.111989
0.058190 0.014256 0.108702
0.058011 0.012988 0.112723
0.057623 0.012373 0.109024
0.061565 0.017594 0.114236
0.058898 0.014787 0.118158
0.061452 0.018796 0.118074
0.064687 0.020109 0.112763
0.059839 0.017380 0.117932
0.059781 0.017388 0.118419
0.059820 0.017226 0.118791
0.061069 0.016979 0.112086
0.058575 0.015129 0.112177
0.061884 0.018794 0.117851
0.062287 0.016258 0.108996
0.059193 0.015706 0.114709
0.059274 0.015504 0.119512
0.059165 0.015175 0.119398
0.059749 0.016687 0.109163
0.061734 0.018927 0.118261
0.061702 0.016870 0.111491
0.060489 0.016481 0.109284
0.064655 0.020273 0.114171
0.060231 0.016504 0.109133
0.058864 0.016581 0.110803
0.060177 0.018597 0.120222
0.064943 0.021151 0.113797
0.060181 0.018197 0.118095
0.061891 0.019055 0.118463
0.058059 0.013205 0.114336
0.057966 0.013599 0.110922
0.064097 0.018235 0.110157
0.064464 0.019669 0.113243
0.059169 0.016629 0.109483
0.058311 0.013318 0.120047
0.062774 0.019796 0.118935
0.059156 0.015695 0.114310
0.064974 0.021376 0.115536
0.059432 0.015979 0.119467
0.064591 0.019747 0.112536
0.064539 0.020567 0.115457
0.059203 0.015044 0.121041
0.058342 0.014752 0.110141
0.058353 0.013733 0.117305
0.058216 0.013543 0.117848
0.062903 0.016873 0.109810
0.057909 0.012949 0.114121
0.062750 0.019960 0.119642
0.062352 0.016699 0.110462
0.058366 0.014800 0.108811
0.065009 0.023230 0.113541
0.058360 0.014746 0.110626
0.059615 0.016620 0.117445
0.061544 0.018075 0.115858
0.059123 0.015210 0.118646
0.061773 0.017447 0.113656
0.059869 0.017537 0.116060
0.064083 0.018527 0.111111
0.059534 0.016434 0.116493
0.060441 0.018799 0.118751
0.056323 0.011149 0.114418
0.059192 0.015386 0.118315
0.058994 0.014899 0.119037
0.058271 0.014377 0.111224
0.058276 0.013353 0.119320
0.064916 0.021101 0.115342
0.061452 0.018926 0.118388
0.058781 0.015579 0.108408
0.061017 0.017566 0.114332
0.064673 0.019631 0.109423
0.060874 0.019041 0.118824
0.060001 0.018108 0.120743
0.060465 0.018341 0.117219
0.058041 0.013366 0.116582
0.057728 0.012665 0.112859
0.058548 0.014057 0.113629
0.059993 0.017916 0.118840
0.058724 0.015953 0.111078
0.064614 0.019289 0.109549
0.059633 0.016675 0.119814
0.058300 0.013642 0.117594
0.064687 0.019875 0.111707
0.059069 0.014822 0.119592
0.063949 0.018554 0.111582
0.059887 0.017522 0.117706
0.065040 0.022582 0.114040
0.060297 0.018852 0.119757
0.058928 0.014877 0.116121
0.057360 0.012308 0.113546
0.061401 0.018447 0.117165
0.062982 0.017772 0.112346
0.059434 0.016054 0.116910
0.063744 0.020492 0.118435
0.057224 0.012166 0.117843
0.061353 0.017414 0.113712
0.063948 0.020573 0.118197
0.059451 0.016128 0.117683
0.062553 0.018313 0.115179
0.059078 0.016447 0.113007
0.063621 0.019519 0.115847
0.057644 0.012737 0.117045
0.058821 0.014693 0.117615
0.063801 0.020439 0.118221
0.060320 0.018041 0.116470
0.060138 0.017881 0.116246
0.063794 0.018620 0.112411
0.062983 0.018610 0.114677
0.058432 0.013775 0.113998
0.058259 0.013511 0.113559
0.059506 0.016363 0.118696
0.061325 0.016225 0.108988
0.057913 0.013441 0.109950
0.064706 0.019929 0.110577
0.059258 0.015512 0.118706
0.058134 0.013616 0.111879
0.062520 0.018571 0.115873
0.062950 0.019619 0.117840
0.059539 0.016371 0.119814
0.057488 0.012030 0.109895
0.062501 0.016377 0.109053
0.057100 0.012076 0.114671
0.059113 0.016887 0.111125
0.064642 0.019537 0.108811
0.062490 0.018069 0.114377
0.057454 0.012454 0.117689
0.058990 0.014562 0.120174
0.058863 0.014764 0.114973
0.060549 0.017581 0.114484
0.064533 0.019865 0.112896
0.061708 0.017530 0.113934
0.062120 0.016469 0.109811
0.060424 0.019103 0.120802
0.062322 0.016567 0.109912
0.064883 0.021229 0.112479
0.058712 0.016042 0.110807
0.060906 0.018096 0.115901
0.064536 0.020134 0.114259
0.058483 0.015033 0.110948
0.063412 0.017463 0.109705
0.058722 0.016134 0.111303
0.058598 0.014179 0.114386
0.063244 0.020161 0.118857
0.058594 0.015344 0.110074
0.059587 0.016513 0.116697
0.064844 0.020446 0.111977
0.064783 0.021595 0.111081
0.059765 0.017203 0.113441
0.065009 0.021932 0.114780
0.059010 0.015835 0.108582
0.058782 0.014612 0.114732
0.059222 0.015165 0.120719
0.061022 0.019570 0.120289
0.058981 0.015783 0.109667
0.057495 0.012242 0.112007
0.064833 0.021032 0.115535
0.064508 0.020493 0.115177
0.057792 0.012822 0.108694
0.064735 0.019853 0.109770
0.058148 0.013232 0.113517
0.058623 0.014252 0.115748
0.064993 0.022191 0.113724
0.058645 0.013989 0.119646
0.063795 0.019748 0.115991
0.058669 0.015654 0.111851
0.058720 0.014465 0.114864
0.063411 0.017333 0.109544
0.058709 0.015785 0.110267
0.064430 0.018615 0.109376
0.064972 0.022436 0.113167
0.058804 0.014594 0.115917
0.057253 0.012278 0.115217
0.059729 0.016993 0.119510
0.059726 0.017028 0.119713
0.057921 0.012796 0.111771
0.058377 0.013763 0.116744
0.061514 0.016916 0.111781
0.057926 0.012939 0.113748
0.059978 0.017766 0.117371
0.059507 0.016703 0.115431
0.056261 0.011092 0.114837
0.062329 0.016863 0.110950
0.060159 0.017438 0.113893
0.062295 0.018356 0.115754
0.058523 0.014739 0.112526
0.061414 0.018250 0.116599
0.064864 0.021172 0.115703
0.063718 0.019191 0.114373
0.059587 0.016484 0.121096
0.059982 0.017745 0.116222
0.063946 0.019047 0.113178
0.062912 0.019104 0.116436
0.064936 0.021505 0.116102
0.064711 0.021046 0.110184
0.059960 0.017730 0.117959
0.059401 0.016026 0.116037
0.058634 0.015490 0.110372
0.059483 0.016199 0.117112
0.058051 0.013925 0.110413
0.059091 0.015238 0.117445
0.058298 0.014042 0.112483
0.058245 0.014455 0.108614
0.064808 0.020523 0.111194
0.060343 0.018314 0.117447
0.059058 0.016199 0.109456
0.064876 0.021494 0.116483
0.060146 0.016950 0.110860
0.063747 0.017533 0.109056
0.057224 0.012198 0.114388
0.059851 0.016198 0.108762
0.063571 0.018409 0.112583
0.061925 0.017866 0.114833
0.064384 0.020146 0.114894
0.057929 0.012809 0.119559
0.062689 0.018079 0.114008
0.064761 0.020146 0.111907
0.059741 0.017247 0.114348
0.057653 0.012502 0.112598
0.059331 0.015773 0.116332
0.064026 0.018813 0.112133
0.060114 0.018246 0.118842
0.063107 0.018197 0.113263
0.064326 0.020882 0.117528
0.059336 0.017038 0.109929
0.064674 0.020278 0.109536
0.058732 0.014478 0.115967
0.056607 0.011527 0.115304
0.058528 0.015137 0.109088
0.059076 0.016232 0.109219
0.061152 0.016752 0.111203
0.058895 0.016584 0.111052
0.062521 0.016892 0.110856
0.064803 0.021350 0.111570
0.059678 0.017059 0.116047
0.059053 0.015194 0.115730
0.062687 0.017527 0.112277
0.059814 0.017357 0.117752
0.058524 0.015006 0.111940
0.059206 0.015503 0.116259
0.062885 0.018305 0.114151
0.062012 0.017262 0.112476
0.064609 0.019009 0.109370
0.058535 0.014145 0.114912
0.064058 0.019833 0.115193
0.059018 0.015142 0.116866
0.063593 0.018355 0.112391
0.061568 0.017349 0.113388
0.058479 0.014011 0.114743
0.064002 0.018686 0.111789
0.059916 0.016973 0.110164
0.059930 0.017697 0.120212
0.059741 0.016934 0.119082
0.058934 0.016389 0.111739
0.059778 0.017163 0.113207
0.060973 0.018275 0.116627
0.057721 0.012864 0.115872
0.061818 0.019396 0.119544
0.058897 0.014809 0.117997
0.064536 0.020955 0.116630
0.059102 0.016456 0.112847
0.058867 0.016396 0.111363
0.058405 0.014896 0.109154
0.058628 0.013975 0.119083
0.057974 0.013711 0.110027
0.059173 0.015922 0.113936
0.059445 0.016942 0.113492
0.057594 0.012261 0.111127
0.058463 0.014927 0.111682
0.063298 0.017097 0.109237
0.058060 0.014009 0.109768
0.062786 0.017732 0.112683
0.059385 0.016819 0.113713
0.062834 0.018488 0.114856
0.064458 0.018937 0.110704
0.065046 0.022188 0.114964
0.058279 0.013311 0.120383
0.058872 0.014798 0.115260
0.060302 0.016234 0.108626
0.064670 0.019912 0.109248
0.062481 0.019409 0.118387
0.057844 0.013163 0.109556
0.059078 0.016188 0.113460
0.064489 0.021047 0.117284
0.063482 0.017519 0.110123
0.061332 0.019043 0.118741
0.058950 0.014603 0.119428
0.058563 0.014928 0.112364
0.058342 0.014711 0.111728
0.058677 0.015682 0.110881
0.058856 0.014739 0.118473
0.061903 0.017943 0.115125
0.061842 0.019480 0.119721
0.058041 0.013275 0.117176
0.059717 0.016975 0.118190
0.061828 0.016816 0.111224
0.058275 0.013656 0.112686
0.063100 0.020138 0.119167
0.064401 0.019941 0.114208
0.064986 0.022518 0.113402
0.059811 0.017356 0.119867
0.059523 0.016990 0.111800
0.057344 0.012140 0.112214
0.060408 0.017863 0.115627
0.060487 0.016346 0.108897
0.059091 0.015970 0.108926
0.058963 0.015027 0.117897
0.060215 0.018331 0.118540
0.060850 0.019498 0.120445
0.064287 0.019971 0.114710
0.063783 0.018814 0.113017
0.062528 0.019234 0.117890
0.058259 0.014035 0.112153
0.062699 0.018434 0.115124
0.057877 0.013279 0.109754
0.057265 0.011801 0.110872
0.059521 0.016254 0.120456
0.064756 0.020320 0.110942
0.059524 0.016320 0.117445
0.062917 0.018478 0.114503
0.064838 0.020588 0.112363
0.058688 0.015474 0.109395
0.060762 0.016338 0.109081
0.062615 0.019146 0.117386
0.058491 0.014104 0.113082
0.065035 0.022755 0.113865
0.059125 0.016495 0.112091
0.058834 0.015656 0.112498
0.058792 0.014048 0.120688
0.059709 0.016883 0.121154
0.064859 0.020628 0.113054
0.063978 0.019656 0.114927
0.058924 0.014890 0.117097
0.064646 0.020790 0.109807
0.058463 0.014188 0.112886
0.064726 0.020345 0.110084
0.059769 0.017173 0.119994
0.057921 0.013498 0.110204
0.058811 0.014038 0.120961
0.058056 0.013191 0.111746
0.062696 0.018347 0.114611
0.061358 0.017051 0.112231
0.062454 0.017242 0.111967
0.064743 0.020134 0.110213
0.064411 0.019815 0.113819
0.063527 0.018976 0.114351
0.059054 0.015186 0.116167
0.060826 0.019327 0.119756
0.058566 0.015254 0.110240
0.058614 0.014005 0.118875
0.057962 0.013580 0.108967
0.059654 0.016718 0.119527
0.063146 0.019591 0.117242
0.058280 0.013448 0.113074
0.063984 0.018130 0.110385
0.059941 0.017233 0.113273
0.060786 0.016851 0.111132
0.061024 0.017373 0.113572
0.058699 0.014171 0.118685
0.063996 0.020502 0.117833
0.064922 0.022112 0.112614
0.058034 0.013787 0.108904
0.062012 0.016755 0.110936
0.061658 0.017834 0.114939
0.056887 0.011865 0.115746
0.064226 0.018628 0.110794
0.059967 0.017882 0.120612
0.063571 0.018787 0.113640
0.058455 0.014989 0.109892
0.057777 0.012937 0.115530
0.059957 0.016309 0.108861
0.055993 0.010764 0.115480
0.058427 0.013822 0.114320
0.059427 0.017017 0.112739
0.063859 0.019227 0.114043
0.060261 0.017161 0.112879
0.061797 0.017770 0.114654
0.063085 0.016872 0.109196
0.059766 0.017144 0.117509
0.064586 0.019822 0.112706
0.064609 0.019296 0.110524
0.062509 0.017208 0.111799
0.064125 0.020046 0.115696
0.059248 0.015394 0.119636
0.059829 0.016802 0.109414
0.064450 0.019723 0.113420
0.063597 0.019745 0.116638
0.064967 0.021362 0.114401
0.058769 0.014388 0.118904
0.058693 0.015295 0.112410
0.064976 0.022199 0.113319
0.058853 0.015646 0.108776
0.059650 0.017113 0.112878
0.056185 0.011020 0.115593
0.064500 0.018855 0.109993
0.059276 0.015898 0.115101
0.058784 0.014477 0.117464
0.061615 0.019362 0.119540
0.064792 0.020758 0.114649
0.064642 0.019663 0.110615
0.062605 0.017348 0.112072
0.057310 0.012372 0.115761
0.057885 0.013140 0.115885
0.056913 0.011731 0.112414
0.064537 0.020402 0.114973
0.059284 0.016007 0.108515
0.064734 0.021301 0.110393
0.065053 0.022611 0.114411
0.061974 0.016607 0.110537
0.059019 0.014605 0.120957
0.058936 0.015019 0.116642
0.059505 0.016213 0.120139
0.057869 0.012853 0.118876
0.064901 0.020891 0.113369
0.059336 0.016238 0.114896
0.061055 0.018937 0.118494
0.058441 0.013520 0.119916
0.064177 0.019703 0.114295
0.057144 0.012174 0.116751
0.060566 0.017348 0.113465
0.064528 0.019185 0.110752
0.060485 0.019231 0.121105
0.059926 0.017582 0.120799
0.058731 0.015876 0.110090
0.061792 0.018006 0.115441
0.059629 0.017062 0.115311
0.064332 0.018256 0.108661
0.064142 0.019297 0.113271
0.064255 0.018423 0.109429
0.064362 0.020501 0.116137
0.062273 0.017911 0.114371
0.062349 0.017854 0.114064
0.064068 0.019156 0.113055
0.064903 0.021336 0.112832
0.058902 0.015825 0.109796
0.057501 0.012504 0.117853
0.059109 0.014944 0.120148
0.061839 0.016985 0.111751
0.058694 0.014351 0.116950
0.063991 0.017838 0.109078
0.058850 0.014537 0.119097
0.058640 0.014344 0.114753
0.059052 0.016301 0.113194
0.060746 0.019264 0.119668
0.059463 0.017008 0.113072
0.064810 0.021113 0.111381
0.064471 0.018601 0.108778
0.058167 0.013226 0.113197
0.059913 0.017797 0.119621
0.060152 0.017715 0.115540
0.061930 0.018579 0.117087
0.062256 0.017282 0.112367
0.059334 0.015604 0.120437
0.064592 0.018949 0.109002
0.063753 0.019422 0.115008
0.059952 0.017930 0.119585
0.057796 0.012848 0.118376
0.062989 0.017225 0.110932
0.057591 0.012570 0.113589
0.058292 0.013330 0.119742
0.063723 0.018085 0.111063
0.064463 0.019499 0.112583
0.064882 0.020858 0.112860
0.060005 0.017377 0.113716
0.060421 0.017788 0.115385
0.064003 0.018018 0.109581
0.062532 0.016282 0.108562
0.058770 0.016331 0.111100
0.064744 0.020174 0.112213
0.059693 0.017076 0.116388
0.064962 0.021669 0.113713
0.063508 0.017500 0.109797
0.056770 0.011710 0.115094
0.062161 0.017923 0.114662
0.059786 0.017171 0.120820
0.058295 0.013514 0.112940
0.061711 0.019523 0.119883
0.057919 0.013264 0.110548
0.061667 0.018493 0.117099
0.058510 0.015089 0.108845
0.058326 0.014522 0.111282
0.063111 0.017092 0.109944
0.059401 0.015887 0.119130
0.061006 0.017174 0.113015
0.059036 0.015223 0.116739
0.057458 0.012469 0.114510
0.058283 0.014587 0.108700
0.059574 0.016495 0.117973
0.059595 0.016553 0.118146
0.058127 0.014093 0.109315
0.059687 0.016873 0.119913
0.064516 0.020737 0.115935
0.060292 0.018610 0.118781
0.057772 0.012860 0.109423
0.056921 0.011692 0.112213
0.058968 0.014994 0.115285
0.057498 0.012082 0.110827
0.058239 0.013863 0.112272
0.063427 0.019299 0.115758
0.057660 0.012692 0.117631
0.058188 0.013519 0.112350
0.063321 0.018962 0.115011
0.064237 0.018448 0.110347
0.063677 0.018999 0.113973
0.058316 0.014702 0.109876
0.058392 0.013800 0.116519
0.064095 0.020499 0.117399
0.058140 0.013076 0.120144
0.064677 0.020052 0.109349
0.063460 0.020266 0.118555
0.057973 0.013661 0.111185
0.060163 0.018623 0.120875
0.064598 0.020309 0.108829
0.064935 0.022132 0.112983
0.059423 0.017050 0.110517
0.063613 0.017747 0.110490
0.061466 0.016754 0.111138
0.058433 0.014905 0.110419
0.064209 0.019087 0.112245
0.059056 0.014878 0.120289
0.063675 0.020179 0.117762
0.064729 0.020794 0.115325
0.063102 0.018736 0.114902
0.061031 0.017977 0.115570
0.058177 0.014025 0.111902
0.058644 0.014212 0.116487
0.060892 0.019210 0.119333
0.058797 0.016017 0.110065
0.060214 0.018272 0.118346
0.059116 0.016911 0.109874
0.064994 0.021973 0.113819
0.063870 0.020226 0.116967
0.062979 0.019444 0.117319
0.056327 0.011163 0.114111
0.057985 0.013786 0.110289
0.064747 0.020383 0.110329
0.060608 0.017549 0.114290
0.060179 0.018598 0.120581
0.058004 0.013115 0.118365
0.061548 0.016533 0.110413
0.065021 0.021985 0.114495
0.064725 0.019723 0.109600
0.059452 0.016072 0.118895
0.060509 0.016749 0.110207
0.061299 0.019272 0.119351
0.058637 0.015375 0.108694
0.058229 0.013545 0.117432
0.059640 0.016635 0.119291
0.064639 0.020513 0.109336
0.057747 0.012846 0.117348
0.059175 0.015151 0.120114
0.062567 0.017568 0.112713
0.060741 0.017427 0.113819
0.064694 0.019753 0.110472
0.064328 0.019477 0.113132
0.057755 0.012833 0.117944
0.064462 0.019643 0.113043
0.061511 0.016260 0.109272
0.057978 0.013605 0.109418
0.058307 0.013399 0.118781
0.057613 0.012298 0.111343
0.064626 0.019389 0.109993
0.058810 0.016314 0.111733
0.058805 0.016304 0.110175
0.059896 0.017542 0.115679
0.059368 0.016981 0.111455
0.057764 0.012781 0.113205
0.059927 0.017390 0.114296
0.058858 0.014790 0.115609
0.064790 0.021489 0.111372
0.058096 0.013355 0.117530
0.057255 0.012210 0.114036
0.064320 0.019880 0.114303
0.060894 0.019615 0.121076
0.063654 0.017411 0.108531
0.059784 0.017072 0.118848
0.058978 0.016836 0.110819
0.062671 0.016993 0.110918
0.059475 0.016186 0.118637
0.064637 0.020950 0.116122
0.056714 0.011649 0.116435
0.064426 0.020255 0.115024
0.064801 0.021702 0.111326
0.063972 0.020225 0.116804
0.064288 0.020222 0.115580
0.063221 0.020034 0.118527
0.058785 0.016329 0.110366
0.060038 0.018175 0.119730
0.059475 0.016822 0.114371
0.057965 0.013174 0.116049
0.058224 0.013518 0.115931
0.059040 0.014872 0.119286
0.061175 0.019741 0.120866
0.061620 0.018581 0.117464
0.057189 0.012111 0.113718
0.057797 0.012963 0.115045
0.064543 0.020348 0.114825
0.058566 0.014065 0.117248
0.058770 0.014041 0.120234
0.064876 0.021579 0.112489
0.061462 0.016119 0.108631
0.064755 0.021471 0.110666
0.063795 0.017533 0.108675
0.061818 0.017611 0.114126
0.058913 0.015767 0.109502
0.061828 0.016496 0.110255
0.063847 0.018286 0.111203
0.062469 0.017735 0.113429
0.057908 0.013187 0.110716
0.063129 0.019769 0.117900
0.063315 0.020003 0.118150
0.060685 0.017941 0.115567
0.058115 0.013356 0.116076
0.064982 0.021750 0.113976
0.057494 0.012466 0.114176
0.062063 0.018946 0.117976
0.064707 0.020013 0.111443
0.059318 0.015581 0.120087
0.063686 0.019722 0.116303
0.058162 0.013233 0.118971
0.063016 0.019943 0.118783
0.064528 0.018952 0.110512
0.061587 0.017044 0.112070
0.059314 0.015523 0.120761
0.059904 0.017290 0.113585
0.059293 0.016768 0.112278
0.059327 0.016395 0.114318
0.062879 0.019468 0.117670
0.060415 0.018862 0.119148
0.058383 0.013370 0.120636
0.059829 0.017346 0.114585
0.063734 0.019984 0.116871
0.059003 0.015202 0.114238
0.062738 0.016467 0.108763
0.058124 0.013120 0.119429
0.061789 0.016125 0.108668
0.057843 0.013024 0.109188
0.057704 0.012441 0.111042
0.063367 0.017501 0.110548
0.057706 0.012717 0.114276
0.060205 0.016933 0.110561
0.063264 0.018001 0.112311
0.060250 0.018822 0.121018
0.058724 0.014337 0.118493
0.059589 0.016479 0.120594
0.062353 0.019122 0.117980
0.060065 0.017495 0.114592
0.058979 0.015098 0.114404
0.064161 0.020413 0.116669
0.059951 0.017801 0.119073
0.057378 0.012238 0.112777
0.063799 0.018017 0.110725
0.058069 0.013183 0.114095
0.059989 0.017880 0.120940
0.058012 0.013735 0.111405
0.061448 0.016851 0.111628
0.056659 0.011561 0.114854
0.059152 0.016607 0.111897
0.064983 0.023069 0.113773
0.064689 0.020223 0.113910
0.060755 0.019327 0.119919
0.058978 0.014997 0.116420
0.058149 0.013286 0.118415
0.064898 0.022226 0.112243
0.064709 0.020096 0.110577
0.057927 0.012812 0.112105
0.063785 0.019621 0.115572
0.059735 0.017179 0.116707
0.059940 0.017555 0.115326
0.064804 0.021212 0.116154
0.060050 0.016893 0.110862
0.057284 0.012348 0.116127
0.061526 0.016709 0.110965
0.057810 0.012719 0.110763
0.059374 0.015825 0.118772
0.064702 0.019983 0.109489
0.059169 0.015492 0.116671
0.063703 0.017726 0.110047
0.063033 0.016712 0.108650
0.059708 0.016868 0.120814
0.058088 0.014112 0.110319
0.060298 0.017882 0.115773
0.059262 0.016809 0.112894
0.058168 0.013451 0.114876
0.062471 0.018721 0.116485
0.064074 0.019088 0.112730
0.058728 0.014394 0.113974
0.057656 0.012376 0.108672
0.061897 0.018231 0.116257
0.064391 0.018610 0.109728
0.064593 0.019933 0.108559
0.064760 0.020301 0.111129
0.064661 0.019308 0.108748
0.063524 0.017318 0.109141
0.064764 0.020337 0.112464
0.059251 0.015402 0.119864
0.060236 0.017658 0.115215
0.058338 0.013756 0.115929
0.064672 0.020571 0.109652
0.064642 0.020177 0.109189
0.057520 0.012134 0.111076
0.061228 0.016936 0.111924
0.062140 0.018644 0.116977
0.057324 0.012249 0.118009
0.061636 0.017138 0.112344
0.064486 0.020740 0.116258
0.060356 0.017608 0.114778
0.059664 0.016797 0.117543
0.065018 0.021918 0.115152
0.064382 0.019359 0.112497
0.062134 0.018329 0.116157
0.059230 0.016238 0.109064
0.060307 0.018917 0.120726
0.065015 0.022581 0.113686
0.064177 0.018039 0.108778
0.063645 0.017870 0.110842
0.059656 0.016767 0.118318
0.059004 0.015922 0.109652
0.059277 0.016069 0.114562
0.060280 0.018300 0.117709
0.059519 0.016928 0.109487
0.060733 0.016602 0.109832
0.060070 0.017954 0.117179
0.064834 0.021582 0.111763
0.064214 0.020644 0.117268
0.062228 0.017410 0.112879
0.063458 0.017150 0.108562
0.057560 0.012194 0.109972
0.065018 0.021859 0.115845
0.058618 0.015480 0.111522
0.058873 0.014805 0.114111
0.059578 0.016505 0.118855
0.059890 0.016970 0.110522
0.060084 0.018273 0.121138
0.058689 0.014237 0.117512
0.064647 0.019330 0.109217
0.060800 0.016545 0.109700
0.058053 0.013286 0.117732
0.064543 0.019380 0.111038
0.058253 0.014525 0.110888
0.058580 0.015322 0.109789
0.060564 0.018702 0.118148
0.056947 0.011917 0.116808
0.064383 0.020700 0.116563
0.058661 0.015571 0.111043
0.059604 0.016607 0.116895
0.062248 0.019069 0.118017
0.064612 0.019918 0.113251
0.057595 0.012309 0.109776
0.064226 0.019306 0.112975
0.061896 0.018145 0.115870
0.061721 0.018278 0.116600
0.064955 0.021258 0.113935
0.059204 0.015518 0.117400
0.060966 0.019312 0.119537
0.058861 0.015730 0.109025
0.058015 0.013794 0.109430
0.057794 0.012864 0.117686
0.062585 0.016702 0.109975
0.058692 0.014510 0.113649
0.059246 0.016052 0.114207
0.064497 0.019343 0.111561
0.061776 0.019098 0.118697
0.058176 0.013317 0.118562
0.058636 0.015081 0.112576
0.062911 0.018676 0.115267
0.057125 0.012130 0.116991
0.062184 0.016594 0.110312
0.062834 0.018114 0.113759
0.056793 0.011742 0.117121
0.062106 0.019686 0.120068
0.063178 0.019681 0.117503
0.064901 0.021053 0.115046
0.061159 0.019366 0.119606
0.063426 0.019824 0.117275
0.057919 0.013007 0.111193
0.065046 0.022191 0.114707
0.061033 0.016662 0.110603
0.058702 0.014509 0.114599
0.059347 0.016683 0.109354
0.058351 0.013508 0.118441
0.064618 0.021013 0.116361
0.059521 0.016901 0.114536
0.057841 0.012986 0.117084
0.059187 0.016233 0.113696
0.058113 0.013421 0.116911
0.064499 0.019971 0.113975
0.064467 0.019617 0.112839
0.059471 0.016163 0.117347
0.060942 0.018815 0.118180
0.058209 0.014424 0.110220
0.057913 0.013122 0.110524
0.064868 0.020737 0.114261
0.058560 0.013881 0.118278
0.062059 0.016136 0.108586
0.059229 0.015578 0.115385
0.059021 0.015093 0.117656
0.059071 0.014767 0.120508
0.062156 0.018008 0.115022
0.064692 0.020559 0.114707
0.064674 0.021098 0.116571
0.057468 0.012574 0.116340
0.058488 0.013683 0.118975
0.059096 0.015265 0.116363
0.064524 0.019608 0.112330
0.056875 0.011857 0.116106
0.063169 0.018354 0.113549
0.059747 0.017233 0.113861
0.063905 0.018653 0.112121
0.057572 0.012614 0.117383
0.064564 0.019637 0.108427
0.060013 0.017852 0.117737
0.065027 0.022548 0.114264
0.061676 0.016579 0.110595
0.063554 0.018547 0.112975
0.058108 0.014169 0.110046
0.058513 0.015127 0.109445
0.064809 0.020483 0.113998
0.063172 0.017075 0.109558
0.064881 0.020639 0.113741
0.058282 0.013508 0.113954
0.063774 0.018297 0.111545
0.062462 0.017327 0.112271
0.062388 0.018728 0.116698
0.060051 0.017223 0.113171
0.058138 0.014222 0.109581
0.058311 0.014656 0.111593
0.063115 0.017422 0.111205
0.064467 0.020163 0.114597
0.058391 0.013821 0.114634
0.057166 0.011737 0.111363
0.064995 0.021632 0.114960
0.057277 0.011966 0.111804
0.063844 0.019598 0.115253
0.058825 0.015591 0.112929
0.058279 0.014589 0.110576
0.064391 0.020914 0.117207
0.061809 0.017586 0.114017
0.064759 0.021105 0.110690
0.059845 0.017100 0.112625
0.062643 0.017906 0.113538
0.061934 0.017129 0.112103
0.064045 0.018967 0.112517
0.064668 0.019967 0.111184
0.064855 0.020954 0.111867
0.059525 0.016272 0.119317
0.064622 0.019676 0.111492
0.062163 0.019205 0.118593
0.059374 0.016642 0.114341
0.058454 0.013875 0.113344
0.064694 0.019545 0.109981
0.063989 0.018524 0.111296
0.063463 0.019772 0.117000
0.064423 0.019804 0.113648
0.058731 0.014014 0.120002
0.059512 0.016292 0.118999
0.061242 0.017881 0.115252
0.064755 0.021024 0.110954
0.057658 0.012575 0.109783
0.064944 0.022415 0.112834
0.064817 0.020617 0.112652
0.058159 0.013720 0.112088
0.059564 0.016439 0.117295
0.056701 0.011616 0.116836
0.063556 0.017293 0.108780
0.060326 0.017514 0.114140
0.058155 0.014327 0.111667
0.064657 0.019684 0.109070
0.058248 0.013491 0.114202
0.057639 0.012504 0.119152
0.064637 0.019221 0.109782
0.059783 0.017394 0.116475
0.058823 0.014519 0.118015
0.058888 0.014802 0.117820
0.059084 0.016666 0.111584
0.058593 0.013991 0.118093
0.063321 0.017318 0.109973
0.056978 0.011637 0.111695
0.062031 0.016508 0.110070
0.058993 0.015924 0.113247
0.064873 0.021007 0.114617
0.061163 0.017482 0.114016
0.061279 0.018110 0.115985
0.060257 0.017351 0.113425
0.059271 0.016842 0.111879
0.057915 0.013513 0.110586
0.063104 0.019424 0.116769
0.064699 0.019526 0.109700
0.062407 0.019095 0.117755
0.064677 0.020401 0.114365
0.059035 0.015120 0.114929
0.057156 0.012127 0.117354
0.059505 0.016827 0.109306
0.061547 0.018860 0.118235
0.059260 0.016849 0.112609
0.064677 0.019989 0.112385
0.057708 0.012710 0.110027
0.058801 0.014632 0.115237
0.058494 0.015110 0.111391
0.060392 0.018212 0.116860
0.064809 0.020725 0.114483
0.063194 0.017627 0.111558
0.062769 0.019691 0.118688
0.060491 0.019108 0.119779
0.060875 0.016591 0.110009
0.057063 0.011987 0.117661
0.059382 0.015769 0.120900
0.058837 0.014267 0.119903
0.058451 0.013877 0.117320
0.064194 0.020521 0.116859
0.057077 0.012097 0.116566
0.059586 0.016484 0.119506
0.059176 0.016617 0.113167
0.056619 0.011553 0.115749
0.060129 0.018089 0.117531
0.060082 0.018073 0.118678
0.059435 0.016029 0.118040
0.058586 0.013755 0.119967
0.060624 0.017742 0.114972
0.063413 0.018366 0.112858
0.061506 0.016464 0.110146
0.059143 0.015386 0.117670
0.058583 0.015342 0.109270
0.059428 0.015974 0.119902
0.058814 0.015416 0.113136
0.062495 0.019733 0.119574
0.064674 0.020886 0.109968
0.058085 0.013941 0.110847
0.064410 0.018429 0.108857
0.058564 0.013835 0.119288
0.061180 0.018041 0.115741
0.060333 0.018518 0.118243
0.056509 0.011365 0.113720
0.061295 0.016848 0.111686
0.063593 0.019207 0.114876
0.063799 0.019373 0.114670
0.057771 0.012767 0.110189
0.061744 0.016665 0.110812
0.056770 0.011651 0.114195
0.058777 0.014037 0.120415
0.058603 0.015357 0.110337
0.064543 0.019661 0.112030
0.058668 0.013835 0.120290
