0.092641 0.037777 0.202930
0.090568 0.043536 0.210571
0.094629 0.040268 0.207791
0.089805 0.043564 0.208470
0.093811 0.036170 0.205445
0.091431 0.043155 0.203815
0.093943 0.037495 0.205731
0.090175 0.039887 0.202034
0.091022 0.043507 0.210892
0.093736 0.035955 0.205299
0.091956 0.036940 0.200952
0.093068 0.040594 0.205175
0.091227 0.044015 0.208620
0.091272 0.044577 0.204079
0.093520 0.038084 0.204791
0.094491 0.042189 0.208577
0.094042 0.036871 0.206009
0.092023 0.044915 0.206526
0.093939 0.035469 0.206865
0.094583 0.043136 0.210678
0.091333 0.043476 0.210738
0.093080 0.038841 0.204618
0.093373 0.043939 0.208061
0.090397 0.043907 0.207769
0.095496 0.039526 0.210235
0.095598 0.037977 0.211642
0.095091 0.037849 0.208893
0.092389 0.044474 0.205924
0.095397 0.040880 0.209876
0.091458 0.044855 0.206846
0.095041 0.037552 0.209114
0.090264 0.041042 0.202279
0.095659 0.038902 0.210974
0.093771 0.043756 0.210818
0.093812 0.042514 0.207154
0.095424 0.039556 0.209885
0.092254 0.042363 0.204578
0.093118 0.041604 0.205464
0.093391 0.034824 0.205432
0.093227 0.036395 0.203529
0.090000 0.040491 0.201833
0.094385 0.037278 0.206979
0.093315 0.044129 0.209265
0.094211 0.042255 0.208058
0.090118 0.040471 0.202078
0.095330 0.038137 0.209715
0.092954 0.042632 0.205596
0.096043 0.040493 0.212029
0.091456 0.043636 0.204006
0.094414 0.039506 0.207101
0.090505 0.040865 0.202613
0.090170 0.040340 0.202324
0.095140 0.042361 0.211058
0.092670 0.043027 0.205263
0.093039 0.033684 0.206849
0.095253 0.038499 0.209339
0.093078 0.042399 0.205676
0.094129 0.038307 0.206155
0.093550 0.034629 0.207146
0.091199 0.045327 0.205273
0.089662 0.043351 0.212028
0.092473 0.038947 0.203901
0.094591 0.037922 0.207283
0.089963 0.039975 0.201847
0.090748 0.039187 0.202029
0.093257 0.043606 0.211217
0.093048 0.040295 0.205081
0.091064 0.042927 0.203432
0.091667 0.040446 0.203498
0.093005 0.043821 0.206387
0.092327 0.040771 0.204272
0.089711 0.043718 0.207617
0.090636 0.039667 0.202348
0.090141 0.041033 0.202098
0.091741 0.044000 0.204366
0.091285 0.044156 0.208197
0.093644 0.043693 0.211090
0.089910 0.043470 0.209727
0.091662 0.044249 0.208307
0.092256 0.044612 0.207879
0.092800 0.044371 0.206684
0.091520 0.042667 0.203755
0.094270 0.042729 0.209024
0.096034 0.039870 0.212574
0.089540 0.043739 0.207549
0.091172 0.045285 0.205578
0.092727 0.038974 0.204329
0.094490 0.041235 0.207895
0.094079 0.041896 0.207298
0.094860 0.040300 0.208512
0.094720 0.037230 0.208106
0.093716 0.042787 0.207211
0.093367 0.043945 0.207850
0.090510 0.041899 0.202510
0.093965 0.035388 0.207989
0.093871 0.040498 0.206369
0.094084 0.038510 0.206136
0.093234 0.039403 0.205189
0.090872 0.044310 0.207444
0.095444 0.039243 0.210007
0.090905 0.039051 0.201902
0.093654 0.035083 0.206104
0.093060 0.038456 0.204234
0.093868 0.040258 0.206210
0.095922 0.040968 0.211529
0.092947 0.035907 0.202865
0.092141 0.037639 0.202062
0.093947 0.037195 0.205741
0.089882 0.043532 0.209068
0.092913 0.043523 0.211358
0.095734 0.039414 0.211096
0.094267 0.036518 0.206848
0.091462 0.045153 0.206059
0.093275 0.037277 0.203811
0.094133 0.043265 0.209132
0.092107 0.044289 0.208675
0.093611 0.041009 0.205990
0.093475 0.038973 0.205349
0.092409 0.044557 0.208139
0.091793 0.044669 0.204865
0.094872 0.036927 0.209180
0.093026 0.037628 0.203479
0.091444 0.044739 0.204374
0.094980 0.037715 0.208565
0.090682 0.043785 0.208366
0.090758 0.040008 0.202681
0.092777 0.035952 0.202484
0.093112 0.044078 0.207281
0.094100 0.035694 0.208014
0.095954 0.039398 0.212360
0.092237 0.044352 0.205236
0.093055 0.035091 0.203766
0.091379 0.045065 0.204806
0.095151 0.040313 0.209427
0.094303 0.039848 0.206946
0.095447 0.039473 0.210066
0.093543 0.034888 0.206095
0.094200 0.040176 0.206796
0.092047 0.037687 0.201962
0.093714 0.034949 0.206858
0.095117 0.039612 0.209004
0.092812 0.043669 0.205772
0.092580 0.044343 0.206111
0.093611 0.037439 0.204702
0.092197 0.043515 0.211132
0.089980 0.043509 0.210154
0.093090 0.039979 0.205108
0.092899 0.044400 0.207203
0.090684 0.044174 0.207613
0.092678 0.042435 0.205134
0.094461 0.040464 0.207434
0.093508 0.044016 0.209096
0.092259 0.041173 0.204305
0.093875 0.035293 0.207671
0.091152 0.044734 0.204033
0.093191 0.037753 0.203936
0.091528 0.045187 0.205735
0.092508 0.038020 0.202952
0.091281 0.043975 0.208956
0.090611 0.043276 0.202980
0.093183 0.043513 0.211562
0.092773 0.043965 0.209991
0.090556 0.044992 0.206050
0.093490 0.036382 0.204381
0.091447 0.045214 0.205637
0.095025 0.037561 0.209296
0.095404 0.040119 0.209886
0.094157 0.041633 0.207364
0.092057 0.040995 0.204003
0.090161 0.044260 0.206871
0.089487 0.044103 0.202184
0.089382 0.043481 0.209618
0.093909 0.041022 0.206572
0.093738 0.038157 0.205143
0.091798 0.039425 0.203384
0.095995 0.040657 0.211857
0.093882 0.043136 0.207878
0.094882 0.038187 0.208080
0.090598 0.043681 0.208783
0.093170 0.041388 0.205470
0.090101 0.043504 0.210072
0.095837 0.040106 0.211395
0.094311 0.043458 0.211511
0.091089 0.042191 0.203122
0.091274 0.039107 0.202449
0.094363 0.036301 0.207789
0.090453 0.039205 0.201629
0.094156 0.041058 0.207102
0.095564 0.041409 0.210494
0.090024 0.043954 0.207381
0.093424 0.034962 0.205198
0.092975 0.039735 0.204957
0.094733 0.036364 0.209403
0.095342 0.037664 0.210271
0.089707 0.043465 0.202053
0.093310 0.036351 0.203784
0.092267 0.037157 0.201755
0.093335 0.035846 0.204213
0.092003 0.040540 0.203868
0.094602 0.042157 0.208879
0.093068 0.044350 0.208728
0.095761 0.041872 0.212015
0.093651 0.042429 0.206768
0.092986 0.037859 0.203610
0.091065 0.040474 0.202959
0.095451 0.041996 0.211331
0.090438 0.039575 0.202144
0.093287 0.040960 0.205525
0.094234 0.036222 0.207209
0.091587 0.044487 0.207610
0.095915 0.039537 0.211830
0.095597 0.038060 0.211369
0.090189 0.041656 0.202316
0.093560 0.034678 0.206712
0.089512 0.043332 0.211847
0.094770 0.036326 0.209691
0.089793 0.044614 0.202671
0.092283 0.042893 0.204732
0.094423 0.043374 0.211382
0.094979 0.038680 0.208456
0.094286 0.038221 0.206500
0.093031 0.044373 0.208000
0.095010 0.038339 0.208416
0.092308 0.044259 0.205398
0.092930 0.037005 0.202865
0.091327 0.043617 0.210264
0.094920 0.036797 0.209632
0.090741 0.045512 0.204350
0.093438 0.034845 0.205763
0.094193 0.035659 0.208618
0.090547 0.043540 0.210160
0.094197 0.043533 0.210323
0.092793 0.043433 0.211799
0.094252 0.037718 0.206530
0.093200 0.040308 0.205283
0.094479 0.036390 0.208128
0.092435 0.036562 0.201782
0.095752 0.040228 0.210884
0.093463 0.039145 0.205423
0.094211 0.036966 0.206623
0.091322 0.044042 0.203939
0.091457 0.045143 0.205143
0.092913 0.044430 0.207633
0.091399 0.044292 0.204100
0.091686 0.044001 0.209272
0.095183 0.042214 0.210768
0.093226 0.034024 0.207234
0.094771 0.042286 0.209406
0.092957 0.040884 0.205069
0.092955 0.038117 0.203777
0.091259 0.041589 0.203182
0.091252 0.043496 0.211234
0.093645 0.036062 0.204977
0.091246 0.044723 0.206984
0.090812 0.045260 0.205654
0.090854 0.043368 0.211522
0.091454 0.043738 0.210000
0.091309 0.043501 0.210916
0.092145 0.044348 0.204998
0.091900 0.042831 0.204260
0.095848 0.041358 0.211331
0.094537 0.037123 0.207527
0.094562 0.038348 0.207150
0.094359 0.040257 0.207134
0.093557 0.037747 0.204672
0.093596 0.043474 0.207596
0.090067 0.044819 0.202992
0.093527 0.043984 0.209978
0.093600 0.039409 0.205732
0.091787 0.039026 0.203066
0.091108 0.044427 0.207336
0.090630 0.042233 0.202657
0.094472 0.038385 0.206954
0.090245 0.040086 0.202346
0.089762 0.043532 0.208579
0.089616 0.043562 0.208438
0.090739 0.043555 0.210295
0.091371 0.043754 0.203928
0.094477 0.039133 0.207165
0.094499 0.039648 0.207266
0.095297 0.042213 0.211338
0.090061 0.043367 0.202397
0.090450 0.044425 0.206811
0.094978 0.038126 0.208384
0.094325 0.043095 0.209406
0.092621 0.044318 0.208927
0.091996 0.043808 0.209985
0.092524 0.038234 0.203196
0.091447 0.044547 0.204261
0.094571 0.039596 0.207428
0.092412 0.043431 0.205052
0.093678 0.040457 0.205949
0.090591 0.043380 0.211216
0.091478 0.043345 0.203939
0.091977 0.044871 0.207042
0.091410 0.045239 0.205273
0.094018 0.042320 0.207584
0.094692 0.036961 0.208194
0.094173 0.038521 0.206333
0.095185 0.039185 0.209160
0.093226 0.034849 0.204788
0.092410 0.044754 0.207200
0.091904 0.038196 0.202235
0.094811 0.038219 0.207859
0.094062 0.035417 0.208565
0.092554 0.043214 0.205153
0.092700 0.040504 0.204691
0.095932 0.039598 0.212228
0.092086 0.037520 0.201826
0.091076 0.043491 0.211097
0.093789 0.035919 0.205545
0.091610 0.041759 0.203602
0.092945 0.044327 0.207423
0.094737 0.039870 0.208029
0.094445 0.039266 0.207130
0.094774 0.038078 0.207774
0.089834 0.043908 0.202368
0.090869 0.041486 0.202809
0.095862 0.041561 0.211734
0.094767 0.042487 0.209712
0.091105 0.044273 0.207664
0.094355 0.036821 0.207246
0.091837 0.037178 0.201133
0.094175 0.043345 0.209421
0.091586 0.044790 0.204712
0.091941 0.041214 0.203908
0.093303 0.043252 0.206708
0.094844 0.042872 0.211187
0.095379 0.038147 0.210024
0.090727 0.041189 0.202751
0.095105 0.038193 0.208918
0.092862 0.043805 0.206056
0.090487 0.043300 0.211838
0.092256 0.039550 0.204006
0.092375 0.036423 0.201587
0.094704 0.039979 0.207886
0.094559 0.036979 0.207751
0.092750 0.037093 0.202581
0.095909 0.039037 0.212543
0.092917 0.039780 0.204894
0.095249 0.042151 0.211035
0.094188 0.039269 0.206659
0.091280 0.044867 0.206742
0.090807 0.045163 0.203887
0.095231 0.037629 0.209744
0.090714 0.039083 0.201779
0.094540 0.036359 0.208961
0.091080 0.044662 0.203911
0.094024 0.036713 0.206110
0.092138 0.044758 0.207317
0.093853 0.035224 0.206957
0.093728 0.036735 0.204981
0.095443 0.040636 0.209980
0.091735 0.043961 0.209443
0.090044 0.044224 0.202741
0.094357 0.041977 0.208067
0.094680 0.037692 0.207692
0.093857 0.035064 0.208083
0.093954 0.038344 0.205772
0.095105 0.041188 0.209408
0.095983 0.041029 0.211865
0.095307 0.037487 0.210385
0.090770 0.041342 0.202728
0.091491 0.044020 0.209114
0.091127 0.039505 0.202771
0.095481 0.037767 0.211118
0.090409 0.043354 0.211630
0.091485 0.045180 0.205398
0.092485 0.044104 0.205563
0.095467 0.039803 0.210046
0.090357 0.043166 0.202649
0.090559 0.043056 0.202837
0.092234 0.040554 0.204129
0.094367 0.036190 0.208541
0.093940 0.043509 0.208775
0.093025 0.041177 0.205202
0.095722 0.041632 0.211373
0.089960 0.043806 0.207566
0.092487 0.043670 0.205210
0.093762 0.039661 0.205966
0.093948 0.043710 0.209708
0.094581 0.041133 0.208072
0.094348 0.041607 0.207803
0.090653 0.044763 0.206520
0.090434 0.043555 0.210200
0.094715 0.039705 0.207830
0.095548 0.039693 0.210412
0.090193 0.041340 0.202301
0.092986 0.042170 0.205445
0.091972 0.041418 0.204005
0.092946 0.043579 0.206097
0.094875 0.037525 0.208366
0.091000 0.044684 0.206886
0.094542 0.041918 0.208412
0.093851 0.042919 0.207613
0.095786 0.038850 0.211788
0.092447 0.044043 0.209547
0.095150 0.039913 0.209255
0.093060 0.043632 0.211047
0.094320 0.038457 0.206644
0.090899 0.039142 0.202137
0.094680 0.043130 0.211255
0.094152 0.036929 0.206392
0.091454 0.044057 0.208768
0.090222 0.043569 0.209977
0.091580 0.037640 0.201116
0.093320 0.034199 0.207023
0.093281 0.035903 0.204057
0.095288 0.039284 0.209420
0.095478 0.040325 0.210062
0.093176 0.043830 0.207148
0.089777 0.043126 0.202039
0.091091 0.045295 0.204653
0.095014 0.040383 0.209125
0.091484 0.043546 0.210665
0.090487 0.043367 0.202868
0.095685 0.038370 0.211597
0.094913 0.038119 0.208235
0.090756 0.042720 0.202935
0.094559 0.041501 0.208242
0.091895 0.045053 0.205881
0.090997 0.042021 0.202975
0.094580 0.043264 0.211508
0.094762 0.042826 0.210610
0.094198 0.043546 0.211255
0.093723 0.036551 0.205065
0.093784 0.036963 0.205171
0.091933 0.043395 0.204424
0.095012 0.037486 0.208841
0.091357 0.039325 0.202841
0.094812 0.039430 0.208008
0.090343 0.043371 0.211291
0.090346 0.041538 0.202446
0.093427 0.040512 0.205610
0.094493 0.037851 0.207029
0.095670 0.038750 0.211130
0.093525 0.035394 0.205048
0.092936 0.037527 0.203147
0.092332 0.044262 0.208914
0.095613 0.038085 0.211519
0.094836 0.040109 0.208332
0.095213 0.041258 0.209612
0.091618 0.044655 0.207251
0.090595 0.045312 0.205481
0.095602 0.038701 0.210811
0.092205 0.044894 0.206129
0.095138 0.038619 0.209008
0.094419 0.035927 0.209200
0.095032 0.038509 0.208522
0.095045 0.038256 0.208576
0.093589 0.035107 0.205765
0.094823 0.037192 0.208386
0.094065 0.042491 0.207889
0.090568 0.045587 0.204202
0.094955 0.036691 0.209905
0.091639 0.037842 0.201431
0.092902 0.038899 0.204465
0.089926 0.043528 0.208671
0.093720 0.040120 0.205932
0.094323 0.036539 0.207166
0.094010 0.037709 0.206007
0.093797 0.035056 0.207148
0.090659 0.043523 0.210744
0.091306 0.040412 0.203158
0.090473 0.045275 0.203615
0.089751 0.043532 0.208922
0.094494 0.041485 0.208081
0.092981 0.038939 0.204554
0.095001 0.042450 0.210697
0.093288 0.034825 0.204959
0.092044 0.042150 0.204244
0.093140 0.036092 0.203330
0.093439 0.037633 0.204384
0.093628 0.037912 0.204928
0.094077 0.039602 0.206507
0.090413 0.043442 0.210959
0.095178 0.041114 0.209502
0.094866 0.038799 0.208070
0.093214 0.035688 0.203742
0.090801 0.043538 0.209913
0.092158 0.043929 0.209709
0.093628 0.042270 0.206627
0.091412 0.040235 0.203250
0.092604 0.044578 0.208008
0.089877 0.043993 0.207131
0.093585 0.035241 0.205481
0.092661 0.041047 0.204744
0.094299 0.035672 0.209105
0.092407 0.039333 0.204105
0.090217 0.045152 0.203281
0.092929 0.040137 0.204935
0.089888 0.044146 0.206855
0.092713 0.043582 0.205495
0.089467 0.043440 0.209848
0.092318 0.043753 0.205076
0.090983 0.043713 0.209531
0.092981 0.043578 0.206256
0.091386 0.037934 0.201184
0.094193 0.042203 0.207905
0.090619 0.045064 0.203608
0.095405 0.039184 0.209791
0.095906 0.039136 0.212202
0.090035 0.043657 0.208286
0.094734 0.042620 0.210010
0.093077 0.036727 0.203133
0.093434 0.037179 0.204303
0.091211 0.039235 0.202588
0.090455 0.039733 0.202293
0.091162 0.043379 0.211702
0.095017 0.040030 0.208958
0.091660 0.044149 0.208562
0.093211 0.042594 0.205958
0.090540 0.044021 0.207732
0.093827 0.043652 0.211245
0.091960 0.044204 0.208769
0.089444 0.043317 0.211401
0.089371 0.043493 0.209956
0.093399 0.036850 0.204148
0.091440 0.038315 0.201644
0.090377 0.044895 0.203299
0.093730 0.034758 0.208096
0.095978 0.041413 0.212149
0.095026 0.039149 0.208757
0.095508 0.040055 0.210191
0.092170 0.038300 0.202731
0.092091 0.044971 0.206257
0.092423 0.037849 0.202680
0.092398 0.043948 0.209768
0.095649 0.038317 0.211417
0.090938 0.038699 0.201585
0.094022 0.043553 0.209401
0.090710 0.042455 0.202795
0.089933 0.040955 0.201816
0.090791 0.039526 0.202448
0.094038 0.036394 0.206154
0.093626 0.035696 0.205127
0.094188 0.037792 0.206369
0.095090 0.038936 0.208813
0.091616 0.038295 0.201885
0.094117 0.035671 0.208479
0.091631 0.039233 0.203101
0.094824 0.043001 0.211544
0.090994 0.044930 0.203946
0.093064 0.044248 0.209166
0.093429 0.037425 0.204314
0.089388 0.043915 0.201894
0.093479 0.034586 0.206502
0.094797 0.036973 0.208531
0.089763 0.043352 0.212045
0.093992 0.036530 0.205951
0.092839 0.036832 0.202633
0.092460 0.042454 0.204844
0.092308 0.040281 0.204194
0.093781 0.037328 0.205355
0.093170 0.043741 0.210750
0.091091 0.044843 0.206638
0.092693 0.044519 0.208300
0.089597 0.043939 0.202151
0.091733 0.041133 0.203653
0.093807 0.035055 0.207472
0.091574 0.044932 0.206742
0.091810 0.042567 0.204081
0.091443 0.043398 0.211726
0.090625 0.045253 0.203746
0.092013 0.038293 0.202515
0.095176 0.038900 0.209105
0.092487 0.038791 0.203790
0.092152 0.044502 0.208172
0.092166 0.037703 0.202235
0.092553 0.043492 0.205237
0.093381 0.036437 0.204165
0.094116 0.039136 0.206495
0.095860 0.040639 0.211137
0.089864 0.044114 0.202498
0.089958 0.043363 0.211477
0.090602 0.044206 0.207427
0.091489 0.038705 0.202211
0.092855 0.044073 0.209700
0.091929 0.044899 0.205605
0.094954 0.038408 0.208279
0.093519 0.037425 0.204513
0.095724 0.039631 0.210948
0.092968 0.035536 0.203033
0.090320 0.044215 0.207014
0.091836 0.038288 0.202235
0.094840 0.040738 0.208592
0.095445 0.037958 0.210615
0.092836 0.041660 0.205110
0.092153 0.044832 0.207100
0.090192 0.041820 0.202285
0.095882 0.040930 0.211228
0.091920 0.044677 0.205161
0.094707 0.042643 0.209906
0.095396 0.042350 0.211723
0.090516 0.040437 0.202589
0.091647 0.042587 0.203912
0.094862 0.041952 0.209263
0.092348 0.044767 0.206176
0.093052 0.037101 0.203176
0.090183 0.044908 0.206031
0.089895 0.043516 0.210577
0.095010 0.039421 0.208677
0.092016 0.038978 0.203291
0.090940 0.044177 0.203612
0.092095 0.043844 0.204724
0.095607 0.041819 0.211381
0.092482 0.040476 0.204411
0.092021 0.042616 0.204361
0.091344 0.044464 0.204135
0.090307 0.043553 0.209580
0.094200 0.043557 0.210636
0.093866 0.041534 0.206670
0.095689 0.038330 0.211858
0.094739 0.042746 0.210346
0.093886 0.041761 0.206816
0.094454 0.043334 0.210906
0.093864 0.037925 0.205489
0.089643 0.043978 0.207015
0.094886 0.036462 0.209970
0.091659 0.041383 0.203601
0.092173 0.040124 0.204025
0.093139 0.033876 0.206593
0.093882 0.035559 0.206326
0.091429 0.039392 0.202946
0.093996 0.039951 0.206375
0.094689 0.042188 0.209136
0.090580 0.039357 0.202062
0.093998 0.043607 0.211389
0.089752 0.044016 0.206925
0.090840 0.043811 0.208951
0.093117 0.039622 0.205092
0.090726 0.039361 0.202251
0.090738 0.042021 0.202717
0.090911 0.043847 0.208558
0.091746 0.037749 0.201601
0.093345 0.041051 0.205635
0.089979 0.044550 0.202816
0.095148 0.038057 0.209013
0.093937 0.042355 0.207412
0.095782 0.039044 0.211555
0.092988 0.044250 0.207000
0.092108 0.041813 0.204252
0.090596 0.043680 0.208468
0.094070 0.035582 0.207871
0.094573 0.036476 0.208653
0.092128 0.044388 0.208447
0.093609 0.035407 0.205327
0.091546 0.043551 0.211352
0.093688 0.035008 0.206582
0.095326 0.040643 0.209747
0.093516 0.036933 0.204398
0.094513 0.040186 0.207447
0.091913 0.043396 0.211744
0.093457 0.041048 0.205791
0.092964 0.039528 0.204902
0.095373 0.041198 0.209904
0.094411 0.036426 0.207868
0.090425 0.043590 0.209922
0.092949 0.044446 0.208482
0.094830 0.041482 0.208838
0.094820 0.038693 0.207915
0.092172 0.044117 0.204902
0.095466 0.041431 0.210312
0.092200 0.043863 0.210008
0.093555 0.043976 0.208885
0.091745 0.041704 0.203766
0.093099 0.043164 0.206229
0.093074 0.035357 0.203466
0.091365 0.041705 0.203349
0.090512 0.043824 0.208091
0.092201 0.043860 0.204893
0.092038 0.036970 0.201172
0.093818 0.041162 0.206424
0.094182 0.038733 0.206472
0.095204 0.037238 0.210205
0.093547 0.042286 0.206417
0.093441 0.043744 0.210877
0.094034 0.039035 0.206327
0.091970 0.043570 0.211399
0.093326 0.040736 0.205525
0.091523 0.043993 0.209306
0.095845 0.039508 0.211518
0.091915 0.040397 0.203751
0.093453 0.034953 0.205552
0.094015 0.038773 0.206167
0.094636 0.042728 0.209745
0.094291 0.037596 0.206640
0.089898 0.044868 0.202862
0.094318 0.037206 0.206824
0.091383 0.040633 0.203236
0.092972 0.036701 0.202882
0.090307 0.039454 0.201825
0.093878 0.036643 0.205610
0.091825 0.044559 0.207686
0.095380 0.039834 0.209764
0.093722 0.041831 0.206515
0.093294 0.035993 0.203895
0.092526 0.039145 0.204130
0.093944 0.041181 0.206695
0.090901 0.042834 0.203136
0.094309 0.040573 0.207137
0.093245 0.043649 0.210970
0.090082 0.040977 0.201948
0.093026 0.037426 0.203297
0.095981 0.039388 0.212637
0.092181 0.042651 0.204546
0.091709 0.038384 0.202144
0.092002 0.039207 0.203502
0.090167 0.043532 0.208790
0.092489 0.043515 0.211219
0.093973 0.038557 0.205945
0.090991 0.044160 0.207880
0.093349 0.044173 0.208720
0.095599 0.040224 0.210368
0.091814 0.044881 0.206942
0.095205 0.038240 0.209187
0.095187 0.039408 0.209162
0.093234 0.043652 0.207000
0.091371 0.042276 0.203455
0.093805 0.037694 0.205461
0.090780 0.043553 0.210044
0.091213 0.043982 0.208750
0.093524 0.035775 0.204888
0.089590 0.043769 0.207435
0.094183 0.036490 0.206591
0.093433 0.044045 0.209720
0.093069 0.036174 0.203128
0.089809 0.043339 0.211263
0.093463 0.043515 0.207466
0.095618 0.038287 0.211280
0.091231 0.045111 0.204496
0.094361 0.042519 0.208624
0.094823 0.041273 0.208853
0.092667 0.044603 0.207715
0.093289 0.034484 0.205749
0.091047 0.043572 0.210301
0.095211 0.041690 0.209864
0.093114 0.044032 0.209908
0.092739 0.043028 0.205405
0.093353 0.036589 0.203950
0.090424 0.045105 0.203447
0.092589 0.039802 0.204473
0.090960 0.039383 0.202561
0.089982 0.043291 0.211982
0.095608 0.039053 0.210693
0.093953 0.043750 0.210266
0.090888 0.043585 0.209824
0.092497 0.039457 0.204275
0.090879 0.038854 0.201639
0.094617 0.042593 0.209417
0.089630 0.044168 0.202323
0.091509 0.043881 0.204088
0.091886 0.043874 0.209806
0.095848 0.039081 0.211865
0.092485 0.043556 0.211078
0.095442 0.041800 0.210695
0.092624 0.043520 0.211235
0.093850 0.042666 0.207499
0.094803 0.041062 0.208684
0.093215 0.036662 0.203492
0.094908 0.038720 0.208183
0.091604 0.039171 0.202963
0.091859 0.044257 0.208523
0.090054 0.040238 0.201937
0.095074 0.042394 0.210899
0.090980 0.039294 0.202431
0.092088 0.042877 0.204520
0.091578 0.042900 0.203904
0.095254 0.042363 0.211477
0.092161 0.044852 0.206528
0.095914 0.041158 0.211409
0.095721 0.039969 0.210840
0.093227 0.044181 0.207961
0.094893 0.042415 0.210067
0.092183 0.043603 0.204792
0.093181 0.043556 0.206679
0.093326 0.037746 0.204245
0.093452 0.035380 0.204864
0.090484 0.039244 0.201823
0.091097 0.040665 0.202975
0.090022 0.041794 0.202169
0.094455 0.040704 0.207535
0.093800 0.040613 0.206232
0.094069 0.038056 0.205995
0.092055 0.043521 0.211335
0.095104 0.041404 0.209511
0.089921 0.044476 0.206458
0.091665 0.045045 0.206442
0.094172 0.040815 0.206971
0.095920 0.039363 0.212048
0.094232 0.040980 0.207252
0.094699 0.036674 0.208789
0.093910 0.043308 0.208162
0.089970 0.041401 0.202008
0.092548 0.040791 0.204556
0.095959 0.041332 0.211895
0.094977 0.037311 0.209019
0.094827 0.042827 0.210971
0.095382 0.041610 0.210218
0.090571 0.044663 0.206599
0.090590 0.045159 0.205791
0.093648 0.034757 0.207488
0.095139 0.040755 0.209455
0.094988 0.039922 0.208715
0.090975 0.041242 0.202943
0.093253 0.035241 0.204432
0.092861 0.043165 0.205643
0.090098 0.043583 0.208936
0.094711 0.036583 0.209153
0.092809 0.040838 0.204920
0.094775 0.037677 0.207953
0.092562 0.041928 0.204822
0.091730 0.045005 0.205414
0.094861 0.036976 0.209022
0.095604 0.042159 0.211982
0.094347 0.036165 0.207996
0.094912 0.037203 0.208691
0.090000 0.041211 0.201979
0.095455 0.041862 0.211049
0.090221 0.044068 0.207211
0.096042 0.039584 0.212744
0.092121 0.040033 0.203953
0.092478 0.044575 0.206202
0.095129 0.037770 0.209205
0.092676 0.036842 0.202340
0.095185 0.042043 0.210196
0.094743 0.040113 0.208073
0.093658 0.040287 0.205874
0.092275 0.038788 0.203460
0.091931 0.044475 0.204809
0.092898 0.043820 0.206212
0.090197 0.043281 0.211857
0.091229 0.045272 0.205003
0.090481 0.044009 0.203131
0.090223 0.043616 0.209234
0.095376 0.037904 0.210207
0.093622 0.040737 0.205928
0.090585 0.040215 0.202633
0.090012 0.042238 0.202120
0.091968 0.043373 0.211867
0.094312 0.040774 0.207254
0.094583 0.036536 0.208258
0.094897 0.042533 0.210397
0.093588 0.037154 0.204598
0.091100 0.038722 0.201715
0.092375 0.043724 0.210588
0.091336 0.044266 0.207922
0.090132 0.040166 0.202137
0.094152 0.043466 0.209711
0.092356 0.044118 0.209316
0.091155 0.040085 0.203000
0.090204 0.043473 0.210788
0.092865 0.041117 0.204987
0.094501 0.042841 0.209466
0.093773 0.043730 0.208818
0.091613 0.038098 0.201660
0.095832 0.041649 0.211863
0.091132 0.043504 0.210456
0.094259 0.035943 0.208447
0.089556 0.043486 0.210075
0.094488 0.036524 0.207967
0.093676 0.041656 0.206358
0.089907 0.043527 0.209442
0.091276 0.038820 0.202037
0.093085 0.041375 0.205353
0.093252 0.042200 0.205887
0.094407 0.036051 0.209252
0.091190 0.043660 0.209986
0.095414 0.037885 0.210414
0.093789 0.038419 0.205471
0.091167 0.045045 0.204248
0.092136 0.041228 0.204147
0.090181 0.044610 0.206409
0.095209 0.040638 0.209574
0.093977 0.042834 0.207900
0.094671 0.036571 0.208954
0.090570 0.041647 0.202555
0.093689 0.034849 0.207304
0.089614 0.043583 0.208074
0.092801 0.038336 0.203778
0.094685 0.037459 0.207754
0.090269 0.044674 0.203127
0.093146 0.036421 0.203304
0.095698 0.038587 0.211428
0.093821 0.042698 0.207366
0.094978 0.037899 0.208485
0.091255 0.040761 0.203129
0.093795 0.043636 0.208538
0.092935 0.043135 0.205780
0.091725 0.038047 0.201837
0.093120 0.034700 0.204682
0.095113 0.040974 0.209474
0.093375 0.034300 0.207312
0.094251 0.036736 0.206711
0.091115 0.044184 0.207885
0.094268 0.043386 0.210009
0.092077 0.040268 0.203919
0.093638 0.038182 0.205005
0.091322 0.044575 0.207224
0.093340 0.034710 0.205671
0.093648 0.037295 0.204810
0.094733 0.036874 0.208406
0.093980 0.036115 0.206078
0.092229 0.043808 0.204980
0.093336 0.034460 0.206215
0.093848 0.035149 0.207867
0.090771 0.043639 0.209606
0.091266 0.042661 0.203478
0.093320 0.034323 0.206412
0.090084 0.043535 0.209548
0.090165 0.042071 0.202245
0.091465 0.039179 0.202811
0.094738 0.037909 0.207734
0.093872 0.036948 0.205648
0.090342 0.043642 0.208723
0.091302 0.043962 0.209191
0.093362 0.037007 0.204120
0.093355 0.044128 0.208216
0.089658 0.043411 0.209875
0.094160 0.036255 0.206664
0.094887 0.039203 0.208208
0.095973 0.040420 0.211705
0.093613 0.039863 0.205772
0.090840 0.043332 0.211750
0.091643 0.043698 0.210288
0.093557 0.040223 0.205723
0.093927 0.042199 0.207159
0.093406 0.041281 0.205798
0.095495 0.038212 0.210771
0.091128 0.044105 0.203767
0.093778 0.038199 0.205292
0.095043 0.042511 0.211307
0.093140 0.033920 0.206855
0.094759 0.036745 0.209017
0.089929 0.043730 0.207849
0.093802 0.034900 0.208243
0.093091 0.042770 0.205889
0.092347 0.038313 0.202987
0.094891 0.040715 0.208829
0.094021 0.037525 0.205934
0.092833 0.044453 0.206994
0.092070 0.043474 0.204641
0.094784 0.037519 0.208111
0.094122 0.043091 0.208560
0.094445 0.036266 0.208348
0.090765 0.043287 0.211989
0.094777 0.039198 0.207904
0.093827 0.040788 0.206403
0.093865 0.037712 0.205620
0.094296 0.042718 0.208778
0.094288 0.039314 0.206822
0.089535 0.043393 0.209994
0.089736 0.043479 0.210644
0.091280 0.038986 0.202303
0.091867 0.044395 0.208189
0.093291 0.038594 0.204714
0.091024 0.039186 0.202296
0.093423 0.042295 0.206193
0.092290 0.043812 0.210287
0.090869 0.045448 0.205179
0.090407 0.040294 0.202449
0.093923 0.035337 0.207088
0.094015 0.035915 0.206416
0.092670 0.044152 0.209378
0.094078 0.043287 0.208809
0.093980 0.037814 0.205792
0.090447 0.042850 0.202645
0.090861 0.043712 0.209380
0.094713 0.038805 0.207619
0.092915 0.044320 0.208962
0.093306 0.043960 0.210203
0.092007 0.039989 0.203807
0.090967 0.045330 0.204381
0.094655 0.036690 0.208350
0.090345 0.041812 0.202409
0.093118 0.043750 0.206810
0.095701 0.041919 0.211861
0.090833 0.042168 0.202844
0.093273 0.042318 0.205954
0.095249 0.038040 0.209410
0.094011 0.037353 0.205879
0.092265 0.043451 0.204899
0.092730 0.041319 0.204862
0.093808 0.039393 0.206040
0.093680 0.035027 0.206384
0.089751 0.042557 0.201917
0.095266 0.037866 0.209623
0.094987 0.036869 0.209973
0.091445 0.040503 0.203289
0.092694 0.038189 0.203454
0.093351 0.035304 0.204680
0.094921 0.040710 0.208996
0.092863 0.041775 0.205208
0.095811 0.038708 0.212234
0.094632 0.036769 0.208142
0.094501 0.037561 0.207164
0.094565 0.036688 0.208027
0.091112 0.045350 0.205446
0.092169 0.037038 0.201474
0.094328 0.037009 0.206872
0.095548 0.041589 0.210647
0.090187 0.043688 0.208363
0.095267 0.041468 0.209810
0.094682 0.037106 0.208082
0.090812 0.040688 0.202783
0.093843 0.038825 0.205845
0.094140 0.036650 0.206483
0.090880 0.044876 0.203826
0.091044 0.040965 0.202982
0.091650 0.043185 0.204059
0.092739 0.037323 0.202710
0.093449 0.041641 0.205977
0.093238 0.035030 0.204550
0.095996 0.039625 0.212467
0.090822 0.044103 0.207852
0.090100 0.044095 0.207122
0.093123 0.037858 0.203837
0.089624 0.043407 0.210891
0.093407 0.037911 0.204420
0.095849 0.038911 0.212095
0.095895 0.040737 0.211326
0.091983 0.037272 0.201448
0.089402 0.044300 0.202240
0.090721 0.039822 0.202483
0.094421 0.038145 0.206820
0.089424 0.043551 0.208628
0.089368 0.043513 0.209145
0.092246 0.036680 0.201381
0.093598 0.041860 0.206309
0.093264 0.044144 0.209428
0.094303 0.041431 0.207629
0.089768 0.043329 0.211943
0.091636 0.040051 0.203411
0.089396 0.044138 0.202070
0.092221 0.036457 0.201203
0.094347 0.038674 0.206793
0.093298 0.043955 0.207662
0.094073 0.041003 0.206850
0.091362 0.038508 0.201752
0.095337 0.040434 0.209812
0.093909 0.041986 0.206972
0.094849 0.037010 0.208863
0.090130 0.040104 0.202291
0.091040 0.044435 0.203775
0.092719 0.041916 0.205018
0.090113 0.040301 0.202050
0.095900 0.040163 0.211547
0.092422 0.042215 0.204724
0.094093 0.036627 0.206277
0.093157 0.039285 0.205044
0.095390 0.041746 0.210381
0.089576 0.043446 0.209619
0.095359 0.041963 0.210832
0.095506 0.040960 0.210139
0.090570 0.045436 0.205243
0.095131 0.039174 0.208987
0.092947 0.039275 0.204802
0.092864 0.037929 0.203471
0.093210 0.042100 0.205786
0.093332 0.034554 0.205882
0.090375 0.043395 0.211118
0.092135 0.044666 0.207622
0.089785 0.043497 0.208727
0.089609 0.043928 0.207154
0.092538 0.039263 0.204217
0.093233 0.037154 0.203676
0.093756 0.035363 0.206040
0.092954 0.043926 0.210195
0.093041 0.035414 0.203328
0.095977 0.040000 0.212015
0.091643 0.044868 0.204976
0.090603 0.040142 0.202528
0.092085 0.039639 0.203850
0.093173 0.034439 0.205248
0.094806 0.036915 0.208671
0.093992 0.043540 0.211667
0.095350 0.037489 0.210663
0.090216 0.042746 0.202384
0.093283 0.038180 0.204349
0.094230 0.042767 0.208500
0.095381 0.042012 0.211157
0.093475 0.036678 0.204287
0.092735 0.039190 0.204508
0.092665 0.037016 0.202386
0.092288 0.041394 0.204388
0.094989 0.042590 0.211044
0.095064 0.038712 0.208676
0.093262 0.043790 0.207300
0.091862 0.045087 0.206168
0.095245 0.042592 0.211806
0.093164 0.035883 0.203446
0.091414 0.044878 0.204496
0.093418 0.043104 0.206852
0.091278 0.042065 0.203298
0.090638 0.043558 0.209934
0.092699 0.040082 0.204639
0.090506 0.041113 0.202572
0.091371 0.044375 0.207717
0.093346 0.043557 0.207183
0.093315 0.039209 0.205237
0.092054 0.037328 0.201591
0.093734 0.034923 0.207747
0.094466 0.036744 0.207624
0.092421 0.044119 0.205320
0.089766 0.043694 0.202201
0.091310 0.039667 0.203009
0.095715 0.040339 0.210674
0.095787 0.039674 0.211221
0.095115 0.040484 0.209350
0.095257 0.037243 0.210512
0.095025 0.040751 0.209243
0.093485 0.039612 0.205571
0.090719 0.042902 0.202958
0.093260 0.034621 0.205366
0.091886 0.038397 0.202441
0.091068 0.041718 0.202996
0.094174 0.037177 0.206470
0.092010 0.044071 0.209167
0.095421 0.038824 0.209878
0.092361 0.036793 0.201697
0.093542 0.034590 0.207317
0.092231 0.042165 0.204474
0.093274 0.043078 0.206539
0.094669 0.039095 0.207531
0.089785 0.042261 0.201940
0.095014 0.042728 0.211558
0.092858 0.036198 0.202624
0.093841 0.038618 0.205683
0.095165 0.037969 0.209143
0.094688 0.041620 0.208549
0.091222 0.043473 0.211439
0.089552 0.043352 0.211093
0.095003 0.036932 0.209745
0.093263 0.035529 0.204193
0.094197 0.037419 0.206456
0.093918 0.035849 0.206080
0.090439 0.043690 0.208448
0.094648 0.040777 0.208085
0.093198 0.044112 0.209599
0.090415 0.044116 0.207295
0.095051 0.041034 0.209309
0.090757 0.039912 0.202576
0.091728 0.042332 0.203897
0.095475 0.042102 0.211596
0.093549 0.039239 0.205592
0.095782 0.039925 0.211272
0.092907 0.038759 0.204322
0.093186 0.043225 0.206405
0.093251 0.034477 0.205608
0.091045 0.043677 0.209696
0.093750 0.042034 0.206677
0.090632 0.041358 0.202605
0.093956 0.035503 0.207438
0.095822 0.040459 0.211147
0.093355 0.039916 0.205435
0.091093 0.044567 0.207134
0.091722 0.042803 0.204078
0.093589 0.034589 0.207803
0.091101 0.038908 0.201903
0.093039 0.036463 0.203032
0.095532 0.039047 0.210383
0.092528 0.039674 0.204364
0.095016 0.036720 0.210190
0.090111 0.042419 0.202216
0.090759 0.044776 0.203614
0.095973 0.040184 0.211851
0.090009 0.041496 0.202118
0.089575 0.043293 0.211684
0.091983 0.037823 0.201959
0.095754 0.041451 0.211226
0.094518 0.036835 0.207741
0.095552 0.041186 0.210333
0.089477 0.043801 0.207378
0.092716 0.039832 0.204633
0.090365 0.044336 0.203132
0.093340 0.034808 0.205246
0.095435 0.038135 0.210376
0.092163 0.038715 0.203163
0.089652 0.042894 0.201871
0.095037 0.042841 0.211829
0.090432 0.043741 0.208280
0.091921 0.041760 0.204011
0.094053 0.037198 0.205993
0.095184 0.036994 0.210647
0.094391 0.043368 0.210623
0.094298 0.036265 0.207624
0.091200 0.041858 0.203163
0.094137 0.043564 0.211453
0.089383 0.043552 0.208458
0.094925 0.039420 0.208524
0.094638 0.042837 0.210070
0.092831 0.035647 0.202703
0.091790 0.043566 0.204324
0.095480 0.037958 0.210820
0.092601 0.043670 0.210791
0.093172 0.041843 0.205615
0.092732 0.044544 0.208090
0.092086 0.040790 0.204015
0.095446 0.038605 0.210037
0.093957 0.042600 0.207657
0.091992 0.043072 0.204431
0.091700 0.045141 0.205967
0.093241 0.036094 0.203620
0.095100 0.041964 0.209881
0.092633 0.038894 0.204078
0.095091 0.039846 0.209024
0.092524 0.038591 0.203597
0.095751 0.038435 0.212029
0.094601 0.038327 0.207319
0.089686 0.041846 0.201866
0.090529 0.043356 0.211531
0.093954 0.039450 0.206259
0.093868 0.035032 0.208272
0.093385 0.043865 0.210523
0.092871 0.043406 0.205735
0.092273 0.043602 0.210879
0.090836 0.045041 0.206068
0.091949 0.044986 0.206395
0.094602 0.037324 0.207549
0.092100 0.044875 0.206850
0.089922 0.043508 0.209996
0.093394 0.043332 0.207014
0.094921 0.039148 0.208343
0.095617 0.038063 0.211853
0.092768 0.042665 0.205318
0.093740 0.039253 0.205865
0.095959 0.040771 0.211618
0.094510 0.041699 0.208231
0.093938 0.035250 0.208234
0.092181 0.044162 0.209091
0.094883 0.037853 0.208206
0.090662 0.043370 0.203067
0.093569 0.036878 0.204599
0.091888 0.043965 0.209308
0.093797 0.035257 0.206521
0.092092 0.037904 0.202222
0.093780 0.034911 0.207941
0.091476 0.042474 0.203628
0.091980 0.037169 0.201305
0.092610 0.040294 0.204554
0.093171 0.034012 0.206414
0.093330 0.036957 0.203895
0.093850 0.035619 0.206062
0.092731 0.043452 0.211517
0.094400 0.038904 0.206961
0.093156 0.034919 0.204256
0.090058 0.044711 0.206221
0.091382 0.044082 0.208622
0.095438 0.038396 0.210181
0.089568 0.043708 0.201992
0.095961 0.041133 0.211686
0.095043 0.037942 0.208644
0.090455 0.044090 0.207538
0.094058 0.042106 0.207455
0.095930 0.039230 0.212706
0.090261 0.044158 0.202963
0.093430 0.034427 0.206702
0.095072 0.037204 0.209676
0.093273 0.034132 0.206706
0.094932 0.037473 0.208538
0.096056 0.040623 0.212274
0.089935 0.043520 0.210405
0.093482 0.034502 0.206979
0.092851 0.038687 0.204167
0.090326 0.044558 0.206523
0.092666 0.043794 0.205600
0.093821 0.036950 0.205367
0.091870 0.044255 0.204605
0.094402 0.042793 0.209235
0.093816 0.037329 0.205535
0.093997 0.035292 0.208443
0.094715 0.042705 0.210216
0.093739 0.043442 0.207871
0.094564 0.038114 0.207170
0.089208 0.043513 0.208057
0.094560 0.039355 0.207331
0.091794 0.037457 0.201293
0.092594 0.042218 0.204956
0.091669 0.044617 0.207409
0.092386 0.038511 0.203272
0.090609 0.042671 0.202764
0.091894 0.044651 0.207496
0.095528 0.041853 0.211236
0.091746 0.043797 0.210028
0.091121 0.039771 0.202908
0.090478 0.043505 0.210748
0.090179 0.044951 0.203141
0.094376 0.041244 0.207620
0.093860 0.039028 0.206012
0.095016 0.037660 0.208700
0.091554 0.041224 0.203459
0.094585 0.036097 0.209304
0.091561 0.039769 0.203254
0.093634 0.043830 0.210627
0.091522 0.038165 0.201609
0.092645 0.044636 0.207099
0.090868 0.044483 0.203623
0.093665 0.042560 0.206881
0.093378 0.039430 0.205404
0.094237 0.035957 0.207903
0.094580 0.037761 0.207300
0.090283 0.043755 0.208157
0.093500 0.042789 0.206834
0.090783 0.045397 0.205348
0.090799 0.040913 0.202805
0.094407 0.042447 0.208826
0.093658 0.034651 0.207965
0.094037 0.035504 0.208281
0.089719 0.043397 0.209675
0.094106 0.042227 0.207742
0.091440 0.038131 0.201443
0.089611 0.043279 0.201901
0.091596 0.043528 0.204093
0.095145 0.036981 0.210357
0.094026 0.035621 0.207186
0.095274 0.039803 0.209464
0.090724 0.040288 0.202767
0.093928 0.039280 0.206179
0.090569 0.044257 0.203299
0.092292 0.044736 0.206016
0.094093 0.035725 0.207627
0.092990 0.042892 0.205783
0.095687 0.039184 0.210980
0.095322 0.038379 0.209558
0.093442 0.035571 0.204795
0.089713 0.044400 0.202493
0.095787 0.041627 0.211601
0.095558 0.038777 0.210536
0.095365 0.038782 0.209681
0.091176 0.043207 0.203597
0.093375 0.038675 0.204979
0.091954 0.040921 0.203869
0.093207 0.035501 0.203881
0.094043 0.043009 0.208223
0.089749 0.043608 0.208203
0.093206 0.035200 0.204204
0.092359 0.041030 0.204370
0.090924 0.038661 0.201403
0.091923 0.038007 0.202051
0.095121 0.038766 0.208887
0.090307 0.042404 0.202394
0.091823 0.042006 0.203938
0.094521 0.037020 0.207615
0.090276 0.039887 0.202230
0.089322 0.043541 0.208791
0.093874 0.038197 0.205532
0.091541 0.044764 0.207052
0.094889 0.036642 0.209633
0.091183 0.042425 0.203294
0.090862 0.039676 0.202622
0.091541 0.041044 0.203449
0.092785 0.042146 0.205170
0.093523 0.035582 0.204939
0.091967 0.043965 0.204610
0.090866 0.044480 0.207089
0.093385 0.034464 0.206387
0.090442 0.041400 0.202463
0.092069 0.040523 0.203940
0.094962 0.039228 0.208492
0.091314 0.039973 0.203114
0.093350 0.037209 0.204040
0.092840 0.042894 0.205539
0.092220 0.041017 0.204200
0.093262 0.037565 0.203949
0.094136 0.043033 0.209032
0.091954 0.038528 0.202667
0.092961 0.036226 0.202868
0.092172 0.039859 0.203987
0.093526 0.035090 0.205460
0.093141 0.034574 0.204854
0.093081 0.034915 0.204075
0.092473 0.043412 0.211648
0.094208 0.041336 0.207314
0.092905 0.038528 0.204085
0.094240 0.041970 0.207816
0.092372 0.039596 0.204185
0.091875 0.041625 0.203920
0.093811 0.036543 0.205315
0.095541 0.042106 0.211704
0.094216 0.036005 0.207597
0.093799 0.043059 0.207698
0.094925 0.041032 0.209114
0.093420 0.035163 0.204965
0.092834 0.044507 0.207915
0.090506 0.043651 0.208608
0.095503 0.038010 0.210974
0.091116 0.043835 0.209336
0.093742 0.035248 0.206323
0.095717 0.041825 0.211716
0.091556 0.039024 0.202783
0.091142 0.040301 0.203025
0.091805 0.038085 0.201967
0.092879 0.044056 0.206308
0.090045 0.043597 0.209185
0.092517 0.044601 0.206506
0.094503 0.042963 0.209741
0.094014 0.035749 0.206719
0.093648 0.036880 0.204739
0.095464 0.037782 0.210926
0.092151 0.039006 0.203498
0.091107 0.038839 0.201842
0.094160 0.041929 0.207634
0.093762 0.040947 0.206248
0.091606 0.040635 0.203451
0.094379 0.041753 0.208010
0.094369 0.040967 0.207461
0.095748 0.039866 0.211019
0.090318 0.043636 0.209100
0.090776 0.045500 0.204528
0.094903 0.039500 0.208312
0.094575 0.036902 0.207874
0.091731 0.044124 0.208762
0.092996 0.044124 0.206701
0.094875 0.042073 0.209491
0.093544 0.043038 0.207029
0.089793 0.043480 0.209087
0.093866 0.036420 0.205529
0.095557 0.040086 0.210382
0.095535 0.037796 0.211451
0.095511 0.039850 0.210303
0.091202 0.041148 0.203110
0.095319 0.038675 0.209510
0.092543 0.042693 0.205009
0.093451 0.038093 0.204630
0.093686 0.038761 0.205541
0.090881 0.045173 0.205873
0.091297 0.038861 0.202166
0.091442 0.044136 0.208446
0.093599 0.036629 0.204584
0.093779 0.037624 0.205343
0.092295 0.036614 0.201526
0.094641 0.043118 0.211002
0.092087 0.044607 0.205430
0.093366 0.035741 0.204451
0.090347 0.043665 0.208935
0.091878 0.040980 0.203793
0.091798 0.041396 0.203773
0.092341 0.039957 0.204205
0.095056 0.042364 0.210504
0.092467 0.042996 0.204995
0.094102 0.037634 0.206240
0.091564 0.045171 0.205846
0.089357 0.043540 0.208268
0.095156 0.042360 0.211172
0.093764 0.038921 0.205749
0.095280 0.037659 0.209989
0.093254 0.034158 0.206555
0.092384 0.038749 0.203621
0.090873 0.044687 0.206788
0.095548 0.038466 0.210832
0.093316 0.041805 0.205872
0.091832 0.043139 0.204245
0.091465 0.038564 0.201958
0.094786 0.040606 0.208411
0.093655 0.041235 0.206136
0.089474 0.043530 0.210213
0.094965 0.040408 0.208962
0.094372 0.042167 0.208267
0.094177 0.043004 0.208838
0.094027 0.035713 0.206952
0.091135 0.044921 0.204086
0.091864 0.044799 0.205292
0.094097 0.035877 0.207012
0.095886 0.040050 0.211695
0.095236 0.040095 0.209475
0.094962 0.040703 0.209115
0.091006 0.042568 0.203152
0.090822 0.041841 0.202778
0.091324 0.044977 0.206532
0.094928 0.037106 0.209156
0.094103 0.038783 0.206321
0.093677 0.036902 0.204890
0.091017 0.039031 0.202029
0.093407 0.036074 0.204359
0.093259 0.038961 0.205058
0.090226 0.043361 0.211562
0.093107 0.035643 0.203358
0.093750 0.043202 0.207599
0.094640 0.036128 0.209478
0.090870 0.043987 0.208110
0.091348 0.045208 0.205830
0.093555 0.036203 0.204645
0.092286 0.043632 0.204985
0.090086 0.043390 0.211461
0.095351 0.039507 0.209632
0.093628 0.042064 0.206454
0.093390 0.042553 0.206242
0.092271 0.037709 0.202377
0.090699 0.044571 0.206827
0.094026 0.042640 0.208067
0.093566 0.034764 0.206494
0.090255 0.044026 0.207398
0.093169 0.034183 0.206003
0.093266 0.043414 0.206878
0.094658 0.038536 0.207472
0.094976 0.037310 0.209306
0.095448 0.040083 0.210034
0.092226 0.038106 0.202623
0.093484 0.041843 0.206113
0.095095 0.038396 0.208836
0.092755 0.040757 0.204827
0.093108 0.038656 0.204488
0.094273 0.036263 0.207468
0.096017 0.041107 0.212117
0.095474 0.041222 0.210149
0.091963 0.039549 0.203617
0.090986 0.045143 0.204078
0.093200 0.044317 0.208447
0.093266 0.044201 0.208981
0.092167 0.041969 0.204363
0.094336 0.036789 0.206986
0.092453 0.037457 0.202416
0.093106 0.044166 0.207539
0.091220 0.043505 0.210651
0.090723 0.038963 0.201574
0.090166 0.043580 0.209377
0.093044 0.043073 0.205976
0.094621 0.039922 0.207628
0.093820 0.035780 0.205785
0.090932 0.043437 0.211255
0.092756 0.036281 0.202408
0.095339 0.039209 0.209615
0.090969 0.045435 0.204992
0.093472 0.040063 0.205585
0.092735 0.039509 0.204628
0.094765 0.040369 0.208319
0.092162 0.041477 0.204265
0.094133 0.037199 0.206269
0.093461 0.041210 0.205852
0.093010 0.043332 0.206088
0.091525 0.038869 0.202453
0.091543 0.042192 0.203625
0.094569 0.038493 0.207272
0.092704 0.043428 0.211753
0.089970 0.043012 0.202210
0.091484 0.039765 0.203182
0.092269 0.037850 0.202465
0.093911 0.036645 0.205772
0.096031 0.040783 0.211969
0.093279 0.043816 0.207484
0.093719 0.040752 0.206090
0.092660 0.044030 0.209692
0.092631 0.039371 0.204396
0.093238 0.041483 0.205599
0.093777 0.035130 0.206788
0.090682 0.041588 0.202650
0.094612 0.037567 0.207471
0.093126 0.034077 0.206240
0.094912 0.041658 0.209118
0.093406 0.034366 0.207134
0.092172 0.038531 0.202961
0.094813 0.036653 0.209298
0.092320 0.044786 0.206309
0.094725 0.041125 0.208527
0.093686 0.039560 0.205845
0.094733 0.040931 0.208366
0.090767 0.044218 0.203463
0.090802 0.043767 0.208808
0.092175 0.044671 0.205743
0.094443 0.042353 0.209034
0.093393 0.043581 0.207343
0.096067 0.040412 0.212361
0.095929 0.040507 0.211429
0.094875 0.037648 0.208301
0.091662 0.040863 0.203540
0.094022 0.041265 0.206885
0.089496 0.043554 0.208179
0.090671 0.043954 0.203300
0.090336 0.040596 0.202481
0.094370 0.036108 0.208702
0.095659 0.039373 0.210822
0.094473 0.036909 0.207522
0.092558 0.041319 0.204676
0.092357 0.043187 0.204947
0.090089 0.044349 0.206665
0.091514 0.037946 0.201377
0.090595 0.043710 0.208954
0.094800 0.042515 0.210237
0.090039 0.043518 0.210546
0.094146 0.035954 0.207217
0.093119 0.038130 0.204034
0.090672 0.044287 0.207241
0.094718 0.041282 0.208504
0.094973 0.041321 0.209131
0.089913 0.042449 0.202067
0.089718 0.043659 0.207904
0.095148 0.038462 0.209101
0.092779 0.043301 0.205504
0.093697 0.037510 0.205150
0.093302 0.035422 0.204411
0.095148 0.037396 0.209677
0.090669 0.043683 0.208625
0.094499 0.036330 0.208780
0.091678 0.042076 0.203769
0.093534 0.043608 0.211391
0.093173 0.039765 0.205172
0.094208 0.041755 0.207558
0.092165 0.038054 0.202486
0.094274 0.036374 0.207317
0.090942 0.045357 0.205433
0.093664 0.042793 0.207064
0.092715 0.044334 0.206356
0.093292 0.036625 0.203715
0.090047 0.041223 0.202135
0.089506 0.043511 0.209347
0.093103 0.043848 0.210461
0.091782 0.040977 0.203686
0.093063 0.035106 0.203943
0.089997 0.043703 0.208094
0.094997 0.041731 0.209439
0.091723 0.038558 0.202366
0.091205 0.043779 0.203764
0.095913 0.040213 0.211672
0.092742 0.044421 0.208649
0.095673 0.040692 0.210524
0.093955 0.043567 0.209075
0.090847 0.040534 0.202810
0.093575 0.043717 0.207961
0.093583 0.034892 0.206252
0.090459 0.042557 0.202575
0.091634 0.039471 0.203216
0.093118 0.043943 0.206950
0.091028 0.043843 0.203611
0.089979 0.043492 0.210718
0.090212 0.043751 0.208020
0.095594 0.040957 0.210388
0.092442 0.044471 0.208420
0.089506 0.043507 0.210383
0.089668 0.043531 0.208691
0.089829 0.041716 0.201999
0.095239 0.039459 0.209351
0.090774 0.043619 0.203287
0.092311 0.044172 0.205121
0.090940 0.043602 0.203466
0.093746 0.036316 0.205149
0.095550 0.038247 0.211073
0.092406 0.044263 0.205775
0.094036 0.043669 0.210781
0.092353 0.044761 0.206710
0.092274 0.044449 0.205767
0.094104 0.037869 0.206140
0.091623 0.045125 0.206218
0.089679 0.043486 0.209451
0.094669 0.040344 0.208114
0.092341 0.036958 0.201774
0.093241 0.034336 0.205839
0.093163 0.035354 0.203884
0.095940 0.039694 0.212036
0.093776 0.039834 0.205988
0.089761 0.043532 0.209194
0.095825 0.041208 0.211116
0.095421 0.037730 0.210775
0.089531 0.043929 0.207124
0.094802 0.039664 0.208055
0.091534 0.044347 0.204272
0.092063 0.043166 0.204563
0.093252 0.036898 0.203644
0.095798 0.039286 0.211434
0.091856 0.043724 0.204409
0.095415 0.039062 0.209915
0.091302 0.043748 0.209692
0.094969 0.038938 0.208421
0.095623 0.038520 0.211136
0.092212 0.043256 0.204749
0.095877 0.038936 0.212329
0.093246 0.037897 0.204102
0.090912 0.043316 0.211870
0.094873 0.040540 0.208639
0.094856 0.038422 0.207987
0.092881 0.037709 0.203239
0.093100 0.034274 0.205487
0.092948 0.038326 0.203957
0.094844 0.039864 0.208221
0.091886 0.040006 0.203663
0.094273 0.035602 0.208978
0.093341 0.034257 0.206857
0.093697 0.043004 0.207293
0.093937 0.043734 0.210554
0.090889 0.043523 0.210632
0.089893 0.043287 0.202200
0.093828 0.036807 0.205384
0.094649 0.040592 0.208244
0.094028 0.040224 0.206495
0.093439 0.043515 0.211685
0.091856 0.044770 0.207221
0.091957 0.040705 0.203840
0.095718 0.038530 0.211596
0.089744 0.044262 0.206662
0.091854 0.043578 0.211375
0.091377 0.041342 0.203279
0.089697 0.043869 0.207304
0.094247 0.037220 0.206618
0.090791 0.045376 0.204107
0.091075 0.045220 0.205822
0.092527 0.036409 0.201910
0.094368 0.036015 0.208914
0.091128 0.041455 0.203035
0.092559 0.036716 0.202064
0.090471 0.044590 0.203290
0.093180 0.038809 0.204790
0.090513 0.040330 0.202511
0.095528 0.039526 0.210434
0.094650 0.039686 0.207655
0.093552 0.035580 0.205457
0.092436 0.037028 0.201966
0.093870 0.036011 0.205770
0.095067 0.039438 0.208872
0.091889 0.043926 0.209618
0.095135 0.037604 0.209445
0.090432 0.043593 0.209738
0.094682 0.041876 0.208700
0.095751 0.040225 0.211070
0.093200 0.040704 0.205351
0.094530 0.043020 0.210033
0.094673 0.037271 0.207898
0.091755 0.039628 0.203396
0.089687 0.043432 0.210816
0.093729 0.034897 0.207596
0.093633 0.043832 0.208437
0.092023 0.041581 0.204108
0.093162 0.034514 0.205012
0.092926 0.042787 0.205642
0.090848 0.045500 0.205031
0.092115 0.043684 0.210627
0.092079 0.044888 0.205906
0.093514 0.042063 0.206247
0.094196 0.040499 0.206878
0.091543 0.039476 0.203118
0.090405 0.039448 0.201952
0.094418 0.043271 0.210312
0.095273 0.041799 0.210150
0.092098 0.036751 0.201081
0.090184 0.040607 0.202331
0.091890 0.039126 0.203373
0.093721 0.037274 0.205033
0.093268 0.034353 0.206105
0.093951 0.039025 0.206150
0.092114 0.039338 0.203720
0.092273 0.037482 0.202210
0.095341 0.038928 0.209589
0.090167 0.044458 0.202969
0.092308 0.043052 0.204828
0.095605 0.038829 0.210687
0.092407 0.041603 0.204566
0.094569 0.038845 0.207292
0.094821 0.037970 0.207942
0.090737 0.044889 0.206346
0.091211 0.044361 0.203922
0.092089 0.044020 0.209416
0.090360 0.043881 0.202954
0.093545 0.040755 0.205826
0.094528 0.038577 0.207143
0.093315 0.041255 0.205648
0.093766 0.043585 0.208206
0.095673 0.041065 0.210597
0.094421 0.043193 0.210064
0.091480 0.041909 0.203487
0.092942 0.037305 0.203024
0.095097 0.041733 0.209672
0.093663 0.043887 0.210320
0.091364 0.045067 0.206321
0.093078 0.037251 0.203378
0.092687 0.037955 0.203178
0.093527 0.035244 0.205251
0.093446 0.035965 0.204557
0.092384 0.044780 0.206955
0.091459 0.040021 0.203238
0.095352 0.039685 0.209780
0.092517 0.043913 0.210020
0.093969 0.038079 0.205722
0.095046 0.037222 0.209528
0.091987 0.043699 0.204553
0.095550 0.040649 0.210206
0.094151 0.035435 0.208779
0.092857 0.041421 0.205043
0.091283 0.044924 0.204339
0.090587 0.043592 0.209482
0.095963 0.039010 0.212786
0.095734 0.038816 0.211436
0.094085 0.036263 0.206375
0.094062 0.043637 0.210005
0.095572 0.041612 0.210921
0.090101 0.043533 0.210275
0.089780 0.043618 0.208043
0.092015 0.043574 0.210866
0.093461 0.038352 0.204820
0.093717 0.035560 0.205736
0.093009 0.044190 0.209393
0.093557 0.043337 0.207349
0.094544 0.042026 0.208553
0.093176 0.044312 0.208166
0.092646 0.039141 0.204299
0.095497 0.038601 0.210340
0.093148 0.036945 0.203379
0.090870 0.043328 0.203306
0.095663 0.038233 0.211695
0.091548 0.044859 0.204820
0.095947 0.039940 0.212222
0.096016 0.040194 0.212363
0.094182 0.035866 0.208300
0.093414 0.042795 0.206504
0.093255 0.035609 0.204025
0.091800 0.043639 0.210596
0.094906 0.042738 0.211057
0.092987 0.044042 0.206501
0.094620 0.038283 0.207487
0.091813 0.037841 0.201739
0.090778 0.043321 0.211821
0.095096 0.040143 0.209182
0.093295 0.038400 0.204548
0.095556 0.039428 0.210617
0.091943 0.038799 0.202954
0.093932 0.043679 0.210981
0.093755 0.043583 0.211547
0.094011 0.039346 0.206373
0.090780 0.044991 0.203743
0.092258 0.039166 0.203809
0.095243 0.037467 0.210048
0.091019 0.044972 0.206338
0.093635 0.035410 0.205589
0.094628 0.037017 0.207956
0.090649 0.040601 0.202718
0.093828 0.039999 0.206084
0.094942 0.036934 0.209450
0.093917 0.035324 0.207317
0.091453 0.040889 0.203321
0.095627 0.039936 0.210553
0.092427 0.044357 0.208697
0.093909 0.036307 0.205748
0.093068 0.042222 0.205616
0.091222 0.038386 0.201468
0.094838 0.038927 0.208021
0.092921 0.040573 0.204980
0.094533 0.040881 0.207788
0.089870 0.044340 0.202624
0.094019 0.035528 0.207697
0.095733 0.038561 0.211712
0.093355 0.035596 0.204618
0.094388 0.036582 0.207527
0.090944 0.043584 0.210045
0.092317 0.036353 0.201401
0.094715 0.042934 0.210873
0.095254 0.042214 0.211158
0.090059 0.043628 0.202483
0.092526 0.038386 0.203384
0.090764 0.043093 0.203080
0.093350 0.042791 0.206287
0.091527 0.041570 0.203475
0.091294 0.041009 0.203209
0.090919 0.044713 0.203762
0.092609 0.037222 0.202434
0.090637 0.041889 0.202616
0.090201 0.043960 0.202803
0.093401 0.042977 0.206691
0.095708 0.040553 0.210679
0.094280 0.035882 0.208665
0.090733 0.043473 0.210937
0.093903 0.039670 0.206212
0.089834 0.042791 0.202033
0.091533 0.043504 0.211160
0.092939 0.044372 0.207088
0.090593 0.043626 0.209197
0.094120 0.041260 0.207170
0.095018 0.041495 0.209314
0.094725 0.038230 0.207653
0.095865 0.039302 0.211723
0.093491 0.043714 0.207772
0.095391 0.037507 0.210936
0.093980 0.036899 0.205836
0.090315 0.043521 0.210494
0.094232 0.043528 0.210936
0.094905 0.042595 0.210745
0.095367 0.041485 0.210067
0.089540 0.043553 0.209056
0.090981 0.043228 0.203459
0.094075 0.037455 0.206183
0.090839 0.043889 0.203445
0.094419 0.037177 0.207228
0.090896 0.044179 0.207720
0.092427 0.043941 0.205200
0.092847 0.044011 0.209884
0.093291 0.035081 0.204806
0.091504 0.044265 0.208138
0.092820 0.039808 0.204772
0.093518 0.041446 0.206012
0.094093 0.036980 0.206189
0.091780 0.040200 0.203578
0.089430 0.043575 0.207943
0.094620 0.037166 0.207752
0.093495 0.043223 0.207169
0.090600 0.045430 0.203924
0.094139 0.035963 0.207389
0.093616 0.039108 0.205663
0.090322 0.040862 0.202408
0.094599 0.043024 0.210345
0.091666 0.044004 0.204297
0.095790 0.040432 0.210967
0.094289 0.036079 0.207787
0.095142 0.041580 0.209633
0.091766 0.043438 0.204248
0.093202 0.034983 0.204357
0.094015 0.040510 0.206576
0.094378 0.039208 0.206977
0.093374 0.040231 0.205484
0.092790 0.043807 0.210448
0.094119 0.035699 0.208246
0.094132 0.042736 0.208243
0.094312 0.036097 0.208221
0.092485 0.040106 0.204370
0.093258 0.039672 0.205270
0.093412 0.040727 0.205640
0.095074 0.038139 0.208713
0.093113 0.043518 0.206447
0.093736 0.037919 0.205168
0.091853 0.041212 0.203802
0.092245 0.039363 0.203921
0.093186 0.043386 0.206571
0.094206 0.037964 0.206340
0.094711 0.039503 0.207770
0.094532 0.042475 0.209194
0.090679 0.045530 0.204982
0.093500 0.038769 0.205253
0.091757 0.040449 0.203589
0.094598 0.039072 0.207377
0.092444 0.037610 0.202527
0.094083 0.036030 0.206761
0.092851 0.040342 0.204844
0.090507 0.039954 0.202378
0.094432 0.036099 0.209108
0.095118 0.037199 0.209878
0.093707 0.038268 0.205137
0.094788 0.041900 0.208985
0.091454 0.043553 0.210446
0.096059 0.040728 0.212119
0.095052 0.039686 0.208819
0.094028 0.042450 0.207725
0.092602 0.044616 0.206813
0.091683 0.045117 0.205657
0.091636 0.039839 0.203354
0.093765 0.042278 0.206864
0.091734 0.044029 0.209070
0.093490 0.039379 0.205531
0.090864 0.043787 0.209127
0.090092 0.043381 0.211353
0.092099 0.042419 0.204380
0.090899 0.042415 0.202983
0.093451 0.044072 0.208471
0.092798 0.036564 0.202524
0.089870 0.042041 0.202041
0.091929 0.042338 0.204151
0.094231 0.036286 0.206979
0.094740 0.038963 0.207749
0.090962 0.040144 0.202868
0.091768 0.039218 0.203257
0.093550 0.043874 0.208208
0.091712 0.044552 0.204602
0.092032 0.045019 0.206063
0.095796 0.040973 0.210923
0.093350 0.037425 0.204166
0.093115 0.034155 0.205754
0.095322 0.037885 0.209928
0.091725 0.038801 0.202662
0.094242 0.039560 0.206786
0.095152 0.039668 0.209129
0.095271 0.040365 0.209626
0.095094 0.037001 0.210095
0.093826 0.041377 0.206521
0.094636 0.041453 0.208387
0.093063 0.035838 0.203160
0.092173 0.043421 0.211574
0.095489 0.038410 0.210536
0.094038 0.035643 0.207464
0.095709 0.041444 0.211025
0.091531 0.044651 0.204466
0.092312 0.037334 0.202029
0.093212 0.034002 0.207005
0.095537 0.039290 0.210439
0.095846 0.039867 0.211434
0.094376 0.037050 0.207082
0.092861 0.042347 0.205335
0.092942 0.043459 0.211725
0.095858 0.041660 0.211993
0.090405 0.041147 0.202451
0.093658 0.038617 0.205376
0.091999 0.044577 0.205109
0.089318 0.043343 0.211339
0.091675 0.037469 0.201148
0.095580 0.039645 0.210599
0.094356 0.037883 0.206700
0.091116 0.039035 0.202188
0.092929 0.043727 0.210733
0.093610 0.038450 0.205156
0.095255 0.039090 0.209332
0.094032 0.041489 0.207005
0.094429 0.037407 0.207099
0.091053 0.043904 0.208914
0.091170 0.038546 0.201594
0.091656 0.044328 0.204399
0.092498 0.044236 0.209101
0.090935 0.043487 0.211060
0.090357 0.045066 0.205841
0.091419 0.043897 0.209447
0.091930 0.042072 0.204108
0.091644 0.043545 0.210878
0.094890 0.040352 0.208746
0.091900 0.037552 0.201662
0.090552 0.043672 0.203065
0.091255 0.038719 0.201854
0.093203 0.042848 0.206088
0.095384 0.037719 0.210495
0.094322 0.037393 0.206732
0.093145 0.038012 0.203999
0.090569 0.044834 0.203453
0.095896 0.041395 0.211572
0.094301 0.035755 0.208889
0.092262 0.039016 0.203694
0.096068 0.040863 0.212293
0.095690 0.041325 0.210800
0.091160 0.045127 0.206048
0.094132 0.039886 0.206628
0.094919 0.042208 0.209727
0.094693 0.036703 0.208554
0.093823 0.043844 0.210010
0.091337 0.039221 0.202706
0.091191 0.039834 0.202995
0.091417 0.044493 0.207452
0.089920 0.043629 0.202340
0.095591 0.041916 0.211525
0.091067 0.042752 0.203308
0.093469 0.034470 0.207470
0.092971 0.041926 0.205349
0.094822 0.041058 0.208848
0.095272 0.038334 0.209422
0.090268 0.043009 0.202502
0.093182 0.041191 0.205431
0.095485 0.038885 0.210183
0.091494 0.043502 0.211536
0.094211 0.038978 0.206641
0.094030 0.043623 0.211147
0.095918 0.039847 0.211734
0.090896 0.043912 0.208349
0.093127 0.034770 0.204448
0.094954 0.039735 0.208524
0.093373 0.041461 0.205801
0.091790 0.040712 0.203659
0.092678 0.044602 0.207398
0.089454 0.043668 0.207671
0.094224 0.043010 0.209152
