0.036534 0.103438 0.022315
0.036375 0.103905 0.027339
0.038726 0.103210 0.022781
0.037071 0.104081 0.025926
0.036436 0.103905 0.024190
0.028983 0.103495 0.021006
0.028966 0.103420 0.020701
0.033439 0.104207 0.028982
0.032039 0.103778 0.023752
0.035312 0.103036 0.020324
0.038592 0.104055 0.028173
0.033040 0.103363 0.020738
0.029984 0.103907 0.024843
0.031293 0.103705 0.023259
0.030640 0.103199 0.019301
0.034657 0.104557 0.030651
0.031646 0.103244 0.019763
0.033991 0.102932 0.019099
0.035246 0.103028 0.019380
0.036659 0.102835 0.019932
0.037721 0.103853 0.025229
0.040868 0.103204 0.023045
0.034624 0.103747 0.026370
0.032815 0.104757 0.032748
0.032332 0.104241 0.027334
0.037140 0.103481 0.023713
0.040834 0.103698 0.026152
0.038758 0.104194 0.029721
0.034594 0.103191 0.020627
0.031626 0.103826 0.024329
0.032805 0.104027 0.025487
0.034876 0.104507 0.030269
0.037394 0.103941 0.025233
0.034196 0.104614 0.031296
0.031151 0.104770 0.032499
0.030566 0.103586 0.022463
0.029838 0.103434 0.021099
0.030617 0.104867 0.032982
0.029208 0.103475 0.021271
0.029098 0.103704 0.023107
0.036507 0.103914 0.025283
0.036688 0.104496 0.032091
0.038901 0.103576 0.024465
0.029891 0.104528 0.028354
0.040494 0.103458 0.025410
0.032357 0.103652 0.022853
0.035847 0.102848 0.019411
0.030708 0.103850 0.024423
0.038069 0.103978 0.026381
0.037066 0.103288 0.023009
0.038316 0.102758 0.019706
0.030787 0.104768 0.032397
0.035742 0.102777 0.019282
0.034021 0.104638 0.030768
0.038060 0.104223 0.029805
0.036952 0.104392 0.030358
0.040748 0.103217 0.023150
0.036794 0.102830 0.019578
0.033189 0.104214 0.029167
0.033266 0.104676 0.030182
0.037122 0.104049 0.028357
0.033282 0.103288 0.020305
0.031375 0.104019 0.026244
0.032722 0.103205 0.019371
0.034256 0.104839 0.032578
0.035096 0.102966 0.019014
0.033638 0.103718 0.023865
0.031198 0.103559 0.022322
0.036204 0.103944 0.027601
0.039265 0.103141 0.022079
0.036101 0.103927 0.026535
0.032002 0.104632 0.030682
0.033505 0.104056 0.028448
0.033418 0.103132 0.019641
0.032006 0.104443 0.027809
0.029217 0.103774 0.023541
0.036893 0.103479 0.021479
0.030355 0.104273 0.027620
0.033440 0.103834 0.026835
0.038823 0.102728 0.019676
0.031624 0.103839 0.024554
0.034674 0.103612 0.023398
0.033051 0.103565 0.021986
0.039952 0.103192 0.022745
0.040537 0.104030 0.027250
0.030768 0.104826 0.032719
0.035644 0.104309 0.029892
0.038917 0.104196 0.028072
0.034823 0.104512 0.029465
0.039844 0.104390 0.027774
0.031693 0.104063 0.026184
0.033615 0.103658 0.023035
0.032104 0.103862 0.024641
0.030979 0.104462 0.029148
0.034941 0.103065 0.019244
0.041059 0.103175 0.022536
0.034860 0.103267 0.022496
0.038141 0.103890 0.028115
0.032608 0.103237 0.019986
0.038603 0.104274 0.030205
0.031575 0.103563 0.022158
0.034351 0.103612 0.023237
0.038520 0.102839 0.020283
0.032049 0.103079 0.018445
0.032795 0.104099 0.029174
0.031528 0.103069 0.018581
0.039142 0.103057 0.021557
0.036519 0.102890 0.020052
0.040345 0.104223 0.028252
0.039223 0.104282 0.027948
0.040024 0.103075 0.021563
0.030423 0.103487 0.021638
0.034951 0.103247 0.021112
0.028965 0.103848 0.024080
0.028810 0.103579 0.021679
0.029426 0.103651 0.022380
0.031909 0.103777 0.023890
0.030247 0.103823 0.024321
0.032077 0.103833 0.024403
0.035632 0.103326 0.022878
0.034749 0.103754 0.025504
0.030627 0.104552 0.030784
0.040631 0.103419 0.024259
0.036186 0.103381 0.022428
0.029663 0.103793 0.023979
0.034567 0.103740 0.027360
0.037682 0.103998 0.025962
0.036970 0.103928 0.027388
0.031600 0.103126 0.019029
0.033676 0.104870 0.032024
0.038726 0.103565 0.024346
0.030889 0.104409 0.029799
0.029612 0.103675 0.023084
0.039592 0.104213 0.029266
0.032605 0.103659 0.023077
0.033856 0.103191 0.020399
0.032662 0.104881 0.031561
0.035045 0.103645 0.023934
0.037720 0.104172 0.029515
0.029084 0.103590 0.021976
0.034361 0.102876 0.018815
0.032525 0.103725 0.023641
0.031236 0.104493 0.030132
0.034225 0.103536 0.022911
0.031010 0.103448 0.021325
0.034141 0.103678 0.023417
0.032050 0.103718 0.023366
0.029753 0.104213 0.027149
0.036393 0.103991 0.024654
0.033201 0.103186 0.019598
0.030047 0.104219 0.027039
0.041242 0.103292 0.023363
0.034924 0.103739 0.026262
0.036171 0.103597 0.023596
0.037932 0.103956 0.025917
0.035133 0.103025 0.019601
0.032753 0.103384 0.020870
0.031911 0.104504 0.031173
0.033363 0.103998 0.027504
0.031541 0.104120 0.027006
0.032770 0.104036 0.027763
0.038267 0.103342 0.023220
0.040585 0.103297 0.023534
0.031168 0.103067 0.018278
0.030039 0.104367 0.027910
0.035463 0.103198 0.021447
0.033094 0.104015 0.025485
0.038288 0.103888 0.025826
0.040029 0.103178 0.023119
0.033271 0.103033 0.018883
0.030188 0.103645 0.022776
0.036217 0.104123 0.028531
0.035386 0.104442 0.030929
0.039647 0.104367 0.028139
0.030647 0.104509 0.029004
0.031088 0.104966 0.033712
0.035601 0.103117 0.021280
0.029012 0.103811 0.023801
0.039188 0.102961 0.020852
0.029844 0.103342 0.020550
0.035116 0.103729 0.024107
0.035548 0.103869 0.026176
0.032285 0.104336 0.027723
0.036900 0.102811 0.020010
0.038620 0.103264 0.022925
0.039874 0.104156 0.030014
0.031171 0.103817 0.024063
0.038888 0.102762 0.019950
0.033410 0.103725 0.023161
0.035945 0.103911 0.027497
0.034830 0.103270 0.021984
0.037106 0.104487 0.032135
0.032114 0.104013 0.025753
0.031001 0.103978 0.025876
0.032310 0.103218 0.019684
0.029193 0.103639 0.022501
0.034557 0.103706 0.026860
0.032211 0.103367 0.020776
0.033710 0.104716 0.030631
0.034718 0.104556 0.030886
0.036094 0.103690 0.025306
0.033513 0.103686 0.023366
0.029469 0.103486 0.021405
0.032773 0.103299 0.020359
0.040141 0.104183 0.029313
0.032785 0.103679 0.023359
0.035352 0.103857 0.027519
0.032399 0.104782 0.032904
0.037950 0.103663 0.024565
0.033195 0.104177 0.028833
0.032750 0.104155 0.027873
0.040466 0.103459 0.024466
0.034350 0.104780 0.032109
0.032322 0.103384 0.020884
0.034314 0.103983 0.028251
0.031742 0.104498 0.028213
0.033879 0.103503 0.022128
0.029014 0.103567 0.021607
0.030277 0.103952 0.025501
0.034620 0.104624 0.031720
0.030788 0.103966 0.025667
0.029702 0.103290 0.020009
0.035346 0.103750 0.025309
0.030369 0.104670 0.032063
0.035477 0.104252 0.028890
0.038738 0.102853 0.020645
0.035553 0.103865 0.025620
0.031803 0.103429 0.021108
0.033129 0.104172 0.026076
0.035701 0.103775 0.024798
0.034455 0.103631 0.024109
0.031059 0.104671 0.031735
0.032046 0.104362 0.028657
0.033407 0.103896 0.024666
0.039172 0.104270 0.028507
0.035918 0.103433 0.023195
0.030876 0.104385 0.027848
0.037913 0.104097 0.029064
0.030503 0.104353 0.028190
0.031144 0.103668 0.023048
0.031107 0.103879 0.025261
0.039839 0.104193 0.029327
0.032991 0.103696 0.023212
0.030255 0.104220 0.026984
0.040427 0.103818 0.026481
0.036035 0.102706 0.019830
0.030754 0.104099 0.026608
0.037367 0.103819 0.024797
0.031289 0.103217 0.019566
0.031281 0.104193 0.026656
0.035643 0.103780 0.024612
0.031990 0.103195 0.019464
0.028660 0.103569 0.021981
0.039928 0.103480 0.024501
0.031970 0.103935 0.025329
0.032066 0.103786 0.024131
0.036545 0.102812 0.019746
0.032523 0.103651 0.022906
0.038812 0.103270 0.023063
0.035064 0.103728 0.027047
0.036949 0.102881 0.019476
0.031847 0.104108 0.027059
0.029647 0.103554 0.021871
0.031993 0.104542 0.029920
0.029377 0.104017 0.025550
0.033920 0.103633 0.023268
0.031081 0.103189 0.019389
0.031024 0.103841 0.024292
0.035133 0.103725 0.026398
0.035660 0.103730 0.023974
0.031187 0.103926 0.025568
0.034892 0.104499 0.029775
0.034391 0.103774 0.027439
0.031941 0.104587 0.030288
0.028828 0.103469 0.020887
0.035867 0.103316 0.020911
0.030929 0.103711 0.023296
0.036067 0.103863 0.024257
0.033794 0.103857 0.024933
0.032277 0.104559 0.030148
0.036857 0.104413 0.031295
0.031382 0.104365 0.028647
0.032770 0.103032 0.018697
0.031110 0.104008 0.025995
0.033033 0.104798 0.030826
0.028844 0.103587 0.021918
0.034797 0.104548 0.030751
0.033478 0.104916 0.032105
0.036733 0.104075 0.024647
0.037219 0.103855 0.024684
0.031787 0.104533 0.029766
0.036363 0.102872 0.020148
0.039198 0.103720 0.025633
0.029982 0.104524 0.028612
0.037687 0.103396 0.022023
0.034829 0.103542 0.023344
0.031725 0.103916 0.025320
0.029242 0.103886 0.025058
0.030780 0.104643 0.031537
0.033812 0.103124 0.019941
0.030071 0.103413 0.020949
0.033693 0.104048 0.025764
0.034301 0.103752 0.026809
0.036747 0.103215 0.023135
0.034080 0.104563 0.029854
0.037343 0.103463 0.022614
0.034432 0.104320 0.028930
0.031228 0.104574 0.030535
0.032089 0.103884 0.024911
0.032853 0.103574 0.022638
0.031639 0.104601 0.030495
0.031844 0.103261 0.019933
0.030668 0.104520 0.028686
0.030743 0.104482 0.029885
0.038134 0.103043 0.021267
0.030912 0.104476 0.028882
0.037575 0.104356 0.030142
0.037863 0.103895 0.025548
0.037907 0.104128 0.029342
0.036027 0.103851 0.024740
0.033704 0.104051 0.028483
0.030022 0.103802 0.024104
0.030833 0.103207 0.019420
0.036588 0.103966 0.027696
0.034289 0.104784 0.033004
0.038522 0.103143 0.022226
0.037007 0.104472 0.031969
0.033731 0.102972 0.019481
0.037882 0.102816 0.019385
0.036589 0.102869 0.020300
0.029585 0.103834 0.024364
0.034938 0.103710 0.026468
0.035364 0.103745 0.025222
0.034762 0.103515 0.022927
0.036599 0.104397 0.031309
0.036909 0.103545 0.022474
0.034069 0.103248 0.021771
0.035988 0.102654 0.019085
0.031045 0.104181 0.026889
0.033452 0.103938 0.025401
0.035450 0.103893 0.025813
0.030723 0.103607 0.022589
0.037339 0.104024 0.028405
0.037200 0.104068 0.025677
0.032708 0.104756 0.030863
0.035238 0.103345 0.021608
0.037625 0.103997 0.028562
0.029863 0.103984 0.025304
0.030940 0.104483 0.028656
0.038923 0.103650 0.025103
0.034378 0.104198 0.028659
0.035911 0.104396 0.030646
0.034755 0.103056 0.019521
0.031032 0.103372 0.020703
0.030995 0.103324 0.020288
0.030234 0.103262 0.019904
0.030599 0.104064 0.026412
0.039241 0.103204 0.022719
0.032859 0.103091 0.018901
0.034103 0.103184 0.020120
0.039097 0.103224 0.022989
0.029975 0.103266 0.019956
0.030107 0.104341 0.027567
0.034024 0.103124 0.020531
0.031195 0.104556 0.030826
0.031824 0.104598 0.030482
0.029286 0.103562 0.021624
0.040039 0.103087 0.021713
0.040301 0.103453 0.024621
0.030511 0.104019 0.026119
0.033442 0.104658 0.032959
0.032792 0.103361 0.020707
0.035600 0.104634 0.032340
0.037537 0.104048 0.028861
0.035970 0.103844 0.025489
0.033044 0.104118 0.028214
0.036626 0.102868 0.020422
0.039010 0.103504 0.024159
0.033783 0.103486 0.021889
0.033141 0.103183 0.019864
0.038298 0.103186 0.022196
0.040335 0.103411 0.024078
0.033326 0.103569 0.021976
0.034611 0.104571 0.031351
0.038068 0.103996 0.027647
0.040846 0.103374 0.025152
0.039035 0.104198 0.027569
0.029134 0.103557 0.021515
0.036850 0.104105 0.025342
0.034067 0.104450 0.029420
0.037680 0.104394 0.030373
0.035552 0.103585 0.024147
0.037157 0.103516 0.022174
0.031146 0.103911 0.025368
0.030475 0.104771 0.032370
0.036644 0.103523 0.023807
0.035454 0.103126 0.020984
0.030082 0.103315 0.020418
0.032549 0.103402 0.021020
0.034185 0.103342 0.021177
0.040099 0.103449 0.024288
0.034972 0.103349 0.022114
0.036674 0.102875 0.020120
0.037042 0.103962 0.026480
0.035158 0.103838 0.025922
0.035714 0.103691 0.023738
0.037518 0.103269 0.021598
0.034554 0.103720 0.027243
0.032382 0.104320 0.027924
0.034252 0.103055 0.019641
0.033059 0.104034 0.026948
0.035696 0.104422 0.031448
0.036165 0.104421 0.031566
0.029535 0.104180 0.026874
0.040007 0.103091 0.021120
0.034903 0.103657 0.024405
0.032689 0.104485 0.029684
0.028676 0.103658 0.022222
0.039377 0.104294 0.027764
0.038272 0.103614 0.024547
0.031898 0.103638 0.022809
0.038679 0.104145 0.028824
0.031078 0.103963 0.025690
0.035555 0.103334 0.021673
0.033339 0.103220 0.020070
0.028898 0.103519 0.021101
0.034403 0.103149 0.019941
0.038677 0.104033 0.026574
0.037307 0.104379 0.030198
0.034471 0.103809 0.025020
0.035841 0.104560 0.032137
0.037152 0.103396 0.023514
0.038262 0.103114 0.021957
0.032891 0.103931 0.026595
0.029576 0.103751 0.023544
0.033860 0.103407 0.021089
0.029393 0.103584 0.021991
0.031153 0.104186 0.026722
0.039140 0.103181 0.022424
0.039471 0.104038 0.026830
0.029483 0.103852 0.024700
0.032874 0.104288 0.029431
0.029990 0.103994 0.026037
0.029277 0.103612 0.022154
0.031599 0.104038 0.025924
0.031860 0.103069 0.018596
0.031833 0.103688 0.023251
0.033434 0.103764 0.024102
0.033788 0.103194 0.020126
0.033342 0.103769 0.024396
0.038659 0.102891 0.021093
0.035216 0.103159 0.020641
0.029000 0.103533 0.021408
0.029385 0.103575 0.021816
0.035145 0.103412 0.023512
0.031321 0.104009 0.025937
0.039767 0.104022 0.026818
0.034525 0.104583 0.030991
0.036999 0.104097 0.028629
0.031426 0.103238 0.019707
0.040112 0.104229 0.027375
0.040278 0.103165 0.022229
0.039392 0.104142 0.029557
0.032180 0.104806 0.032471
0.029546 0.104111 0.026522
0.040163 0.103439 0.024727
0.040162 0.104423 0.028739
0.032985 0.103962 0.024806
0.031357 0.103843 0.024469
0.030887 0.103172 0.019136
0.040953 0.103168 0.022212
0.034323 0.104113 0.028489
0.041389 0.103230 0.022836
0.031345 0.104419 0.029633
0.033657 0.104096 0.025912
0.034037 0.104048 0.028449
0.032392 0.104289 0.028467
0.034873 0.103217 0.020851
0.039498 0.103173 0.023194
0.035645 0.104424 0.030466
0.031972 0.103108 0.018752
0.034135 0.103729 0.025175
0.033634 0.103318 0.020670
0.031069 0.104390 0.029922
0.037824 0.103367 0.023369
0.038741 0.104048 0.026713
0.035200 0.104410 0.029734
0.032223 0.103929 0.025137
0.039141 0.104193 0.029053
0.038361 0.103043 0.021451
0.034462 0.103809 0.025772
0.032030 0.103168 0.019306
0.030218 0.103419 0.021074
0.031839 0.103804 0.024224
0.030356 0.103616 0.022610
0.031291 0.104477 0.028393
0.033177 0.103569 0.022250
0.034261 0.103222 0.020677
0.033578 0.103863 0.026977
0.040133 0.103179 0.023204
0.038391 0.104225 0.029926
0.033611 0.103919 0.027664
0.035596 0.104104 0.028304
0.032173 0.104189 0.026783
0.040143 0.104337 0.027905
0.037228 0.103322 0.023236
0.035916 0.104366 0.030959
0.032750 0.104799 0.031296
0.029866 0.103656 0.022701
0.033144 0.104969 0.032023
0.039861 0.103505 0.024620
0.032671 0.103550 0.022238
0.033387 0.104597 0.030031
0.030902 0.104332 0.029628
0.034044 0.103659 0.024427
0.031613 0.103456 0.021322
0.033633 0.104662 0.031280
0.031693 0.103534 0.021950
0.040395 0.103154 0.022080
0.030976 0.103289 0.020015
0.040600 0.103202 0.023080
0.038749 0.103067 0.021705
0.033700 0.104330 0.029274
0.032013 0.103538 0.021993
0.032613 0.103943 0.024930
0.035683 0.103403 0.023126
0.031070 0.104006 0.026182
0.030595 0.104435 0.028383
0.037542 0.103330 0.023198
0.032210 0.104207 0.029310
0.031992 0.103117 0.018946
0.035652 0.104174 0.028613
0.037331 0.103283 0.021207
0.037775 0.104030 0.027297
0.031859 0.104021 0.025788
0.036086 0.103959 0.026337
0.030542 0.104276 0.027268
0.032145 0.104658 0.031463
0.038603 0.103788 0.025601
0.031657 0.103915 0.025195
0.034201 0.103874 0.025629
0.033055 0.103850 0.024529
0.030088 0.103719 0.023304
0.029653 0.103662 0.022520
0.032595 0.103085 0.018815
0.036095 0.104163 0.028977
0.036949 0.103954 0.024643
0.033615 0.103547 0.021951
0.035167 0.103012 0.019819
0.039477 0.103118 0.021938
0.036245 0.103095 0.020721
0.034863 0.103041 0.019074
0.033319 0.104879 0.031652
0.029473 0.103680 0.022675
0.036296 0.104382 0.031268
0.034983 0.104739 0.032326
0.033617 0.103931 0.027444
0.034553 0.103220 0.022055
0.039447 0.103462 0.024106
0.032639 0.104323 0.028589
0.040017 0.104314 0.028204
0.033408 0.104260 0.029193
0.038072 0.104061 0.027049
0.032273 0.104492 0.029682
0.030605 0.103981 0.025809
0.039743 0.103429 0.024075
0.030524 0.104240 0.027087
0.034216 0.103844 0.025501
0.036413 0.103421 0.021556
0.038811 0.102842 0.020389
0.032785 0.104949 0.031706
0.038926 0.104026 0.026547
0.029557 0.103345 0.020551
0.036673 0.102862 0.020523
0.033212 0.103974 0.026951
0.031709 0.103481 0.021580
0.036323 0.104476 0.031854
0.037617 0.102873 0.020230
0.037272 0.103534 0.022412
0.035395 0.103705 0.024165
0.035664 0.103845 0.026498
0.030507 0.103625 0.022767
0.030940 0.104142 0.026736
0.038665 0.103170 0.022527
0.035639 0.102944 0.020286
0.034177 0.103859 0.026080
0.039697 0.104271 0.027490
0.033409 0.103550 0.022412
0.040162 0.104012 0.026869
0.032030 0.103244 0.019769
0.031544 0.103275 0.020000
0.038268 0.104100 0.028808
0.034197 0.103884 0.025780
0.036186 0.102832 0.020347
0.032316 0.103980 0.025983
0.033882 0.103784 0.024575
0.037081 0.103232 0.021107
0.030582 0.104580 0.030986
0.032009 0.104696 0.031698
0.032959 0.103336 0.020562
0.031516 0.103423 0.021005
0.037374 0.104420 0.030692
0.035941 0.103134 0.021863
0.034512 0.103638 0.023358
0.031480 0.104524 0.028234
0.031847 0.103848 0.024585
0.030878 0.103862 0.024553
0.028703 0.103552 0.021421
0.036438 0.103499 0.022813
0.035691 0.103933 0.025999
0.033353 0.103381 0.020816
0.040537 0.103180 0.022790
0.033884 0.103521 0.022673
0.038160 0.103231 0.022241
0.030202 0.104328 0.027755
0.036298 0.104513 0.032093
0.035010 0.104235 0.028598
0.038856 0.104198 0.028525
0.038915 0.102986 0.021296
0.039579 0.103182 0.023279
0.031131 0.103775 0.023831
0.033312 0.103788 0.024239
0.038198 0.103962 0.026243
0.031530 0.104511 0.027850
0.031482 0.104389 0.028871
0.032433 0.103107 0.018713
0.038286 0.102802 0.019931
0.032120 0.104787 0.032064
0.029412 0.104035 0.025690
0.035434 0.102977 0.019668
0.032774 0.103344 0.020586
0.033033 0.103734 0.023581
0.035070 0.103976 0.028076
0.034490 0.104800 0.032228
0.036229 0.103884 0.027111
0.036593 0.103511 0.022609
0.033836 0.103907 0.026213
0.036307 0.103233 0.021922
0.029746 0.104167 0.026792
0.034874 0.104527 0.030966
0.036096 0.102936 0.020619
0.032947 0.103764 0.024388
0.030031 0.104176 0.026806
0.035316 0.103733 0.023991
0.037583 0.104036 0.026350
0.032578 0.104761 0.030711
0.032625 0.103809 0.026242
0.040924 0.103340 0.023652
0.037148 0.103909 0.026771
0.034958 0.103151 0.020602
0.037292 0.104088 0.028913
0.038514 0.102745 0.019812
0.036880 0.104192 0.029186
0.030657 0.103368 0.020802
0.029207 0.103833 0.024691
0.036317 0.103933 0.024518
0.037846 0.103079 0.021208
0.031091 0.104373 0.027620
0.030152 0.104528 0.030555
0.036773 0.104390 0.030677
0.033071 0.103001 0.018681
0.035165 0.104464 0.030200
0.037604 0.103226 0.021261
0.037046 0.102837 0.019171
0.030147 0.103967 0.025341
0.035595 0.104405 0.031066
0.034196 0.104603 0.030203
0.030923 0.104521 0.030270
0.030831 0.104031 0.026352
0.037743 0.103258 0.023006
0.033450 0.104912 0.031974
0.037583 0.103386 0.022831
0.038362 0.104086 0.027178
0.033939 0.103490 0.022819
0.035168 0.104400 0.029459
0.030691 0.104005 0.026062
0.030331 0.103703 0.023232
0.031602 0.104182 0.027211
0.036092 0.104016 0.027931
0.030930 0.103472 0.021529
0.038116 0.104123 0.029138
0.034720 0.103120 0.020413
0.038925 0.103898 0.026105
0.032284 0.104156 0.029065
0.035075 0.103470 0.023269
0.031789 0.104239 0.027287
0.033322 0.104186 0.026027
0.031229 0.103107 0.018663
0.039503 0.103920 0.026450
0.031554 0.104439 0.029055
0.034721 0.103636 0.024449
0.029071 0.103884 0.024344
0.035624 0.104568 0.032032
0.040384 0.104272 0.027826
0.038062 0.103675 0.024925
0.029348 0.104037 0.026031
0.034434 0.104818 0.032839
0.033402 0.104053 0.027949
0.038292 0.102766 0.019837
0.033042 0.104785 0.030589
0.032420 0.103747 0.026252
0.031190 0.104624 0.031421
0.037176 0.103933 0.027290
0.034452 0.103216 0.020674
0.029735 0.104280 0.027457
0.040916 0.103392 0.024488
0.036399 0.102924 0.019430
0.029841 0.104392 0.027975
0.036554 0.102893 0.019534
0.039431 0.104115 0.029710
0.034369 0.104623 0.031579
0.034553 0.103070 0.019373
0.033181 0.103749 0.023739
0.030199 0.104420 0.028179
0.029855 0.104339 0.027538
0.034741 0.103705 0.027026
0.035955 0.104177 0.029068
0.038730 0.103888 0.025979
0.036253 0.104043 0.025979
0.038430 0.104333 0.030342
0.030221 0.103461 0.021553
0.032254 0.104657 0.030479
0.034189 0.103333 0.021566
0.032758 0.103815 0.024438
0.028460 0.103559 0.021269
0.031879 0.103925 0.025069
0.030961 0.103345 0.020442
0.031463 0.103483 0.021516
0.035443 0.104139 0.028380
0.035629 0.102917 0.019842
0.040187 0.104464 0.028991
0.031757 0.104306 0.027437
0.038028 0.102831 0.020906
0.035157 0.103717 0.026633
0.032801 0.104259 0.025858
0.035659 0.103823 0.026772
0.037861 0.103940 0.028313
0.030746 0.104440 0.029450
0.033575 0.104021 0.027900
0.033669 0.102954 0.018808
0.031061 0.103115 0.018815
0.031610 0.104412 0.029214
0.032385 0.103740 0.024061
0.036102 0.102797 0.019980
0.033235 0.104771 0.031077
0.036231 0.103454 0.022732
0.032389 0.104201 0.026940
0.031914 0.103456 0.021367
0.040787 0.103407 0.025357
0.033898 0.103411 0.021413
0.036622 0.104383 0.031036
0.038461 0.103961 0.027988
0.038900 0.104114 0.027139
0.038211 0.103902 0.027910
0.031576 0.103905 0.024983
0.037453 0.102874 0.019843
0.037842 0.102876 0.019572
0.034361 0.103400 0.021345
0.036923 0.103484 0.021829
0.036774 0.103469 0.022170
0.037953 0.103089 0.021290
0.032493 0.104351 0.029487
0.033554 0.103534 0.021788
0.031303 0.103362 0.020550
0.029862 0.103310 0.020249
0.039411 0.103198 0.023012
0.039701 0.103063 0.020744
0.031763 0.104360 0.029003
0.035477 0.103705 0.024380
0.032503 0.104913 0.031976
0.038130 0.103215 0.022125
0.038690 0.104099 0.027119
0.039120 0.104271 0.028204
0.039744 0.104363 0.028118
0.040478 0.103731 0.026198
0.038889 0.103044 0.021561
0.035347 0.104691 0.032411
0.030611 0.103425 0.021176
0.036047 0.103816 0.023992
0.035357 0.103125 0.022649
0.033525 0.103847 0.026561
0.038621 0.103626 0.024773
0.036097 0.104357 0.030140
0.034230 0.104609 0.031026
0.037376 0.102851 0.020100
0.034257 0.103066 0.019519
0.029998 0.103759 0.023831
0.038541 0.103341 0.023368
0.036189 0.103217 0.022089
0.033434 0.104719 0.031352
0.035778 0.103755 0.024395
0.033608 0.104657 0.030134
0.034858 0.104796 0.032614
0.037698 0.103424 0.022756
0.036852 0.103960 0.026460
0.032128 0.103589 0.022681
0.036900 0.102768 0.019875
0.032355 0.104254 0.028304
0.035275 0.104446 0.031192
0.040203 0.104312 0.028490
0.032929 0.103985 0.025377
0.030438 0.103863 0.024948
0.039021 0.104299 0.031234
0.034465 0.103587 0.023033
0.031518 0.103448 0.021198
0.040140 0.104120 0.029519
0.034054 0.103796 0.027169
0.035149 0.104751 0.032624
0.037832 0.102894 0.020690
0.038511 0.102804 0.020063
0.036266 0.104363 0.030981
0.030751 0.103833 0.024237
0.035357 0.104165 0.028437
0.037993 0.103049 0.021765
0.032366 0.103682 0.023098
0.032960 0.103971 0.026203
0.039333 0.104292 0.028490
0.032277 0.104792 0.031731
0.039701 0.104360 0.027765
0.035948 0.103358 0.021536
0.039326 0.103230 0.023366
0.032968 0.104022 0.027728
0.035809 0.103843 0.027235
0.029014 0.103743 0.023280
0.032168 0.104587 0.030297
0.036657 0.103475 0.021506
0.033699 0.104828 0.031856
0.033560 0.103488 0.021578
0.030427 0.104573 0.031572
0.031899 0.103497 0.021723
0.033600 0.104079 0.026036
0.028943 0.103651 0.022636
0.034615 0.104545 0.030038
0.040243 0.103136 0.021967
0.038844 0.104188 0.028334
0.034252 0.104224 0.028762
0.032475 0.103580 0.022636
0.039450 0.102895 0.020255
0.031483 0.104542 0.031091
0.035884 0.103203 0.021237
0.035969 0.102867 0.020211
0.039850 0.103100 0.020870
0.032770 0.103610 0.022795
0.032220 0.103777 0.023910
0.032784 0.104196 0.025712
0.039304 0.103505 0.024234
0.033945 0.103630 0.024010
0.034151 0.103167 0.020334
0.031962 0.104530 0.031272
0.032803 0.103799 0.024286
0.029454 0.103420 0.021097
0.034890 0.103703 0.026823
0.036836 0.104147 0.028881
0.036999 0.103402 0.021278
0.029222 0.103794 0.024871
0.030741 0.104509 0.030061
0.038236 0.103835 0.025606
0.034701 0.104799 0.032432
0.038787 0.104037 0.026539
0.035975 0.103977 0.026128
0.032440 0.104290 0.028839
0.031987 0.104136 0.026501
0.040318 0.103185 0.022838
0.036159 0.104375 0.030722
0.030253 0.103797 0.024069
0.037244 0.103873 0.024951
0.039359 0.104195 0.029318
0.030994 0.104559 0.030629
0.031337 0.103911 0.025131
0.031139 0.103181 0.019231
0.035421 0.104303 0.029133
0.035324 0.103240 0.022375
0.037080 0.103963 0.027706
0.031843 0.104353 0.029429
0.034876 0.104502 0.029957
0.035498 0.103991 0.027944
0.031017 0.103403 0.020971
0.035323 0.103144 0.021148
0.034606 0.103778 0.024645
0.029141 0.103887 0.024531
0.032788 0.104097 0.027609
0.032462 0.104624 0.031092
0.030885 0.104927 0.033446
0.035683 0.102957 0.020474
0.039646 0.103073 0.021502
0.032879 0.103989 0.025037
0.036823 0.103901 0.026670
0.029294 0.103865 0.024315
0.034614 0.103330 0.021189
0.031870 0.103211 0.019566
0.036325 0.104355 0.030114
0.029644 0.103681 0.022934
0.035565 0.103842 0.027349
0.035076 0.103786 0.025471
0.036473 0.104246 0.029522
0.036662 0.103992 0.024774
0.031045 0.105022 0.034024
0.038529 0.104049 0.026898
0.032914 0.103526 0.021801
0.034360 0.103767 0.026524
0.034306 0.103420 0.022195
0.040099 0.103922 0.026654
0.033287 0.103974 0.027684
0.038678 0.104218 0.029977
0.031435 0.104585 0.030708
0.034572 0.103595 0.023530
0.030430 0.104115 0.026486
0.029602 0.104400 0.027676
0.037845 0.103107 0.021738
0.038551 0.103936 0.026087
0.029320 0.103974 0.025261
0.033192 0.103413 0.020998
0.040081 0.103127 0.021937
0.033296 0.104039 0.028089
0.037547 0.102876 0.019451
0.033490 0.103849 0.026377
0.030193 0.104474 0.030051
0.033900 0.103985 0.025936
0.034752 0.104332 0.028839
0.039202 0.104144 0.027228
0.037157 0.103445 0.021625
0.037091 0.102878 0.019370
0.035103 0.103831 0.025766
0.038317 0.103494 0.024030
0.035342 0.103006 0.019985
0.038926 0.103191 0.022638
0.032865 0.103784 0.024164
0.038968 0.104186 0.029399
0.032396 0.104357 0.028623
0.032279 0.103401 0.021001
0.038014 0.104150 0.029452
0.035034 0.103849 0.027672
0.036605 0.104376 0.030230
0.033641 0.103606 0.022828
0.029404 0.104129 0.026701
0.035794 0.103301 0.020798
0.039682 0.104345 0.028244
0.035007 0.104510 0.030610
0.032214 0.103910 0.025284
0.035177 0.103180 0.020871
0.030227 0.103437 0.021372
0.032600 0.103765 0.024163
0.033603 0.103915 0.027242
0.032235 0.104551 0.031153
0.039716 0.104320 0.028578
0.029814 0.104236 0.027271
0.032797 0.103901 0.024823
0.040307 0.104313 0.029074
0.037741 0.103949 0.025718
0.039003 0.104196 0.029668
0.033031 0.104482 0.029753
0.029858 0.103699 0.023104
0.033856 0.104650 0.031368
0.031322 0.103877 0.024815
0.035134 0.103763 0.025182
0.031595 0.103600 0.022453
0.033298 0.103536 0.022534
0.032205 0.103855 0.024792
0.034223 0.103770 0.027209
0.034167 0.104689 0.031707
0.037391 0.104035 0.025851
0.032434 0.103563 0.022278
0.036880 0.104050 0.028193
0.032256 0.104830 0.032050
0.035338 0.103316 0.023336
0.031279 0.103248 0.019849
0.031263 0.104542 0.031011
0.039401 0.104227 0.029033
0.037986 0.103873 0.027923
0.030158 0.103365 0.020706
0.029581 0.103715 0.023267
0.032522 0.103230 0.019826
0.036801 0.104188 0.025437
0.038985 0.104206 0.027728
0.031600 0.104063 0.026262
0.033454 0.103552 0.022248
0.035755 0.102837 0.019617
0.037906 0.103221 0.021938
0.037378 0.102799 0.020281
0.032501 0.103533 0.022130
0.030655 0.104705 0.032151
0.032468 0.103817 0.024417
0.035819 0.104190 0.028888
0.033876 0.103925 0.028183
0.037615 0.103462 0.022598
0.038376 0.103933 0.027952
0.033163 0.103800 0.024051
0.036679 0.103909 0.027263
0.038687 0.103137 0.022145
0.035660 0.104241 0.029086
0.028908 0.103505 0.021221
0.029507 0.104049 0.026152
0.036789 0.103223 0.023427
0.040646 0.103167 0.022258
0.029585 0.104264 0.027374
0.031460 0.104407 0.029440
0.039670 0.104253 0.029111
0.034423 0.103596 0.022900
0.037437 0.103454 0.021892
0.035615 0.104417 0.030766
0.033561 0.104882 0.032516
0.030742 0.103647 0.022885
0.031275 0.103604 0.022453
0.037468 0.103599 0.023978
0.032813 0.103889 0.024655
0.034242 0.103637 0.023564
0.039684 0.103592 0.025329
0.029201 0.103891 0.024426
0.038486 0.102831 0.020788
0.032516 0.104272 0.028207
0.032087 0.103194 0.019541
0.035034 0.104491 0.031077
0.038755 0.103519 0.024158
0.030865 0.103668 0.023047
0.032684 0.103504 0.021860
0.037762 0.103472 0.022390
0.035885 0.104371 0.030875
0.035405 0.103865 0.026025
0.034519 0.104581 0.031175
0.033918 0.103358 0.021227
0.029394 0.104011 0.025396
0.032858 0.104186 0.025991
0.035434 0.104334 0.029595
0.031845 0.103796 0.024066
0.031144 0.103847 0.024575
0.030124 0.103993 0.025958
0.033431 0.103051 0.019095
0.028862 0.103547 0.021449
0.035265 0.103707 0.024305
0.032899 0.103768 0.023875
0.030485 0.104489 0.029905
0.030138 0.104128 0.026538
0.030431 0.103738 0.023524
0.036532 0.103938 0.027545
0.032411 0.104719 0.030705
0.033490 0.103149 0.019820
0.040333 0.103100 0.021350
0.035184 0.104340 0.029045
0.033576 0.103992 0.028345
0.029296 0.103725 0.023277
0.040040 0.104028 0.026877
0.029542 0.103411 0.020878
0.035409 0.104704 0.032609
0.032848 0.104247 0.028683
0.032902 0.104997 0.032131
0.034004 0.104848 0.032454
0.032490 0.104247 0.027539
0.034349 0.104570 0.029946
0.035038 0.103468 0.023049
0.034521 0.103792 0.025609
0.028867 0.103708 0.022955
0.031005 0.104401 0.029458
0.030343 0.103192 0.019297
0.029222 0.103678 0.022986
0.030583 0.104119 0.026563
0.032366 0.103169 0.019426
0.038179 0.102894 0.020095
0.030731 0.104295 0.028209
0.030455 0.103425 0.021273
0.035599 0.103749 0.024919
0.031109 0.103147 0.018993
0.035931 0.103655 0.023623
0.033652 0.104183 0.028791
0.040204 0.104087 0.027174
0.039394 0.104319 0.028211
0.031344 0.104195 0.026843
0.035213 0.103770 0.026237
0.035795 0.104048 0.028087
0.031549 0.104093 0.026454
0.038749 0.104145 0.027872
0.032327 0.104624 0.030928
0.037865 0.103351 0.022787
0.035303 0.103094 0.021336
0.035413 0.103373 0.023193
0.035498 0.103250 0.022315
0.030354 0.104524 0.028920
0.038735 0.103996 0.026413
0.035338 0.104463 0.030609
0.032697 0.104989 0.032033
0.032215 0.103103 0.018727
0.031633 0.104560 0.030141
0.033400 0.104890 0.031788
0.029516 0.103775 0.023797
0.037899 0.104007 0.026537
0.028850 0.103659 0.022649
0.032184 0.103713 0.023196
0.031436 0.103061 0.018330
0.035869 0.104380 0.031205
0.033177 0.104824 0.031413
0.033365 0.104008 0.028242
0.037444 0.103973 0.027347
0.028737 0.103644 0.022543
0.033340 0.103483 0.021417
0.031344 0.103996 0.026109
0.033925 0.104671 0.030510
0.039913 0.103494 0.024790
0.030010 0.104463 0.029858
0.037824 0.103740 0.024905
0.030242 0.103955 0.025630
0.035146 0.103195 0.021463
0.037968 0.103352 0.022435
0.033588 0.103260 0.020306
0.037722 0.102865 0.020875
0.039546 0.103048 0.020960
0.030781 0.103852 0.024738
0.038746 0.102850 0.020812
0.037539 0.103971 0.026840
0.034668 0.103808 0.027627
0.037678 0.104136 0.029322
0.031447 0.103925 0.025460
0.028857 0.103787 0.023496
0.029727 0.103826 0.024198
0.036296 0.103956 0.024382
0.034822 0.103779 0.025671
0.032208 0.103630 0.022791
0.037132 0.102809 0.019896
0.030254 0.103680 0.023030
0.036003 0.103406 0.022980
0.033703 0.103527 0.022278
0.033892 0.103859 0.027467
0.040887 0.103375 0.024156
0.033429 0.103602 0.022655
0.029166 0.103625 0.022373
0.030288 0.104433 0.028310
0.040767 0.103510 0.025633
0.031117 0.104566 0.031107
0.032297 0.103303 0.020313
0.032853 0.103208 0.019788
0.034433 0.103791 0.026196
0.033426 0.104762 0.032720
0.040323 0.103125 0.021868
0.038979 0.103969 0.026365
0.032052 0.103708 0.023204
0.030940 0.104488 0.028480
0.031891 0.104041 0.026035
0.032825 0.103548 0.022086
0.029868 0.103538 0.021869
0.038562 0.103116 0.021999
0.033602 0.103969 0.028040
0.038744 0.102739 0.019802
0.034461 0.103180 0.020098
0.035916 0.104200 0.029215
0.033446 0.103761 0.023963
0.034035 0.103800 0.026643
0.037028 0.102841 0.020226
0.036454 0.103169 0.023418
0.036387 0.103323 0.021185
0.034108 0.104730 0.033081
0.034804 0.103777 0.025328
0.033878 0.103520 0.022448
0.041238 0.103356 0.023666
0.038028 0.103959 0.026020
0.037547 0.102911 0.019620
0.033031 0.103496 0.021521
0.033323 0.103966 0.027145
0.035295 0.103381 0.021932
0.030525 0.103836 0.024338
0.031386 0.103120 0.018871
0.035227 0.104468 0.030350
0.036677 0.104314 0.029845
0.037768 0.103570 0.024047
0.039291 0.103446 0.024014
0.031386 0.103780 0.023901
0.040650 0.103847 0.026707
0.032815 0.103782 0.023992
0.031735 0.103166 0.019269
0.037748 0.103724 0.024627
0.033315 0.103729 0.023555
0.029635 0.103361 0.020744
0.040265 0.104457 0.028891
0.030727 0.104256 0.027226
0.037929 0.103447 0.023734
0.032973 0.104063 0.027073
0.030062 0.104038 0.026178
0.034538 0.103386 0.021479
0.033000 0.104174 0.028816
0.029398 0.103680 0.022904
0.035552 0.102913 0.019267
0.034318 0.103063 0.019344
0.036515 0.103351 0.022080
0.029873 0.103486 0.021546
0.035341 0.104506 0.031668
0.037197 0.103903 0.026900
0.033073 0.103993 0.025203
0.039582 0.103503 0.024348
0.035434 0.103091 0.020527
0.040378 0.103620 0.025832
0.030739 0.104463 0.029247
0.034352 0.103141 0.020459
0.033579 0.102984 0.019337
0.035997 0.104460 0.031712
0.032568 0.103202 0.019561
0.033954 0.103651 0.025171
0.030727 0.104359 0.028035
0.037336 0.104410 0.030458
0.037829 0.103312 0.023183
0.037674 0.103384 0.023429
0.037357 0.102830 0.019375
0.036845 0.104126 0.025798
0.039121 0.104270 0.028361
0.035518 0.104413 0.030193
0.035293 0.102749 0.018866
0.038572 0.104313 0.030371
0.040361 0.103107 0.021643
0.034483 0.103073 0.019497
0.032884 0.103557 0.022347
0.034522 0.103246 0.021837
0.032279 0.104356 0.028767
0.038310 0.102868 0.021035
0.035625 0.103808 0.027084
0.030508 0.104569 0.031695
0.030837 0.104611 0.031190
0.030044 0.103548 0.021979
0.040691 0.103389 0.025014
0.031245 0.104162 0.027062
0.033933 0.104147 0.028647
0.035420 0.103627 0.023790
0.032347 0.103893 0.024810
0.034851 0.103813 0.024761
0.034737 0.103282 0.021831
0.032763 0.104547 0.029865
0.037470 0.102815 0.019243
0.033845 0.103417 0.021700
0.034342 0.103594 0.023817
0.029782 0.104005 0.026032
0.032206 0.103553 0.022176
0.037911 0.102923 0.020200
0.032696 0.104931 0.032357
0.038424 0.103197 0.022457
0.039052 0.102759 0.019962
0.030796 0.104323 0.027515
0.030632 0.104094 0.026834
0.030769 0.103302 0.020158
0.036618 0.103438 0.022896
0.034598 0.104710 0.031985
0.039660 0.103069 0.021217
0.032560 0.103057 0.018544
0.032893 0.103400 0.020985
0.035928 0.103986 0.025939
0.031422 0.104572 0.030342
0.030477 0.104614 0.031388
0.034660 0.103855 0.024883
0.036259 0.103896 0.026819
0.031003 0.103251 0.019736
0.033183 0.103849 0.026516
0.034469 0.103791 0.025259
0.040483 0.103954 0.027004
0.037233 0.103429 0.021399
0.031940 0.103583 0.022479
0.034534 0.103502 0.022502
0.035710 0.103181 0.021077
0.037245 0.103426 0.022797
0.035330 0.103798 0.025472
0.034058 0.104271 0.028918
0.038590 0.104139 0.028849
0.032495 0.103671 0.023309
0.029728 0.104048 0.026220
0.033548 0.104920 0.032316
0.030957 0.104440 0.028222
0.031027 0.104458 0.028037
0.030639 0.104528 0.030480
0.038293 0.103977 0.026464
0.036682 0.104137 0.025553
0.037890 0.104027 0.028668
0.037484 0.102964 0.020760
0.030508 0.104801 0.032522
0.037273 0.103982 0.027987
0.029975 0.104224 0.027150
0.033302 0.103538 0.021680
0.040262 0.103958 0.026813
0.032972 0.104791 0.031066
0.035863 0.102843 0.020363
0.034007 0.103000 0.019353
0.030671 0.103831 0.024847
0.030593 0.103691 0.023151
0.034353 0.104520 0.029397
0.031223 0.103071 0.018437
0.036586 0.103073 0.023304
0.037384 0.103965 0.027631
0.035883 0.103806 0.023928
0.040108 0.103829 0.026388
0.033021 0.103190 0.019324
0.037249 0.104050 0.028553
0.033596 0.103167 0.020028
0.040609 0.103382 0.025216
0.035662 0.103518 0.023567
0.030104 0.103616 0.022497
0.038120 0.102797 0.021005
0.033919 0.103697 0.023592
0.032030 0.103378 0.020848
0.034694 0.103528 0.023750
0.036429 0.103955 0.026494
0.033801 0.103163 0.020591
0.034109 0.103541 0.022345
0.030325 0.104161 0.026840
0.035475 0.104366 0.029909
0.035180 0.103732 0.026935
0.039110 0.103824 0.025963
0.033213 0.103604 0.022695
0.033156 0.103123 0.019103
0.035056 0.103377 0.021879
0.034273 0.103220 0.022085
0.037743 0.103965 0.027696
0.028532 0.103570 0.021663
0.036602 0.103893 0.026762
0.030336 0.104580 0.031741
0.031989 0.104263 0.029153
0.034823 0.103360 0.022672
0.032039 0.103680 0.023031
0.033043 0.103783 0.023837
0.035104 0.103246 0.022333
0.034342 0.103199 0.021900
0.031886 0.103825 0.024451
0.035039 0.103153 0.020781
0.036943 0.103481 0.023778
0.035054 0.103262 0.022680
0.035815 0.103985 0.027827
0.040924 0.103165 0.022323
0.038088 0.103081 0.021457
0.037990 0.103291 0.022150
0.033790 0.102924 0.018638
0.032200 0.103508 0.021866
0.034302 0.103864 0.027790
0.032447 0.104052 0.029165
0.040086 0.104156 0.030007
0.030155 0.103931 0.025075
0.031084 0.103496 0.021757
0.034649 0.103031 0.019153
0.034763 0.103394 0.022352
0.035131 0.104485 0.030881
0.033847 0.103972 0.028321
0.040337 0.104215 0.027436
0.033143 0.103974 0.025363
0.031855 0.104133 0.026581
0.039261 0.104207 0.027481
0.030320 0.103572 0.022315
0.030961 0.103591 0.022459
0.037471 0.103398 0.023442
0.035692 0.104501 0.031800
0.038994 0.103146 0.022139
0.029717 0.103912 0.024854
0.031151 0.103633 0.022754
0.032323 0.103722 0.023386
0.031275 0.103481 0.021568
0.034425 0.103271 0.021014
0.034225 0.103174 0.021723
0.038225 0.104044 0.026907
0.037658 0.103361 0.021899
0.040649 0.104059 0.027425
0.037376 0.104043 0.028708
0.031751 0.104515 0.027813
0.039929 0.104143 0.029722
0.032160 0.104220 0.028229
0.029396 0.104055 0.026301
0.038431 0.104054 0.028420
0.033897 0.104659 0.030778
0.030554 0.103547 0.022131
0.032041 0.103985 0.025606
0.036942 0.103509 0.022291
0.036403 0.102856 0.019934
0.035434 0.103286 0.022860
0.031288 0.104244 0.027334
0.033424 0.103775 0.023644
0.036330 0.104016 0.026196
0.032788 0.103472 0.021607
0.038974 0.104054 0.026771
0.039863 0.104156 0.029500
0.039284 0.103017 0.021154
0.030451 0.104130 0.026669
0.035944 0.103892 0.026632
0.038078 0.102846 0.019772
0.031574 0.103320 0.020307
0.037539 0.104402 0.030332
0.037575 0.103526 0.022323
0.035851 0.103300 0.022629
0.030307 0.103708 0.023359
0.035797 0.103685 0.025149
0.031161 0.104381 0.029792
0.031471 0.104051 0.025998
0.038098 0.103308 0.023075
0.030624 0.103169 0.018990
0.031658 0.103758 0.023828
0.036125 0.102898 0.019496
0.030473 0.104309 0.027452
0.032665 0.103535 0.022471
0.032618 0.103659 0.023182
0.033620 0.103932 0.028176
0.033352 0.104776 0.030770
0.032494 0.103366 0.020742
0.036938 0.102895 0.020567
0.033663 0.103737 0.023534
0.036176 0.103370 0.023314
0.032679 0.103737 0.023810
0.033298 0.103644 0.023361
0.033759 0.104883 0.032470
0.036996 0.103954 0.025177
0.034146 0.103329 0.020920
0.032255 0.103988 0.025448
0.029602 0.104024 0.026009
0.036168 0.104398 0.030504
0.034174 0.103609 0.023948
0.030006 0.103451 0.021305
0.034170 0.103122 0.019824
0.032685 0.103191 0.019665
0.035587 0.103345 0.023331
0.032352 0.104038 0.025522
0.034556 0.103684 0.024436
0.038232 0.103866 0.028012
0.035836 0.103159 0.021989
0.029982 0.104139 0.026537
0.038941 0.103710 0.025455
0.033633 0.103830 0.026759
0.031286 0.103436 0.021104
0.033055 0.103452 0.021255
0.031043 0.103887 0.025137
0.038476 0.103985 0.026440
0.034682 0.104139 0.028446
0.035584 0.102927 0.019451
0.031962 0.103317 0.020411
0.040489 0.103219 0.023250
0.033508 0.102991 0.018946
0.036808 0.103885 0.024340
0.030374 0.103381 0.020813
0.033475 0.104015 0.027819
0.034042 0.103344 0.021969
0.040636 0.103375 0.023923
0.032569 0.104196 0.027760
0.039707 0.103087 0.021716
0.040371 0.103409 0.024924
0.031521 0.103504 0.021771
0.035437 0.103390 0.023567
0.032230 0.103275 0.019991
0.034490 0.103269 0.021696
0.036789 0.103257 0.021059
0.040146 0.104136 0.029744
0.039578 0.103202 0.022726
0.037357 0.104016 0.025461
0.034709 0.103265 0.021011
0.038520 0.103878 0.025882
0.035344 0.103775 0.026351
0.032203 0.104196 0.027070
0.040239 0.103417 0.025038
0.033609 0.103424 0.020968
0.030243 0.104154 0.026730
0.035551 0.104169 0.028541
0.039335 0.103797 0.025996
0.041072 0.103192 0.022837
0.032266 0.103485 0.021624
0.038651 0.103953 0.026180
0.037166 0.104200 0.029356
0.031325 0.104178 0.027191
0.039849 0.104326 0.028486
0.030845 0.104564 0.030856
0.037544 0.104046 0.026090
0.030725 0.103251 0.019792
0.030987 0.103660 0.022974
0.040011 0.104349 0.029077
0.035455 0.104054 0.028146
0.037979 0.103915 0.025736
0.037676 0.102862 0.020411
0.032845 0.103713 0.023590
0.037094 0.104330 0.029920
0.035334 0.103788 0.027232
0.033287 0.103698 0.023219
0.039850 0.104172 0.030253
0.030488 0.104186 0.026947
0.030377 0.104598 0.031216
0.040021 0.104372 0.028633
0.036937 0.104359 0.030070
0.036752 0.102891 0.019372
0.028883 0.103599 0.022415
0.032938 0.104781 0.030801
0.039354 0.104105 0.027058
0.037593 0.103952 0.025545
0.032759 0.103955 0.025275
0.030669 0.104625 0.031824
0.033181 0.104675 0.032903
0.033071 0.104161 0.025677
0.032371 0.104529 0.031068
0.035174 0.103205 0.022584
0.039514 0.102981 0.020541
0.030328 0.104480 0.029474
0.035568 0.103283 0.021935
0.030841 0.103219 0.019525
0.033585 0.103085 0.019915
0.031609 0.104897 0.033403
0.033747 0.104702 0.030340
0.038612 0.103673 0.025149
0.034690 0.103366 0.022500
0.033179 0.104198 0.028677
0.031743 0.104511 0.027965
0.036408 0.103439 0.023624
0.031755 0.103392 0.020836
0.037441 0.102912 0.019535
0.032557 0.103700 0.023435
0.037238 0.103012 0.020777
0.030293 0.104273 0.027206
0.032998 0.104606 0.030063
0.033892 0.103730 0.023490
0.034563 0.104561 0.029482
0.035042 0.104507 0.031479
0.030534 0.103222 0.019604
0.032581 0.103619 0.022743
0.031321 0.104129 0.026526
0.032473 0.104610 0.030357
0.038640 0.103824 0.025740
0.040020 0.104330 0.027524
0.034684 0.103384 0.021361
0.037161 0.103653 0.024044
0.039543 0.103358 0.023797
0.030299 0.104492 0.030311
0.037414 0.104279 0.029804
0.033826 0.103132 0.019774
0.040481 0.103171 0.022362
0.033882 0.103831 0.027188
0.031040 0.103878 0.024911
0.031778 0.103886 0.024881
0.036548 0.104117 0.025812
0.038005 0.102957 0.020106
0.033331 0.103986 0.024990
0.038203 0.102848 0.020779
0.035997 0.104146 0.028639
0.031859 0.104455 0.028449
0.029849 0.104559 0.028512
0.033713 0.104873 0.032586
0.035948 0.103858 0.026938
0.030549 0.104326 0.027783
0.036377 0.103895 0.024830
0.037949 0.102907 0.021040
0.034254 0.103699 0.024635
0.031720 0.103922 0.025469
0.036465 0.104471 0.031851
0.033056 0.103170 0.019997
0.039729 0.103545 0.025042
0.034835 0.102956 0.018913
0.030269 0.103950 0.025806
0.033380 0.104720 0.030279
0.034199 0.103476 0.022763
0.034116 0.104628 0.030461
0.032630 0.104267 0.028405
0.031904 0.104077 0.026335
0.038469 0.102832 0.020509
0.035562 0.103965 0.027809
0.034424 0.103587 0.023700
0.035764 0.103935 0.025776
0.039035 0.102897 0.020606
0.029274 0.103522 0.021422
0.034188 0.104133 0.028583
0.032533 0.104005 0.026514
0.040435 0.103399 0.025169
0.039227 0.103989 0.026558
0.040321 0.103347 0.023769
0.034768 0.103790 0.025969
0.034225 0.103908 0.028049
0.036479 0.104390 0.030498
0.033573 0.103905 0.024727
0.037624 0.104256 0.029801
0.031482 0.103925 0.025300
0.033981 0.103083 0.019619
0.033838 0.103932 0.027793
0.034085 0.104798 0.032818
0.029574 0.103607 0.022133
0.033734 0.104582 0.029986
0.031758 0.104178 0.026710
0.038840 0.103166 0.022389
0.038802 0.104172 0.028736
0.033741 0.104254 0.028961
0.039884 0.103881 0.026467
0.040508 0.103138 0.021865
0.037418 0.103755 0.024262
0.041154 0.103237 0.023141
0.038312 0.104298 0.030162
0.031175 0.104434 0.028696
0.031848 0.103515 0.021861
0.031164 0.103751 0.023556
0.031226 0.103444 0.021287
0.038149 0.103038 0.021644
0.031851 0.103732 0.023543
0.038945 0.102915 0.020914
0.038187 0.103430 0.023755
0.033323 0.103131 0.019327
0.035182 0.104467 0.031013
0.034869 0.103337 0.021556
0.040541 0.104210 0.027918
0.034533 0.103597 0.022905
0.036373 0.104006 0.027884
0.041168 0.103381 0.024236
0.034169 0.102998 0.019179
0.036388 0.102742 0.019115
0.032462 0.103191 0.019702
0.035641 0.103920 0.027622
0.031388 0.103650 0.022908
0.030227 0.103301 0.020196
0.031072 0.104105 0.026519
0.031630 0.104400 0.028594
0.034845 0.103730 0.024570
0.032550 0.104563 0.030049
0.029539 0.104212 0.027150
0.032926 0.104046 0.026898
0.039129 0.103331 0.023633
0.039286 0.103647 0.025334
0.039164 0.104087 0.026982
0.035345 0.103916 0.027746
0.029808 0.104389 0.027766
0.030152 0.103753 0.023928
0.031089 0.103223 0.019553
0.036623 0.104085 0.024650
0.037775 0.103683 0.024322
0.037165 0.103509 0.021962
0.037058 0.103209 0.023151
0.038495 0.103062 0.021688
0.032822 0.104160 0.028241
0.040036 0.103395 0.023970
0.029417 0.104031 0.025815
0.033639 0.103563 0.022575
0.036908 0.103393 0.022893
0.038219 0.103274 0.022693
0.039591 0.104120 0.029792
0.036703 0.104131 0.025394
0.037241 0.103068 0.020940
0.035696 0.103172 0.021822
0.030527 0.104479 0.029366
0.033556 0.103437 0.021450
0.033318 0.104365 0.029569
0.032850 0.103232 0.020222
0.029983 0.104448 0.028097
0.040106 0.103446 0.024945
0.029758 0.103999 0.025731
0.034266 0.103634 0.024355
0.033017 0.103085 0.018987
0.038656 0.103646 0.024987
0.033804 0.104878 0.032237
0.036588 0.104024 0.024504
0.029837 0.103991 0.025897
0.037601 0.103991 0.027027
0.030047 0.103944 0.025702
0.040420 0.104218 0.028414
0.034710 0.103682 0.026968
0.031634 0.103633 0.022744
0.032130 0.104406 0.029523
0.036986 0.104145 0.025501
0.031639 0.103794 0.024068
0.033647 0.103438 0.021271
0.034313 0.104593 0.030570
0.030769 0.103926 0.025391
0.028856 0.103608 0.022087
0.038151 0.104005 0.026688
0.032802 0.103216 0.020077
0.032293 0.104036 0.025612
0.034601 0.103475 0.022281
0.039149 0.103087 0.021782
0.029802 0.103870 0.024590
0.034610 0.103731 0.025520
0.039014 0.104164 0.027372
0.031516 0.103748 0.023575
0.032302 0.103773 0.023759
0.031355 0.103819 0.024208
0.030898 0.103529 0.021967
0.036739 0.103470 0.021669
0.032156 0.103953 0.026138
0.037300 0.103391 0.023433
0.041015 0.103449 0.024777
0.030699 0.104632 0.031308
0.035331 0.104206 0.028583
0.039896 0.103205 0.023317
0.038882 0.103677 0.025256
0.030330 0.104365 0.028021
0.037501 0.103312 0.021435
0.029261 0.103456 0.020996
0.032735 0.104001 0.026709
0.035900 0.104396 0.030339
0.038523 0.103305 0.023088
0.029897 0.104154 0.026671
0.038330 0.103921 0.028065
0.038081 0.104072 0.027288
0.040187 0.103288 0.023559
0.034836 0.103725 0.027211
0.034185 0.103833 0.027537
0.030155 0.103577 0.022178
0.036357 0.104034 0.025664
0.032068 0.104390 0.028086
0.034048 0.103638 0.024206
0.037927 0.102942 0.020004
0.031808 0.104300 0.028810
0.038461 0.103411 0.023704
0.038142 0.102771 0.019378
0.031961 0.104548 0.031040
0.040206 0.104306 0.027531
0.039315 0.104252 0.027626
0.032598 0.104175 0.027073
0.032009 0.103467 0.021594
0.041083 0.103407 0.025042
0.037271 0.103936 0.027137
0.028607 0.103570 0.021806
0.030710 0.103855 0.024555
0.030322 0.103527 0.021937
0.033394 0.104169 0.025857
0.033401 0.103689 0.022986
0.035852 0.102782 0.019155
0.032590 0.103558 0.022370
0.033966 0.104669 0.031508
0.031887 0.103845 0.024731
0.032233 0.103450 0.021443
0.034934 0.103763 0.027379
0.032563 0.103879 0.024655
0.034470 0.103797 0.024790
0.029190 0.103814 0.024065
0.038892 0.103369 0.023651
0.030212 0.104574 0.030955
0.037231 0.102858 0.019554
0.037543 0.103987 0.026656
0.033593 0.103914 0.025026
0.030749 0.103339 0.020554
0.033574 0.103688 0.023180
0.031782 0.103764 0.023694
0.030648 0.103796 0.023954
0.033584 0.103798 0.024352
0.032503 0.104038 0.025529
0.033111 0.104089 0.027922
0.039345 0.104205 0.030366
0.034696 0.103122 0.019981
0.034190 0.103812 0.026366
0.033053 0.103780 0.024342
0.032551 0.104140 0.029317
0.040802 0.103440 0.024547
0.036809 0.104047 0.026158
0.033849 0.103894 0.025443
0.034964 0.104467 0.029572
0.030530 0.103281 0.020007
0.030250 0.104323 0.027387
0.032326 0.103333 0.020475
0.032833 0.103745 0.023714
0.036370 0.102873 0.020516
0.034729 0.103579 0.023239
0.035119 0.103943 0.027975
0.036450 0.104377 0.030684
0.037030 0.102981 0.020739
0.039765 0.104347 0.028769
0.039097 0.104226 0.030328
0.031526 0.104046 0.026094
0.033594 0.104715 0.030844
0.031752 0.104455 0.027680
0.035114 0.103071 0.020475
0.034337 0.103550 0.022384
0.030287 0.103861 0.024765
0.031609 0.104532 0.031271
0.038344 0.104388 0.030809
0.032164 0.103149 0.019041
0.036566 0.103893 0.027083
0.038213 0.102870 0.020332
0.037092 0.103836 0.024345
0.032771 0.103419 0.021219
0.030514 0.103347 0.020629
0.038320 0.103560 0.024284
0.032106 0.104413 0.028529
0.029843 0.103630 0.022378
0.036063 0.103730 0.024990
0.037577 0.103932 0.025373
0.030574 0.103318 0.020312
0.029358 0.103832 0.024658
0.036227 0.104553 0.032391
0.032524 0.103797 0.024326
0.037760 0.104211 0.029685
0.030209 0.104472 0.029878
0.029036 0.103678 0.022853
0.039599 0.103731 0.025887
0.031634 0.103109 0.018730
0.030566 0.103698 0.023322
0.035897 0.103903 0.026493
0.030439 0.103912 0.025078
0.034808 0.103666 0.024205
0.035037 0.104136 0.028397
0.030269 0.104073 0.026330
0.034723 0.104809 0.032840
0.037605 0.102926 0.020607
0.032853 0.103007 0.018569
0.036067 0.103869 0.027217
0.033234 0.103894 0.026766
0.038832 0.103437 0.023872
0.036063 0.103276 0.021095
0.037838 0.104009 0.026226
0.029043 0.103622 0.022207
0.031055 0.104251 0.027295
0.036122 0.104285 0.029822
0.030376 0.103786 0.023929
0.032994 0.104701 0.030335
0.030356 0.103322 0.020436
0.040663 0.103613 0.025882
0.032696 0.104964 0.032199
0.033161 0.103836 0.026363
0.039135 0.102837 0.020207
0.034246 0.104606 0.030743
0.029807 0.104195 0.026999
0.038324 0.103659 0.024966
0.032476 0.103529 0.021977
0.040510 0.104196 0.027605
0.032224 0.103801 0.024338
0.030644 0.104436 0.029625
0.034995 0.103085 0.020032
0.038534 0.104134 0.028725
0.038020 0.103722 0.025096
0.037272 0.103950 0.026631
0.032570 0.103965 0.025123
0.034903 0.103474 0.023664
0.031427 0.104653 0.031772
0.032686 0.104192 0.027299
0.034495 0.104148 0.028501
0.032616 0.103898 0.025383
0.038503 0.103200 0.022628
0.036420 0.104410 0.031480
0.031197 0.103562 0.022188
0.032377 0.104371 0.028758
0.032483 0.103332 0.020451
0.035035 0.104680 0.032108
0.033250 0.103957 0.024745
0.030573 0.103774 0.023711
0.037242 0.104011 0.026378
0.038944 0.103613 0.024773
0.034732 0.104559 0.031518
0.034353 0.104826 0.032352
0.033793 0.103823 0.026657
0.031803 0.104695 0.031991
0.030029 0.103858 0.024582
0.030728 0.103884 0.025059
0.039934 0.103167 0.022225
0.031973 0.104205 0.027262
0.040213 0.103102 0.021169
0.029291 0.103789 0.023820
0.034961 0.104374 0.028997
0.035186 0.103292 0.022789
0.031533 0.103986 0.025825
0.041262 0.103372 0.024023
0.033406 0.103999 0.027336
0.032734 0.104181 0.027447
0.035493 0.104442 0.030592
0.028679 0.103522 0.021104
0.029532 0.104023 0.025908
0.032577 0.103461 0.021460
0.031956 0.103295 0.020146
0.032908 0.104197 0.028414
0.035154 0.103473 0.023726
0.038064 0.103783 0.025353
0.034492 0.103712 0.027057
0.035855 0.104609 0.032448
0.033055 0.104262 0.025894
0.034467 0.103536 0.022770
0.037835 0.103101 0.021589
0.036990 0.103506 0.022672
0.029328 0.103348 0.020376
0.035408 0.103739 0.025048
0.030697 0.103496 0.021753
0.031576 0.104500 0.028360
0.031791 0.104650 0.031736
0.035910 0.102808 0.019734
0.035756 0.103355 0.021576
0.038702 0.103106 0.021911
0.033102 0.103685 0.023373
0.039511 0.103189 0.022437
0.038751 0.104171 0.029282
0.035130 0.103687 0.024443
0.029831 0.103733 0.023404
0.031783 0.104630 0.031586
0.029580 0.103525 0.021595
0.039924 0.104163 0.030631
0.041021 0.103420 0.025355
0.035829 0.103300 0.022414
0.033997 0.104632 0.030139
0.035384 0.103764 0.026559
0.033385 0.103868 0.024558
0.037260 0.102885 0.020504
0.035129 0.104396 0.029262
0.030188 0.104508 0.029206
0.031741 0.103306 0.020178
0.038146 0.102794 0.019547
0.031786 0.103116 0.018840
0.031895 0.103356 0.020628
0.030520 0.103958 0.025574
0.035795 0.103281 0.021693
0.036680 0.104211 0.029271
0.040488 0.103174 0.022535
0.036784 0.104095 0.028454
0.034242 0.103688 0.024784
0.031365 0.104513 0.028089
0.032865 0.103215 0.019553
0.033397 0.104712 0.031221
0.038359 0.103710 0.025253
0.036265 0.102852 0.019681
0.032367 0.104549 0.031038
0.035790 0.102915 0.020202
0.029865 0.104114 0.026471
0.040160 0.104039 0.026979
0.032096 0.104267 0.028920
0.038410 0.103245 0.022832
0.035411 0.103773 0.024798
0.038067 0.103657 0.024772
0.032078 0.104215 0.027409
0.033034 0.104922 0.032346
0.033774 0.104684 0.033011
0.033352 0.104762 0.030460
0.038524 0.103473 0.023954
0.036567 0.103400 0.021870
0.037660 0.104006 0.027451
0.037664 0.102951 0.020685
0.039742 0.103180 0.023014
0.032697 0.104229 0.028098
0.032442 0.104121 0.026668
0.036853 0.102863 0.020409
0.034803 0.103947 0.028036
0.031853 0.103948 0.025574
0.039027 0.103112 0.021923
0.030438 0.104484 0.029146
0.039623 0.104169 0.029450
0.032940 0.103647 0.022899
0.034859 0.103014 0.019798
0.036071 0.103988 0.025773
0.034516 0.103793 0.025483
0.037739 0.103512 0.023886
0.038304 0.102791 0.020645
0.032511 0.104864 0.031674
0.035737 0.102875 0.020052
0.029522 0.103462 0.021262
0.035271 0.103845 0.025645
0.038699 0.103365 0.023563
0.030613 0.104026 0.026252
0.039918 0.103076 0.021333
0.030750 0.103741 0.023481
0.029550 0.103325 0.020268
0.032869 0.103163 0.019944
0.033947 0.103948 0.025643
0.033053 0.103270 0.020315
0.030850 0.103563 0.022240
0.038657 0.104328 0.030641
0.033909 0.103270 0.020726
0.035752 0.104279 0.029733
0.033537 0.104625 0.033192
0.032195 0.103344 0.020586
0.034199 0.103545 0.022561
0.032373 0.103921 0.025021
0.040207 0.104340 0.027791
0.030873 0.103774 0.023747
0.033713 0.103864 0.027341
0.037233 0.103874 0.024499
0.032495 0.103491 0.021714
0.035236 0.103020 0.019182
0.039391 0.104250 0.028847
0.040914 0.103386 0.024370
0.033162 0.104676 0.033111
0.030798 0.104987 0.033804
0.035837 0.104107 0.028366
0.032856 0.104538 0.029771
0.040054 0.104351 0.027707
0.032124 0.104365 0.028375
0.035908 0.103776 0.023822
0.030928 0.103086 0.018418
0.031702 0.104590 0.030856
0.039872 0.104139 0.027137
0.030626 0.103461 0.021452
0.036156 0.102875 0.019324
0.036256 0.104392 0.030354
0.036172 0.103350 0.021353
0.033907 0.104676 0.030305
0.038155 0.103712 0.025182
0.038067 0.103590 0.024287
0.034896 0.103508 0.023813
0.032871 0.103160 0.019132
0.036201 0.104068 0.028195
0.040765 0.103787 0.026469
0.035901 0.102714 0.019925
0.036355 0.103340 0.023086
0.033387 0.103932 0.025216
0.030029 0.104521 0.028895
0.038477 0.102736 0.019504
0.035289 0.103425 0.021770
0.030878 0.103617 0.022738
0.039874 0.104377 0.027907
0.031583 0.103709 0.023320
0.034496 0.103073 0.019721
0.030770 0.103372 0.020836
0.030945 0.104473 0.030029
0.040750 0.103170 0.022560
0.030903 0.104170 0.027066
0.032264 0.103991 0.026336
0.033773 0.103540 0.022616
0.032637 0.103988 0.026063
0.030477 0.103840 0.024494
0.029853 0.103589 0.022105
0.034963 0.103043 0.019419
0.036030 0.103300 0.020825
0.034424 0.103172 0.020264
0.037900 0.104047 0.027102
0.032409 0.103144 0.018965
0.035369 0.103761 0.026900
0.038325 0.104359 0.030465
0.031243 0.104001 0.026378
0.034823 0.104462 0.029187
0.037826 0.104309 0.030041
0.029801 0.103940 0.025054
0.035803 0.103257 0.022190
0.034337 0.104537 0.029615
0.029206 0.103678 0.022715
0.033665 0.103712 0.023735
0.036899 0.103479 0.021996
0.037372 0.103418 0.021737
0.033587 0.103549 0.022082
0.031338 0.104451 0.029105
0.037906 0.103863 0.028033
0.033347 0.104496 0.029880
0.030861 0.103413 0.021176
0.028678 0.103578 0.021686
0.034840 0.103809 0.025003
0.038785 0.104156 0.029010
0.035117 0.103750 0.024873
0.029989 0.104377 0.027757
0.037048 0.103307 0.023346
0.037739 0.103904 0.028014
0.034417 0.103814 0.025958
0.037552 0.103786 0.024588
0.033128 0.103342 0.020612
0.030858 0.104007 0.026222
0.038091 0.104012 0.028524
0.036684 0.103882 0.026874
0.040946 0.103372 0.023946
0.034319 0.102958 0.018994
0.032347 0.103514 0.021812
0.039704 0.103203 0.022595
0.030538 0.103837 0.024690
0.031547 0.103838 0.024743
0.037194 0.102961 0.020665
0.033719 0.102959 0.019034
0.034695 0.104760 0.032212
0.032412 0.104879 0.032253
0.033718 0.103700 0.024059
0.036535 0.104079 0.028299
0.036426 0.103163 0.023241
0.032353 0.104281 0.028124
0.033783 0.104821 0.032680
0.035062 0.103086 0.020272
0.033370 0.103773 0.023790
0.033225 0.104140 0.028482
0.039550 0.104171 0.030160
0.032311 0.103171 0.019243
0.036219 0.104189 0.029220
0.037553 0.103822 0.024938
0.029888 0.103240 0.019701
0.035513 0.103216 0.022518
0.033939 0.103980 0.025771
0.035729 0.103700 0.024191
0.040159 0.103183 0.022520
