0.037257 0.038225 0.182484
0.033208 0.042781 0.187958
0.032703 0.039759 0.186941
0.029392 0.043089 0.181632
0.032838 0.040641 0.187853
0.030288 0.048774 0.183266
0.030673 0.044302 0.183527
0.034967 0.038467 0.180625
0.030207 0.041381 0.184490
0.035765 0.045954 0.188843
0.030916 0.045175 0.182636
0.034775 0.043205 0.188656
0.029815 0.043769 0.182030
0.033645 0.038920 0.188330
0.031611 0.049753 0.185229
0.030624 0.040916 0.185277
0.029410 0.042829 0.181813
0.031924 0.040303 0.186597
0.030201 0.044561 0.181899
0.031308 0.044859 0.183831
0.030209 0.039818 0.181404
0.035424 0.047113 0.190169
0.031519 0.043138 0.186000
0.034392 0.044197 0.187511
0.033373 0.039510 0.182512
0.032231 0.039886 0.183047
0.033674 0.047831 0.186367
0.029754 0.044124 0.181451
0.032188 0.046154 0.183840
0.029710 0.040346 0.182391
0.032801 0.044128 0.186569
0.029484 0.048765 0.182611
0.031925 0.044599 0.185262
0.033422 0.039293 0.185312
0.029161 0.043167 0.181206
0.035057 0.038886 0.185006
0.035849 0.044736 0.188957
0.033364 0.046148 0.185409
0.034952 0.042609 0.189268
0.032538 0.043930 0.186433
0.033220 0.041454 0.188449
0.033875 0.041075 0.189316
0.029370 0.048540 0.182373
0.034230 0.049092 0.189507
0.033046 0.050096 0.187637
0.033355 0.050024 0.188243
0.029400 0.044805 0.180470
0.033607 0.044428 0.186873
0.033677 0.038842 0.180745
0.034163 0.043308 0.188162
0.036795 0.038489 0.182590
0.035613 0.043551 0.188824
0.035590 0.046327 0.189006
0.035626 0.047139 0.190911
0.033610 0.046198 0.185573
0.030987 0.044529 0.183812
0.034653 0.039367 0.190541
0.030567 0.044967 0.182176
0.032387 0.047193 0.183961
0.031443 0.040259 0.184670
0.029264 0.041976 0.182458
0.031594 0.047239 0.183198
0.031120 0.044819 0.183608
0.030863 0.043511 0.184815
0.031441 0.047431 0.183106
0.034685 0.046199 0.187076
0.034101 0.044774 0.186912
0.035125 0.047030 0.188952
0.029546 0.043225 0.181905
0.030118 0.046328 0.181225
0.035431 0.037301 0.188176
0.033168 0.047403 0.185271
0.032486 0.044711 0.185763
0.029394 0.041129 0.182598
0.029532 0.040084 0.181425
0.031908 0.039936 0.183239
0.034597 0.038400 0.179926
0.030008 0.044647 0.181517
0.035865 0.038320 0.185592
0.032658 0.046739 0.184349
0.030467 0.045222 0.181751
0.029094 0.041828 0.181556
0.034930 0.041545 0.190142
0.035983 0.045780 0.189392
0.034089 0.043411 0.188024
0.030755 0.042429 0.185418
0.031779 0.049794 0.185477
0.031000 0.041291 0.185795
0.035092 0.038796 0.182064
0.030792 0.045056 0.182605
0.035854 0.044543 0.188952
0.036067 0.042463 0.190117
0.033356 0.039439 0.188220
0.036887 0.044377 0.190168
0.034020 0.039569 0.189343
0.035858 0.044836 0.188849
0.028099 0.048326 0.181006
0.034402 0.039451 0.190032
0.029625 0.041280 0.183140
0.033855 0.040405 0.189665
0.032937 0.039558 0.187310
0.034952 0.043832 0.187979
0.029992 0.045123 0.181145
0.034330 0.041364 0.189665
0.030115 0.044803 0.181575
0.032897 0.049666 0.186836
0.029541 0.045869 0.180691
0.032872 0.045314 0.185532
0.034075 0.048454 0.188151
0.034189 0.048009 0.187718
0.034913 0.047460 0.189087
0.033760 0.039544 0.188895
0.034040 0.047440 0.186600
0.031944 0.039950 0.185624
0.033259 0.041759 0.188453
0.033393 0.042659 0.188182
0.030472 0.044553 0.182395
0.033186 0.049947 0.187871
0.034365 0.037676 0.188264
0.034889 0.048378 0.190578
0.034351 0.037932 0.189104
0.033756 0.040705 0.189314
0.031475 0.041442 0.186552
0.032486 0.048910 0.185583
0.032270 0.043323 0.186606
0.030072 0.042168 0.184035
0.033460 0.048160 0.186272
0.031752 0.039990 0.182891
0.032565 0.041262 0.187599
0.031713 0.040212 0.185796
0.032913 0.045602 0.185362
0.034502 0.045285 0.186817
0.032606 0.039634 0.186396
0.032191 0.039934 0.184125
0.032953 0.039683 0.184469
0.032658 0.049964 0.186741
0.030151 0.047570 0.182070
0.034506 0.037624 0.188851
0.034411 0.046644 0.186566
0.033745 0.039492 0.183312
0.029427 0.044199 0.180702
0.032307 0.045837 0.184362
0.031568 0.046713 0.182808
0.030105 0.040739 0.183814
0.029957 0.040890 0.183668
0.033558 0.047018 0.185618
0.034560 0.041763 0.189677
0.032429 0.046353 0.184143
0.030487 0.049412 0.183793
0.031340 0.040322 0.184769
0.030196 0.042998 0.184124
0.033654 0.042652 0.188344
0.033800 0.038400 0.187388
0.029655 0.043898 0.181408
0.034284 0.039031 0.185328
0.029890 0.041985 0.183666
0.034306 0.038610 0.179217
0.032054 0.044565 0.185409
0.031086 0.048467 0.183374
0.033604 0.039313 0.182123
0.031115 0.040460 0.184843
0.035040 0.043112 0.188919
0.030907 0.045304 0.182407
0.033352 0.044523 0.186640
0.033479 0.044269 0.186947
0.035794 0.043022 0.189538
0.034208 0.039803 0.189666
0.034499 0.038317 0.189841
0.032855 0.043530 0.187093
0.032179 0.046020 0.184015
0.035979 0.042696 0.189887
0.033172 0.047824 0.185514
0.034081 0.040111 0.189726
0.031791 0.040279 0.186315
0.032912 0.048404 0.185627
0.031391 0.044355 0.184849
0.033304 0.038961 0.180808
0.031645 0.040553 0.186196
0.035341 0.046870 0.189355
0.033786 0.045757 0.185889
0.031989 0.045988 0.183620
0.031424 0.048492 0.183680
0.032976 0.041338 0.188153
0.030485 0.043678 0.183999
0.034636 0.044415 0.187520
0.032437 0.046922 0.183976
0.034337 0.047841 0.187923
0.032587 0.045347 0.185241
0.035447 0.041561 0.190585
0.029353 0.042300 0.182396
0.032338 0.048542 0.184864
0.031128 0.043215 0.185348
0.033119 0.040789 0.188235
0.029090 0.041865 0.181735
0.034160 0.037949 0.188148
0.034772 0.038679 0.181121
0.030657 0.043567 0.184378
0.034712 0.037383 0.188905
0.031951 0.049317 0.185258
0.032061 0.039898 0.185508
0.033597 0.039274 0.188405
0.033941 0.038275 0.188062
0.029355 0.043556 0.181162
0.034515 0.048366 0.189509
0.028294 0.047822 0.181106
0.029960 0.040780 0.183289
0.035729 0.045544 0.188613
0.035820 0.046055 0.189029
0.031028 0.047442 0.182642
0.030686 0.047346 0.182220
0.030899 0.047649 0.182639
0.030032 0.043533 0.182891
0.035569 0.047107 0.190545
0.031198 0.040083 0.183269
0.029796 0.043246 0.182758
0.035583 0.038745 0.184297
0.029751 0.040419 0.182510
0.032084 0.049779 0.185939
0.029876 0.049205 0.183099
0.034869 0.044578 0.187588
0.033273 0.046152 0.185242
0.032236 0.039795 0.185674
0.034895 0.039696 0.191168
0.032533 0.049899 0.186495
0.031258 0.046909 0.182557
0.028983 0.041639 0.181811
0.030485 0.049180 0.183634
0.034767 0.047436 0.188536
0.035517 0.037315 0.187915
0.030042 0.043947 0.182197
0.034414 0.039043 0.189978
0.031306 0.042989 0.185820
0.033014 0.040829 0.188085
0.035042 0.037052 0.188792
0.034218 0.040264 0.189936
0.036947 0.037974 0.184493
0.031841 0.047226 0.183438
0.035921 0.038682 0.183574
0.034175 0.045552 0.186479
0.030721 0.042697 0.185265
0.035875 0.045721 0.188967
0.031457 0.040020 0.183402
0.032153 0.041530 0.187224
0.034092 0.047844 0.187140
0.031316 0.042249 0.186283
0.032947 0.044039 0.186773
0.028593 0.048248 0.181526
0.033153 0.039731 0.188081
0.036171 0.038177 0.185243
0.030477 0.040077 0.182584
0.029707 0.041576 0.183443
0.031900 0.042778 0.186587
0.034325 0.044345 0.187352
0.032762 0.050151 0.187056
0.032392 0.040676 0.187291
0.035363 0.042622 0.189616
0.028562 0.048482 0.181545
0.036736 0.037768 0.185831
0.036142 0.045069 0.189143
0.034929 0.039059 0.183045
0.031367 0.046954 0.182685
0.031600 0.044209 0.185262
0.034038 0.042196 0.188899
0.030913 0.045948 0.181845
0.033541 0.048751 0.187089
0.030934 0.046271 0.181959
0.034983 0.039199 0.183953
0.035465 0.044393 0.188264
0.029428 0.047293 0.181482
0.035515 0.038117 0.186398
0.029538 0.041998 0.183006
0.036502 0.042982 0.189940
0.032249 0.040247 0.186934
0.030594 0.040401 0.183897
0.036000 0.044829 0.189296
0.033053 0.043325 0.187446
0.034671 0.043590 0.188229
0.032115 0.039899 0.185194
0.033133 0.045910 0.185330
0.034236 0.048129 0.188107
0.035747 0.045760 0.188664
0.033121 0.039576 0.182234
0.033650 0.048254 0.186774
0.031030 0.045730 0.182212
0.033498 0.042795 0.188142
0.034346 0.047477 0.187293
0.028337 0.048165 0.181237
0.028692 0.049053 0.181757
0.030067 0.048218 0.182546
0.031603 0.039958 0.182505
0.034601 0.041112 0.190135
0.029515 0.044061 0.181004
0.032502 0.047966 0.184455
0.035066 0.037761 0.187306
0.030116 0.042718 0.183931
0.033740 0.042101 0.188723
0.029634 0.042977 0.182657
0.034342 0.048674 0.189368
0.030816 0.048678 0.183467
0.030654 0.040849 0.184761
0.030502 0.046400 0.181579
0.031554 0.045449 0.183230
0.034313 0.039591 0.189815
0.031395 0.047173 0.182870
0.030825 0.049521 0.184169
0.036164 0.046282 0.190468
0.034296 0.048165 0.188450
0.032022 0.046510 0.183380
0.031714 0.039805 0.182205
0.031629 0.044914 0.184518
0.031023 0.040561 0.185000
0.029802 0.045374 0.180807
0.033338 0.039110 0.181367
0.030458 0.041057 0.184682
0.034676 0.038885 0.185366
0.035656 0.037628 0.187133
0.035095 0.038433 0.186062
0.032596 0.038929 0.180126
0.032360 0.041516 0.187409
0.035811 0.046880 0.190819
0.033883 0.047457 0.186354
0.034325 0.039052 0.189769
0.036483 0.038079 0.185091
0.033753 0.039227 0.188760
0.034543 0.037752 0.189430
0.028389 0.048885 0.181373
0.029719 0.041711 0.183433
0.033634 0.038647 0.187865
0.033000 0.045841 0.185167
0.032329 0.044026 0.186211
0.034545 0.045447 0.186843
0.030303 0.046360 0.181388
0.035072 0.043374 0.188664
0.030331 0.046007 0.181305
0.030285 0.043638 0.183510
0.035407 0.044883 0.188028
0.033357 0.048199 0.186094
0.034579 0.040494 0.190439
0.031105 0.041249 0.185993
0.031827 0.040121 0.186048
0.032814 0.046902 0.184603
0.036660 0.038528 0.183048
0.033729 0.043404 0.187754
0.031223 0.048834 0.183825
0.035402 0.037892 0.186949
0.032816 0.039119 0.180847
0.035291 0.045052 0.187883
0.028258 0.048412 0.181158
0.034724 0.042531 0.189138
0.033867 0.041602 0.189109
0.034753 0.042233 0.189339
0.036813 0.038668 0.183896
0.033651 0.038939 0.185989
0.034029 0.038355 0.187068
0.036100 0.038336 0.180631
0.031789 0.046231 0.183052
0.034949 0.042878 0.189070
0.030441 0.042613 0.184928
0.035539 0.037849 0.186899
0.033103 0.040973 0.188274
0.034179 0.038799 0.189350
0.033345 0.040672 0.188629
0.034365 0.043092 0.188474
0.031648 0.041591 0.186766
0.031371 0.045916 0.182548
0.030311 0.042974 0.184470
0.030807 0.042234 0.185610
0.033684 0.041355 0.189001
0.035398 0.047422 0.190700
0.032605 0.039710 0.182598
0.034644 0.047584 0.188382
0.032682 0.048724 0.185635
0.033883 0.039292 0.182420
0.033735 0.040426 0.189468
0.032126 0.044421 0.185605
0.034742 0.039912 0.190893
0.034124 0.048492 0.188452
0.029237 0.042953 0.181443
0.030470 0.042912 0.184643
0.034497 0.038957 0.190111
0.034099 0.047654 0.187008
0.034029 0.046636 0.186000
0.034546 0.047801 0.188569
0.034376 0.040742 0.190150
0.033912 0.044479 0.186998
0.031459 0.043922 0.185286
0.032496 0.050629 0.186947
0.030455 0.043797 0.183766
0.036724 0.038083 0.184642
0.029964 0.043599 0.182688
0.035334 0.047377 0.190401
0.035847 0.038748 0.183159
0.033470 0.039599 0.183840
0.032899 0.039847 0.187554
0.030499 0.042269 0.185081
0.031242 0.049428 0.184604
0.035771 0.044484 0.188680
0.034611 0.037481 0.188714
0.035583 0.046934 0.190296
0.033920 0.049079 0.188664
0.031160 0.040213 0.183936
0.031986 0.040000 0.186182
0.031285 0.045391 0.182937
0.032351 0.041164 0.187341
0.029670 0.047367 0.181600
0.034959 0.038817 0.182037
0.035419 0.046502 0.188988
0.030286 0.043334 0.183762
0.033696 0.038603 0.180206
0.031169 0.047508 0.182792
0.031911 0.048131 0.183842
0.033181 0.047187 0.185187
0.034190 0.039355 0.184401
0.034468 0.048906 0.189863
0.031416 0.043533 0.185532
0.032347 0.047515 0.184004
0.035323 0.038088 0.186645
0.036129 0.038646 0.183768
0.029461 0.041533 0.182992
0.031099 0.045532 0.182471
0.031226 0.039896 0.182253
0.032614 0.043292 0.187047
0.031200 0.049037 0.184074
0.034561 0.046425 0.186721
0.035617 0.043031 0.189387
0.030566 0.042051 0.185284
0.036772 0.043120 0.190062
0.030512 0.048647 0.183252
0.032028 0.043033 0.186573
0.030232 0.044114 0.182443
0.035275 0.047155 0.189771
0.032156 0.047198 0.183690
0.031894 0.048674 0.184366
0.030947 0.043395 0.185070
0.029709 0.048969 0.182882
0.035955 0.038727 0.183847
0.032800 0.041676 0.187948
0.033959 0.039068 0.181675
0.034076 0.038161 0.187369
0.033827 0.038615 0.188367
0.032235 0.046868 0.183816
0.034636 0.041971 0.189492
0.032832 0.050043 0.187116
0.031878 0.039455 0.181001
0.030830 0.045545 0.182034
0.032508 0.040005 0.186993
0.035956 0.044143 0.189078
0.035193 0.040721 0.190960
0.035383 0.037635 0.187295
0.033473 0.047309 0.185689
0.032581 0.043716 0.186625
0.030557 0.043458 0.184236
0.033756 0.038916 0.181078
0.029352 0.048270 0.182197
0.032749 0.042729 0.187593
0.033444 0.039227 0.185474
0.030924 0.041990 0.185849
0.032238 0.050351 0.186431
0.034536 0.037643 0.189099
0.029398 0.042646 0.182044
0.030569 0.044536 0.182675
0.035467 0.041310 0.190784
0.034564 0.038726 0.181074
0.033054 0.040187 0.188085
0.032414 0.049037 0.185625
0.030454 0.041683 0.184758
0.030257 0.040666 0.184025
0.033321 0.038872 0.187510
0.031955 0.048841 0.184665
0.031647 0.041338 0.186724
0.031506 0.041092 0.186473
0.034329 0.047302 0.187142
0.033489 0.049255 0.187660
0.034942 0.038641 0.185708
0.030011 0.041837 0.184215
0.036853 0.043368 0.190018
0.035921 0.045504 0.189144
0.034324 0.046811 0.186562
0.035264 0.046271 0.188190
0.036681 0.038509 0.182258
0.031833 0.045964 0.183174
0.034342 0.047097 0.186858
0.035835 0.046186 0.189291
0.033090 0.039630 0.182912
0.028663 0.048811 0.181709
0.034657 0.038748 0.190300
0.032015 0.039241 0.180542
0.034479 0.039678 0.190228
0.034086 0.038059 0.187907
0.035097 0.040445 0.191067
0.031964 0.046927 0.183372
0.036600 0.038603 0.182355
0.029756 0.046240 0.180926
0.033022 0.039292 0.185851
0.032602 0.050406 0.187007
0.033231 0.048494 0.186253
0.030737 0.048195 0.182826
0.029080 0.042074 0.181416
0.037172 0.038237 0.181844
0.029797 0.044121 0.181571
0.034303 0.037867 0.187736
0.030152 0.042391 0.183965
0.037150 0.038006 0.183986
0.036341 0.045924 0.190087
0.029861 0.049585 0.183180
0.033670 0.049650 0.188679
0.031497 0.043741 0.185530
0.033328 0.043868 0.187137
0.028722 0.049440 0.181803
0.031813 0.045316 0.184128
0.033256 0.045048 0.186094
0.036273 0.045224 0.189833
0.035274 0.043831 0.188471
0.032113 0.040317 0.186790
0.034700 0.037504 0.188210
0.034540 0.037531 0.188296
0.029790 0.042456 0.183363
0.032690 0.043108 0.187312
0.032343 0.043052 0.186878
0.036665 0.042881 0.190078
0.029890 0.040002 0.181648
0.029488 0.045183 0.180521
0.028205 0.048719 0.181144
0.030848 0.044225 0.183943
0.034037 0.038434 0.188769
0.033755 0.039828 0.189075
0.033236 0.045787 0.185507
0.032438 0.047408 0.184123
0.031278 0.044437 0.184315
0.036048 0.045090 0.189591
0.033224 0.039118 0.186123
0.034172 0.039370 0.183799
0.032134 0.039043 0.180202
0.033672 0.040041 0.188949
0.036352 0.043535 0.189613
0.030781 0.041425 0.185595
0.028960 0.041627 0.182027
0.033330 0.038863 0.187261
0.037136 0.038310 0.182535
0.029567 0.043463 0.181654
0.035936 0.041869 0.190648
0.034086 0.041270 0.189513
0.030629 0.040364 0.183758
0.029429 0.043809 0.181042
0.030418 0.049609 0.183809
0.033671 0.038785 0.188173
0.033034 0.038965 0.180613
0.036100 0.038019 0.186022
0.031643 0.048921 0.184336
0.035737 0.038300 0.180389
0.029886 0.039904 0.181388
0.031447 0.039970 0.182735
0.033773 0.041157 0.189117
0.032892 0.049327 0.186530
0.032157 0.043782 0.186201
0.031908 0.049853 0.185728
0.032206 0.041728 0.187249
0.031402 0.050391 0.185278
0.033226 0.049466 0.187277
0.033412 0.046826 0.185332
0.032278 0.050133 0.186384
0.034864 0.039167 0.183807
0.034174 0.039289 0.184851
0.031242 0.049282 0.184435
0.029197 0.040730 0.181747
0.029232 0.049573 0.182416
0.033605 0.041051 0.188949
0.034341 0.038649 0.189626
0.034232 0.038784 0.180901
0.033311 0.039680 0.188320
0.030618 0.042989 0.184985
0.030606 0.040190 0.183111
0.033483 0.049987 0.188523
0.034057 0.048182 0.187652
0.029311 0.041673 0.182734
0.034430 0.038005 0.189438
0.031087 0.040333 0.184232
0.033488 0.038728 0.187670
0.034219 0.037972 0.187564
0.029505 0.042705 0.182482
0.030421 0.046654 0.181607
0.035431 0.040971 0.191024
0.033464 0.043252 0.187778
0.031482 0.040301 0.185405
0.027770 0.047970 0.180639
0.034784 0.044540 0.187497
0.033146 0.043514 0.187318
0.036741 0.038326 0.184105
0.035993 0.043984 0.189220
0.035371 0.038739 0.185134
0.032789 0.049727 0.186706
0.034098 0.039110 0.189341
0.036113 0.038438 0.184544
0.033032 0.042836 0.187757
0.030660 0.043990 0.183896
0.029713 0.043689 0.181803
0.031176 0.043707 0.185098
0.029164 0.048786 0.182297
0.031906 0.045290 0.184374
0.028819 0.049099 0.181894
0.032964 0.038850 0.180196
0.032891 0.043032 0.187551
0.029032 0.041337 0.181569
0.034487 0.047185 0.187406
0.031453 0.040883 0.186245
0.034991 0.037694 0.187638
0.029914 0.044813 0.181016
0.036120 0.044273 0.189498
0.036785 0.042577 0.190316
0.035893 0.046654 0.190636
0.034289 0.039359 0.184021
0.035932 0.038628 0.184160
0.029754 0.049784 0.183060
0.034144 0.045262 0.186592
0.031409 0.040386 0.185490
0.031570 0.046437 0.182687
0.030718 0.044992 0.182413
0.033796 0.042010 0.188835
0.034633 0.038538 0.180514
0.030020 0.043724 0.182628
0.034668 0.039041 0.185006
0.031529 0.045735 0.182984
0.030797 0.041966 0.185651
0.029969 0.040842 0.183463
0.031301 0.045218 0.183123
0.034387 0.038738 0.185915
0.036529 0.045850 0.190335
0.034054 0.038690 0.189034
0.032569 0.045039 0.185508
0.033224 0.046634 0.185066
0.032996 0.049421 0.186741
0.031624 0.045955 0.182958
0.034982 0.042771 0.189185
0.029896 0.041698 0.183912
0.029152 0.043359 0.181015
0.031610 0.044028 0.185426
0.034502 0.040155 0.190410
0.030807 0.040185 0.183298
0.032609 0.049328 0.186204
0.034435 0.045558 0.186662
0.033187 0.050261 0.188161
0.029643 0.041561 0.183284
0.034968 0.047694 0.189795
0.035472 0.046787 0.189721
0.034334 0.047732 0.187594
0.033138 0.039114 0.186608
0.031732 0.050094 0.185613
0.032316 0.044840 0.185407
0.030115 0.043834 0.182737
0.032387 0.041827 0.187458
0.030574 0.049635 0.183982
0.034434 0.038717 0.189912
0.029600 0.043199 0.182395
0.032319 0.045156 0.185073
0.029543 0.040628 0.182289
0.032253 0.041996 0.187257
0.034652 0.040027 0.190725
0.032141 0.044123 0.185982
0.033867 0.046269 0.185746
0.033696 0.042989 0.188098
0.032821 0.047325 0.184646
0.031679 0.045616 0.183290
0.036601 0.042220 0.190598
0.032111 0.040899 0.187084
0.030607 0.047897 0.182556
0.028828 0.047758 0.181526
0.034653 0.041264 0.190117
0.033862 0.038669 0.180441
0.030514 0.042846 0.184846
0.035651 0.038588 0.181229
0.035679 0.046517 0.189625
0.031552 0.042899 0.186167
0.033542 0.038862 0.186361
0.034937 0.047557 0.189435
0.035228 0.041386 0.190524
0.034072 0.049307 0.189317
0.033041 0.041762 0.188227
0.030197 0.044177 0.182260
0.030807 0.040648 0.184677
0.033343 0.040350 0.188565
0.034724 0.038879 0.181705
0.029589 0.044238 0.181012
0.035383 0.038746 0.182042
0.032181 0.039928 0.182784
0.029511 0.042109 0.182824
0.029269 0.042703 0.181611
0.034407 0.044495 0.187296
0.034104 0.038606 0.186397
0.034028 0.049150 0.189016
0.034973 0.040093 0.191113
0.033677 0.041699 0.188876
0.033547 0.040685 0.188901
0.034681 0.044678 0.187387
0.031543 0.040044 0.183614
0.033326 0.047889 0.185827
0.035565 0.042684 0.189723
0.030432 0.044351 0.182535
0.034427 0.042197 0.189149
0.028251 0.047000 0.180851
0.035025 0.038366 0.180139
0.028859 0.048462 0.181864
0.030350 0.049858 0.183798
0.032805 0.050761 0.187675
0.032011 0.039933 0.185862
0.032537 0.046712 0.184091
0.036207 0.038868 0.182532
0.029135 0.041194 0.182163
0.033129 0.048507 0.186083
0.031002 0.045887 0.182035
0.031966 0.049107 0.185041
0.034450 0.039269 0.183674
0.034197 0.039448 0.189570
0.033882 0.038463 0.179750
0.036261 0.043909 0.189579
0.031582 0.050268 0.185453
0.030895 0.041605 0.185819
0.030420 0.046890 0.181816
0.030136 0.047913 0.182288
0.030735 0.046343 0.181820
0.029629 0.042364 0.182798
0.034873 0.048150 0.190213
0.032442 0.042554 0.187337
0.029851 0.040721 0.183078
0.035025 0.048090 0.190580
0.036954 0.038027 0.184295
0.032077 0.046958 0.183601
0.033941 0.045257 0.186461
0.035798 0.038864 0.182619
0.030621 0.040909 0.184989
0.033838 0.048703 0.187823
0.029921 0.045219 0.180967
0.033626 0.038728 0.186734
0.029222 0.047012 0.181216
0.033152 0.039368 0.185382
0.029618 0.048035 0.182147
0.036046 0.045028 0.189050
0.029271 0.046022 0.180602
0.035294 0.046982 0.189540
0.032390 0.049422 0.185981
0.031904 0.045733 0.183673
0.036123 0.038640 0.183201
0.037135 0.038286 0.182885
0.035339 0.040616 0.191204
0.034700 0.047187 0.187976
0.034702 0.039248 0.183964
0.033383 0.047198 0.185459
0.035622 0.046193 0.188749
0.030476 0.041221 0.185088
0.032534 0.042974 0.187211
0.032050 0.039950 0.183495
0.035239 0.044792 0.187891
0.033893 0.039028 0.185553
0.029812 0.043602 0.182244
0.037326 0.038184 0.183095
0.030368 0.042142 0.184733
0.030054 0.040702 0.183437
0.031080 0.048277 0.183121
0.032762 0.047977 0.184930
0.030551 0.041072 0.184827
0.030321 0.043140 0.184307
0.034818 0.037345 0.188515
0.035798 0.038401 0.180747
0.029856 0.047123 0.181547
0.030943 0.043689 0.184855
0.029186 0.042361 0.181329
0.033405 0.038913 0.186612
0.029719 0.042508 0.183047
0.032871 0.038818 0.180042
0.033817 0.049796 0.189156
0.030925 0.044735 0.183301
0.035177 0.044257 0.188094
0.030026 0.043435 0.183000
0.031416 0.039978 0.183093
0.035672 0.045398 0.188452
0.029507 0.044653 0.180582
0.033598 0.038616 0.187200
0.030328 0.043338 0.184095
0.030730 0.046708 0.181969
0.031192 0.048546 0.183567
0.035992 0.037882 0.186408
0.027926 0.047683 0.180762
0.031636 0.049032 0.184578
0.029964 0.041040 0.183919
0.029721 0.044226 0.181250
0.032372 0.039973 0.183685
0.030524 0.044160 0.183361
0.030856 0.049874 0.184407
0.032580 0.042569 0.187533
0.035553 0.038546 0.181020
0.033321 0.039461 0.184934
0.033586 0.048805 0.187311
0.034879 0.038796 0.181620
0.033053 0.039715 0.187762
0.036569 0.038470 0.181676
0.033206 0.039441 0.182112
0.034579 0.046565 0.186983
0.031759 0.040096 0.184337
0.032872 0.049996 0.187152
0.031511 0.044735 0.184413
0.035679 0.044490 0.188443
0.037124 0.038239 0.183474
0.032749 0.050705 0.187522
0.031783 0.045452 0.183717
0.034706 0.048220 0.189856
0.034102 0.046968 0.186273
0.032631 0.048565 0.185362
0.033941 0.038649 0.179121
0.034727 0.039642 0.190906
0.036428 0.038419 0.181190
0.035889 0.045189 0.188869
0.033939 0.038665 0.188696
0.031316 0.039771 0.181824
0.034936 0.045902 0.187275
0.032307 0.039345 0.180974
0.029511 0.043736 0.181255
0.033225 0.042011 0.188351
0.036080 0.037655 0.186716
0.030114 0.047106 0.181758
0.033332 0.047621 0.185681
0.034418 0.038421 0.189669
0.034280 0.044596 0.187117
0.034955 0.044826 0.187556
0.033491 0.040145 0.188670
0.034190 0.046443 0.186164
0.035135 0.041956 0.189893
0.034031 0.038515 0.186702
0.031235 0.047701 0.182980
0.036331 0.042698 0.190008
0.033987 0.049373 0.189118
0.033707 0.043787 0.187463
0.033744 0.039500 0.183668
0.033404 0.039110 0.185877
0.037095 0.043220 0.190264
0.032501 0.045530 0.184914
0.033544 0.041987 0.188622
0.035534 0.038256 0.186109
0.035355 0.045236 0.187947
0.030401 0.044743 0.182135
0.029944 0.040184 0.182117
0.029641 0.046437 0.180950
0.035271 0.047613 0.190663
0.032110 0.042707 0.186855
0.034128 0.038202 0.188701
0.030359 0.045473 0.181454
0.028926 0.047415 0.181359
0.029967 0.041859 0.184017
0.032049 0.039523 0.181264
0.031671 0.048736 0.184125
0.036356 0.044535 0.189830
0.032829 0.048442 0.185526
0.028663 0.048530 0.181667
0.033241 0.043076 0.187785
0.034436 0.041368 0.189852
0.032825 0.047557 0.184836
0.033697 0.040384 0.189285
0.030022 0.041715 0.184100
0.030687 0.041016 0.185449
0.033639 0.048911 0.187582
0.033958 0.048191 0.187403
0.035995 0.037531 0.187050
0.034354 0.037972 0.187372
0.034644 0.047418 0.188182
0.032160 0.048800 0.184935
0.032366 0.044392 0.185969
0.033844 0.039481 0.182957
0.029496 0.041104 0.182783
0.033435 0.049086 0.187288
0.029880 0.041295 0.183809
0.034342 0.045145 0.186820
0.032741 0.043409 0.187115
0.035565 0.045177 0.188249
0.033823 0.049373 0.188736
0.028902 0.046576 0.180783
0.034818 0.038491 0.186160
0.031837 0.049034 0.184831
0.030862 0.044540 0.183584
0.034562 0.039988 0.190590
0.033599 0.049210 0.187913
0.034518 0.047336 0.187694
0.031225 0.043278 0.185500
0.037256 0.038167 0.183353
0.036908 0.038407 0.182243
0.032993 0.049656 0.187009
0.032109 0.050668 0.186435
0.034551 0.039758 0.190462
0.034616 0.048816 0.190182
0.033023 0.039206 0.186391
0.029812 0.044713 0.180978
0.030160 0.042234 0.184532
0.029572 0.040969 0.182857
0.034135 0.037994 0.187715
0.033043 0.047851 0.185431
0.035225 0.037503 0.188031
0.035315 0.045877 0.187932
0.030972 0.046691 0.182103
0.030438 0.040365 0.183364
0.030533 0.043934 0.183143
0.032815 0.048961 0.186109
0.033261 0.039054 0.187620
0.029450 0.040240 0.181600
0.030693 0.044913 0.182554
0.029342 0.048815 0.182477
0.033552 0.039460 0.184695
0.035126 0.041518 0.190327
0.033855 0.039681 0.189191
0.031875 0.043554 0.186074
0.031513 0.048684 0.183941
0.031569 0.044425 0.185077
0.034175 0.039155 0.185102
0.030774 0.040519 0.184372
0.034225 0.047050 0.186569
0.032223 0.046438 0.183868
0.034342 0.038060 0.189198
0.031741 0.043999 0.185636
0.034779 0.039075 0.182642
0.034124 0.039322 0.183273
0.032401 0.048586 0.185034
0.032334 0.042123 0.187346
0.031678 0.043390 0.185951
0.034273 0.037836 0.188424
0.033609 0.039189 0.181742
0.032737 0.047028 0.184406
0.030850 0.039958 0.182346
0.032427 0.046088 0.184384
0.032344 0.049238 0.185769
0.029074 0.040873 0.181713
0.032937 0.039566 0.187118
0.029045 0.048646 0.182109
0.032117 0.046681 0.183533
0.034281 0.038669 0.178939
0.030983 0.044078 0.184189
0.035920 0.046356 0.189928
0.036032 0.042969 0.189709
0.032953 0.046762 0.184755
0.036528 0.045698 0.190193
0.031648 0.049241 0.184875
0.034235 0.046883 0.186452
0.029642 0.042182 0.183083
0.030223 0.046937 0.181559
0.029503 0.043413 0.181558
0.033243 0.039559 0.188150
0.032007 0.045073 0.184792
0.034840 0.047551 0.189019
0.032881 0.039729 0.183431
0.033694 0.040235 0.189172
0.036439 0.038575 0.183066
0.031069 0.042853 0.185567
0.031840 0.049559 0.185343
0.034176 0.047378 0.186862
0.034724 0.038980 0.181899
0.029823 0.042470 0.183519
0.033390 0.044010 0.187085
0.029630 0.041901 0.183189
0.033122 0.043811 0.187035
0.029343 0.041029 0.182395
0.031791 0.044238 0.185444
0.032676 0.045864 0.184750
0.033988 0.043113 0.188216
0.033212 0.040506 0.188306
0.035094 0.041313 0.190463
0.030920 0.047391 0.182484
0.030117 0.043272 0.183374
0.033173 0.041148 0.188367
0.031515 0.050081 0.185309
0.030680 0.045999 0.181649
0.034368 0.040423 0.190233
0.035105 0.047756 0.190343
0.030018 0.043768 0.182490
0.030708 0.044561 0.183032
0.031030 0.041740 0.185992
0.034283 0.041903 0.189319
0.028277 0.047541 0.181023
0.034402 0.047913 0.188240
0.033370 0.038987 0.186309
0.034648 0.044988 0.187218
0.032474 0.039810 0.182839
0.032397 0.046643 0.183966
0.028690 0.046575 0.180724
0.030563 0.041257 0.185335
0.033093 0.046162 0.185035
0.030531 0.044305 0.183042
0.032358 0.044169 0.186090
0.033480 0.041460 0.188746
0.032371 0.039205 0.180705
0.033476 0.038766 0.180439
0.033907 0.039378 0.184715
0.032417 0.050137 0.186533
0.036595 0.038665 0.182543
0.033886 0.045784 0.186113
0.035276 0.044580 0.188001
0.033144 0.039945 0.188203
0.032326 0.039777 0.186195
0.031415 0.042020 0.186453
0.034638 0.048083 0.189442
0.030529 0.039816 0.181619
0.031269 0.044048 0.184966
0.032568 0.040397 0.187389
0.034486 0.039196 0.184760
0.031693 0.042833 0.186363
0.033868 0.049525 0.189037
0.035801 0.037673 0.186960
0.031606 0.050425 0.185587
0.034667 0.041568 0.189929
0.034440 0.048667 0.189607
0.030189 0.042793 0.184346
0.029758 0.042782 0.182998
0.030483 0.042006 0.185121
0.036223 0.045086 0.189064
0.034427 0.037861 0.189226
0.029249 0.048015 0.181937
0.033871 0.047742 0.186646
0.031269 0.049808 0.184874
0.036047 0.043731 0.189286
0.035412 0.043340 0.188874
0.030376 0.039981 0.182045
0.035560 0.044932 0.188231
0.030454 0.041876 0.184822
0.034886 0.038862 0.181947
0.033191 0.038563 0.179715
0.030496 0.041023 0.185166
0.030311 0.040560 0.183897
0.032834 0.050496 0.187545
0.033001 0.039980 0.187921
0.031598 0.047809 0.183365
0.033024 0.038660 0.179856
0.034242 0.038315 0.189084
0.030276 0.046965 0.181393
0.032137 0.046671 0.183693
0.032593 0.042973 0.187303
0.033677 0.040588 0.189038
0.028436 0.047198 0.181021
0.033711 0.049392 0.188514
0.033910 0.040982 0.189516
0.033404 0.041637 0.188590
0.034913 0.040456 0.190833
0.034556 0.038505 0.190104
0.035108 0.038740 0.185412
0.032752 0.039863 0.187251
0.036203 0.043237 0.189614
0.031917 0.045911 0.183427
0.034908 0.041214 0.190372
0.030454 0.044646 0.182255
0.034206 0.043725 0.187845
0.033980 0.047093 0.186186
0.030735 0.045274 0.182154
0.033496 0.047183 0.185650
0.033537 0.047901 0.186100
0.031054 0.049154 0.184099
0.035858 0.038597 0.181439
0.031484 0.040633 0.186035
0.032968 0.040299 0.187915
0.032383 0.045617 0.184558
0.036091 0.038508 0.181224
0.029836 0.044509 0.181262
0.029935 0.044416 0.181574
0.035786 0.038190 0.185991
0.032228 0.047851 0.183966
0.033988 0.041920 0.189059
0.031886 0.040948 0.186876
0.033033 0.039337 0.187389
0.033335 0.050281 0.188485
0.035187 0.041763 0.190153
0.034371 0.041055 0.190001
0.032703 0.039741 0.183040
0.030041 0.049417 0.183347
0.035177 0.047011 0.189188
0.029805 0.040297 0.182439
0.034736 0.045705 0.187107
0.032006 0.046101 0.183495
0.031347 0.042855 0.185981
0.034697 0.046716 0.187446
0.034999 0.047139 0.188588
0.034958 0.046065 0.187430
0.033290 0.046462 0.185149
0.031136 0.043374 0.185253
0.035641 0.045612 0.188466
0.035911 0.037979 0.186303
0.034938 0.045129 0.187447
0.029619 0.049394 0.182889
0.032897 0.048744 0.185952
0.034938 0.038461 0.180429
0.035832 0.044675 0.188816
0.031824 0.040056 0.184157
0.029484 0.049636 0.182708
0.034552 0.042836 0.188788
0.029413 0.049042 0.182626
0.036092 0.045415 0.189674
0.030198 0.042744 0.184145
0.033359 0.039577 0.184399
0.031747 0.044650 0.185054
0.028994 0.049657 0.182126
0.031341 0.043133 0.185795
0.033519 0.039052 0.181339
0.033259 0.039653 0.183394
0.029493 0.042808 0.182288
0.032144 0.039891 0.184736
0.032919 0.049110 0.186385
0.033011 0.047454 0.185101
0.034374 0.038294 0.189469
0.030941 0.040790 0.185523
0.036172 0.038735 0.182212
0.034526 0.039325 0.190254
0.036255 0.045096 0.189074
0.034754 0.038947 0.190627
0.031718 0.050489 0.185823
0.033118 0.046830 0.184977
0.037207 0.038315 0.182292
0.032494 0.039835 0.186627
0.033221 0.049004 0.186731
0.034641 0.046474 0.187129
0.031961 0.046260 0.183292
0.034713 0.038588 0.180755
0.034886 0.038409 0.179708
0.035011 0.046352 0.187644
0.029211 0.042094 0.182169
0.029866 0.042304 0.183601
0.029328 0.040843 0.182025
0.029374 0.041987 0.182707
0.034648 0.037505 0.189228
0.034371 0.048917 0.189645
0.034585 0.046849 0.187294
0.032696 0.043729 0.186762
0.030639 0.049945 0.184160
0.034364 0.047564 0.187510
0.034988 0.043875 0.188180
0.036386 0.046083 0.190576
0.032225 0.047480 0.183764
0.034414 0.043940 0.187766
0.030708 0.043205 0.184792
0.032677 0.047686 0.184617
0.036189 0.042056 0.190579
0.031815 0.049512 0.185213
0.033985 0.039815 0.189458
0.033416 0.046517 0.185306
0.035341 0.037562 0.187547
0.029928 0.042604 0.183594
0.034914 0.046704 0.187787
0.029178 0.042615 0.181413
0.030181 0.043114 0.183911
0.034165 0.038069 0.188553
0.034978 0.038608 0.181049
0.032452 0.042401 0.187429
0.032827 0.043352 0.187239
0.033709 0.044802 0.186638
0.036426 0.042359 0.190342
0.034299 0.039843 0.189893
0.035934 0.038649 0.181811
0.035909 0.041669 0.190870
0.033718 0.040867 0.189112
0.033133 0.039112 0.181138
0.028998 0.048993 0.182148
0.036645 0.038399 0.181338
0.034309 0.045961 0.186470
0.031468 0.045524 0.183077
0.032590 0.040738 0.187594
0.032022 0.041910 0.187055
0.034169 0.039160 0.189472
0.034736 0.039388 0.190796
0.029989 0.041560 0.184165
0.033753 0.043235 0.187966
0.034628 0.039131 0.184822
0.031749 0.047120 0.183289
0.029938 0.044800 0.181206
0.036427 0.038524 0.184141
0.033769 0.047283 0.186024
0.033327 0.040009 0.188463
0.033774 0.048560 0.187438
0.037407 0.038144 0.182706
0.034472 0.037603 0.188553
0.034596 0.039231 0.184323
0.031144 0.047158 0.182561
0.031743 0.045522 0.183548
0.034446 0.047041 0.187130
0.031138 0.050064 0.184806
0.035771 0.044974 0.188416
0.031901 0.046527 0.183200
0.036129 0.041848 0.190773
0.031979 0.046156 0.183368
0.035131 0.047206 0.189383
0.034186 0.048888 0.189180
0.035365 0.041792 0.190273
0.035693 0.046659 0.190063
0.029916 0.043106 0.183120
0.030817 0.042778 0.185364
0.033174 0.042499 0.188102
0.032551 0.046997 0.184143
0.029184 0.048492 0.182218
0.031716 0.047013 0.183116
0.032550 0.043734 0.186549
0.033189 0.047528 0.185426
0.029329 0.045548 0.180468
0.034868 0.044881 0.187399
0.028798 0.047129 0.181161
0.033367 0.049649 0.187963
0.032117 0.045298 0.184587
0.029603 0.044728 0.180717
0.030131 0.042475 0.184218
0.032481 0.043586 0.186609
0.036237 0.037565 0.186673
0.033036 0.048803 0.186266
0.035214 0.047408 0.190036
0.033724 0.046854 0.185709
0.030832 0.043800 0.184512
0.035299 0.042029 0.189985
0.034106 0.038439 0.179852
0.032123 0.041307 0.187162
0.033154 0.050472 0.188317
0.034294 0.045806 0.186518
0.034686 0.044207 0.187703
0.033606 0.047716 0.186100
0.028869 0.047964 0.181656
0.033193 0.045481 0.185675
0.030367 0.044025 0.183032
0.032935 0.039297 0.186107
0.035161 0.038980 0.183684
0.030690 0.040636 0.184436
0.033793 0.038569 0.186903
0.035138 0.038123 0.186865
0.036458 0.038687 0.182719
0.029685 0.043508 0.182041
0.035829 0.045456 0.188793
0.035049 0.046513 0.187955
0.032897 0.039334 0.186647
0.036132 0.046363 0.190635
0.031133 0.049733 0.184676
0.031579 0.042449 0.186468
0.035750 0.044208 0.188711
0.029283 0.042359 0.181985
0.031708 0.048368 0.183832
0.028113 0.047977 0.180985
0.034851 0.046630 0.187637
0.032988 0.047688 0.185265
0.033555 0.046471 0.185470
0.036278 0.042908 0.189856
0.031740 0.045324 0.183792
0.033450 0.048664 0.186791
0.029553 0.044242 0.180945
0.029543 0.045406 0.180548
0.031185 0.040164 0.183629
0.033754 0.039012 0.185705
0.031155 0.045736 0.182381
0.028760 0.048728 0.181821
0.029412 0.045670 0.180561
0.032013 0.041697 0.187089
0.033878 0.041346 0.189223
0.031556 0.039451 0.180908
0.029091 0.040829 0.181545
0.032717 0.039544 0.182131
0.036236 0.044912 0.189800
0.029604 0.046992 0.181320
0.036423 0.038795 0.182432
0.032153 0.044772 0.185258
0.035313 0.046418 0.188437
0.029447 0.040615 0.182028
0.034529 0.046781 0.187084
0.031834 0.043405 0.186094
0.031027 0.046965 0.182321
0.029946 0.049870 0.183299
0.033681 0.039064 0.188502
0.035156 0.042264 0.189594
0.031613 0.040187 0.184886
0.035087 0.042452 0.189478
0.033484 0.038784 0.186947
0.030598 0.045564 0.181664
0.031775 0.044889 0.184797
0.031727 0.049423 0.185099
0.030203 0.044306 0.182143
0.034588 0.039034 0.190244
0.033148 0.039118 0.186859
0.033637 0.039488 0.182835
0.033858 0.047272 0.186142
0.029936 0.046476 0.181162
0.030569 0.040828 0.184525
0.032333 0.039534 0.181783
0.031796 0.043184 0.186228
0.030514 0.043963 0.183638
0.030755 0.043529 0.184631
0.032556 0.047576 0.184365
0.031364 0.040302 0.184506
0.035105 0.047461 0.189775
0.034557 0.040641 0.190337
0.031744 0.039590 0.181409
0.029369 0.042452 0.182255
0.033539 0.039830 0.188619
0.033754 0.045625 0.186090
0.036027 0.045207 0.189155
0.035926 0.038801 0.182930
0.031461 0.044499 0.184612
0.037208 0.038154 0.181571
0.031386 0.040489 0.185678
0.031010 0.044010 0.184500
0.034351 0.042849 0.188584
0.034583 0.047422 0.187969
0.030945 0.049133 0.183982
0.037019 0.038312 0.181887
0.035317 0.045751 0.187847
0.033773 0.045814 0.185699
0.033550 0.045877 0.185618
0.035103 0.048263 0.190954
0.031934 0.045512 0.183983
0.033947 0.038951 0.181421
0.034859 0.044062 0.187908
0.034164 0.042810 0.188535
0.032519 0.043415 0.186796
0.029728 0.043368 0.182443
0.036265 0.038567 0.181747
0.036099 0.043438 0.189413
0.035163 0.046274 0.187903
0.036477 0.037977 0.185368
0.034061 0.046271 0.185965
0.034657 0.038620 0.186007
0.033414 0.040562 0.188731
0.031622 0.046503 0.182835
0.030695 0.049151 0.183818
0.034928 0.039059 0.184633
0.028506 0.048030 0.181352
0.033380 0.040999 0.188630
0.029732 0.042970 0.182876
0.037111 0.043867 0.190193
0.033128 0.046356 0.184994
0.033729 0.039284 0.185087
0.035900 0.044773 0.189054
0.033790 0.044057 0.187301
0.031878 0.039666 0.181813
0.033750 0.038809 0.186192
0.035381 0.046438 0.188714
0.033622 0.043535 0.187616
0.031512 0.045174 0.183623
0.031191 0.046083 0.182230
0.034336 0.037903 0.188881
0.029524 0.047089 0.181360
0.032863 0.041022 0.187964
0.033223 0.044154 0.186879
0.036636 0.044447 0.190009
0.031393 0.047699 0.183178
0.035986 0.044352 0.189301
0.033226 0.047788 0.185628
0.034584 0.047992 0.189153
0.032028 0.045665 0.184087
0.032389 0.039741 0.185362
0.033993 0.038800 0.180748
0.034285 0.042469 0.188864
0.033625 0.047261 0.185837
0.032926 0.048513 0.185754
0.030443 0.042314 0.184883
0.034035 0.044894 0.186780
0.030488 0.047646 0.182272
0.035674 0.046472 0.189383
0.031526 0.041783 0.186619
0.031107 0.044948 0.183177
0.029037 0.042953 0.181124
0.033506 0.044077 0.187120
0.031768 0.041123 0.186762
0.029653 0.048741 0.182722
0.035318 0.042347 0.189757
0.033417 0.043571 0.187458
0.030676 0.044683 0.182818
0.036064 0.038456 0.180967
0.035287 0.044244 0.188194
0.035772 0.043458 0.189121
0.029197 0.041327 0.182380
0.030230 0.043794 0.182954
0.034675 0.048631 0.190067
0.036667 0.042770 0.190121
0.028095 0.047447 0.180871
0.032472 0.047661 0.184253
0.034094 0.044114 0.187419
0.030840 0.048489 0.183174
0.036046 0.038135 0.185808
0.032789 0.045839 0.184971
0.031091 0.042764 0.185734
0.031592 0.046822 0.182890
0.034368 0.040042 0.190124
0.030317 0.043520 0.183787
0.028255 0.046675 0.180649
0.034529 0.042722 0.188854
0.036594 0.044907 0.190011
0.031415 0.045814 0.182765
0.033094 0.039688 0.183656
0.031860 0.050173 0.185910
0.029625 0.040128 0.181677
0.031429 0.049273 0.184681
0.035803 0.044659 0.188674
0.033995 0.038480 0.180089
0.030105 0.046950 0.181410
0.030021 0.042454 0.183772
0.032184 0.050218 0.186285
0.031782 0.050340 0.185878
0.032791 0.044995 0.185750
0.035071 0.039057 0.184144
0.029080 0.042806 0.181255
0.034647 0.047783 0.188915
0.032132 0.048212 0.184140
0.032202 0.040495 0.187047
0.030233 0.043394 0.183637
0.028913 0.049326 0.182056
0.032081 0.046275 0.183618
0.034932 0.038312 0.186496
0.034872 0.043577 0.188315
0.030518 0.041697 0.185004
0.035851 0.038413 0.185061
0.033487 0.045641 0.185715
0.030767 0.043066 0.185120
0.034127 0.045047 0.186738
0.030155 0.040835 0.184077
0.034127 0.046008 0.186218
0.034620 0.039727 0.190699
0.031652 0.042130 0.186668
0.034649 0.040882 0.190323
0.029866 0.048132 0.182359
0.030454 0.045748 0.181423
0.030951 0.050083 0.184603
0.032534 0.044244 0.186220
0.034052 0.038819 0.185890
0.035467 0.038831 0.183631
0.029777 0.042003 0.183458
0.034371 0.039070 0.182038
0.031042 0.049533 0.184444
0.030508 0.049901 0.183999
0.033853 0.039189 0.181976
0.030606 0.046223 0.181607
0.034707 0.038236 0.186869
0.032058 0.039945 0.184534
0.032459 0.050507 0.186797
0.036291 0.044222 0.189665
0.036919 0.044709 0.190171
0.033522 0.038640 0.187474
0.036014 0.045109 0.189342
0.033561 0.045157 0.186238
0.036082 0.046019 0.189568
0.032785 0.046525 0.184665
0.030324 0.040356 0.183159
0.034001 0.042551 0.188630
0.030292 0.042708 0.184642
0.034298 0.040095 0.189899
0.031403 0.044151 0.185089
0.029810 0.045000 0.180903
0.031968 0.040002 0.183828
0.033761 0.038722 0.186521
0.033482 0.045402 0.185975
0.036127 0.038759 0.182884
0.032056 0.039569 0.181481
0.031658 0.040138 0.184703
0.031854 0.042496 0.186710
0.030939 0.044885 0.183049
0.030583 0.039697 0.181290
0.029703 0.042585 0.182824
0.032670 0.039646 0.185160
0.031535 0.045285 0.183398
0.030492 0.040532 0.184109
0.036551 0.045577 0.190074
0.032460 0.039877 0.183394
0.035144 0.044799 0.187786
0.034111 0.048812 0.188912
0.030135 0.045765 0.181085
0.029102 0.041680 0.182284
0.032426 0.048762 0.185273
0.034561 0.037801 0.187610
0.035023 0.045635 0.187455
0.031874 0.046723 0.183181
0.029456 0.040844 0.182385
0.030967 0.040046 0.183037
0.035220 0.037098 0.188458
0.030628 0.041822 0.185447
0.033211 0.039196 0.181499
0.033754 0.047018 0.185875
0.031330 0.040355 0.185074
0.036812 0.038452 0.182879
0.032942 0.039610 0.182454
0.032881 0.038968 0.180485
0.034389 0.038145 0.187112
0.034498 0.047698 0.188206
0.029695 0.040689 0.182840
0.029570 0.043105 0.182244
0.031161 0.039994 0.182606
0.032534 0.039976 0.186831
0.035560 0.040781 0.191260
0.030178 0.045380 0.181282
0.031021 0.045124 0.182872
0.033479 0.038915 0.187862
0.034690 0.037880 0.187325
0.034248 0.041603 0.189467
0.033138 0.048312 0.185917
0.029589 0.040394 0.181955
0.035569 0.038634 0.184936
0.033552 0.040377 0.188823
0.033520 0.043902 0.187259
0.029845 0.041678 0.183702
0.034317 0.046954 0.186662
0.033874 0.039496 0.184018
0.032367 0.039050 0.180357
0.034151 0.047838 0.187340
0.030765 0.039866 0.181919
0.032511 0.045927 0.184532
0.032497 0.049567 0.186268
0.033909 0.049672 0.189339
0.033880 0.048802 0.188130
0.032881 0.047929 0.185225
0.032275 0.049062 0.185466
0.035474 0.045036 0.188112
0.030612 0.045272 0.181964
0.034297 0.049209 0.189784
0.030963 0.040637 0.185251
0.030653 0.041566 0.185511
0.030818 0.044693 0.183116
0.035197 0.046136 0.187831
0.030324 0.041611 0.184581
0.034738 0.038780 0.181407
0.034699 0.045170 0.187208
0.034806 0.047678 0.189246
0.035277 0.041017 0.190802
0.030098 0.040239 0.182674
0.033713 0.049055 0.187976
0.034446 0.046062 0.186678
0.029873 0.045690 0.180855
0.033554 0.049394 0.188027
0.036204 0.038570 0.183598
0.034923 0.048402 0.190728
0.030654 0.044793 0.182603
0.033836 0.038662 0.188503
0.034222 0.038887 0.189477
0.029285 0.042448 0.181782
0.029256 0.041450 0.182595
0.035185 0.041158 0.190642
0.030061 0.042163 0.184297
0.036414 0.038485 0.181434
0.034624 0.038446 0.186388
0.032790 0.048345 0.185357
0.029586 0.044974 0.180660
0.030988 0.043152 0.185174
0.032440 0.045164 0.185233
0.035427 0.044230 0.188316
0.034239 0.048380 0.188641
0.031561 0.044953 0.184154
0.031967 0.042289 0.186901
0.034068 0.041787 0.189191
0.029173 0.042350 0.181498
0.029809 0.044604 0.181087
0.035539 0.038489 0.185569
0.029075 0.041068 0.181863
0.035718 0.038508 0.185226
0.033773 0.047949 0.186670
0.034726 0.038743 0.185615
0.034551 0.042449 0.189016
0.036297 0.045819 0.189810
0.033211 0.042290 0.188210
0.029305 0.043874 0.180746
0.036929 0.042881 0.190262
0.033892 0.042857 0.188343
0.031127 0.039982 0.182847
0.034082 0.040947 0.189781
0.027969 0.047989 0.180840
0.033683 0.049890 0.188995
0.035983 0.038307 0.185365
0.030161 0.045120 0.181400
0.033454 0.040838 0.188792
0.035091 0.038760 0.181760
0.032678 0.047329 0.184466
0.032003 0.045496 0.184238
0.032041 0.044867 0.185071
0.031389 0.044732 0.184173
0.030189 0.046749 0.181382
0.036834 0.037880 0.185073
0.031530 0.046700 0.182723
0.032913 0.048163 0.185427
0.034633 0.046576 0.187212
0.029632 0.042755 0.182732
0.031130 0.044458 0.184089
0.032228 0.042277 0.187156
0.033495 0.043017 0.187976
0.031465 0.042762 0.186099
0.029593 0.043075 0.182469
0.033001 0.044881 0.186029
0.031425 0.049062 0.184277
0.029289 0.043569 0.181049
0.035864 0.043930 0.188956
0.034432 0.037720 0.187997
0.033536 0.041270 0.188805
0.029432 0.041287 0.182830
0.035307 0.046721 0.189041
0.033404 0.044873 0.186375
0.028925 0.046925 0.181087
0.034266 0.039237 0.189653
0.034344 0.046251 0.186466
0.035691 0.038742 0.182155
0.035521 0.038827 0.183896
0.032834 0.039733 0.183958
0.035054 0.044626 0.187752
0.037137 0.043507 0.190198
0.032624 0.039539 0.185806
0.035240 0.047850 0.190910
0.030198 0.049077 0.183364
0.032706 0.048264 0.185149
0.029050 0.041845 0.181954
0.034298 0.048463 0.188997
0.030807 0.043344 0.184955
0.030014 0.046045 0.181045
0.034236 0.041190 0.189769
0.031678 0.040837 0.186604
0.030777 0.040408 0.184159
0.029262 0.042123 0.182337
0.034952 0.040918 0.190597
0.030117 0.043445 0.183232
0.033594 0.039022 0.188319
0.031535 0.039319 0.180517
0.030541 0.042538 0.185110
0.035046 0.047454 0.189571
0.031651 0.040401 0.185914
0.032911 0.044639 0.186188
0.033188 0.039326 0.187712
0.031305 0.041294 0.186311
0.035369 0.038877 0.183752
0.032534 0.048263 0.184779
0.034239 0.046583 0.186305
0.035163 0.045961 0.187637
0.029494 0.042932 0.182019
0.030227 0.041931 0.184520
0.035810 0.045199 0.188601
0.029506 0.042371 0.182628
0.031368 0.049957 0.185037
0.030202 0.048579 0.182999
0.030952 0.042739 0.185544
0.028487 0.049253 0.181510
0.032273 0.039499 0.181388
0.032663 0.044617 0.186027
0.030726 0.044446 0.183372
0.032357 0.044665 0.185585
0.034259 0.038857 0.181301
0.033703 0.038485 0.187679
0.035174 0.038678 0.181388
0.034076 0.045972 0.185953
0.035703 0.042284 0.190054
0.030722 0.044258 0.183715
0.030127 0.044215 0.182088
0.035226 0.038513 0.185778
0.031684 0.043693 0.185792
0.031364 0.046125 0.182426
0.033125 0.039783 0.187917
0.029140 0.049218 0.182325
0.034236 0.040341 0.190067
0.031125 0.046396 0.182120
0.035618 0.042026 0.190199
0.035468 0.038900 0.183010
0.032497 0.042064 0.187567
0.029375 0.049560 0.182587
0.031300 0.043610 0.185335
0.029053 0.047845 0.181711
0.036193 0.046194 0.190292
0.035984 0.045404 0.189439
0.036252 0.038355 0.184618
0.036408 0.037947 0.185709
0.032678 0.040904 0.187732
0.033522 0.049660 0.188306
0.030520 0.040920 0.185151
0.033317 0.049832 0.188048
0.031939 0.050400 0.186128
0.031460 0.043418 0.185733
0.031706 0.045108 0.184347
0.030938 0.039557 0.181041
0.033761 0.045462 0.186220
0.029991 0.042006 0.184118
0.033860 0.038920 0.188793
0.031160 0.044024 0.184832
0.035494 0.046569 0.189203
0.034473 0.048254 0.189242
0.036493 0.043737 0.189788
0.036530 0.042590 0.190179
0.028930 0.046340 0.180638
0.034497 0.039178 0.183000
0.031203 0.047933 0.183062
0.028884 0.049072 0.182007
0.032726 0.039292 0.181278
0.034852 0.038402 0.180369
0.031136 0.042581 0.185936
0.036848 0.038365 0.183258
0.034810 0.039096 0.183472
0.033757 0.049208 0.188346
0.035812 0.037829 0.186677
0.031263 0.045695 0.182594
0.034347 0.038620 0.186252
0.034537 0.045766 0.186821
0.034657 0.038971 0.190403
0.033985 0.038362 0.188570
0.030468 0.048438 0.182926
0.031227 0.041208 0.186148
0.032048 0.045893 0.183825
0.032481 0.039781 0.184753
0.033614 0.049440 0.188308
0.032159 0.045705 0.184246
0.030377 0.044229 0.182721
0.029634 0.040641 0.182611
0.029361 0.046401 0.180798
0.030360 0.048226 0.182705
0.034348 0.038917 0.181589
0.037330 0.038083 0.183753
0.033946 0.038211 0.187678
0.032709 0.038738 0.179815
0.031380 0.046563 0.182516
0.031847 0.045002 0.184686
0.029997 0.044161 0.181924
0.035058 0.038237 0.186635
0.029632 0.045453 0.180666
0.033902 0.048978 0.188479
0.034409 0.038433 0.180207
0.033829 0.040166 0.189533
0.034120 0.039341 0.183510
0.029652 0.049729 0.182888
0.032791 0.044391 0.186330
0.032389 0.042761 0.187149
0.033007 0.050417 0.187836
0.029195 0.041048 0.182084
0.034034 0.041527 0.189268
0.036109 0.045692 0.189617
0.034352 0.039320 0.189862
0.031852 0.050304 0.185992
0.032230 0.042512 0.187066
0.034510 0.039947 0.190299
0.033085 0.050509 0.188017
0.033863 0.039147 0.185321
0.029815 0.042737 0.183203
0.030229 0.049608 0.183603
0.032235 0.039682 0.182214
0.034615 0.038498 0.179445
0.034962 0.047241 0.188753
0.029916 0.041372 0.183980
0.034868 0.047117 0.188333
0.031687 0.039987 0.183518
0.032530 0.039608 0.186012
0.033723 0.038522 0.179541
0.028629 0.046854 0.180922
0.032615 0.046204 0.184580
0.029888 0.047384 0.181823
0.032489 0.042985 0.187069
0.032285 0.040083 0.186747
0.031229 0.050254 0.185004
0.028920 0.041522 0.181965
0.033587 0.046748 0.185501
0.035025 0.042106 0.189668
0.032897 0.039453 0.185471
0.034078 0.044381 0.187168
0.030793 0.044923 0.182781
0.033955 0.043703 0.187692
0.031708 0.040372 0.186095
0.033986 0.045718 0.186281
0.030084 0.042882 0.183648
0.034131 0.043554 0.187907
0.032162 0.042975 0.186724
0.030270 0.049390 0.183570
0.033824 0.038457 0.188030
0.033771 0.039134 0.188715
0.033726 0.046386 0.185583
0.035681 0.038620 0.184693
0.033944 0.047988 0.187089
0.032637 0.039437 0.181847
0.031151 0.040902 0.185835
0.036305 0.042227 0.190453
0.032632 0.049010 0.185889
0.034785 0.047917 0.189644
0.029079 0.048299 0.182011
0.034194 0.042154 0.189058
0.034499 0.046805 0.186865
0.030070 0.040053 0.181923
0.034892 0.044241 0.187809
0.035260 0.037820 0.187111
0.034387 0.038371 0.186715
0.031538 0.048222 0.183555
0.035637 0.041188 0.191054
0.033232 0.049233 0.186978
0.031298 0.041018 0.186150
0.034401 0.044734 0.187152
0.036039 0.038341 0.184901
0.035745 0.046789 0.190437
0.032883 0.039468 0.186894
0.034173 0.038582 0.180432
0.029031 0.046715 0.180931
0.032135 0.048457 0.184344
0.031066 0.049265 0.184190
0.029831 0.047698 0.182022
0.028583 0.049050 0.181595
0.029786 0.041271 0.183419
0.032694 0.045588 0.185132
0.030754 0.041811 0.185660
0.033206 0.040253 0.188307
0.032355 0.050470 0.186599
0.030617 0.046563 0.181790
0.032144 0.039840 0.182573
0.030778 0.040045 0.182789
0.035475 0.045495 0.188141
0.033990 0.038279 0.188347
0.032705 0.046653 0.184542
0.029786 0.043977 0.181660
0.029148 0.047577 0.181597
0.035573 0.044727 0.188244
0.034477 0.039193 0.183327
0.033068 0.039240 0.187158
0.035379 0.038884 0.184439
0.031904 0.041492 0.186982
0.031507 0.040125 0.183943
0.029420 0.044477 0.180536
0.034376 0.038828 0.185656
0.033048 0.045150 0.185829
0.032685 0.041197 0.187771
0.031312 0.043885 0.185155
0.035464 0.046707 0.189457
0.030838 0.041128 0.185605
0.031696 0.040118 0.184374
0.030272 0.040081 0.182352
0.031089 0.042308 0.185982
0.031893 0.043891 0.185888
0.035679 0.045078 0.188356
0.031442 0.040092 0.183562
0.032520 0.049668 0.186366
0.031897 0.044324 0.185512
0.031898 0.047555 0.183524
0.034258 0.038509 0.179521
0.030176 0.044748 0.181728
0.035411 0.045528 0.187936
0.032052 0.047807 0.183773
0.031052 0.039411 0.180661
0.030522 0.043233 0.184501
0.032645 0.050780 0.187388
0.029960 0.042862 0.183395
0.033483 0.039595 0.183149
0.033272 0.038980 0.187082
0.030914 0.039727 0.181532
0.033044 0.049851 0.187343
0.030771 0.045105 0.182279
0.035233 0.045403 0.187745
0.035584 0.043382 0.188766
0.028736 0.048306 0.181691
0.033289 0.049637 0.187688
0.029979 0.040488 0.182923
0.036651 0.045264 0.190042
0.030996 0.049429 0.184303
0.032269 0.045293 0.184810
0.030801 0.045647 0.181899
0.031168 0.043013 0.185637
0.033973 0.038623 0.186529
0.036525 0.038548 0.182123
0.029584 0.048593 0.182557
0.032917 0.042630 0.187807
0.035697 0.037410 0.187479
0.031339 0.042544 0.186167
0.034088 0.040517 0.189907
0.036850 0.043741 0.190024
0.033259 0.049555 0.187479
0.032057 0.043412 0.186345
0.030290 0.043412 0.183924
0.033175 0.043242 0.187620
0.031183 0.046562 0.182242
0.032480 0.040952 0.187481
0.033693 0.040399 0.189100
0.031132 0.045330 0.182761
0.033556 0.047559 0.185876
0.031220 0.044237 0.184540
0.034183 0.046317 0.186173
0.029375 0.046757 0.181052
0.030458 0.041353 0.184843
0.033079 0.039586 0.187618
0.036424 0.037805 0.186125
0.029780 0.041441 0.183555
0.033631 0.049854 0.188788
0.030762 0.050234 0.184391
0.030743 0.043815 0.184227
0.036300 0.038276 0.184819
0.035777 0.043733 0.188928
0.030340 0.043116 0.184415
0.030036 0.048827 0.183090
0.031585 0.044676 0.184766
0.032719 0.040149 0.187466
0.029710 0.048321 0.182404
0.034133 0.049109 0.189220
0.030504 0.048891 0.183471
0.035900 0.046295 0.189554
0.031846 0.048448 0.184053
0.035126 0.038961 0.183316
0.036756 0.037855 0.185461
0.034877 0.039122 0.184384
0.033738 0.039516 0.183034
0.036876 0.038271 0.183693
0.029539 0.040292 0.181772
0.029461 0.041822 0.182958
0.035330 0.038853 0.182356
0.029198 0.041684 0.182535
0.035877 0.038537 0.184555
0.031337 0.044625 0.184251
0.028605 0.046317 0.180564
0.035516 0.046893 0.189966
0.036685 0.038446 0.181851
0.030289 0.045672 0.181232
0.035768 0.041930 0.190433
0.035111 0.046687 0.188373
0.029361 0.040508 0.181729
0.035466 0.038837 0.183388
0.036387 0.043106 0.189807
0.032658 0.039104 0.180679
0.030464 0.040002 0.182252
0.036363 0.038577 0.183808
0.032403 0.048444 0.184566
0.032794 0.039416 0.186375
0.033228 0.040640 0.188398
0.030195 0.048369 0.182739
0.031826 0.039948 0.182675
0.034652 0.040278 0.190619
0.034595 0.040754 0.190317
0.033697 0.038514 0.179900
0.033845 0.045987 0.185763
0.032945 0.042117 0.188039
0.033946 0.039088 0.189083
0.034926 0.047894 0.190031
0.031601 0.047475 0.183310
0.033517 0.039454 0.182323
0.032590 0.039854 0.183791
0.030968 0.042487 0.185757
0.032971 0.047131 0.184836
0.033013 0.046455 0.184867
0.030854 0.042631 0.185505
0.034416 0.045076 0.186955
0.033546 0.041095 0.188841
0.035268 0.046700 0.188773
0.033978 0.048760 0.188354
0.036864 0.038319 0.181501
0.032443 0.039760 0.185088
0.035295 0.038863 0.184741
0.032970 0.039518 0.185145
0.033130 0.041604 0.188347
0.032127 0.049542 0.185784
0.030304 0.047251 0.181958
0.032631 0.046539 0.184270
0.033359 0.039526 0.184650
0.031803 0.043839 0.185775
0.035223 0.037291 0.188344
0.032143 0.040013 0.186445
0.030556 0.041476 0.185300
0.031531 0.046143 0.182715
0.033747 0.040069 0.189277
0.035232 0.045626 0.187627
0.034004 0.048349 0.187780
0.036103 0.046134 0.189800
0.030904 0.047076 0.182229
0.034778 0.047538 0.188828
0.031316 0.048117 0.183283
0.036703 0.045551 0.190307
0.035264 0.044895 0.187896
0.032933 0.039353 0.181790
0.035004 0.040751 0.190739
0.033762 0.042296 0.188635
0.033229 0.039517 0.187996
0.031770 0.041871 0.186842
0.036518 0.038348 0.180899
0.031744 0.040091 0.185072
0.035109 0.045104 0.187662
0.030762 0.047597 0.182448
0.030384 0.043930 0.183354
0.031817 0.049929 0.185631
0.032569 0.041605 0.187673
0.031882 0.040032 0.184324
0.034708 0.043806 0.188014
0.032672 0.039509 0.186142
0.034595 0.048512 0.189851
0.035708 0.041707 0.190672
0.029618 0.044412 0.180912
0.032339 0.043569 0.186408
0.035136 0.040125 0.191285
0.032604 0.046414 0.184451
0.035273 0.039037 0.182709
0.033993 0.039376 0.189261
0.032386 0.039449 0.181182
0.029909 0.048696 0.182895
0.031185 0.041977 0.186172
0.031851 0.040032 0.185486
0.031292 0.041634 0.186325
0.030270 0.043740 0.183157
0.031335 0.046346 0.182318
0.034849 0.040240 0.190846
0.030265 0.044548 0.182063
0.032937 0.039611 0.184872
0.030209 0.039923 0.181706
0.030124 0.040652 0.183521
0.034982 0.038860 0.182153
0.030058 0.045457 0.181060
0.030425 0.040175 0.182895
0.033160 0.039104 0.187423
0.030992 0.047922 0.182854
0.034356 0.043641 0.188005
0.033097 0.048106 0.185673
0.035488 0.046092 0.188469
0.030954 0.042948 0.185387
0.034806 0.045382 0.187265
0.030182 0.043210 0.183682
0.032413 0.039830 0.186391
0.035660 0.042554 0.189872
0.031270 0.045050 0.183400
0.035248 0.040275 0.191328
0.029974 0.042077 0.183802
0.035519 0.041777 0.190419
0.028854 0.048097 0.181710
0.029080 0.046362 0.180689
0.036071 0.044002 0.189383
0.030205 0.044009 0.182674
0.030375 0.048077 0.182580
0.032781 0.050302 0.187296
0.030706 0.049326 0.183958
0.035781 0.044875 0.188562
0.035948 0.045819 0.189182
0.034712 0.039001 0.182219
0.035717 0.041442 0.190944
0.031813 0.045080 0.184574
0.034746 0.048471 0.190220
0.032575 0.050608 0.187143
0.028071 0.047701 0.180893
0.030968 0.042348 0.185757
0.034872 0.048366 0.190425
0.032228 0.048581 0.184656
0.029864 0.041118 0.183619
0.033345 0.041248 0.188597
0.035035 0.045298 0.187529
0.028568 0.048799 0.181583
0.037307 0.038182 0.182221
0.032742 0.044209 0.186403
0.035606 0.043858 0.188698
0.034872 0.043493 0.188449
0.029168 0.042122 0.181770
0.035312 0.038684 0.181539
0.031487 0.049385 0.184860
0.033377 0.043367 0.187609
0.035186 0.047786 0.190615
0.033037 0.044404 0.186537
0.032621 0.039942 0.183533
0.032640 0.047109 0.184313
0.032963 0.042483 0.187932
0.028548 0.047675 0.181267
0.033731 0.047527 0.186173
0.031827 0.047888 0.183582
0.033988 0.039375 0.182957
0.035341 0.038342 0.179987
0.031568 0.045120 0.183892
0.029499 0.047661 0.181818
0.035190 0.047561 0.190223
0.031319 0.039638 0.181420
0.034434 0.048101 0.188814
0.035592 0.044027 0.188568
0.028642 0.047952 0.181476
0.034889 0.037992 0.187087
0.035729 0.042787 0.189722
0.034154 0.047198 0.186563
0.034106 0.048709 0.188701
0.035418 0.043549 0.188694
