0.034634 0.057865 0.171322
0.037859 0.058242 0.169174
0.041248 0.060034 0.171164
0.033952 0.057832 0.171203
0.038923 0.058787 0.170244
0.036809 0.057833 0.171991
0.043231 0.060399 0.173268
0.036048 0.060491 0.179477
0.032418 0.057933 0.171239
0.036504 0.057711 0.171884
0.042584 0.060023 0.176115
0.035890 0.056542 0.170501
0.036517 0.056787 0.171095
0.036765 0.057421 0.170336
0.040058 0.059206 0.173116
0.039636 0.059139 0.173748
0.031837 0.057670 0.170902
0.031604 0.058466 0.173172
0.034939 0.058995 0.173294
0.041825 0.059922 0.174734
0.032621 0.059316 0.175093
0.044008 0.060645 0.176169
0.044146 0.060859 0.174611
0.037084 0.060187 0.178362
0.032911 0.059163 0.174306
0.038085 0.060162 0.178873
0.033743 0.058750 0.172630
0.038609 0.058302 0.170480
0.038620 0.059149 0.174380
0.032568 0.058268 0.171806
0.042971 0.060153 0.175207
0.037713 0.059463 0.175735
0.043256 0.060025 0.177353
0.033145 0.059572 0.175846
0.036916 0.059526 0.175758
0.033272 0.060098 0.178002
0.038853 0.058581 0.171666
0.037482 0.060817 0.181021
0.038539 0.059962 0.178023
0.039129 0.059398 0.175278
0.031827 0.058977 0.174666
0.039105 0.059923 0.177914
0.039074 0.058785 0.171985
0.033482 0.059349 0.174683
0.034754 0.057133 0.170828
0.032741 0.059273 0.174739
0.035738 0.056347 0.170396
0.037635 0.057894 0.170321
0.038223 0.059824 0.177075
0.038529 0.058868 0.169108
0.031294 0.058492 0.173609
0.039206 0.060071 0.178884
0.039338 0.059139 0.170392
0.039414 0.059161 0.174271
0.033091 0.058560 0.172464
0.032977 0.057997 0.171013
0.036105 0.060393 0.178895
0.040428 0.059400 0.172132
0.036846 0.058200 0.172035
0.039672 0.059793 0.176724
0.041953 0.059983 0.174965
0.039256 0.058874 0.173211
0.033986 0.059052 0.173538
0.033215 0.058677 0.172704
0.035193 0.059727 0.175911
0.037267 0.057457 0.170929
0.038007 0.058013 0.170197
0.034905 0.060524 0.179562
0.043401 0.059946 0.178031
0.035166 0.059863 0.176549
0.032369 0.059561 0.176363
0.036007 0.058405 0.172649
0.030919 0.058242 0.173111
0.033627 0.059958 0.177261
0.037543 0.059217 0.174927
0.041152 0.060038 0.178680
0.042795 0.060348 0.172604
0.038185 0.058319 0.171926
0.040874 0.059534 0.174078
0.037137 0.059913 0.177217
0.033361 0.057417 0.170669
0.035564 0.059114 0.173620
0.041063 0.059766 0.175560
0.035391 0.059402 0.174694
0.037132 0.060125 0.178177
0.040631 0.059459 0.174287
0.038134 0.058129 0.170989
0.032068 0.058660 0.173329
0.032723 0.058345 0.171988
0.036863 0.057732 0.169730
0.038485 0.059866 0.177626
0.036118 0.060570 0.179978
0.033179 0.058074 0.171129
0.039141 0.058907 0.171061
0.037519 0.057747 0.170780
0.038374 0.061280 0.181831
0.031585 0.057749 0.171323
0.033466 0.058894 0.173265
0.040510 0.059755 0.176101
0.043137 0.060184 0.175026
0.031838 0.059338 0.175822
0.043238 0.060333 0.174233
0.034832 0.057308 0.171010
0.034188 0.057549 0.170981
0.033502 0.059651 0.175988
0.033987 0.059252 0.174251
0.036753 0.056789 0.171115
0.033802 0.059635 0.175812
0.034098 0.058906 0.173180
0.038208 0.058145 0.170815
0.032584 0.059659 0.176603
0.038712 0.058790 0.169674
0.035505 0.060355 0.178809
0.032730 0.059909 0.177554
0.034588 0.057483 0.171102
0.031309 0.057569 0.171026
0.038875 0.059010 0.173781
0.038838 0.058727 0.172766
0.034160 0.060388 0.178961
0.034060 0.056808 0.170626
0.035673 0.059190 0.173903
0.039012 0.059110 0.174187
0.040864 0.059900 0.177054
0.037965 0.058045 0.170352
0.032689 0.058787 0.173295
0.033636 0.058509 0.172034
0.038239 0.058669 0.172554
0.034919 0.059838 0.176397
0.032045 0.059659 0.176923
0.037446 0.059433 0.175586
0.036116 0.056611 0.170277
0.039518 0.059682 0.176407
0.036337 0.056619 0.170243
0.035820 0.056763 0.171121
0.033246 0.058378 0.171782
0.037307 0.057601 0.170532
0.035906 0.057099 0.171584
0.034783 0.059781 0.176138
0.033035 0.060027 0.177793
0.034281 0.057976 0.171351
0.033680 0.059565 0.175516
0.041899 0.059852 0.174352
0.031202 0.059460 0.176867
0.037073 0.060360 0.178952
0.041095 0.059815 0.171985
0.031529 0.058778 0.174308
0.034998 0.059391 0.174553
0.034769 0.059451 0.174795
0.031380 0.058644 0.174037
0.037095 0.057826 0.169655
0.040898 0.059702 0.172051
0.041210 0.059622 0.174146
0.039378 0.058882 0.173317
0.037971 0.059638 0.176401
0.040708 0.059771 0.171355
0.034349 0.059634 0.175688
0.031826 0.059724 0.177335
0.033672 0.060027 0.177537
0.043682 0.060316 0.176508
0.042328 0.060059 0.173514
0.035152 0.058977 0.173291
0.033667 0.057325 0.170722
0.041341 0.059707 0.173369
0.036453 0.058409 0.172582
0.041898 0.060184 0.171599
0.035673 0.059190 0.173903
0.036765 0.057421 0.170336
0.042670 0.060251 0.172923
0.044317 0.060734 0.176755
0.033081 0.058588 0.172574
0.034248 0.059982 0.177291
0.040927 0.059647 0.175154
0.034119 0.059657 0.175864
0.031725 0.058742 0.174028
0.038928 0.059432 0.168579
0.034903 0.059650 0.175625
0.039572 0.058948 0.172011
0.031539 0.058603 0.173750
0.041016 0.060152 0.170344
0.039285 0.059388 0.169478
0.038219 0.059239 0.175044
0.039902 0.059548 0.175505
0.040255 0.059684 0.170742
0.035605 0.056664 0.170648
0.036202 0.059554 0.175585
0.035841 0.059125 0.173809
0.038931 0.058745 0.172225
0.033487 0.059591 0.175715
0.032825 0.059840 0.177235
0.036735 0.060137 0.178102
0.039556 0.059519 0.169764
0.041531 0.059727 0.174448
0.039592 0.059330 0.174728
0.036661 0.058065 0.172036
0.038374 0.061280 0.181831
0.038959 0.059428 0.175874
0.037019 0.060300 0.178654
0.033885 0.059844 0.176766
0.031609 0.058981 0.174886
0.035648 0.059870 0.176572
0.039764 0.060109 0.179119
0.037713 0.061127 0.181300
0.034837 0.060142 0.177720
0.036147 0.058962 0.173601
0.038953 0.058942 0.173453
0.032875 0.058484 0.172384
0.036075 0.060064 0.177320
0.042263 0.059975 0.177603
0.035128 0.060161 0.177807
0.038266 0.060086 0.178632
0.044525 0.061022 0.176752
0.038071 0.060407 0.179992
0.035829 0.056782 0.171274
0.038140 0.059009 0.174046
0.039889 0.059203 0.174183
0.034355 0.059347 0.174439
0.037137 0.059913 0.177217
0.040096 0.059660 0.170456
0.041066 0.059546 0.173439
0.036398 0.058841 0.173486
0.036347 0.060165 0.178153
0.044326 0.061148 0.176174
0.034281 0.057976 0.171351
0.038185 0.058319 0.171926
0.039975 0.059188 0.172030
0.039748 0.058913 0.172556
0.040217 0.059264 0.172547
0.030572 0.059021 0.175734
0.038191 0.058334 0.169954
0.039983 0.059298 0.174447
0.032207 0.058373 0.172492
0.036703 0.058812 0.173571
0.030875 0.057592 0.171596
0.034192 0.059535 0.175261
0.038941 0.058833 0.170032
0.039175 0.059748 0.168389
0.036819 0.059197 0.174640
0.031941 0.058379 0.172740
0.031865 0.059521 0.176466
0.039426 0.058873 0.172975
0.037064 0.057237 0.170858
0.036001 0.056851 0.171468
0.039049 0.058846 0.170420
0.038557 0.058451 0.170998
0.042404 0.059846 0.179377
0.041844 0.059941 0.178341
0.035694 0.057291 0.171549
0.038885 0.058611 0.171328
0.043535 0.060460 0.174247
0.038071 0.060407 0.179992
0.039105 0.059923 0.177914
0.030879 0.058724 0.174708
0.031209 0.058899 0.174969
0.042443 0.059869 0.178475
0.033069 0.059490 0.175377
0.038680 0.058482 0.171375
0.033880 0.058001 0.171334
0.034596 0.059736 0.175919
0.035919 0.057651 0.171847
0.041373 0.060015 0.179232
0.038404 0.059112 0.175176
0.038380 0.059630 0.176406
0.037827 0.060283 0.179086
0.039568 0.059091 0.173453
0.036065 0.057821 0.171913
0.034048 0.059523 0.175173
0.042948 0.060127 0.175829
0.037679 0.059072 0.174391
0.039954 0.059212 0.171838
0.036644 0.059221 0.174775
0.036596 0.056894 0.171358
0.036463 0.060208 0.178313
0.032964 0.059020 0.173807
0.041154 0.059886 0.176569
0.036833 0.057983 0.171982
0.042754 0.060394 0.172243
0.035985 0.060176 0.178114
0.035217 0.059765 0.176242
0.032252 0.059661 0.176799
0.039405 0.059621 0.169168
0.037112 0.059839 0.176981
0.038780 0.059464 0.176058
0.042517 0.060130 0.173837
0.030927 0.058391 0.173617
0.038950 0.059435 0.175533
0.034227 0.060261 0.178381
0.039563 0.059901 0.177987
0.038666 0.058576 0.170151
0.037458 0.060506 0.180000
0.035395 0.060171 0.177774
0.032538 0.059929 0.177770
0.035431 0.058314 0.172015
0.038623 0.058498 0.171154
0.037444 0.059943 0.177431
0.035323 0.060138 0.177593
0.038323 0.061042 0.181056
0.036283 0.058381 0.172485
0.032956 0.058336 0.171776
0.042648 0.059930 0.178027
0.037828 0.058037 0.169886
0.034864 0.059530 0.175053
0.037253 0.058664 0.172928
0.036587 0.059556 0.175876
0.031723 0.059460 0.176339
0.043985 0.060163 0.177171
0.041610 0.059830 0.173753
0.038602 0.058817 0.169413
0.039126 0.058901 0.170838
0.038504 0.058689 0.169637
0.038445 0.058607 0.172254
0.035714 0.058454 0.172412
0.036242 0.059723 0.176197
0.038323 0.061042 0.181056
0.039526 0.059304 0.170365
0.039247 0.058916 0.170814
0.041459 0.059931 0.171996
0.044253 0.061012 0.175811
0.036902 0.060598 0.180210
0.034060 0.056808 0.170626
0.033735 0.059427 0.174878
0.037576 0.058065 0.169641
0.037912 0.058478 0.172276
0.033511 0.058753 0.172757
0.037112 0.058317 0.172251
0.039397 0.059028 0.171175
0.041586 0.059926 0.176506
0.038925 0.060378 0.179963
0.038596 0.059786 0.176832
0.040318 0.059582 0.171306
0.041696 0.059910 0.172560
0.037217 0.058019 0.169467
0.041171 0.059962 0.178034
0.038758 0.060742 0.180588
0.040122 0.059236 0.173642
0.033576 0.058573 0.172195
0.031564 0.059492 0.176604
0.043234 0.060138 0.176746
0.030914 0.059060 0.175648
0.041979 0.059995 0.173083
0.037352 0.059724 0.176566
0.041427 0.059885 0.176205
0.037451 0.058527 0.172542
0.038490 0.058551 0.169922
0.036509 0.059644 0.176082
0.035412 0.059833 0.176414
0.041700 0.059988 0.178706
0.036842 0.056838 0.171234
0.033294 0.059993 0.177509
0.039741 0.059215 0.171403
0.031482 0.058845 0.174547
0.035950 0.057385 0.171747
0.038504 0.058689 0.169637
0.037975 0.058570 0.172373
0.038611 0.060188 0.179262
0.033021 0.058862 0.173311
0.035645 0.060310 0.178504
0.036526 0.057518 0.169805
0.042922 0.060012 0.177467
0.033944 0.060165 0.178065
0.041916 0.059945 0.177620
0.031469 0.058509 0.173439
0.039266 0.059089 0.174265
0.039153 0.059878 0.177523
0.037293 0.060372 0.179160
0.036586 0.058599 0.172950
0.032602 0.059231 0.174763
0.042518 0.060017 0.176903
0.040368 0.059895 0.170106
0.037070 0.057673 0.171804
0.036949 0.060159 0.178262
0.034062 0.059404 0.174713
0.041784 0.060042 0.172108
0.036389 0.060033 0.177391
0.038949 0.059832 0.177163
0.033721 0.058636 0.172322
0.041342 0.059731 0.173586
0.039634 0.058943 0.172245
0.032005 0.057905 0.171359
0.036713 0.060614 0.180358
0.035253 0.058633 0.172529
0.033843 0.059304 0.174480
0.033297 0.058853 0.173174
0.039324 0.059735 0.168734
0.033527 0.059241 0.174360
0.040063 0.059987 0.177928
0.035890 0.056542 0.170501
0.035074 0.059602 0.175369
0.039993 0.059191 0.173759
0.040756 0.059608 0.172135
0.032661 0.059400 0.175369
0.043934 0.060086 0.177511
0.031373 0.058225 0.172656
0.032571 0.059521 0.176167
0.038350 0.058793 0.173829
0.034754 0.057133 0.170828
0.034662 0.058930 0.173039
0.030722 0.058253 0.173354
0.038525 0.058813 0.169280
0.043403 0.060414 0.173944
0.042280 0.059975 0.174197
0.033944 0.060165 0.178065
0.038095 0.060708 0.180554
0.034563 0.059602 0.175557
0.039035 0.059327 0.169046
0.036165 0.060537 0.179739
0.039138 0.058717 0.172964
0.030653 0.058149 0.173113
0.034654 0.060181 0.178018
0.033680 0.059565 0.175516
0.038598 0.058447 0.171505
0.033311 0.059815 0.176876
0.039971 0.059511 0.170782
0.036236 0.059466 0.175245
0.037854 0.058025 0.171125
0.035376 0.056437 0.170507
0.042797 0.060224 0.174083
0.037586 0.060950 0.181137
0.037054 0.060553 0.179947
0.031520 0.059274 0.175881
0.036972 0.058045 0.171929
0.031911 0.059085 0.174978
0.039600 0.060284 0.179877
0.037165 0.060589 0.180199
0.034063 0.058617 0.172274
0.035303 0.060403 0.179086
0.033959 0.058657 0.172446
0.036635 0.057608 0.169637
0.031134 0.058500 0.173816
0.035277 0.059136 0.173670
0.038400 0.058748 0.168868
0.030859 0.058612 0.174402
0.036739 0.057366 0.171729
0.041659 0.059858 0.175305
0.036949 0.058781 0.173411
0.035120 0.056673 0.170684
0.039316 0.060549 0.180388
0.036048 0.056718 0.171329
0.044314 0.061009 0.175314
0.038562 0.060262 0.179700
0.036932 0.057609 0.170210
0.036540 0.057350 0.170032
0.044008 0.060645 0.176169
0.030868 0.057919 0.172199
0.033651 0.060163 0.178152
0.042517 0.060130 0.173837
0.042822 0.060062 0.176657
0.036267 0.059961 0.177113
0.034342 0.056623 0.170644
0.034504 0.059155 0.173774
0.042460 0.060324 0.171944
0.041779 0.059947 0.177266
0.032096 0.058516 0.172940
0.040592 0.059577 0.171960
0.036847 0.059439 0.175526
0.038948 0.058800 0.173195
0.033769 0.057590 0.170875
0.038095 0.060708 0.180554
0.034075 0.059087 0.173671
0.038295 0.058809 0.173564
0.030606 0.057549 0.171579
0.038495 0.060465 0.180148
0.038871 0.058761 0.170915
0.041484 0.059943 0.177993
0.039650 0.059438 0.175332
0.040586 0.059791 0.171014
0.039366 0.061034 0.181272
0.037762 0.061227 0.181553
0.038857 0.058722 0.171125
0.034100 0.057758 0.171128
0.032517 0.057704 0.170777
0.035849 0.060339 0.178679
0.037624 0.058075 0.172028
0.038742 0.059220 0.168611
0.035272 0.057490 0.171304
0.034137 0.057877 0.171272
0.034056 0.058185 0.171495
0.035931 0.058645 0.172934
0.043827 0.060617 0.174155
0.041234 0.060152 0.170688
0.035481 0.059321 0.174485
0.030879 0.058724 0.174708
0.037996 0.058869 0.173663
0.035432 0.058523 0.172345
0.038698 0.059259 0.174815
0.042204 0.060009 0.174789
0.043034 0.060247 0.174357
0.034517 0.059293 0.174312
0.039230 0.058755 0.171364
0.034530 0.060065 0.177432
0.035413 0.059262 0.174224
0.031973 0.058091 0.171770
0.040141 0.060210 0.179914
0.034939 0.058995 0.173294
0.031989 0.058785 0.173943
0.033837 0.056941 0.170607
0.039152 0.059024 0.173761
0.033841 0.059336 0.174687
0.038287 0.059099 0.174328
0.031809 0.059588 0.176776
0.038067 0.058173 0.169993
0.037636 0.058737 0.173174
0.039307 0.059226 0.174593
0.036898 0.058897 0.173785
0.037942 0.057937 0.171355
0.033209 0.058470 0.172137
0.040254 0.059616 0.171008
0.044522 0.060746 0.176971
0.036920 0.058996 0.174100
0.037166 0.059487 0.175660
0.037112 0.059839 0.176981
0.031669 0.058001 0.171785
0.039051 0.059218 0.169235
0.041991 0.059945 0.174698
0.031280 0.058345 0.173088
0.039728 0.059541 0.176064
0.036535 0.059461 0.175399
0.043743 0.060457 0.175178
0.040266 0.059379 0.174438
0.035705 0.059449 0.174939
0.034440 0.060363 0.178753
0.042719 0.060180 0.174312
0.041248 0.059695 0.173921
0.032820 0.059225 0.174582
0.040965 0.060018 0.178331
0.032495 0.058019 0.171236
0.032297 0.058908 0.173995
0.039007 0.059657 0.176372
0.039835 0.060460 0.180461
0.037295 0.060025 0.177822
0.037495 0.057716 0.171198
0.038845 0.058676 0.171930
0.039187 0.058942 0.170667
0.042412 0.060020 0.175464
0.035148 0.056957 0.170876
0.036165 0.060102 0.177532
0.033540 0.057813 0.170952
0.035376 0.056437 0.170507
0.039126 0.060139 0.179290
0.035560 0.058815 0.172970
0.039206 0.060071 0.178884
0.035297 0.058475 0.172155
0.036820 0.058625 0.172920
0.036898 0.058897 0.173785
0.030229 0.058997 0.176019
0.035843 0.060177 0.177928
0.039289 0.058828 0.172414
0.034934 0.058505 0.172106
0.040101 0.060273 0.180123
0.037054 0.060666 0.180503
0.036472 0.060491 0.179533
0.036277 0.058295 0.172711
0.039781 0.059468 0.170453
0.036571 0.057088 0.171568
0.033142 0.059350 0.174862
0.042227 0.060026 0.175095
0.041958 0.059921 0.175825
0.043871 0.060500 0.176214
0.039930 0.059087 0.172561
0.030656 0.058314 0.173626
0.032369 0.059416 0.175744
0.032228 0.059211 0.175134
0.032518 0.059494 0.176014
0.035436 0.060280 0.178463
0.038443 0.058694 0.172805
0.038680 0.058482 0.171375
0.035888 0.058099 0.171956
0.032746 0.058081 0.171153
0.044349 0.060275 0.177229
0.038678 0.061254 0.181440
0.030556 0.057906 0.172540
0.038346 0.060266 0.179471
0.039501 0.059325 0.170216
0.038699 0.058412 0.170368
0.034032 0.057583 0.170943
0.031905 0.059132 0.175146
0.039285 0.059388 0.169478
0.036250 0.056737 0.170741
0.035497 0.059945 0.176870
0.035105 0.059943 0.176930
0.035026 0.057741 0.171374
0.038299 0.059113 0.174528
0.042282 0.060006 0.174482
0.037689 0.057918 0.171207
0.032533 0.058208 0.171584
0.033296 0.058965 0.173478
0.042138 0.060005 0.175268
0.038682 0.058581 0.172280
0.036242 0.059723 0.176197
0.037212 0.060320 0.178791
0.038200 0.059288 0.175338
0.030352 0.058875 0.175420
0.035686 0.059224 0.174060
0.030914 0.058077 0.172678
0.042452 0.060065 0.174218
0.032120 0.059834 0.177609
0.033155 0.059223 0.174365
0.032684 0.058998 0.173931
0.034342 0.056623 0.170644
0.039769 0.060346 0.180130
0.031552 0.059023 0.175102
0.038278 0.061198 0.181368
0.036213 0.060435 0.179142
0.033451 0.059713 0.176335
0.038822 0.058638 0.170525
0.039378 0.058882 0.173317
0.032684 0.058998 0.173931
0.043934 0.060086 0.177511
0.037025 0.056937 0.171356
0.038984 0.058755 0.172531
0.037051 0.060489 0.179658
0.033491 0.057613 0.170789
0.042735 0.060109 0.175047
0.032797 0.058253 0.171554
0.034249 0.059852 0.176729
0.035712 0.060153 0.177789
0.031552 0.059023 0.175102
0.030785 0.057708 0.171778
0.041892 0.059928 0.173440
0.032780 0.058281 0.171757
0.034275 0.058531 0.172050
0.041561 0.060115 0.171300
0.035422 0.058773 0.172813
0.042496 0.060145 0.173266
0.031539 0.058603 0.173750
0.031817 0.059165 0.175331
0.036743 0.059899 0.177133
0.042389 0.060039 0.173939
0.040014 0.059765 0.176456
0.032746 0.058181 0.171419
0.037907 0.061026 0.181091
0.031992 0.058269 0.172344
0.031554 0.059546 0.176825
0.030793 0.058091 0.172821
0.037433 0.059859 0.177027
0.042404 0.059846 0.179377
0.036580 0.057219 0.170328
0.037349 0.060482 0.179717
0.039830 0.059841 0.169312
0.032048 0.059493 0.176292
0.039371 0.059057 0.170899
0.039730 0.058902 0.172737
0.032971 0.058767 0.173084
0.042164 0.059922 0.173952
0.040162 0.059232 0.173375
0.037160 0.057904 0.171820
0.041964 0.060014 0.172884
0.034894 0.060003 0.177113
0.038638 0.059072 0.168716
0.036250 0.056737 0.170741
0.038378 0.058420 0.171782
0.037752 0.058253 0.172167
0.035893 0.056495 0.170244
0.037520 0.060369 0.179284
0.032825 0.059299 0.174806
0.042241 0.060039 0.173329
0.042824 0.060109 0.175576
0.035603 0.059786 0.176274
0.033260 0.058612 0.172481
0.030875 0.057592 0.171596
0.038651 0.061061 0.181055
0.035271 0.059656 0.175585
0.039535 0.060192 0.179607
0.038822 0.058638 0.170525
0.034610 0.058539 0.172100
0.036949 0.060159 0.178262
0.032369 0.059561 0.176363
0.043076 0.060310 0.173937
0.034715 0.059919 0.176940
0.042507 0.060013 0.176480
0.035000 0.060202 0.178075
0.034321 0.058961 0.173292
0.043249 0.060294 0.174507
0.034135 0.059021 0.173449
0.038190 0.058183 0.170226
0.039396 0.060160 0.179395
0.032703 0.058546 0.172666
0.037458 0.060640 0.180391
0.036226 0.060351 0.178721
0.039461 0.059015 0.171375
0.043354 0.060343 0.174613
0.031811 0.057892 0.171472
0.041197 0.059827 0.175679
0.038935 0.058922 0.169577
0.040746 0.059405 0.173443
0.036105 0.060393 0.178895
0.030512 0.058534 0.174472
0.035853 0.058874 0.173250
0.037243 0.057857 0.169813
0.033248 0.058753 0.172912
0.040564 0.059713 0.171385
0.039263 0.058984 0.173502
0.036596 0.056894 0.171358
0.039372 0.059234 0.174848
0.040101 0.059944 0.169449
0.040057 0.059824 0.176775
0.036514 0.058525 0.172839
0.040388 0.060213 0.180154
0.038902 0.061151 0.181230
0.038849 0.061303 0.182083
0.038859 0.060189 0.179459
0.040305 0.059478 0.174793
0.042727 0.060121 0.174703
0.039166 0.059478 0.176066
0.037516 0.058903 0.173764
0.038682 0.061198 0.181265
0.035515 0.057270 0.171391
0.032207 0.058373 0.172492
0.040230 0.059331 0.171984
0.033215 0.058677 0.172704
0.032048 0.059369 0.175791
0.035716 0.057774 0.171810
0.039911 0.059391 0.171114
0.033301 0.059306 0.174536
0.039601 0.059331 0.174911
0.037460 0.057619 0.171066
0.038667 0.059827 0.177015
0.036029 0.056578 0.170700
0.037560 0.057803 0.171460
0.035963 0.059466 0.175087
0.040319 0.059969 0.177858
0.041075 0.059595 0.173726
0.034546 0.058424 0.171886
0.037358 0.060425 0.179460
0.041184 0.059627 0.174797
0.037918 0.059072 0.174269
0.043867 0.060549 0.174822
0.035963 0.059466 0.175087
0.044459 0.061708 0.176554
0.043591 0.060317 0.175389
0.032867 0.058935 0.173603
0.038059 0.060331 0.179587
0.030859 0.058612 0.174402
0.037979 0.058679 0.173039
0.039134 0.059039 0.169957
0.037035 0.057059 0.171096
0.031155 0.058647 0.174278
0.030237 0.058564 0.174698
0.041079 0.060043 0.179007
0.037830 0.058010 0.170545
0.035217 0.059765 0.176242
0.037061 0.058717 0.173145
0.037262 0.058936 0.173953
0.037840 0.058284 0.169429
0.033887 0.060243 0.178423
0.036898 0.058897 0.173785
0.037419 0.060753 0.180698
0.044044 0.060706 0.176002
0.035095 0.057542 0.171228
0.037217 0.058019 0.169467
0.033683 0.058242 0.171482
0.039160 0.059535 0.168870
0.038396 0.058231 0.170615
0.039556 0.059519 0.169764
0.031541 0.057778 0.171463
0.035098 0.059141 0.173799
0.039801 0.059970 0.178035
0.034824 0.058919 0.173085
0.031142 0.057547 0.171159
0.040919 0.059935 0.171015
0.033533 0.058699 0.172548
0.033169 0.059635 0.176157
0.043907 0.060565 0.175565
0.039787 0.058958 0.172382
0.038032 0.058373 0.172096
0.042868 0.059953 0.177869
0.033252 0.060168 0.178393
0.034015 0.059582 0.175513
0.038632 0.058866 0.173431
0.035167 0.060099 0.177448
0.031486 0.059091 0.175403
0.039262 0.059814 0.176846
0.039440 0.059364 0.169953
0.033772 0.057842 0.171099
0.032496 0.059332 0.175275
0.038924 0.058748 0.170631
0.033081 0.059011 0.173680
0.044052 0.060639 0.176358
0.032112 0.058228 0.172197
0.037207 0.059951 0.177661
0.038242 0.058198 0.170421
0.032624 0.058421 0.172325
0.038641 0.058363 0.170801
0.038294 0.060328 0.179806
0.036409 0.060593 0.180060
0.036650 0.057119 0.170573
0.043968 0.060649 0.175838
0.041055 0.059874 0.177310
0.032982 0.059931 0.177461
0.037765 0.059859 0.177075
0.038923 0.058787 0.170244
0.036452 0.058411 0.172766
0.040340 0.059488 0.171681
0.043612 0.059966 0.177708
0.043231 0.060399 0.173268
0.033179 0.059526 0.175528
0.033200 0.059898 0.177208
0.036579 0.059519 0.175718
0.038066 0.059204 0.174733
0.036465 0.057419 0.171904
0.038953 0.059789 0.176774
0.035906 0.057099 0.171584
0.036234 0.058333 0.172544
0.033452 0.059007 0.173629
0.034279 0.059886 0.176869
0.042599 0.059948 0.177900
0.043449 0.060235 0.175637
0.034248 0.060150 0.178001
0.037789 0.058035 0.169737
0.041686 0.059832 0.175068
0.037564 0.058094 0.172165
0.035752 0.060533 0.179683
0.035901 0.059861 0.176755
0.034808 0.056874 0.170701
0.034698 0.058852 0.172865
0.035550 0.059307 0.174617
0.040979 0.059584 0.173931
0.037828 0.058037 0.169886
0.037473 0.058032 0.171883
0.034084 0.060337 0.178749
0.036438 0.056929 0.169973
0.041816 0.059918 0.175815
0.037170 0.060799 0.180890
0.035957 0.060130 0.177630
0.033437 0.059508 0.175410
0.038379 0.058630 0.169521
0.042304 0.059960 0.175919
0.043167 0.060165 0.176402
0.038601 0.058726 0.173101
0.039153 0.059878 0.177523
0.041237 0.060017 0.179444
0.041079 0.060043 0.179007
0.032532 0.058874 0.173648
0.037719 0.060202 0.178644
0.044182 0.060390 0.176915
0.038286 0.060208 0.179103
0.042916 0.060286 0.173293
0.041720 0.059928 0.179660
0.039266 0.059089 0.174265
0.040868 0.060006 0.170677
0.041171 0.059962 0.178034
0.032473 0.059817 0.177360
0.035326 0.059914 0.176708
0.036650 0.057119 0.170573
0.044253 0.060889 0.175091
0.030416 0.058272 0.173713
0.032266 0.059723 0.177054
0.038061 0.058452 0.169225
0.037214 0.059668 0.176348
0.031275 0.058753 0.174461
0.033521 0.058409 0.171869
0.039608 0.059876 0.177448
0.038133 0.058218 0.169875
0.038243 0.058601 0.169304
0.037243 0.057857 0.169813
0.034422 0.059714 0.175955
0.034609 0.058220 0.171711
0.038711 0.058654 0.171024
0.038100 0.058252 0.171701
0.033965 0.058979 0.173368
0.035040 0.060050 0.177287
0.040279 0.060557 0.180948
0.030371 0.058700 0.174966
0.040133 0.059291 0.174235
0.041442 0.059627 0.174659
0.044002 0.062047 0.176073
0.038140 0.059009 0.174046
0.032875 0.059747 0.176793
0.032137 0.059027 0.174581
0.038062 0.059510 0.176008
0.036840 0.060419 0.179189
0.039082 0.059292 0.174930
0.032378 0.059456 0.175916
0.038766 0.059856 0.177516
0.034211 0.060045 0.177493
0.037286 0.058866 0.173609
0.042517 0.060282 0.172337
0.033655 0.060087 0.177784
0.039878 0.059878 0.177319
0.033772 0.059777 0.176540
0.037117 0.059364 0.175313
0.037898 0.060523 0.180226
0.030231 0.058923 0.175705
0.040677 0.059998 0.170309
0.037098 0.059139 0.174496
0.035115 0.056383 0.170524
0.034989 0.059087 0.173590
0.031252 0.059036 0.175410
0.038054 0.058748 0.173199
0.040918 0.059840 0.171359
0.037373 0.060232 0.178548
0.039925 0.059235 0.171703
0.043033 0.060378 0.172952
0.032111 0.057711 0.170845
0.036540 0.057350 0.170032
0.040690 0.060032 0.178503
0.040936 0.060034 0.179667
0.031202 0.059460 0.176867
0.037809 0.057996 0.170847
0.032858 0.059556 0.176004
0.038497 0.059293 0.175021
0.036102 0.059215 0.174305
0.039262 0.059814 0.176846
0.039430 0.059605 0.176257
0.036871 0.059095 0.174392
0.039033 0.058976 0.169744
0.038039 0.058110 0.170667
0.040614 0.059660 0.171802
0.037355 0.059022 0.174264
0.037074 0.059044 0.174242
0.039187 0.058942 0.170667
0.035063 0.058590 0.172401
0.033636 0.058509 0.172034
0.034805 0.060343 0.178702
0.038324 0.058658 0.172998
0.032289 0.059045 0.174460
0.039733 0.059874 0.177282
0.042990 0.060063 0.176979
0.044200 0.060990 0.174634
0.037700 0.059557 0.176065
0.039510 0.059969 0.168425
0.037904 0.059888 0.177400
0.036665 0.059111 0.174303
0.040942 0.059651 0.172393
0.037473 0.058155 0.169269
0.039079 0.059132 0.169502
0.035667 0.059966 0.177000
0.035154 0.058348 0.171989
0.042737 0.060201 0.173811
0.038488 0.059014 0.173994
0.038081 0.058177 0.171333
0.037192 0.057318 0.171252
0.041770 0.059917 0.175104
0.033636 0.058509 0.172034
0.037112 0.059839 0.176981
0.033429 0.058600 0.172329
0.040685 0.059527 0.172313
0.034769 0.059451 0.174795
0.034844 0.059336 0.174392
0.031773 0.059244 0.175650
0.033993 0.058780 0.172714
0.033841 0.059336 0.174687
0.039040 0.059577 0.168526
0.044029 0.060653 0.175028
0.042061 0.059924 0.179109
0.041924 0.059953 0.176540
0.036684 0.059033 0.174030
0.038700 0.059903 0.177849
0.038352 0.058286 0.171486
0.037635 0.057894 0.170321
0.033938 0.058547 0.172061
0.036396 0.056633 0.170131
0.034796 0.059881 0.176630
0.033016 0.059683 0.176456
0.035919 0.059641 0.175787
0.030903 0.058952 0.175352
0.038350 0.059194 0.174664
0.032873 0.058524 0.172507
0.036179 0.056714 0.170500
0.035992 0.059788 0.176385
0.037083 0.060346 0.178805
0.030433 0.058363 0.174039
0.041562 0.059758 0.174120
0.039467 0.059977 0.178208
0.040743 0.060119 0.180350
0.041207 0.059913 0.177702
0.032786 0.059703 0.176663
0.039563 0.059019 0.173078
0.037516 0.058903 0.173764
0.042421 0.060000 0.177457
0.038257 0.059408 0.175643
0.038462 0.058612 0.173044
0.031203 0.057819 0.171796
0.035119 0.060468 0.179339
0.036725 0.059571 0.175939
0.036110 0.056753 0.171152
0.037592 0.060735 0.180578
0.031845 0.059648 0.177004
0.042974 0.059915 0.178507
0.030585 0.057820 0.172319
0.039613 0.059799 0.169071
0.036018 0.059966 0.177005
0.036630 0.056917 0.170829
0.040874 0.059534 0.174078
0.035111 0.059471 0.174849
0.040101 0.060273 0.180123
0.041427 0.059885 0.176205
0.039637 0.059846 0.177101
0.036702 0.058199 0.172011
0.037965 0.058045 0.170352
0.039305 0.059852 0.177158
0.035413 0.059262 0.174224
0.033152 0.059448 0.175210
0.034805 0.060343 0.178702
0.037339 0.057590 0.170661
0.033502 0.059651 0.175988
0.040177 0.060001 0.178194
0.037735 0.060425 0.179794
0.035829 0.059563 0.175455
0.039748 0.058913 0.172556
0.038306 0.059734 0.176706
0.039444 0.060691 0.180697
0.040551 0.059861 0.170663
0.042157 0.059918 0.178690
0.035714 0.060219 0.178105
0.036031 0.060635 0.180257
0.037250 0.058143 0.169294
0.040302 0.059773 0.176301
0.032347 0.059645 0.176681
0.039621 0.059472 0.175585
0.040809 0.059952 0.177983
0.037070 0.057673 0.171804
0.033667 0.057325 0.170722
0.037966 0.058162 0.171445
0.035107 0.057921 0.171672
0.036383 0.059131 0.174154
0.038504 0.058689 0.169637
0.042579 0.060161 0.173520
0.035341 0.056999 0.171104
0.036976 0.056832 0.171378
0.038021 0.058968 0.173953
0.043231 0.059975 0.177590
0.030272 0.059062 0.176338
0.038851 0.060263 0.179765
0.035425 0.060571 0.179852
0.038723 0.058953 0.173609
0.035974 0.058343 0.172345
0.036202 0.059554 0.175585
0.037161 0.058103 0.169282
0.031837 0.057670 0.170902
0.037967 0.058209 0.169723
0.040458 0.060032 0.178674
0.031772 0.058223 0.172449
0.040915 0.060045 0.179093
0.033311 0.059815 0.176876
0.041880 0.060239 0.171274
0.037214 0.059668 0.176348
0.044286 0.061009 0.175543
0.040746 0.059405 0.173443
0.036396 0.056633 0.170131
0.030665 0.058469 0.174217
0.038160 0.058574 0.169169
0.039794 0.059089 0.171985
0.036975 0.059728 0.176543
0.038104 0.059142 0.174518
0.043329 0.060212 0.175293
0.034594 0.060401 0.178934
0.033271 0.059054 0.173816
0.035945 0.059725 0.176111
0.038740 0.059697 0.176555
0.041462 0.059823 0.172822
0.034331 0.058232 0.171607
0.042149 0.059875 0.179585
0.036283 0.057008 0.171600
0.038696 0.058968 0.169201
0.034754 0.059585 0.175353
0.032348 0.057845 0.171068
0.032495 0.059077 0.174371
0.032314 0.058478 0.172735
0.037786 0.057925 0.171346
0.039556 0.059519 0.169764
0.032867 0.058935 0.173603
0.042584 0.059993 0.177583
0.035174 0.060353 0.178802
0.040723 0.059446 0.173029
0.032359 0.058109 0.171478
0.033941 0.059118 0.173873
0.032221 0.059455 0.176026
0.039416 0.060408 0.180129
0.039024 0.058669 0.171780
0.030699 0.058094 0.172921
0.038656 0.058537 0.170937
0.036303 0.056810 0.171353
0.038337 0.058515 0.172039
0.036190 0.059851 0.176721
0.034364 0.059772 0.176217
0.033532 0.058781 0.172941
0.042041 0.060059 0.172369
0.041694 0.059898 0.175786
0.040120 0.059321 0.174603
0.034395 0.059565 0.175350
0.038095 0.060708 0.180554
0.038567 0.058954 0.168678
0.041963 0.060019 0.172659
0.041184 0.059627 0.174797
0.032044 0.058331 0.172522
0.044332 0.061260 0.175415
0.039628 0.058860 0.172923
0.034323 0.060332 0.178600
0.038239 0.059875 0.177517
0.036852 0.059663 0.176429
0.044044 0.060714 0.174692
0.036224 0.059628 0.175916
0.043580 0.060444 0.174766
0.035633 0.058628 0.172701
0.039168 0.058833 0.171243
0.037160 0.057904 0.171820
0.031809 0.058159 0.172094
0.040927 0.059647 0.175154
0.034497 0.058937 0.173133
0.044160 0.060780 0.175355
0.039349 0.058881 0.171582
0.037320 0.058773 0.173270
0.037942 0.060074 0.178329
0.039642 0.059183 0.174074
0.032413 0.058174 0.171558
0.044218 0.060907 0.174876
0.041172 0.059731 0.172544
0.039613 0.059912 0.168753
0.033246 0.059095 0.173960
0.036283 0.057008 0.171600
0.034573 0.059857 0.176572
0.039912 0.059941 0.177711
0.037303 0.059270 0.175006
0.036411 0.056863 0.170444
0.037288 0.060125 0.178147
0.038570 0.058735 0.172634
0.044071 0.061862 0.175422
0.038032 0.058373 0.172096
0.031222 0.059264 0.176088
0.037910 0.059392 0.175550
0.038595 0.059567 0.176264
0.040164 0.059877 0.177121
0.033735 0.059427 0.174878
0.032123 0.058018 0.171499
0.035603 0.059553 0.175271
0.038908 0.059210 0.174578
0.044218 0.061571 0.175697
0.037054 0.060666 0.180503
0.036212 0.059204 0.174530
0.036424 0.056917 0.171439
0.037534 0.057747 0.171002
0.035252 0.060014 0.177113
0.043370 0.060431 0.173589
0.033471 0.058031 0.171171
0.030208 0.058749 0.175174
0.037064 0.057233 0.171449
0.039490 0.058822 0.172817
0.035802 0.060060 0.177316
0.036070 0.060245 0.178454
0.033647 0.057048 0.170615
0.041979 0.059995 0.173083
0.036402 0.060393 0.178872
0.036437 0.060323 0.178644
0.036721 0.058230 0.172047
0.042229 0.060010 0.173652
0.036989 0.059835 0.176979
0.038995 0.060046 0.178614
0.032416 0.058613 0.172986
0.043479 0.060420 0.174554
0.038915 0.060513 0.180227
0.038471 0.058297 0.170972
0.037571 0.060052 0.177983
0.034822 0.056572 0.170574
0.035622 0.060250 0.178250
0.036682 0.060356 0.178796
0.043126 0.060465 0.172629
0.034982 0.058728 0.172644
0.041276 0.059740 0.175164
0.035405 0.060477 0.179365
0.037910 0.058242 0.171690
0.035624 0.058145 0.171954
0.039566 0.059632 0.169448
0.037560 0.057803 0.171460
0.032495 0.058019 0.171236
0.040150 0.059527 0.175169
0.035094 0.059226 0.174004
0.038766 0.059088 0.174108
0.039793 0.059128 0.173206
0.037971 0.059638 0.176401
0.032863 0.059449 0.175394
0.032319 0.059006 0.174299
0.039875 0.059178 0.173543
0.041898 0.060184 0.171599
0.036165 0.060102 0.177532
0.030656 0.058314 0.173626
0.037292 0.057716 0.170218
0.040293 0.059625 0.175541
0.034466 0.060124 0.177736
0.036983 0.059291 0.175006
0.038635 0.058620 0.172096
0.036273 0.057254 0.171836
0.033014 0.057799 0.170829
0.041312 0.059912 0.177191
0.035431 0.057809 0.171731
0.035694 0.060495 0.179412
0.040631 0.059459 0.174287
0.032087 0.058929 0.174251
0.036552 0.060432 0.179062
0.030838 0.057474 0.171312
0.040479 0.060063 0.179069
0.036807 0.060562 0.180034
0.041294 0.059741 0.172894
0.037756 0.060815 0.180792
0.036075 0.060064 0.177320
0.037998 0.058542 0.172649
0.043667 0.060208 0.176835
0.031179 0.058590 0.174041
0.032584 0.059659 0.176603
0.032853 0.057628 0.170715
0.036402 0.060393 0.178872
0.038315 0.058376 0.170054
0.031857 0.058879 0.174325
0.041173 0.059893 0.176906
0.042654 0.059909 0.178175
0.039206 0.059197 0.169770
0.036201 0.059065 0.173928
0.038505 0.059316 0.175325
0.039504 0.059912 0.177780
0.035888 0.058099 0.171956
0.039600 0.060284 0.179877
0.036817 0.058741 0.173369
0.031793 0.058377 0.172870
0.041965 0.060135 0.171969
0.037393 0.059563 0.175958
0.038781 0.060078 0.178798
0.036068 0.059758 0.176226
0.036437 0.060323 0.178644
0.040528 0.059900 0.177193
0.043473 0.060495 0.173309
0.037440 0.058907 0.174083
0.042527 0.060116 0.174195
0.038525 0.058813 0.169280
0.031490 0.058116 0.172253
0.040746 0.059405 0.173443
0.037112 0.057508 0.170518
0.035560 0.058815 0.172970
0.031422 0.058931 0.174886
0.042527 0.060116 0.174195
0.040072 0.060089 0.179085
0.042529 0.060093 0.174572
0.036788 0.058313 0.172195
0.032386 0.058340 0.172341
0.037807 0.057969 0.170129
0.037065 0.059596 0.176005
0.036895 0.060734 0.180718
0.032178 0.058630 0.173133
0.037663 0.057911 0.171089
0.036226 0.060351 0.178721
0.043429 0.060391 0.174692
0.039796 0.060028 0.178422
0.032884 0.059505 0.175664
0.044104 0.060573 0.176630
0.037904 0.059762 0.176746
0.031317 0.057875 0.171785
0.037665 0.059980 0.177722
0.042220 0.059898 0.178236
0.032418 0.057933 0.171239
0.031309 0.058299 0.172924
0.040072 0.059395 0.171460
0.041073 0.059584 0.173109
0.035205 0.058872 0.172994
0.037597 0.059087 0.174455
0.041678 0.059933 0.176927
0.042651 0.060022 0.175791
0.040407 0.059337 0.172852
0.032699 0.057876 0.170947
0.043407 0.059988 0.178422
0.037446 0.059433 0.175586
0.038104 0.059142 0.174518
0.043479 0.060420 0.174554
0.040851 0.059544 0.174616
0.035454 0.059101 0.173532
0.042403 0.060001 0.177243
0.044332 0.061260 0.175415
0.035812 0.059023 0.173512
0.040307 0.059367 0.174269
0.030585 0.059108 0.176089
0.035556 0.060120 0.177528
0.041652 0.059860 0.174790
0.039696 0.059350 0.175150
0.038469 0.060118 0.178879
0.030450 0.058057 0.173068
0.035624 0.058145 0.171954
0.043039 0.060165 0.175390
0.032550 0.059264 0.174987
0.038894 0.061250 0.181595
0.040522 0.059640 0.171648
0.034658 0.059369 0.174563
0.038261 0.058736 0.173232
0.034935 0.059896 0.176713
0.034022 0.059801 0.176577
0.041459 0.059931 0.171996
0.041924 0.059934 0.176142
0.032119 0.057864 0.171206
0.037606 0.060431 0.179649
0.036223 0.058564 0.172932
0.039346 0.058873 0.172122
0.039138 0.058717 0.172964
0.039771 0.059541 0.175843
0.037497 0.059311 0.175257
0.031203 0.059361 0.176458
0.037840 0.058284 0.169429
0.032220 0.058777 0.173621
0.033157 0.059754 0.176661
0.040125 0.059224 0.172867
0.034066 0.059771 0.176395
0.041189 0.059966 0.180384
0.035269 0.060258 0.178361
0.035391 0.059716 0.175821
0.034534 0.056776 0.170643
0.039386 0.060050 0.178628
0.040528 0.059900 0.177193
0.031050 0.058050 0.172432
0.034009 0.058333 0.171644
0.038601 0.058726 0.173101
0.044001 0.060838 0.173966
0.032054 0.059187 0.175208
0.043397 0.060294 0.175012
0.043870 0.060684 0.173947
0.038569 0.058881 0.168836
0.040123 0.059915 0.177475
0.033197 0.057613 0.170725
0.035188 0.059064 0.173486
0.034595 0.059823 0.176360
0.036361 0.060667 0.180410
0.033837 0.056941 0.170607
0.033725 0.059035 0.173580
0.037615 0.057924 0.169956
0.035931 0.058645 0.172934
0.037746 0.059144 0.174605
0.038875 0.059335 0.168653
0.031474 0.058042 0.172001
0.037665 0.058621 0.172900
0.034216 0.058393 0.171800
0.039511 0.059245 0.170553
0.033311 0.059815 0.176876
0.036234 0.058333 0.172544
0.037375 0.059146 0.174603
0.032119 0.057864 0.171206
0.036324 0.060259 0.178465
0.033828 0.060274 0.178644
0.033430 0.059446 0.175059
0.033885 0.059844 0.176766
0.034684 0.059336 0.174419
0.036501 0.057206 0.171762
0.039426 0.059494 0.175807
0.040570 0.060105 0.179723
0.039160 0.059535 0.168870
0.032562 0.059829 0.177366
0.042588 0.060190 0.173191
0.040405 0.059308 0.173683
0.034594 0.059499 0.175009
0.032679 0.059486 0.175820
0.039229 0.058778 0.172726
0.032764 0.059934 0.177627
0.033111 0.058497 0.172267
0.041430 0.059970 0.171649
0.032858 0.059353 0.175064
0.038144 0.058464 0.169489
0.037488 0.058604 0.172735
0.031460 0.059166 0.175641
0.039889 0.059203 0.174183
0.032228 0.059211 0.175134
0.037294 0.057492 0.171161
0.032779 0.058751 0.173145
0.032313 0.057732 0.170817
0.036556 0.058361 0.172316
0.032894 0.059582 0.176199
0.032825 0.059299 0.174806
0.032300 0.058177 0.171792
0.039347 0.058865 0.171873
0.033033 0.059072 0.174022
0.038128 0.060897 0.180868
0.034841 0.060080 0.177392
0.042178 0.059969 0.176863
0.041477 0.059884 0.172364
0.038261 0.058736 0.173232
0.038485 0.058309 0.171237
0.039839 0.059443 0.175143
0.036737 0.060545 0.179867
0.032654 0.059633 0.176476
0.033001 0.058678 0.172834
0.040014 0.059765 0.176456
0.032533 0.058299 0.172067
0.043871 0.060571 0.174595
0.039527 0.058791 0.172585
0.039240 0.058769 0.171699
0.036698 0.057602 0.169963
0.036031 0.060635 0.180257
0.037845 0.059290 0.175224
0.038398 0.058691 0.172487
0.032316 0.059350 0.175523
0.038802 0.058545 0.171472
0.032934 0.060111 0.178286
0.034641 0.059755 0.176002
0.034048 0.059523 0.175173
0.032689 0.058787 0.173295
0.038742 0.059220 0.168611
0.031772 0.058223 0.172449
0.032863 0.059449 0.175394
0.040429 0.059868 0.176782
0.041256 0.059942 0.180077
0.044349 0.060275 0.177229
0.038865 0.059126 0.169105
0.031271 0.058824 0.174669
0.042245 0.060192 0.172214
0.034648 0.059005 0.173396
0.036389 0.060033 0.177391
0.036113 0.059784 0.176560
0.040542 0.059474 0.174573
0.041276 0.059740 0.175164
0.039376 0.059057 0.173635
0.033073 0.058380 0.171981
0.035715 0.059324 0.174608
0.042831 0.060072 0.176329
0.038762 0.059228 0.174680
0.038501 0.058897 0.173739
0.032861 0.058423 0.172157
0.037016 0.056835 0.171274
0.034257 0.058700 0.172575
0.034658 0.059369 0.174563
0.034750 0.060440 0.179193
0.035091 0.060274 0.178447
0.037117 0.059364 0.175313
0.031491 0.057651 0.171098
0.036807 0.060562 0.180034
0.041323 0.059900 0.176809
0.041171 0.059594 0.174493
0.040309 0.060016 0.178425
0.035888 0.060371 0.178965
0.031196 0.058822 0.174730
0.037793 0.058147 0.171841
0.032730 0.059909 0.177554
0.040077 0.059734 0.170113
0.034361 0.060418 0.179072
0.030957 0.058525 0.174084
0.044317 0.060734 0.176755
0.035556 0.060120 0.177528
0.035471 0.060007 0.177255
0.039691 0.059322 0.170800
0.038032 0.058373 0.172096
0.040293 0.059625 0.175541
0.041933 0.059971 0.175211
0.036592 0.058732 0.173346
0.038314 0.058199 0.171145
0.033535 0.059873 0.176941
0.036948 0.057195 0.170730
0.036135 0.056749 0.170948
0.041245 0.059949 0.171496
0.035376 0.058073 0.171906
0.037521 0.058002 0.172046
0.033861 0.058848 0.173106
0.030898 0.059247 0.176319
0.038695 0.060388 0.179989
0.031291 0.057697 0.171403
0.036218 0.058770 0.173256
0.037587 0.059657 0.176368
0.032798 0.059055 0.174048
0.033776 0.058810 0.172875
0.031297 0.057621 0.171163
0.036952 0.059961 0.177450
0.038462 0.058612 0.173044
0.032648 0.059753 0.176958
0.034413 0.057652 0.171121
0.037590 0.058984 0.174119
0.040252 0.060150 0.179700
0.036420 0.059901 0.176923
0.037473 0.058155 0.169269
0.032495 0.059077 0.174371
0.041491 0.059924 0.177418
0.040936 0.059543 0.174334
0.036482 0.060514 0.179822
0.041644 0.059743 0.174295
0.037041 0.060087 0.177989
0.036234 0.058062 0.171978
0.033792 0.059674 0.176010
0.043449 0.060235 0.175637
0.032106 0.058198 0.171999
0.041063 0.059766 0.175560
0.039728 0.059541 0.176064
0.039183 0.060325 0.179886
0.043601 0.060318 0.176048
0.039074 0.058679 0.171554
0.041001 0.059606 0.172777
0.033571 0.060201 0.178446
0.036005 0.059185 0.174091
0.032469 0.059111 0.174535
0.030585 0.057820 0.172319
0.036613 0.059729 0.176422
0.037320 0.058773 0.173270
0.037482 0.060817 0.181021
0.032468 0.059898 0.177688
0.042754 0.060394 0.172243
0.040899 0.060018 0.180007
0.039134 0.059039 0.169957
0.030582 0.059184 0.176461
0.042731 0.060109 0.175304
0.038613 0.058969 0.168916
0.041700 0.059988 0.178706
0.032318 0.057993 0.171336
0.031622 0.059177 0.175524
0.041870 0.059929 0.177986
0.032282 0.059133 0.174815
0.034827 0.058047 0.171585
0.038366 0.058730 0.173404
0.036890 0.060040 0.177763
0.041141 0.059823 0.175714
0.037909 0.057996 0.171415
0.038348 0.059483 0.176083
0.032316 0.059350 0.175523
0.038385 0.060608 0.180374
0.035299 0.058710 0.172703
0.040844 0.060149 0.170029
0.034759 0.058563 0.172272
0.043780 0.060465 0.175819
0.038246 0.058410 0.169807
0.037448 0.058338 0.172348
0.039360 0.059367 0.169747
0.044271 0.060875 0.176483
0.035593 0.056481 0.170506
0.038885 0.058702 0.172598
0.038699 0.058695 0.172468
0.040696 0.059656 0.175504
0.043827 0.060617 0.174155
0.030379 0.058161 0.173406
0.031547 0.057821 0.171596
0.043871 0.060500 0.176214
0.035480 0.059868 0.176544
0.035779 0.060098 0.177475
0.042960 0.060091 0.176059
0.032481 0.059010 0.174112
0.031241 0.058063 0.172382
0.037947 0.058796 0.173365
0.040754 0.059716 0.171693
0.038655 0.059431 0.175665
0.039793 0.059128 0.173206
0.041630 0.059852 0.173217
0.034938 0.060404 0.179022
0.043039 0.060165 0.175390
0.039413 0.059136 0.170688
0.033429 0.058600 0.172329
0.039205 0.060009 0.178341
0.039308 0.059071 0.173902
0.042391 0.060169 0.172590
0.033776 0.058810 0.172875
0.037719 0.058016 0.171602
0.037211 0.059772 0.176745
0.037986 0.058254 0.171563
0.044286 0.061009 0.175543
0.035040 0.060050 0.177287
0.041965 0.060135 0.171969
0.038827 0.058993 0.169379
0.034769 0.059451 0.174795
0.036048 0.059231 0.174480
0.039398 0.059455 0.175466
0.036036 0.059326 0.174711
0.034077 0.059707 0.176101
0.033836 0.058802 0.172739
0.034248 0.060150 0.178001
0.036650 0.057119 0.170573
0.038601 0.060122 0.178954
0.037783 0.060672 0.180471
0.040495 0.059288 0.173510
0.036840 0.060419 0.179189
0.039444 0.060691 0.180697
0.031763 0.058596 0.173463
0.037587 0.059657 0.176368
0.043748 0.060532 0.174463
0.041763 0.059989 0.172364
0.044016 0.060623 0.175301
0.039578 0.059170 0.171122
0.037760 0.060371 0.179469
0.039263 0.058984 0.173502
0.043427 0.060503 0.173121
0.040428 0.059400 0.172132
0.031152 0.058193 0.172764
0.037384 0.058119 0.172118
0.039865 0.060195 0.179716
0.041192 0.059830 0.175842
0.031187 0.057998 0.172150
0.042041 0.060059 0.172369
0.037840 0.058284 0.169429
0.036538 0.057286 0.171886
0.038581 0.060008 0.178263
0.038976 0.060906 0.180869
0.036355 0.060495 0.179426
0.036571 0.057088 0.171568
0.038459 0.058325 0.170319
0.037641 0.057894 0.170597
0.040689 0.059836 0.176453
0.032757 0.059908 0.177535
0.032729 0.060013 0.177972
0.037564 0.058094 0.172165
0.030755 0.058411 0.173880
0.032387 0.058724 0.173306
0.031725 0.057796 0.171328
0.034648 0.059559 0.175203
0.034556 0.058080 0.171502
0.036559 0.060719 0.180693
0.035832 0.060541 0.179963
0.034864 0.059530 0.175053
0.036628 0.059330 0.175031
0.040386 0.059363 0.174068
0.035512 0.060198 0.177988
0.038635 0.058620 0.172096
0.036729 0.058831 0.173774
0.036396 0.056633 0.170131
0.037452 0.058647 0.172979
0.031585 0.057749 0.171323
0.032054 0.059187 0.175208
0.031090 0.057729 0.171662
0.037402 0.057841 0.171641
0.035401 0.059514 0.175040
0.044321 0.061188 0.175116
0.034394 0.059065 0.173585
0.042229 0.060010 0.173652
0.039637 0.059846 0.177101
0.035635 0.060431 0.179140
0.036904 0.057768 0.171889
0.038186 0.058577 0.169051
0.037477 0.060283 0.178914
0.034525 0.059983 0.177122
0.036380 0.059207 0.174517
0.037760 0.060371 0.179469
0.043647 0.060337 0.175550
0.036175 0.057536 0.171888
0.039035 0.059324 0.175060
0.034072 0.057319 0.170791
0.036916 0.059526 0.175758
0.038269 0.059936 0.177875
0.036110 0.056753 0.171152
0.040390 0.059837 0.170406
0.040936 0.059616 0.174893
0.035888 0.060371 0.178965
0.040824 0.059547 0.172592
0.033642 0.060235 0.178588
0.036865 0.059655 0.176257
0.042727 0.060121 0.174703
0.042496 0.060145 0.173266
0.034645 0.059441 0.174850
0.042874 0.060176 0.174523
0.031185 0.058933 0.175110
0.038638 0.059072 0.168716
0.040521 0.059918 0.177628
0.041333 0.059725 0.173156
0.037977 0.060144 0.178622
0.032092 0.059760 0.177298
0.039643 0.059277 0.174484
0.037384 0.058119 0.172118
0.033104 0.059312 0.174645
0.038800 0.058606 0.170779
0.030688 0.058763 0.174961
0.032122 0.059283 0.175465
0.034324 0.058837 0.172851
0.039942 0.060116 0.179418
0.036725 0.059571 0.175939
0.034711 0.059092 0.173571
0.039603 0.059058 0.171716
0.044209 0.060859 0.176185
0.039466 0.058989 0.173249
0.035362 0.056710 0.170684
0.044253 0.061012 0.175811
0.033511 0.058753 0.172757
0.040817 0.059893 0.176770
0.035330 0.059589 0.175299
0.038005 0.058146 0.171944
0.033740 0.059591 0.175647
0.043827 0.060617 0.174155
0.036682 0.060356 0.178796
0.033272 0.057863 0.170919
0.032703 0.058546 0.172666
0.040305 0.059478 0.174793
0.039302 0.059190 0.170098
0.036059 0.058274 0.172081
0.042552 0.059854 0.178943
0.036409 0.060593 0.180060
0.041564 0.059835 0.173478
0.038342 0.058727 0.169095
0.039772 0.059550 0.170102
0.035391 0.059716 0.175821
0.035366 0.060531 0.179646
0.040133 0.059291 0.174235
0.039173 0.060179 0.179624
0.036296 0.059752 0.176416
0.035871 0.056684 0.170759
0.037112 0.058317 0.172251
0.036236 0.059466 0.175245
0.042732 0.060025 0.177162
0.044138 0.061704 0.175187
0.040413 0.059299 0.173218
0.034734 0.058482 0.171975
0.039974 0.059150 0.172225
0.038190 0.058183 0.170226
0.034421 0.057389 0.170916
0.033498 0.059796 0.176670
0.043995 0.060741 0.174372
0.035052 0.058165 0.171845
0.041897 0.059845 0.174049
0.038139 0.058636 0.172756
0.038462 0.058612 0.173044
0.038095 0.060708 0.180554
0.033349 0.059149 0.174112
0.036322 0.059346 0.174884
0.032359 0.058109 0.171478
0.034982 0.058728 0.172644
0.031546 0.058908 0.174690
0.041552 0.059779 0.174847
0.034427 0.059411 0.174684
0.037047 0.057590 0.171808
0.040378 0.060040 0.169567
0.030895 0.058850 0.175056
0.032344 0.058285 0.172147
0.035191 0.059398 0.174684
0.035704 0.057484 0.171644
0.043041 0.060305 0.173627
0.031510 0.058297 0.172780
0.038186 0.058577 0.169051
0.038186 0.058225 0.171371
0.036742 0.057709 0.169597
0.043403 0.060414 0.173944
0.038780 0.059464 0.176058
0.043937 0.060480 0.176527
0.033535 0.059873 0.176941
0.035431 0.058314 0.172015
0.041156 0.059797 0.172178
0.032596 0.058158 0.171376
0.041624 0.059810 0.174635
0.034919 0.059754 0.176009
0.031836 0.057762 0.171148
0.036731 0.060487 0.179533
0.036267 0.059961 0.177113
0.040547 0.059572 0.175190
0.040057 0.059824 0.176775
0.033306 0.059215 0.174316
0.033297 0.058853 0.173174
0.038856 0.059984 0.178243
0.032004 0.059589 0.176658
0.038832 0.058640 0.170401
0.039149 0.060693 0.180579
0.036635 0.057608 0.169637
0.039244 0.059024 0.170494
0.038042 0.058082 0.171268
0.038923 0.058711 0.173027
0.036490 0.056902 0.170687
0.035944 0.060451 0.179237
0.035026 0.057741 0.171374
0.034231 0.059939 0.177071
0.034060 0.058829 0.172941
0.040918 0.059840 0.171359
0.039051 0.059218 0.169235
0.041726 0.059862 0.174664
0.037735 0.060425 0.179794
0.041358 0.060004 0.178382
0.037793 0.058147 0.171841
0.034569 0.060305 0.178516
0.041689 0.059895 0.172891
0.035497 0.058545 0.172525
0.036156 0.060142 0.177957
0.033467 0.058354 0.171635
0.031814 0.058440 0.172980
0.041841 0.059923 0.175882
0.044471 0.061234 0.176508
0.043471 0.060378 0.174861
0.037464 0.057880 0.169919
0.038158 0.058585 0.172296
0.033384 0.058487 0.172094
0.034063 0.058617 0.172274
0.043934 0.060086 0.177511
0.036385 0.058331 0.172711
0.043111 0.059934 0.178269
0.031811 0.057892 0.171472
0.035704 0.059397 0.174757
0.033823 0.059923 0.177077
0.037440 0.060898 0.181256
0.033104 0.058308 0.171553
0.040613 0.060092 0.169816
0.036001 0.056851 0.171468
0.040405 0.059308 0.173683
0.039791 0.059050 0.172925
0.034655 0.059688 0.175754
0.033430 0.059446 0.175059
0.030907 0.059162 0.175992
0.036815 0.057854 0.171994
0.036643 0.060028 0.177543
0.040189 0.059263 0.172277
0.037655 0.058855 0.173537
0.040767 0.060029 0.178849
0.031547 0.058205 0.172478
0.040542 0.059993 0.178172
0.032252 0.059661 0.176799
0.037044 0.058607 0.172810
0.040614 0.059660 0.171802
0.034791 0.059181 0.173842
0.042315 0.060116 0.172952
0.031918 0.058568 0.173175
0.043214 0.062911 0.175525
0.035820 0.056771 0.170970
0.030352 0.058875 0.175420
0.033085 0.059815 0.176966
0.034199 0.059185 0.173992
0.040422 0.060096 0.179394
0.038666 0.058853 0.169505
0.031507 0.059588 0.177056
0.042960 0.060091 0.176059
0.037081 0.057598 0.171700
0.030567 0.058662 0.174733
0.040123 0.059915 0.177475
0.042121 0.060208 0.171831
0.039422 0.060112 0.179086
0.037586 0.060134 0.178283
0.038160 0.058574 0.169169
0.036986 0.060808 0.180932
0.043254 0.060203 0.176049
0.034410 0.058615 0.172362
0.037475 0.057732 0.170501
0.039801 0.059970 0.178035
0.031488 0.059380 0.176252
0.030989 0.057584 0.171536
0.039712 0.059251 0.171167
0.039149 0.058995 0.170243
0.031340 0.058155 0.172489
0.039698 0.060066 0.178751
0.038327 0.059997 0.178222
0.038290 0.060751 0.180605
0.038768 0.059096 0.168886
0.044235 0.060191 0.177311
0.038607 0.058558 0.171865
0.037228 0.058526 0.172589
0.038444 0.058771 0.173348
0.041635 0.059924 0.177727
0.033179 0.059526 0.175528
0.036221 0.060575 0.179921
0.038493 0.059473 0.176083
0.038915 0.058803 0.169777
0.037155 0.058141 0.171989
0.039188 0.059424 0.169163
0.032477 0.058465 0.172546
0.034571 0.059878 0.176716
0.037105 0.060418 0.179326
0.035728 0.058358 0.172137
0.040666 0.059459 0.172654
0.034029 0.059902 0.177045
0.034817 0.057580 0.171180
0.034662 0.058930 0.173039
0.037755 0.058517 0.172493
0.033629 0.059098 0.173944
0.040033 0.059235 0.173921
0.030565 0.059129 0.176212
0.034257 0.059489 0.174993
0.036289 0.060099 0.177663
0.039728 0.059541 0.176064
0.043590 0.060550 0.173459
0.040844 0.060149 0.170029
0.038924 0.059294 0.168851
0.038836 0.059353 0.175227
0.033357 0.058689 0.172632
0.031203 0.057819 0.171796
0.041406 0.059964 0.179718
0.038734 0.058478 0.170580
0.040641 0.059529 0.174823
0.035593 0.059267 0.174209
0.037827 0.058600 0.172773
0.037566 0.059750 0.176724
0.040510 0.059755 0.176101
0.038504 0.060846 0.180739
0.034751 0.060237 0.178322
0.043647 0.060337 0.175550
0.033436 0.059395 0.174854
0.036580 0.057219 0.170328
0.038484 0.058175 0.170819
0.037719 0.060202 0.178644
0.041082 0.059928 0.177793
0.036472 0.060491 0.179533
0.035694 0.060495 0.179412
0.042265 0.059919 0.177896
0.036971 0.057698 0.169981
0.036643 0.058695 0.173155
0.040665 0.059721 0.175839
0.031020 0.057850 0.171916
0.034546 0.059215 0.173994
0.037307 0.057554 0.171413
0.041736 0.060096 0.171703
0.041373 0.060015 0.179232
0.032570 0.059413 0.175527
0.042421 0.060048 0.174873
0.039440 0.059364 0.169953
0.042084 0.060266 0.171490
0.033791 0.059727 0.176226
0.039416 0.059354 0.175117
0.041095 0.059844 0.171721
0.036784 0.059392 0.175260
0.043078 0.060204 0.174728
0.040458 0.060032 0.178674
0.037909 0.057996 0.171415
0.030913 0.059347 0.176693
0.038269 0.059936 0.177875
0.032697 0.059594 0.176338
0.036301 0.058635 0.173039
0.037859 0.058242 0.169174
0.042404 0.059846 0.179377
0.040178 0.059678 0.175880
0.033295 0.058219 0.171353
0.032786 0.059703 0.176663
0.038061 0.060298 0.179307
0.036783 0.059823 0.176809
0.032677 0.059094 0.174260
0.034105 0.060097 0.177743
0.038100 0.058123 0.170517
0.041391 0.059828 0.175543
0.043901 0.060058 0.177855
0.037158 0.059226 0.174789
0.038739 0.058698 0.169920
0.035589 0.060581 0.179953
0.036538 0.060472 0.179272
0.039397 0.059028 0.171175
0.038067 0.058173 0.169993
0.039513 0.059467 0.176062
0.034791 0.059181 0.173842
0.032941 0.058184 0.171294
0.039406 0.058950 0.173120
0.031918 0.058684 0.173664
0.036802 0.056883 0.171006
0.038832 0.058640 0.170401
0.038917 0.059617 0.176458
0.033069 0.059490 0.175377
0.037035 0.057059 0.171096
0.041753 0.059901 0.174864
0.035739 0.059268 0.174316
0.041171 0.059845 0.176367
0.038191 0.058899 0.173851
0.037860 0.058946 0.173902
0.035464 0.059198 0.173908
0.040870 0.060058 0.179300
0.040723 0.059452 0.173838
0.041483 0.060019 0.178947
0.037473 0.058155 0.169269
0.038002 0.059987 0.178108
0.038543 0.059838 0.177252
0.031198 0.059158 0.175756
0.039863 0.059741 0.169675
0.033789 0.058424 0.171791
0.035009 0.058779 0.172824
0.043122 0.060181 0.175625
0.035434 0.057590 0.171533
0.036822 0.057614 0.171780
0.039469 0.058879 0.172035
0.035174 0.059327 0.174341
0.033451 0.059713 0.176335
0.039973 0.059668 0.176099
0.042025 0.059942 0.175516
0.034657 0.058702 0.172539
0.043283 0.060440 0.173125
0.034263 0.059800 0.176456
0.034842 0.058333 0.171860
0.035881 0.060252 0.178331
0.035513 0.056795 0.170819
0.035200 0.057269 0.171165
0.040208 0.059891 0.169813
0.039031 0.059307 0.176127
0.036329 0.058270 0.172145
0.033618 0.058899 0.173209
0.035304 0.060209 0.178169
0.040088 0.059457 0.171221
0.037882 0.059228 0.174933
0.035174 0.060353 0.178802
0.034421 0.057389 0.170916
0.034469 0.057094 0.170742
0.033864 0.057177 0.170709
0.035585 0.059651 0.175682
0.037165 0.059947 0.177451
0.040963 0.059809 0.176199
0.039346 0.059738 0.176526
0.042240 0.059985 0.176343
0.031488 0.059380 0.176252
0.038830 0.060125 0.179065
0.034545 0.060491 0.179365
0.037855 0.058194 0.171634
0.030606 0.058925 0.175430
0.039943 0.059983 0.169060
0.042038 0.059877 0.174165
0.035577 0.059730 0.175997
0.041943 0.059884 0.173753
0.036864 0.058483 0.172567
0.034446 0.060220 0.178221
0.034173 0.059316 0.174382
0.041358 0.059754 0.173744
0.036517 0.057049 0.170211
0.030772 0.057955 0.172431
0.034837 0.059292 0.174194
0.039684 0.059683 0.176336
0.044263 0.061254 0.174711
0.039166 0.059478 0.175674
0.034048 0.059523 0.175173
0.036036 0.059326 0.174711
0.043499 0.060085 0.177138
0.033861 0.059173 0.174141
0.040858 0.059892 0.177501
0.043649 0.060538 0.173916
0.033964 0.060002 0.177441
0.036518 0.058957 0.173826
0.031482 0.058845 0.174547
0.038696 0.058968 0.169201
0.040115 0.060052 0.178695
0.038064 0.058598 0.172505
0.037452 0.058647 0.172979
0.030895 0.058850 0.175056
0.035890 0.056542 0.170501
0.032932 0.058280 0.171604
0.037938 0.059957 0.177800
0.037166 0.059487 0.175660
0.042123 0.059956 0.177348
0.031117 0.058385 0.173366
0.038836 0.059353 0.175227
0.044107 0.060782 0.175724
0.034171 0.056965 0.170703
0.039781 0.059468 0.170453
0.038857 0.059409 0.175464
0.038543 0.059838 0.177252
0.035466 0.059001 0.173340
0.037830 0.058010 0.170545
0.036284 0.058423 0.172821
0.036194 0.058367 0.172317
0.040392 0.059350 0.172363
0.033466 0.058894 0.173265
0.039936 0.059393 0.174762
0.032733 0.058662 0.172939
0.033429 0.058600 0.172329
0.042265 0.059919 0.177896
0.038583 0.060060 0.178598
0.036463 0.056765 0.170232
0.041238 0.059881 0.171889
0.030656 0.058314 0.173626
0.031609 0.058981 0.174886
0.034004 0.059473 0.174976
0.038397 0.059443 0.175874
0.036850 0.057015 0.171477
0.035556 0.057009 0.171349
0.030567 0.058821 0.175182
0.035117 0.059529 0.175133
0.038620 0.059149 0.174380
0.035297 0.058475 0.172155
0.042824 0.060109 0.175576
0.043808 0.060699 0.173648
0.033347 0.057157 0.170588
0.034427 0.059411 0.174684
0.030665 0.057789 0.172039
0.036451 0.060097 0.177810
0.035814 0.059980 0.177113
0.036693 0.060245 0.178449
0.031060 0.057611 0.171417
0.035521 0.056848 0.171068
0.036427 0.059822 0.176709
0.034817 0.057580 0.171180
0.039950 0.059810 0.177040
0.033061 0.059385 0.175025
0.031820 0.059400 0.176043
0.030325 0.058445 0.174428
0.033746 0.059500 0.175210
