0.073443 -0.009420 0.251569
0.076638 -0.013318 0.249826
0.071571 -0.011090 0.252371
0.081759 -0.007634 0.249903
0.075371 -0.008608 0.251080
0.073765 -0.012229 0.250980
0.076638 -0.013318 0.249826
0.074044 -0.011394 0.250995
0.080718 -0.011837 0.248296
0.082075 -0.014827 0.249019
0.077062 -0.012195 0.249677
0.078019 -0.006052 0.250603
0.076945 -0.014917 0.250003
0.084618 -0.006799 0.250155
0.082708 -0.012114 0.249676
0.079007 -0.011369 0.249658
0.078425 -0.006611 0.250364
0.082009 -0.012212 0.249681
0.077980 -0.006987 0.250404
0.077468 -0.009651 0.249750
0.074642 -0.009305 0.250977
0.074319 -0.009993 0.251182
0.077910 -0.009593 0.249668
0.073948 -0.007473 0.252304
0.078671 -0.004497 0.250631
0.071838 -0.010438 0.252469
0.080679 -0.006733 0.249895
0.079051 -0.010796 0.249714
0.080472 -0.015135 0.249352
0.082018 -0.007812 0.249870
0.079287 -0.004798 0.250423
0.081234 -0.009325 0.249882
0.084206 -0.013347 0.249514
0.077341 -0.014816 0.249910
0.081943 -0.014303 0.249659
0.075286 -0.010482 0.250595
0.083160 -0.010816 0.249795
0.078087 -0.005185 0.250722
0.084305 -0.006668 0.250157
0.075672 -0.007302 0.251279
0.075058 -0.012676 0.250516
0.073267 -0.008792 0.253196
0.077226 -0.010956 0.249738
0.072133 -0.010140 0.252355
0.082603 -0.014506 0.248995
0.085611 -0.010995 0.248945
0.080131 -0.007472 0.250023
0.073239 -0.008806 0.252192
0.077467 -0.008398 0.250083
0.079891 -0.009023 0.249782
0.073338 -0.008685 0.253245
0.078411 -0.014021 0.249781
0.072359 -0.009707 0.252407
0.079380 -0.011346 0.249670
0.074306 -0.012758 0.250782
0.081150 -0.006373 0.249826
0.078663 -0.011006 0.249627
0.080177 -0.005424 0.250107
0.075049 -0.009867 0.250748
0.076282 -0.005346 0.251634
0.084124 -0.014159 0.249344
0.081787 -0.010384 0.249769
0.078206 -0.005682 0.249621
0.075516 -0.008896 0.250915
0.086043 -0.010575 0.247837
0.072876 -0.009149 0.252330
0.079267 -0.014558 0.249893
0.079544 -0.010928 0.249709
0.076819 -0.010119 0.249882
0.077458 -0.006221 0.250679
0.074917 -0.013814 0.250468
0.085479 -0.006681 0.249778
0.079531 -0.015099 0.249020
0.075103 -0.011470 0.250620
0.079536 -0.010007 0.249722
0.084732 -0.006379 0.250184
0.079633 -0.004544 0.250335
0.078188 -0.015572 0.249688
0.077433 -0.006152 0.249830
0.075872 -0.008877 0.249787
0.085544 -0.009261 0.249323
0.079244 -0.005587 0.250378
0.083238 -0.009265 0.249867
0.076962 -0.011116 0.249802
0.083276 -0.014478 0.249360
0.080967 -0.004875 0.249911
0.078294 -0.008930 0.249830
0.079720 -0.004998 0.249269
0.073279 -0.009669 0.251706
0.078463 -0.009556 0.249671
0.075830 -0.007541 0.251103
0.079181 -0.009130 0.249753
0.082909 -0.014077 0.249412
0.082334 -0.012368 0.249708
0.084633 -0.013231 0.248786
0.077888 -0.004288 0.251061
0.083585 -0.005491 0.250056
0.080955 -0.012530 0.249855
0.073517 -0.010901 0.251180
0.076501 -0.007906 0.250677
0.076734 -0.007586 0.250709
0.076685 -0.009587 0.250085
0.081159 -0.008086 0.249829
0.079411 -0.006817 0.250238
0.083623 -0.008551 0.249921
0.076046 -0.005514 0.251609
0.084809 -0.011955 0.249418
0.077336 -0.006545 0.250677
0.077524 -0.004177 0.250149
0.074204 -0.009721 0.251236
0.073888 -0.012808 0.250930
0.083258 -0.013909 0.249438
0.075635 -0.008401 0.250965
0.075983 -0.013687 0.250137
0.074148 -0.010602 0.251064
0.075485 -0.013276 0.250291
0.076236 -0.009388 0.250438
0.074872 -0.011727 0.250652
0.082941 -0.008567 0.249894
0.080779 -0.012803 0.249870
0.083522 -0.014595 0.249329
0.076372 -0.014251 0.250004
0.082603 -0.014506 0.248995
0.083522 -0.014595 0.249329
0.081406 -0.007923 0.248516
0.083457 -0.012176 0.249548
0.079035 -0.004519 0.250514
0.077691 -0.007532 0.249318
0.084542 -0.009152 0.249772
0.078141 -0.004295 0.249795
0.075984 -0.006732 0.251134
0.073306 -0.009144 0.251820
0.086044 -0.009899 0.248461
0.079041 -0.013872 0.248399
0.078019 -0.004704 0.250901
0.079399 -0.006370 0.250215
0.079981 -0.006385 0.250066
0.072704 -0.009274 0.252298
0.084542 -0.009152 0.249772
0.076302 -0.011134 0.250072
0.085795 -0.006878 0.247546
0.077223 -0.013030 0.249727
0.078591 -0.005480 0.249428
0.078028 -0.015642 0.249226
0.082023 -0.005166 0.249890
0.083003 -0.009019 0.249922
0.072959 -0.010017 0.251773
0.073765 -0.012229 0.250980
0.073900 -0.010930 0.251126
0.085178 -0.011599 0.249255
0.079399 -0.006370 0.250215
0.072987 -0.008891 0.252443
0.075124 -0.008513 0.251208
0.080399 -0.009332 0.249775
0.084389 -0.006234 0.250216
0.079275 -0.015180 0.249007
0.077644 -0.004158 0.251188
0.072423 -0.011282 0.251833
0.079544 -0.010928 0.249709
0.077544 -0.010970 0.249652
0.075951 -0.011332 0.250301
0.077251 -0.014170 0.249810
0.079323 -0.013102 0.249793
0.082249 -0.014764 0.249415
0.073447 -0.009066 0.251701
0.075186 -0.007291 0.251289
0.081370 -0.008377 0.249865
0.076430 -0.010068 0.250190
0.081058 -0.010280 0.249844
0.085335 -0.009754 0.249512
0.080975 -0.012186 0.249837
0.082587 -0.012641 0.249727
0.079828 -0.004739 0.250269
0.076193 -0.006797 0.251028
0.080339 -0.005035 0.250064
0.083520 -0.013024 0.249525
0.082923 -0.014534 0.249360
0.081859 -0.011388 0.249744
0.074342 -0.013465 0.250692
0.080726 -0.010488 0.249810
0.080314 -0.010458 0.249709
0.073907 -0.009742 0.251443
0.074120 -0.011234 0.250998
0.082540 -0.009396 0.249901
0.077984 -0.013343 0.248544
0.085639 -0.011332 0.247826
0.072133 -0.010140 0.252355
0.074856 -0.009003 0.250998
0.074752 -0.008780 0.251154
0.075224 -0.009456 0.249837
0.081504 -0.009643 0.249836
0.072948 -0.009441 0.252052
0.076348 -0.009566 0.250342
0.075250 -0.009186 0.250858
0.081913 -0.009143 0.249891
0.077802 -0.004980 0.250911
0.073637 -0.008194 0.253053
0.080052 -0.012302 0.249838
0.077731 -0.014217 0.249835
0.076265 -0.013973 0.250022
0.084877 -0.012311 0.249253
0.076247 -0.008903 0.250633
0.077436 -0.015964 0.249341
0.084943 -0.006705 0.246755
0.074899 -0.006724 0.250934
0.075934 -0.014859 0.250273
0.079035 -0.005084 0.249361
0.085267 -0.008883 0.249521
0.081905 -0.015017 0.249126
0.085825 -0.006790 0.248825
0.073664 -0.008878 0.251676
0.079314 -0.009310 0.249794
0.081390 -0.008730 0.249839
0.072541 -0.008774 0.252825
0.076391 -0.010561 0.250120
0.080824 -0.005674 0.249907
0.077476 -0.013971 0.249796
0.078411 -0.014021 0.249781
0.085003 -0.012214 0.248053
0.073619 -0.007747 0.251275
0.081142 -0.014090 0.249956
0.082390 -0.014429 0.249507
0.079798 -0.010658 0.249667
0.078763 -0.007920 0.249894
0.078994 -0.005094 0.250496
0.079721 -0.012389 0.249766
0.073018 -0.010262 0.251732
0.072390 -0.010943 0.251907
0.083576 -0.007144 0.249964
0.074525 -0.012116 0.250753
0.076818 -0.014310 0.249926
0.079818 -0.005577 0.250222
0.085775 -0.010640 0.248882
0.077458 -0.006221 0.250679
0.077858 -0.008297 0.250026
0.080818 -0.008830 0.248534
0.075783 -0.011162 0.250391
0.076677 -0.007357 0.250803
0.074899 -0.006724 0.250934
0.076085 -0.014299 0.250119
0.075058 -0.012676 0.250516
0.083003 -0.009019 0.249922
0.076527 -0.012506 0.249888
0.080602 -0.015205 0.249379
0.084131 -0.010484 0.249639
0.078541 -0.014798 0.249885
0.081044 -0.014602 0.248800
0.078534 -0.005222 0.250597
0.074626 -0.012442 0.250689
0.074891 -0.008506 0.250525
0.073708 -0.008001 0.252234
0.078509 -0.015444 0.249685
0.084051 -0.009718 0.249762
0.084051 -0.009718 0.249762
0.084527 -0.008735 0.249811
0.079199 -0.007625 0.250023
0.075594 -0.013950 0.250295
0.081366 -0.005888 0.248777
0.080901 -0.013382 0.249933
0.082757 -0.005830 0.249979
0.083282 -0.012115 0.248117
0.072988 -0.008867 0.253386
0.075565 -0.006587 0.251287
0.081241 -0.012481 0.249777
0.083075 -0.011432 0.249717
0.082371 -0.009519 0.247973
0.073788 -0.009011 0.251510
0.075769 -0.012855 0.250230
0.085071 -0.012292 0.248532
0.078730 -0.008620 0.249848
0.083350 -0.008918 0.249916
0.080821 -0.009982 0.249772
0.076004 -0.005977 0.251264
0.082708 -0.006332 0.249977
0.080397 -0.005714 0.250024
0.075769 -0.012855 0.250230
0.081615 -0.012976 0.249743
0.073455 -0.008778 0.251925
0.072765 -0.008105 0.251553
0.079126 -0.014275 0.248484
0.075718 -0.013056 0.248977
0.081390 -0.008730 0.249839
0.079274 -0.014166 0.249863
0.077719 -0.007835 0.250251
0.081610 -0.010853 0.249719
0.075468 -0.007127 0.251309
0.077376 -0.011564 0.249722
0.077823 -0.006642 0.249523
0.074909 -0.010477 0.249547
0.075215 -0.011964 0.250545
0.078199 -0.009434 0.249668
0.086043 -0.010575 0.247837
0.083521 -0.006452 0.250019
0.079407 -0.007882 0.249920
0.085535 -0.008825 0.249297
0.077998 -0.015225 0.249934
0.078087 -0.005185 0.250722
0.084893 -0.010329 0.249572
0.081322 -0.007747 0.249809
0.079967 -0.005413 0.249129
0.078206 -0.005682 0.249621
0.075374 -0.011075 0.250531
0.074319 -0.009993 0.251182
0.081144 -0.006766 0.249834
0.076104 -0.012453 0.250126
0.082273 -0.010657 0.249759
0.086067 -0.010111 0.248335
0.074042 -0.010256 0.251320
0.073517 -0.010901 0.251180
0.072221 -0.009902 0.252369
0.077336 -0.006545 0.250677
0.076372 -0.014251 0.250004
0.080614 -0.005045 0.249062
0.084512 -0.013531 0.248931
0.073975 -0.010533 0.251238
0.073501 -0.008272 0.252229
0.079202 -0.015109 0.249738
0.078382 -0.007683 0.250096
0.085268 -0.009352 0.249548
0.080162 -0.009830 0.249751
0.075769 -0.012855 0.250230
0.078780 -0.015278 0.249034
0.072726 -0.008795 0.252859
0.078192 -0.004891 0.250752
0.075320 -0.010814 0.250503
0.073328 -0.008638 0.253079
0.075038 -0.008263 0.251273
0.077698 -0.010365 0.249600
0.083639 -0.007517 0.249834
0.078111 -0.007360 0.250221
0.072483 -0.009490 0.252457
0.081182 -0.007393 0.249834
0.081302 -0.006142 0.249912
0.081597 -0.011654 0.249734
0.086093 -0.008929 0.248013
0.077227 -0.005400 0.251127
0.076361 -0.012255 0.249956
0.079483 -0.008957 0.249818
0.073767 -0.008198 0.251982
0.084362 -0.008362 0.249861
0.078742 -0.007312 0.250209
0.077040 -0.008459 0.250167
0.075170 -0.010783 0.250601
0.076917 -0.009579 0.249916
0.078995 -0.013427 0.249795
0.071599 -0.010505 0.252656
0.081286 -0.015214 0.249310
0.080141 -0.012640 0.248334
0.083663 -0.009979 0.249817
0.082234 -0.010880 0.249758
0.075135 -0.008246 0.250459
0.081188 -0.012841 0.249813
0.080364 -0.010843 0.249719
0.083319 -0.014604 0.249222
0.073279 -0.009669 0.251706
0.075286 -0.010482 0.250595
0.083612 -0.009295 0.249878
0.074595 -0.008672 0.251264
0.081485 -0.011984 0.249633
0.081915 -0.010931 0.249711
0.074282 -0.007505 0.251981
0.077473 -0.008706 0.249989
0.077524 -0.004177 0.250149
0.084583 -0.010306 0.249552
0.078867 -0.006620 0.249108
0.074517 -0.010563 0.250912
0.076015 -0.010608 0.250300
0.079313 -0.005310 0.249225
0.071794 -0.010791 0.252347
0.078509 -0.006291 0.249314
0.079095 -0.007093 0.250278
0.080131 -0.007472 0.250023
0.078708 -0.014290 0.249868
0.082835 -0.009760 0.249899
0.083694 -0.011792 0.249601
0.083045 -0.006564 0.248218
0.072282 -0.010292 0.252216
0.079423 -0.007140 0.250215
0.072668 -0.011908 0.251385
0.084501 -0.013415 0.249360
0.077255 -0.005720 0.251026
0.073016 -0.011074 0.251529
0.081397 -0.006487 0.249895
0.079051 -0.010796 0.249714
0.082888 -0.010359 0.249768
0.073553 -0.007917 0.252674
0.081663 -0.014423 0.249654
0.073314 -0.008618 0.252182
0.073748 -0.009490 0.251471
0.078098 -0.005692 0.250663
0.082855 -0.009342 0.249919
0.074081 -0.010743 0.251058
0.083943 -0.008275 0.249900
0.079018 -0.005819 0.249186
0.077984 -0.013343 0.248544
0.080847 -0.006389 0.249868
0.083101 -0.010426 0.249796
0.077336 -0.006545 0.250677
0.074584 -0.009672 0.250991
0.079049 -0.007401 0.250178
0.084863 -0.012600 0.248948
0.080408 -0.013027 0.249880
0.079442 -0.005258 0.250360
0.077394 -0.014500 0.248680
0.078503 -0.004587 0.249593
0.072763 -0.010168 0.251890
0.079051 -0.010796 0.249714
0.073408 -0.011451 0.251121
0.072175 -0.011586 0.251869
0.079947 -0.005084 0.250202
0.080475 -0.007248 0.249970
0.085775 -0.010640 0.248882
0.079014 -0.004734 0.250479
0.076845 -0.013106 0.249795
0.073637 -0.008194 0.253053
0.078134 -0.013506 0.249767
0.072549 -0.008849 0.253099
0.072377 -0.011919 0.251543
0.081794 -0.006386 0.249990
0.080614 -0.005045 0.249062
0.073989 -0.011939 0.250963
0.082260 -0.014147 0.249609
0.073517 -0.010901 0.251180
0.080752 -0.012183 0.249877
0.079126 -0.014275 0.248484
0.080512 -0.008439 0.249861
0.075816 -0.011703 0.248975
0.075533 -0.010707 0.250468
0.077275 -0.006051 0.250887
0.084281 -0.011676 0.249594
0.080288 -0.014468 0.249795
0.075250 -0.009186 0.250858
0.084062 -0.012490 0.249529
0.084691 -0.012350 0.249403
0.081284 -0.005203 0.249866
0.078763 -0.007920 0.249894
0.080233 -0.015032 0.249360
0.085961 -0.010384 0.248459
0.072725 -0.008956 0.252606
0.079636 -0.005240 0.250299
0.075349 -0.006770 0.251295
0.073501 -0.008272 0.252229
0.081144 -0.006766 0.249834
0.078541 -0.014798 0.249885
0.072540 -0.009935 0.252160
0.084639 -0.007777 0.249957
0.074531 -0.008082 0.250765
0.080853 -0.015033 0.249079
0.077783 -0.006279 0.250583
0.081579 -0.015237 0.249315
0.074568 -0.013115 0.250640
0.079274 -0.014166 0.249863
0.078192 -0.004891 0.250752
0.079126 -0.014275 0.248484
0.077633 -0.007160 0.250470
0.080079 -0.008303 0.249810
0.073379 -0.011858 0.251149
0.082300 -0.009275 0.249924
0.078192 -0.004891 0.250752
0.078293 -0.013085 0.249800
0.071571 -0.011090 0.252371
0.078734 -0.006926 0.250338
0.081621 -0.011260 0.249730
0.079410 -0.015273 0.249544
0.082757 -0.005830 0.249979
0.083006 -0.007013 0.250030
0.085289 -0.011706 0.249006
0.081947 -0.013796 0.249744
0.078028 -0.015642 0.249226
0.077250 -0.006894 0.250663
0.082326 -0.005720 0.249975
0.085754 -0.011347 0.247498
0.084254 -0.007397 0.250031
0.073823 -0.011202 0.251086
0.075516 -0.008896 0.250915
0.084590 -0.013636 0.249181
0.074521 -0.007627 0.251708
0.076975 -0.008126 0.250502
0.078439 -0.005612 0.250556
0.079174 -0.010068 0.249767
0.076597 -0.012100 0.249820
0.075633 -0.010002 0.250558
0.075969 -0.007306 0.251048
0.073277 -0.012228 0.251147
0.082271 -0.012008 0.249719
0.085994 -0.008120 0.247978
0.085079 -0.008630 0.249602
0.076462 -0.006935 0.250965
0.081421 -0.007128 0.249845
0.084444 -0.010987 0.249573
0.081540 -0.006105 0.249969
0.079682 -0.006528 0.250143
0.075449 -0.006278 0.251299
0.073516 -0.012121 0.251098
0.078880 -0.005463 0.250482
0.073111 -0.011516 0.251273
0.077065 -0.015359 0.250027
0.078525 -0.007394 0.250173
0.082318 -0.007216 0.248341
0.075713 -0.011608 0.250397
0.080847 -0.006389 0.249868
0.079529 -0.013931 0.249749
0.082390 -0.014429 0.249507
0.082087 -0.015006 0.249313
0.081692 -0.012280 0.249609
0.085155 -0.006068 0.250054
0.077839 -0.009974 0.249618
0.071862 -0.009807 0.252903
0.084378 -0.013946 0.249220
0.080343 -0.005252 0.250056
0.079743 -0.010368 0.249624
0.072111 -0.011236 0.252004
0.075286 -0.010482 0.250595
0.080172 -0.004897 0.249210
0.077247 -0.006328 0.250809
0.080593 -0.006982 0.249943
0.079134 -0.015337 0.249576
0.074148 -0.010602 0.251064
0.073435 -0.012660 0.251072
0.084885 -0.010968 0.249499
0.078123 -0.011135 0.249543
0.072230 -0.009530 0.252706
0.078317 -0.006006 0.250496
0.075835 -0.012346 0.250272
0.073163 -0.012182 0.249666
0.085335 -0.011132 0.249275
0.084566 -0.013051 0.249328
0.084610 -0.011610 0.249538
0.077422 -0.016228 0.249610
0.076146 -0.005661 0.251413
0.078962 -0.007882 0.249917
0.073909 -0.008430 0.251674
0.081627 -0.013364 0.249786
0.081859 -0.011388 0.249744
0.077818 -0.005790 0.250730
0.080838 -0.015189 0.249389
0.085639 -0.011332 0.247826
0.082040 -0.011754 0.249739
0.085179 -0.011952 0.247729
0.081341 -0.007562 0.249850
0.080339 -0.005035 0.250064
0.077513 -0.005769 0.250828
0.079629 -0.005513 0.249154
0.079848 -0.011283 0.248314
0.076325 -0.008179 0.250684
0.073934 -0.008258 0.251816
0.074496 -0.008564 0.251312
0.082911 -0.011625 0.249662
0.077314 -0.015790 0.249993
0.079721 -0.012389 0.249766
0.078576 -0.012765 0.249795
0.077259 -0.011909 0.249696
0.083973 -0.010150 0.249735
0.085765 -0.006599 0.247740
0.084418 -0.009482 0.249698
0.073388 -0.008476 0.252222
0.078400 -0.014938 0.248764
0.076160 -0.009964 0.250369
0.077968 -0.003881 0.251092
0.074506 -0.008986 0.251174
0.082079 -0.013221 0.248510
0.076836 -0.012406 0.249746
0.075740 -0.007971 0.250955
0.079848 -0.011283 0.248314
0.079023 -0.013031 0.249803
0.080824 -0.005674 0.249907
0.077423 -0.013196 0.249738
0.079536 -0.010007 0.249722
0.072263 -0.009643 0.252567
0.078812 -0.006442 0.250334
0.076369 -0.009188 0.250460
0.084520 -0.011911 0.249553
0.080370 -0.013434 0.249882
0.084364 -0.012857 0.248519
0.078763 -0.007920 0.249894
0.077433 -0.006152 0.249830
0.079040 -0.012271 0.249648
0.083814 -0.007814 0.249883
0.079672 -0.006169 0.249003
0.083272 -0.009634 0.249888
0.082977 -0.007439 0.250033
0.078035 -0.009265 0.249724
0.085048 -0.009172 0.249627
0.079075 -0.007667 0.249957
0.074909 -0.010477 0.249547
0.075295 -0.013989 0.249112
0.078044 -0.006607 0.250414
0.074909 -0.010477 0.249547
0.071952 -0.010187 0.252426
0.083524 -0.007345 0.249859
0.079682 -0.006528 0.250143
0.080400 -0.012209 0.249877
0.076146 -0.005661 0.251413
0.073328 -0.008638 0.253079
0.072657 -0.011577 0.251476
0.077814 -0.010718 0.249558
0.077495 -0.005316 0.250945
0.081130 -0.010669 0.249875
0.075609 -0.012110 0.250391
0.074316 -0.009000 0.251291
0.075237 -0.014108 0.250399
0.075816 -0.011703 0.248975
0.082708 -0.012114 0.249676
0.084352 -0.011988 0.249578
0.083746 -0.014397 0.249316
0.076789 -0.005959 0.251058
0.077818 -0.005790 0.250730
0.077739 -0.005949 0.249770
0.074636 -0.012763 0.250657
0.079802 -0.006838 0.250112
0.075702 -0.006054 0.251323
0.071952 -0.010187 0.252426
0.072849 -0.011726 0.251364
0.076007 -0.010255 0.250380
0.072158 -0.009196 0.252908
0.075103 -0.011470 0.250620
0.075799 -0.005776 0.251461
0.081536 -0.010667 0.248275
0.082934 -0.007776 0.249996
0.077433 -0.006152 0.249830
0.076324 -0.005533 0.251418
0.073379 -0.008112 0.252749
0.080408 -0.013027 0.249880
0.073447 -0.009066 0.251701
0.084335 -0.011290 0.249580
0.083106 -0.012222 0.249555
0.072783 -0.010942 0.251728
0.083453 -0.013539 0.249501
0.081504 -0.009643 0.249836
0.083221 -0.005410 0.249971
0.077592 -0.015513 0.249943
0.083683 -0.006910 0.250027
0.079293 -0.012223 0.249671
0.077792 -0.005167 0.250819
0.073312 -0.010345 0.251518
0.078642 -0.015443 0.249204
0.075481 -0.007634 0.251281
0.084154 -0.008609 0.249895
0.075893 -0.014451 0.250221
0.075237 -0.014108 0.250399
0.079988 -0.004707 0.249277
0.074589 -0.008566 0.251308
0.081222 -0.009849 0.248352
0.077879 -0.007490 0.250271
0.075663 -0.010348 0.250486
0.084863 -0.012600 0.248948
0.081142 -0.012380 0.248305
0.085863 -0.010948 0.247821
0.085507 -0.011682 0.247446
0.083706 -0.008972 0.249912
0.080707 -0.010789 0.248335
0.079756 -0.015145 0.249470
0.073199 -0.008821 0.253290
0.079432 -0.015263 0.249264
0.078233 -0.008587 0.249940
0.082543 -0.007239 0.250000
0.080397 -0.005714 0.250024
0.079600 -0.005010 0.250326
0.077601 -0.015946 0.249816
0.072158 -0.009196 0.252908
0.083003 -0.009019 0.249922
0.074132 -0.010993 0.251016
0.078347 -0.009176 0.249721
0.075949 -0.013183 0.250134
0.080079 -0.008303 0.249810
0.082642 -0.014713 0.249359
0.076434 -0.010933 0.250012
0.084867 -0.007893 0.249862
0.075594 -0.013950 0.250295
0.080942 -0.007114 0.249862
0.074139 -0.007809 0.251962
0.077436 -0.015964 0.249341
0.081943 -0.014303 0.249659
0.078591 -0.005480 0.249428
0.080320 -0.011258 0.249720
0.077173 -0.010363 0.249750
0.082959 -0.005395 0.249949
0.085440 -0.007421 0.249655
0.073736 -0.008562 0.251761
0.075763 -0.010826 0.250371
0.075065 -0.007059 0.251375
0.072744 -0.009677 0.252092
0.074895 -0.007108 0.251534
0.079765 -0.013789 0.248448
0.086148 -0.010047 0.247912
0.080112 -0.004670 0.250147
0.072031 -0.009819 0.252607
0.077381 -0.009166 0.249820
0.074895 -0.007108 0.251534
0.080629 -0.012507 0.249891
0.077338 -0.009119 0.249097
0.073201 -0.008685 0.253424
0.081188 -0.012841 0.249813
0.079264 -0.006047 0.250236
0.078337 -0.015443 0.249092
0.073267 -0.008792 0.253196
0.079947 -0.005084 0.250202
0.081375 -0.009274 0.248400
0.083101 -0.010426 0.249796
0.079651 -0.013377 0.249816
0.074715 -0.011420 0.250695
0.077998 -0.015225 0.249934
0.076123 -0.014601 0.250158
0.085325 -0.011882 0.248039
0.080284 -0.014066 0.249833
0.076801 -0.008633 0.250382
0.075491 -0.007891 0.251116
0.080349 -0.008288 0.249867
0.083238 -0.009265 0.249867
0.081338 -0.011371 0.249806
0.075319 -0.010098 0.250594
0.077831 -0.013167 0.249748
0.075850 -0.008244 0.250884
0.078857 -0.012172 0.248375
0.081621 -0.011260 0.249730
0.077980 -0.006987 0.250404
0.081025 -0.011347 0.249804
0.080712 -0.010912 0.249789
0.076169 -0.011320 0.250131
0.085948 -0.007657 0.248223
0.077394 -0.014500 0.248680
0.085108 -0.012146 0.248973
0.075708 -0.006874 0.251272
0.077927 -0.015583 0.249826
0.084434 -0.013844 0.249397
0.084679 -0.009453 0.249688
0.078302 -0.008182 0.250007
0.077622 -0.004531 0.251130
0.077735 -0.006684 0.250490
0.082603 -0.014506 0.248995
0.073281 -0.010283 0.251602
0.073216 -0.008488 0.252849
0.078800 -0.007712 0.250011
0.078192 -0.004891 0.250752
0.079112 -0.006646 0.250300
0.074277 -0.010777 0.250950
0.081169 -0.005528 0.249846
0.083844 -0.013486 0.249538
0.085638 -0.008244 0.249235
0.075379 -0.013005 0.250359
0.085445 -0.011441 0.248923
0.075674 -0.008736 0.250922
0.082318 -0.007216 0.248341
0.081565 -0.009208 0.249842
0.081566 -0.006841 0.249925
0.080163 -0.007892 0.249936
0.079891 -0.009023 0.249782
0.081653 -0.008531 0.249847
0.078239 -0.006776 0.249312
0.072725 -0.008956 0.252606
0.080151 -0.006457 0.250017
0.074555 -0.007274 0.251812
0.084980 -0.007589 0.249909
0.085958 -0.011318 0.247175
0.078035 -0.008830 0.249885
0.073953 -0.011651 0.251002
0.081548 -0.013706 0.249856
0.072657 -0.011577 0.251476
0.073455 -0.008778 0.251925
0.075049 -0.009867 0.250748
0.082132 -0.005971 0.249990
0.083661 -0.007306 0.249880
0.079364 -0.005832 0.250283
0.078578 -0.006936 0.249134
0.081943 -0.014303 0.249659
0.084178 -0.006919 0.250080
0.080472 -0.015135 0.249352
0.076530 -0.007157 0.250878
0.073331 -0.010897 0.251384
0.075114 -0.006584 0.251426
0.077491 -0.010304 0.248695
0.081844 -0.010511 0.249758
0.075242 -0.013829 0.250351
0.083244 -0.011838 0.249600
0.077041 -0.014494 0.249914
0.078826 -0.014988 0.249833
0.077032 -0.005680 0.251116
0.073236 -0.009377 0.251802
0.081203 -0.013663 0.249942
0.081739 -0.009862 0.249845
0.085077 -0.008036 0.249722
0.084104 -0.012030 0.249560
0.074572 -0.011782 0.250757
0.076332 -0.014817 0.250118
0.076530 -0.007157 0.250878
0.072175 -0.011586 0.251869
0.078401 -0.011972 0.249692
0.079186 -0.008292 0.249919
0.083851 -0.005710 0.250129
0.077342 -0.016128 0.249989
0.079364 -0.005832 0.250283
0.073379 -0.011858 0.251149
0.074667 -0.007466 0.251576
0.083676 -0.011336 0.249712
0.074416 -0.006871 0.252062
0.085252 -0.010219 0.249534
0.079810 -0.009817 0.249756
0.085769 -0.010878 0.248560
0.077540 -0.007859 0.250327
0.075347 -0.008082 0.251171
0.073644 -0.010352 0.251474
0.076121 -0.007908 0.250730
0.073379 -0.008112 0.252749
0.081273 -0.014963 0.249683
0.081451 -0.008952 0.248444
0.083226 -0.005597 0.249989
0.077708 -0.005967 0.250695
0.080475 -0.007248 0.249970
0.084330 -0.008480 0.246824
0.083521 -0.006452 0.250019
0.078698 -0.004304 0.250678
0.084711 -0.006011 0.250169
0.076997 -0.007296 0.250644
0.083795 -0.012696 0.249491
0.081844 -0.010511 0.249758
0.080909 -0.007612 0.249854
0.076819 -0.012859 0.249798
0.078822 -0.013683 0.248412
0.073101 -0.012405 0.251100
0.074856 -0.009003 0.250998
0.079356 -0.005880 0.249097
0.074716 -0.009183 0.250969
0.082058 -0.012702 0.249723
0.074227 -0.012300 0.250844
0.078935 -0.008223 0.249924
0.082407 -0.013565 0.249638
0.083844 -0.013486 0.249538
0.083860 -0.007381 0.249929
0.078599 -0.007479 0.250071
0.076584 -0.011766 0.249834
0.077731 -0.014217 0.249835
0.078854 -0.015414 0.249393
0.079780 -0.010788 0.249668
0.079116 -0.005887 0.250313
0.077592 -0.008110 0.250160
0.077168 -0.008633 0.250140
0.081246 -0.011728 0.249750
0.077061 -0.010126 0.249823
0.072726 -0.008795 0.252859
0.081041 -0.014367 0.249907
0.076833 -0.006358 0.251048
0.086042 -0.008533 0.248022
0.079805 -0.007902 0.249872
0.078292 -0.006901 0.250387
0.082784 -0.011264 0.249748
0.078199 -0.009434 0.249668
0.073239 -0.008806 0.252192
0.082491 -0.009210 0.249917
0.079041 -0.013872 0.248399
0.082654 -0.008844 0.249923
0.081885 -0.008764 0.249889
0.079709 -0.013173 0.249851
0.083280 -0.012605 0.249534
0.079200 -0.006223 0.249069
0.085863 -0.006418 0.248173
0.077879 -0.007490 0.250271
0.082483 -0.005195 0.249928
0.074944 -0.006433 0.251703
0.078540 -0.009170 0.249771
0.076584 -0.009711 0.250072
0.084678 -0.008086 0.249820
0.076621 -0.010375 0.249799
0.080035 -0.007071 0.250038
0.077821 -0.014878 0.249920
0.083272 -0.009634 0.249888
0.080258 -0.014903 0.248965
0.085739 -0.007609 0.249125
0.073277 -0.012228 0.251147
0.073823 -0.011202 0.251086
0.075708 -0.006874 0.251272
0.086020 -0.008869 0.248379
0.085865 -0.007141 0.248265
0.072676 -0.009550 0.252211
0.075635 -0.008401 0.250965
0.078407 -0.011362 0.249636
0.085739 -0.006433 0.247453
0.076998 -0.013913 0.249845
0.080364 -0.010843 0.249719
0.085421 -0.006290 0.249902
0.076247 -0.008903 0.250633
0.082009 -0.012212 0.249681
0.080996 -0.005275 0.249854
0.084098 -0.009084 0.249867
0.082332 -0.013782 0.249606
0.079913 -0.011301 0.249721
0.083969 -0.011671 0.249573
0.074122 -0.009231 0.251321
0.078382 -0.007683 0.250096
0.083657 -0.010458 0.249781
0.079702 -0.004651 0.249318
0.080374 -0.006393 0.249968
0.079057 -0.012747 0.249763
0.073312 -0.010345 0.251518
0.078673 -0.011532 0.249655
0.083221 -0.005410 0.249971
0.082485 -0.011619 0.249731
0.085640 -0.009684 0.249274
0.072428 -0.010375 0.252083
0.077757 -0.008840 0.249896
0.073379 -0.010127 0.251669
0.079732 -0.006071 0.250175
0.085703 -0.008370 0.249041
0.085199 -0.007105 0.249918
0.073679 -0.007936 0.252924
0.076392 -0.008533 0.250639
0.079069 -0.004241 0.250524
0.077273 -0.007459 0.250553
0.075199 -0.006180 0.251527
0.085657 -0.006331 0.249410
0.078129 -0.006004 0.249584
0.083926 -0.008672 0.249911
0.079743 -0.010368 0.249624
0.073671 -0.007790 0.252455
0.075952 -0.006305 0.251174
0.077917 -0.007271 0.250347
0.084266 -0.007904 0.249936
0.080034 -0.013422 0.249866
0.080117 -0.013750 0.249812
0.078277 -0.005384 0.250650
0.081905 -0.015017 0.249126
0.078044 -0.006607 0.250414
0.085661 -0.006953 0.249442
0.079672 -0.006169 0.249003
0.074366 -0.007788 0.251797
0.076378 -0.006194 0.251133
0.078730 -0.008620 0.249848
0.078671 -0.004497 0.250631
0.081819 -0.010121 0.248217
0.079007 -0.011369 0.249658
0.072763 -0.010168 0.251890
0.079523 -0.011920 0.249638
0.078522 -0.008013 0.250012
0.076735 -0.008923 0.250350
0.079364 -0.004307 0.250420
0.072763 -0.010168 0.251890
0.077737 -0.004752 0.251041
0.081041 -0.014367 0.249907
0.078220 -0.007816 0.250059
0.078909 -0.009334 0.249789
0.085507 -0.011682 0.247446
0.080060 -0.014333 0.249810
0.082624 -0.013996 0.249508
0.073915 -0.012965 0.249484
0.076163 -0.005867 0.251270
0.074870 -0.008022 0.251347
0.079281 -0.009671 0.249793
0.077476 -0.013971 0.249796
0.078347 -0.009176 0.249721
0.073587 -0.008113 0.252887
0.081284 -0.005203 0.249866
0.083304 -0.008371 0.249950
0.085639 -0.011332 0.247826
0.078952 -0.010793 0.248439
0.079258 -0.005303 0.250411
0.072995 -0.008633 0.252668
0.075252 -0.007926 0.251272
0.081788 -0.006829 0.249988
0.073163 -0.012182 0.249666
0.078168 -0.003979 0.250969
0.076163 -0.005867 0.251270
0.071713 -0.010429 0.252611
0.077419 -0.010583 0.249670
0.084002 -0.011364 0.249623
0.074244 -0.013109 0.250768
0.076011 -0.011692 0.250248
0.077544 -0.010970 0.249652
0.081041 -0.014367 0.249907
0.079592 -0.009608 0.249768
0.078832 -0.008850 0.249819
0.079320 -0.007082 0.248954
0.082049 -0.008295 0.249866
0.074205 -0.011614 0.250916
0.080613 -0.014908 0.249704
0.085063 -0.009987 0.249602
0.077904 -0.014436 0.249850
0.081566 -0.006841 0.249925
0.080270 -0.013630 0.249865
0.081620 -0.007817 0.249854
0.085503 -0.007017 0.249700
0.081222 -0.009849 0.248352
0.077770 -0.013727 0.249777
0.079221 -0.014706 0.248620
0.083620 -0.013906 0.249478
0.081407 -0.010465 0.249817
0.082313 -0.006830 0.250009
0.080183 -0.008483 0.249750
0.077801 -0.014572 0.248663
0.079967 -0.005413 0.249129
0.078742 -0.007312 0.250209
0.079105 -0.015308 0.249140
0.078280 -0.005334 0.249623
0.072208 -0.010759 0.252053
0.076954 -0.004772 0.251253
0.082207 -0.006317 0.249998
0.085907 -0.009396 0.248818
0.083092 -0.008682 0.249933
0.085574 -0.010703 0.249198
0.081077 -0.014673 0.249812
0.077966 -0.004926 0.250853
0.078821 -0.011175 0.249694
0.080673 -0.005207 0.249956
0.078620 -0.009976 0.249653
0.076914 -0.008916 0.250237
0.082003 -0.009662 0.249873
0.082184 -0.010246 0.249795
0.084703 -0.011289 0.249514
0.081905 -0.015017 0.249126
0.080396 -0.010099 0.249743
0.076460 -0.011320 0.249932
0.076192 -0.007114 0.250979
0.075631 -0.014634 0.250313
0.078799 -0.006231 0.249183
0.075670 -0.013258 0.250244
0.082341 -0.007631 0.249883
0.078832 -0.004738 0.249467
0.073379 -0.010127 0.251669
0.079051 -0.010796 0.249714
0.076901 -0.007781 0.250603
0.082868 -0.013583 0.249477
0.073631 -0.011035 0.251133
0.080818 -0.008830 0.248534
0.084583 -0.010306 0.249552
0.079356 -0.010476 0.249718
0.078952 -0.010793 0.248439
0.076584 -0.009711 0.250072
0.084772 -0.007262 0.250079
0.076236 -0.009388 0.250438
0.074779 -0.013352 0.250525
0.080163 -0.007892 0.249936
0.079407 -0.007882 0.249920
0.084877 -0.012311 0.249253
0.084182 -0.006765 0.247426
0.079720 -0.004998 0.249269
0.081405 -0.005716 0.249922
0.079360 -0.014868 0.249823
0.079314 -0.009310 0.249794
0.082353 -0.009997 0.249816
0.079685 -0.008549 0.249807
0.077834 -0.004021 0.251128
0.085077 -0.008036 0.249722
0.083623 -0.008551 0.249921
0.078541 -0.014798 0.249885
0.073206 -0.009102 0.252018
0.078181 -0.004296 0.250917
0.077633 -0.007160 0.250470
0.076317 -0.011609 0.249991
0.085199 -0.010013 0.249594
0.078026 -0.008923 0.249820
0.079095 -0.007093 0.250278
0.079116 -0.005887 0.250313
0.075468 -0.007127 0.251309
0.075830 -0.007541 0.251103
0.074887 -0.007474 0.251384
0.071844 -0.011058 0.252212
0.082946 -0.008338 0.249940
0.079244 -0.005587 0.250378
0.080760 -0.008026 0.249905
0.082547 -0.013109 0.249682
0.076456 -0.009809 0.250199
0.080847 -0.006389 0.249868
0.074231 -0.011370 0.250934
0.080847 -0.006389 0.249868
0.085351 -0.011802 0.248587
0.085555 -0.010071 0.249378
0.085065 -0.011147 0.249442
0.084703 -0.011289 0.249514
0.074954 -0.006856 0.251562
0.072763 -0.010168 0.251890
0.083945 -0.006167 0.250160
0.083266 -0.006737 0.250036
0.078774 -0.008472 0.249919
0.076015 -0.010608 0.250300
0.074411 -0.007173 0.251981
0.081077 -0.014673 0.249812
0.073679 -0.007852 0.252712
0.083555 -0.008040 0.249905
0.073432 -0.007912 0.252583
0.078105 -0.012544 0.249760
0.079373 -0.014954 0.248805
0.082014 -0.013223 0.249744
0.080613 -0.014908 0.249704
0.078645 -0.011710 0.249599
0.085611 -0.010995 0.248945
0.073249 -0.011052 0.251400
0.076282 -0.015243 0.250251
0.076372 -0.007419 0.250874
0.072744 -0.009677 0.252092
0.084762 -0.011747 0.247479
0.082260 -0.014147 0.249609
0.077937 -0.011034 0.248540
0.081273 -0.014963 0.249683
0.077135 -0.011350 0.249763
0.081885 -0.008764 0.249889
0.072677 -0.011111 0.251747
0.081394 -0.014030 0.249921
0.083694 -0.011792 0.249601
0.076708 -0.009863 0.250021
0.078105 -0.012544 0.249760
0.084696 -0.008371 0.249732
0.077073 -0.009426 0.249911
0.073888 -0.012808 0.250930
0.075674 -0.008736 0.250922
0.077815 -0.011060 0.249591
0.075816 -0.011703 0.248975
0.077677 -0.012928 0.249723
0.080150 -0.012654 0.249886
0.074810 -0.011054 0.250727
0.077230 -0.013513 0.249760
0.075327 -0.008858 0.250999
0.077065 -0.015359 0.250027
0.076766 -0.008102 0.250586
0.083573 -0.010958 0.249787
0.080498 -0.011575 0.249837
0.077537 -0.015134 0.249899
0.078357 -0.011131 0.249511
0.082326 -0.005720 0.249975
0.077041 -0.014494 0.249914
0.083350 -0.008918 0.249916
0.076997 -0.007296 0.250644
0.077914 -0.011510 0.249668
0.082708 -0.006332 0.249977
0.072452 -0.010730 0.251878
0.082381 -0.008443 0.249834
0.077942 -0.009029 0.249802
0.082341 -0.007631 0.249883
0.084029 -0.007664 0.249935
0.076723 -0.009224 0.250235
0.083175 -0.007828 0.249966
0.080856 -0.009174 0.249903
0.084378 -0.013946 0.249220
0.074464 -0.007883 0.251632
0.078148 -0.014406 0.249842
0.077998 -0.015225 0.249934
0.085535 -0.011333 0.248740
0.072995 -0.008633 0.252668
0.078774 -0.008472 0.249919
0.078463 -0.004877 0.250620
0.080498 -0.011575 0.249837
0.079761 -0.011563 0.249699
0.077473 -0.008706 0.249989
0.077061 -0.010126 0.249823
0.074661 -0.007837 0.251442
0.074555 -0.007274 0.251812
0.078266 -0.004489 0.250840
0.071650 -0.010321 0.252735
0.076801 -0.005572 0.251108
0.075986 -0.007726 0.250837
0.075385 -0.007450 0.251309
0.071808 -0.010056 0.252712
0.075080 -0.008972 0.251000
0.083221 -0.005410 0.249971
0.073338 -0.008685 0.253245
0.074625 -0.008231 0.251330
0.078407 -0.011362 0.249636
0.076265 -0.013973 0.250022
0.082715 -0.006839 0.249975
0.077518 -0.012290 0.249662
0.078730 -0.008620 0.249848
0.084691 -0.012350 0.249403
0.085335 -0.009754 0.249512
0.076456 -0.009809 0.250199
0.081533 -0.012639 0.249711
0.073216 -0.008488 0.252849
0.077447 -0.012664 0.249693
0.075027 -0.008710 0.250291
0.085535 -0.011333 0.248740
0.078188 -0.015572 0.249688
0.080620 -0.006026 0.249945
0.076658 -0.011044 0.249879
0.076212 -0.012002 0.250086
0.084784 -0.009211 0.249707
0.076018 -0.008557 0.250812
0.081916 -0.010222 0.249803
0.084062 -0.012490 0.249529
0.075670 -0.013258 0.250244
0.079106 -0.008978 0.249825
0.079350 -0.004628 0.249359
0.079831 -0.015068 0.249155
0.077633 -0.007160 0.250470
0.083694 -0.011792 0.249601
0.076129 -0.010946 0.250212
0.081177 -0.012036 0.249759
0.079679 -0.014424 0.249879
0.077937 -0.011034 0.248540
0.077047 -0.010671 0.249751
0.078292 -0.006901 0.250387
0.075876 -0.011976 0.250304
0.079848 -0.011283 0.248314
0.075045 -0.013025 0.250458
0.075224 -0.009456 0.249837
0.081589 -0.014699 0.249656
0.074469 -0.010214 0.251051
0.077599 -0.016027 0.249557
0.075876 -0.011976 0.250304
0.072390 -0.010943 0.251907
0.085391 -0.008438 0.249462
0.079405 -0.009488 0.248608
0.079047 -0.015062 0.248851
0.075918 -0.007136 0.251161
0.082554 -0.006538 0.249961
0.082769 -0.006079 0.248418
0.075672 -0.007302 0.251279
0.078948 -0.011787 0.249610
0.074764 -0.007275 0.251572
0.083524 -0.007345 0.249859
0.073314 -0.008618 0.252182
0.072362 -0.010180 0.252209
0.073672 -0.011389 0.251091
0.074225 -0.008000 0.251751
0.079970 -0.008599 0.249737
0.080400 -0.012209 0.249877
0.082642 -0.014713 0.249359
0.072961 -0.011098 0.250106
0.074288 -0.008374 0.251428
0.077518 -0.012290 0.249662
0.076801 -0.008633 0.250382
0.076666 -0.015204 0.250110
0.079956 -0.014943 0.249673
0.073045 -0.010787 0.251592
0.074944 -0.006433 0.251703
0.084062 -0.012490 0.249529
0.078708 -0.014290 0.249868
0.079207 -0.013843 0.249788
0.078690 -0.013834 0.249811
0.076007 -0.010255 0.250380
0.080683 -0.013592 0.249862
0.079529 -0.013931 0.249749
0.079049 -0.007401 0.250178
0.084507 -0.007537 0.250051
0.076888 -0.010363 0.249803
0.081229 -0.011155 0.248311
0.081241 -0.012481 0.249777
0.080320 -0.011258 0.249720
0.080526 -0.013811 0.249881
0.080060 -0.014333 0.249810
0.078217 -0.004834 0.249699
0.082888 -0.010359 0.249768
0.075718 -0.013056 0.248977
0.081378 -0.012294 0.249698
0.086020 -0.008869 0.248379
0.077792 -0.005167 0.250819
0.080967 -0.004875 0.249911
0.075459 -0.009761 0.250622
0.075718 -0.013056 0.248977
0.079544 -0.010928 0.249709
0.073196 -0.008565 0.252407
0.075954 -0.010873 0.250315
0.072435 -0.008976 0.252749
0.083932 -0.013866 0.249516
0.082480 -0.008137 0.249885
0.080035 -0.007071 0.250038
0.073408 -0.011451 0.251121
0.076670 -0.008306 0.250570
0.078607 -0.008206 0.249932
0.072676 -0.009550 0.252211
0.074222 -0.010238 0.251211
0.077376 -0.011564 0.249722
0.080688 -0.014489 0.249828
0.073496 -0.008503 0.252025
0.073561 -0.009737 0.251595
0.080683 -0.013592 0.249862
0.077650 -0.015709 0.249137
0.077946 -0.005532 0.249791
0.083214 -0.012975 0.249506
0.077669 -0.009265 0.249784
0.082128 -0.007128 0.250005
0.073708 -0.008001 0.252234
0.073988 -0.010067 0.251385
0.085257 -0.007721 0.249745
0.077831 -0.015771 0.249480
0.076933 -0.015734 0.250116
0.078903 -0.010299 0.249705
0.080649 -0.005541 0.249956
0.076806 -0.006976 0.250876
0.077120 -0.006245 0.250941
0.082300 -0.009275 0.249924
0.079073 -0.006187 0.250264
0.076192 -0.007114 0.250979
0.073314 -0.008618 0.252182
0.079599 -0.015056 0.249697
0.080819 -0.011817 0.249843
0.075631 -0.014634 0.250313
0.085799 -0.010159 0.249034
0.073408 -0.009892 0.251687
0.077520 -0.016231 0.249750
0.078880 -0.005463 0.250482
0.076682 -0.015482 0.250162
0.073432 -0.007912 0.252583
0.073679 -0.007936 0.252924
0.078759 -0.012440 0.249709
0.081018 -0.009595 0.249839
0.078534 -0.005222 0.250597
0.072156 -0.009188 0.253105
0.077823 -0.006642 0.249523
0.079320 -0.007082 0.248954
0.085335 -0.011132 0.249275
0.072525 -0.009240 0.252563
0.078514 -0.006215 0.250345
0.080569 -0.009304 0.249825
0.073896 -0.007767 0.252182
0.078822 -0.015261 0.249730
0.081869 -0.005757 0.249971
0.076529 -0.005223 0.251403
0.080258 -0.014903 0.248965
0.072765 -0.008105 0.251553
0.075495 -0.011396 0.250509
0.079636 -0.005240 0.250299
0.081060 -0.005981 0.249882
0.074596 -0.013845 0.250562
0.077883 -0.005192 0.250764
0.082332 -0.013782 0.249606
0.075485 -0.012650 0.250341
0.082941 -0.008567 0.249894
0.082169 -0.005407 0.249949
0.081119 -0.008975 0.249891
0.085897 -0.007796 0.248655
0.083839 -0.006498 0.250077
0.079069 -0.004241 0.250524
0.077090 -0.006577 0.250882
0.075080 -0.012319 0.250547
0.079360 -0.014868 0.249823
0.078424 -0.014003 0.248503
0.083319 -0.014604 0.249222
0.078266 -0.004489 0.250840
0.081663 -0.008135 0.249836
0.078909 -0.009334 0.249789
0.073247 -0.007669 0.251457
0.081617 -0.015196 0.249198
0.083844 -0.013486 0.249538
0.084352 -0.011988 0.249578
0.077297 -0.007140 0.250583
0.075635 -0.008401 0.250965
0.080399 -0.009332 0.249775
0.073141 -0.008789 0.253137
0.073682 -0.010030 0.251567
0.081541 -0.015122 0.249478
0.079791 -0.013672 0.249798
0.079913 -0.011301 0.249721
0.077110 -0.005865 0.250036
0.080857 -0.011108 0.249759
0.082757 -0.010230 0.249807
0.082079 -0.013221 0.248510
0.074842 -0.012895 0.250524
0.084060 -0.007165 0.250023
0.077360 -0.010122 0.249734
0.082009 -0.012212 0.249681
0.083266 -0.006737 0.250036
0.082550 -0.014875 0.249184
0.077513 -0.014524 0.249864
0.078439 -0.005612 0.250556
0.085754 -0.011347 0.247498
0.079258 -0.005303 0.250411
0.083663 -0.009979 0.249817
0.085065 -0.011147 0.249442
0.081331 -0.014455 0.249855
0.081241 -0.012481 0.249777
0.078357 -0.011131 0.249511
0.084983 -0.010791 0.249510
0.085865 -0.007141 0.248265
0.082708 -0.006332 0.249977
0.075038 -0.008263 0.251273
0.072377 -0.011919 0.251543
0.075218 -0.012154 0.250497
0.085309 -0.006333 0.250058
0.072175 -0.011586 0.251869
0.083106 -0.012222 0.249555
0.077004 -0.006805 0.250883
0.077434 -0.011246 0.249706
0.083336 -0.011353 0.249740
0.076855 -0.006692 0.250993
0.084762 -0.011747 0.247479
0.075045 -0.013025 0.250458
0.080384 -0.011847 0.249856
0.079267 -0.014558 0.249893
0.078039 -0.006293 0.250512
0.074801 -0.010033 0.250833
0.075635 -0.014380 0.250303
0.079040 -0.012271 0.249648
0.078799 -0.006231 0.249183
0.073341 -0.010572 0.251469
0.083549 -0.012536 0.249519
0.076527 -0.012506 0.249888
0.081629 -0.005240 0.249856
0.074244 -0.013109 0.250768
0.073326 -0.011152 0.251260
0.085621 -0.011250 0.248228
0.076536 -0.008869 0.250443
0.085335 -0.011132 0.249275
0.073533 -0.012360 0.251069
0.073652 -0.006934 0.251521
0.073277 -0.012228 0.251147
0.080219 -0.006736 0.249992
0.073679 -0.007936 0.252924
0.075442 -0.005906 0.251529
0.079424 -0.012614 0.249750
0.077468 -0.009651 0.249750
0.085995 -0.011038 0.247434
0.076739 -0.013786 0.249872
0.076361 -0.012255 0.249956
0.080556 -0.015108 0.249521
0.072744 -0.009677 0.252092
0.084685 -0.007539 0.250039
0.080669 -0.011279 0.249787
0.076483 -0.005782 0.251149
0.075857 -0.010015 0.250497
0.077917 -0.007271 0.250347
0.073989 -0.011939 0.250963
0.073388 -0.008476 0.252222
0.073644 -0.010743 0.251280
0.082441 -0.006035 0.249983
0.084195 -0.014005 0.249482
0.076818 -0.014310 0.249926
0.075573 -0.007779 0.251167
0.078337 -0.015443 0.249092
0.081626 -0.010173 0.249795
0.080018 -0.014646 0.249811
0.077616 -0.007546 0.250396
0.074786 -0.006515 0.251907
0.084389 -0.006234 0.250216
0.084679 -0.013160 0.249029
0.080856 -0.009174 0.249903
0.084291 -0.010216 0.249619
0.078812 -0.006442 0.250334
0.071952 -0.010187 0.252426
0.076669 -0.010648 0.249898
0.085948 -0.007657 0.248223
0.082249 -0.014764 0.249415
0.080209 -0.008779 0.249769
0.081203 -0.013663 0.249942
0.076282 -0.005346 0.251634
0.076562 -0.005451 0.251240
0.082200 -0.011279 0.249753
0.080901 -0.013382 0.249933
0.077821 -0.014878 0.249920
0.084993 -0.008481 0.249645
0.081524 -0.008662 0.249800
0.080818 -0.008830 0.248534
0.079373 -0.014954 0.248805
0.084696 -0.008371 0.249732
0.082450 -0.009750 0.249882
0.080718 -0.011837 0.248296
0.078262 -0.015391 0.249862
0.074118 -0.008301 0.251621
0.082886 -0.010569 0.249735
0.074287 -0.011866 0.249380
0.076597 -0.012100 0.249820
0.076501 -0.007906 0.250677
0.074469 -0.010214 0.251051
0.085769 -0.010878 0.248560
0.084441 -0.010639 0.249589
0.080141 -0.012640 0.248334
0.085391 -0.008438 0.249462
0.076752 -0.005133 0.251218
0.077104 -0.010250 0.249786
0.084503 -0.007209 0.250105
0.072623 -0.008984 0.253366
0.078591 -0.005480 0.249428
0.077251 -0.014170 0.249810
0.084182 -0.006765 0.247426
0.076654 -0.014086 0.249927
0.078880 -0.005463 0.250482
0.074132 -0.010993 0.251016
0.071555 -0.010734 0.252531
0.084943 -0.006705 0.246755
0.081885 -0.008764 0.249889
0.072586 -0.010334 0.252005
0.084949 -0.006962 0.250098
0.073379 -0.011858 0.251149
0.080183 -0.008483 0.249750
0.085171 -0.010736 0.249460
0.080349 -0.008288 0.249867
0.084373 -0.012826 0.249473
0.082040 -0.011754 0.249739
0.076730 -0.012497 0.248748
0.078777 -0.013125 0.249818
0.082234 -0.010880 0.249758
0.073673 -0.009040 0.251574
0.079707 -0.008737 0.249791
0.079523 -0.005586 0.250307
0.078350 -0.007209 0.250305
0.076871 -0.006886 0.249881
0.078443 -0.010373 0.249580
0.078277 -0.005384 0.250650
0.078294 -0.008930 0.249830
0.073455 -0.008778 0.251925
0.082923 -0.014534 0.249360
0.077145 -0.009038 0.249996
0.076929 -0.011615 0.249759
0.077004 -0.006805 0.250883
0.073357 -0.008163 0.252501
0.082977 -0.007439 0.250033
0.083839 -0.006498 0.250077
0.078722 -0.012181 0.249659
0.078645 -0.011710 0.249599
0.083282 -0.012115 0.248117
0.075119 -0.006377 0.251519
0.075081 -0.007702 0.251342
0.074950 -0.009492 0.250834
0.072836 -0.012352 0.251072
0.079696 -0.009375 0.249787
0.079812 -0.012829 0.249848
0.083582 -0.014511 0.249367
0.075727 -0.006449 0.251250
0.072165 -0.010440 0.252196
0.084675 -0.010616 0.246637
0.076276 -0.005398 0.250535
0.081406 -0.007923 0.248516
0.073736 -0.008562 0.251761
0.073388 -0.008476 0.252222
0.083239 -0.010092 0.249855
0.081819 -0.007261 0.249949
0.073447 -0.009066 0.251701
0.082941 -0.008567 0.249894
0.079738 -0.007639 0.250019
0.076735 -0.008923 0.250350
0.080988 -0.008539 0.249882
0.076666 -0.015204 0.250110
0.080339 -0.014830 0.249694
0.082450 -0.010377 0.249746
0.077297 -0.007140 0.250583
0.076015 -0.010608 0.250300
0.084205 -0.012661 0.249544
0.079672 -0.006169 0.249003
0.079181 -0.008580 0.249850
0.078811 -0.006004 0.250356
0.078027 -0.010422 0.249544
0.079174 -0.010068 0.249767
0.077855 -0.012700 0.249734
0.079048 -0.008440 0.249725
0.077223 -0.013030 0.249727
0.072429 -0.011589 0.251689
0.080683 -0.013592 0.249862
0.080884 -0.014990 0.249667
0.073328 -0.008638 0.253079
0.082757 -0.010230 0.249807
0.083948 -0.013163 0.249538
0.078463 -0.009556 0.249671
0.080209 -0.008779 0.249769
0.084670 -0.012685 0.249297
0.073673 -0.009040 0.251574
0.078907 -0.014748 0.249861
0.081763 -0.011988 0.249674
0.083612 -0.009657 0.249807
0.085433 -0.011342 0.249039
0.077615 -0.015856 0.249406
0.082318 -0.007216 0.248341
0.080569 -0.009304 0.249825
0.073584 -0.008313 0.253165
0.084747 -0.009845 0.249610
0.074997 -0.010266 0.250715
0.078039 -0.006293 0.250512
0.085881 -0.010749 0.248202
0.082919 -0.006377 0.249960
0.082186 -0.007881 0.248288
0.081283 -0.010000 0.249827
0.073005 -0.008726 0.252947
0.076085 -0.014299 0.250119
0.076954 -0.004772 0.251253
0.080805 -0.014090 0.249924
0.074939 -0.009256 0.250827
0.071987 -0.010667 0.252212
0.078437 -0.014589 0.249884
0.076960 -0.008366 0.250378
0.080648 -0.013329 0.249882
0.073875 -0.012504 0.250913
0.079986 -0.011943 0.249748
0.074122 -0.009231 0.251321
0.086148 -0.010047 0.247912
0.073239 -0.008806 0.252192
0.080117 -0.013750 0.249812
0.078263 -0.010767 0.249532
0.075988 -0.009264 0.250624
0.076787 -0.011439 0.249797
0.074276 -0.010457 0.251078
0.072791 -0.009844 0.251972
0.074891 -0.008506 0.250525
0.083668 -0.006140 0.250101
0.076882 -0.011877 0.249727
0.072911 -0.011153 0.251521
0.080856 -0.009174 0.249903
0.082132 -0.005971 0.249990
0.072840 -0.012165 0.251194
0.083901 -0.014137 0.249452
0.081885 -0.008764 0.249889
0.083694 -0.011792 0.249601
0.075980 -0.008910 0.250764
0.077381 -0.009166 0.249820
0.074313 -0.011893 0.250854
0.080018 -0.005817 0.250137
0.073953 -0.011651 0.251002
0.084992 -0.011456 0.249419
0.079199 -0.007262 0.250238
0.078821 -0.011175 0.249694
0.082703 -0.010761 0.249767
0.072158 -0.009196 0.252908
0.075857 -0.010015 0.250497
0.085155 -0.006588 0.250064
0.079267 -0.014558 0.249893
0.079531 -0.015099 0.249020
0.075188 -0.013414 0.250371
0.075633 -0.010002 0.250558
0.078424 -0.014003 0.248503
0.077376 -0.004950 0.251136
0.081144 -0.006766 0.249834
0.072010 -0.010936 0.252152
0.085063 -0.009987 0.249602
0.083331 -0.007194 0.250000
0.072377 -0.011919 0.251543
0.075860 -0.014122 0.250214
0.078599 -0.007479 0.250071
0.073767 -0.008198 0.251982
0.077237 -0.007818 0.250491
0.074122 -0.009231 0.251321
0.084002 -0.011364 0.249623
0.082132 -0.005971 0.249990
0.079423 -0.007140 0.250215
0.075485 -0.013276 0.250291
0.073989 -0.011939 0.250963
0.080745 -0.005331 0.248975
0.077677 -0.012928 0.249723
0.072540 -0.009935 0.252160
0.073508 -0.008423 0.253101
0.076372 -0.014251 0.250004
0.085499 -0.011594 0.247780
0.082126 -0.007380 0.249940
0.074820 -0.010651 0.250774
0.082169 -0.005407 0.249949
0.076997 -0.007296 0.250644
0.073408 -0.011451 0.251121
0.075672 -0.007302 0.251279
0.085453 -0.007931 0.249539
0.082818 -0.007980 0.249963
0.082480 -0.008137 0.249885
0.075573 -0.007779 0.251167
0.072362 -0.010180 0.252209
0.075787 -0.007771 0.250208
0.079767 -0.014741 0.248691
0.081991 -0.006799 0.250011
0.077090 -0.006577 0.250882
0.074394 -0.008114 0.251526
0.081610 -0.010853 0.249719
0.085638 -0.008244 0.249235
0.078948 -0.011787 0.249610
0.080443 -0.015018 0.249252
0.076288 -0.010298 0.250235
0.074420 -0.011029 0.250896
0.077439 -0.011976 0.248603
0.076184 -0.011696 0.250124
0.080629 -0.012507 0.249891
0.083006 -0.007013 0.250030
0.085039 -0.011987 0.249233
0.080469 -0.008033 0.249936
0.080339 -0.014830 0.249694
0.084900 -0.008854 0.249682
0.085079 -0.009605 0.249601
0.080203 -0.006063 0.250040
0.079545 -0.011238 0.249694
0.083747 -0.013984 0.249001
0.079356 -0.010476 0.249718
0.077708 -0.005967 0.250695
0.075384 -0.008332 0.251126
0.084885 -0.010968 0.249499
0.080526 -0.009122 0.249876
0.074346 -0.009296 0.251147
0.078934 -0.004313 0.249462
0.077943 -0.004967 0.249857
0.080500 -0.007654 0.249963
0.072278 -0.009288 0.252781
0.083472 -0.006982 0.250064
0.080117 -0.013750 0.249812
0.073671 -0.007790 0.252455
0.075494 -0.014283 0.250342
0.082195 -0.008819 0.249918
0.078168 -0.003979 0.250969
0.086088 -0.008142 0.247652
0.081618 -0.014193 0.249795
0.074245 -0.008762 0.251365
0.077821 -0.014878 0.249920
0.073045 -0.011908 0.251251
0.080516 -0.004670 0.250027
0.078280 -0.005334 0.249623
0.078369 -0.015561 0.249394
0.082912 -0.014793 0.249184
0.079545 -0.011238 0.249694
0.075025 -0.008743 0.251125
0.077795 -0.005437 0.250771
0.076163 -0.005867 0.251270
0.084465 -0.009919 0.249590
0.080036 -0.010927 0.249672
0.084691 -0.012350 0.249403
0.071802 -0.011319 0.252107
0.084221 -0.013669 0.249513
0.072961 -0.011098 0.250106
0.078800 -0.007712 0.250011
0.081184 -0.011055 0.249866
0.081390 -0.010958 0.249824
0.080526 -0.013811 0.249881
0.072751 -0.010672 0.251761
0.077302 -0.012710 0.249700
0.073927 -0.008875 0.251469
0.082890 -0.010911 0.247882
0.079817 -0.011761 0.249669
0.078244 -0.006306 0.250437
0.079702 -0.004651 0.249318
0.075990 -0.009620 0.250509
0.072728 -0.011287 0.251608
0.083014 -0.013021 0.249559
0.081644 -0.008883 0.249783
0.085531 -0.011445 0.246520
0.081421 -0.007128 0.249845
0.071254 -0.009830 0.251759
0.079037 -0.005713 0.250384
0.079454 -0.007643 0.250023
0.081803 -0.015152 0.249307
0.082341 -0.007631 0.249883
0.078168 -0.003979 0.250969
0.073408 -0.008376 0.252937
0.082450 -0.010377 0.249746
0.076369 -0.009188 0.250460
0.073076 -0.010433 0.251581
0.075590 -0.009328 0.250748
0.083175 -0.007828 0.249966
0.084060 -0.007165 0.250023
0.084507 -0.007537 0.250051
0.080975 -0.012186 0.249837
0.076975 -0.008126 0.250502
0.082996 -0.011128 0.249782
0.078540 -0.009170 0.249771
0.076199 -0.012810 0.250056
0.079333 -0.011545 0.249612
0.079405 -0.009488 0.248608
0.072010 -0.010936 0.252152
0.084233 -0.006481 0.250170
0.081371 -0.013453 0.249854
0.084180 -0.011002 0.249620
0.079619 -0.007791 0.249805
0.077948 -0.007728 0.250179
0.080493 -0.014994 0.249143
0.074435 -0.011388 0.250841
0.076638 -0.013318 0.249826
0.076827 -0.015740 0.248898
0.083694 -0.011792 0.249601
0.084434 -0.013844 0.249397
0.086093 -0.008929 0.248013
0.074245 -0.008762 0.251365
0.084281 -0.011676 0.249594
0.075986 -0.007726 0.250837
0.077227 -0.005400 0.251127
0.079105 -0.015308 0.249140
0.074435 -0.011388 0.250841
0.072836 -0.012352 0.251072
0.072744 -0.009677 0.252092
0.080169 -0.010098 0.248414
0.085971 -0.008289 0.248427
0.077062 -0.012195 0.249677
0.076160 -0.007567 0.250869
0.076431 -0.013672 0.249914
0.081308 -0.015193 0.249524
0.073716 -0.009096 0.250670
0.074420 -0.011029 0.250896
0.078759 -0.004753 0.250578
0.071958 -0.010557 0.252293
0.078510 -0.015308 0.249834
0.081504 -0.009643 0.249836
0.081618 -0.014193 0.249795
0.085614 -0.008505 0.249164
0.079281 -0.009671 0.249793
0.078156 -0.007954 0.250028
0.079597 -0.012420 0.249751
0.082349 -0.008226 0.249803
0.085881 -0.010749 0.248202
0.082855 -0.009342 0.249919
0.079483 -0.008957 0.249818
0.082485 -0.011619 0.249731
0.082949 -0.012566 0.249640
0.082973 -0.014759 0.249288
0.075347 -0.012326 0.250461
0.079612 -0.008169 0.249850
0.078602 -0.013408 0.249805
0.074050 -0.007571 0.252092
0.082075 -0.014827 0.249019
0.077183 -0.015019 0.249936
0.076199 -0.012810 0.250056
0.073018 -0.010262 0.251732
0.078541 -0.014798 0.249885
0.075540 -0.013625 0.250278
0.082758 -0.014359 0.249418
0.081378 -0.012294 0.249698
0.074394 -0.008114 0.251526
0.079410 -0.013551 0.249725
0.073111 -0.011516 0.251273
0.073430 -0.008426 0.253319
0.072751 -0.010470 0.251844
0.077888 -0.004288 0.251061
0.083466 -0.006087 0.250068
0.085863 -0.010948 0.247821
0.080180 -0.011587 0.249793
0.079365 -0.007422 0.250140
0.085499 -0.011594 0.247780
0.074118 -0.008301 0.251621
0.082485 -0.011619 0.249731
0.083573 -0.010958 0.249787
0.084025 -0.010884 0.249681
0.078272 -0.009899 0.249621
0.083174 -0.013358 0.249466
0.084507 -0.007537 0.250051
0.074856 -0.009003 0.250998
0.076433 -0.005412 0.251426
0.081663 -0.008135 0.249836
0.079600 -0.005010 0.250326
0.083468 -0.007636 0.249876
0.072951 -0.011258 0.251423
0.073619 -0.007747 0.251275
0.075540 -0.013625 0.250278
0.085795 -0.006878 0.247546
0.086150 -0.009367 0.247998
0.073070 -0.009034 0.252267
0.075717 -0.009030 0.250793
0.084303 -0.013118 0.249475
0.078648 -0.005692 0.250435
0.081615 -0.012976 0.249743
0.082948 -0.006588 0.250000
0.079267 -0.014558 0.249893
0.079823 -0.014053 0.249823
0.079982 -0.010170 0.249707
0.082014 -0.013223 0.249744
0.083598 -0.014256 0.249413
0.073388 -0.008476 0.252222
0.073673 -0.009040 0.251574
0.086042 -0.008533 0.248022
0.073644 -0.010352 0.251474
0.074028 -0.013377 0.250810
0.077599 -0.016027 0.249557
0.077360 -0.010122 0.249734
0.076997 -0.007296 0.250644
0.084949 -0.006962 0.250098
0.081369 -0.015055 0.249054
0.076269 -0.013239 0.249992
0.078620 -0.009976 0.249653
0.085769 -0.010878 0.248560
0.082087 -0.015006 0.249313
0.076273 -0.010686 0.248970
0.080838 -0.015189 0.249389
0.080821 -0.009982 0.249772
0.084465 -0.009919 0.249590
0.075738 -0.009655 0.250612
0.079244 -0.005587 0.250378
0.085785 -0.008535 0.248968
0.078731 -0.010646 0.249633
0.078140 -0.010281 0.249574
0.081864 -0.011740 0.248238
0.074661 -0.007837 0.251442
0.084639 -0.007777 0.249957
0.082501 -0.011080 0.249768
0.073455 -0.008778 0.251925
0.079199 -0.015379 0.249393
0.084344 -0.014061 0.249402
0.081929 -0.014620 0.249539
0.079612 -0.008169 0.249850
0.080959 -0.010907 0.249843
0.084430 -0.012332 0.249511
0.078822 -0.013683 0.248412
0.079738 -0.007639 0.250019
0.085518 -0.010414 0.249358
0.077705 -0.004642 0.249987
0.080627 -0.008895 0.249878
0.076670 -0.008306 0.250570
0.081792 -0.008879 0.248373
0.076526 -0.006639 0.251053
0.079682 -0.006528 0.250143
0.082684 -0.007689 0.249985
0.079956 -0.014943 0.249673
0.075423 -0.011681 0.250519
0.074766 -0.008529 0.251270
0.076945 -0.014917 0.250003
0.079936 -0.005983 0.250130
0.076097 -0.008207 0.250763
0.078671 -0.004497 0.250631
0.082494 -0.008385 0.248045
0.083522 -0.014595 0.249329
0.076656 -0.014692 0.250022
0.082450 -0.009750 0.249882
0.085518 -0.010414 0.249358
0.076483 -0.012951 0.249916
0.079364 -0.005832 0.250283
0.084362 -0.008362 0.249861
0.077054 -0.006017 0.251035
0.075199 -0.006180 0.251527
0.077302 -0.012710 0.249700
0.083683 -0.006910 0.250027
0.075565 -0.006587 0.251287
0.083165 -0.007310 0.247910
0.074184 -0.013277 0.250767
0.079323 -0.013102 0.249793
0.085614 -0.008505 0.249164
0.072505 -0.010583 0.251940
0.073122 -0.009831 0.251806
0.079798 -0.006545 0.250076
0.084303 -0.013118 0.249475
0.084124 -0.014159 0.249344
0.082339 -0.014925 0.249281
0.079600 -0.005010 0.250326
0.077011 -0.012622 0.249731
0.074607 -0.009981 0.250966
0.084863 -0.012600 0.248948
0.076685 -0.009587 0.250085
0.078599 -0.007479 0.250071
0.074012 -0.008534 0.251512
0.084778 -0.010711 0.249542
0.075344 -0.009555 0.250744
0.080222 -0.009280 0.249792
0.078912 -0.009767 0.249756
0.080025 -0.013101 0.249891
0.085785 -0.008535 0.248968
0.075609 -0.012110 0.250391
0.077664 -0.005264 0.249938
0.073508 -0.008423 0.253101
0.082186 -0.007881 0.248288
0.078522 -0.008013 0.250012
0.079710 -0.014933 0.248871
0.077061 -0.010126 0.249823
0.081246 -0.011728 0.249750
0.080349 -0.008288 0.249867
0.079947 -0.005084 0.250202
0.073883 -0.013103 0.250907
0.075983 -0.013687 0.250137
0.083668 -0.006140 0.250101
0.078148 -0.014406 0.249842
0.084983 -0.010791 0.249510
0.076845 -0.013106 0.249795
0.077765 -0.012004 0.249705
0.074770 -0.010320 0.250826
0.072010 -0.009655 0.252841
0.079202 -0.015109 0.249738
0.077565 -0.010054 0.249670
0.085079 -0.008630 0.249602
0.080609 -0.015124 0.249246
0.080514 -0.009641 0.249726
0.079828 -0.004739 0.250269
0.077818 -0.005790 0.250730
0.078832 -0.008850 0.249819
0.074817 -0.012037 0.250650
0.081162 -0.013169 0.249868
0.084007 -0.012895 0.249533
0.079785 -0.005882 0.249044
0.078759 -0.004753 0.250578
0.077792 -0.007938 0.250153
0.078078 -0.014035 0.249788
0.081337 -0.007393 0.249855
0.079168 -0.011071 0.249691
0.080871 -0.013731 0.249936
0.084844 -0.008162 0.249689
0.080614 -0.005045 0.249062
0.072340 -0.008939 0.252944
0.081337 -0.007393 0.249855
0.079529 -0.013931 0.249749
0.076490 -0.007599 0.250798
0.080384 -0.011847 0.249856
0.078812 -0.006442 0.250334
0.081618 -0.014193 0.249795
0.078468 -0.015114 0.249887
0.082818 -0.007980 0.249963
0.079105 -0.015308 0.249140
0.076901 -0.007781 0.250603
0.084900 -0.008854 0.249682
0.085785 -0.008535 0.248968
0.077067 -0.010823 0.248722
0.086140 -0.010787 0.247407
0.082810 -0.012854 0.249687
0.082715 -0.006839 0.249975
0.081119 -0.015185 0.249535
0.074961 -0.013345 0.250422
0.077381 -0.009166 0.249820
0.074179 -0.007185 0.252198
0.083244 -0.011838 0.249600
0.083258 -0.013909 0.249438
0.082494 -0.008385 0.248045
0.079742 -0.014443 0.248542
0.084912 -0.009448 0.249633
0.081234 -0.009325 0.249882
0.079679 -0.014759 0.249833
0.072230 -0.009530 0.252706
0.078202 -0.014818 0.249915
0.079274 -0.014166 0.249863
0.078438 -0.004597 0.250723
0.082341 -0.007631 0.249883
0.081889 -0.014941 0.249455
0.073934 -0.008004 0.252017
0.080526 -0.009122 0.249876
0.075670 -0.013258 0.250244
0.085199 -0.007105 0.249918
0.075045 -0.013025 0.250458
0.073754 -0.009179 0.251437
0.077027 -0.005255 0.251182
0.077262 -0.008218 0.250285
0.082087 -0.015006 0.249313
0.075952 -0.006305 0.251174
0.084503 -0.007209 0.250105
0.085479 -0.009480 0.249378
0.084233 -0.006481 0.250170
0.080805 -0.014090 0.249924
0.079636 -0.012988 0.249835
0.077447 -0.012664 0.249693
0.074596 -0.013845 0.250562
0.080733 -0.013097 0.249896
0.085977 -0.007546 0.247682
0.075349 -0.006770 0.251295
0.074719 -0.006664 0.251870
0.080180 -0.011587 0.249793
0.079756 -0.015145 0.249470
0.079744 -0.007282 0.250114
0.077079 -0.009818 0.249862
0.082977 -0.007439 0.250033
0.076189 -0.006511 0.251091
0.080219 -0.006736 0.249992
0.072866 -0.008867 0.253154
0.084318 -0.005935 0.250188
0.083101 -0.010426 0.249796
0.082075 -0.014827 0.249019
0.073656 -0.011828 0.251055
0.072911 -0.011153 0.251521
0.073907 -0.009742 0.251443
0.076570 -0.010263 0.250016
0.076638 -0.013318 0.249826
0.083746 -0.014397 0.249316
0.083640 -0.006271 0.250072
0.084784 -0.009211 0.249707
0.077246 -0.004560 0.251200
0.083520 -0.013024 0.249525
0.079738 -0.007639 0.250019
0.075170 -0.010783 0.250601
0.079908 -0.009565 0.249766
0.074028 -0.013377 0.250810
0.075119 -0.006377 0.251519
0.074718 -0.007007 0.251753
0.082260 -0.014147 0.249609
0.078822 -0.013683 0.248412
0.081529 -0.007496 0.249885
0.074716 -0.009183 0.250969
0.083214 -0.012975 0.249506
0.080284 -0.014066 0.249833
0.083034 -0.006064 0.249998
0.079023 -0.013031 0.249803
0.072045 -0.009509 0.253008
0.083800 -0.012304 0.249475
0.075969 -0.007306 0.251048
0.085971 -0.008289 0.248427
0.081916 -0.010222 0.249803
