0.026582 -0.002973 0.224504
0.022773 0.000149 0.227160
0.028803 -0.001599 0.222251
0.025462 0.000116 0.218365
0.029222 -0.001060 0.231401
0.024272 0.001906 0.222289
0.026630 0.001812 0.226112
0.033820 -0.001263 0.221138
0.024977 0.000209 0.218632
0.030375 -0.002362 0.230973
0.034609 -0.003106 0.221405
0.027263 0.002217 0.219315
0.031137 0.001655 0.223217
0.029364 0.003046 0.224812
0.032234 -0.004507 0.222281
0.027900 0.000294 0.224943
0.026417 0.002042 0.220302
0.024158 -0.000252 0.219085
0.027223 -0.006999 0.222538
0.024943 0.002188 0.222326
0.025023 -0.003026 0.225242
0.026304 0.000640 0.225874
0.025272 0.000303 0.218592
0.033597 -0.002756 0.221543
0.033272 0.002052 0.222580
0.035780 -0.000566 0.221522
0.025698 -0.004655 0.223931
0.030804 0.000789 0.223372
0.032248 0.002492 0.222864
0.028926 -0.001302 0.230948
0.028126 -0.002197 0.224107
0.024704 -0.000626 0.217829
0.029270 -0.001382 0.223898
0.026611 -0.004952 0.223687
0.021765 0.000498 0.221984
0.028834 -0.003566 0.223304
0.030226 -0.000418 0.223702
0.031873 -0.003865 0.223108
0.028346 -0.004127 0.223450
0.029666 -0.001594 0.231268
0.034892 -0.000333 0.221832
0.028948 -0.001744 0.224000
0.031300 -0.003560 0.230584
0.022575 -0.001115 0.219454
0.027076 -0.004830 0.222531
0.026558 -0.002423 0.224739
0.029915 -0.006430 0.222483
0.031864 -0.000139 0.222518
0.034557 -0.002829 0.222627
0.027669 -0.002986 0.224017
0.029047 0.003320 0.220122
0.028929 0.003484 0.219294
0.030073 0.000292 0.223892
0.035022 -0.001297 0.221959
0.029298 -0.002110 0.222159
0.035680 -0.002011 0.221999
0.020876 -0.000588 0.221910
0.024491 0.000818 0.220409
0.035094 -0.003013 0.220624
0.033419 0.000674 0.222346
0.031106 -0.003059 0.222044
0.026130 -0.003529 0.224579
0.020989 -0.001259 0.221939
0.034407 -0.002146 0.221018
0.025536 -0.001192 0.225692
0.025602 0.001151 0.219563
0.029542 -0.001466 0.230549
0.029380 0.002277 0.217767
0.030892 -0.001878 0.230814
0.020327 0.002043 0.226645
0.022078 -0.001263 0.227120
0.022355 0.000574 0.222592
0.022111 0.000643 0.222416
0.024050 0.000431 0.220338
0.026329 0.001703 0.219345
0.028427 -0.000650 0.224432
0.026438 -0.001675 0.225053
0.031063 -0.001818 0.230722
0.028900 -0.005050 0.223331
0.032618 -0.001242 0.222420
0.030778 -0.006012 0.222408
0.025256 0.000939 0.219691
0.025951 -0.000932 0.225655
0.033017 -0.004403 0.223107
0.032227 0.000679 0.222612
0.028121 -0.007763 0.222549
0.029478 -0.000735 0.223977
0.024351 0.001525 0.227039
0.030260 -0.004058 0.229198
0.027478 -0.000818 0.224732
0.025448 -0.004803 0.224092
0.025784 0.001981 0.220348
0.028791 0.002987 0.218937
0.028947 -0.000034 0.224332
0.035201 0.002332 0.221561
0.028925 -0.003134 0.223475
0.027429 0.000987 0.225538
0.026988 -0.003526 0.224156
0.024420 -0.003549 0.225385
0.020358 0.002033 0.227332
0.030198 -0.002421 0.223120
0.023462 -0.002987 0.222360
0.035082 0.005517 0.222132
0.027541 -0.007207 0.222551
0.029135 -0.004934 0.222351
0.026232 0.000606 0.218202
0.028553 -0.005841 0.222489
0.023589 -0.000622 0.219058
0.028497 0.000179 0.224611
0.020571 -0.001625 0.221519
0.028837 0.001747 0.217610
0.024734 0.000966 0.220274
0.023353 -0.000414 0.226651
0.027186 -0.002403 0.224404
0.031141 -0.005821 0.222425
0.032420 -0.001752 0.221660
0.028738 -0.001979 0.224033
0.025462 0.000116 0.218365
0.026259 -0.002356 0.224932
0.024421 0.002004 0.222521
0.026063 0.001202 0.219080
0.028943 -0.006457 0.223516
0.033382 -0.001457 0.221264
0.025841 -0.002005 0.216213
0.024856 0.000189 0.218839
0.030515 0.000596 0.223563
0.028237 0.002474 0.218852
0.029678 -0.001802 0.218171
0.024691 0.002225 0.222120
0.026479 0.002297 0.220653
0.030247 0.005355 0.224843
0.021035 -0.001738 0.220679
0.029717 -0.001823 0.218041
0.030835 -0.005025 0.222404
0.031665 -0.001362 0.222581
0.031566 -0.005352 0.222352
0.031036 0.001031 0.223203
0.035053 0.001951 0.221610
0.032997 0.000158 0.222221
0.030250 0.003859 0.224338
0.029550 -0.001226 0.231299
0.025793 -0.005589 0.222591
0.025146 0.001345 0.226975
0.021219 -0.000114 0.221451
0.028549 0.002112 0.218058
0.031861 -0.004567 0.223272
0.034812 -0.002677 0.220889
0.022111 0.000643 0.222416
0.033450 -0.003830 0.221933
0.034374 -0.003227 0.221631
0.026264 0.001631 0.226276
0.033965 -0.004017 0.221943
0.025812 -0.001277 0.225629
0.033357 -0.002328 0.221382
0.023565 -0.001341 0.217833
0.033991 -0.002458 0.222656
0.029685 -0.004733 0.222363
0.033484 -0.001005 0.221110
0.021245 0.000186 0.221956
0.024267 0.001646 0.221971
0.025272 0.000303 0.218592
0.028984 -0.003835 0.223144
0.026361 0.001538 0.226161
0.027617 -0.004063 0.223734
0.033646 -0.001211 0.222259
0.025009 0.002294 0.222216
0.024760 0.003336 0.227154
0.025759 -0.000049 0.225889
0.031577 -0.001804 0.221607
0.022765 -0.001357 0.218835
0.023234 0.000868 0.221617
0.025622 0.002077 0.226828
0.030344 0.001203 0.223715
0.031375 -0.001431 0.222695
0.035153 -0.002660 0.222450
0.028647 -0.000476 0.221666
0.030377 -0.002507 0.230945
0.021711 -0.000236 0.221053
0.029914 -0.006821 0.222467
0.028943 -0.006457 0.223516
0.026569 -0.005318 0.223548
0.021652 -0.001748 0.219774
0.029177 -0.002467 0.223620
0.029315 0.003631 0.219147
0.025864 -0.000416 0.225798
0.030415 -0.001936 0.231018
0.024435 -0.001270 0.225756
0.027419 0.000339 0.225383
0.021954 0.001078 0.228036
0.022748 0.000995 0.222335
0.025602 0.001151 0.219563
0.029261 0.002873 0.224861
0.025961 -0.001285 0.216491
0.030216 0.000712 0.223792
0.027059 0.002515 0.226082
0.022111 0.000643 0.222416
0.025145 0.002004 0.227048
0.024945 0.002092 0.221473
0.026390 -0.005680 0.223419
0.024539 -0.000345 0.218332
0.024711 -0.005656 0.222423
0.032228 0.001906 0.222752
0.021682 -0.001302 0.220217
0.025392 -0.005273 0.222452
0.031936 0.000350 0.222611
0.029772 -0.005101 0.223221
0.029702 -0.003896 0.222189
0.029682 0.003340 0.219135
0.035211 -0.003067 0.222458
0.023991 -0.000028 0.219737
0.034351 -0.000553 0.222001
0.022992 0.001002 0.221946
0.026142 0.001400 0.219214
0.027438 0.001510 0.218146
0.025614 0.001671 0.220128
0.033411 -0.001802 0.221235
0.035353 0.005730 0.222193
0.028719 -0.001740 0.224095
0.027206 -0.005306 0.223638
0.026263 0.001867 0.219629
0.023787 -0.000334 0.219391
0.029323 -0.005287 0.222452
0.031063 -0.001818 0.230722
0.026084 -0.000672 0.216929
0.028849 -0.000935 0.231324
0.032293 -0.005312 0.222332
0.027173 0.001069 0.217931
0.030929 -0.002730 0.221884
0.023880 0.000183 0.220177
0.026627 -0.004186 0.224053
0.029306 -0.004727 0.223217
0.035420 0.003498 0.221416
0.020821 -0.002027 0.220750
0.028182 -0.000461 0.231804
0.028421 -0.002367 0.223973
0.030816 -0.003665 0.222240
0.021757 -0.000467 0.227928
0.025627 -0.001072 0.216714
0.026801 -0.002919 0.224378
0.025482 0.002124 0.222044
0.024046 0.001699 0.222426
0.028726 0.001321 0.224711
0.025108 0.000008 0.218380
0.024222 0.001828 0.222538
0.025369 -0.002309 0.225244
0.033516 -0.001407 0.219536
0.034497 0.005597 0.222453
0.025478 -0.000899 0.225814
0.028657 0.003916 0.219905
0.027473 -0.001910 0.224446
0.027691 -0.004997 0.223615
0.030929 -0.002730 0.221884
0.027873 -0.004196 0.222451
0.032197 0.000029 0.222477
0.024752 -0.003715 0.225192
0.022840 -0.000109 0.227015
0.022372 -0.000998 0.226970
0.021456 0.000197 0.222181
0.030467 0.003103 0.223820
0.025087 -0.003739 0.225057
0.028719 0.001646 0.224872
0.023149 0.000994 0.222214
0.023426 0.001556 0.227273
0.021847 -0.001792 0.219434
0.029500 -0.002700 0.223473
0.032414 -0.004146 0.223101
0.026721 -0.000703 0.222312
0.023346 -0.000652 0.219311
0.028835 -0.001192 0.231540
0.031925 -0.002920 0.222181
0.024704 -0.006099 0.222476
0.027673 -0.005775 0.223525
0.023118 -0.002213 0.225871
0.030745 -0.000749 0.223314
0.029746 0.001409 0.220215
0.023812 -0.001518 0.225984
0.026360 -0.001303 0.225295
0.026923 -0.000210 0.225374
0.023757 0.000677 0.221043
0.028106 -0.006199 0.223502
0.029328 0.004573 0.220258
0.031220 -0.003665 0.228951
0.029399 -0.000906 0.231088
0.030840 -0.001801 0.222898
0.029105 0.003332 0.225185
0.034416 0.001384 0.221910
0.027539 0.002036 0.218744
0.025465 -0.000554 0.217311
0.031582 0.001123 0.222824
0.029592 0.003745 0.219150
0.030844 0.001340 0.223428
0.026882 -0.005643 0.223463
0.024310 0.000613 0.220302
0.033976 0.004654 0.222910
0.027611 0.002589 0.219686
0.030292 -0.006321 0.222418
0.030169 -0.002390 0.231030
0.025932 0.002344 0.220677
0.028386 0.001300 0.225016
0.020594 -0.001796 0.221289
0.027554 -0.000430 0.224868
0.026045 0.000490 0.225946
0.032714 -0.004416 0.222242
0.030247 0.005355 0.224843
0.027630 -0.003864 0.223732
0.034381 -0.003668 0.221710
0.021444 -0.004612 0.221939
0.026931 -0.002346 0.224569
0.030240 0.000347 0.218882
0.029864 0.004498 0.225028
0.031043 -0.002536 0.222874
0.026036 0.000872 0.226137
0.027318 -0.003906 0.223911
0.024162 -0.000983 0.217802
0.028040 -0.003232 0.223673
0.030277 -0.002021 0.221724
0.024732 -0.002519 0.225463
0.024481 -0.000240 0.226246
0.033746 0.002348 0.222425
0.028501 -0.006329 0.222545
0.026683 -0.003857 0.224188
0.032984 -0.001891 0.221520
0.028127 -0.005120 0.222426
0.024711 -0.005656 0.222423
0.031924 -0.005120 0.222339
0.029011 -0.006999 0.222518
0.032720 -0.003828 0.222963
0.030831 0.003501 0.223611
0.027840 -0.005103 0.222468
0.026536 -0.000605 0.216746
0.025884 -0.001595 0.225484
0.030411 0.004902 0.224479
0.030230 -0.001291 0.230978
0.024897 -0.000681 0.225970
0.024767 -0.001244 0.216975
0.020493 0.002521 0.227176
0.025073 -0.000990 0.216998
0.026232 0.000606 0.218202
0.030929 -0.002730 0.221884
0.026151 -0.004487 0.224037
0.021473 -0.000422 0.222193
0.030484 -0.001122 0.223427
0.026920 0.001948 0.220688
0.026589 0.000480 0.217799
0.025839 -0.000634 0.222370
0.035359 0.005302 0.221890
0.022758 -0.000561 0.220147
0.023348 0.000899 0.221613
0.024921 -0.001005 0.225819
0.026408 0.000092 0.217567
0.022928 -0.000858 0.219488
0.024982 -0.000863 0.217164
0.034041 -0.002972 0.221660
0.028769 0.002225 0.218135
0.028880 -0.003387 0.223139
0.027913 0.002743 0.219532
0.027684 -0.006245 0.223539
0.031930 -0.001620 0.230006
0.034775 -0.003372 0.221555
0.032530 0.000933 0.222591
0.027925 0.002267 0.218823
0.034849 -0.001658 0.222243
0.029634 0.003053 0.224386
0.033609 -0.003606 0.221894
0.028223 -0.000069 0.224663
0.034619 0.001953 0.221990
0.035068 -0.002172 0.222348
0.026681 0.001193 0.218424
0.029080 0.001012 0.217174
0.021287 -0.000432 0.221185
0.034812 -0.002677 0.220889
0.027231 -0.000523 0.216524
0.024113 0.001455 0.222418
0.027221 -0.000317 0.216642
0.021701 -0.000325 0.228003
0.023971 0.000678 0.226820
0.025948 -0.004371 0.222459
0.024934 0.001165 0.226897
0.033382 -0.001457 0.221264
0.025607 -0.003385 0.224926
0.024874 -0.001170 0.225698
0.026923 -0.000210 0.225374
0.023589 0.000529 0.220878
0.027501 0.000159 0.225178
0.033668 -0.002948 0.221688
0.024047 -0.001800 0.225805
0.024873 0.000020 0.226170
0.020262 0.001844 0.226882
0.027824 0.001765 0.218122
0.020449 0.002304 0.226757
0.027280 0.002466 0.219871
0.024828 0.001496 0.220810
0.035035 0.005169 0.221976
0.029724 -0.002253 0.223407
0.031936 0.000350 0.222611
0.029853 0.002467 0.224165
0.022934 0.000043 0.227051
0.025696 -0.000362 0.217601
0.028879 0.004094 0.219844
0.024304 -0.003462 0.225472
0.031172 -0.002574 0.221838
0.029636 -0.006287 0.222518
0.034251 0.004667 0.222640
0.025026 -0.002080 0.225433
0.027186 -0.002403 0.224404
0.025663 -0.004938 0.223726
0.023939 -0.000900 0.218177
0.025535 -0.002617 0.225050
0.023229 -0.001501 0.226239
0.029027 -0.001192 0.224055
0.024065 -0.001223 0.217555
0.031298 -0.003451 0.222240
0.032412 -0.003855 0.222959
0.026229 -0.002779 0.224785
0.024784 -0.002805 0.225390
0.026134 -0.005349 0.223567
0.030113 -0.001362 0.230388
0.026189 0.001137 0.226114
0.026377 -0.000948 0.216556
0.021866 -0.000398 0.227641
0.026632 -0.005011 0.222583
0.027063 -0.000577 0.225158
0.028501 -0.003893 0.223383
0.025932 0.002344 0.220677
0.031804 0.002700 0.222999
0.029085 0.001358 0.224461
0.031682 0.001757 0.222906
0.031065 -0.004443 0.222387
0.027475 0.001753 0.218412
0.032860 -0.003425 0.222952
0.021174 0.000248 0.228448
0.021078 0.001312 0.228338
0.023957 -0.000481 0.218862
0.028697 -0.004728 0.223355
0.028188 -0.004441 0.222417
0.026208 0.000828 0.225979
0.024687 -0.001483 0.225609
0.029561 0.003247 0.224628
0.025029 0.000814 0.226607
0.024134 0.000460 0.226618
0.029373 0.003297 0.224960
0.033450 -0.003830 0.221933
0.028463 -0.001832 0.224151
0.029271 0.001698 0.224399
0.024708 -0.001569 0.216775
0.030108 -0.000969 0.223633
0.035505 0.000227 0.221281
0.024633 -0.001807 0.216631
0.024667 -0.001105 0.225827
0.030637 -0.000322 0.223426
0.026615 -0.001062 0.225231
0.028210 -0.001519 0.224338
0.025916 -0.004417 0.224462
0.030745 -0.000749 0.223314
0.032522 -0.002451 0.222855
0.027312 -0.005633 0.223537
0.027483 0.000539 0.225441
0.030031 -0.001641 0.217490
0.026601 0.001922 0.219299
0.024010 -0.001637 0.217110
0.024214 -0.000079 0.226404
0.032534 -0.000601 0.222281
0.031614 0.004364 0.223326
0.033951 0.001958 0.222317
0.033054 -0.003522 0.222002
0.035386 0.002741 0.221404
0.029754 -0.004744 0.223168
0.030356 0.000017 0.223673
0.034518 -0.002821 0.221213
0.024710 0.001408 0.222492
0.031005 -0.004716 0.222396
0.026232 -0.004722 0.223790
0.033051 0.000409 0.222398
0.032198 -0.004806 0.222304
0.035420 0.003498 0.221416
0.027468 -0.005354 0.223602
0.034326 -0.001231 0.220572
0.030178 0.004577 0.224779
0.033248 -0.000967 0.221179
0.028870 -0.002752 0.222416
0.030548 -0.004882 0.222410
0.024762 0.001531 0.221110
0.029054 -0.002532 0.223482
0.024129 -0.001390 0.217289
0.025072 -0.001259 0.216807
0.030492 0.002561 0.223750
0.026762 -0.004036 0.224083
0.025008 -0.005290 0.222418
0.027839 -0.003246 0.223785
0.026770 0.001760 0.218922
0.022305 -0.001632 0.219008
0.025925 -0.005103 0.222501
0.023730 -0.002585 0.225688
0.026550 0.002255 0.226300
0.032505 -0.004091 0.222196
0.021986 0.000142 0.221245
0.025405 -0.005169 0.224182
0.023159 -0.000258 0.220193
0.029271 0.001698 0.224399
0.022919 0.001085 0.222207
0.024019 0.000486 0.222260
0.028952 0.002205 0.224855
0.028620 0.002634 0.218724
0.033919 -0.003927 0.221935
0.026278 -0.001658 0.225199
0.031546 -0.001873 0.230438
0.033119 -0.000954 0.221131
0.032631 0.003082 0.222900
0.026039 -0.004440 0.224341
0.025554 -0.000828 0.216932
0.025297 0.001989 0.220822
0.033948 0.000635 0.222018
0.030755 -0.006424 0.222444
0.027066 -0.001631 0.224738
0.028392 -0.007236 0.222543
0.034550 0.004536 0.222246
0.029195 -0.003262 0.222324
0.022804 0.000786 0.221561
0.031916 -0.001637 0.221547
0.023688 0.000158 0.226754
0.030997 0.000386 0.223126
0.027284 0.002452 0.220284
0.028439 -0.007527 0.222518
0.029277 -0.003748 0.223089
0.033120 -0.002268 0.221830
0.028589 0.001238 0.217232
0.027124 0.001999 0.219029
0.029899 -0.001948 0.217785
0.029020 0.002144 0.217881
0.025174 -0.001009 0.225765
0.027964 -0.006412 0.222531
0.027522 0.000898 0.217520
0.026276 -0.003231 0.224602
0.031804 0.002700 0.222999
0.025630 0.001457 0.219839
0.031329 -0.006072 0.223458
0.030985 -0.001603 0.230695
0.033734 0.000500 0.222005
0.034186 0.002932 0.222251
0.030153 0.003501 0.224216
0.021497 -0.001133 0.220568
0.033045 0.000817 0.222503
0.029836 -0.006341 0.223505
0.029054 -0.002532 0.223482
0.030156 -0.000943 0.230934
0.030609 0.000278 0.223476
0.035661 0.001306 0.221060
0.030430 -0.003271 0.223073
0.024631 -0.000917 0.217404
0.035340 -0.000446 0.221704
0.027862 -0.000494 0.224689
0.029114 0.000190 0.217007
0.031323 -0.002182 0.221712
0.028160 -0.001068 0.224463
0.025185 -0.005824 0.222522
0.032717 -0.004853 0.223278
0.022607 -0.000742 0.226880
0.023965 0.000666 0.220863
0.029849 0.003361 0.224333
0.028630 -0.003996 0.222345
0.021259 0.002994 0.228209
0.034343 -0.002586 0.221187
0.022784 -0.002373 0.225893
0.026736 -0.002308 0.224655
0.021022 -0.002049 0.220421
0.032852 -0.000952 0.222272
0.026164 -0.005055 0.223656
0.023645 0.000886 0.221446
0.031926 0.000885 0.222695
0.024503 -0.000112 0.218876
0.035255 -0.001692 0.222066
0.031558 -0.003139 0.222145
0.024172 0.000959 0.226876
0.031697 -0.003759 0.222313
0.027158 -0.001136 0.224807
0.033814 -0.003084 0.222807
0.027702 0.001248 0.217707
0.029277 -0.000954 0.224004
0.022656 -0.001774 0.226433
0.032918 0.003630 0.222950
0.029518 0.002358 0.217898
0.023390 -0.001616 0.226106
0.028227 -0.000565 0.231786
0.026342 -0.003107 0.215793
0.030021 -0.001162 0.223602
0.024269 -0.000025 0.219437
0.027558 -0.001281 0.224572
0.022941 -0.000974 0.226646
0.022970 -0.001605 0.226342
0.031013 -0.002681 0.221841
0.031491 -0.000347 0.222714
0.026889 0.000998 0.218081
0.023078 -0.000197 0.226868
0.020956 0.001821 0.228424
0.029771 -0.002488 0.229887
0.029702 -0.003896 0.222189
0.022222 0.000105 0.221118
0.028601 0.003547 0.219660
0.023854 0.001049 0.221793
0.029980 -0.003623 0.223135
0.028698 -0.001993 0.222412
0.029884 0.002942 0.224192
0.027169 0.002465 0.220152
0.022861 -0.000809 0.219668
0.032260 -0.001647 0.221579
0.025490 0.001747 0.220312
0.024406 -0.000076 0.219163
0.021961 -0.000530 0.220695
0.028671 0.003241 0.219254
0.025717 -0.000918 0.225767
0.032864 0.000121 0.222309
0.024234 -0.002626 0.225628
0.025763 0.000629 0.218673
0.028064 -0.000498 0.231820
0.022253 0.000729 0.221616
0.021986 0.000142 0.221245
0.032127 -0.004887 0.222313
0.023573 -0.000192 0.219944
0.029431 -0.001594 0.221919
0.028978 -0.001510 0.231461
0.021312 -0.001805 0.220201
0.026078 0.000750 0.218508
0.030590 0.001437 0.223625
0.029353 -0.002750 0.223426
0.023471 0.000681 0.221207
0.028967 -0.003527 0.223110
0.027473 -0.001910 0.224446
0.025287 -0.001819 0.225438
0.025327 0.001253 0.219901
0.025327 0.001253 0.219901
0.027779 -0.001681 0.224423
0.035404 0.003844 0.221445
0.027305 -0.002864 0.224191
0.020998 -0.000734 0.221251
0.034810 0.001124 0.221539
0.029811 0.000548 0.224028
0.030670 -0.003068 0.223001
0.024648 0.001158 0.220627
0.026129 0.001472 0.226341
0.032472 -0.001432 0.221338
0.025294 0.000688 0.226473
0.022440 0.000959 0.221991
0.027925 0.002267 0.218823
0.022653 -0.000398 0.220449
0.023440 -0.002143 0.225799
0.027070 -0.004927 0.223790
0.035055 0.001696 0.221441
0.031387 -0.004802 0.222368
0.023390 -0.001204 0.226301
0.029291 -0.000300 0.224165
0.026308 -0.004296 0.224073
0.028272 0.003275 0.219781
0.021765 0.000498 0.221984
0.027464 -0.005906 0.222528
0.034971 -0.002909 0.220835
0.026303 -0.004026 0.224274
0.025525 0.000876 0.226535
0.027454 -0.004644 0.223810
0.026194 0.002016 0.220264
0.029572 -0.002411 0.223503
0.032649 0.005380 0.223267
0.030015 0.001182 0.220065
0.028276 -0.005513 0.222433
0.030869 -0.001294 0.230564
0.030899 -0.002612 0.230863
0.033535 -0.003476 0.222925
0.028066 -0.004189 0.222416
0.026687 -0.002026 0.224812
0.030053 -0.001681 0.218008
0.025221 -0.000263 0.218061
0.031582 0.001123 0.222824
0.031077 -0.001934 0.222812
0.031902 -0.002669 0.222071
0.027567 0.000007 0.225040
0.032234 -0.001940 0.229885
0.028369 -0.001685 0.224234
0.022763 -0.002022 0.226154
0.025500 0.000738 0.219087
0.027520 0.000615 0.217281
0.033914 -0.002775 0.221483
0.029320 -0.006623 0.223544
0.031375 -0.001431 0.222695
0.028839 -0.004299 0.222253
0.026706 -0.000543 0.225341
0.028520 -0.003511 0.222450
0.034895 0.003915 0.221799
0.025041 -0.001065 0.225750
0.029104 -0.002948 0.222364
0.027365 -0.001458 0.224591
0.023868 0.000474 0.220590
0.031222 -0.001495 0.230508
0.029379 0.004334 0.220144
0.029060 0.002513 0.218318
0.025183 -0.001474 0.225500
0.028571 -0.007221 0.222529
0.030999 -0.002629 0.221815
0.026045 -0.004397 0.224437
0.025043 0.000718 0.219644
0.030193 -0.004701 0.222423
0.029552 0.002956 0.218550
0.032650 -0.003278 0.222139
0.029056 -0.006330 0.222533
0.029420 0.004461 0.219877
0.023172 -0.001210 0.226419
0.031023 -0.003195 0.230734
0.025429 0.000557 0.218871
0.035068 -0.002172 0.222348
0.028648 -0.003122 0.223569
0.027269 -0.000686 0.224966
0.030077 -0.003756 0.222203
0.023078 -0.000197 0.226868
0.031659 -0.002449 0.230483
0.028397 0.000312 0.224702
0.029854 0.007297 0.225535
0.027302 -0.000512 0.225030
0.021266 -0.000977 0.220873
0.033401 -0.003009 0.222843
0.031582 0.001123 0.222824
0.025153 0.002460 0.221630
0.028983 -0.000776 0.224162
0.029311 0.000266 0.224250
0.027153 0.000273 0.225507
0.029666 -0.001594 0.231268
0.024891 0.002307 0.221858
0.029167 -0.001849 0.223857
0.031286 -0.004219 0.223203
0.023095 -0.001130 0.218717
0.029411 -0.007016 0.222498
0.026461 -0.004679 0.223811
0.026404 0.001340 0.218764
0.033674 0.004270 0.222920
0.031090 -0.003523 0.223072
0.024462 0.001220 0.221208
0.030160 0.000753 0.220093
0.029522 -0.002260 0.222096
0.032763 -0.001545 0.222549
0.024745 0.000606 0.219843
0.032420 -0.001752 0.221660
0.030692 0.003926 0.223854
0.022620 0.000899 0.221757
0.025668 -0.004618 0.224318
0.027611 0.002644 0.219975
0.022584 -0.000268 0.220618
0.028147 0.000265 0.224809
0.028906 0.001087 0.217079
0.030207 0.002144 0.223911
0.024245 0.000184 0.226453
0.031178 -0.001239 0.222891
0.027350 0.001067 0.217792
0.032990 -0.002126 0.222716
0.023427 -0.001239 0.218170
0.021740 0.001348 0.228176
0.034812 0.004758 0.222037
0.031224 0.000796 0.222925
0.026433 0.001571 0.219024
0.029915 -0.006430 0.222483
0.025175 0.000470 0.218785
0.033208 0.004686 0.223279
0.033354 -0.000852 0.222168
0.022062 -0.000954 0.220202
0.028720 0.001362 0.217343
0.026867 -0.005400 0.222693
0.027461 -0.003513 0.223908
0.032739 -0.000234 0.222231
0.022547 -0.000271 0.227087
0.025521 -0.001948 0.216277
0.026557 -0.001342 0.225141
0.034035 -0.002437 0.221240
0.024710 -0.000220 0.218346
0.029976 -0.005144 0.222425
0.032795 0.004079 0.223095
0.030948 -0.002411 0.221735
0.032309 0.001265 0.222655
0.023457 0.000077 0.226834
0.034818 0.001559 0.221616
0.032967 -0.004244 0.222147
0.026800 -0.004877 0.223744
0.031636 -0.004277 0.222351
0.021541 0.000373 0.222039
0.022529 -0.000538 0.220359
0.023971 0.000678 0.226820
0.029347 -0.004515 0.222263
0.033175 -0.002635 0.221768
0.026630 -0.001522 0.216179
0.021473 -0.000422 0.222193
0.025687 0.001200 0.226665
0.023752 -0.000734 0.218633
0.020476 -0.002191 0.221208
0.033554 0.000262 0.222035
0.024536 0.001208 0.221001
0.029536 0.003786 0.219721
0.021749 0.000465 0.221807
0.023598 -0.001282 0.226192
0.026082 0.000064 0.225804
0.028459 0.000920 0.224794
0.028156 0.003318 0.220067
0.021844 0.000668 0.227982
0.030693 -0.004086 0.222329
0.027298 -0.000051 0.216794
0.027832 -0.000129 0.224818
0.032987 -0.000536 0.222137
0.021350 -0.001477 0.220438
0.021574 0.000258 0.221531
0.024925 0.001663 0.227055
0.022657 0.000596 0.221356
0.027115 -0.004772 0.223879
0.030844 0.001340 0.223428
0.025420 0.001476 0.220062
0.021613 0.000045 0.221311
0.024194 0.001348 0.221651
0.031429 -0.003275 0.230643
0.025900 0.001084 0.226401
0.032166 -0.002430 0.222039
0.030900 -0.001706 0.222866
0.020717 -0.001960 0.221731
0.025461 0.000581 0.226338
0.021866 -0.000398 0.227641
0.028139 -0.000205 0.216537
0.030368 -0.000960 0.230775
0.031662 0.000084 0.222633
0.027276 -0.000228 0.225159
0.035610 0.003552 0.221308
0.032197 0.000029 0.222477
0.033057 -0.003885 0.222003
0.020123 0.002641 0.226781
0.032203 -0.000309 0.222382
0.027717 -0.005101 0.223547
0.023024 -0.001075 0.218950
0.033401 -0.003009 0.222843
0.030002 -0.001560 0.231146
0.031572 -0.001758 0.222677
0.025323 -0.004497 0.224786
0.028716 -0.002382 0.222428
0.030008 -0.004473 0.223146
0.025605 0.000327 0.218510
0.033057 -0.003885 0.222003
0.031494 -0.001252 0.230316
0.033884 0.002743 0.222398
0.025226 0.002502 0.221882
0.030607 -0.004844 0.223179
0.035642 -0.000872 0.221713
0.026385 -0.005660 0.222740
0.027230 0.002129 0.225894
0.022928 -0.000858 0.219488
0.035354 0.001713 0.221242
0.029282 -0.001913 0.231333
0.026938 -0.000199 0.216847
0.022188 0.000788 0.222168
0.030709 -0.002253 0.221674
0.028302 -0.006546 0.223512
0.034060 -0.001413 0.222244
0.026208 0.000828 0.225979
0.024283 0.000891 0.220859
0.027490 0.002575 0.220141
0.027273 -0.005570 0.222573
0.035074 0.000944 0.221408
0.028628 0.003218 0.219316
0.029225 0.000937 0.224295
0.029053 0.004290 0.220226
0.029551 0.000945 0.224118
0.029142 -0.002533 0.223445
0.027609 0.000022 0.216767
0.026527 0.001052 0.225894
0.022512 0.000672 0.227482
0.029382 -0.003048 0.222295
0.026867 -0.005400 0.222693
0.035154 0.003246 0.221587
0.027793 -0.007372 0.222567
0.025245 -0.000560 0.217405
0.032663 -0.001694 0.221531
0.030165 -0.000847 0.221130
0.031861 -0.004567 0.223272
0.034838 -0.002263 0.220372
0.026433 0.001571 0.219024
0.028369 0.000469 0.224758
0.027844 0.000768 0.225251
0.025197 0.001438 0.220257
0.025237 -0.004559 0.224796
0.024696 -0.000090 0.218539
0.034849 -0.001658 0.222243
0.028332 0.003593 0.220018
0.027080 0.001664 0.218625
0.026867 -0.005400 0.222693
0.035948 -0.000286 0.221381
0.032605 0.002153 0.222711
0.025925 0.000410 0.218338
0.031063 -0.001818 0.230722
0.025045 0.000384 0.218985
0.028618 -0.001118 0.224263
0.031691 -0.005725 0.222386
0.035479 0.002254 0.221333
0.027858 -0.003876 0.222446
0.034439 0.002587 0.222098
0.032815 0.004516 0.223302
0.034619 0.001953 0.221990
0.033912 -0.003353 0.221780
0.026248 -0.006004 0.223465
0.022351 -0.001116 0.219679
0.030539 -0.003750 0.222233
0.026757 0.001490 0.225922
0.028272 0.003275 0.219781
0.026962 -0.002813 0.224364
0.027874 -0.001407 0.224478
0.023042 -0.000586 0.219840
0.027311 -0.004978 0.223771
0.029040 -0.001907 0.222226
0.022355 -0.004948 0.222192
0.021615 0.000173 0.228083
0.025015 0.002409 0.222030
0.020314 -0.002609 0.221225
0.027027 0.000397 0.217325
0.030423 -0.002942 0.221982
0.024642 0.001297 0.226998
0.035650 -0.000161 0.221408
0.025272 0.000303 0.218592
0.026383 0.000697 0.222073
0.027769 0.000390 0.225108
0.022799 -0.001406 0.226592
0.025940 -0.003140 0.224811
0.026372 -0.001996 0.225012
0.032041 -0.002154 0.222773
0.026575 -0.006237 0.223478
0.023758 0.000287 0.220375
0.032370 -0.002109 0.221929
0.033358 0.003520 0.222806
0.029562 -0.002875 0.223381
0.031043 -0.002536 0.222874
0.032853 -0.001845 0.221592
0.025033 -0.000458 0.217821
0.032252 -0.002387 0.230004
0.028683 -0.001509 0.224151
0.026770 0.001760 0.218922
0.030706 -0.001363 0.230258
0.027302 -0.000512 0.225030
0.029057 -0.000902 0.231398
0.028892 -0.003409 0.222387
0.031543 -0.001281 0.230264
0.025836 0.001765 0.220035
0.028392 -0.000086 0.224567
0.025691 -0.000679 0.217045
0.029552 0.002956 0.218550
0.022074 -0.000211 0.220911
0.027940 0.002901 0.219833
0.023141 0.000902 0.227267
0.022201 0.001576 0.227885
0.029454 0.004372 0.225258
0.029937 -0.000697 0.223773
0.028422 0.004137 0.225736
0.028960 0.002362 0.218212
0.028395 -0.005912 0.223473
0.033916 0.003231 0.222447
0.028068 0.000819 0.225050
0.021750 -0.001505 0.219964
0.027603 -0.002891 0.224073
0.032332 -0.003460 0.222191
0.028264 0.002747 0.219134
0.034740 0.005108 0.222235
0.030301 -0.003814 0.223118
0.030386 -0.002522 0.230922
0.028497 -0.004465 0.222403
0.029033 -0.004508 0.222234
0.024121 -0.000621 0.218406
0.033894 -0.003795 0.222901
0.024672 0.000143 0.219183
0.029277 -0.007084 0.222503
0.025068 -0.002608 0.225264
0.026844 -0.005382 0.223547
0.030348 -0.000775 0.223546
0.027473 -0.001910 0.224446
0.033911 -0.001680 0.222425
0.022808 0.000789 0.222576
0.024443 -0.001272 0.217155
0.025256 0.000939 0.219691
0.029608 -0.003468 0.223140
0.032400 -0.002471 0.228931
0.031995 0.001284 0.222729
0.026455 -0.006201 0.222746
0.024502 -0.001942 0.225642
0.028716 -0.002382 0.222428
0.030090 -0.000617 0.230906
0.032420 -0.001752 0.221660
0.028529 0.001743 0.225082
0.032763 -0.001545 0.222549
0.027885 0.001594 0.217876
0.031476 -0.005975 0.222443
0.021507 0.002061 0.228225
0.025545 0.002042 0.220596
0.030160 0.000753 0.220093
0.033135 0.004397 0.223155
0.023523 0.000908 0.221835
0.030091 -0.001378 0.223478
0.025925 0.000410 0.218338
0.031381 -0.005713 0.222405
0.033942 -0.005166 0.227883
0.026843 -0.007070 0.222533
0.033248 -0.000967 0.221179
0.022858 -0.000206 0.220500
0.028133 -0.003526 0.223492
0.032132 -0.005327 0.223380
0.032269 0.000341 0.222555
0.022323 0.000914 0.227736
0.032206 -0.002858 0.222902
0.025053 -0.004516 0.224822
0.030444 -0.005376 0.222399
0.023767 -0.001124 0.217977
0.030385 -0.003572 0.223099
0.027077 -0.002043 0.224586
0.031224 0.000796 0.222925
0.025445 -0.001953 0.225392
0.034877 0.000634 0.221554
0.029399 -0.000906 0.231088
0.028297 -0.002319 0.224012
0.024363 -0.000709 0.218036
0.024233 0.000116 0.219774
0.029054 -0.002532 0.223482
0.023571 -0.000970 0.218406
0.030716 -0.002135 0.222931
0.026189 -0.000442 0.225642
0.021880 0.000563 0.222135
0.031344 -0.002830 0.230704
0.033040 0.000257 0.222343
0.031110 0.002215 0.223280
0.030090 -0.006110 0.222420
0.025238 -0.000667 0.225904
0.024044 0.001405 0.222115
0.031877 -0.001957 0.221768
0.030226 -0.000418 0.223702
0.031876 -0.001744 0.222637
0.025891 0.002651 0.221212
0.025523 -0.003886 0.224865
0.028513 0.003679 0.220226
0.027501 0.000159 0.225178
0.026934 -0.004006 0.224052
0.023880 0.000183 0.220177
0.022282 -0.000578 0.227135
0.025958 0.002539 0.220973
0.028558 0.002075 0.225149
0.026039 -0.004440 0.224341
0.027350 -0.003212 0.222496
0.033137 -0.002959 0.221951
0.031549 -0.003166 0.222963
0.030308 0.000215 0.220063
0.029419 -0.004133 0.223118
0.035659 0.001601 0.221015
0.022868 -0.001442 0.218505
0.031545 -0.002394 0.221871
0.029408 0.002383 0.224480
0.030559 -0.002268 0.221692
0.028975 -0.003449 0.223388
0.026899 -0.004334 0.222455
0.033731 0.000769 0.222217
0.027250 -0.004578 0.222460
0.031137 -0.001900 0.217514
0.024541 0.001867 0.221813
0.021567 0.004058 0.227838
0.028500 0.001591 0.217607
0.020493 0.002521 0.227176
0.024518 0.001411 0.221355
0.027954 -0.006492 0.223546
0.025341 -0.004797 0.223961
0.027294 -0.006343 0.222571
0.028559 -0.000173 0.224469
0.022789 0.001022 0.227486
0.034138 -0.000066 0.221912
0.026063 0.001202 0.219080
0.023311 -0.000807 0.226477
0.026412 -0.004322 0.224005
0.027439 -0.003933 0.223816
0.032623 -0.003718 0.222107
0.025443 -0.001630 0.216434
0.033185 -0.001463 0.222432
0.035354 0.001713 0.221242
0.029013 0.002575 0.224940
0.024162 -0.000983 0.217802
0.029490 -0.001629 0.231314
0.031420 -0.000791 0.222729
0.026292 0.002389 0.220797
0.027788 0.002501 0.219276
0.028610 -0.001621 0.222297
0.031611 -0.001737 0.229737
0.031023 -0.003195 0.230734
0.028432 0.001776 0.217753
0.027324 -0.004941 0.222589
0.033942 -0.005166 0.227883
0.027501 0.001338 0.217932
0.026123 0.001909 0.219960
0.028293 -0.002838 0.223729
0.030846 -0.005558 0.222398
0.033589 0.000522 0.222140
0.030151 0.002738 0.224001
0.034247 0.001029 0.221958
0.029454 0.004372 0.225258
0.022227 -0.000680 0.220387
0.031588 -0.001436 0.230277
0.025976 0.001540 0.219557
0.032824 -0.002200 0.221972
0.035000 0.002165 0.221733
0.031411 0.001846 0.223040
0.035151 0.001948 0.221556
0.029305 0.002016 0.224455
0.033718 -0.002334 0.221296
0.026394 -0.002491 0.222455
0.024453 -0.001065 0.225947
0.034482 0.004996 0.222483
0.030716 -0.002135 0.222931
0.030855 -0.000888 0.218226
0.033169 -0.000086 0.222089
0.024263 -0.002275 0.225663
0.024545 -0.002819 0.225493
0.026796 0.000120 0.217245
0.030921 -0.001131 0.223159
0.029139 -0.007467 0.222495
0.030445 0.003669 0.224032
0.028980 0.003835 0.219548
0.025750 -0.001645 0.216365
0.029816 0.002074 0.224133
0.029664 0.003217 0.224399
0.020039 0.003273 0.226834
0.034399 -0.001309 0.222191
0.024758 0.000100 0.218828
0.028462 -0.000872 0.231665
0.026385 -0.005660 0.222740
0.029567 0.002681 0.224374
0.022111 0.000643 0.222416
0.026718 0.001455 0.218644
0.024496 0.000539 0.226540
0.028421 -0.002367 0.223973
0.029988 0.001369 0.223909
0.026875 0.001963 0.226032
0.035112 0.001392 0.221348
0.023854 0.001049 0.221793
0.024877 0.000444 0.219441
0.031438 -0.001398 0.221224
0.027005 0.000485 0.217436
0.025695 0.000814 0.219000
0.023187 -0.000873 0.219099
0.023548 0.000801 0.227072
0.032739 -0.000234 0.222231
0.024172 0.000959 0.226876
0.033652 -0.001676 0.221166
0.030757 -0.003403 0.222143
0.032466 -0.002705 0.222215
0.034518 -0.001606 0.220017
0.030334 0.003667 0.224105
0.029202 -0.004054 0.222201
0.023718 -0.000212 0.226609
0.022732 0.001087 0.222061
0.025168 0.000534 0.226363
0.025096 0.001908 0.222388
0.033962 -0.003891 0.221883
0.020753 -0.001787 0.221022
0.034761 -0.000909 0.221950
0.024555 0.000304 0.219674
0.028814 -0.003142 0.222425
0.034296 -0.002859 0.221354
0.026502 0.001292 0.225961
0.029787 -0.002404 0.222013
0.023054 0.000669 0.221338
0.025583 0.002308 0.220878
0.026933 0.000235 0.225558
0.030728 -0.003083 0.222015
0.028789 -0.002374 0.223877
0.034349 0.003335 0.222174
0.030117 -0.002838 0.223124
0.029284 0.001915 0.217644
0.027173 -0.004656 0.223903
0.026262 -0.000485 0.217067
0.028168 -0.003200 0.223621
0.025592 0.001481 0.226815
0.028151 0.001468 0.217617
0.027900 0.000294 0.224943
0.029985 -0.002757 0.222024
0.029663 -0.001069 0.223800
0.025987 0.000885 0.218725
0.028197 0.002048 0.218228
0.029866 -0.000732 0.230900
0.030607 -0.004844 0.223179
0.024344 -0.003006 0.225543
0.030239 -0.001757 0.223341
0.021385 0.000293 0.221785
0.020883 -0.001132 0.221190
0.022153 0.000052 0.227504
0.034552 0.000866 0.221678
0.029702 0.002071 0.218244
0.029096 -0.004250 0.223195
0.024729 0.002185 0.222379
0.029864 -0.000858 0.231103
0.030371 0.001585 0.223761
0.025451 -0.000058 0.218181
0.026914 -0.005156 0.223648
0.020463 -0.002002 0.221502
0.033982 0.000871 0.222111
0.031598 -0.001020 0.222583
0.029082 0.003239 0.218964
0.035978 -0.001938 0.221782
0.033168 -0.004354 0.222150
0.022548 -0.001225 0.226813
0.026223 -0.000984 0.225485
0.027318 -0.003906 0.223911
0.027687 -0.002572 0.224137
0.035185 0.000642 0.221383
0.026379 -0.003419 0.224460
0.030961 -0.001572 0.222940
0.035147 0.001862 0.221490
0.026763 -0.000035 0.225521
0.023187 -0.000873 0.219099
0.024411 -0.000934 0.217672
0.031912 -0.001057 0.222481
0.021006 0.000632 0.228467
0.028504 0.002878 0.219073
0.025279 -0.000712 0.217161
0.031893 -0.003399 0.222251
0.032263 -0.003699 0.228536
0.024496 0.002204 0.222338
0.034060 0.005231 0.222806
0.034388 -0.001758 0.222413
0.025911 0.001679 0.219773
0.023440 -0.002143 0.225799
0.027933 -0.004544 0.223613
0.030112 0.003996 0.224577
0.022142 0.000458 0.221464
0.027630 -0.003864 0.223732
0.028700 -0.004304 0.222336
0.026683 -0.003857 0.224188
0.029622 -0.002027 0.231227
0.027631 0.000490 0.225301
0.023967 -0.000085 0.219661
0.029956 -0.002571 0.223238
0.027027 0.000397 0.217325
0.033191 -0.002245 0.221565
0.030015 -0.000478 0.230941
0.027070 0.002268 0.219593
0.027392 0.002380 0.219513
0.030112 0.004193 0.224724
0.032373 0.003873 0.223084
0.027186 -0.002403 0.224404
0.024999 0.001796 0.221015
0.024441 -0.000521 0.226169
0.024760 -0.000367 0.226104
0.033766 -0.003105 0.228093
0.025358 -0.004290 0.224829
0.031857 0.002390 0.222934
0.030950 0.004347 0.223679
0.029494 -0.006661 0.222501
0.028224 -0.000509 0.224555
0.029115 -0.002767 0.223388
0.026120 -0.002099 0.225080
0.029862 0.003654 0.224606
0.033262 -0.003919 0.222988
0.030443 -0.003459 0.222140
0.035440 0.001212 0.221190
0.027872 0.001976 0.218437
0.033519 -0.004282 0.223014
0.029773 -0.003116 0.222150
0.034779 0.006028 0.222448
0.029213 -0.001457 0.231397
0.029508 -0.000788 0.231246
0.026612 -0.005973 0.223388
0.025497 -0.005454 0.223944
0.025434 -0.004788 0.223882
0.027583 -0.006747 0.222537
0.028607 -0.007490 0.222500
0.020831 -0.000706 0.221547
0.026229 0.001920 0.226412
0.026908 -0.004534 0.223919
0.027063 -0.000577 0.225158
0.020244 0.001829 0.226601
0.029849 0.003361 0.224333
0.026919 -0.000770 0.216472
0.026011 -0.005587 0.223565
0.025691 -0.000679 0.217045
0.026234 -0.005218 0.222602
0.025887 -0.004529 0.224240
0.031877 -0.001957 0.221768
0.029201 0.004392 0.219968
0.035053 0.006762 0.223063
0.025146 0.001345 0.226975
0.026030 -0.001754 0.225324
0.021557 -0.000639 0.220854
0.032503 -0.001990 0.222744
0.026810 0.000289 0.217404
0.032158 -0.000800 0.222385
0.023825 -0.002928 0.225633
0.027472 -0.005037 0.222526
0.029854 -0.001928 0.221869
0.020915 -0.000372 0.221682
0.028444 -0.003458 0.223434
0.028353 -0.008014 0.222519
0.030819 0.002574 0.223507
0.035310 0.002008 0.221433
0.034403 -0.001428 0.220909
0.030947 -0.001476 0.230658
0.030050 0.006351 0.224718
0.025034 -0.001622 0.216580
0.031696 -0.003070 0.230513
0.028951 -0.003555 0.223412
0.032672 -0.002803 0.222250
0.031182 -0.005379 0.222386
0.025309 0.001556 0.226970
0.025370 -0.002999 0.225090
0.031366 -0.000055 0.222819
0.029755 -0.002837 0.223319
0.023676 0.000448 0.226870
0.030018 -0.002124 0.223315
0.027478 -0.000818 0.224732
0.030193 -0.004180 0.222293
0.023940 0.000181 0.226632
0.027717 -0.005101 0.223547
0.028763 -0.006131 0.222530
0.022774 0.000171 0.227179
0.027137 -0.006079 0.223496
0.033209 -0.003354 0.222944
0.031438 -0.001398 0.221224
0.030855 -0.000888 0.218226
0.026777 -0.001471 0.224958
0.026045 0.000490 0.225946
0.026260 -0.006532 0.222713
0.032296 0.004687 0.223263
0.029455 -0.001271 0.223842
0.022440 0.000740 0.221580
0.025623 -0.001409 0.216508
0.023984 -0.000497 0.226381
0.033327 -0.000396 0.222009
0.032203 -0.000309 0.222382
0.029608 -0.003468 0.223140
0.026645 -0.002797 0.215740
0.025544 -0.003765 0.224884
0.033168 -0.004354 0.222150
0.027702 -0.004394 0.223719
0.020806 -0.002984 0.221678
0.027135 -0.000720 0.225065
0.031990 -0.004169 0.222281
0.025696 -0.000362 0.217601
0.027599 -0.002286 0.224251
0.022384 0.000340 0.227403
0.028233 -0.004735 0.223489
0.028711 0.000494 0.224571
0.029403 -0.006124 0.223482
0.032441 0.003404 0.222989
0.033597 0.004645 0.223126
0.030101 -0.004974 0.223183
0.035389 0.004781 0.221657
0.025297 -0.002141 0.225359
0.031738 -0.001456 0.230038
0.036063 -0.001597 0.221682
0.029521 -0.003045 0.223264
0.024924 -0.003245 0.225244
0.021891 -0.000844 0.227359
0.025270 -0.003930 0.224946
0.035391 -0.001150 0.221825
0.030530 0.001011 0.223596
0.029155 -0.007076 0.223586
0.027098 -0.003116 0.224194
0.025420 0.000829 0.219395
0.030626 -0.001548 0.230849
0.033613 0.002560 0.222512
0.023148 0.000620 0.222425
0.032224 -0.001520 0.222553
0.022130 -0.001711 0.219161
0.034306 -0.003027 0.221554
0.029209 -0.005066 0.223277
0.030690 0.004959 0.224013
0.033821 -0.000645 0.222048
0.024363 -0.003358 0.225478
0.029494 -0.006661 0.222501
0.032906 -0.002901 0.222083
0.026725 -0.003111 0.224346
0.031959 -0.004686 0.222322
0.031080 -0.002006 0.221588
0.025434 -0.004788 0.223882
0.033050 -0.004686 0.222252
0.023460 0.000889 0.222151
0.029675 0.001522 0.217989
0.033911 -0.001680 0.222425
0.027649 -0.005255 0.223552
0.033453 0.005153 0.223158
0.023825 -0.002928 0.225633
0.033961 0.001553 0.222280
0.025750 -0.005294 0.223729
0.032248 0.002492 0.222864
0.026070 -0.004269 0.224415
0.030417 -0.004147 0.223133
0.023534 -0.000066 0.220138
0.030800 -0.002052 0.230888
0.029079 -0.002499 0.223406
0.022219 0.000786 0.222336
0.028523 -0.000817 0.224354
0.020600 -0.002235 0.220907
0.025580 0.000339 0.226108
0.032293 -0.001760 0.229613
0.025905 -0.000536 0.217193
0.031211 -0.004021 0.222359
0.022815 0.000865 0.221684
0.028746 0.001944 0.217754
0.022584 0.000281 0.221101
0.021967 0.000166 0.227762
0.022530 -0.000411 0.220520
0.029564 -0.003438 0.222215
0.031793 -0.000591 0.222506
0.023564 0.000949 0.221604
0.024353 0.001888 0.222607
0.029298 -0.002110 0.222159
0.031350 0.001407 0.223004
0.032649 0.005380 0.223267
0.027879 -0.003503 0.223666
0.029374 0.003960 0.219387
0.025079 0.001253 0.220180
0.029347 -0.004515 0.222263
0.034653 -0.001435 0.220645
0.022466 -0.001425 0.219163
0.027716 -0.005508 0.222479
0.031686 0.007504 0.222545
0.028442 0.003884 0.220178
0.030467 0.003103 0.223820
0.035050 -0.003142 0.221073
0.021325 0.000594 0.228270
0.028737 -0.004699 0.222315
0.024156 -0.001255 0.225970
0.023183 -0.001222 0.218441
0.031864 -0.001740 0.230144
0.032548 0.001806 0.222661
0.033821 -0.001108 0.220792
0.027156 0.000156 0.217025
0.026352 -0.005877 0.223386
0.020414 -0.002449 0.221468
0.020739 -0.001467 0.221233
0.030308 0.006227 0.224214
0.025597 -0.004460 0.224649
0.026102 -0.006164 0.222762
0.030991 -0.000638 0.223165
0.029570 0.002156 0.217791
0.030301 -0.002743 0.223046
0.031759 0.003540 0.223180
0.031411 0.001846 0.223040
0.033505 0.002549 0.222570
0.025695 0.000814 0.219000
0.026428 0.002071 0.220192
0.030569 -0.006192 0.223464
0.027205 0.000454 0.225531
0.025079 0.001253 0.220180
0.031023 -0.003195 0.230734
0.028027 -0.004004 0.223573
0.025292 -0.000448 0.217616
0.034027 0.004349 0.222724
0.021735 0.000427 0.222302
0.024919 0.001297 0.220417
0.020746 0.002875 0.227754
0.028984 -0.003835 0.223144
0.033717 0.001927 0.222409
0.022484 0.000098 0.222543
0.027076 -0.004830 0.222531
0.029650 0.000703 0.217682
0.029281 -0.006145 0.222529
0.024654 -0.004205 0.225013
0.021003 0.002662 0.228210
0.030725 -0.001480 0.223223
0.027305 -0.002568 0.224288
0.025337 -0.001306 0.216655
0.029211 0.001444 0.217479
0.034247 0.001029 0.221958
0.033949 0.000969 0.222177
0.027150 -0.005091 0.222605
0.023902 -0.000007 0.219904
0.030534 -0.001717 0.223249
0.031602 -0.002673 0.222001
0.026259 -0.002356 0.224932
0.025756 0.000080 0.218156
0.033209 -0.003354 0.222944
0.030381 -0.002002 0.223151
0.032737 0.002416 0.222751
0.032984 0.004824 0.223345
0.027103 0.001329 0.218242
0.025759 -0.000049 0.225889
0.022610 0.000760 0.222588
0.028481 -0.002846 0.222465
0.023188 -0.001549 0.217984
0.022817 -0.001842 0.226267
0.033729 0.003578 0.222624
0.034234 0.004142 0.222427
0.032590 -0.001903 0.221753
0.022198 0.000542 0.227668
0.027439 -0.003933 0.223816
0.030747 -0.005316 0.223259
0.025238 -0.003366 0.225086
0.034252 0.001327 0.222077
0.031968 -0.002152 0.221890
0.028265 -0.007113 0.223595
0.030411 0.004902 0.224479
0.027886 -0.004650 0.222485
0.034938 0.002718 0.221759
0.034372 -0.002130 0.222518
0.026830 0.000442 0.217553
0.024858 0.000570 0.226461
0.022466 -0.001425 0.219163
0.029891 -0.000344 0.223922
0.025154 0.001666 0.220590
0.034572 0.001577 0.221805
0.024337 -0.001180 0.217384
0.032683 0.004751 0.223364
0.028036 0.000615 0.217061
0.026366 0.000975 0.218465
0.030285 -0.003066 0.223088
0.029907 -0.001718 0.223447
0.026674 -0.002164 0.224743
0.029264 0.003025 0.224935
0.029692 -0.001392 0.223673
0.025358 0.001197 0.226815
0.026930 0.000735 0.217785
0.028107 -0.000685 0.231856
0.022553 -0.001652 0.218642
0.025757 0.000701 0.226269
0.030460 -0.001478 0.223369
0.025359 -0.000765 0.217053
0.031854 -0.005071 0.228782
0.021990 0.001252 0.228075
0.022014 -0.001450 0.219689
0.023924 0.000857 0.221197
0.028485 -0.005155 0.223428
0.031988 -0.002058 0.230114
0.022277 -0.000176 0.227299
0.027968 -0.005541 0.222449
0.023877 -0.001018 0.226209
0.025567 -0.000217 0.217951
0.033627 -0.004409 0.222091
0.024310 -0.000346 0.218642
0.035053 0.006762 0.223063
0.034713 -0.001926 0.222407
0.024990 0.000360 0.226289
0.024518 0.001411 0.221355
0.023307 0.000453 0.220940
0.025806 -0.002365 0.225091
0.033890 0.003953 0.222636
0.026565 -0.000272 0.217047
0.023072 0.000120 0.227023
0.034845 0.003399 0.221806
0.032376 -0.001105 0.222380
0.025146 -0.002023 0.216308
0.029736 0.002522 0.218785
0.034003 0.003568 0.222439
0.025047 0.000982 0.219928
0.028683 -0.001509 0.224151
0.028125 -0.002557 0.223954
0.028187 -0.003205 0.222481
0.025696 -0.006307 0.222726
0.024561 0.000985 0.226818
0.026815 -0.002655 0.224519
0.034818 0.002253 0.221863
0.030204 -0.000765 0.230730
0.029524 0.001438 0.224183
0.030534 -0.001717 0.223249
0.029408 0.002383 0.224480
0.026508 0.000359 0.225731
0.024648 -0.000891 0.225975
0.028885 0.003014 0.225208
0.026946 0.002129 0.219369
0.027659 0.000388 0.217057
0.032872 -0.002878 0.222864
0.030554 -0.002072 0.217265
0.032999 0.001632 0.222585
0.029932 -0.005852 0.222443
0.026097 -0.001366 0.225410
0.034109 -0.001613 0.221046
0.025586 -0.004066 0.224794
0.033102 0.002692 0.222737
0.030355 -0.005796 0.222396
0.028219 0.000389 0.216849
0.021954 -0.002452 0.222136
0.024441 -0.000521 0.226169
0.030368 -0.002449 0.230998
0.031544 -0.002448 0.222835
0.028033 0.001151 0.225252
0.029160 0.004075 0.219615
0.034014 0.001182 0.222193
0.033196 0.000289 0.222244
0.025639 0.002594 0.221540
0.025622 0.002077 0.226828
0.028739 0.002395 0.218363
0.029982 -0.001900 0.217934
0.026871 -0.006045 0.222672
0.028484 -0.006687 0.223519
0.028106 -0.006199 0.223502
0.022801 -0.001155 0.219165
0.032133 -0.001847 0.221737
0.034174 -0.004206 0.222951
0.024638 0.001789 0.227086
0.024648 -0.000891 0.225975
0.027170 -0.004308 0.223950
0.024183 0.000635 0.220563
0.022195 -0.001466 0.219412
0.027885 0.001594 0.217876
0.027455 -0.000372 0.216544
0.024458 -0.004504 0.222386
0.031865 0.006986 0.222873
0.034810 0.001124 0.221539
0.025924 -0.006492 0.222767
0.026869 0.001940 0.219064
0.025221 0.002125 0.221062
0.029270 -0.002860 0.222311
0.031758 -0.003645 0.230442
0.032234 -0.001940 0.229885
0.032863 -0.004255 0.228259
0.024591 -0.000462 0.218144
0.033894 -0.003795 0.222901
0.023487 0.000082 0.220340
0.027150 -0.005091 0.222605
0.023383 -0.000887 0.218805
0.023688 -0.000211 0.219782
0.030291 -0.001829 0.230013
0.032305 -0.003382 0.222953
0.027683 -0.003428 0.223803
0.025523 -0.006111 0.222656
0.031005 -0.000206 0.223146
0.033493 0.001294 0.222430
0.024302 -0.000831 0.226136
0.029542 -0.004448 0.223151
0.030109 -0.000523 0.230900
0.025286 0.000154 0.226100
0.030445 0.003669 0.224032
0.030329 -0.001606 0.231036
0.028444 -0.003458 0.223434
0.026692 0.002122 0.219615
0.029315 0.003631 0.219147
0.034950 0.004356 0.221824
0.026025 -0.004783 0.223754
0.029690 0.003241 0.218800
0.025867 0.001484 0.226601
0.023971 0.000678 0.226820
0.024872 0.001468 0.220675
0.023815 -0.001452 0.217444
0.024306 -0.005609 0.222380
0.028036 0.000615 0.217061
0.025221 0.002125 0.221062
0.021314 0.001535 0.228313
0.029342 0.004561 0.220179
0.026086 0.002271 0.221355
0.024672 0.001904 0.222533
0.028675 -0.005324 0.222414
0.028854 0.000241 0.224450
0.021757 -0.000467 0.227928
0.020989 -0.001259 0.221939
0.025691 0.002600 0.221157
0.033029 -0.002429 0.221944
0.029368 0.002498 0.218182
0.032972 -0.002087 0.221747
0.021750 -0.001505 0.219964
0.026334 -0.004866 0.222499
0.029067 -0.001534 0.223972
0.033712 -0.000019 0.221967
0.030277 -0.002021 0.221724
0.033924 0.000266 0.221932
0.028779 -0.002952 0.223576
0.034493 -0.003380 0.222729
0.025832 0.001328 0.219457
0.028860 -0.002745 0.223620
0.027808 -0.001871 0.222395
0.024949 -0.003515 0.225162
0.034631 0.000238 0.221755
0.022849 0.000605 0.227281
0.030453 -0.002237 0.223015
0.030191 -0.002079 0.231065
0.021245 0.000186 0.221956
0.032883 -0.004062 0.222098
0.029629 0.003638 0.224902
0.030095 0.001053 0.223839
0.024672 0.002117 0.221904
0.032241 0.002852 0.222933
0.029905 -0.001623 0.221726
0.033348 -0.003196 0.221903
0.023877 -0.001018 0.226209
0.030172 0.001628 0.223856
0.030811 0.003114 0.223559
0.028064 -0.000498 0.231820
0.027972 0.002743 0.220214
0.029468 0.004194 0.219623
0.027824 0.001765 0.218122
0.035557 -0.001560 0.221806
0.027922 -0.002940 0.223889
0.029634 0.003053 0.224386
0.033871 0.004875 0.223040
0.024757 0.001724 0.221384
0.033521 0.003025 0.222649
0.032293 -0.001760 0.229613
0.034435 0.001655 0.222029
0.026461 -0.000403 0.225513
0.030090 -0.000617 0.230906
0.035055 0.001696 0.221441
0.026443 -0.000644 0.225446
0.029454 -0.002619 0.222198
0.029717 -0.002796 0.222119
0.026121 0.001125 0.218867
0.026737 -0.006429 0.222666
0.031154 0.003687 0.223450
0.022711 -0.000850 0.219758
0.033608 -0.000391 0.222022
0.029468 0.004194 0.219623
0.028917 -0.005580 0.223405
0.030079 -0.003288 0.222108
0.022323 -0.001627 0.226745
0.031130 0.006709 0.223194
0.033592 -0.002129 0.222627
0.022007 -0.000537 0.227328
0.024873 0.000020 0.226170
0.029862 0.003654 0.224606
0.031544 -0.002448 0.222835
0.026481 -0.003250 0.224454
0.030673 0.000018 0.223406
0.033117 -0.001176 0.221237
0.029663 -0.007214 0.222498
0.025168 0.000534 0.226363
0.029187 0.002812 0.218519
0.027886 -0.004650 0.222485
0.025337 -0.001306 0.216655
0.027410 -0.004246 0.223861
0.025559 -0.000585 0.225861
0.035104 0.004148 0.221660
0.027711 -0.000890 0.216149
0.030165 -0.000847 0.221130
0.021840 -0.000874 0.220471
0.027758 -0.000428 0.224752
0.026681 -0.005812 0.222721
0.025433 0.002631 0.221518
0.021985 0.000369 0.222472
0.022351 -0.000390 0.220623
0.030031 0.002299 0.224038
0.028900 0.001689 0.220449
0.021088 -0.000086 0.221954
0.023591 -0.001619 0.226022
0.027323 0.001799 0.225758
0.034035 -0.002437 0.221240
0.019958 0.001729 0.226928
0.033589 0.000522 0.222140
0.021132 -0.001378 0.220794
0.031965 -0.005645 0.222359
0.029687 0.002270 0.219743
0.027885 0.001594 0.217876
0.020250 0.003366 0.227199
0.030067 0.001122 0.219386
0.033311 -0.002857 0.221765
0.026501 -0.002711 0.224668
0.032670 -0.001020 0.220667
0.032650 -0.003278 0.222139
0.033761 -0.004032 0.221960
0.026224 0.000323 0.217933
0.031799 0.003163 0.223077
0.029508 -0.000788 0.231246
0.025417 -0.004953 0.224464
0.033311 -0.002857 0.221765
0.022092 -0.000876 0.227185
0.024708 -0.001569 0.216775
0.023322 -0.004792 0.222296
0.024602 -0.003178 0.225415
0.030463 0.004161 0.224263
0.026723 -0.004689 0.222474
0.029637 -0.001929 0.223568
0.032997 0.000158 0.222221
0.024262 -0.001526 0.225784
0.035385 0.004318 0.221514
0.030230 -0.002305 0.221842
0.025226 0.002502 0.221882
0.028021 -0.006826 0.222563
0.028439 -0.007527 0.222518
0.028654 0.004149 0.220273
0.027907 0.000913 0.217342
0.032145 -0.003783 0.222220
0.028422 0.004137 0.225736
0.026014 -0.003913 0.224558
0.029428 -0.001635 0.223754
0.024664 0.000177 0.226305
0.028263 0.003040 0.219499
0.031243 -0.002264 0.230724
0.028367 0.001267 0.217357
0.024771 -0.003367 0.225287
0.031980 -0.002702 0.230283
0.029451 0.004428 0.219955
0.026519 -0.000189 0.225558
0.028773 -0.000443 0.224285
0.026804 0.002258 0.220190
0.033089 0.007050 0.222897
0.029564 -0.003438 0.222215
0.027259 0.000726 0.217513
0.025168 -0.000251 0.226011
0.031901 -0.003357 0.228700
0.029757 0.001741 0.224096
0.029105 0.000563 0.224362
0.023688 -0.000211 0.219782
0.032623 -0.003718 0.222107
0.028404 0.000977 0.217096
0.023005 -0.001524 0.218220
0.032864 -0.001713 0.229297
0.024292 0.000372 0.220058
0.024713 -0.002167 0.222401
0.028904 -0.003423 0.223454
0.029512 0.003375 0.218852
0.027513 -0.004244 0.222444
0.025102 0.000106 0.226123
0.030964 -0.000582 0.220057
0.025876 -0.002218 0.225168
0.027845 -0.001997 0.224299
0.034072 -0.002080 0.222548
0.025838 -0.000738 0.216925
0.035805 0.000842 0.221109
0.024970 -0.000636 0.217458
0.030285 -0.003066 0.223088
0.029816 0.000615 0.220533
0.031549 -0.003166 0.222963
0.033387 0.003912 0.222877
0.030297 0.003706 0.224177
0.025635 -0.001566 0.225537
0.023469 0.000257 0.220566
0.022428 -0.000040 0.220896
0.022411 -0.000837 0.220038
0.027821 -0.000980 0.224590
0.029370 -0.005845 0.222511
0.033382 0.001026 0.222449
0.021177 0.000102 0.221722
0.022064 -0.001175 0.219964
0.029566 -0.005525 0.222462
0.026872 0.001686 0.225916
0.023175 0.000526 0.221099
0.028172 0.001835 0.217922
0.023502 -0.002274 0.225756
0.023498 -0.001894 0.225914
0.021969 -0.000195 0.227630
0.033921 -0.001999 0.221134
0.030571 -0.004490 0.222402
0.033482 -0.002127 0.221289
0.023591 -0.001619 0.226022
0.026521 0.000732 0.218102
0.029382 0.002834 0.224633
0.029492 0.002052 0.217674
0.028624 -0.004289 0.223354
0.035684 0.003179 0.221255
0.032445 -0.000166 0.222351
0.025275 0.000616 0.219196
0.023329 -0.000350 0.219917
0.025873 -0.004135 0.224629
0.028750 -0.007774 0.222473
0.031157 -0.000876 0.222998
0.028741 0.001086 0.217074
0.030556 -0.001895 0.221584
0.026801 -0.002919 0.224378
0.025083 0.000662 0.219528
0.027514 0.002223 0.219072
0.026361 0.001538 0.226161
0.026142 0.001400 0.219214
0.032826 0.002069 0.222672
0.031462 0.002116 0.223047
0.023293 -0.000576 0.219538
0.029315 0.003631 0.219147
0.023471 0.000681 0.221207
0.030494 -0.000047 0.223558
0.029685 -0.000015 0.224082
0.027950 -0.005258 0.223510
0.029236 0.003606 0.225195
0.035757 -0.001199 0.221727
0.033196 -0.004168 0.222063
0.029907 -0.001718 0.223447
0.033696 0.000975 0.222319
0.022998 0.000451 0.221079
0.028066 -0.004189 0.222416
0.026476 -0.005309 0.222746
0.029621 -0.000440 0.224007
0.033105 0.003161 0.222825
0.033484 -0.001005 0.221110
0.024873 0.000020 0.226170
0.026958 -0.000436 0.216660
0.025325 -0.004693 0.224714
0.023502 -0.002274 0.225756
0.029667 -0.000631 0.231128
0.022092 -0.000876 0.227185
0.028972 0.001796 0.224689
0.025174 -0.001009 0.225765
0.035095 -0.003282 0.221434
0.026069 -0.000845 0.216744
0.028520 -0.003511 0.222450
0.023018 -0.000595 0.226677
0.030561 0.001873 0.223665
0.031243 -0.004872 0.223292
0.029047 0.003320 0.220122
0.029031 -0.002093 0.223881
0.029972 0.003975 0.224775
0.030066 0.001863 0.223949
0.026377 -0.000948 0.216556
0.023937 0.001033 0.221459
0.024438 -0.001593 0.216901
0.026981 -0.000904 0.225063
0.033157 -0.001719 0.221335
0.030019 -0.003194 0.223158
0.028115 -0.001892 0.224251
0.023470 -0.000439 0.219594
0.023220 -0.000946 0.222424
0.028630 -0.003996 0.222345
0.027542 -0.003133 0.224002
0.032217 -0.005021 0.222318
0.026674 -0.002164 0.224743
0.022193 0.000729 0.221794
0.023603 -0.000735 0.226435
0.023071 -0.001845 0.226117
0.031572 -0.001758 0.222677
0.024107 -0.003399 0.225518
0.029106 -0.003325 0.223220
0.030581 -0.002550 0.222953
0.022974 0.000152 0.220788
0.029142 -0.002329 0.222305
0.029043 -0.005413 0.222465
0.025438 -0.005002 0.223923
0.035035 0.005169 0.221976
0.035670 -0.002544 0.222179
0.034431 -0.002982 0.221344
0.031407 0.002509 0.223128
0.021250 0.002621 0.228267
0.034771 0.001894 0.221838
0.034403 -0.001428 0.220909
0.032701 -0.002441 0.222116
0.030504 -0.002430 0.221789
0.035140 -0.000820 0.221867
0.024567 -0.002479 0.225556
0.027365 -0.001458 0.224591
0.031265 -0.000448 0.222914
0.028188 -0.004441 0.222417
0.026513 -0.003493 0.224368
0.022375 0.000946 0.222170
0.032589 -0.004806 0.222291
0.033508 -0.002522 0.221444
0.027387 0.000146 0.216936
0.028177 -0.000928 0.231495
0.027208 0.000137 0.225393
0.034518 0.001308 0.221676
0.032370 -0.003043 0.222260
0.025053 -0.004516 0.224822
0.028348 0.002249 0.218449
0.028737 -0.004699 0.222315
0.022760 -0.000441 0.226864
0.020262 0.001844 0.226882
0.032593 -0.001882 0.229651
0.024905 -0.000300 0.218152
0.028035 -0.000496 0.231900
0.025963 -0.000063 0.217811
0.021985 -0.000312 0.227491
0.021819 -0.000577 0.227576
0.029261 0.002873 0.224861
0.028661 -0.006706 0.222547
0.028827 0.000946 0.224538
0.035103 0.000189 0.221560
0.024891 -0.004045 0.225032
0.028792 -0.004017 0.223274
0.024648 0.000764 0.220137
0.029869 -0.000521 0.231052
0.027886 -0.004650 0.222485
0.026595 -0.006295 0.222711
0.022760 -0.000441 0.226864
0.030211 -0.003427 0.229345
0.026938 -0.000199 0.216847
0.031333 0.003009 0.223228
0.030027 -0.000111 0.223903
0.027956 -0.002234 0.224151
0.028775 0.004228 0.220120
0.026527 0.001052 0.225894
0.020699 -0.001101 0.221629
0.035813 0.001922 0.221089
0.028961 -0.005634 0.222494
0.029178 -0.005523 0.222487
0.028494 -0.002592 0.223855
0.030837 -0.002367 0.229548
0.023792 -0.000476 0.219086
0.034282 0.000456 0.221846
0.030230 -0.002305 0.221842
0.034936 -0.002614 0.220679
0.029585 0.003857 0.219354
0.024266 0.001110 0.221251
0.033426 0.001618 0.222491
0.030957 -0.002816 0.222921
0.023579 0.000639 0.221065
0.025808 -0.003721 0.224758
0.032924 0.001265 0.222557
0.020907 0.001045 0.228429
0.025834 -0.001953 0.225333
0.028426 -0.004991 0.222389
0.033226 -0.000680 0.222119
0.020449 0.002108 0.226849
0.028092 0.001661 0.225348
0.022267 -0.001238 0.226981
0.034838 -0.003266 0.222621
0.029933 -0.002948 0.223214
0.028273 -0.007081 0.222559
0.031359 -0.001331 0.230264
0.030380 -0.005651 0.223322
0.025676 -0.002205 0.225251
0.033369 -0.004019 0.221983
0.023213 0.000028 0.220492
0.035535 0.000641 0.221233
0.028429 -0.002174 0.224044
0.033428 -0.001777 0.222475
0.029903 -0.002769 0.223243
0.021287 -0.000432 0.221185
0.022543 -0.000882 0.219870
0.029351 -0.005533 0.223363
0.024964 0.001163 0.220216
0.021449 0.001026 0.228221
0.027975 -0.005955 0.222495
0.026716 -0.006798 0.222588
0.028513 0.003679 0.220226
0.028083 -0.003180 0.223676
0.025325 0.002390 0.221281
0.033733 -0.002695 0.222736
0.029829 -0.004000 0.223123
0.023241 0.000477 0.227085
0.028086 0.002450 0.225510
0.029324 -0.002065 0.223719
0.029586 -0.004215 0.222219
0.031459 0.000431 0.222762
0.024269 -0.000025 0.219437
0.021808 -0.000311 0.227819
0.029736 0.002522 0.218785
0.026126 -0.000274 0.217412
0.033444 -0.001110 0.221271
0.026264 -0.002604 0.215953
0.026490 0.002119 0.219903
0.025702 -0.005709 0.223742
0.027395 0.000013 0.216808
0.033484 -0.001005 0.221110
0.024447 0.001027 0.220838
0.025865 0.001100 0.219204
0.025907 -0.002658 0.224962
0.026607 0.000698 0.225783
0.022373 0.000804 0.222402
0.027268 0.001639 0.218418
0.030103 -0.002434 0.231067
0.027226 0.000420 0.217235
0.029126 -0.003691 0.222263
0.026250 0.002240 0.220542
0.028802 0.000838 0.216960
0.034343 0.002019 0.222138
0.033344 -0.002486 0.222743
0.020022 0.001952 0.226695
0.026521 0.003451 0.226540
0.023331 0.000957 0.221957
0.027061 -0.005861 0.222628
0.030706 -0.001791 0.223059
0.034228 0.001204 0.222068
0.029512 0.001715 0.224240
0.032589 0.000367 0.222490
0.034077 0.002275 0.222273
0.025345 -0.000381 0.217820
0.026865 -0.001205 0.225015
0.026890 0.002324 0.219917
0.034066 -0.002792 0.222725
0.024435 -0.001270 0.225756
