0.084790 -0.017872 0.275579
0.088100 -0.016690 0.269868
0.079804 -0.017207 0.280148
0.086126 -0.017439 0.274089
0.080579 -0.017873 0.279287
0.088160 -0.015518 0.272609
0.087327 -0.012103 0.275756
0.084951 -0.013661 0.278168
0.088197 -0.015681 0.272416
0.087084 -0.017388 0.270883
0.083969 -0.012360 0.279832
0.085639 -0.010666 0.279078
0.087631 -0.011076 0.276729
0.086544 -0.017680 0.271713
0.080993 -0.018061 0.278647
0.085695 -0.017450 0.274766
0.087549 -0.014936 0.274080
0.087118 -0.011958 0.276199
0.085267 -0.014668 0.277307
0.087577 -0.011951 0.275563
0.083516 -0.014360 0.279563
0.084488 -0.016057 0.277535
0.083846 -0.015782 0.278582
0.082994 -0.016024 0.279477
0.084211 -0.016678 0.277547
0.086685 -0.011739 0.276831
0.086205 -0.017500 0.271543
0.084374 -0.011393 0.280064
0.086877 -0.014863 0.275118
0.084891 -0.011731 0.279045
0.086629 -0.016873 0.274081
0.084422 -0.015725 0.277930
0.087118 -0.016803 0.273573
0.088044 -0.014733 0.273269
0.088258 -0.012652 0.274314
0.085673 -0.017901 0.272642
0.083354 -0.013824 0.280035
0.085409 -0.018197 0.273432
0.087295 -0.010906 0.277187
0.087145 -0.017537 0.272064
0.086877 -0.014863 0.275118
0.085894 -0.018033 0.273012
0.086031 -0.014632 0.276290
0.084329 -0.018145 0.275828
0.082704 -0.018394 0.276532
0.083094 -0.015387 0.279621
0.086954 -0.017308 0.272899
0.082728 -0.017788 0.278259
0.084700 -0.013377 0.278678
0.083819 -0.017970 0.276443
0.084571 -0.017569 0.276114
0.085721 -0.014919 0.276481
0.087314 -0.015498 0.274138
0.084804 -0.018257 0.274585
0.082616 -0.014588 0.280401
0.085522 -0.017413 0.275003
0.080238 -0.017586 0.279507
0.084259 -0.014981 0.278454
0.082916 -0.018335 0.277227
0.085253 -0.018281 0.273881
0.084141 -0.011957 0.279957
0.088043 -0.010852 0.276204
0.088600 -0.013072 0.273355
0.085499 -0.016100 0.272122
0.082972 -0.017741 0.278052
0.082276 -0.018248 0.276824
0.085519 -0.016202 0.276060
0.085676 -0.018193 0.273468
0.088566 -0.015485 0.271831
0.082338 -0.018154 0.277991
0.086811 -0.011430 0.277078
0.087605 -0.015307 0.273772
0.086890 -0.010583 0.277964
0.087675 -0.015660 0.273514
0.084060 -0.012167 0.279881
0.084296 -0.018211 0.274346
0.080851 -0.016190 0.278790
0.087229 -0.012599 0.275601
0.080719 -0.017947 0.278800
0.087760 -0.010688 0.276769
0.082154 -0.016329 0.279907
0.087892 -0.012503 0.274744
0.081473 -0.016354 0.280388
0.083157 -0.018297 0.277147
0.083552 -0.012821 0.280200
0.085416 -0.013455 0.277856
0.084993 -0.016510 0.276571
0.087423 -0.012503 0.275434
0.083893 -0.017421 0.277267
0.084021 -0.013823 0.279294
0.085867 -0.013058 0.277375
0.082668 -0.017247 0.278748
0.087995 -0.016950 0.271084
0.086928 -0.017262 0.273138
0.087951 -0.015038 0.273341
0.085706 -0.015973 0.276043
0.082565 -0.018169 0.277893
0.087558 -0.015550 0.273694
0.086188 -0.011525 0.277892
0.083991 -0.013590 0.279449
0.084714 -0.014837 0.277950
0.087545 -0.017060 0.272081
0.084683 -0.012157 0.278847
0.086379 -0.011574 0.277349
0.088044 -0.014733 0.273269
0.085237 -0.011102 0.279059
0.086381 -0.016617 0.274584
0.083766 -0.016088 0.278544
0.086146 -0.011427 0.273392
0.081296 -0.016487 0.278053
0.085498 -0.017664 0.274765
0.088633 -0.013650 0.272882
0.087442 -0.014349 0.274738
0.086575 -0.015429 0.275163
0.080737 -0.017706 0.279932
0.085620 -0.017349 0.274942
0.087419 -0.016787 0.273142
0.082620 -0.015253 0.280121
0.083213 -0.015657 0.279427
0.083803 -0.014104 0.279355
0.086826 -0.016849 0.270745
0.087662 -0.016654 0.269840
0.084221 -0.013222 0.279303
0.087031 -0.013999 0.275281
0.084670 -0.011950 0.278851
0.087272 -0.015322 0.274256
0.081618 -0.016644 0.280065
0.083580 -0.014977 0.279244
0.085598 -0.016793 0.275523
0.085925 -0.013622 0.277001
0.084338 -0.015935 0.277856
0.083635 -0.017701 0.277269
0.085957 -0.011551 0.278124
0.086899 -0.012052 0.276369
0.086053 -0.014787 0.276142
0.084391 -0.015257 0.278128
0.088160 -0.015518 0.272609
0.084426 -0.018150 0.275146
0.083071 -0.014575 0.279974
0.084571 -0.012467 0.278919
0.083131 -0.017133 0.278496
0.084103 -0.018037 0.276213
0.084496 -0.011429 0.279887
0.087092 -0.014634 0.275068
0.081304 -0.016561 0.280364
0.087949 -0.014004 0.273840
0.085038 -0.010595 0.280152
0.083503 -0.014979 0.279374
0.084778 -0.012373 0.278745
0.087084 -0.017388 0.270883
0.088314 -0.016799 0.270491
0.084426 -0.018150 0.275146
0.086737 -0.012472 0.276196
0.081671 -0.016279 0.280302
0.087933 -0.015343 0.273169
0.083659 -0.017529 0.277349
0.083369 -0.013297 0.280349
0.086646 -0.011587 0.277045
0.085568 -0.011577 0.278498
0.084108 -0.016179 0.277971
0.087967 -0.013043 0.274365
0.088385 -0.011341 0.274924
0.086258 -0.014110 0.276335
0.080913 -0.017893 0.278336
0.085152 -0.018224 0.273633
0.083295 -0.013570 0.280273
0.088468 -0.013625 0.273049
0.087917 -0.016472 0.269499
0.087276 -0.014473 0.274947
0.085741 -0.013345 0.277378
0.082755 -0.015161 0.280003
0.082433 -0.018023 0.276389
0.084289 -0.015416 0.278256
0.085211 -0.013673 0.277888
0.088223 -0.010637 0.275664
0.087273 -0.013272 0.275328
0.085429 -0.012576 0.278068
0.085638 -0.011223 0.278598
0.081337 -0.017209 0.279969
0.083641 -0.014343 0.279468
0.087432 -0.013825 0.274917
0.085697 -0.014476 0.276920
0.087814 -0.015011 0.273624
0.082733 -0.016290 0.279517
0.081604 -0.017691 0.279411
0.086802 -0.012239 0.276298
0.087811 -0.015364 0.273426
0.085398 -0.012875 0.278110
0.087686 -0.017138 0.271664
0.083503 -0.014979 0.279374
0.084892 -0.013421 0.278461
0.085288 -0.010691 0.279499
0.085194 -0.017167 0.275880
0.087767 -0.014777 0.273848
0.084599 -0.015546 0.277812
0.080579 -0.017873 0.279287
0.084361 -0.015120 0.278267
0.084329 -0.015592 0.278114
0.084666 -0.010988 0.280018
0.086077 -0.015748 0.275700
0.086169 -0.013307 0.276963
0.085521 -0.010541 0.279451
0.086068 -0.018035 0.272843
0.088409 -0.015082 0.272515
0.081567 -0.016466 0.280247
0.085625 -0.018115 0.273223
0.083327 -0.018354 0.276566
0.083678 -0.015660 0.278843
0.085842 -0.012697 0.277509
0.083251 -0.017247 0.278197
0.086254 -0.014789 0.275930
0.084828 -0.010921 0.279791
0.088674 -0.014663 0.272286
0.087332 -0.013026 0.275334
0.085059 -0.016497 0.276394
0.086098 -0.017314 0.274331
0.086720 -0.017752 0.272144
0.087074 -0.017202 0.272671
0.084553 -0.012952 0.278905
0.081346 -0.017407 0.279825
0.087804 -0.010918 0.276642
0.085677 -0.017736 0.272312
0.085709 -0.016148 0.275862
0.085736 -0.017319 0.271549
0.083007 -0.014190 0.276718
0.083313 -0.018179 0.277151
0.085347 -0.016219 0.276246
0.085118 -0.015307 0.277085
0.083519 -0.015258 0.279214
0.085314 -0.010817 0.279260
0.084886 -0.015512 0.277427
0.084921 -0.015852 0.277132
0.081137 -0.016420 0.280569
0.088038 -0.011578 0.275233
0.084069 -0.016343 0.277882
0.084310 -0.011975 0.279723
0.082836 -0.018144 0.275912
0.086059 -0.013823 0.276780
0.088150 -0.016708 0.271089
0.086729 -0.010876 0.278005
0.087661 -0.013613 0.274755
0.085246 -0.015270 0.276948
0.083653 -0.017349 0.277645
0.086146 -0.010960 0.278485
0.087310 -0.010607 0.277496
0.087880 -0.015642 0.273042
0.084714 -0.014837 0.277950
0.088109 -0.012496 0.274570
0.084571 -0.018041 0.275681
0.080833 -0.018073 0.278918
0.087118 -0.011958 0.276199
0.087926 -0.011175 0.275893
0.082770 -0.016942 0.278923
0.085688 -0.013575 0.277229
0.085479 -0.018143 0.274104
0.082667 -0.014193 0.280587
0.084373 -0.013995 0.278823
0.081760 -0.016076 0.277660
0.080789 -0.018041 0.279111
0.086834 -0.017453 0.272789
0.081738 -0.015629 0.280633
0.085469 -0.015257 0.276612
0.084645 -0.017297 0.276439
0.086899 -0.012052 0.276369
0.084257 -0.014181 0.278828
0.088005 -0.016121 0.272288
0.085985 -0.012797 0.277312
0.087877 -0.017097 0.270529
0.085952 -0.017927 0.273739
0.084652 -0.017432 0.276201
0.082943 -0.014541 0.280136
0.083863 -0.017301 0.277424
0.087903 -0.011590 0.275444
0.084738 -0.018170 0.274916
0.086284 -0.017714 0.271972
0.088161 -0.014447 0.273045
0.081523 -0.014597 0.279162
0.085285 -0.017036 0.272066
0.088135 -0.013022 0.274091
0.085568 -0.011577 0.278498
0.086170 -0.016864 0.271252
0.082357 -0.016945 0.279337
0.085195 -0.018253 0.274383
0.087595 -0.012310 0.275273
0.087469 -0.017321 0.271854
0.085647 -0.013509 0.277477
0.087312 -0.017502 0.271865
0.085016 -0.010747 0.279834
0.085073 -0.013494 0.278094
0.088558 -0.015913 0.271235
0.087489 -0.015898 0.273710
0.087844 -0.016905 0.271558
0.086903 -0.011105 0.277586
0.084863 -0.011213 0.279469
0.084852 -0.016778 0.276738
0.082834 -0.018138 0.277782
0.086358 -0.011056 0.278274
0.082175 -0.017608 0.278965
0.088703 -0.015228 0.271766
0.082916 -0.018335 0.277227
0.081519 -0.018117 0.278304
0.087817 -0.013687 0.274497
0.087543 -0.014920 0.274228
0.086031 -0.014632 0.276290
0.084467 -0.018175 0.274829
0.085399 -0.015711 0.276633
0.083369 -0.017072 0.278363
0.087757 -0.013483 0.274671
0.086523 -0.011682 0.277096
0.085228 -0.014207 0.277633
0.087258 -0.014724 0.274869
0.083957 -0.016351 0.278109
0.082727 -0.018009 0.278045
0.082916 -0.018335 0.277227
0.083508 -0.013407 0.280104
0.087171 -0.013173 0.275488
0.086356 -0.013593 0.276337
0.086805 -0.012523 0.275957
0.085115 -0.015717 0.276932
0.086405 -0.015788 0.275184
0.080926 -0.016678 0.280592
0.086180 -0.014007 0.276562
0.087032 -0.014958 0.274896
0.085247 -0.017682 0.272777
0.084102 -0.016432 0.277708
0.084784 -0.012943 0.278697
0.086834 -0.017453 0.272789
0.083313 -0.018179 0.277151
0.086986 -0.015085 0.274681
0.084746 -0.018274 0.274138
0.087459 -0.012738 0.275256
0.083195 -0.017731 0.277798
0.081671 -0.018082 0.277630
0.084066 -0.015077 0.278632
0.087123 -0.016334 0.274043
0.082801 -0.014388 0.280369
0.088048 -0.012843 0.274476
0.086036 -0.017011 0.274637
0.087788 -0.016871 0.271820
0.087782 -0.014569 0.273991
0.087048 -0.013714 0.275347
0.083174 -0.017493 0.278009
0.083136 -0.018424 0.276402
0.085362 -0.011630 0.278634
0.083262 -0.015676 0.279337
0.082001 -0.015291 0.280712
0.085817 -0.012336 0.277490
0.083948 -0.016972 0.277723
0.086492 -0.015990 0.274855
0.082230 -0.015850 0.280266
0.087665 -0.012019 0.275343
0.085272 -0.012328 0.278324
0.084839 -0.017828 0.273272
0.085834 -0.016757 0.275136
0.087751 -0.011805 0.275468
0.086785 -0.015223 0.275003
0.087844 -0.016905 0.271558
0.082175 -0.017912 0.278646
0.082177 -0.017232 0.279258
0.088127 -0.014123 0.273548
0.088341 -0.010800 0.275413
0.084374 -0.013120 0.279174
0.086698 -0.017064 0.273799
0.086700 -0.012295 0.276422
0.084311 -0.014614 0.278511
0.085748 -0.016287 0.275699
0.087522 -0.013423 0.274980
0.082235 -0.015585 0.280402
0.085906 -0.017690 0.274074
0.086208 -0.011358 0.278088
0.087338 -0.011832 0.276026
0.084361 -0.016110 0.277666
0.086737 -0.012472 0.276196
0.086457 -0.017739 0.273079
0.088116 -0.010596 0.275878
0.080729 -0.016811 0.280676
0.085142 -0.017296 0.275745
0.080224 -0.017327 0.279222
0.088418 -0.012286 0.274385
0.085890 -0.017862 0.273911
0.088023 -0.014380 0.273584
0.088057 -0.011331 0.275324
0.083780 -0.012589 0.279892
0.087177 -0.016095 0.274073
0.087686 -0.017138 0.271664
0.084415 -0.016262 0.277449
0.083070 -0.016208 0.279289
0.086308 -0.016570 0.274741
0.086445 -0.016796 0.274316
0.086623 -0.014285 0.275677
0.086531 -0.010789 0.278318
0.088557 -0.012139 0.274201
0.084665 -0.011996 0.279149
0.083432 -0.017657 0.277480
0.081725 -0.018011 0.278799
0.088382 -0.016193 0.271439
0.086083 -0.017670 0.273896
0.086826 -0.015347 0.274783
0.084477 -0.017056 0.277046
0.084988 -0.013105 0.278460
0.084928 -0.018061 0.275054
0.083875 -0.016699 0.278085
0.081836 -0.016350 0.280121
0.085287 -0.014925 0.277116
0.087476 -0.015231 0.274052
0.085087 -0.014926 0.277431
0.084871 -0.011887 0.278728
0.084457 -0.018092 0.273847
0.086798 -0.016197 0.274419
0.088558 -0.015913 0.271235
0.085272 -0.012328 0.278324
0.085590 -0.015880 0.276275
0.086932 -0.017710 0.271993
0.082193 -0.016525 0.279794
0.083930 -0.014637 0.279038
0.084391 -0.015257 0.278128
0.085124 -0.016545 0.276227
0.088382 -0.016193 0.271439
0.085285 -0.011424 0.278809
0.085473 -0.017939 0.272937
0.086931 -0.015843 0.274447
0.086661 -0.013723 0.275888
0.088496 -0.016464 0.270634
0.087171 -0.013173 0.275488
0.086574 -0.016506 0.274426
0.084162 -0.015743 0.278274
0.084471 -0.014082 0.278671
0.085099 -0.018218 0.274572
0.087402 -0.011564 0.276229
0.082419 -0.018020 0.278258
0.086604 -0.014783 0.275558
0.088189 -0.013635 0.273640
0.086395 -0.012339 0.276935
0.085703 -0.017004 0.275136
0.087734 -0.011636 0.275654
0.086486 -0.012909 0.276563
0.082943 -0.014541 0.280136
0.086685 -0.011739 0.276831
0.085406 -0.014210 0.277331
0.085211 -0.017887 0.274869
0.087844 -0.012978 0.274780
0.083846 -0.015782 0.278582
0.081738 -0.015629 0.280633
0.085002 -0.015200 0.277429
0.085599 -0.012001 0.278241
0.088129 -0.014367 0.273367
0.086720 -0.017752 0.272144
0.084477 -0.017056 0.277046
0.085992 -0.018000 0.273560
0.083713 -0.017967 0.276893
0.086465 -0.011286 0.277885
0.088251 -0.015838 0.272107
0.083875 -0.016699 0.278085
0.084212 -0.014303 0.274781
0.086195 -0.014392 0.276098
0.083015 -0.014836 0.279914
0.084422 -0.015725 0.277930
0.087550 -0.010703 0.277046
0.082565 -0.018169 0.277893
0.084224 -0.013533 0.279193
0.083930 -0.018227 0.276043
0.083903 -0.015229 0.278801
0.086877 -0.014863 0.275118
0.084310 -0.011975 0.279723
0.086804 -0.014272 0.275490
0.085702 -0.011062 0.278707
0.083369 -0.017072 0.278363
0.087433 -0.016988 0.270258
0.086574 -0.016506 0.274426
0.087942 -0.011844 0.275183
0.084259 -0.014981 0.278454
0.083704 -0.015384 0.278946
0.085087 -0.013959 0.277812
0.084141 -0.011957 0.279957
0.087327 -0.012103 0.275756
0.081926 -0.017973 0.278747
0.088485 -0.016245 0.271041
0.083227 -0.016606 0.278879
0.088615 -0.016614 0.269984
0.086713 -0.015914 0.274631
0.086205 -0.017500 0.271543
0.085378 -0.017833 0.274723
0.083942 -0.012665 0.275943
0.085053 -0.014725 0.277501
0.080947 -0.017310 0.280237
0.084136 -0.015205 0.278499
0.087875 -0.016295 0.272313
0.084329 -0.018145 0.275828
0.082721 -0.016020 0.279661
0.086468 -0.011997 0.276965
0.084480 -0.012234 0.279313
0.084919 -0.013873 0.278110
0.081803 -0.015813 0.280532
0.087613 -0.012786 0.275007
0.084759 -0.011811 0.279217
0.082081 -0.016949 0.279578
0.084004 -0.014917 0.278802
0.085485 -0.014931 0.276870
0.080719 -0.017947 0.278800
0.085518 -0.016962 0.275419
0.081442 -0.017999 0.279098
0.086956 -0.011198 0.277275
0.086791 -0.010613 0.278131
0.088037 -0.016904 0.270963
0.088018 -0.013806 0.274065
0.086970 -0.016837 0.273763
0.085696 -0.016508 0.275618
0.085410 -0.011129 0.278824
0.084583 -0.013544 0.278780
0.087428 -0.014907 0.274445
0.084404 -0.016729 0.277308
0.085276 -0.017562 0.275048
0.084848 -0.015263 0.277650
0.083777 -0.014887 0.279112
0.086655 -0.015706 0.274821
0.087289 -0.013526 0.275187
0.082741 -0.017608 0.278404
0.081375 -0.018068 0.278804
0.083325 -0.014480 0.279755
0.088582 -0.015046 0.272290
0.084885 -0.016327 0.276873
0.084727 -0.017031 0.273156
0.081766 -0.018056 0.277333
0.085626 -0.017685 0.274581
0.088004 -0.011249 0.275629
0.083490 -0.017942 0.277224
0.086334 -0.015652 0.275410
0.084162 -0.015743 0.278274
0.087766 -0.016543 0.272153
0.086253 -0.015273 0.275771
0.087903 -0.011590 0.275444
0.087617 -0.016024 0.273479
0.084025 -0.013204 0.279534
0.083494 -0.017173 0.278120
0.084788 -0.011862 0.278911
0.085876 -0.014825 0.276383
0.085347 -0.016219 0.276246
0.082402 -0.013371 0.278577
0.085401 -0.017140 0.275526
0.083094 -0.018356 0.275658
0.088345 -0.014139 0.272994
0.087617 -0.016024 0.273479
0.084043 -0.017077 0.277455
0.082668 -0.017247 0.278748
0.086499 -0.015154 0.275541
0.083875 -0.016338 0.278288
0.084297 -0.014778 0.278459
0.088557 -0.012139 0.274201
0.084609 -0.017839 0.275772
0.085002 -0.018279 0.273919
0.084430 -0.013470 0.278927
0.083141 -0.013882 0.280275
0.083253 -0.016731 0.278754
0.087734 -0.016338 0.272688
0.085473 -0.017939 0.272937
0.084148 -0.011771 0.280033
0.081803 -0.015813 0.280532
0.087601 -0.016798 0.270032
0.085647 -0.013509 0.277477
0.086257 -0.013731 0.276541
0.084438 -0.017783 0.275944
0.085992 -0.011252 0.278362
0.085872 -0.014419 0.276777
0.081304 -0.016561 0.280364
0.083701 -0.017165 0.277891
0.083985 -0.016091 0.278278
0.087801 -0.015885 0.273141
0.088314 -0.016799 0.270491
0.081986 -0.015528 0.280596
0.087386 -0.011147 0.276848
0.081315 -0.018099 0.278503
0.083651 -0.016537 0.278485
0.085900 -0.011948 0.277581
0.086257 -0.014212 0.276199
0.087762 -0.013269 0.274790
0.085523 -0.018010 0.274277
0.087001 -0.014375 0.275217
0.080737 -0.017706 0.279932
0.087258 -0.014724 0.274869
0.083677 -0.012903 0.279904
0.086454 -0.009402 0.275702
0.080997 -0.016803 0.280467
0.087804 -0.010918 0.276642
0.083519 -0.015258 0.279214
0.088237 -0.014272 0.272870
0.082025 -0.018225 0.277425
0.082959 -0.016439 0.279215
0.088161 -0.014447 0.273045
0.088744 -0.014969 0.272022
0.087706 -0.011368 0.276045
0.085697 -0.014476 0.276920
0.086176 -0.011702 0.277474
0.082146 -0.015747 0.277291
0.085422 -0.014042 0.277488
0.087161 -0.012033 0.276015
0.086030 -0.016600 0.275052
0.087733 -0.014304 0.274250
0.083490 -0.017942 0.277224
0.085969 -0.011750 0.277870
0.088571 -0.012744 0.273592
0.083803 -0.013154 0.279774
0.085466 -0.018229 0.273665
0.085575 -0.013777 0.277447
0.079957 -0.017374 0.279935
0.086018 -0.015624 0.275892
0.086986 -0.015085 0.274681
0.087844 -0.012978 0.274780
0.082309 -0.016672 0.279602
0.087099 -0.013476 0.275455
0.085010 -0.017699 0.275417
0.085017 -0.018086 0.274859
0.086294 -0.014558 0.275959
0.085718 -0.014712 0.276664
0.087168 -0.012264 0.275831
0.085176 -0.017603 0.275209
0.086677 -0.015519 0.274968
0.086354 -0.013474 0.276546
0.085193 -0.014475 0.277492
0.086398 -0.017641 0.273333
0.086332 -0.017913 0.272792
0.083549 -0.016895 0.278368
0.081845 -0.018131 0.278291
0.088086 -0.013949 0.273670
0.084738 -0.018170 0.274916
0.085319 -0.015508 0.276759
0.084680 -0.016867 0.276945
0.087352 -0.017113 0.272311
0.086363 -0.012904 0.276777
0.084108 -0.017646 0.276758
0.086720 -0.017752 0.272144
0.088657 -0.016363 0.270394
0.087834 -0.013924 0.274291
0.080579 -0.017873 0.279287
0.084148 -0.011771 0.280033
0.086383 -0.017870 0.272401
0.087471 -0.012205 0.275509
0.083677 -0.014619 0.279311
0.088210 -0.014208 0.273237
0.084222 -0.017483 0.276916
0.080368 -0.017811 0.279509
0.085070 -0.010962 0.279443
0.087647 -0.013003 0.274942
0.085118 -0.015307 0.277085
0.086670 -0.011291 0.277596
0.083931 -0.014282 0.279150
0.082324 -0.017295 0.279020
0.086108 -0.016452 0.275016
0.085676 -0.018193 0.273468
0.088289 -0.012177 0.274653
0.085227 -0.018034 0.274702
0.087944 -0.016630 0.271795
0.081106 -0.018057 0.279074
0.083511 -0.013127 0.280234
0.083022 -0.018057 0.277712
0.084494 -0.014957 0.278127
0.085473 -0.017939 0.272937
0.082081 -0.016949 0.279578
0.086606 -0.011436 0.277313
0.087773 -0.016039 0.272708
0.084753 -0.015863 0.277378
0.082433 -0.018023 0.276389
0.087005 -0.017396 0.272532
0.083853 -0.016895 0.277969
0.086692 -0.017406 0.273300
0.087364 -0.011409 0.276463
0.087171 -0.013173 0.275488
0.085147 -0.011783 0.278627
0.081905 -0.016907 0.279708
0.084888 -0.013146 0.278559
0.084950 -0.016778 0.276457
0.083361 -0.012013 0.277478
0.087294 -0.012391 0.275636
0.086713 -0.015914 0.274631
0.087349 -0.016547 0.270069
0.083213 -0.015657 0.279427
0.087720 -0.017279 0.271188
0.086031 -0.014632 0.276290
0.086543 -0.016223 0.274648
0.084924 -0.015648 0.277263
0.082235 -0.015585 0.280402
0.087298 -0.017527 0.271722
0.083875 -0.016699 0.278085
0.087132 -0.010904 0.277476
0.085406 -0.014210 0.277331
0.087892 -0.012503 0.274744
0.087123 -0.016334 0.274043
0.086110 -0.013573 0.276876
0.086083 -0.012794 0.277193
0.085778 -0.015747 0.276096
0.088397 -0.016458 0.270941
0.081555 -0.015871 0.280678
0.083942 -0.012665 0.275943
0.088382 -0.016627 0.269738
0.085892 -0.018092 0.273366
0.084148 -0.011771 0.280033
0.086436 -0.011459 0.277573
0.085900 -0.011948 0.277581
0.086100 -0.016365 0.275132
0.084662 -0.014140 0.278426
0.083646 -0.012406 0.280085
0.086207 -0.017919 0.273094
0.085697 -0.014476 0.276920
0.086085 -0.014287 0.276587
0.088118 -0.010960 0.275674
0.085858 -0.015071 0.276272
0.086663 -0.017399 0.271170
0.082963 -0.015750 0.279616
0.085508 -0.014740 0.276947
0.087631 -0.011076 0.276729
0.088037 -0.015614 0.272741
0.080459 -0.017794 0.279667
0.081061 -0.017473 0.280001
0.082345 -0.018229 0.277757
0.085343 -0.014332 0.277402
0.084108 -0.016179 0.277971
0.084646 -0.014394 0.278292
0.082238 -0.015267 0.280539
0.083858 -0.013418 0.279681
0.084617 -0.012040 0.278996
0.080105 -0.016402 0.279656
0.081947 -0.013324 0.279436
0.082345 -0.018229 0.277757
0.085073 -0.013494 0.278094
0.087358 -0.017278 0.272098
0.088013 -0.015336 0.272958
0.087279 -0.017080 0.272507
0.081102 -0.016340 0.280695
0.087046 -0.017518 0.272303
0.087909 -0.012752 0.274715
0.083378 -0.018419 0.275879
0.084746 -0.018274 0.274138
0.086225 -0.015697 0.275531
0.082438 -0.015185 0.280316
0.082230 -0.015850 0.280266
0.087809 -0.015663 0.273250
0.084195 -0.016139 0.277803
0.081719 -0.017116 0.279745
0.081946 -0.017265 0.279463
0.080926 -0.016678 0.280592
0.087118 -0.016803 0.273573
0.086314 -0.015938 0.275138
0.087446 -0.015598 0.273881
0.082866 -0.015446 0.279787
0.081567 -0.016921 0.279942
0.087109 -0.011433 0.276663
0.087918 -0.011090 0.276146
0.085478 -0.018190 0.273924
0.080895 -0.017190 0.280351
0.083642 -0.018332 0.275948
0.086268 -0.011540 0.277671
0.087032 -0.014958 0.274896
0.083174 -0.017579 0.277941
0.088186 -0.012058 0.274844
0.086738 -0.012852 0.275908
0.087190 -0.017350 0.272256
0.088284 -0.012808 0.274089
0.088075 -0.013822 0.273842
0.088681 -0.016084 0.270567
0.086817 -0.015563 0.274572
0.083658 -0.013189 0.279984
0.085729 -0.011736 0.278269
0.079859 -0.017049 0.279862
0.086467 -0.010566 0.278530
0.087914 -0.014056 0.274039
0.088681 -0.016084 0.270567
0.084669 -0.013927 0.278527
0.085900 -0.016960 0.274923
0.088273 -0.016133 0.271737
0.084436 -0.012961 0.279109
0.087325 -0.016985 0.272699
0.085838 -0.015364 0.276211
0.085272 -0.012328 0.278324
0.088378 -0.015729 0.271894
0.087930 -0.010977 0.276395
0.083886 -0.018139 0.276214
0.088018 -0.013806 0.274065
0.088274 -0.016454 0.271255
0.085267 -0.014668 0.277307
0.083814 -0.013786 0.279558
0.087603 -0.013900 0.274636
0.084772 -0.017328 0.276220
0.086805 -0.012523 0.275957
0.082576 -0.015579 0.279887
0.083457 -0.018127 0.275220
0.085706 -0.013252 0.277559
0.083035 -0.018424 0.276662
0.087428 -0.014907 0.274445
0.083361 -0.017933 0.277345
0.084610 -0.011858 0.279401
0.087743 -0.016325 0.272868
0.084344 -0.013375 0.279116
0.085030 -0.012735 0.278468
0.083351 -0.016114 0.279069
0.085729 -0.011736 0.278269
0.088382 -0.016193 0.271439
0.087264 -0.014124 0.275004
0.088409 -0.015082 0.272515
0.086410 -0.013983 0.276040
0.083574 -0.013130 0.276224
0.084021 -0.017606 0.276964
0.087157 -0.016540 0.273840
0.085858 -0.018140 0.273510
0.086923 -0.017678 0.271715
0.087577 -0.011951 0.275563
0.086799 -0.013705 0.275746
0.083671 -0.013799 0.279675
0.083726 -0.016928 0.278142
0.086393 -0.014951 0.275799
0.088118 -0.010960 0.275674
0.086308 -0.017505 0.273726
0.086478 -0.013232 0.276370
0.086006 -0.017955 0.272563
0.085375 -0.015064 0.276887
0.082218 -0.015986 0.280168
0.087118 -0.011958 0.276199
0.083364 -0.018377 0.275681
0.087770 -0.012582 0.274917
0.088502 -0.011709 0.274686
0.086838 -0.017632 0.272519
0.087662 -0.016654 0.269840
0.087586 -0.017322 0.271430
0.083699 -0.015129 0.279068
0.083382 -0.014226 0.279806
0.087128 -0.017555 0.271241
0.085378 -0.017833 0.274723
0.087702 -0.016835 0.272038
0.085383 -0.016009 0.276456
0.085318 -0.018089 0.274504
0.084136 -0.015205 0.278499
0.088406 -0.012516 0.274179
0.083233 -0.014958 0.279662
0.083646 -0.012406 0.280085
0.087279 -0.017080 0.272507
0.087085 -0.011646 0.276491
0.086323 -0.016874 0.274374
0.088663 -0.015930 0.270824
0.081878 -0.016149 0.280267
0.083519 -0.015438 0.279058
0.087915 -0.017105 0.270988
0.083957 -0.014029 0.279203
0.088406 -0.012516 0.274179
0.086870 -0.013491 0.275674
0.082613 -0.016526 0.279475
0.083635 -0.017701 0.277269
0.079957 -0.017374 0.279935
0.086454 -0.009402 0.275702
0.087994 -0.012288 0.274841
0.083354 -0.013824 0.280035
0.087492 -0.011863 0.275737
0.084404 -0.016729 0.277308
0.085014 -0.013750 0.277941
0.085258 -0.013359 0.278053
0.083893 -0.017421 0.277267
0.087687 -0.016318 0.273118
0.085336 -0.017413 0.275220
0.082616 -0.014588 0.280401
0.086748 -0.017619 0.271483
0.085138 -0.010750 0.279702
0.086921 -0.010958 0.277752
0.086288 -0.015471 0.275630
0.087077 -0.015479 0.274380
0.085900 -0.016960 0.274923
0.088418 -0.012286 0.274385
0.087168 -0.017226 0.272418
0.085856 -0.010810 0.278857
0.088334 -0.013760 0.273206
0.083609 -0.012639 0.280076
0.088418 -0.012286 0.274385
0.088161 -0.014447 0.273045
0.084724 -0.013692 0.278574
0.082218 -0.015986 0.280168
0.087336 -0.016497 0.273506
0.087258 -0.014724 0.274869
0.083007 -0.014190 0.276718
0.086146 -0.010960 0.278485
0.088612 -0.015272 0.272062
0.082146 -0.015747 0.277291
0.085872 -0.015865 0.275896
0.087618 -0.012528 0.275119
0.085767 -0.016674 0.275407
0.085953 -0.014517 0.276587
0.085490 -0.011362 0.278623
0.085695 -0.017450 0.274766
0.084856 -0.012613 0.278652
0.083938 -0.015955 0.278393
0.082838 -0.016919 0.275887
0.079934 -0.017220 0.280414
0.083295 -0.013570 0.280273
0.085155 -0.017020 0.276012
0.085742 -0.015628 0.276236
0.084477 -0.017056 0.277046
0.085553 -0.016377 0.275848
0.088657 -0.016363 0.270394
0.087807 -0.011156 0.276317
0.086826 -0.016849 0.270745
0.087406 -0.017348 0.270705
0.088663 -0.015930 0.270824
0.082500 -0.014424 0.280585
0.081926 -0.017973 0.278747
0.083451 -0.017565 0.277619
0.084727 -0.017031 0.273156
0.087799 -0.015992 0.273031
0.084091 -0.017905 0.276327
0.084892 -0.013421 0.278461
0.084080 -0.012529 0.279627
0.087706 -0.015365 0.273613
0.087214 -0.013781 0.275117
0.087932 -0.013034 0.274647
0.083445 -0.017420 0.277849
0.085923 -0.013317 0.277184
0.082148 -0.017421 0.279152
0.082096 -0.018140 0.278102
0.085582 -0.014079 0.277277
0.086083 -0.012794 0.277193
0.087521 -0.012458 0.275307
0.085663 -0.012425 0.277789
0.085957 -0.014148 0.276817
0.087528 -0.011240 0.276605
0.086465 -0.012144 0.276758
0.085741 -0.013345 0.277378
0.084378 -0.018000 0.275907
0.083567 -0.016329 0.278665
0.088449 -0.016652 0.270483
0.087300 -0.015917 0.273909
0.086495 -0.014599 0.275763
0.084416 -0.018161 0.275566
0.086170 -0.016864 0.271252
0.086889 -0.016747 0.273952
0.088295 -0.015607 0.272228
0.085474 -0.015811 0.276505
0.084143 -0.018120 0.276051
0.088483 -0.012331 0.274087
0.084410 -0.014391 0.278540
0.085087 -0.011479 0.279008
0.087821 -0.011386 0.275802
0.081121 -0.017877 0.279631
0.086562 -0.017356 0.273534
0.084195 -0.016139 0.277803
0.082292 -0.018289 0.277537
0.081934 -0.016694 0.279833
0.082576 -0.015579 0.279887
0.082348 -0.017741 0.278689
0.083393 -0.015294 0.279392
0.087055 -0.016011 0.274282
0.087279 -0.017080 0.272507
0.086869 -0.016990 0.273681
0.080729 -0.016811 0.280676
0.081844 -0.016030 0.280382
0.084068 -0.014415 0.278906
0.086193 -0.011156 0.278303
0.086265 -0.016781 0.274514
0.086737 -0.017740 0.271901
0.085124 -0.016545 0.276227
0.080507 -0.017488 0.280319
0.088475 -0.012335 0.274236
0.085769 -0.013897 0.277111
0.084695 -0.015299 0.277833
0.085010 -0.017699 0.275417
0.084456 -0.014627 0.278323
0.084837 -0.018130 0.273636
0.083218 -0.018319 0.276910
0.084939 -0.017123 0.276199
0.086805 -0.012523 0.275957
0.083653 -0.017349 0.277645
0.087930 -0.010977 0.276395
0.081852 -0.016477 0.277319
0.082592 -0.016432 0.279576
0.085070 -0.010962 0.279443
0.084790 -0.017872 0.275579
0.084426 -0.012675 0.279090
0.084374 -0.013120 0.279174
0.086128 -0.016792 0.274753
0.084108 -0.016179 0.277971
0.085339 -0.015275 0.276784
0.086765 -0.017598 0.272703
0.085193 -0.014475 0.277492
0.084173 -0.015956 0.278078
0.084999 -0.015443 0.277255
0.079934 -0.017220 0.280414
0.087603 -0.013900 0.274636
0.086525 -0.014883 0.275683
0.082396 -0.015021 0.280450
0.085729 -0.011736 0.278269
0.083701 -0.013539 0.279814
0.084141 -0.011957 0.279957
0.084434 -0.016554 0.277345
0.088027 -0.013285 0.274192
0.083580 -0.014977 0.279244
0.084231 -0.012887 0.279348
0.087571 -0.014199 0.274541
0.081878 -0.016149 0.280267
0.081590 -0.016075 0.280457
0.084514 -0.012312 0.279118
0.084322 -0.017489 0.276727
0.085099 -0.018218 0.274572
0.083155 -0.015985 0.279359
0.088600 -0.013072 0.273355
0.084919 -0.013873 0.278110
0.084131 -0.014742 0.278660
0.083607 -0.014090 0.279609
0.081431 -0.018019 0.277814
0.086433 -0.017302 0.273839
0.084738 -0.016552 0.276993
0.086112 -0.015909 0.275466
0.088412 -0.014293 0.272703
0.085498 -0.017907 0.274479
0.083351 -0.016114 0.279069
0.085649 -0.016932 0.275320
0.086700 -0.012295 0.276422
0.084705 -0.011432 0.279577
0.084107 -0.016865 0.277555
0.085318 -0.018089 0.274504
0.088197 -0.015681 0.272416
0.085347 -0.017025 0.275756
0.087944 -0.013532 0.274368
0.085955 -0.016357 0.275389
0.082706 -0.015740 0.279778
0.084714 -0.014837 0.277950
0.082513 -0.017126 0.278907
0.081519 -0.018117 0.278304
0.084378 -0.018000 0.275907
0.083459 -0.016159 0.278894
0.080993 -0.018061 0.278647
0.088360 -0.015362 0.272422
0.087707 -0.016505 0.272422
0.084491 -0.013268 0.278974
0.088432 -0.016236 0.271248
0.080895 -0.017190 0.280351
0.086310 -0.011210 0.278164
0.086785 -0.015223 0.275003
0.086249 -0.012569 0.277095
0.083432 -0.017657 0.277480
0.086258 -0.012943 0.276976
0.084130 -0.017681 0.276542
0.085759 -0.014225 0.277017
0.084852 -0.016778 0.276738
0.083361 -0.017933 0.277345
0.085893 -0.011057 0.278602
0.088197 -0.015681 0.272416
0.086354 -0.013474 0.276546
0.088268 -0.011782 0.274924
0.083991 -0.013590 0.279449
0.088601 -0.011981 0.274315
0.085639 -0.010666 0.279078
0.086318 -0.010711 0.278567
0.087071 -0.011310 0.276934
0.087965 -0.013120 0.274469
0.080653 -0.017370 0.280405
0.085163 -0.014980 0.277303
0.082761 -0.014639 0.280233
0.087589 -0.017408 0.271060
0.086007 -0.010852 0.278723
0.085955 -0.016357 0.275389
0.085235 -0.017407 0.275452
0.084473 -0.013734 0.278841
0.081924 -0.018054 0.278576
0.085003 -0.018305 0.274390
0.087979 -0.013661 0.274219
0.088475 -0.012335 0.274236
0.086483 -0.015427 0.275379
0.085666 -0.012934 0.277705
0.088649 -0.015516 0.271327
0.084608 -0.014832 0.278084
0.085124 -0.016545 0.276227
0.084982 -0.015997 0.276904
0.084906 -0.011838 0.275263
0.083704 -0.015384 0.278946
0.083991 -0.013047 0.279600
0.083511 -0.018284 0.276306
0.088316 -0.015947 0.271819
0.087419 -0.014663 0.274684
0.088612 -0.015695 0.271085
0.088664 -0.014343 0.272421
0.086661 -0.013723 0.275888
0.087178 -0.017102 0.272884
0.083510 -0.013643 0.279941
0.085399 -0.015711 0.276633
0.088141 -0.016438 0.271616
0.083516 -0.014360 0.279563
0.086802 -0.012239 0.276298
0.083627 -0.016713 0.278433
0.088708 -0.015230 0.271514
0.084663 -0.012677 0.278802
0.086562 -0.013113 0.276054
0.086262 -0.016277 0.274935
0.085012 -0.011278 0.279208
0.086899 -0.012052 0.276369
0.088247 -0.013027 0.273931
0.083401 -0.016401 0.278813
0.087277 -0.012831 0.275461
0.088182 -0.016033 0.271956
0.086294 -0.012052 0.277192
0.084571 -0.017569 0.276114
0.086006 -0.017786 0.272232
0.088086 -0.013949 0.273670
0.083002 -0.018135 0.277542
0.081629 -0.018095 0.278574
0.088013 -0.015336 0.272958
0.085318 -0.016875 0.275910
0.088510 -0.016644 0.270263
0.082838 -0.016919 0.275887
0.086208 -0.011358 0.278088
0.084295 -0.017894 0.276137
0.085439 -0.010837 0.279033
0.081777 -0.013953 0.279417
0.084289 -0.015416 0.278256
0.086253 -0.015273 0.275771
0.085929 -0.016527 0.275258
0.085879 -0.010543 0.279196
0.088473 -0.013488 0.273264
0.083015 -0.014836 0.279914
0.084148 -0.013955 0.279075
0.085524 -0.014377 0.277143
0.081121 -0.017877 0.279631
0.082609 -0.017560 0.278583
0.087538 -0.016604 0.273150
0.088468 -0.015919 0.271541
0.087620 -0.011317 0.276342
0.088693 -0.014065 0.272546
0.087160 -0.015152 0.274455
0.081357 -0.017916 0.279364
0.087918 -0.014211 0.273807
0.088674 -0.014663 0.272286
0.086677 -0.015519 0.274968
0.087834 -0.016630 0.272003
0.082230 -0.015850 0.280266
0.084471 -0.014082 0.278671
0.084784 -0.012943 0.278697
0.088268 -0.011782 0.274924
0.082999 -0.017960 0.277845
0.087897 -0.016087 0.272491
0.085073 -0.013494 0.278094
0.082733 -0.016290 0.279517
0.087715 -0.013865 0.274472
0.083477 -0.013924 0.279809
0.085409 -0.010752 0.279197
0.082761 -0.014639 0.280233
0.082985 -0.014164 0.280300
0.086899 -0.012052 0.276369
0.085519 -0.016202 0.276060
0.088274 -0.014032 0.273282
0.088612 -0.015695 0.271085
0.086845 -0.017145 0.273481
0.086171 -0.015998 0.275346
0.083635 -0.017701 0.277269
0.087042 -0.010726 0.277758
0.086817 -0.015563 0.274572
0.088018 -0.013806 0.274065
0.084839 -0.016109 0.277048
0.087870 -0.014567 0.273698
0.084102 -0.016432 0.277708
0.087160 -0.015152 0.274455
0.083886 -0.014977 0.278957
0.080500 -0.017578 0.280150
0.088253 -0.014678 0.272772
0.088043 -0.010852 0.276204
0.088437 -0.015539 0.272092
0.085701 -0.017238 0.274968
0.083951 -0.018203 0.275232
0.086334 -0.016148 0.274949
0.087549 -0.017177 0.270477
0.086826 -0.015347 0.274783
0.087432 -0.013825 0.274917
0.082177 -0.017232 0.279258
0.085708 -0.016988 0.271503
0.080796 -0.017899 0.279647
0.082292 -0.018289 0.277537
0.084886 -0.015512 0.277427
0.081108 -0.017168 0.280173
0.086257 -0.013731 0.276541
0.084749 -0.015517 0.277648
0.087617 -0.016024 0.273479
0.085114 -0.015534 0.277031
0.080956 -0.016549 0.280661
0.082513 -0.017126 0.278907
0.086874 -0.011549 0.276814
0.087402 -0.011564 0.276229
0.083305 -0.018061 0.277300
0.081450 -0.015633 0.278377
0.083368 -0.015537 0.279266
0.088182 -0.010574 0.276033
0.080676 -0.017123 0.280546
0.087766 -0.016171 0.272891
0.084456 -0.014627 0.278323
0.086646 -0.011587 0.277045
0.082832 -0.018424 0.276912
0.085915 -0.018043 0.272747
0.086405 -0.015788 0.275184
0.084683 -0.017079 0.276775
0.085087 -0.011673 0.278800
0.084782 -0.018023 0.275318
0.085291 -0.015960 0.276631
0.082001 -0.015291 0.280712
0.086907 -0.013952 0.275500
0.084791 -0.014611 0.277913
0.082631 -0.016729 0.279312
0.085595 -0.012240 0.278022
0.086711 -0.014623 0.275438
0.088113 -0.012943 0.274241
0.086468 -0.011997 0.276965
0.083855 -0.017855 0.276737
0.083507 -0.018080 0.277000
0.085569 -0.014981 0.276695
0.085128 -0.016352 0.276279
0.088100 -0.015944 0.272321
0.084143 -0.018120 0.276051
0.081988 -0.017830 0.276918
0.086176 -0.011702 0.277474
0.086909 -0.015288 0.274582
0.085565 -0.016070 0.276156
0.087635 -0.014990 0.273889
0.086018 -0.015624 0.275892
0.088445 -0.013888 0.273013
0.086709 -0.016646 0.274208
0.081337 -0.017209 0.279969
0.087310 -0.010607 0.277496
0.084074 -0.018239 0.275806
0.083726 -0.016928 0.278142
0.087325 -0.016985 0.272699
0.087545 -0.017060 0.272081
0.082128 -0.016105 0.280096
0.085703 -0.018082 0.273777
0.086249 -0.012569 0.277095
0.082832 -0.018424 0.276912
0.087746 -0.012204 0.275101
0.086657 -0.017804 0.272349
0.085608 -0.012832 0.277826
0.086633 -0.017801 0.272501
0.083370 -0.014983 0.279529
0.085078 -0.017853 0.275090
0.082866 -0.015446 0.279787
0.084426 -0.012675 0.279090
0.084724 -0.013692 0.278574
0.088397 -0.016458 0.270941
0.087338 -0.011832 0.276026
0.086659 -0.012010 0.276634
0.084495 -0.015408 0.277987
0.085879 -0.010543 0.279196
0.088406 -0.012516 0.274179
0.082129 -0.018078 0.278368
0.087279 -0.016530 0.273656
0.085227 -0.018034 0.274702
0.084843 -0.014229 0.278037
0.087534 -0.011578 0.275911
0.084871 -0.011887 0.278728
0.086886 -0.016492 0.274173
0.082230 -0.015850 0.280266
0.084374 -0.013120 0.279174
0.084000 -0.011844 0.280181
0.086745 -0.011115 0.277793
0.083854 -0.017632 0.277126
0.082950 -0.016777 0.278988
0.086446 -0.012331 0.276769
0.083445 -0.016648 0.278627
0.086314 -0.015938 0.275138
0.081381 -0.017674 0.279627
0.084915 -0.014016 0.277988
0.082999 -0.017960 0.277845
0.085561 -0.013474 0.277670
0.084480 -0.012234 0.279313
0.086148 -0.011951 0.277336
0.085894 -0.018033 0.273012
0.086356 -0.013593 0.276337
0.080796 -0.017899 0.279647
0.083369 -0.013297 0.280349
0.085078 -0.017853 0.275090
0.088178 -0.016863 0.270291
0.085490 -0.011362 0.278623
0.082065 -0.018198 0.277128
0.087538 -0.016373 0.273366
0.084661 -0.016063 0.277324
0.086460 -0.014256 0.275854
0.085409 -0.018197 0.273432
0.081108 -0.017168 0.280173
0.080429 -0.016901 0.279008
0.084265 -0.016913 0.277331
0.084066 -0.015077 0.278632
0.085779 -0.018133 0.273611
0.082890 -0.017323 0.278493
0.082616 -0.014588 0.280401
0.080806 -0.017457 0.280205
0.085515 -0.017101 0.271685
0.084060 -0.012167 0.279881
0.081656 -0.017859 0.279192
0.087658 -0.017066 0.271867
0.083854 -0.017632 0.277126
0.085743 -0.012207 0.277656
0.087967 -0.013043 0.274365
0.085872 -0.014419 0.276777
0.086294 -0.012052 0.277192
0.081640 -0.017131 0.277370
0.086713 -0.013983 0.275734
0.081567 -0.016921 0.279942
0.086006 -0.017786 0.272232
0.081668 -0.018120 0.277972
0.082631 -0.015390 0.280013
0.085748 -0.016287 0.275699
0.085359 -0.011926 0.278481
0.083095 -0.013720 0.280406
0.087314 -0.015498 0.274138
0.083451 -0.017565 0.277619
0.086468 -0.011997 0.276965
0.087155 -0.011812 0.276314
0.087762 -0.013269 0.274790
0.085598 -0.016793 0.275523
0.084153 -0.017277 0.277183
0.088116 -0.010596 0.275878
0.085992 -0.011252 0.278362
0.084976 -0.014308 0.277850
0.087601 -0.016798 0.270032
0.087406 -0.017348 0.270705
0.083930 -0.018227 0.276043
0.086173 -0.012264 0.277243
0.084871 -0.011887 0.278728
0.081413 -0.016028 0.278153
0.083263 -0.015246 0.279544
0.086499 -0.015740 0.275070
0.082329 -0.015705 0.280235
0.085735 -0.011401 0.278415
0.082450 -0.018360 0.277162
0.082324 -0.017295 0.279020
0.088412 -0.011095 0.275029
0.088557 -0.012139 0.274201
0.087944 -0.013532 0.274368
0.083848 -0.017193 0.277623
0.081431 -0.018019 0.277814
0.084311 -0.012544 0.279315
0.085891 -0.015555 0.276090
0.088026 -0.016644 0.271328
0.087217 -0.011040 0.277054
0.086923 -0.017678 0.271715
0.087237 -0.014917 0.274676
0.084129 -0.018220 0.275469
0.081944 -0.016414 0.279989
0.085914 -0.017256 0.274644
0.087217 -0.011040 0.277054
0.085689 -0.015198 0.276436
0.085360 -0.017601 0.272492
0.084939 -0.012391 0.278595
0.082314 -0.015895 0.280107
0.080224 -0.017327 0.279222
0.085901 -0.016177 0.275587
0.086587 -0.012600 0.276422
0.088192 -0.011025 0.275500
0.080743 -0.017466 0.278555
0.086562 -0.017356 0.273534
0.088538 -0.016280 0.270787
0.085194 -0.018282 0.274137
0.087332 -0.013026 0.275334
0.086929 -0.012214 0.276083
0.087021 -0.012544 0.275793
0.084068 -0.016803 0.277677
0.083480 -0.015695 0.279044
0.088006 -0.016329 0.272033
0.087214 -0.013781 0.275117
0.080737 -0.017706 0.279932
0.084054 -0.015699 0.278415
0.082361 -0.017074 0.279106
0.083370 -0.014983 0.279529
0.082944 -0.016643 0.279111
0.086732 -0.017473 0.273041
0.083519 -0.015438 0.279058
0.086258 -0.012943 0.276976
0.084670 -0.011950 0.278851
0.087521 -0.012458 0.275307
0.086468 -0.011997 0.276965
0.084742 -0.015704 0.277505
0.088334 -0.013760 0.273206
0.085879 -0.010543 0.279196
0.086631 -0.014456 0.275574
0.086650 -0.015141 0.275180
0.086590 -0.016308 0.274452
0.087577 -0.011951 0.275563
0.085699 -0.017951 0.274051
0.085339 -0.015275 0.276784
0.084041 -0.014693 0.278831
0.086374 -0.017119 0.274144
0.083994 -0.015456 0.278552
0.081913 -0.017575 0.279236
0.088399 -0.013024 0.273684
0.082631 -0.018276 0.277570
0.087190 -0.017350 0.272256
0.088511 -0.011962 0.274528
0.081110 -0.017690 0.279824
0.084825 -0.011524 0.279303
0.086053 -0.014787 0.276142
0.087814 -0.015011 0.273624
0.082507 -0.017813 0.278469
0.086870 -0.013491 0.275674
0.086549 -0.010564 0.273697
0.084322 -0.017489 0.276727
0.085702 -0.011062 0.278707
0.083646 -0.012406 0.280085
0.087424 -0.016283 0.273642
0.083510 -0.013643 0.279941
0.082863 -0.016414 0.279307
0.085957 -0.012171 0.277380
0.088004 -0.010664 0.276421
0.086499 -0.015740 0.275070
0.082616 -0.014588 0.280401
0.085778 -0.015747 0.276096
0.084471 -0.014082 0.278671
0.083997 -0.016650 0.277838
0.087635 -0.014990 0.273889
0.088254 -0.011094 0.275302
0.087633 -0.014012 0.274416
0.087446 -0.016824 0.272928
0.085703 -0.018082 0.273777
0.085769 -0.013897 0.277111
0.081934 -0.016694 0.279833
0.085906 -0.017690 0.274074
0.085731 -0.017532 0.271916
0.084045 -0.014170 0.279053
0.084544 -0.011630 0.279657
0.080353 -0.017313 0.280504
0.084484 -0.016686 0.277237
0.085600 -0.013124 0.277762
0.085449 -0.010557 0.279720
0.087914 -0.016974 0.271255
0.084361 -0.015120 0.278267
0.084297 -0.014778 0.278459
0.084430 -0.013470 0.278927
0.086698 -0.017064 0.273799
0.081608 -0.017398 0.279604
0.088382 -0.016627 0.269738
0.084160 -0.015454 0.278400
0.085892 -0.018092 0.273366
0.083325 -0.014480 0.279755
0.083508 -0.013407 0.280104
0.085689 -0.015198 0.276436
0.086410 -0.015698 0.275257
0.081905 -0.016907 0.279708
0.084843 -0.013814 0.278329
0.086841 -0.011750 0.276639
0.085014 -0.012091 0.278598
0.085892 -0.015963 0.275746
0.083578 -0.018145 0.276670
0.084862 -0.017485 0.275760
0.081337 -0.017209 0.279969
0.080806 -0.017457 0.280205
0.084989 -0.016845 0.276229
0.084045 -0.014170 0.279053
0.087276 -0.014473 0.274947
0.086468 -0.017885 0.272624
0.086503 -0.011051 0.278138
0.083641 -0.014343 0.279468
0.082816 -0.013413 0.277615
0.086142 -0.016181 0.275184
0.084804 -0.018257 0.274585
0.083020 -0.015136 0.279796
0.082928 -0.017046 0.278734
0.082444 -0.015357 0.280276
0.088571 -0.012744 0.273592
0.085485 -0.014931 0.276870
0.087659 -0.017258 0.270654
0.086845 -0.017145 0.273481
0.088254 -0.011094 0.275302
0.086525 -0.014883 0.275683
0.084948 -0.013442 0.278300
0.087099 -0.013476 0.275455
0.084705 -0.016243 0.277106
0.085858 -0.015071 0.276272
0.085439 -0.017885 0.274606
0.087998 -0.012039 0.275013
0.086799 -0.013705 0.275746
0.087717 -0.017191 0.271437
0.086852 -0.014621 0.275288
0.082631 -0.015390 0.280013
0.084436 -0.011196 0.280102
0.084374 -0.011393 0.280064
0.086670 -0.011291 0.277596
0.087809 -0.015663 0.273250
0.087288 -0.011311 0.276718
0.088441 -0.014874 0.272541
0.088437 -0.015539 0.272092
0.085508 -0.014740 0.276947
0.084550 -0.017461 0.276353
0.085872 -0.015865 0.275896
0.083582 -0.015975 0.278847
0.087577 -0.011951 0.275563
0.083994 -0.015456 0.278552
0.087873 -0.015855 0.272764
0.088708 -0.015230 0.271514
0.086499 -0.015154 0.275541
0.086257 -0.014212 0.276199
0.087675 -0.014716 0.274112
0.084794 -0.017100 0.276451
0.086353 -0.011811 0.277205
0.087519 -0.017364 0.271596
0.086069 -0.016735 0.274920
0.082613 -0.016526 0.279475
0.081061 -0.017473 0.280001
0.086058 -0.013460 0.277004
0.087587 -0.017351 0.270817
0.085767 -0.016674 0.275407
0.088251 -0.015838 0.272107
0.086330 -0.015140 0.275788
0.083653 -0.017349 0.277645
0.083494 -0.017173 0.278120
0.086747 -0.013230 0.275854
0.087605 -0.015307 0.273772
0.087021 -0.012544 0.275793
0.085551 -0.011786 0.278441
0.082437 -0.016210 0.279720
0.087004 -0.015639 0.274422
0.081994 -0.013989 0.279128
0.082314 -0.015895 0.280107
0.088053 -0.015845 0.272495
0.084626 -0.017609 0.275851
0.088399 -0.016721 0.270029
0.085378 -0.017833 0.274723
0.086069 -0.016735 0.274920
0.088187 -0.014385 0.272809
0.087300 -0.015917 0.273909
0.083458 -0.014694 0.279527
0.080997 -0.016803 0.280467
0.084646 -0.014394 0.278292
0.081738 -0.015629 0.280633
0.085969 -0.011750 0.277870
0.084160 -0.015454 0.278400
0.084923 -0.016501 0.276771
0.085798 -0.012056 0.277823
0.081375 -0.018068 0.278804
0.086015 -0.012516 0.277311
0.087687 -0.016318 0.273118
0.088316 -0.015947 0.271819
0.087525 -0.010923 0.276918
0.087360 -0.016694 0.273330
0.087390 -0.017464 0.270973
0.081381 -0.017674 0.279627
0.083150 -0.014323 0.280037
0.087834 -0.013924 0.274291
0.088053 -0.015845 0.272495
0.084153 -0.017277 0.277183
0.085291 -0.015960 0.276631
0.085403 -0.017409 0.272048
0.087932 -0.013034 0.274647
0.084782 -0.018023 0.275318
0.085369 -0.013813 0.277699
0.082402 -0.013371 0.278577
0.087897 -0.016087 0.272491
0.082422 -0.016437 0.279682
0.086905 -0.013747 0.275584
0.081222 -0.016798 0.280286
0.085673 -0.017901 0.272642
0.082576 -0.015113 0.280229
0.088315 -0.016612 0.270872
0.084198 -0.014084 0.278948
0.081346 -0.017407 0.279825
0.088043 -0.010861 0.275948
0.086791 -0.010613 0.278131
0.084951 -0.013661 0.278168
0.081413 -0.016028 0.278153
0.083651 -0.016537 0.278485
0.087161 -0.012033 0.276015
0.087870 -0.014567 0.273698
0.086556 -0.013446 0.276072
0.087782 -0.014569 0.273991
0.088240 -0.013360 0.273700
0.085736 -0.017319 0.271549
0.087433 -0.016988 0.270258
0.084209 -0.014420 0.278716
0.084550 -0.017461 0.276353
0.083883 -0.018160 0.274561
0.081604 -0.017691 0.279411
0.084176 -0.012236 0.279701
0.081359 -0.016883 0.280106
0.088251 -0.016745 0.270776
0.086659 -0.012010 0.276634
0.086072 -0.015408 0.275903
0.086425 -0.012617 0.276774
0.084548 -0.017292 0.276676
0.083858 -0.013418 0.279681
0.085597 -0.015542 0.276445
0.081618 -0.016644 0.280065
0.086995 -0.016257 0.274224
0.087800 -0.017236 0.270834
0.085876 -0.014825 0.276383
0.088666 -0.015517 0.271160
0.087469 -0.017321 0.271854
0.085029 -0.017245 0.276012
0.087633 -0.014012 0.274416
0.085743 -0.012207 0.277656
0.086614 -0.012629 0.276247
0.084852 -0.016778 0.276738
0.085237 -0.011102 0.279059
0.083711 -0.017854 0.277083
0.086825 -0.012928 0.275787
0.086132 -0.015098 0.275984
0.083761 -0.016284 0.278436
0.084695 -0.015299 0.277833
0.088113 -0.012943 0.274241
0.084426 -0.017472 0.276528
0.082801 -0.014388 0.280369
0.085014 -0.012091 0.278598
0.086834 -0.014922 0.270732
0.083152 -0.018183 0.277311
0.087277 -0.012831 0.275461
0.088612 -0.015272 0.272062
0.081356 -0.017824 0.277717
0.084788 -0.011862 0.278911
0.084665 -0.011996 0.279149
0.081622 -0.017971 0.278986
0.085701 -0.017238 0.274968
0.087217 -0.017145 0.270515
0.086549 -0.010564 0.273697
0.087830 -0.014365 0.273983
0.088449 -0.016652 0.270483
0.083149 -0.018413 0.276018
0.082421 -0.015933 0.279895
0.086523 -0.011682 0.277096
0.087730 -0.015889 0.273320
0.086905 -0.013747 0.275584
0.088633 -0.013650 0.272882
0.085924 -0.011026 0.274332
0.085116 -0.015160 0.277196
0.084522 -0.016729 0.277160
0.086499 -0.015154 0.275541
0.085087 -0.014926 0.277431
0.083853 -0.017797 0.276959
0.086361 -0.013205 0.276719
0.083228 -0.016352 0.279042
0.084652 -0.017432 0.276201
0.086543 -0.016223 0.274648
0.085242 -0.016706 0.276038
0.085285 -0.011424 0.278809
0.083774 -0.018278 0.275551
0.088057 -0.011331 0.275324
0.084853 -0.017419 0.275944
0.085428 -0.013129 0.277991
0.083985 -0.016091 0.278278
0.086318 -0.010711 0.278567
0.087588 -0.014572 0.274429
0.087431 -0.014103 0.274759
0.083987 -0.017838 0.274223
0.087312 -0.017502 0.271865
0.085043 -0.018180 0.274702
0.086142 -0.016181 0.275184
0.088247 -0.013027 0.273931
0.081934 -0.016694 0.279833
0.082523 -0.018094 0.278075
0.086697 -0.014911 0.275331
0.087877 -0.011469 0.275643
0.087400 -0.017436 0.271819
0.084825 -0.011524 0.279303
0.081247 -0.018033 0.278151
0.085253 -0.018281 0.273881
0.083931 -0.012159 0.280020
0.083094 -0.015387 0.279621
0.086469 -0.013698 0.276109
0.086587 -0.012600 0.276422
0.082783 -0.014943 0.280075
0.084422 -0.015725 0.277930
0.082393 -0.014684 0.280509
0.085865 -0.017568 0.274177
0.085900 -0.016960 0.274923
0.088549 -0.016543 0.270415
0.087709 -0.016118 0.273246
0.087909 -0.012752 0.274715
0.084276 -0.016379 0.277582
0.086738 -0.013529 0.275854
0.088708 -0.015230 0.271514
0.087428 -0.014907 0.274445
0.084749 -0.015517 0.277648
0.086562 -0.017356 0.273534
0.088113 -0.012943 0.274241
0.087219 -0.015778 0.274146
0.086465 -0.011286 0.277885
0.083852 -0.015525 0.278715
0.088043 -0.010861 0.275948
0.084585 -0.010612 0.276931
0.085517 -0.017206 0.275257
0.085865 -0.017568 0.274177
0.086262 -0.016277 0.274935
0.087446 -0.015598 0.273881
0.084212 -0.014303 0.274781
0.087545 -0.017060 0.272081
0.082319 -0.014749 0.280637
0.087528 -0.011240 0.276605
0.081897 -0.017844 0.278967
0.085600 -0.013124 0.277762
0.084936 -0.014673 0.277739
0.085647 -0.013509 0.277477
0.088657 -0.016363 0.270394
0.086041 -0.010581 0.278948
0.086713 -0.013983 0.275734
0.082640 -0.014393 0.280481
0.085155 -0.017020 0.276012
0.086590 -0.017566 0.273191
0.083454 -0.017760 0.277385
0.083091 -0.017492 0.278109
0.088389 -0.011942 0.274730
0.085776 -0.016786 0.275254
0.085741 -0.012972 0.277609
0.086465 -0.011286 0.277885
0.087314 -0.015498 0.274138
0.083314 -0.017418 0.277964
0.083519 -0.015258 0.279214
0.087171 -0.013173 0.275488
0.086146 -0.010960 0.278485
0.083070 -0.016208 0.279289
0.086799 -0.013705 0.275746
0.084132 -0.018197 0.274789
0.086467 -0.010566 0.278530
0.087978 -0.016716 0.271507
0.087526 -0.016780 0.272597
0.083245 -0.014761 0.279720
0.082040 -0.015797 0.280430
0.084080 -0.012529 0.279627
0.088254 -0.011094 0.275302
0.083215 -0.014060 0.280070
0.084436 -0.012961 0.279109
0.086195 -0.016511 0.274913
0.084504 -0.018236 0.274652
0.080962 -0.017995 0.279383
0.081852 -0.016477 0.277319
0.087077 -0.015769 0.274340
0.086165 -0.017091 0.274429
0.083777 -0.014338 0.279329
0.084799 -0.015015 0.277808
0.083819 -0.012089 0.280166
0.084576 -0.015150 0.277976
0.085292 -0.013056 0.278181
0.082943 -0.017465 0.278267
0.085892 -0.015963 0.275746
0.083458 -0.014694 0.279527
0.081304 -0.016561 0.280364
0.085608 -0.012832 0.277826
0.084471 -0.014082 0.278671
0.083897 -0.012834 0.279704
0.087207 -0.016968 0.273187
0.081381 -0.017674 0.279627
0.084923 -0.010762 0.280014
0.086426 -0.016435 0.274685
0.085639 -0.010666 0.279078
0.083361 -0.017933 0.277345
0.085647 -0.013509 0.277477
0.086572 -0.015285 0.275283
0.085901 -0.016177 0.275587
0.088183 -0.011560 0.275095
0.086225 -0.015697 0.275531
0.084496 -0.011429 0.279887
0.084344 -0.011652 0.279930
0.087338 -0.011832 0.276026
0.085288 -0.010691 0.279499
0.088088 -0.014956 0.273032
0.081448 -0.016824 0.280000
0.086798 -0.016197 0.274419
0.084415 -0.016262 0.277449
0.087413 -0.017509 0.271178
0.086594 -0.017694 0.272871
0.088437 -0.015539 0.272092
0.085541 -0.010635 0.279297
0.083244 -0.017907 0.277468
0.087343 -0.011347 0.276577
0.085509 -0.012399 0.277957
0.082146 -0.015747 0.277291
0.084936 -0.014673 0.277739
0.086436 -0.011459 0.277573
0.085429 -0.012576 0.278068
0.087021 -0.012544 0.275793
0.083067 -0.016822 0.278841
0.086516 -0.012337 0.276615
0.087915 -0.017105 0.270988
0.085094 -0.013148 0.278303
0.083659 -0.017529 0.277349
0.082916 -0.018335 0.277227
0.088412 -0.012638 0.273895
0.088412 -0.014293 0.272703
0.086123 -0.014406 0.276370
0.087870 -0.014567 0.273698
0.083677 -0.012903 0.279904
0.085193 -0.014475 0.277492
0.083985 -0.016091 0.278278
0.087001 -0.014375 0.275217
0.088289 -0.012177 0.274653
0.080676 -0.017123 0.280546
0.088458 -0.015757 0.271727
0.085742 -0.015628 0.276236
0.088471 -0.014576 0.272544
0.084617 -0.012040 0.278996
0.081913 -0.017575 0.279236
0.084426 -0.017472 0.276528
0.084571 -0.018041 0.275681
0.082077 -0.015993 0.280273
0.086811 -0.011430 0.277078
0.083201 -0.017861 0.277648
0.088066 -0.016990 0.270703
0.084021 -0.013823 0.279294
0.082435 -0.017490 0.278789
0.081106 -0.018057 0.279074
0.088468 -0.013625 0.273049
0.087529 -0.012820 0.275084
0.085915 -0.018043 0.272747
0.087596 -0.016817 0.272274
0.085741 -0.012972 0.277609
0.086353 -0.011811 0.277205
0.088100 -0.016690 0.269868
0.083991 -0.013590 0.279449
0.084226 -0.015219 0.278372
0.088253 -0.014678 0.272772
0.081303 -0.016210 0.280609
0.084429 -0.014855 0.278298
0.087618 -0.012528 0.275119
0.086592 -0.017782 0.272703
0.087076 -0.017652 0.271877
0.084108 -0.016179 0.277971
0.084329 -0.012215 0.279526
0.081381 -0.016044 0.280717
0.085346 -0.016425 0.276030
0.082172 -0.017086 0.279406
0.084914 -0.014961 0.277632
0.087446 -0.016824 0.272928
0.086811 -0.011430 0.277078
0.084622 -0.014685 0.278141
0.084354 -0.017673 0.276325
0.085828 -0.011864 0.278016
0.086136 -0.017874 0.273375
0.084295 -0.017894 0.276137
0.085087 -0.013959 0.277812
0.085292 -0.013056 0.278181
0.088225 -0.015119 0.272759
0.087298 -0.017527 0.271722
0.088215 -0.013252 0.273850
0.086970 -0.016837 0.273763
0.086492 -0.015990 0.274855
0.087400 -0.013121 0.275134
0.085794 -0.011874 0.273635
0.088303 -0.010457 0.275788
0.084373 -0.013995 0.278823
0.084585 -0.010612 0.276931
0.086954 -0.017308 0.272899
0.088018 -0.013806 0.274065
0.084572 -0.016372 0.277235
0.088565 -0.015650 0.271542
0.085769 -0.013897 0.277111
0.085078 -0.017853 0.275090
0.083310 -0.015880 0.279218
0.085358 -0.018181 0.274259
0.085242 -0.016706 0.276038
0.086314 -0.017616 0.273501
0.088023 -0.014380 0.273584
0.087413 -0.017509 0.271178
0.088279 -0.013770 0.273449
0.081743 -0.017514 0.279408
0.087949 -0.014004 0.273840
0.087310 -0.010607 0.277496
0.087429 -0.017478 0.271392
0.085828 -0.011864 0.278016
0.087991 -0.014685 0.273479
0.085370 -0.014610 0.277123
0.085203 -0.015836 0.276774
0.086457 -0.017739 0.273079
0.086906 -0.011896 0.276486
0.088145 -0.015406 0.272737
0.081078 -0.016925 0.280333
0.084793 -0.014410 0.278064
0.084815 -0.014130 0.278184
0.084550 -0.017461 0.276353
0.086072 -0.015408 0.275903
0.085966 -0.017048 0.274747
0.087762 -0.011116 0.276522
0.086053 -0.014787 0.276142
0.084829 -0.017654 0.275659
0.086677 -0.015519 0.274968
0.088254 -0.011094 0.275302
0.087834 -0.013924 0.274291
0.082193 -0.016525 0.279794
0.084514 -0.012312 0.279118
0.088113 -0.012943 0.274241
0.085002 -0.015200 0.277429
0.088612 -0.015272 0.272062
0.084488 -0.016057 0.277535
0.087709 -0.016118 0.273246
0.087006 -0.013295 0.275602
0.088703 -0.015228 0.271766
0.085604 -0.013440 0.273110
0.083174 -0.017579 0.277941
0.086216 -0.013531 0.276739
0.086460 -0.014256 0.275854
0.087071 -0.011310 0.276934
0.085842 -0.012697 0.277509
0.086018 -0.015624 0.275892
0.087830 -0.014365 0.273983
0.079972 -0.017361 0.280156
0.086956 -0.011198 0.277275
0.088197 -0.015681 0.272416
0.087776 -0.016355 0.272469
0.082631 -0.015390 0.280013
0.081622 -0.017971 0.278986
0.087897 -0.013362 0.274544
0.083454 -0.017760 0.277385
0.087312 -0.016184 0.273863
0.083516 -0.014360 0.279563
0.086320 -0.013840 0.276324
0.087386 -0.011147 0.276848
0.087071 -0.011310 0.276934
0.085271 -0.017733 0.274924
0.082565 -0.014844 0.280311
0.086085 -0.014287 0.276587
0.085934 -0.014642 0.276465
0.085876 -0.014825 0.276383
0.084420 -0.011891 0.279555
0.085702 -0.017757 0.274310
0.087264 -0.014124 0.275004
0.088382 -0.013383 0.273521
0.088088 -0.014956 0.273032
0.082459 -0.015642 0.280067
0.086325 -0.012264 0.277108
0.084817 -0.011119 0.279636
0.087787 -0.016953 0.270230
0.087011 -0.012979 0.275665
0.082647 -0.016899 0.279099
0.085046 -0.017487 0.275595
0.084436 -0.011196 0.280102
0.088600 -0.013072 0.273355
0.087214 -0.013781 0.275117
0.088496 -0.016629 0.269792
0.081381 -0.016044 0.280717
0.085891 -0.015555 0.276090
0.083248 -0.016921 0.278605
0.083803 -0.014104 0.279355
0.086146 -0.011427 0.273392
0.084436 -0.011196 0.280102
0.084010 -0.013405 0.279445
0.083131 -0.014906 0.279779
0.085250 -0.012765 0.278273
0.087918 -0.011090 0.276146
0.083599 -0.017313 0.277822
0.081656 -0.017859 0.279192
0.083761 -0.016284 0.278436
0.087660 -0.016489 0.272917
0.085568 -0.011577 0.278498
0.087880 -0.015642 0.273042
0.088128 -0.013549 0.273914
0.082994 -0.016024 0.279477
0.081357 -0.017916 0.279364
0.087031 -0.013999 0.275281
0.086870 -0.013491 0.275674
0.085489 -0.016917 0.275594
0.083819 -0.012089 0.280166
0.087770 -0.012582 0.274917
0.085518 -0.016962 0.275419
0.085097 -0.014474 0.277634
0.085267 -0.010594 0.279943
0.087471 -0.012205 0.275509
0.087521 -0.012458 0.275307
0.085171 -0.016239 0.276495
0.086056 -0.013042 0.277185
0.081947 -0.013324 0.279436
0.084419 -0.017301 0.276908
0.085456 -0.016703 0.275800
0.086410 -0.013983 0.276040
0.087995 -0.016950 0.271084
0.087116 -0.017610 0.271542
0.086151 -0.017732 0.273666
0.083215 -0.014060 0.280070
0.083393 -0.015294 0.279392
0.087873 -0.015855 0.272764
0.085399 -0.015711 0.276633
0.087390 -0.015134 0.274273
0.085359 -0.011926 0.278481
0.084700 -0.013377 0.278678
0.087715 -0.013865 0.274472
0.080224 -0.017451 0.280261
0.084426 -0.018150 0.275146
0.085068 -0.016203 0.276726
0.083846 -0.015782 0.278582
0.085915 -0.018043 0.272747
0.084778 -0.012373 0.278745
0.088251 -0.016745 0.270776
0.085924 -0.011026 0.274332
0.082250 -0.014471 0.277918
0.088389 -0.011942 0.274730
0.088622 -0.015457 0.271557
0.084568 -0.015840 0.277657
0.082292 -0.018289 0.277537
0.086189 -0.010725 0.278672
0.085016 -0.010747 0.279834
0.081567 -0.016921 0.279942
0.088578 -0.013978 0.272781
0.085702 -0.011062 0.278707
0.085625 -0.010860 0.278922
0.084840 -0.016967 0.276607
0.085845 -0.017510 0.274428
0.085625 -0.010860 0.278922
0.086765 -0.017598 0.272703
0.083677 -0.014619 0.279311
0.086123 -0.014406 0.276370
0.082810 -0.016593 0.279259
0.084458 -0.012679 0.278889
0.083771 -0.016623 0.278294
0.084746 -0.018274 0.274138
0.084624 -0.011231 0.279821
0.087264 -0.014124 0.275004
0.083574 -0.013130 0.276224
0.086310 -0.011210 0.278164
0.085953 -0.014517 0.276587
0.087004 -0.015639 0.274422
0.085017 -0.018086 0.274859
0.088247 -0.013027 0.273931
0.084270 -0.013809 0.279032
0.082640 -0.014393 0.280481
0.086867 -0.017679 0.272323
0.085234 -0.018062 0.273273
0.082433 -0.018023 0.276389
0.087414 -0.010624 0.277299
0.086612 -0.012811 0.276194
0.084480 -0.012234 0.279313
0.088096 -0.016093 0.272127
0.088075 -0.013822 0.273842
0.080263 -0.017576 0.279962
0.084322 -0.017489 0.276727
0.084999 -0.015443 0.277255
0.083157 -0.018297 0.277147
0.080629 -0.015604 0.279492
0.087160 -0.015152 0.274455
0.084069 -0.016343 0.277882
0.085625 -0.018115 0.273223
0.082049 -0.018196 0.277771
0.084108 -0.017646 0.276758
0.086061 -0.011694 0.277764
0.087229 -0.012599 0.275601
0.086709 -0.016646 0.274208
0.087157 -0.016540 0.273840
0.084817 -0.011119 0.279636
0.086146 -0.010960 0.278485
0.082821 -0.014793 0.280072
0.085925 -0.013622 0.277001
0.084495 -0.015408 0.277987
0.081706 -0.016768 0.279949
0.087433 -0.016988 0.270258
0.085485 -0.014931 0.276870
0.087978 -0.016716 0.271507
0.087603 -0.013900 0.274636
0.088043 -0.010852 0.276204
0.084391 -0.015257 0.278128
0.086381 -0.016617 0.274584
0.084467 -0.018175 0.274829
0.084008 -0.017473 0.277113
0.088666 -0.015517 0.271160
0.086738 -0.012852 0.275908
0.080953 -0.017837 0.279788
0.082437 -0.016210 0.279720
0.087734 -0.016338 0.272688
0.084888 -0.013146 0.278559
0.087084 -0.017388 0.270883
0.087595 -0.012310 0.275273
