0.041829 0.016843 0.213723
0.045289 0.019552 0.216141
0.039664 0.021638 0.212127
0.039030 0.023656 0.209916
0.044884 0.023025 0.216090
0.036186 0.019827 0.210066
0.043630 0.019980 0.214175
0.042608 0.022989 0.210723
0.033766 0.020538 0.210081
0.043712 0.022130 0.213150
0.034535 0.018315 0.211922
0.039824 0.023915 0.210070
0.042404 0.023261 0.210517
0.034949 0.019156 0.211480
0.043806 0.016460 0.214123
0.041518 0.020090 0.213228
0.038856 0.019279 0.212358
0.041819 0.013405 0.212426
0.044112 0.023219 0.214453
0.037518 0.024045 0.209355
0.044179 0.023258 0.212931
0.041534 0.014618 0.212924
0.038100 0.021751 0.210232
0.039109 0.025302 0.209326
0.045306 0.021718 0.216696
0.038464 0.020326 0.210984
0.035815 0.020754 0.208632
0.040281 0.022850 0.211030
0.045804 0.020924 0.216987
0.036504 0.020311 0.209268
0.034139 0.020388 0.210182
0.046613 0.019474 0.217609
0.044032 0.023095 0.214267
0.045258 0.019871 0.216130
0.044148 0.022869 0.211095
0.035270 0.019777 0.210754
0.042679 0.019256 0.213698
0.041252 0.014851 0.212815
0.043579 0.020372 0.214073
0.038500 0.017615 0.212510
0.044158 0.023717 0.210095
0.046094 0.020370 0.217106
0.035700 0.020156 0.209645
0.042776 0.015227 0.213654
0.045457 0.021129 0.216750
0.038220 0.020730 0.210407
0.040122 0.021175 0.212498
0.044422 0.018956 0.215125
0.037405 0.022930 0.209282
0.034613 0.018230 0.211953
0.037210 0.019061 0.211500
0.043488 0.021026 0.213091
0.042425 0.024330 0.209445
0.044037 0.024450 0.209119
0.039432 0.021615 0.212080
0.044299 0.019225 0.215031
0.045833 0.019827 0.216769
0.040770 0.014435 0.212421
0.039144 0.019474 0.212551
0.043765 0.022414 0.213800
0.038464 0.020326 0.210984
0.042288 0.019876 0.213450
0.043185 0.023296 0.210421
0.041247 0.023685 0.210347
0.042772 0.022616 0.211054
0.044299 0.023260 0.212589
0.043035 0.017120 0.213990
0.042068 0.015113 0.213370
0.038066 0.022100 0.210207
0.039388 0.012211 0.211796
0.044289 0.023831 0.214185
0.040414 0.022292 0.211318
0.036798 0.018407 0.211969
0.035775 0.017162 0.212142
0.044502 0.023580 0.210558
0.044059 0.024645 0.208866
0.039769 0.014421 0.212105
0.039883 0.025435 0.209222
0.045297 0.021429 0.216651
0.043926 0.022337 0.212286
0.043291 0.022159 0.211561
0.044766 0.016815 0.214879
0.037619 0.020731 0.209261
0.035518 0.019829 0.210469
0.041102 0.012457 0.211486
0.044388 0.023408 0.210741
0.037557 0.022819 0.209539
0.044421 0.023195 0.211559
0.041643 0.014042 0.212740
0.043841 0.022693 0.213319
0.037480 0.019154 0.211394
0.035982 0.015861 0.212461
0.035003 0.019662 0.211030
0.044605 0.023337 0.215576
0.043742 0.022238 0.212960
0.039122 0.021424 0.212035
0.038641 0.020233 0.211433
0.044302 0.023578 0.214813
0.037438 0.017562 0.212310
0.043985 0.023122 0.213335
0.039690 0.022312 0.211324
0.037630 0.023650 0.209621
0.037612 0.023336 0.209623
0.037244 0.023066 0.208687
0.037904 0.019863 0.210447
0.043621 0.021538 0.212533
0.043740 0.021661 0.214302
0.044200 0.023412 0.214584
0.045453 0.019314 0.216278
0.038556 0.017255 0.212538
0.042342 0.018548 0.213700
0.041040 0.024534 0.209618
0.036496 0.020456 0.208908
0.041613 0.013284 0.212248
0.035529 0.016356 0.212415
0.045123 0.018846 0.215854
0.044343 0.024677 0.208926
0.037086 0.019365 0.210769
0.037906 0.015210 0.212276
0.036045 0.019623 0.210791
0.040588 0.023631 0.210272
0.043618 0.021636 0.213539
0.034395 0.020396 0.209912
0.037820 0.018832 0.211503
0.036281 0.013105 0.212105
0.044148 0.022296 0.215036
0.043194 0.017558 0.213983
0.040491 0.023838 0.210174
0.044247 0.021796 0.215221
0.043522 0.019697 0.214073
0.039547 0.016980 0.212836
0.036088 0.019769 0.210411
0.039275 0.022683 0.210810
0.045328 0.022692 0.216774
0.037124 0.020063 0.209953
0.044071 0.021287 0.214950
0.039036 0.019097 0.212514
0.038118 0.019797 0.210727
0.040284 0.023532 0.210333
0.038987 0.019540 0.212419
0.035735 0.014051 0.212294
0.044496 0.024076 0.214723
0.040466 0.024304 0.209853
0.037797 0.019077 0.211451
0.040666 0.024094 0.210017
0.038939 0.014273 0.212102
0.040576 0.025106 0.209353
0.045326 0.023116 0.216728
0.037867 0.021125 0.209468
0.038896 0.020688 0.212097
0.044907 0.023957 0.212342
0.039999 0.017877 0.213037
0.041370 0.012844 0.211906
0.037796 0.019406 0.211316
0.042492 0.019651 0.213587
0.043127 0.019205 0.213839
0.037778 0.022590 0.209820
0.037341 0.018706 0.211746
0.039449 0.022519 0.211039
0.038537 0.018326 0.212403
0.045037 0.021819 0.216346
0.041724 0.012558 0.212005
0.039805 0.022153 0.211587
0.035847 0.019544 0.210994
0.036963 0.016637 0.212351
0.044751 0.023814 0.210761
0.043102 0.021433 0.212243
0.037536 0.021724 0.208832
0.041840 0.020704 0.212942
0.043570 0.021248 0.213348
0.035273 0.020313 0.209496
0.045024 0.019601 0.215873
0.034395 0.020396 0.209912
0.036891 0.019562 0.210572
0.041771 0.024921 0.209106
0.043012 0.022684 0.210948
0.045789 0.022572 0.217511
0.045890 0.022915 0.217747
0.035785 0.016535 0.212235
0.037610 0.021333 0.208982
0.038870 0.016255 0.212502
0.036724 0.020465 0.209015
0.042690 0.014886 0.213489
0.044334 0.023824 0.214672
0.034096 0.020221 0.210531
0.046438 0.022701 0.218416
0.043665 0.021539 0.214078
0.044485 0.023218 0.211198
0.041910 0.013895 0.212760
0.041178 0.020222 0.213077
0.046399 0.021352 0.217716
0.043873 0.022367 0.211683
0.038791 0.017766 0.212541
0.039102 0.021185 0.212153
0.044438 0.023112 0.215414
0.040957 0.018226 0.213362
0.039883 0.025435 0.209222
0.045416 0.022327 0.216916
0.040176 0.022178 0.211604
0.045154 0.022517 0.216525
0.039902 0.022401 0.211143
0.039188 0.023194 0.210337
0.041374 0.022149 0.211749
0.043762 0.022076 0.212762
0.044970 0.024143 0.210155
0.044202 0.022878 0.212039
0.044463 0.024334 0.209496
0.041328 0.014512 0.212709
0.039966 0.016383 0.212867
0.036360 0.021106 0.208510
0.043835 0.022451 0.214138
0.040762 0.016020 0.213100
0.044307 0.016877 0.214408
0.042674 0.015899 0.213819
0.041546 0.014956 0.213086
0.044081 0.022660 0.212364
0.042029 0.020987 0.212793
0.041819 0.018533 0.213537
0.040029 0.025171 0.209360
0.043693 0.022024 0.213960
0.044463 0.024334 0.209496
0.044207 0.024396 0.209274
0.044451 0.017454 0.214677
0.039891 0.020865 0.212614
0.043681 0.021352 0.214194
0.045591 0.020756 0.216749
0.044292 0.023822 0.210061
0.044495 0.016582 0.214476
0.043642 0.021658 0.212266
0.044544 0.017023 0.214645
0.041065 0.015852 0.213206
0.038179 0.023430 0.209875
0.035508 0.019470 0.211228
0.037555 0.018298 0.212211
0.039167 0.025062 0.209448
0.041047 0.024108 0.209952
0.045033 0.024010 0.211369
0.041307 0.017351 0.213532
0.044039 0.022721 0.214588
0.038682 0.022253 0.210925
0.044249 0.021478 0.215206
0.043563 0.022696 0.211000
0.044845 0.023910 0.212561
0.035996 0.019963 0.209781
0.041002 0.022878 0.211194
0.044506 0.022392 0.215625
0.043379 0.020800 0.213243
0.041675 0.019443 0.213419
0.045443 0.021490 0.216838
0.040817 0.020144 0.213030
0.033963 0.019529 0.211289
0.036278 0.019450 0.210957
0.041966 0.025185 0.208749
0.039434 0.015652 0.212395
0.040172 0.024085 0.210009
0.041252 0.014851 0.212815
0.043984 0.016704 0.214209
0.041348 0.015089 0.213004
0.034844 0.018405 0.211876
0.042655 0.023968 0.209793
0.042761 0.018020 0.213850
0.039189 0.023458 0.210157
0.045242 0.018615 0.215951
0.040731 0.013714 0.212083
0.033464 0.020613 0.210059
0.039655 0.016151 0.212712
0.035973 0.020266 0.209463
0.040844 0.024234 0.209866
0.043861 0.020575 0.214663
0.037380 0.019501 0.211132
0.042908 0.018845 0.213783
0.044117 0.019038 0.214762
0.042288 0.019876 0.213450
0.043185 0.023296 0.210421
0.035488 0.020423 0.209222
0.037013 0.020483 0.209094
0.043873 0.022367 0.211683
0.039461 0.021542 0.212166
0.035973 0.020266 0.209463
0.035523 0.016720 0.212224
0.035861 0.016337 0.212382
0.045109 0.019457 0.215938
0.036484 0.016571 0.212329
0.041361 0.015747 0.213339
0.044266 0.017207 0.214426
0.044234 0.022981 0.215038
0.043565 0.021279 0.212957
0.038502 0.022230 0.210711
0.038663 0.016190 0.212457
0.037877 0.022920 0.209927
0.041799 0.019084 0.213500
0.043018 0.015804 0.213870
0.036293 0.011617 0.212903
0.037657 0.018882 0.211425
0.045231 0.022053 0.216618
0.040465 0.023454 0.210520
0.041624 0.022040 0.211839
0.044196 0.024052 0.209727
0.034035 0.020575 0.209668
0.037930 0.022298 0.210021
0.043932 0.022760 0.212921
0.037316 0.023834 0.209173
0.038023 0.024277 0.209599
0.041896 0.015469 0.213451
0.041527 0.013969 0.212610
0.038921 0.014693 0.212136
0.042122 0.024717 0.209129
0.041279 0.019435 0.213323
0.038936 0.021118 0.212017
0.041509 0.025362 0.208767
0.038088 0.023535 0.209780
0.034744 0.020130 0.210271
0.042031 0.019667 0.213471
0.036810 0.020079 0.209792
0.038938 0.022352 0.211179
0.038663 0.019707 0.211290
0.037481 0.018557 0.211976
0.038502 0.022230 0.210711
0.037284 0.018192 0.212197
0.035363 0.018872 0.211715
0.044032 0.023095 0.214267
0.040635 0.022392 0.211491
0.041158 0.021558 0.212151
0.037549 0.016508 0.212369
0.039792 0.017193 0.212920
0.035171 0.019430 0.211285
0.043788 0.021209 0.214526
0.044508 0.022887 0.215569
0.041936 0.016525 0.213707
0.041672 0.023156 0.210804
0.039536 0.015788 0.212526
0.044568 0.022063 0.215717
0.036504 0.020311 0.209268
0.044517 0.020744 0.215486
0.035280 0.016215 0.212443
0.041419 0.018579 0.213446
0.041765 0.025452 0.208542
0.039395 0.016607 0.212757
0.045289 0.019552 0.216141
0.042018 0.023480 0.210405
0.045068 0.023751 0.216245
0.038731 0.020415 0.211853
0.037951 0.016241 0.212390
0.044672 0.023730 0.212659
0.041695 0.021042 0.212647
0.039806 0.019069 0.212913
0.041574 0.020825 0.212762
0.035569 0.016476 0.212314
0.034380 0.020243 0.210310
0.036921 0.020361 0.209250
0.036975 0.019488 0.211028
0.041984 0.016201 0.213678
0.044116 0.022711 0.211333
0.038810 0.024242 0.209729
0.042103 0.015771 0.213615
0.038505 0.021593 0.211220
0.042996 0.014777 0.213562
0.037582 0.016000 0.212347
0.036825 0.020077 0.209701
0.044457 0.023679 0.215056
0.044534 0.023377 0.215414
0.040839 0.023788 0.210250
0.038749 0.021264 0.211714
0.037991 0.019540 0.210819
0.038167 0.018697 0.212056
0.044163 0.016461 0.214276
0.045551 0.017472 0.215961
0.041648 0.024096 0.209875
0.039548 0.025420 0.209265
0.040044 0.019395 0.212995
0.037055 0.011879 0.212396
0.042313 0.023612 0.210209
0.043212 0.017826 0.213964
0.040107 0.023182 0.210775
0.037984 0.021091 0.209716
0.035030 0.018962 0.211587
0.039013 0.016671 0.212664
0.038981 0.020127 0.212288
0.044169 0.024807 0.208698
0.040087 0.023753 0.210205
0.045523 0.023197 0.217014
0.043389 0.020551 0.213470
0.041825 0.019980 0.213338
0.042678 0.023281 0.210429
0.035846 0.019826 0.210261
0.037471 0.022509 0.209188
0.044495 0.016582 0.214476
0.038979 0.022665 0.210705
0.037245 0.016351 0.212368
0.044454 0.019535 0.215276
0.046160 0.020887 0.217246
0.040466 0.024304 0.209853
0.033963 0.019529 0.211289
0.045225 0.017354 0.215650
0.043642 0.021004 0.214209
0.034321 0.017603 0.212241
0.040665 0.024758 0.209555
0.041040 0.022139 0.211660
0.036815 0.019413 0.211355
0.040744 0.014194 0.212307
0.042561 0.020081 0.213398
0.043668 0.017786 0.214108
0.039595 0.017425 0.212884
0.034321 0.017603 0.212241
0.041095 0.024258 0.209816
0.043662 0.022463 0.211327
0.044027 0.020554 0.214907
0.037886 0.018287 0.212287
0.044569 0.023567 0.212333
0.037612 0.023336 0.209623
0.045634 0.018145 0.216224
0.044659 0.023641 0.215455
0.036380 0.020869 0.208665
0.036878 0.020773 0.208825
0.039227 0.014933 0.212193
0.035824 0.011600 0.212442
0.043938 0.023536 0.210239
0.038856 0.019279 0.212358
0.043705 0.020180 0.214321
0.045258 0.020795 0.216429
0.044552 0.024243 0.214399
0.042153 0.016743 0.213826
0.043270 0.021231 0.212509
0.037708 0.018719 0.211723
0.039335 0.024636 0.209586
0.044488 0.023914 0.213557
0.044279 0.023052 0.212236
0.046201 0.021224 0.217449
0.041610 0.025163 0.208941
0.038200 0.015799 0.212348
0.036727 0.019986 0.209847
0.043004 0.023701 0.210029
0.044091 0.023077 0.214502
0.034613 0.018230 0.211953
0.043102 0.021433 0.212243
0.040481 0.012317 0.211354
0.037655 0.019806 0.210281
0.038917 0.023765 0.209785
0.041545 0.014067 0.212705
0.043333 0.019551 0.213912
0.036045 0.019623 0.210791
0.044717 0.016496 0.214677
0.044667 0.024059 0.213596
0.044495 0.016582 0.214476
0.044548 0.023919 0.215024
0.043027 0.025159 0.208435
0.039485 0.014579 0.212112
0.045407 0.017497 0.215855
0.038798 0.023820 0.209739
0.043076 0.018567 0.213874
0.040353 0.020871 0.212672
0.045308 0.017998 0.215904
0.044496 0.024076 0.214723
0.039546 0.025701 0.209000
0.044544 0.023794 0.213037
0.044577 0.023582 0.210926
0.041273 0.022973 0.211021
0.045072 0.020572 0.216125
0.044299 0.020422 0.215249
0.037394 0.019579 0.210426
0.043004 0.023701 0.210029
0.044874 0.021449 0.216053
0.037092 0.018605 0.211864
0.043779 0.021939 0.212329
0.041002 0.022878 0.211194
0.037827 0.017911 0.212352
0.039392 0.020058 0.212663
0.042072 0.025726 0.208127
0.045532 0.022383 0.217102
0.035864 0.018743 0.211820
0.040517 0.018373 0.213194
0.044037 0.024067 0.209656
0.044104 0.023317 0.214309
0.038326 0.020555 0.210685
0.040454 0.021309 0.212413
0.045031 0.024012 0.211800
0.043314 0.024624 0.208907
0.042118 0.018895 0.213608
0.037092 0.018605 0.211864
0.042674 0.015899 0.213819
0.044620 0.023873 0.215281
0.039255 0.016813 0.212754
0.038956 0.015887 0.212371
0.043909 0.022482 0.212651
0.045460 0.023324 0.216875
0.044553 0.021749 0.215657
0.041331 0.020361 0.213044
0.040878 0.023171 0.210914
0.042894 0.021043 0.212729
0.039972 0.014367 0.212149
0.039921 0.022569 0.211060
0.038427 0.021047 0.211077
0.040839 0.023788 0.210250
0.043739 0.023842 0.209869
0.044027 0.022338 0.214727
0.041223 0.014203 0.212501
0.044552 0.024243 0.214399
0.044279 0.023052 0.212236
0.038852 0.019658 0.212167
0.045891 0.022259 0.217592
0.039271 0.016333 0.212631
0.042463 0.013972 0.212973
0.041493 0.014232 0.212730
0.044495 0.019088 0.215231
0.042462 0.015563 0.213670
0.040211 0.025528 0.209034
0.045965 0.022588 0.217812
0.039532 0.018858 0.212797
0.041881 0.017952 0.213620
0.044227 0.018433 0.214812
0.040087 0.023753 0.210205
0.045800 0.020252 0.216804
0.042546 0.017674 0.213836
0.037288 0.019534 0.210710
0.043563 0.022696 0.211000
0.037272 0.015874 0.212359
0.034644 0.019286 0.211362
0.045416 0.022327 0.216916
0.036737 0.019403 0.211320
0.034717 0.018968 0.211566
0.042487 0.022373 0.211347
0.041194 0.020952 0.212612
0.044291 0.016074 0.214258
0.038936 0.022086 0.211512
0.037274 0.022509 0.208639
0.036855 0.019432 0.210840
0.040093 0.015588 0.212682
0.043805 0.022151 0.214233
0.044304 0.022545 0.215280
0.039102 0.020491 0.212364
0.042584 0.021851 0.211891
0.040852 0.015369 0.212870
0.044278 0.023759 0.214522
0.038537 0.018326 0.212403
0.042646 0.025739 0.207987
0.044763 0.023677 0.215721
0.041610 0.020551 0.213001
0.044801 0.018930 0.215548
0.037798 0.022233 0.209774
0.037374 0.021256 0.208554
0.034592 0.020429 0.209575
0.044004 0.023072 0.213144
0.034080 0.018734 0.211823
0.038535 0.018578 0.212270
0.039934 0.020997 0.212567
0.039912 0.023235 0.210690
0.041105 0.022402 0.211589
0.037438 0.017562 0.212310
0.040682 0.021613 0.212164
0.040437 0.015432 0.212735
0.046110 0.021469 0.217474
0.042710 0.019865 0.213556
0.038500 0.017615 0.212510
0.036399 0.018881 0.211725
0.043458 0.018528 0.214043
0.041158 0.021558 0.212151
0.038823 0.021855 0.211585
0.045560 0.020578 0.216671
0.035459 0.019332 0.211414
0.041348 0.015089 0.213004
0.043706 0.021810 0.214140
0.036126 0.019703 0.210618
0.039665 0.024123 0.209899
0.038721 0.018924 0.212298
0.044793 0.019913 0.215722
0.045175 0.023550 0.216469
0.039418 0.023228 0.210373
0.038179 0.023430 0.209875
0.036848 0.016250 0.212387
0.040878 0.023456 0.210601
0.038823 0.021855 0.211585
0.038870 0.016255 0.212502
0.037105 0.017791 0.212223
0.043482 0.023637 0.210093
0.041575 0.022305 0.211657
0.044938 0.022639 0.216222
0.044144 0.023322 0.210545
0.040821 0.021134 0.212505
0.043060 0.020678 0.213106
0.039903 0.013965 0.211995
0.044091 0.023077 0.214502
0.043966 0.020951 0.214816
0.042049 0.021121 0.212619
0.044355 0.024540 0.209134
0.044505 0.017974 0.214993
0.039542 0.023634 0.210154
0.039161 0.020948 0.212282
0.040998 0.022555 0.211497
0.043101 0.025600 0.208024
0.038917 0.023765 0.209785
0.042444 0.016890 0.213908
0.035743 0.011694 0.212112
0.038412 0.017885 0.212456
0.044741 0.023724 0.211162
0.038556 0.022536 0.210614
0.038581 0.019234 0.211865
0.044229 0.018079 0.214677
0.040029 0.025171 0.209360
0.037300 0.019684 0.210337
0.039690 0.018893 0.212881
0.037668 0.021536 0.209160
0.037582 0.016000 0.212347
0.039143 0.022038 0.211776
0.045618 0.022616 0.217222
0.037405 0.022930 0.209282
0.034380 0.020316 0.210149
0.041914 0.023616 0.210294
0.038028 0.020735 0.209875
0.042909 0.019577 0.213706
0.040844 0.024234 0.209866
0.039488 0.019726 0.212739
0.044505 0.017974 0.214993
0.038389 0.021261 0.210993
0.040134 0.018321 0.213046
0.035105 0.016998 0.212231
0.039379 0.017613 0.212813
0.038717 0.019872 0.211484
0.044179 0.023258 0.212931
0.040190 0.013973 0.212039
0.042661 0.014487 0.213319
0.038844 0.023153 0.210267
0.040063 0.024465 0.209640
0.039665 0.024123 0.209899
0.038654 0.024071 0.209718
0.043389 0.020551 0.213470
0.036476 0.015294 0.212392
0.038049 0.022374 0.210175
0.043841 0.019776 0.214480
0.044616 0.023602 0.211109
0.044685 0.019590 0.215544
0.040002 0.016982 0.212959
0.038740 0.019893 0.211804
0.041419 0.018579 0.213446
0.038026 0.020366 0.210077
0.040501 0.017996 0.213224
0.038852 0.017261 0.212636
0.039291 0.022113 0.211652
0.036737 0.019403 0.211320
0.045607 0.022188 0.217212
0.035913 0.020117 0.209654
0.037933 0.020494 0.209827
0.036504 0.020311 0.209268
0.033750 0.020192 0.210750
0.038689 0.019194 0.212135
0.043966 0.020951 0.214816
0.040605 0.013480 0.211987
0.034172 0.019672 0.211138
0.041194 0.020952 0.212612
0.044200 0.023412 0.214584
0.039714 0.021210 0.212427
0.035575 0.018412 0.211934
0.043981 0.016138 0.214147
0.040998 0.019094 0.213287
0.043506 0.020938 0.213502
0.040579 0.020408 0.212905
0.037225 0.021703 0.208434
0.038586 0.022591 0.210576
0.038905 0.015440 0.212274
0.038663 0.019707 0.211290
0.039972 0.014367 0.212149
0.038444 0.016859 0.212532
0.035399 0.019821 0.210560
0.035960 0.019373 0.211250
0.038744 0.019415 0.211987
0.039275 0.022683 0.210810
0.036217 0.017525 0.212173
0.035631 0.020293 0.209464
0.040576 0.025106 0.209353
0.036558 0.019349 0.210948
0.041023 0.016201 0.213312
0.042029 0.020987 0.212793
0.043014 0.020900 0.212937
0.037597 0.017366 0.212347
0.037877 0.022920 0.209927
0.036398 0.019951 0.209759
0.036360 0.021106 0.208510
0.041244 0.015558 0.213209
0.045024 0.019601 0.215873
0.044292 0.022840 0.215190
0.043788 0.021209 0.214526
0.045086 0.019900 0.215962
0.039368 0.018263 0.212754
0.038581 0.019234 0.211865
0.034172 0.019926 0.210895
0.044231 0.020900 0.215165
0.043668 0.021788 0.213190
0.036929 0.021582 0.208312
0.037663 0.022031 0.209338
0.043479 0.024877 0.208636
0.043176 0.016677 0.214011
0.038671 0.018411 0.212397
0.044005 0.015814 0.214081
0.042910 0.022025 0.211724
0.040481 0.012317 0.211354
0.038731 0.020415 0.211853
0.042355 0.024172 0.209646
0.037050 0.017988 0.212189
0.040671 0.019740 0.213139
0.041458 0.024094 0.209906
0.040447 0.013900 0.212088
0.040036 0.021350 0.212387
0.043411 0.020403 0.213664
0.034484 0.019625 0.211117
0.044670 0.019188 0.215455
0.038446 0.022928 0.210281
0.039245 0.024252 0.209769
0.043040 0.024303 0.209327
0.043665 0.021998 0.213630
0.044620 0.023873 0.215281
0.045024 0.019601 0.215873
0.038943 0.022460 0.210914
0.036557 0.019547 0.210707
0.042935 0.020466 0.213230
0.040878 0.023171 0.210914
0.045313 0.022895 0.216735
0.041398 0.019109 0.213382
0.042912 0.017629 0.213924
0.039986 0.021937 0.211874
0.036858 0.021019 0.208634
0.044586 0.024482 0.209363
0.039295 0.022322 0.211361
0.044485 0.023218 0.211198
0.038369 0.018153 0.212419
0.044586 0.024482 0.209363
0.044457 0.023679 0.215056
0.036343 0.020410 0.209074
0.043288 0.022723 0.210908
0.044229 0.018079 0.214677
0.041039 0.016803 0.213418
0.041043 0.024846 0.209417
0.044733 0.022446 0.215960
0.044422 0.018956 0.215125
0.040238 0.024846 0.209486
0.042031 0.019667 0.213471
0.036343 0.020410 0.209074
0.039022 0.025614 0.209036
0.038660 0.022102 0.211180
0.041242 0.023932 0.210104
0.040744 0.014194 0.212307
0.035687 0.019391 0.211321
0.038701 0.020210 0.211647
0.038753 0.022248 0.211082
0.038472 0.020678 0.211114
0.042553 0.024799 0.208900
0.041095 0.024258 0.209816
0.039247 0.017869 0.212737
0.041334 0.016103 0.213419
0.037580 0.020973 0.209004
0.040369 0.021777 0.212036
0.043167 0.024790 0.208762
0.042369 0.025093 0.208680
0.035224 0.020043 0.210028
0.037956 0.021864 0.209988
0.044685 0.019590 0.215544
0.037104 0.021121 0.208583
0.042253 0.019300 0.213605
0.035230 0.020163 0.209808
0.037331 0.022867 0.208890
0.038980 0.015126 0.212226
0.046237 0.022640 0.218159
0.034449 0.020093 0.210530
0.034139 0.020388 0.210182
0.041648 0.024096 0.209875
0.043167 0.024790 0.208762
0.040065 0.017380 0.213048
0.035443 0.018599 0.211864
0.045493 0.021800 0.216963
0.043468 0.020633 0.213675
0.043012 0.022684 0.210948
0.042965 0.020213 0.213412
0.037834 0.019638 0.210712
0.038479 0.023431 0.209963
0.045018 0.017682 0.215516
0.044201 0.019583 0.214977
0.033691 0.020428 0.210420
0.038155 0.022563 0.210233
0.036386 0.017188 0.212245
0.037339 0.020869 0.208900
0.043035 0.017120 0.213990
0.044060 0.019494 0.214775
0.036848 0.016250 0.212387
0.039783 0.023459 0.210341
0.043470 0.019873 0.213970
0.037851 0.021831 0.209717
0.044501 0.024125 0.214131
0.043394 0.023952 0.209719
0.035357 0.017178 0.212159
0.040605 0.013480 0.211987
0.038738 0.020865 0.211814
0.033965 0.019020 0.211644
0.044008 0.017007 0.214244
0.037277 0.018820 0.211610
0.044105 0.017591 0.214368
0.045031 0.024012 0.211800
0.042955 0.020609 0.213083
0.038980 0.024272 0.209747
0.036905 0.018888 0.211675
0.042403 0.015923 0.213759
0.038148 0.020947 0.210109
0.042485 0.025418 0.208324
0.038764 0.023668 0.209826
0.038513 0.023139 0.210180
0.045664 0.019538 0.216540
0.042897 0.021226 0.212422
0.037597 0.017366 0.212347
0.038329 0.020916 0.210706
0.039142 0.018448 0.212602
0.042498 0.019775 0.213552
0.042376 0.014431 0.213186
0.043471 0.020136 0.213874
0.043222 0.020436 0.213380
0.045170 0.018092 0.215780
0.040491 0.023838 0.210174
0.038416 0.019863 0.211089
0.044451 0.017454 0.214677
0.044015 0.019889 0.214795
0.037417 0.021049 0.208728
0.044733 0.020585 0.215739
0.038023 0.024277 0.209599
0.033322 0.020575 0.210308
0.046160 0.020887 0.217246
0.039714 0.021210 0.212427
0.040284 0.023532 0.210333
0.037709 0.022212 0.209547
0.045796 0.021578 0.217214
0.038595 0.020018 0.211209
0.038975 0.023999 0.209796
0.040932 0.015612 0.213031
0.041567 0.015525 0.213363
0.046214 0.022254 0.217955
0.037755 0.020545 0.209640
0.034007 0.020371 0.210324
0.041167 0.016917 0.213477
0.039943 0.022908 0.210916
0.041675 0.019443 0.213419
0.043397 0.023769 0.209945
0.043780 0.022496 0.213297
0.040195 0.013787 0.211987
0.039227 0.014933 0.212193
0.036217 0.017525 0.212173
0.040437 0.015432 0.212735
0.044648 0.023846 0.212936
0.037349 0.022498 0.208830
0.041270 0.016565 0.213493
0.037107 0.020220 0.209441
0.041486 0.015242 0.213201
0.042710 0.014699 0.213425
0.038844 0.023153 0.210267
0.036490 0.018108 0.212098
0.038684 0.022531 0.210676
0.044394 0.018400 0.215004
0.037055 0.011879 0.212396
0.039124 0.019801 0.212478
0.043866 0.024038 0.209648
0.038798 0.023820 0.209739
0.038723 0.019112 0.212274
0.045619 0.022974 0.217197
0.036975 0.019488 0.211028
0.040545 0.018812 0.213146
0.045322 0.020309 0.216322
0.044677 0.017201 0.214905
0.044892 0.024034 0.212823
0.044411 0.021682 0.215450
0.044228 0.021369 0.215168
0.037988 0.018963 0.211660
0.041711 0.015150 0.213268
0.038274 0.020646 0.210547
0.041135 0.019608 0.213261
0.044674 0.018384 0.215319
0.038922 0.017019 0.212669
0.044319 0.023088 0.215191
0.044438 0.023508 0.215184
0.038932 0.021360 0.211922
0.042311 0.017989 0.213722
0.044301 0.023067 0.212080
0.043809 0.021852 0.214392
0.044893 0.018608 0.215596
0.045607 0.022188 0.217212
0.041100 0.013278 0.211998
0.041232 0.018692 0.213384
0.036894 0.019469 0.211240
0.040409 0.022068 0.211727
0.037821 0.018534 0.212132
0.043176 0.016677 0.214011
0.039102 0.023626 0.209837
0.045181 0.020167 0.216059
0.044042 0.021955 0.214876
0.045804 0.023014 0.217435
0.038312 0.016533 0.212476
0.037860 0.020820 0.209552
0.038753 0.024945 0.209443
0.042583 0.022613 0.211091
0.040694 0.021881 0.211883
0.035575 0.018412 0.211934
0.040375 0.021604 0.212198
0.043192 0.018164 0.213934
0.045111 0.023231 0.216385
0.043932 0.022760 0.212921
0.038682 0.022253 0.210925
0.036638 0.019779 0.210048
0.036121 0.016211 0.212427
0.046399 0.021352 0.217716
0.040978 0.014539 0.212548
0.039739 0.021435 0.212297
0.038058 0.021453 0.210054
0.038266 0.021155 0.210648
0.042123 0.020067 0.213334
0.038366 0.021886 0.210771
0.044070 0.020189 0.214936
0.043563 0.022696 0.211000
0.044839 0.023831 0.211970
0.043075 0.022872 0.210777
0.036116 0.017981 0.212096
0.043162 0.019575 0.213789
0.042498 0.019775 0.213552
0.041829 0.016843 0.213723
0.041244 0.025297 0.208965
0.041827 0.014644 0.213092
0.043443 0.016505 0.214041
0.043622 0.025184 0.208350
0.042197 0.021331 0.212317
0.041754 0.014213 0.212870
0.040063 0.024465 0.209640
0.041575 0.022305 0.211657
0.045313 0.022895 0.216735
0.042097 0.013576 0.212649
0.044430 0.023317 0.212005
0.043091 0.025437 0.208165
0.043298 0.023447 0.210281
0.041506 0.021618 0.212134
0.043926 0.019286 0.214536
0.038320 0.021563 0.210822
0.036798 0.018407 0.211969
0.042051 0.023964 0.209929
0.044203 0.022857 0.211668
0.039800 0.018395 0.212935
0.044330 0.024737 0.208829
0.039119 0.018058 0.212642
0.037758 0.020044 0.210115
0.034054 0.020504 0.209948
0.041754 0.014213 0.212870
0.045451 0.022831 0.216955
0.038740 0.019893 0.211804
0.039546 0.025701 0.209000
0.039183 0.021999 0.211804
0.041713 0.022508 0.211409
0.041990 0.020742 0.212958
0.035752 0.019725 0.210678
0.043907 0.022648 0.211197
0.042008 0.023279 0.210607
0.037424 0.023153 0.209416
0.042803 0.021111 0.212566
0.038369 0.018153 0.212419
0.037190 0.022487 0.208398
0.038072 0.020197 0.210327
0.043851 0.024481 0.209035
0.037730 0.024564 0.209293
0.044162 0.022779 0.214907
0.040065 0.017380 0.213048
0.036065 0.020119 0.209626
0.042999 0.022272 0.211456
0.045253 0.022348 0.216664
0.044350 0.023150 0.211799
0.037720 0.021228 0.209198
0.040501 0.017996 0.213224
0.040287 0.017408 0.213164
0.037728 0.020932 0.209253
0.040241 0.019039 0.213059
0.035401 0.016389 0.212404
0.038014 0.022634 0.210085
0.033766 0.020538 0.210081
0.035087 0.017374 0.212132
0.046237 0.022640 0.218159
0.038325 0.015415 0.212284
0.038364 0.019244 0.211719
0.035047 0.020463 0.209226
0.042168 0.022063 0.211738
0.041697 0.024479 0.209482
0.034769 0.019810 0.210854
0.043761 0.022383 0.211465
0.044296 0.023601 0.210330
0.038542 0.015025 0.212223
0.043726 0.022278 0.213354
0.044231 0.019910 0.215090
0.036721 0.012741 0.212091
0.041370 0.012844 0.211906
0.043788 0.021209 0.214526
0.040409 0.022068 0.211727
0.041100 0.013278 0.211998
0.042994 0.016348 0.213953
0.043946 0.023041 0.213660
0.038870 0.016255 0.212502
0.041868 0.017232 0.213717
0.043310 0.020306 0.213523
0.044411 0.021682 0.215450
0.041260 0.020740 0.212802
0.038938 0.022352 0.211179
0.046371 0.020427 0.217341
0.043800 0.022391 0.212868
0.041002 0.022878 0.211194
0.042342 0.015099 0.213454
0.041567 0.015525 0.213363
0.044945 0.019259 0.215729
0.043929 0.023001 0.213464
0.040701 0.022959 0.211102
0.037398 0.018007 0.212263
0.037732 0.019571 0.210880
0.037058 0.019358 0.211361
0.044938 0.023483 0.216095
0.044250 0.023659 0.213580
0.038912 0.017432 0.212639
0.044852 0.023784 0.211405
0.043911 0.021786 0.214636
0.041167 0.016917 0.213477
0.043903 0.015488 0.213995
0.044591 0.023489 0.211159
0.046371 0.020427 0.217341
0.036344 0.016394 0.212363
0.042385 0.013709 0.212807
0.040176 0.022178 0.211604
0.040646 0.015097 0.212670
0.043579 0.020372 0.214073
0.037717 0.020181 0.209845
0.035982 0.015861 0.212461
0.039850 0.024694 0.209541
0.043625 0.016124 0.214040
0.039689 0.021850 0.211936
0.041472 0.024835 0.209265
0.040464 0.015837 0.212877
0.045175 0.023550 0.216469
0.039769 0.014421 0.212105
0.043926 0.019286 0.214536
0.038391 0.023627 0.209775
0.040846 0.022342 0.211574
0.041207 0.023270 0.210781
0.041178 0.020510 0.212921
0.035529 0.016356 0.212415
0.043570 0.021248 0.213348
0.036891 0.019562 0.210572
0.042898 0.019406 0.213739
0.044052 0.023318 0.213590
0.043614 0.021328 0.212715
0.039664 0.021638 0.212127
0.040964 0.016554 0.213362
0.042817 0.020773 0.212989
0.038562 0.020376 0.211251
0.036278 0.019450 0.210957
0.038088 0.023535 0.209780
0.042585 0.016561 0.213923
0.039385 0.020441 0.212589
0.043971 0.022500 0.214439
0.043668 0.021788 0.213190
0.038692 0.021630 0.211528
0.037379 0.023101 0.209338
0.041135 0.019608 0.213261
0.040364 0.014329 0.212244
0.038624 0.018761 0.212239
0.044438 0.023112 0.215414
0.043739 0.023842 0.209869
0.039426 0.015386 0.212318
0.034525 0.017862 0.212069
0.040313 0.017050 0.213144
0.040773 0.017849 0.213337
0.038749 0.024438 0.209655
0.040744 0.014194 0.212307
0.041855 0.021105 0.212605
0.036227 0.016795 0.212264
0.039986 0.021937 0.211874
0.044163 0.016461 0.214276
0.042837 0.022445 0.211253
0.038174 0.019543 0.211348
0.041518 0.023478 0.210520
0.043618 0.021636 0.213539
0.035632 0.019940 0.209917
0.044207 0.024396 0.209274
0.036230 0.020302 0.209348
0.043269 0.016150 0.213973
0.042589 0.019794 0.213568
0.036382 0.020613 0.208812
0.040649 0.016792 0.213247
0.041973 0.017581 0.213691
0.037301 0.020061 0.209967
0.043988 0.021508 0.214823
0.037274 0.022509 0.208639
0.045823 0.018954 0.216596
0.038731 0.018140 0.212500
0.045328 0.022692 0.216774
0.043743 0.022238 0.214003
0.033963 0.019529 0.211289
0.038171 0.021319 0.210364
0.037764 0.020329 0.209774
0.043270 0.021231 0.212509
0.045803 0.020484 0.216874
0.038133 0.020502 0.210189
0.039522 0.021044 0.212451
0.043552 0.020713 0.213968
0.036312 0.018420 0.211974
0.037026 0.017588 0.212237
0.034634 0.016964 0.212372
0.034483 0.019898 0.210811
0.041518 0.020090 0.213228
0.043324 0.018886 0.213958
0.045407 0.017497 0.215855
0.038245 0.025210 0.209170
0.036708 0.017295 0.212246
0.040110 0.022264 0.211232
0.043705 0.020180 0.214321
0.041567 0.015525 0.213363
0.038490 0.018918 0.212057
0.036049 0.020366 0.209264
0.036897 0.018294 0.212057
0.037325 0.020489 0.209304
0.039109 0.025302 0.209326
0.042603 0.023569 0.210186
0.037594 0.019738 0.210374
0.033783 0.019911 0.211061
0.039437 0.019282 0.212712
0.039496 0.021206 0.212389
0.039867 0.015279 0.212499
0.044196 0.024052 0.209727
0.037489 0.022082 0.208947
0.045532 0.022383 0.217102
0.037974 0.024416 0.209523
0.038535 0.013190 0.212040
0.036834 0.015981 0.212408
0.039183 0.021999 0.211804
0.036629 0.017772 0.212188
0.045606 0.021397 0.216969
0.042492 0.019651 0.213587
0.040353 0.020871 0.212672
0.037275 0.020761 0.209018
0.034857 0.020311 0.209726
0.038479 0.023431 0.209963
0.038513 0.020950 0.211339
0.043798 0.018625 0.214330
0.038100 0.021751 0.210232
0.044307 0.016877 0.214408
0.046615 0.022491 0.218557
0.043760 0.018983 0.214321
0.038195 0.020270 0.210494
0.044941 0.020277 0.215902
0.036757 0.011429 0.214000
0.038367 0.019990 0.210929
0.042583 0.022750 0.210952
0.042618 0.023341 0.210378
0.043167 0.024790 0.208762
0.037411 0.014229 0.212214
0.042124 0.016374 0.213777
0.041394 0.015426 0.213246
0.038121 0.024007 0.209671
0.042894 0.023104 0.210582
0.043614 0.023116 0.210629
0.038159 0.017689 0.212416
0.043955 0.022138 0.214572
0.037318 0.023216 0.209154
0.044560 0.024007 0.209948
0.044400 0.023801 0.214836
0.045142 0.022882 0.216487
0.037906 0.015210 0.212276
0.044565 0.022663 0.215703
0.040584 0.012955 0.211779
0.037362 0.020206 0.209711
0.044867 0.020679 0.215900
0.038159 0.018109 0.212371
0.039760 0.015107 0.212387
0.034604 0.018538 0.211827
0.035105 0.016998 0.212231
0.042710 0.014699 0.213425
0.044278 0.023759 0.214522
0.043471 0.020136 0.213874
0.043479 0.024877 0.208636
0.044752 0.022175 0.216003
0.044640 0.023500 0.211431
0.037224 0.023560 0.208972
0.039102 0.021185 0.212153
0.044512 0.015893 0.214308
0.043614 0.021328 0.212715
0.037712 0.023921 0.209568
0.039166 0.017603 0.212703
0.040976 0.017523 0.213417
0.038261 0.024322 0.209634
0.038817 0.023373 0.210109
0.035094 0.019943 0.210442
0.041855 0.020316 0.213202
0.039052 0.022272 0.211390
0.043472 0.021463 0.212312
0.040770 0.014435 0.212421
0.040799 0.022715 0.211292
0.037518 0.024045 0.209355
0.040731 0.013714 0.212083
0.041976 0.024261 0.209651
0.043202 0.023028 0.210653
0.039657 0.021996 0.211798
0.044502 0.023580 0.210558
0.042769 0.016816 0.213963
0.045142 0.022882 0.216487
0.045407 0.017497 0.215855
0.038932 0.021360 0.211922
0.038159 0.018109 0.212371
0.042489 0.022028 0.211728
0.043664 0.024540 0.208959
0.036136 0.019070 0.211574
0.039308 0.018370 0.212691
0.042965 0.020213 0.213412
0.039707 0.020734 0.212630
0.033965 0.019020 0.211644
0.037265 0.023660 0.209132
0.036217 0.017525 0.212173
0.037542 0.018811 0.211543
0.044892 0.024034 0.212823
0.043447 0.019348 0.214036
0.044408 0.023943 0.213873
0.044149 0.022792 0.211899
0.043196 0.022615 0.211020
0.044446 0.024230 0.209620
0.044163 0.021774 0.215100
0.035399 0.015313 0.212458
0.037906 0.015210 0.212276
0.044931 0.023960 0.212182
0.043853 0.022623 0.214059
0.043212 0.017826 0.213964
0.043188 0.019910 0.213712
0.043565 0.021279 0.212957
0.038672 0.022899 0.210381
0.036619 0.020520 0.208868
0.040219 0.020334 0.212888
0.044322 0.022952 0.211313
0.041307 0.017351 0.213532
0.037125 0.021539 0.208401
0.045188 0.018393 0.215861
0.040491 0.023838 0.210174
0.038676 0.021942 0.211334
0.042860 0.024199 0.209488
0.042618 0.018309 0.213789
0.042661 0.014487 0.213319
0.038023 0.024277 0.209599
0.039143 0.022038 0.211776
0.039102 0.023626 0.209837
0.046438 0.022380 0.218219
0.040501 0.017996 0.213224
0.038684 0.019515 0.211810
0.044250 0.023154 0.214937
0.045953 0.021289 0.217243
0.045231 0.022053 0.216618
0.043289 0.020220 0.213588
0.034380 0.020243 0.210310
0.035523 0.016720 0.212224
0.043866 0.024038 0.209648
0.044250 0.023659 0.213580
0.037921 0.017159 0.212387
0.037749 0.021681 0.209377
0.045038 0.024124 0.210522
0.044837 0.024402 0.209651
0.042225 0.022887 0.210909
0.041771 0.021337 0.212358
0.038362 0.020277 0.210803
0.037585 0.021695 0.209007
0.044759 0.018536 0.215438
0.035744 0.019173 0.211519
0.039812 0.013719 0.211974
0.040855 0.017083 0.213354
0.038523 0.021979 0.211017
0.043909 0.022850 0.213949
0.040010 0.020577 0.212763
0.037210 0.019061 0.211500
0.037582 0.016000 0.212347
0.035523 0.016720 0.212224
0.035363 0.018872 0.211715
0.041145 0.013659 0.212153
0.037796 0.023179 0.209794
0.042107 0.022640 0.211167
0.043844 0.023237 0.210533
0.035737 0.019777 0.210463
0.044343 0.022049 0.215379
0.040649 0.016792 0.213247
0.044397 0.024011 0.214546
0.044163 0.021774 0.215100
0.045209 0.017715 0.215754
0.041728 0.022858 0.211057
0.039536 0.015788 0.212526
0.040206 0.015264 0.212603
0.044293 0.018753 0.214950
0.044667 0.024059 0.213596
0.041840 0.020704 0.212942
0.043898 0.022957 0.210845
0.045560 0.020578 0.216671
0.042466 0.016363 0.213886
0.044896 0.016957 0.215116
0.040712 0.024401 0.209755
0.042440 0.024467 0.209273
0.044319 0.023088 0.215191
0.037231 0.023259 0.208809
0.044475 0.020002 0.215379
0.042008 0.023279 0.210607
0.044898 0.024035 0.210374
0.041374 0.022149 0.211749
0.034483 0.019898 0.210811
0.042542 0.017932 0.213805
0.038738 0.020865 0.211814
0.037870 0.021428 0.209548
0.035651 0.020785 0.208543
0.041306 0.022662 0.211380
0.044608 0.021436 0.215678
0.040694 0.022099 0.211642
0.043357 0.024477 0.209064
0.035508 0.019470 0.211228
0.037873 0.018739 0.211906
0.038060 0.022862 0.210094
0.044995 0.020975 0.216129
0.045142 0.022882 0.216487
0.041223 0.014203 0.212501
0.038329 0.020916 0.210706
0.044240 0.023143 0.210886
0.038987 0.019540 0.212419
0.038366 0.021886 0.210771
0.044763 0.023677 0.215721
0.043984 0.022554 0.211537
0.033487 0.020087 0.211005
0.043060 0.020678 0.213106
0.044304 0.022545 0.215280
0.040533 0.017484 0.213255
0.038365 0.016172 0.212432
0.043739 0.023842 0.209869
0.043035 0.017120 0.213990
0.038270 0.019446 0.211524
0.042740 0.024183 0.209538
0.044692 0.024185 0.213843
0.041442 0.021891 0.211920
0.043333 0.019551 0.213912
0.035909 0.016733 0.212214
0.043988 0.021508 0.214823
0.035909 0.019862 0.210040
0.037901 0.020234 0.209968
0.044708 0.017645 0.215112
0.041348 0.015089 0.213004
0.040468 0.019382 0.213122
0.037974 0.024416 0.209523
0.041158 0.021558 0.212151
0.037272 0.015874 0.212359
0.044257 0.015720 0.214169
0.041002 0.025853 0.208396
0.034963 0.020112 0.210119
0.044684 0.023994 0.213265
0.034054 0.020504 0.209948
0.035824 0.011600 0.212442
0.044692 0.024185 0.213843
0.035030 0.018962 0.211587
0.037555 0.018298 0.212211
0.042335 0.016403 0.213859
0.045953 0.021289 0.217243
0.041181 0.015322 0.213041
0.044674 0.018384 0.215319
0.038358 0.021949 0.210644
0.044039 0.022721 0.214588
0.044266 0.017207 0.214426
0.041453 0.021449 0.212256
0.043102 0.021433 0.212243
0.037921 0.017159 0.212387
0.043984 0.022554 0.211537
0.037890 0.017389 0.212394
0.042169 0.018244 0.213666
0.044278 0.023791 0.213880
0.037657 0.022399 0.209510
0.035743 0.011694 0.212112
0.038753 0.024945 0.209443
0.043812 0.024273 0.209317
0.044845 0.023910 0.212561
0.038092 0.023275 0.209918
0.039655 0.024391 0.209671
0.039521 0.025111 0.209423
0.044174 0.023021 0.214787
0.036465 0.019687 0.210501
0.039328 0.017204 0.212787
0.037573 0.015601 0.212327
0.042005 0.022308 0.211521
0.039850 0.015650 0.212628
0.037183 0.017173 0.212284
0.040829 0.020785 0.212748
0.040001 0.016744 0.212954
0.041469 0.024318 0.209667
0.037796 0.019406 0.211316
0.041691 0.023835 0.210125
0.041331 0.020361 0.213044
0.038056 0.023024 0.210047
0.045326 0.023116 0.216728
0.039031 0.023646 0.209826
0.044766 0.016815 0.214879
0.044275 0.017720 0.214584
0.039612 0.022783 0.210871
0.044327 0.023046 0.211120
0.044872 0.023265 0.216039
0.037150 0.018321 0.212075
0.037150 0.018321 0.212075
0.039258 0.018885 0.212634
0.038220 0.017319 0.212472
0.040132 0.020882 0.212655
0.044203 0.022857 0.211668
0.038815 0.022716 0.210569
0.043595 0.023469 0.210278
0.039368 0.018263 0.212754
0.044506 0.022392 0.215625
0.043219 0.023209 0.210500
0.044162 0.023539 0.214245
0.038268 0.022030 0.210457
0.037275 0.020761 0.209018
0.041529 0.024494 0.209433
0.040878 0.023171 0.210914
0.043583 0.024072 0.209563
0.044359 0.022447 0.215401
0.041515 0.015089 0.213126
0.041030 0.014103 0.212368
0.044207 0.024396 0.209274
0.044858 0.018380 0.215532
0.036633 0.021073 0.208574
0.037116 0.019768 0.210052
0.037657 0.018882 0.211425
0.038904 0.018181 0.212544
0.045564 0.019575 0.216427
0.040066 0.022378 0.211102
0.036614 0.021466 0.208315
0.044569 0.023567 0.212333
0.039432 0.021615 0.212080
0.036339 0.015995 0.212442
0.037655 0.017153 0.212359
0.041461 0.016928 0.213593
0.037124 0.019885 0.210061
0.044708 0.017645 0.215112
0.042220 0.023693 0.210152
0.038427 0.021047 0.211077
0.039568 0.018643 0.212824
0.035401 0.016389 0.212404
0.035864 0.011995 0.211993
0.040265 0.016328 0.212908
0.035524 0.019896 0.210169
0.043014 0.020900 0.212937
0.041223 0.014203 0.212501
0.037380 0.019501 0.211132
0.038267 0.023473 0.209867
0.037627 0.016734 0.212379
0.037405 0.022930 0.209282
0.041361 0.014931 0.212926
0.038366 0.021886 0.210771
0.040914 0.014962 0.212708
0.045049 0.018106 0.215676
0.037318 0.023216 0.209154
0.044039 0.022721 0.214588
0.045532 0.022383 0.217102
0.037492 0.023728 0.209453
0.044898 0.024035 0.210374
0.043665 0.018219 0.214151
0.037298 0.022258 0.208648
0.037438 0.020428 0.209457
0.037715 0.020702 0.209410
0.044428 0.021102 0.215400
0.037244 0.023066 0.208687
0.037480 0.021398 0.208713
0.043740 0.021661 0.214302
0.041065 0.015852 0.213206
0.034857 0.020311 0.209726
0.046097 0.021838 0.217631
0.039258 0.018885 0.212634
0.040164 0.019701 0.213020
0.041394 0.015426 0.213246
0.039148 0.020140 0.212463
0.038200 0.015799 0.212348
0.034886 0.017393 0.212142
0.043282 0.020994 0.212900
0.033845 0.020601 0.209823
0.044397 0.024011 0.214546
0.035437 0.019635 0.210967
0.036111 0.017035 0.212216
0.035850 0.017675 0.212078
0.043293 0.014797 0.213672
0.043441 0.017429 0.214044
0.037481 0.018557 0.211976
0.044994 0.021131 0.216157
0.044257 0.015720 0.214169
0.042168 0.022063 0.211738
0.041178 0.020222 0.213077
0.045109 0.019457 0.215938
0.041344 0.024546 0.209432
0.042655 0.023968 0.209793
0.036088 0.019769 0.210411
0.039668 0.016643 0.212846
0.042288 0.019876 0.213450
0.033929 0.019196 0.211502
0.041529 0.024494 0.209433
0.038791 0.017766 0.212541
0.038624 0.018761 0.212239
0.034380 0.020316 0.210149
0.038605 0.021413 0.211453
0.042354 0.017219 0.213841
0.041963 0.024580 0.209353
0.043653 0.019522 0.214238
0.041137 0.021739 0.211997
0.042646 0.015666 0.213750
0.043818 0.021609 0.214501
0.039532 0.018858 0.212797
0.043614 0.023116 0.210629
0.034484 0.019625 0.211117
0.044591 0.023489 0.211159
0.040784 0.025389 0.209053
0.038822 0.022202 0.211283
0.036727 0.019986 0.209847
0.044495 0.023373 0.210975
0.043488 0.021676 0.212116
0.038028 0.020735 0.209875
0.037676 0.022942 0.209748
0.043447 0.022407 0.211307
0.039763 0.019512 0.212882
0.039879 0.014750 0.212288
0.045205 0.019218 0.216003
0.035063 0.018753 0.211726
0.046399 0.021352 0.217716
0.037019 0.020560 0.209008
0.044544 0.023434 0.211698
0.040403 0.014755 0.212443
0.038054 0.019661 0.211012
0.040025 0.023335 0.210568
0.042817 0.020773 0.212989
0.036850 0.019713 0.210267
0.040511 0.016398 0.213075
0.040579 0.020408 0.212905
0.044110 0.022857 0.212595
0.038185 0.024688 0.209448
0.043853 0.022623 0.214059
0.041673 0.013651 0.212495
0.039744 0.023721 0.210167
0.046201 0.021224 0.217449
0.038244 0.021743 0.210557
0.039307 0.021827 0.211886
0.033269 0.020439 0.210642
0.039347 0.015999 0.212488
0.036925 0.019882 0.209975
0.035785 0.020396 0.209245
0.041287 0.021296 0.212357
0.041223 0.014203 0.212501
0.042440 0.024467 0.209273
0.043579 0.020372 0.214073
0.038008 0.021393 0.209884
0.044767 0.021829 0.215982
0.043853 0.022623 0.214059
0.043868 0.022283 0.211923
0.046613 0.019474 0.217609
0.041105 0.022402 0.211589
0.035163 0.018309 0.211911
0.034689 0.017648 0.212088
0.045425 0.018507 0.216136
0.039311 0.017364 0.212785
0.034395 0.020396 0.209912
0.038604 0.020965 0.211551
0.044309 0.023302 0.215041
0.042645 0.025162 0.208521
0.039341 0.018709 0.212702
0.044196 0.024052 0.209727
0.039475 0.018121 0.212826
0.035892 0.018310 0.211999
0.041492 0.013357 0.212209
0.037471 0.022509 0.209188
0.039375 0.020767 0.212494
0.044301 0.023067 0.212080
0.042215 0.014239 0.213048
0.042226 0.014704 0.213257
0.038185 0.024688 0.209448
0.041742 0.021808 0.212035
0.041868 0.017232 0.213717
0.037594 0.019738 0.210374
0.043101 0.025600 0.208024
0.043552 0.020713 0.213968
0.038542 0.019595 0.211507
0.042492 0.019651 0.213587
0.043326 0.025119 0.208432
0.037814 0.023674 0.209690
0.043469 0.015131 0.213808
0.045334 0.018810 0.216083
0.041724 0.012558 0.212005
0.038749 0.021264 0.211714
0.041002 0.022878 0.211194
0.041675 0.019443 0.213419
0.040025 0.023335 0.210568
0.044892 0.024034 0.212823
0.039143 0.022038 0.211776
0.045523 0.023197 0.217014
0.035732 0.016117 0.212448
0.040872 0.018674 0.213273
0.034324 0.019419 0.211292
0.040172 0.024085 0.210009
0.045322 0.020309 0.216322
0.038754 0.016466 0.212552
0.042464 0.020696 0.213052
0.046613 0.019474 0.217609
0.036806 0.018133 0.212110
0.036090 0.020891 0.208581
0.040002 0.016982 0.212959
0.045175 0.023550 0.216469
0.041581 0.013035 0.212138
0.042005 0.022308 0.211521
0.044587 0.018763 0.215289
0.037536 0.021724 0.208832
0.039101 0.023331 0.210221
0.044376 0.023645 0.213168
0.041960 0.024960 0.208970
0.037274 0.022509 0.208639
0.043497 0.015649 0.213940
0.040241 0.019039 0.213059
0.045534 0.020015 0.216451
0.034769 0.019810 0.210854
0.042485 0.025418 0.208324
0.039678 0.023105 0.210659
0.044684 0.023854 0.210371
0.037353 0.023520 0.209295
0.042855 0.014112 0.213183
0.038604 0.020965 0.211551
0.044388 0.024018 0.214379
0.037408 0.024245 0.209153
0.041515 0.015089 0.213126
0.035847 0.019544 0.210994
0.043772 0.019381 0.214368
0.036121 0.016211 0.212427
0.043441 0.017429 0.214044
0.040784 0.025389 0.209053
0.044475 0.020002 0.215379
0.040682 0.021613 0.212164
0.040957 0.018226 0.213362
0.044722 0.022778 0.215879
0.038100 0.021751 0.210232
0.040132 0.022234 0.211425
0.035087 0.017374 0.212132
0.038500 0.017615 0.212510
0.043714 0.020656 0.214395
0.038267 0.023473 0.209867
0.044548 0.020459 0.215543
0.045457 0.021129 0.216750
0.045334 0.018810 0.216083
0.037139 0.018438 0.211932
0.037270 0.022737 0.208615
0.039488 0.019726 0.212739
0.044052 0.023318 0.213590
0.039064 0.021948 0.211747
0.042646 0.025739 0.207987
0.041218 0.017829 0.213470
0.045258 0.020795 0.216429
0.045068 0.023751 0.216245
0.045009 0.023254 0.216240
0.037262 0.018469 0.211969
0.037112 0.022032 0.208374
0.037103 0.020519 0.209075
0.040817 0.020144 0.213030
0.043506 0.024304 0.209265
0.043903 0.015488 0.213995
0.037796 0.019406 0.211316
0.043571 0.021011 0.213830
0.043469 0.015131 0.213808
0.043669 0.021668 0.212845
0.034231 0.018372 0.211977
0.044157 0.023572 0.213903
0.038222 0.022886 0.210183
0.042497 0.021096 0.212614
0.042808 0.025035 0.208603
0.034550 0.017244 0.212295
0.042912 0.017629 0.213924
0.041351 0.013773 0.212368
0.037361 0.021882 0.208606
0.044229 0.018079 0.214677
0.044982 0.023996 0.210942
0.035530 0.017471 0.212074
0.041914 0.023616 0.210294
0.036557 0.019547 0.210707
0.043950 0.023783 0.209960
0.040206 0.015264 0.212603
0.036003 0.020563 0.208908
0.043101 0.025600 0.208024
0.039910 0.013176 0.211889
0.039769 0.014421 0.212105
0.036619 0.020520 0.208868
0.045804 0.020924 0.216987
0.034918 0.018009 0.211973
0.043005 0.021654 0.212028
0.044816 0.023763 0.211652
0.039547 0.016980 0.212836
0.040390 0.024553 0.209650
0.045085 0.021475 0.216357
0.035641 0.012497 0.211968
0.042090 0.015471 0.213513
0.043577 0.019085 0.214159
0.044319 0.023088 0.215191
0.042118 0.018895 0.213608
0.039912 0.023235 0.210690
0.041418 0.021706 0.212053
0.039521 0.025111 0.209423
0.041095 0.024258 0.209816
0.039634 0.020008 0.212811
0.037167 0.020586 0.209101
0.042169 0.018244 0.213666
0.035270 0.019777 0.210754
0.044197 0.022105 0.215147
0.046438 0.022701 0.218416
0.042912 0.024558 0.209045
0.042451 0.022146 0.211510
0.034322 0.018915 0.211639
0.039434 0.015652 0.212395
0.039631 0.015480 0.212465
0.044495 0.019088 0.215231
0.038721 0.018924 0.212298
0.038214 0.019970 0.210666
0.044729 0.016311 0.214531
0.044051 0.018589 0.214605
0.043841 0.019776 0.214480
0.045205 0.019218 0.216003
0.040545 0.018812 0.213146
0.033421 0.020233 0.210811
0.037904 0.017029 0.212411
0.040844 0.024234 0.209866
0.043597 0.021318 0.213740
0.037017 0.020100 0.209542
0.035632 0.019940 0.209917
0.041821 0.022020 0.211859
0.044837 0.024402 0.209651
0.041124 0.020337 0.212989
0.041127 0.019920 0.213187
0.043065 0.015463 0.213803
0.044106 0.022835 0.214719
0.044234 0.022981 0.215038
0.037904 0.019863 0.210447
0.037270 0.022737 0.208615
0.040758 0.016371 0.213222
0.040057 0.016002 0.212791
0.043357 0.024477 0.209064
0.040116 0.021583 0.212216
0.045151 0.019686 0.216015
0.040851 0.019386 0.213224
0.038861 0.020207 0.212112
0.039385 0.020441 0.212589
0.037438 0.017562 0.212310
0.043570 0.021129 0.213706
0.040666 0.024094 0.210017
0.041002 0.025853 0.208396
0.034660 0.020010 0.210562
0.038939 0.021609 0.211801
0.043967 0.018926 0.214563
0.042690 0.014886 0.213489
0.041252 0.014851 0.212815
0.041181 0.015322 0.213041
0.044299 0.023260 0.212589
0.037775 0.024251 0.209467
0.035303 0.017742 0.212023
0.036065 0.020119 0.209626
0.038776 0.023550 0.209956
0.034231 0.018372 0.211977
0.044291 0.016074 0.214258
0.044726 0.024086 0.209948
0.036312 0.018420 0.211974
0.043926 0.022337 0.212286
0.044250 0.022970 0.211912
0.038856 0.018603 0.212441
0.038578 0.023839 0.209734
0.037815 0.019831 0.210290
0.042644 0.024426 0.209252
0.041825 0.019980 0.213338
0.042393 0.019800 0.213511
0.046483 0.021931 0.218113
0.038155 0.022563 0.210233
0.044063 0.022637 0.211930
0.040946 0.021934 0.211786
0.039271 0.016333 0.212631
0.041638 0.016497 0.213613
0.043196 0.024142 0.209504
0.041008 0.025122 0.209248
0.035240 0.019112 0.211549
0.042342 0.015099 0.213454
0.037275 0.020761 0.209018
0.040123 0.014855 0.212404
0.041919 0.013116 0.212357
0.039855 0.017664 0.212983
0.044488 0.023914 0.213557
0.040258 0.018519 0.213088
0.035909 0.019862 0.210040
0.038148 0.020947 0.210109
0.041695 0.021042 0.212647
0.043047 0.015081 0.213689
0.039460 0.023497 0.210200
0.042524 0.018858 0.213717
0.037103 0.020519 0.209075
0.044744 0.023787 0.212426
0.042629 0.017419 0.213896
0.041638 0.016497 0.213613
0.040414 0.022292 0.211318
0.044228 0.021369 0.215168
0.043049 0.023970 0.209727
0.037460 0.019879 0.210150
0.044615 0.019943 0.215553
0.036227 0.016795 0.212264
0.034181 0.019215 0.211434
0.040063 0.024465 0.209640
0.043861 0.020575 0.214663
0.044118 0.022540 0.214891
0.044722 0.021034 0.215764
0.036998 0.020073 0.209862
0.042304 0.020424 0.213203
0.040025 0.024311 0.209794
0.037244 0.023310 0.208949
0.040844 0.024234 0.209866
0.040087 0.023753 0.210205
0.045796 0.021578 0.217214
0.040317 0.016718 0.213086
0.044995 0.020975 0.216129
0.045170 0.018092 0.215780
0.041855 0.021105 0.212605
0.041486 0.015242 0.213201
0.042073 0.021726 0.212049
0.042765 0.022677 0.210989
0.039119 0.018058 0.212642
0.045725 0.021914 0.217292
0.036662 0.019354 0.211200
0.038602 0.020617 0.211520
0.042710 0.019865 0.213556
0.039867 0.015279 0.212499
0.035099 0.016722 0.212315
0.037796 0.019406 0.211316
0.042293 0.017647 0.213761
0.045407 0.017497 0.215855
0.043447 0.019348 0.214036
0.041614 0.017644 0.213602
0.042679 0.019256 0.213698
0.036540 0.019729 0.210305
0.044837 0.024402 0.209651
0.042724 0.022210 0.211518
0.040123 0.014855 0.212404
0.038478 0.022491 0.210563
0.044023 0.023212 0.214002
0.045207 0.021188 0.216464
0.042342 0.015099 0.213454
0.038367 0.019990 0.210929
0.038175 0.018913 0.211878
0.040976 0.021346 0.212336
0.037288 0.019534 0.210710
0.042662 0.022323 0.211410
0.039013 0.016671 0.212664
0.037974 0.024416 0.209523
0.044387 0.023246 0.215272
0.044162 0.022779 0.214907
0.038447 0.019722 0.211224
0.044277 0.023718 0.214659
0.041509 0.025362 0.208767
0.037987 0.016626 0.212427
0.035846 0.019826 0.210261
0.044005 0.015814 0.214081
0.037201 0.015495 0.212356
0.038167 0.018395 0.212281
0.033845 0.020601 0.209823
0.039884 0.018031 0.212988
0.039131 0.022403 0.211188
0.043858 0.022742 0.213683
0.037987 0.016626 0.212427
0.034930 0.017592 0.212078
0.039586 0.017812 0.212894
0.044299 0.019225 0.215031
0.039879 0.014750 0.212288
0.044106 0.022835 0.214719
0.037553 0.019650 0.210471
0.036089 0.013559 0.212178
0.044278 0.023791 0.213880
0.035785 0.016535 0.212235
0.037585 0.021695 0.209007
0.046809 0.021107 0.218399
0.040303 0.022437 0.211132
0.044257 0.015720 0.214169
0.042492 0.019651 0.213587
0.038148 0.020947 0.210109
0.040325 0.019980 0.213012
0.044859 0.017339 0.215203
0.039368 0.018263 0.212754
0.044015 0.019889 0.214795
0.041511 0.020331 0.213117
0.037798 0.022233 0.209774
0.036815 0.019413 0.211355
0.039610 0.014877 0.212266
0.036661 0.016924 0.212303
0.037904 0.017029 0.212411
0.045890 0.022915 0.217747
0.044738 0.023245 0.215832
0.045118 0.017058 0.215410
0.037475 0.020760 0.209119
0.045539 0.019826 0.216416
0.042487 0.022373 0.211347
0.043394 0.021883 0.211877
0.038513 0.023139 0.210180
0.044146 0.023390 0.213276
0.043633 0.021684 0.213841
0.042659 0.017201 0.213925
0.041698 0.015882 0.213506
0.043990 0.018290 0.214442
0.039496 0.021206 0.212389
0.036757 0.011429 0.214000
0.044048 0.024244 0.209424
0.044807 0.018041 0.215393
0.043492 0.022914 0.210782
0.041509 0.025362 0.208767
0.043742 0.021999 0.212052
0.034500 0.019220 0.211409
0.043800 0.022391 0.212868
0.036952 0.019773 0.210075
0.041307 0.017351 0.213532
0.039898 0.019995 0.212896
0.039161 0.020948 0.212282
0.038939 0.014273 0.212102
0.041260 0.020740 0.212802
0.041575 0.022305 0.211657
0.038045 0.019304 0.211510
0.037380 0.016801 0.212351
0.044896 0.016957 0.215116
0.046474 0.020771 0.217571
0.040998 0.022555 0.211497
0.040701 0.022959 0.211102
0.043490 0.021190 0.212688
0.036662 0.018675 0.211824
0.036682 0.020127 0.209497
0.039398 0.023881 0.209988
0.041495 0.018163 0.213510
0.044197 0.022105 0.215147
0.044759 0.018536 0.215438
0.042616 0.021158 0.212442
0.043761 0.022383 0.211465
0.038956 0.015887 0.212371
0.040656 0.014745 0.212522
0.037860 0.020820 0.209552
0.042765 0.022677 0.210989
0.043291 0.022159 0.211561
0.034743 0.019680 0.211044
0.037092 0.018605 0.211864
0.040516 0.023187 0.210872
0.038922 0.017019 0.212669
0.044733 0.020585 0.215739
0.044953 0.022191 0.216255
0.044994 0.021131 0.216157
0.038641 0.020233 0.211433
0.034809 0.019492 0.211224
0.043637 0.023898 0.209791
0.037818 0.015760 0.212333
0.042777 0.020486 0.213179
0.037091 0.016063 0.212399
0.039496 0.021206 0.212389
0.043858 0.017305 0.214179
0.044715 0.024201 0.209802
0.034766 0.016124 0.212541
0.036834 0.015981 0.212408
0.036065 0.016475 0.212279
0.038542 0.015025 0.212223
0.041523 0.019735 0.213316
0.038251 0.022350 0.210384
0.036850 0.019713 0.210267
0.043985 0.017966 0.214353
0.044633 0.023598 0.211921
0.043291 0.022159 0.211561
0.041244 0.025297 0.208965
0.042453 0.016232 0.213841
0.042401 0.020950 0.212838
0.036573 0.016242 0.212400
0.044387 0.023246 0.215272
0.041509 0.025362 0.208767
0.043171 0.022395 0.211295
0.034825 0.017255 0.212204
0.045597 0.021925 0.217160
0.038776 0.023550 0.209956
0.042029 0.020987 0.212793
0.039707 0.020734 0.212630
0.036743 0.019219 0.211466
0.043638 0.022121 0.211693
0.043630 0.019980 0.214175
0.034574 0.020287 0.210043
0.043955 0.022138 0.214572
0.044451 0.017454 0.214677
0.036245 0.019593 0.210768
0.035639 0.020583 0.208881
0.044404 0.021364 0.215398
0.042224 0.017804 0.213705
0.040002 0.016982 0.212959
0.035095 0.018571 0.211838
0.039368 0.018263 0.212754
0.044496 0.024076 0.214723
0.039902 0.022401 0.211143
0.042570 0.021458 0.212172
0.038226 0.023163 0.210065
0.039393 0.021328 0.212253
0.043012 0.022684 0.210948
0.037124 0.020063 0.209953
0.039387 0.015099 0.212286
0.042916 0.023421 0.210303
0.038121 0.024007 0.209671
0.037225 0.021703 0.208434
0.043965 0.022847 0.214251
0.040579 0.020408 0.212905
0.044428 0.021102 0.215400
0.040288 0.013523 0.211953
0.036304 0.020165 0.209527
0.044574 0.016206 0.214466
0.043690 0.021803 0.212161
0.043595 0.023469 0.210278
0.043738 0.024867 0.208622
0.040957 0.022657 0.211399
0.044568 0.022063 0.215717
0.045539 0.022711 0.217109
0.038439 0.022683 0.210398
0.044052 0.023318 0.213590
0.043743 0.022238 0.214003
0.044299 0.020422 0.215249
0.044606 0.020250 0.215584
0.044157 0.023572 0.213903
0.041273 0.022973 0.211021
0.039122 0.022905 0.210524
0.040976 0.021346 0.212336
0.039271 0.016333 0.212631
0.038261 0.024322 0.209634
0.039675 0.020319 0.212763
0.040025 0.018723 0.213000
0.037904 0.017029 0.212411
0.038692 0.025325 0.209214
0.038535 0.013190 0.212040
0.036425 0.019156 0.211479
0.034592 0.020429 0.209575
0.044444 0.023586 0.212814
0.039318 0.022836 0.210714
0.035594 0.018026 0.212001
0.037468 0.017019 0.212346
0.044577 0.023582 0.210926
0.045850 0.022477 0.217623
0.045425 0.018977 0.216209
0.033752 0.019175 0.211611
0.038932 0.021360 0.211922
0.037987 0.016626 0.212427
0.038599 0.015701 0.212345
0.040542 0.022645 0.211223
0.045118 0.017058 0.215410
0.037107 0.020220 0.209441
0.040220 0.017842 0.213121
0.038526 0.021209 0.211337
0.040504 0.022939 0.211079
0.036276 0.019266 0.211281
0.040576 0.025106 0.209353
0.045031 0.024012 0.211800
0.044299 0.023260 0.212589
0.044729 0.016311 0.214531
0.043863 0.020231 0.214610
0.043469 0.015131 0.213808
0.038981 0.020127 0.212288
0.043771 0.022416 0.213103
0.040829 0.020785 0.212748
0.043569 0.016958 0.214085
