0.039066 0.076515 0.258267
0.048336 0.068842 0.251189
0.038340 0.076407 0.257954
0.042108 0.069654 0.251311
0.043873 0.069244 0.251723
0.039724 0.075857 0.254700
0.044699 0.072382 0.251338
0.045028 0.071070 0.251808
0.041977 0.075172 0.248416
0.042144 0.072765 0.253522
0.041974 0.075351 0.249663
0.040620 0.075914 0.253019
0.043234 0.077709 0.247230
0.039937 0.070823 0.250478
0.040004 0.075226 0.256059
0.041263 0.077764 0.246232
0.040683 0.075603 0.253435
0.038329 0.077052 0.257797
0.044809 0.072336 0.251217
0.040432 0.074727 0.251219
0.043307 0.069546 0.248509
0.042006 0.076534 0.248057
0.038488 0.076201 0.257347
0.043943 0.073409 0.249984
0.038987 0.077821 0.256007
0.040607 0.075978 0.247832
0.039833 0.075232 0.251551
0.038994 0.074384 0.255523
0.044077 0.073192 0.249859
0.041625 0.074549 0.254470
0.041128 0.068561 0.250906
0.039373 0.075089 0.252229
0.042639 0.073848 0.254256
0.041568 0.069586 0.251030
0.040066 0.078271 0.250761
0.040075 0.073870 0.247654
0.044351 0.074555 0.248043
0.046388 0.070575 0.250439
0.042101 0.070948 0.251203
0.042263 0.068385 0.250965
0.044407 0.068211 0.252078
0.041004 0.069571 0.250776
0.041020 0.075014 0.254667
0.039309 0.077530 0.254868
0.045553 0.071077 0.248962
0.041313 0.076150 0.251753
0.042798 0.077639 0.247625
0.040614 0.076803 0.251733
0.040732 0.075605 0.244491
0.043147 0.072312 0.251207
0.041479 0.075786 0.250196
0.038869 0.076706 0.256225
0.044495 0.072294 0.251858
0.044808 0.070778 0.248089
0.045503 0.071368 0.249262
0.043645 0.076883 0.248112
0.042079 0.075139 0.248931
0.041658 0.074665 0.254181
0.041648 0.075106 0.252970
0.048223 0.069049 0.251496
0.041091 0.075327 0.253716
0.039235 0.074902 0.247181
0.038682 0.074765 0.256678
0.042326 0.075113 0.250001
0.043887 0.068370 0.250587
0.042828 0.074630 0.250930
0.042123 0.075273 0.248158
0.047008 0.067595 0.251126
0.043245 0.077726 0.247654
0.039689 0.075001 0.252140
0.040129 0.076819 0.249097
0.047891 0.069522 0.251718
0.038559 0.076469 0.256562
0.041147 0.075359 0.253575
0.040193 0.075530 0.254539
0.038066 0.076173 0.254345
0.039362 0.074898 0.248379
0.043176 0.073900 0.252110
0.041241 0.068817 0.250928
0.043914 0.076582 0.247965
0.043863 0.073236 0.250804
0.045135 0.071578 0.251361
0.041480 0.075587 0.249490
0.040719 0.076764 0.251558
0.039956 0.077927 0.246538
0.040946 0.076652 0.250452
0.047619 0.069719 0.250604
0.040527 0.077788 0.247494
0.041327 0.075808 0.250005
0.046721 0.070641 0.249791
0.039661 0.076598 0.254017
0.041132 0.075677 0.248504
0.039475 0.074378 0.250017
0.043660 0.073433 0.251652
0.044467 0.074974 0.247826
0.041082 0.075764 0.249024
0.040299 0.076078 0.248081
0.043626 0.073727 0.250588
0.040757 0.076668 0.247779
0.041219 0.073244 0.252840
0.040468 0.076174 0.247838
0.039841 0.071271 0.250186
0.041252 0.075713 0.247945
0.040528 0.076160 0.252930
0.039321 0.077952 0.252546
0.041590 0.075451 0.248745
0.044198 0.076183 0.247401
0.040993 0.073351 0.253104
0.042350 0.075376 0.248358
0.040997 0.074862 0.254989
0.039279 0.077895 0.252926
0.039074 0.076416 0.255648
0.039238 0.075696 0.256027
0.046082 0.070763 0.250470
0.041148 0.075820 0.247890
0.038602 0.075440 0.257336
0.042481 0.074758 0.248817
0.041087 0.075858 0.249283
0.040183 0.075915 0.254082
0.043345 0.077536 0.247938
0.043523 0.075081 0.248789
0.040738 0.077805 0.247239
0.044680 0.072406 0.250279
0.039637 0.071091 0.250354
0.043825 0.076880 0.247995
0.042838 0.074147 0.252982
0.040502 0.070327 0.249934
0.043629 0.073545 0.254238
0.044407 0.068656 0.252449
0.039023 0.076729 0.255943
0.045364 0.067780 0.251615
0.040275 0.075092 0.256068
0.043170 0.072488 0.251272
0.042363 0.074939 0.251913
0.040600 0.072428 0.248604
0.039839 0.075329 0.256898
0.039977 0.078134 0.246860
0.044129 0.076082 0.247892
0.041919 0.069471 0.248607
0.039755 0.074087 0.249318
0.039842 0.078192 0.249233
0.041771 0.077821 0.246480
0.047140 0.069487 0.252004
0.044650 0.072595 0.249633
0.042946 0.075147 0.248871
0.037654 0.076286 0.255707
0.040254 0.076414 0.248155
0.041838 0.075406 0.249454
0.046442 0.068195 0.250289
0.044317 0.075794 0.247698
0.042538 0.074620 0.252281
0.041563 0.073408 0.250262
0.038905 0.076522 0.258183
0.039765 0.078427 0.251547
0.045698 0.071297 0.250145
0.040238 0.077359 0.250057
0.045589 0.067632 0.251288
0.042192 0.072263 0.250577
0.042866 0.074510 0.251503
0.040232 0.073494 0.248315
0.043940 0.072998 0.251960
0.045818 0.070978 0.250571
0.040454 0.076957 0.252028
0.040553 0.075587 0.253929
0.042874 0.074528 0.249302
0.039938 0.077378 0.249291
0.041465 0.075573 0.248111
0.043919 0.076862 0.247825
0.044167 0.072976 0.250934
0.045026 0.067865 0.250871
0.044077 0.068809 0.251970
0.040406 0.074808 0.251910
0.043632 0.072129 0.252266
0.044588 0.075506 0.247058
0.041540 0.077663 0.246970
0.038913 0.076400 0.255676
0.039745 0.075219 0.256237
0.038255 0.075302 0.254807
0.039185 0.074387 0.256468
0.040704 0.074451 0.250795
0.037687 0.076672 0.256031
0.040924 0.071458 0.248913
0.040058 0.077571 0.246134
0.041001 0.073970 0.251633
0.043887 0.073324 0.254051
0.044759 0.072316 0.249047
0.039852 0.078358 0.250486
0.041057 0.075776 0.252682
0.043495 0.074478 0.249219
0.041682 0.075610 0.247983
0.044752 0.072541 0.247709
0.042129 0.073656 0.250481
0.040776 0.073373 0.249860
0.040542 0.069891 0.250540
0.045120 0.071720 0.250055
0.041820 0.075407 0.248023
0.040306 0.075264 0.254857
0.043326 0.074215 0.249490
0.041849 0.075385 0.249259
0.040007 0.077948 0.251817
0.043592 0.072918 0.253328
0.044511 0.072706 0.249227
0.041699 0.075601 0.250105
0.037834 0.075664 0.256524
0.040367 0.077149 0.247916
0.039300 0.075775 0.250403
0.043488 0.073771 0.250909
0.044090 0.073445 0.249441
0.041957 0.075228 0.248213
0.041466 0.069180 0.248579
0.041883 0.075230 0.252324
0.044700 0.075390 0.246687
0.040038 0.078198 0.247141
0.042719 0.076694 0.248216
0.042047 0.074832 0.252817
0.044559 0.072658 0.249917
0.041336 0.076425 0.251103
0.043730 0.076078 0.248221
0.040417 0.072840 0.248468
0.041131 0.073959 0.255422
0.040886 0.073622 0.252516
0.041985 0.075300 0.251916
0.046029 0.070367 0.251789
0.039201 0.077766 0.255636
0.041384 0.075292 0.253191
0.047905 0.068962 0.250526
0.037988 0.076778 0.249135
0.047238 0.070546 0.250091
0.039663 0.075378 0.250581
0.041595 0.075653 0.252044
0.040343 0.076996 0.252454
0.040128 0.074882 0.250356
0.040033 0.074982 0.256534
0.039530 0.076522 0.245631
0.046957 0.070031 0.251278
0.043345 0.075990 0.248538
0.039988 0.078384 0.250957
0.044171 0.073082 0.250353
0.040573 0.074628 0.251380
0.042647 0.074076 0.253587
0.042339 0.073398 0.250773
0.041531 0.074936 0.253878
0.039961 0.075160 0.256917
0.039033 0.075864 0.257910
0.042153 0.075151 0.249226
0.042318 0.074309 0.253493
0.042407 0.073070 0.250485
0.041635 0.075002 0.253392
0.042115 0.077618 0.247354
0.040299 0.073083 0.248623
0.041977 0.075062 0.252477
0.043082 0.074245 0.251559
0.041755 0.074423 0.254468
0.042240 0.073733 0.254516
0.039631 0.074366 0.253057
0.040204 0.074236 0.256121
0.040002 0.075237 0.255241
0.043721 0.077342 0.247550
0.041115 0.075102 0.254082
0.040678 0.076134 0.248979
0.047469 0.069045 0.251870
0.042574 0.074529 0.252400
0.039845 0.073720 0.254926
0.043228 0.074307 0.250260
0.039768 0.075384 0.255647
0.043547 0.073904 0.250374
0.039698 0.077071 0.253026
0.043821 0.071721 0.252226
0.048240 0.068975 0.250871
0.042203 0.075619 0.248168
0.039412 0.075432 0.256637
0.040802 0.077090 0.251173
0.045357 0.071065 0.251549
0.040704 0.073958 0.252466
0.041834 0.077212 0.247767
0.043353 0.077705 0.247409
0.047277 0.069781 0.251613
0.042248 0.074240 0.253822
0.040436 0.076567 0.252695
0.042886 0.074703 0.249898
0.041988 0.074472 0.253748
0.039967 0.071434 0.250307
0.038620 0.074987 0.253889
0.037942 0.075369 0.255879
0.040412 0.076991 0.249941
0.041590 0.075451 0.252425
0.041576 0.076964 0.247812
0.039200 0.076158 0.255616
0.040810 0.075050 0.254856
0.039284 0.076991 0.255380
0.041111 0.070658 0.248970
0.042966 0.072927 0.253541
0.038208 0.077329 0.249523
0.039300 0.077190 0.254833
0.039730 0.078759 0.250504
0.041449 0.075740 0.249874
0.039332 0.074319 0.249762
0.039989 0.076230 0.253475
0.038340 0.076631 0.249411
0.039162 0.078086 0.252776
0.041946 0.075302 0.249103
0.038439 0.076225 0.256699
0.044345 0.073120 0.248615
0.040180 0.069189 0.250301
0.040229 0.073403 0.249762
0.040201 0.073695 0.248117
0.041762 0.075707 0.250961
0.038714 0.075904 0.257145
0.038477 0.076245 0.257939
0.041635 0.075585 0.249817
0.042552 0.072803 0.250607
0.039905 0.077724 0.249052
0.045269 0.071692 0.249431
0.042366 0.074874 0.252167
0.042167 0.075105 0.248493
0.042141 0.077308 0.245614
0.044594 0.071949 0.251847
0.040553 0.077641 0.246235
0.039877 0.075359 0.257058
0.042396 0.076611 0.248158
0.038005 0.075267 0.256254
0.040426 0.077103 0.251428
0.044905 0.072227 0.251128
0.040549 0.075868 0.248324
0.040356 0.075840 0.248118
0.040745 0.075697 0.253184
0.041677 0.073194 0.254742
0.045229 0.069858 0.252059
0.043843 0.068338 0.251110
0.039957 0.075100 0.250635
0.038311 0.076638 0.257995
0.043256 0.073807 0.252094
0.041238 0.075773 0.249378
0.040536 0.076817 0.252470
0.039018 0.074431 0.254857
0.040339 0.069211 0.249311
0.044556 0.075629 0.246809
0.043818 0.073815 0.249482
0.038396 0.076483 0.257620
0.044198 0.068273 0.250382
0.040840 0.076650 0.251705
0.041208 0.068351 0.250935
0.040282 0.074940 0.256227
0.038111 0.075149 0.255893
0.043108 0.075009 0.248944
0.042651 0.072815 0.253199
0.040590 0.075369 0.254381
0.041711 0.075342 0.248432
0.044387 0.069962 0.251913
0.039480 0.075841 0.255154
0.040590 0.076090 0.248669
0.043325 0.076883 0.248227
0.039924 0.076070 0.254285
0.041131 0.069284 0.248658
0.039372 0.077254 0.253553
0.039779 0.077854 0.252306
0.040297 0.069544 0.250267
0.039940 0.077319 0.252578
0.046262 0.070767 0.250287
0.040222 0.078024 0.250681
0.039739 0.073763 0.255206
0.044929 0.074894 0.246900
0.039604 0.077617 0.246137
0.044994 0.072148 0.250868
0.040512 0.072057 0.249341
0.042532 0.077326 0.247800
0.038908 0.075903 0.257786
0.041807 0.073601 0.251175
0.042350 0.069822 0.251503
0.040739 0.076316 0.247812
0.040057 0.073681 0.254573
0.039692 0.076753 0.253483
0.039336 0.074305 0.249914
0.042391 0.069268 0.251433
0.045040 0.072018 0.251129
0.041564 0.077820 0.246285
0.047478 0.069846 0.250717
0.039887 0.078188 0.250223
0.044035 0.071682 0.252194
0.039058 0.077857 0.255704
0.043186 0.076637 0.248306
0.043743 0.077136 0.246972
0.041267 0.075440 0.252900
0.043306 0.070975 0.251702
0.043883 0.072885 0.253437
0.041606 0.073056 0.254515
0.041616 0.075467 0.249238
0.039336 0.075481 0.256525
0.039420 0.075595 0.255550
0.044794 0.072153 0.248801
0.041187 0.075951 0.250154
0.042328 0.077837 0.247172
0.041724 0.073604 0.254968
0.043860 0.069603 0.251763
0.039947 0.077477 0.248855
0.039203 0.077240 0.254327
0.043720 0.073990 0.249402
0.043465 0.069989 0.251810
0.040865 0.076857 0.250546
0.043189 0.075197 0.248915
0.045499 0.071478 0.249852
0.043450 0.077686 0.247585
0.045711 0.071280 0.249803
0.039511 0.075658 0.250718
0.038471 0.077565 0.257264
0.039326 0.076363 0.255025
0.041184 0.075367 0.253380
0.043402 0.077633 0.247793
0.043414 0.072871 0.252560
0.045831 0.071092 0.249593
0.039262 0.074175 0.256051
0.040741 0.070295 0.249726
0.040802 0.076531 0.250095
0.044596 0.072650 0.249398
0.040761 0.074772 0.255709
0.044172 0.073003 0.250626
0.040269 0.077762 0.247863
0.041840 0.074885 0.253104
0.043944 0.068461 0.251475
0.043267 0.073612 0.253291
0.040706 0.069957 0.249671
0.042324 0.074270 0.253634
0.046918 0.070241 0.251074
0.040125 0.075096 0.256347
0.040658 0.076372 0.249557
0.040150 0.075879 0.254225
0.046236 0.070342 0.251682
0.043764 0.068808 0.251609
0.039005 0.074504 0.254442
0.041863 0.077801 0.246329
0.041268 0.077771 0.246816
0.042767 0.069668 0.251620
0.039037 0.076248 0.250509
0.043367 0.074937 0.248956
0.039365 0.077851 0.255061
0.041449 0.073805 0.255189
0.041967 0.075383 0.251070
0.040836 0.077756 0.246338
0.043166 0.074219 0.251038
0.043560 0.073148 0.253188
0.045484 0.071319 0.251119
0.039133 0.077607 0.254548
0.040825 0.076770 0.251472
0.044630 0.067931 0.251244
0.039911 0.074914 0.256779
0.038925 0.076393 0.249943
0.039086 0.075661 0.257611
0.045273 0.071376 0.251377
0.040347 0.073644 0.253704
0.041619 0.070114 0.251048
0.039379 0.077570 0.255149
0.041342 0.074975 0.254187
0.040670 0.069216 0.248517
0.040430 0.076175 0.252979
0.038846 0.074429 0.256300
0.041931 0.073655 0.254795
0.048074 0.069341 0.251620
0.042624 0.077191 0.245669
0.044846 0.071334 0.251830
0.046964 0.070718 0.250055
0.044283 0.068861 0.252275
0.042398 0.074957 0.251280
0.042430 0.073592 0.254486
0.041390 0.077663 0.247097
0.042979 0.073985 0.252719
0.041229 0.076181 0.250475
0.046830 0.068022 0.250444
0.037974 0.075800 0.254951
0.044266 0.076055 0.247736
0.041319 0.075904 0.252170
0.039324 0.078387 0.252258
0.039038 0.075713 0.256487
0.041815 0.075535 0.251304
0.042889 0.074010 0.252780
0.039290 0.076696 0.255268
0.041899 0.077782 0.246634
0.041775 0.070145 0.251174
0.040318 0.069338 0.249503
0.043644 0.074733 0.248801
0.041267 0.069432 0.248791
0.039461 0.075419 0.256395
0.039350 0.077386 0.253400
0.042862 0.077172 0.248046
0.044845 0.072155 0.249982
0.040761 0.068487 0.250805
0.044627 0.072509 0.250584
0.039214 0.077474 0.255703
0.043368 0.076458 0.248323
0.041260 0.075800 0.249542
0.040181 0.074358 0.252457
0.040886 0.076404 0.252309
0.043024 0.074534 0.249727
0.041320 0.073508 0.251856
0.043721 0.072793 0.252399
0.040464 0.076802 0.247851
0.039620 0.074589 0.252718
0.038110 0.077179 0.258005
0.039692 0.077746 0.252341
0.038759 0.075900 0.256816
0.040823 0.071897 0.248746
0.042905 0.074395 0.251796
0.044355 0.075819 0.247370
0.037852 0.076198 0.257578
0.047344 0.070171 0.251082
0.039167 0.076858 0.255682
0.040170 0.075944 0.253390
0.041562 0.076047 0.251289
0.039829 0.075479 0.257284
0.045507 0.071470 0.250231
0.039453 0.078481 0.246810
0.039556 0.075567 0.255483
0.040580 0.073442 0.254633
0.041363 0.074995 0.253989
0.039591 0.074338 0.248890
0.043981 0.072016 0.252252
0.044245 0.073242 0.248764
0.045570 0.068247 0.250070
0.039547 0.078438 0.252063
0.042171 0.075176 0.251190
0.042828 0.076553 0.248322
0.044766 0.072430 0.249327
0.047311 0.067841 0.250839
0.040832 0.076118 0.249512
0.039662 0.075039 0.250254
0.039739 0.076091 0.254489
0.039463 0.074694 0.248603
0.041949 0.074472 0.253564
0.040067 0.077675 0.250061
0.043828 0.073317 0.250685
0.040652 0.076685 0.249978
0.039110 0.075003 0.249340
0.042597 0.070102 0.251618
0.040779 0.074111 0.255738
0.038805 0.076200 0.251263
0.039981 0.078033 0.248347
0.041759 0.075244 0.252517
0.046546 0.070342 0.250767
0.039736 0.073851 0.255635
0.041479 0.070618 0.248631
0.041500 0.070606 0.250944
0.041397 0.073252 0.254795
0.039112 0.078125 0.253071
0.046506 0.070205 0.251618
0.040644 0.069248 0.248801
0.041090 0.073570 0.250149
0.042675 0.074652 0.251740
0.041439 0.073704 0.251449
0.045085 0.067914 0.250645
0.039103 0.075753 0.256191
0.043675 0.073780 0.250296
0.040861 0.075817 0.252892
0.043323 0.076256 0.248412
0.042283 0.072843 0.253818
0.042301 0.077875 0.246994
0.040166 0.076692 0.248814
0.040936 0.075773 0.248545
0.042374 0.074633 0.252705
0.043773 0.069518 0.251694
0.039167 0.075070 0.248457
0.044227 0.073101 0.253638
0.039563 0.076256 0.254568
0.037288 0.076656 0.255155
0.047640 0.069670 0.251216
0.044189 0.073307 0.249287
0.042322 0.070298 0.251499
0.042518 0.074734 0.252074
0.041445 0.075884 0.251790
0.044307 0.068478 0.252304
0.042693 0.074868 0.249746
0.041114 0.077702 0.247158
0.042786 0.072727 0.252659
0.040534 0.074713 0.250493
0.042112 0.073527 0.250970
0.039398 0.075360 0.257025
0.037538 0.076913 0.248392
0.038408 0.075326 0.254190
0.041130 0.075652 0.248261
0.042345 0.077578 0.246067
0.039417 0.075443 0.257545
0.038136 0.075352 0.256802
0.038124 0.075399 0.255127
0.044280 0.068055 0.251034
0.041866 0.074262 0.254508
0.045180 0.071840 0.251055
0.039591 0.074609 0.248305
0.039320 0.077089 0.255134
0.037692 0.077158 0.249009
0.041217 0.075378 0.253157
0.045879 0.067849 0.250571
0.040320 0.077124 0.252211
0.041688 0.077737 0.246704
0.040615 0.072351 0.249931
0.041043 0.070249 0.249065
0.040772 0.076545 0.252306
0.042528 0.076562 0.248216
0.038862 0.075962 0.256363
0.040305 0.074881 0.251185
0.040721 0.073657 0.253002
0.044457 0.068064 0.251559
0.039406 0.077123 0.253937
0.038778 0.077506 0.256547
0.040061 0.076046 0.253541
0.038101 0.076333 0.248784
0.041665 0.077696 0.246050
0.043125 0.077404 0.246616
0.040345 0.073575 0.254167
0.040505 0.071749 0.250314
0.040439 0.077188 0.250210
0.043384 0.073139 0.254094
0.040691 0.077094 0.247723
0.044193 0.073284 0.249050
0.038561 0.076874 0.249792
0.043021 0.073743 0.253510
0.042053 0.075289 0.251642
0.040691 0.077020 0.251330
0.045600 0.069661 0.248993
0.041666 0.072796 0.253627
0.040001 0.077246 0.248725
0.042782 0.077779 0.246904
0.040554 0.075601 0.253667
0.040175 0.077945 0.246707
0.040150 0.078046 0.246942
0.042094 0.075125 0.248380
0.042367 0.074987 0.250653
0.048001 0.069425 0.251411
0.043821 0.077100 0.247712
0.044085 0.073613 0.248822
0.044207 0.073508 0.248581
0.046810 0.069212 0.252027
0.039927 0.077304 0.249063
0.038014 0.076465 0.253749
0.041159 0.074520 0.255356
0.040513 0.077214 0.250420
0.042506 0.069120 0.251392
0.047022 0.070194 0.250543
0.043618 0.073558 0.251089
0.040917 0.077447 0.245902
0.043059 0.073110 0.254016
0.044566 0.072476 0.248880
0.041521 0.074885 0.254059
0.047149 0.069773 0.251808
0.046175 0.070506 0.251307
0.040716 0.074898 0.255447
0.043387 0.073229 0.252606
0.039098 0.076363 0.258192
0.043552 0.073806 0.250594
0.042533 0.074899 0.250595
0.044269 0.071953 0.252094
0.043956 0.076924 0.247269
0.043974 0.070984 0.252030
0.040343 0.077842 0.246567
0.041664 0.074036 0.255089
0.042813 0.074184 0.253127
0.043053 0.074533 0.249911
0.039902 0.075451 0.257368
0.038767 0.074834 0.254418
0.047598 0.069825 0.250323
0.038671 0.076508 0.256345
0.044236 0.069978 0.251905
0.041194 0.075005 0.254450
0.040490 0.077681 0.250947
0.041075 0.073357 0.252647
0.040898 0.075737 0.248397
0.040541 0.074737 0.251641
0.040200 0.077367 0.252120
0.041595 0.075126 0.253140
0.039989 0.070953 0.250083
0.043390 0.073747 0.251770
0.040302 0.077509 0.250332
0.040351 0.077661 0.246284
0.042791 0.073892 0.253753
0.042065 0.068735 0.251192
0.044113 0.073243 0.249694
0.043622 0.072936 0.253848
0.038412 0.076418 0.257230
0.046079 0.070557 0.251441
0.039896 0.075301 0.251195
0.039812 0.075336 0.255278
0.039685 0.078542 0.250928
0.043623 0.073887 0.249985
0.044825 0.069087 0.252288
0.047099 0.070127 0.251138
0.044048 0.073164 0.249751
0.039200 0.078016 0.252825
0.044614 0.067961 0.250787
0.045742 0.068043 0.251987
0.041575 0.072821 0.253135
0.041312 0.076350 0.250760
0.039158 0.078170 0.252581
0.043162 0.073764 0.253834
0.038678 0.074900 0.254550
0.039301 0.076465 0.255257
0.038028 0.075917 0.254617
0.042784 0.077311 0.246045
0.043532 0.074671 0.249017
0.044417 0.072702 0.249041
0.038196 0.075663 0.254441
0.043094 0.071648 0.251278
0.047309 0.069617 0.251888
0.041360 0.077542 0.247354
0.046548 0.068418 0.251931
0.039221 0.077141 0.254605
0.040600 0.077564 0.246114
0.045360 0.067880 0.250615
0.041840 0.075317 0.248817
0.041193 0.076304 0.251773
0.042166 0.075167 0.250155
0.040987 0.075762 0.252785
0.041515 0.073628 0.255100
0.038815 0.077858 0.256414
0.042684 0.077912 0.247263
0.039940 0.077816 0.249729
0.038836 0.075819 0.257501
0.041056 0.075744 0.248722
0.039335 0.077316 0.253798
0.039545 0.076582 0.254250
0.038667 0.074969 0.254229
0.040591 0.077882 0.247004
0.040312 0.077207 0.251619
0.039323 0.075729 0.255654
0.044368 0.068158 0.251820
0.040153 0.077868 0.250444
0.038964 0.075681 0.257231
0.038536 0.076727 0.256724
0.039710 0.075416 0.255754
0.040770 0.074608 0.251103
0.038268 0.077331 0.257903
0.043958 0.074287 0.248521
0.040737 0.076452 0.249823
0.039128 0.077815 0.253500
0.038795 0.074735 0.253808
0.039308 0.077137 0.254158
0.043763 0.068573 0.251440
0.044953 0.072069 0.250318
0.039562 0.075659 0.255293
0.043872 0.075019 0.248418
0.045351 0.071596 0.249603
0.041889 0.073364 0.254773
0.047183 0.070149 0.250825
0.043886 0.070385 0.247968
0.038927 0.076196 0.258018
0.044066 0.073062 0.253486
0.039317 0.077526 0.255415
0.040854 0.075987 0.244183
0.046397 0.070459 0.250648
0.038632 0.078167 0.246082
0.044496 0.073078 0.248390
0.043091 0.076289 0.248453
0.039416 0.077734 0.252746
0.041841 0.075500 0.250587
0.043841 0.073506 0.253765
0.040668 0.068773 0.250719
0.040957 0.072831 0.250062
0.043673 0.073323 0.251868
0.043318 0.071957 0.251590
0.039506 0.076814 0.254046
0.039548 0.074281 0.253461
0.044214 0.073044 0.250264
0.040920 0.069379 0.248830
0.038394 0.074833 0.256219
0.039281 0.075358 0.250044
0.040350 0.076021 0.253104
0.045351 0.071573 0.250023
0.040284 0.076970 0.249729
0.039968 0.070633 0.250471
0.040462 0.073061 0.247900
0.040709 0.073305 0.254063
0.039789 0.075206 0.256386
0.043299 0.073495 0.252716
0.040032 0.075096 0.255475
0.038927 0.075712 0.257441
0.039221 0.077539 0.253602
0.041484 0.076034 0.250768
0.041601 0.077578 0.247174
0.039324 0.077906 0.255281
0.038743 0.076508 0.258163
0.045830 0.071011 0.249364
0.042018 0.074056 0.254484
0.047069 0.069897 0.251566
0.041136 0.074705 0.255210
0.041629 0.073825 0.255097
0.045477 0.070620 0.251828
0.040299 0.077214 0.245849
0.045963 0.070558 0.251603
0.044081 0.076577 0.247617
0.040464 0.074984 0.255728
0.038719 0.076011 0.257650
0.044952 0.071810 0.249711
0.040555 0.077383 0.251156
0.043427 0.068410 0.251118
0.040517 0.073629 0.250072
0.040470 0.075600 0.253454
0.040895 0.069618 0.249029
0.043903 0.073765 0.249371
0.041621 0.075741 0.250609
0.040254 0.076557 0.252844
0.046386 0.070380 0.251081
0.040048 0.076874 0.248942
0.046869 0.069586 0.252012
0.040659 0.069527 0.250665
0.045488 0.071459 0.249567
0.042222 0.075065 0.251962
0.043635 0.073960 0.249643
0.042851 0.069188 0.251506
0.040212 0.076577 0.248481
0.044730 0.072450 0.251114
0.043681 0.072835 0.253486
0.041529 0.074417 0.255105
0.041479 0.068433 0.250994
0.039629 0.078601 0.251820
0.039250 0.074569 0.249705
0.040194 0.073618 0.248034
0.040416 0.073601 0.255319
0.041911 0.072737 0.252742
0.042794 0.074315 0.252301
0.045340 0.067689 0.251286
0.040305 0.073176 0.248359
0.041559 0.073799 0.251064
0.042468 0.074468 0.253019
0.041344 0.076052 0.251848
0.040141 0.077922 0.251404
0.040903 0.073944 0.255589
0.045400 0.071004 0.251584
0.040901 0.070997 0.250628
0.039408 0.075571 0.257543
0.038220 0.076464 0.249222
0.042604 0.076065 0.248438
0.042085 0.075245 0.251376
0.045675 0.071252 0.250437
0.038892 0.075705 0.256929
0.041533 0.075795 0.251847
0.042451 0.070809 0.251399
0.042001 0.074728 0.253033
0.041083 0.076205 0.250192
0.046609 0.070401 0.250474
0.044875 0.072248 0.250545
0.042843 0.074898 0.248903
0.038870 0.075916 0.256007
0.039595 0.075358 0.256223
0.043999 0.073094 0.250738
0.042587 0.075622 0.248539
0.040064 0.075006 0.251858
0.045263 0.071045 0.251391
0.039287 0.076888 0.254367
0.043979 0.073215 0.249786
0.045136 0.071765 0.250272
0.039174 0.076321 0.258243
0.038434 0.077506 0.257522
0.039144 0.074934 0.257038
0.041904 0.068589 0.251110
0.039954 0.075416 0.255099
0.044201 0.068266 0.250036
0.037803 0.076241 0.254757
0.038324 0.076711 0.257809
0.045605 0.071408 0.250020
0.041336 0.074929 0.254386
0.040468 0.075851 0.247837
0.046883 0.069991 0.251541
0.038232 0.075921 0.254045
0.046965 0.067624 0.251297
0.043495 0.073668 0.251526
0.042777 0.074654 0.251158
0.046749 0.070292 0.250971
0.042073 0.069511 0.251278
0.045807 0.070233 0.251910
0.042667 0.070487 0.251592
0.046406 0.070343 0.250934
0.042617 0.074930 0.249684
0.043911 0.076744 0.246887
0.040168 0.075116 0.255748
0.040178 0.075737 0.254354
0.041573 0.077803 0.246534
0.039811 0.078283 0.251762
0.039607 0.075983 0.254752
0.038961 0.076591 0.258274
0.043705 0.070069 0.251923
0.039599 0.075463 0.257167
0.043209 0.075691 0.248746
0.041651 0.077258 0.245476
0.043208 0.074360 0.249793
0.042192 0.077026 0.244945
0.044137 0.072405 0.252177
0.039719 0.075132 0.250436
0.037882 0.075666 0.255501
0.039790 0.075473 0.257554
0.039946 0.075153 0.256514
0.039978 0.077896 0.252071
0.038809 0.075906 0.249581
0.038329 0.076828 0.245891
0.041524 0.076145 0.250998
0.043735 0.074289 0.249005
0.041215 0.074719 0.255004
0.038964 0.075922 0.257941
0.040383 0.068695 0.250572
0.040276 0.077972 0.247536
0.042953 0.071421 0.247309
0.040006 0.077926 0.250147
0.043319 0.072169 0.251985
0.039439 0.075237 0.245591
0.039333 0.075431 0.256851
0.041566 0.073405 0.254946
0.045213 0.071677 0.249764
0.039652 0.075278 0.256527
0.042139 0.075241 0.249864
0.040111 0.075108 0.251044
0.045353 0.067735 0.251014
0.046365 0.067925 0.251817
0.045626 0.070852 0.251540
0.042317 0.077829 0.246791
0.043319 0.073990 0.251156
0.042375 0.074588 0.248843
0.039004 0.075887 0.249870
0.046425 0.067615 0.250991
0.039389 0.075712 0.255402
0.042350 0.075030 0.249387
0.047662 0.069458 0.251920
0.042493 0.074830 0.251790
0.039715 0.076882 0.253125
0.044367 0.072815 0.250474
0.039337 0.074806 0.247912
0.043177 0.074415 0.249206
0.044164 0.073131 0.250121
0.042659 0.074840 0.250415
0.040301 0.074287 0.245393
0.041374 0.073694 0.250348
0.043529 0.073683 0.251192
0.037420 0.076819 0.254407
0.043785 0.073344 0.251027
0.043248 0.074046 0.251476
0.040133 0.071232 0.250450
0.040731 0.074487 0.255845
0.045701 0.067675 0.250936
0.040881 0.070464 0.249328
0.041202 0.075841 0.249758
0.041307 0.075827 0.250164
0.043493 0.075468 0.248653
0.039615 0.078718 0.251039
0.044601 0.071172 0.251923
0.041102 0.076754 0.251010
0.039274 0.077621 0.253308
0.044995 0.071870 0.249965
0.038485 0.075433 0.253344
0.042090 0.073436 0.251227
0.039346 0.075445 0.251669
0.038898 0.076638 0.258253
0.039796 0.078434 0.250981
0.046201 0.070325 0.249273
0.039318 0.076117 0.255167
0.041891 0.074005 0.254721
0.045785 0.067667 0.251598
0.043012 0.070164 0.251721
0.042401 0.074740 0.252373
0.040860 0.069262 0.248622
0.043105 0.071368 0.251385
0.042087 0.073793 0.254607
0.040037 0.070401 0.250273
0.040415 0.076961 0.251740
0.044145 0.068380 0.251691
0.040126 0.073877 0.248144
0.045142 0.071749 0.251215
0.043109 0.068597 0.251158
0.042000 0.072714 0.253173
0.040868 0.077058 0.250946
0.044757 0.072355 0.249774
0.039925 0.076428 0.253285
0.041001 0.074231 0.250956
0.039112 0.077592 0.255981
0.039916 0.074331 0.245685
0.041939 0.074959 0.252656
0.040779 0.075873 0.248581
0.043056 0.073892 0.252868
0.044642 0.072514 0.249151
0.044138 0.072903 0.251645
0.040539 0.077409 0.250625
0.038061 0.075311 0.255558
0.043596 0.074234 0.249314
0.047767 0.069578 0.250967
0.041151 0.076600 0.250746
0.042497 0.073176 0.250601
0.040132 0.075427 0.245108
0.041811 0.070727 0.251158
0.044726 0.074930 0.247503
0.042740 0.073646 0.254440
0.039124 0.078074 0.255465
0.045174 0.068326 0.249901
0.038810 0.077236 0.256476
0.040513 0.074681 0.251057
0.040352 0.074667 0.245052
0.040333 0.076296 0.252952
0.045114 0.070559 0.251910
0.045937 0.071041 0.249770
0.043187 0.073646 0.252846
0.041720 0.071054 0.248270
0.042550 0.074953 0.250252
0.041766 0.075538 0.251902
0.042317 0.073295 0.250477
0.040736 0.075171 0.254638
0.042673 0.074708 0.251376
0.042048 0.068860 0.248472
0.042259 0.077746 0.246251
0.040596 0.076819 0.252047
0.038628 0.074909 0.253510
0.041618 0.075817 0.251527
0.045958 0.070865 0.250391
0.040597 0.072868 0.249777
0.043310 0.073346 0.252977
0.047661 0.069636 0.251516
0.038895 0.075603 0.251948
0.046345 0.070838 0.249993
0.043577 0.072609 0.252451
0.038666 0.076212 0.256448
0.041569 0.074120 0.244854
0.047139 0.070198 0.250363
0.041472 0.075422 0.252673
0.046434 0.070730 0.249757
0.048292 0.068458 0.251137
0.038707 0.076744 0.250165
0.041064 0.069937 0.249032
0.040541 0.075822 0.247990
0.039731 0.070864 0.250397
0.042361 0.071379 0.251061
0.039083 0.074543 0.253690
0.044067 0.073023 0.251503
0.042696 0.074853 0.250232
0.042339 0.068775 0.251209
0.041313 0.068839 0.248262
0.041843 0.074496 0.254105
0.042784 0.074129 0.253328
0.047366 0.069802 0.251349
0.039474 0.078150 0.252274
0.040780 0.070338 0.250648
0.040213 0.076855 0.252695
0.041031 0.073331 0.254763
0.042582 0.068108 0.250399
0.041466 0.072062 0.250466
0.044284 0.076023 0.247588
0.043976 0.073242 0.250506
0.039951 0.075479 0.254841
0.041447 0.071340 0.250718
0.042852 0.073445 0.254555
0.043754 0.073358 0.250836
0.043823 0.072886 0.253683
0.047276 0.070183 0.251071
0.044270 0.072534 0.252000
0.043041 0.074024 0.249151
0.042768 0.072994 0.253926
0.038578 0.076018 0.256920
0.047407 0.070218 0.250145
0.042422 0.077096 0.245244
0.041980 0.076772 0.247997
0.039433 0.076303 0.254738
0.038442 0.076393 0.252069
0.039957 0.075074 0.256830
0.044501 0.072588 0.251361
0.042156 0.077762 0.246256
0.040488 0.069562 0.249561
0.040844 0.073294 0.254488
0.041150 0.076621 0.251284
0.044141 0.071494 0.252078
0.039323 0.075570 0.257345
0.040060 0.075573 0.254622
0.041162 0.077841 0.246538
0.038428 0.075825 0.248559
0.042432 0.073219 0.254370
0.037467 0.076679 0.255562
0.047039 0.070620 0.250169
0.042775 0.077454 0.247804
0.039960 0.077570 0.249596
0.042631 0.074810 0.250740
0.043799 0.075465 0.248289
0.038766 0.075385 0.248265
0.043447 0.071641 0.251855
0.042958 0.068961 0.251431
0.041305 0.074308 0.255332
0.043451 0.074109 0.249808
0.044317 0.072907 0.250318
0.040859 0.073707 0.255390
0.043505 0.073559 0.251863
0.038270 0.075362 0.254593
0.041851 0.075472 0.250160
0.045989 0.070904 0.249443
0.042710 0.077868 0.247423
0.042424 0.077509 0.247627
0.045241 0.071650 0.249077
0.041749 0.076559 0.247955
0.039798 0.078132 0.252010
0.043059 0.074201 0.249269
0.041413 0.075538 0.249024
0.040098 0.073734 0.249873
0.043891 0.073597 0.249640
0.041342 0.070215 0.248816
0.039841 0.075193 0.255376
0.043064 0.072564 0.251150
0.043124 0.073622 0.254393
0.040180 0.073594 0.248737
0.041261 0.074139 0.250998
0.039749 0.075298 0.256096
0.041374 0.068993 0.250982
0.040515 0.074833 0.255986
0.040124 0.070517 0.250485
0.041801 0.068909 0.251137
0.043100 0.074305 0.251056
0.040089 0.073877 0.249097
0.039491 0.075568 0.255713
0.042047 0.077119 0.245181
0.041289 0.073307 0.250183
0.043490 0.076326 0.248321
0.042961 0.073730 0.253679
0.039202 0.077920 0.253178
0.039988 0.078047 0.251614
0.042989 0.070742 0.251627
0.040374 0.073364 0.250004
0.040536 0.073655 0.253391
0.041714 0.075985 0.247967
0.038419 0.077245 0.250264
0.043832 0.069793 0.251807
0.042230 0.075097 0.249264
0.041261 0.075605 0.252638
0.039599 0.075472 0.255950
0.039267 0.076875 0.254924
0.045852 0.071135 0.250007
0.041557 0.074236 0.255156
0.041043 0.074178 0.250679
0.043707 0.070445 0.251990
0.040560 0.074951 0.255486
0.039902 0.075182 0.256784
0.043366 0.075211 0.248878
0.039847 0.075553 0.255009
0.038901 0.076001 0.255924
0.041838 0.074398 0.254353
0.042691 0.074707 0.248918
0.042715 0.074380 0.252349
0.046218 0.070460 0.251018
0.044316 0.072931 0.250214
0.040894 0.074321 0.251204
0.040367 0.074702 0.250234
0.042015 0.070109 0.251356
0.043562 0.073270 0.252219
0.044719 0.072117 0.248352
0.040372 0.075139 0.254771
0.043047 0.072653 0.252482
0.043109 0.072479 0.251829
0.040275 0.069431 0.249990
0.045177 0.068022 0.252024
0.043691 0.077054 0.247995
0.046961 0.070302 0.249760
0.039783 0.078469 0.249622
0.042986 0.074379 0.251396
0.038702 0.074845 0.253248
0.039841 0.076521 0.253544
0.043298 0.071371 0.251569
0.039618 0.075293 0.256374
0.038968 0.077907 0.254036
0.040854 0.076022 0.249175
0.037360 0.076556 0.254865
0.043106 0.073438 0.254608
0.042320 0.072768 0.252333
0.039828 0.074293 0.248393
0.039365 0.077689 0.252988
0.040384 0.074995 0.256101
0.044279 0.073138 0.249556
0.041417 0.075908 0.250444
0.042951 0.074597 0.250471
0.039182 0.075557 0.256733
0.038387 0.076239 0.256960
0.041478 0.068663 0.251029
0.040952 0.073747 0.252105
0.042616 0.074795 0.250995
0.045303 0.071607 0.250264
0.043220 0.077369 0.248034
0.040324 0.076663 0.252695
0.041413 0.073046 0.252714
0.043533 0.072409 0.252377
0.037808 0.076863 0.258036
0.043607 0.073062 0.252359
0.043361 0.070559 0.251869
0.044130 0.069520 0.251916
0.038566 0.076122 0.256681
0.044810 0.071584 0.251755
0.041353 0.069788 0.250894
0.041238 0.071328 0.248518
0.042072 0.077803 0.246438
0.038696 0.076158 0.257839
0.041336 0.075365 0.253041
0.040020 0.077723 0.246311
0.047262 0.069378 0.251983
0.040262 0.070792 0.250531
0.041001 0.071029 0.249071
0.042978 0.077792 0.247451
0.045645 0.071010 0.251214
0.041502 0.074816 0.254249
0.043182 0.069231 0.251559
0.040791 0.075867 0.247966
0.042042 0.073347 0.250351
0.042221 0.069233 0.251332
0.042937 0.073838 0.254091
0.046064 0.070749 0.250298
0.040382 0.072846 0.248902
0.042555 0.074874 0.249412
0.042950 0.074441 0.251331
0.039783 0.074103 0.256120
0.043417 0.073413 0.254398
0.039172 0.075056 0.249748
0.040526 0.076894 0.252202
0.044381 0.073308 0.248415
0.043528 0.077234 0.246819
0.041232 0.073602 0.255148
0.040585 0.073839 0.255631
0.040139 0.070517 0.250120
0.042946 0.072478 0.250995
0.042480 0.069405 0.251493
0.041556 0.069271 0.251033
0.043463 0.077026 0.248158
0.039084 0.077702 0.254119
0.042472 0.074076 0.253854
0.037648 0.076256 0.256358
0.039224 0.077477 0.254007
0.042658 0.071929 0.250922
0.040589 0.069489 0.249210
0.039864 0.070691 0.250278
0.038875 0.075393 0.248861
0.040727 0.076682 0.252036
0.043969 0.073072 0.253875
0.040421 0.070321 0.250545
0.042615 0.074920 0.250068
0.043930 0.071523 0.252174
0.041202 0.069277 0.250877
0.040670 0.074132 0.252087
0.041907 0.075408 0.249991
0.044076 0.072778 0.252068
0.039901 0.076464 0.253414
0.040031 0.075165 0.256275
0.040754 0.073854 0.252709
0.043088 0.074470 0.250375
0.041498 0.075667 0.252206
0.040845 0.075242 0.254200
0.040331 0.076194 0.248395
0.042702 0.071510 0.251127
0.037406 0.076947 0.256042
0.040233 0.078021 0.247175
0.040504 0.076733 0.249760
0.040796 0.074875 0.244726
0.040279 0.073200 0.248646
0.040714 0.077277 0.251043
0.047491 0.069854 0.250512
0.046550 0.070800 0.249938
0.040945 0.076313 0.250035
0.043445 0.073768 0.251404
0.040939 0.075490 0.253525
0.046595 0.070196 0.251482
0.043388 0.072913 0.253639
0.039731 0.078546 0.251270
0.044894 0.072079 0.249674
0.042570 0.077655 0.246479
0.039542 0.076938 0.253646
0.040288 0.077138 0.251921
0.044731 0.068229 0.252264
0.040551 0.073981 0.252878
0.041058 0.073054 0.253982
0.041613 0.074424 0.254945
0.040951 0.076816 0.251321
0.040397 0.077732 0.250694
0.042775 0.072689 0.250835
0.039830 0.073963 0.253889
0.041035 0.075465 0.253089
0.043909 0.073402 0.249798
0.038786 0.076434 0.256214
0.040577 0.076504 0.247813
0.042482 0.077824 0.247395
0.041941 0.075379 0.251237
0.042739 0.077919 0.247106
0.043982 0.073347 0.250243
0.042149 0.073545 0.254646
0.039778 0.076349 0.254160
0.047441 0.069823 0.251132
0.042102 0.077673 0.247129
0.044838 0.071688 0.247986
0.041780 0.073870 0.254955
0.043545 0.076617 0.248205
0.042433 0.073184 0.251185
0.038466 0.077310 0.257354
0.040411 0.073985 0.250129
0.044091 0.073036 0.251336
0.042666 0.075248 0.248707
0.042264 0.074194 0.253974
0.047286 0.070188 0.251022
0.039761 0.075194 0.257231
0.040074 0.075226 0.255876
0.039988 0.074681 0.256514
0.042407 0.074677 0.248920
0.042413 0.075786 0.248321
0.040121 0.074489 0.256318
0.040951 0.070824 0.249218
0.045694 0.071188 0.249433
0.041957 0.077592 0.247104
0.042219 0.074620 0.253045
0.040445 0.073224 0.249816
0.042733 0.071046 0.251380
0.045104 0.068426 0.252335
0.041845 0.071180 0.250954
0.040114 0.077363 0.248363
0.046740 0.070598 0.250283
0.040561 0.069819 0.249906
0.039904 0.077122 0.252805
0.044592 0.069878 0.248429
0.042867 0.074606 0.249072
0.044522 0.072633 0.250217
0.040253 0.077680 0.251363
0.040778 0.073478 0.253343
0.040579 0.074628 0.255993
0.039937 0.076292 0.253781
0.040003 0.077041 0.249182
0.046660 0.070774 0.250186
0.043790 0.073640 0.250159
0.041364 0.075450 0.252759
0.041009 0.068832 0.250810
0.041573 0.077304 0.247611
0.042683 0.076816 0.248139
0.041352 0.070110 0.250872
0.040396 0.075311 0.254627
0.039802 0.075273 0.255458
0.041046 0.074716 0.254919
0.044537 0.075321 0.247534
0.041515 0.074058 0.255195
0.040746 0.076102 0.252813
0.039800 0.076411 0.254004
0.045440 0.071534 0.250547
0.040249 0.076887 0.249496
0.042599 0.074777 0.251247
0.042855 0.074725 0.250217
0.044156 0.073915 0.248417
0.038909 0.078020 0.254313
0.040564 0.075113 0.254890
0.041704 0.074181 0.254975
0.047109 0.070379 0.250246
0.039653 0.077725 0.252493
0.040269 0.074979 0.251483
0.040833 0.075598 0.253358
0.040263 0.076752 0.248135
0.038230 0.077348 0.251303
0.045845 0.070869 0.250715
0.039455 0.075627 0.255885
0.042173 0.073352 0.254599
0.038422 0.076093 0.256839
0.039881 0.074045 0.248811
0.041100 0.076123 0.252343
0.039662 0.078596 0.251655
0.040760 0.075538 0.253618
0.043975 0.073295 0.249711
0.040302 0.073145 0.249018
0.040390 0.069537 0.250458
0.039257 0.075519 0.257165
0.038865 0.074423 0.255924
0.041796 0.075553 0.251671
0.042519 0.077918 0.247048
0.041365 0.075033 0.253881
0.047410 0.070361 0.250060
0.043850 0.073898 0.249251
0.041658 0.072842 0.252699
0.042911 0.074116 0.252538
0.043065 0.074522 0.250076
0.038959 0.077796 0.255834
0.041599 0.075302 0.252714
0.039612 0.074243 0.250077
0.045091 0.071987 0.250634
0.037771 0.076420 0.254472
0.038607 0.076119 0.249340
0.040870 0.077872 0.246645
0.039696 0.075476 0.255363
0.040252 0.075141 0.255243
0.041349 0.074730 0.254831
0.046312 0.067779 0.250681
0.043506 0.068595 0.251361
0.040223 0.077397 0.251806
0.040311 0.069973 0.250243
0.041085 0.076539 0.251526
0.040595 0.073699 0.246477
0.045943 0.068839 0.249648
0.043243 0.075870 0.248679
0.039972 0.074314 0.250126
0.039867 0.078377 0.247219
0.040540 0.071447 0.249507
0.040814 0.075751 0.248173
0.044592 0.072451 0.248571
0.040504 0.071125 0.249718
0.038417 0.075758 0.247858
0.042645 0.072709 0.252083
0.043532 0.073408 0.253244
0.038631 0.077121 0.256701
0.039511 0.077354 0.253052
0.045187 0.071792 0.250457
0.040641 0.070754 0.249750
0.043494 0.073670 0.254037
0.039763 0.071131 0.250417
0.039722 0.070970 0.250279
0.046059 0.070922 0.250040
0.040125 0.077676 0.251960
0.040097 0.076880 0.248644
0.038714 0.075443 0.252470
0.042486 0.074893 0.251001
0.039658 0.075340 0.256837
0.041462 0.068087 0.250757
0.039932 0.075236 0.255649
0.040411 0.074560 0.256102
0.038423 0.076796 0.257455
0.048027 0.069112 0.251721
0.041909 0.072990 0.254290
0.042896 0.074582 0.250648
0.039077 0.075565 0.257004
0.038457 0.077117 0.257412
0.039626 0.078628 0.251431
0.043553 0.074501 0.249145
0.042364 0.074079 0.254108
0.038429 0.076497 0.256908
0.045078 0.071650 0.251341
0.040372 0.077933 0.246901
0.039008 0.078002 0.254521
0.039918 0.074410 0.256409
0.043112 0.075951 0.248645
0.044711 0.072541 0.249490
0.042480 0.077391 0.247719
0.041828 0.077543 0.247197
0.044176 0.076274 0.247719
0.039659 0.075697 0.255020
0.041034 0.075098 0.254458
0.039716 0.075585 0.255167
0.042942 0.073858 0.253322
0.039885 0.074193 0.248150
0.042612 0.077228 0.247901
0.044417 0.072441 0.251834
0.037467 0.076769 0.255794
0.043461 0.077535 0.247143
0.041675 0.077443 0.247381
0.038569 0.077471 0.256917
0.039945 0.075235 0.257096
0.038787 0.075824 0.257319
0.045363 0.070856 0.251733
0.039756 0.074253 0.248614
0.039933 0.076439 0.253144
0.040857 0.075185 0.254442
0.038461 0.076410 0.256720
0.044830 0.072356 0.250826
0.038168 0.077595 0.245770
0.042154 0.073883 0.254482
0.043472 0.073942 0.250448
0.042223 0.073418 0.251098
0.039889 0.077742 0.249416
0.039989 0.078112 0.250459
0.044666 0.072523 0.250920
0.041943 0.077465 0.247440
0.040349 0.076418 0.248709
0.046602 0.067570 0.251300
0.042655 0.074323 0.252997
0.046838 0.067623 0.250993
0.039123 0.077257 0.255921
0.041276 0.075683 0.249237
0.042630 0.074311 0.253236
0.041060 0.075111 0.254304
0.040071 0.074697 0.250182
0.042773 0.068547 0.251091
0.041823 0.075499 0.250374
0.040565 0.070702 0.250588
0.042163 0.072771 0.250428
0.039706 0.071246 0.250338
0.044653 0.068298 0.249888
0.041054 0.075797 0.249019
0.040080 0.078034 0.251399
0.044610 0.072461 0.250160
0.043112 0.074146 0.249230
0.042139 0.075219 0.251004
0.043537 0.073595 0.253596
0.043011 0.068391 0.250975
0.040815 0.075431 0.253837
0.039530 0.077892 0.252394
0.047784 0.068353 0.250639
0.039763 0.075545 0.257578
0.037274 0.076686 0.257523
0.037087 0.076641 0.254926
0.040560 0.076397 0.252763
0.041323 0.075570 0.248635
0.043469 0.074073 0.249982
0.043798 0.077182 0.247200
0.041959 0.075268 0.248052
0.046321 0.070192 0.251801
0.044089 0.073290 0.253729
0.042551 0.072415 0.250663
0.043403 0.074408 0.249279
0.039226 0.078219 0.252425
0.046336 0.070374 0.251457
0.039008 0.076345 0.258207
0.039043 0.077712 0.253735
0.041331 0.077121 0.247688
0.043881 0.073262 0.251300
0.043742 0.073421 0.251223
0.040311 0.073222 0.250007
0.039754 0.078534 0.250245
0.040870 0.076221 0.249756
0.040029 0.078241 0.247506
0.041017 0.075227 0.253949
0.039890 0.077595 0.252460
0.039508 0.077118 0.253252
0.040985 0.073818 0.250234
0.043863 0.069557 0.251758
0.042912 0.074311 0.252000
0.039278 0.076736 0.255414
0.040627 0.077409 0.250866
0.041904 0.072843 0.253920
0.041153 0.075877 0.252458
0.041772 0.070414 0.251198
0.042137 0.071791 0.250750
0.043239 0.074240 0.250531
0.040770 0.069412 0.248947
0.043821 0.072959 0.252207
0.039695 0.075544 0.257435
0.041280 0.073043 0.253239
0.040462 0.076949 0.252355
0.042149 0.074204 0.254111
0.042893 0.074048 0.252846
0.040397 0.075653 0.254159
0.043391 0.074631 0.249128
0.044395 0.072620 0.251582
0.038992 0.075269 0.246527
0.041026 0.075972 0.249849
0.042496 0.072922 0.251696
0.043059 0.074414 0.249493
0.040983 0.076466 0.251900
0.041391 0.077595 0.245961
0.043754 0.071441 0.252091
0.042309 0.072692 0.252830
0.043949 0.073680 0.249383
0.038202 0.075154 0.255589
0.040774 0.075334 0.254057
0.044207 0.068379 0.252007
0.043316 0.072371 0.252288
0.039899 0.074260 0.252915
0.042686 0.072572 0.250705
0.039036 0.078137 0.253421
0.046461 0.070545 0.249562
0.043127 0.068335 0.249308
0.047084 0.070231 0.250974
0.041083 0.075573 0.252865
0.038938 0.075895 0.251510
0.043944 0.072713 0.252269
0.048287 0.069089 0.251065
0.041991 0.075639 0.248047
0.041632 0.072641 0.250322
0.044122 0.072997 0.253631
0.039269 0.076864 0.255230
0.039839 0.075335 0.255905
0.041881 0.075443 0.251495
0.040935 0.076029 0.247859
0.038435 0.075076 0.254904
0.038960 0.077669 0.256265
0.038972 0.076641 0.258277
0.043287 0.073947 0.251641
0.039621 0.075811 0.254898
0.044603 0.072397 0.251518
0.040407 0.075903 0.247904
0.041800 0.069340 0.251137
0.040797 0.073371 0.250009
0.042027 0.074375 0.253939
0.037709 0.076786 0.246946
0.043883 0.074038 0.248784
0.043562 0.077565 0.247652
0.041253 0.075624 0.248917
0.044793 0.072201 0.251400
0.039040 0.077010 0.256077
0.041173 0.071991 0.248072
0.043366 0.074038 0.250577
0.042598 0.074232 0.253442
0.045913 0.070701 0.251311
0.039020 0.077793 0.254314
0.043592 0.077525 0.247366
0.038438 0.076335 0.257831
0.039282 0.077317 0.254060
0.043763 0.072978 0.253897
0.037676 0.076523 0.256028
0.038405 0.076214 0.257181
0.046026 0.067564 0.251275
0.040273 0.078085 0.250955
0.046173 0.070834 0.249688
0.039273 0.076660 0.254557
0.037112 0.076746 0.254799
0.038709 0.076833 0.256478
0.046242 0.070485 0.250869
0.043679 0.073795 0.250144
0.044758 0.072299 0.250172
0.041037 0.073146 0.254309
0.040198 0.075295 0.255052
0.039669 0.078748 0.247842
0.042667 0.075888 0.248537
0.037477 0.076565 0.255393
0.038950 0.078079 0.253766
0.040977 0.069164 0.248430
0.039336 0.075677 0.255570
0.039337 0.077275 0.255265
0.042006 0.077620 0.245978
0.038885 0.076407 0.256053
0.038510 0.077099 0.257085
0.042835 0.076355 0.248424
0.040178 0.073959 0.253212
0.044053 0.076714 0.247335
0.039130 0.077529 0.254271
0.042074 0.074613 0.253243
0.046107 0.070541 0.251059
0.042132 0.074483 0.253377
0.044950 0.072106 0.249298
0.043834 0.072443 0.252339
0.046172 0.070503 0.251428
0.039152 0.077292 0.254468
0.040793 0.069956 0.249304
0.043131 0.073891 0.252421
0.040201 0.074946 0.250914
0.038399 0.074946 0.255628
0.039797 0.077747 0.252435
0.038520 0.076079 0.257143
0.044417 0.072727 0.250833
0.043497 0.074065 0.249626
0.042171 0.074981 0.252340
0.042237 0.073969 0.254327
0.043494 0.069315 0.251584
0.040010 0.073844 0.255778
0.044141 0.076446 0.247256
0.039598 0.074540 0.256632
0.039469 0.076447 0.254503
0.042894 0.074262 0.252158
0.040536 0.074205 0.252340
0.043432 0.077175 0.248094
0.045031 0.071887 0.249562
0.043747 0.073642 0.250390
0.039224 0.076793 0.254614
0.038474 0.076287 0.257487
0.040918 0.075557 0.253271
0.043285 0.073719 0.252324
0.043143 0.072773 0.252606
0.041036 0.076450 0.251741
0.042958 0.072566 0.252235
0.041393 0.073935 0.250660
0.040741 0.077077 0.250607
0.038916 0.076253 0.255820
0.038482 0.077340 0.257188
0.042355 0.075059 0.250298
0.042811 0.074146 0.252798
0.043006 0.077655 0.247728
0.047364 0.070083 0.250286
0.041731 0.075597 0.250529
0.039086 0.075586 0.257440
0.042961 0.076851 0.248231
0.043035 0.074383 0.250980
0.045410 0.071035 0.251451
0.047888 0.068143 0.251175
0.040256 0.073323 0.249948
0.042694 0.074507 0.252087
0.039215 0.077176 0.255561
0.042602 0.077053 0.245251
0.042484 0.074858 0.251536
0.040056 0.077481 0.249820
0.040495 0.072686 0.249496
0.047875 0.069391 0.251845
0.043720 0.073159 0.252047
0.046706 0.070132 0.251434
0.040996 0.075781 0.248026
0.043802 0.073304 0.251545
0.046724 0.070287 0.250536
0.041974 0.074288 0.254261
0.042615 0.074719 0.249175
0.041738 0.072936 0.252402
0.042042 0.077057 0.247892
0.042235 0.076504 0.248136
0.039456 0.076093 0.254925
0.039922 0.078097 0.251781
0.041678 0.075509 0.247959
0.039344 0.076673 0.254432
0.040078 0.076197 0.253161
0.040038 0.076110 0.253993
0.041945 0.073343 0.251514
0.044111 0.072859 0.251895
0.039896 0.078230 0.251544
0.046871 0.070310 0.250419
0.041733 0.075430 0.252197
0.041016 0.075885 0.249665
0.039125 0.076133 0.258123
0.042154 0.075083 0.252124
0.041943 0.073153 0.254573
0.042120 0.074380 0.253591
0.039350 0.077304 0.255015
0.041467 0.075305 0.252945
0.040661 0.069388 0.249024
0.041854 0.077062 0.245008
0.040340 0.074135 0.252690
0.043643 0.068327 0.250222
0.041696 0.075430 0.249069
0.043010 0.073396 0.254670
0.040715 0.073391 0.253573
0.044595 0.072235 0.251706
0.045004 0.071306 0.251747
0.043058 0.073772 0.253010
0.040488 0.074494 0.251934
0.041088 0.070296 0.250721
0.039239 0.076405 0.255454
0.042604 0.077472 0.247693
0.046051 0.067638 0.250917
0.044179 0.073154 0.253791
0.040297 0.070820 0.249916
0.041715 0.073046 0.250261
0.040978 0.069877 0.250740
0.040423 0.075143 0.255085
0.041467 0.075986 0.251628
0.038732 0.075988 0.256601
0.041442 0.075526 0.248853
0.047884 0.069505 0.251185
0.042892 0.072689 0.251732
0.043886 0.073202 0.251555
0.042042 0.075140 0.248639
0.044498 0.071713 0.251938
0.038602 0.076636 0.249583
0.041085 0.073452 0.252247
0.040051 0.073936 0.248380
0.041135 0.075694 0.248039
0.044411 0.072259 0.251963
0.039991 0.076808 0.252935
0.041433 0.068804 0.251022
0.044345 0.072959 0.249914
0.040803 0.069218 0.250753
0.037801 0.075701 0.256048
0.039282 0.075806 0.255801
0.043068 0.074426 0.250684
0.044571 0.068102 0.250392
0.042778 0.072421 0.250802
0.044462 0.075701 0.246577
0.041003 0.074231 0.255613
0.040322 0.075803 0.253870
0.042158 0.075215 0.250801
0.045530 0.071465 0.250013
0.043853 0.073456 0.250417
0.041367 0.073226 0.252262
0.042634 0.077721 0.247534
0.043370 0.074121 0.250294
0.047523 0.069850 0.250161
0.039803 0.075402 0.250851
0.047310 0.069884 0.251228
0.041700 0.077676 0.246879
0.041008 0.074529 0.255582
0.040941 0.076563 0.244948
0.040587 0.076878 0.251513
0.042838 0.076110 0.248543
0.039400 0.075588 0.256089
0.040684 0.076569 0.252538
0.045081 0.071413 0.251592
0.039814 0.075627 0.254815
0.041544 0.074553 0.254734
0.041285 0.075613 0.248136
0.043100 0.074058 0.252041
0.039037 0.078264 0.253034
0.041403 0.075542 0.248427
0.039306 0.074136 0.254832
0.045863 0.071044 0.250208
0.040633 0.077891 0.246756
0.040736 0.073511 0.255077
0.048166 0.068250 0.250939
0.040383 0.077900 0.250879
0.043252 0.071689 0.251405
0.043411 0.068335 0.250759
0.048010 0.068645 0.251479
0.044426 0.070184 0.252010
0.041721 0.074325 0.254692
0.042328 0.076792 0.248064
0.048278 0.068572 0.250887
0.043283 0.072595 0.252444
0.040670 0.074330 0.250346
0.041289 0.074000 0.251186
0.043570 0.069583 0.251625
0.041849 0.077426 0.247462
0.042948 0.073999 0.253106
0.040600 0.074980 0.255192
0.040370 0.075528 0.254358
0.039961 0.078355 0.251156
0.044383 0.072791 0.248800
0.042378 0.077125 0.247904
0.041146 0.076237 0.252063
0.043073 0.069429 0.251607
0.039285 0.075940 0.255475
0.041994 0.075366 0.250702
0.044303 0.072741 0.248926
0.046076 0.070707 0.250595
0.042008 0.075299 0.249387
0.040311 0.076214 0.245196
0.043185 0.073766 0.252617
0.041483 0.075498 0.252478
0.038641 0.077744 0.256748
0.041647 0.074403 0.254624
0.041163 0.075822 0.249914
0.043081 0.072598 0.251373
0.044231 0.068153 0.250703
0.039285 0.076544 0.254801
0.040795 0.076302 0.252654
0.041271 0.075601 0.248763
0.041161 0.077288 0.247587
0.045709 0.070600 0.251758
0.040037 0.075437 0.254922
0.039691 0.077440 0.252723
0.042067 0.077750 0.246967
0.043903 0.073464 0.250243
0.042344 0.075019 0.251112
0.043120 0.073349 0.254536
0.039493 0.077511 0.252885
0.040379 0.076890 0.249752
0.040253 0.077516 0.251493
0.047305 0.070055 0.251096
0.039034 0.076629 0.255728
0.039222 0.075555 0.256595
0.040307 0.075939 0.248288
0.043741 0.073708 0.250260
0.043991 0.073919 0.248613
0.039610 0.075594 0.250948
0.040455 0.075719 0.253296
0.044379 0.073784 0.248229
0.038823 0.077327 0.245850
0.040389 0.076541 0.249086
0.041082 0.076901 0.247721
0.042868 0.068832 0.251291
0.042180 0.075195 0.250584
0.047625 0.069703 0.250854
0.047726 0.069576 0.251826
0.044953 0.071978 0.251326
0.041321 0.077708 0.246982
0.045077 0.067788 0.251298
0.040536 0.074171 0.255891
0.041774 0.071988 0.250558
0.043229 0.077568 0.246972
0.039836 0.076668 0.253163
0.043768 0.073698 0.249884
0.044334 0.072834 0.251069
0.039375 0.074982 0.249974
0.042050 0.070526 0.251341
0.041342 0.074821 0.254592
0.046026 0.070832 0.250244
0.043204 0.069679 0.251661
0.043004 0.077487 0.247920
0.040223 0.069071 0.250462
0.040184 0.074935 0.255489
0.041868 0.077325 0.247665
0.042659 0.074371 0.252638
0.040258 0.073940 0.255851
0.040976 0.076841 0.250731
0.040343 0.077462 0.251354
0.045034 0.068024 0.250411
0.045828 0.068774 0.252166
0.040449 0.077493 0.247783
0.044590 0.068517 0.252452
0.046227 0.067691 0.251635
0.043705 0.073449 0.251399
0.039638 0.076368 0.254353
0.046882 0.069887 0.251830
0.044520 0.072656 0.251097
0.046642 0.070070 0.251712
0.042188 0.075186 0.249546
0.047817 0.068012 0.250924
0.042038 0.077585 0.247197
0.040228 0.074989 0.255397
0.044148 0.075515 0.247980
0.042389 0.076148 0.248262
0.043289 0.074274 0.250053
0.040728 0.073160 0.249877
0.042197 0.075154 0.248345
0.044325 0.072814 0.251274
0.039993 0.070493 0.250398
0.040896 0.076345 0.252454
0.040501 0.076581 0.249531
0.040169 0.078103 0.251234
0.039327 0.074707 0.249921
0.041075 0.074101 0.250388
0.038129 0.075530 0.254809
0.038976 0.075543 0.249575
0.042024 0.075352 0.248058
0.046937 0.069237 0.249950
0.042884 0.075730 0.248694
0.040088 0.075476 0.254722
0.044255 0.072708 0.251812
0.042899 0.073172 0.254124
0.044056 0.073580 0.249129
0.039413 0.074393 0.249374
0.041483 0.073217 0.250195
0.043219 0.070363 0.247990
0.038533 0.076229 0.257653
0.042870 0.074667 0.249587
0.041215 0.071015 0.248735
0.039327 0.074075 0.255535
0.038700 0.076547 0.250853
0.039565 0.074190 0.249858
0.042687 0.074819 0.249537
0.042201 0.075131 0.251762
0.039043 0.075493 0.257614
0.042938 0.073289 0.254381
0.040488 0.076697 0.252593
0.043525 0.071009 0.251923
0.039549 0.073953 0.254858
0.038530 0.076060 0.246185
0.040885 0.075626 0.253047
0.039586 0.075476 0.251309
0.039267 0.075550 0.256391
0.043234 0.072269 0.251484
0.045248 0.071126 0.251570
0.043150 0.074756 0.249044
0.040344 0.076704 0.249330
0.041929 0.069783 0.251243
0.039362 0.074617 0.248976
0.038614 0.076044 0.257432
0.042704 0.074713 0.251157
0.042799 0.076930 0.245274
0.042262 0.069572 0.251410
0.043873 0.073506 0.254000
0.040288 0.075123 0.255890
0.044175 0.072983 0.251146
0.039799 0.076645 0.253355
0.045181 0.068166 0.252242
0.038299 0.076481 0.257862
0.041145 0.074821 0.254832
0.040142 0.077321 0.252372
0.043228 0.068936 0.251465
0.039610 0.076871 0.253291
0.046430 0.069988 0.251912
0.040989 0.076868 0.251166
0.039315 0.074102 0.255226
0.043033 0.075419 0.248833
0.038365 0.077410 0.257738
0.046798 0.067846 0.250657
0.040191 0.073521 0.249334
0.041384 0.077835 0.246381
0.043145 0.073624 0.253048
0.043461 0.073527 0.252114
0.041776 0.068359 0.251002
0.038919 0.078002 0.255683
0.044670 0.072416 0.250076
0.040878 0.077852 0.246924
0.039981 0.077086 0.248920
0.042862 0.072203 0.250931
0.047292 0.070499 0.249983
0.038950 0.075727 0.256754
0.041606 0.075727 0.250385
0.040392 0.073031 0.249390
0.043303 0.076895 0.246040
0.044531 0.072842 0.248399
0.047092 0.068184 0.250455
0.041643 0.075468 0.248078
0.039030 0.075871 0.255977
0.040997 0.071622 0.250496
0.041775 0.075087 0.252803
0.046864 0.070252 0.250701
0.041291 0.073106 0.254484
0.042368 0.074392 0.253335
0.039068 0.074497 0.254036
0.039777 0.078599 0.250796
0.037597 0.076791 0.256021
0.046607 0.070808 0.250065
0.039684 0.074684 0.250122
0.040145 0.078259 0.251031
0.041733 0.075371 0.248154
0.039293 0.074247 0.254315
0.042552 0.076997 0.247997
0.040612 0.076772 0.252345
0.042600 0.074658 0.248961
0.043217 0.068672 0.251297
0.038827 0.074746 0.254190
0.042963 0.077821 0.247160
0.041383 0.069778 0.248799
0.040842 0.075944 0.248884
0.043978 0.076871 0.247541
0.041885 0.073697 0.250742
0.041336 0.076249 0.251536
0.039374 0.078031 0.252393
0.040227 0.074989 0.255603
0.041730 0.074677 0.253981
0.043362 0.073532 0.252443
0.044536 0.075536 0.246272
0.040053 0.077144 0.249429
0.042269 0.074875 0.248817
0.040361 0.077797 0.251147
0.043981 0.070137 0.251965
0.046045 0.069618 0.252068
0.038250 0.077897 0.249487
0.041886 0.077426 0.247436
0.045280 0.071752 0.250676
0.039778 0.075223 0.256604
0.040914 0.068282 0.250889
0.044036 0.073775 0.248690
0.048174 0.069247 0.251273
0.040303 0.070155 0.250430
0.039203 0.074912 0.248868
0.039068 0.076090 0.255770
0.039253 0.074677 0.249282
0.042328 0.075011 0.251610
0.042627 0.073022 0.250825
0.042296 0.075070 0.250944
0.047030 0.067988 0.251544
0.039210 0.077429 0.254136
0.044988 0.071682 0.251471
0.039636 0.078922 0.249196
0.043010 0.074257 0.249174
0.047399 0.069936 0.250846
0.042173 0.074389 0.253464
0.038951 0.076527 0.255818
0.040810 0.070950 0.249496
0.041830 0.074635 0.253696
0.039208 0.075893 0.251003
0.041554 0.075011 0.253651
0.043349 0.071716 0.251604
0.040419 0.069114 0.250578
0.040947 0.074827 0.255283
0.039728 0.074198 0.248749
0.041372 0.075155 0.253636
0.044305 0.076014 0.246933
0.040506 0.076513 0.249352
0.042054 0.077454 0.247542
0.043027 0.074060 0.252248
0.046720 0.070218 0.251202
0.043232 0.073001 0.253230
0.041459 0.075531 0.249165
0.042210 0.072950 0.254089
0.041470 0.074577 0.254987
0.043131 0.072972 0.252847
0.041720 0.075447 0.249363
0.040865 0.077564 0.247479
0.047915 0.069492 0.251546
0.043958 0.073165 0.251072
0.044765 0.074376 0.247527
0.040069 0.076933 0.252809
0.042579 0.077046 0.245169
0.038340 0.076251 0.257128
0.043813 0.073019 0.253302
0.042480 0.075010 0.249707
0.041402 0.075784 0.247913
0.040155 0.074755 0.256361
0.042055 0.075294 0.250317
0.039737 0.078502 0.251080
0.038443 0.075151 0.254533
0.043200 0.077088 0.248175
0.040954 0.076418 0.252095
0.038716 0.075050 0.252943
0.042586 0.073994 0.254025
0.043231 0.073692 0.253581
0.043948 0.073839 0.248953
0.040053 0.077645 0.252235
0.040166 0.073717 0.255562
0.047864 0.069429 0.250626
0.043293 0.068508 0.251207
0.040792 0.076113 0.249282
0.042351 0.077661 0.247507
