-0.004939 0.020954 0.073870
-0.010411 0.019948 0.074615
-0.011512 0.018360 0.069820
-0.012578 0.018548 0.069850
-0.011251 0.020621 0.069786
-0.002764 0.024434 0.076181
-0.002212 0.020798 0.075472
-0.005459 0.016847 0.073423
-0.012434 0.024023 0.069399
-0.004597 0.024637 0.073620
-0.009655 0.027861 0.074531
-0.004598 0.025820 0.073392
-0.003753 0.024805 0.075425
-0.001993 0.023132 0.076070
-0.005166 0.023861 0.073374
-0.013821 0.023231 0.069858
-0.011110 0.025843 0.069258
-0.002988 0.020200 0.075235
-0.012516 0.026700 0.068782
-0.004293 0.017987 0.073935
-0.012562 0.026350 0.068855
-0.012971 0.025220 0.069166
-0.004688 0.024274 0.073716
-0.015201 0.020328 0.070649
-0.010168 0.014709 0.074153
-0.002101 0.020547 0.075446
-0.004781 0.025816 0.073248
-0.006881 0.016131 0.073551
-0.001990 0.020915 0.075574
-0.014044 0.018783 0.070290
-0.001834 0.022952 0.076131
-0.004271 0.026701 0.073170
-0.003618 0.018778 0.074304
-0.011273 0.021832 0.069649
-0.004934 0.024504 0.073456
-0.004652 0.026079 0.073200
-0.006517 0.017014 0.073693
-0.005464 0.022603 0.073553
-0.009572 0.028111 0.074589
-0.002002 0.020377 0.075409
-0.005828 0.016804 0.073381
-0.011606 0.019566 0.069744
-0.003774 0.017705 0.073950
-0.014424 0.022016 0.070298
-0.006907 0.027886 0.074899
-0.013298 0.018882 0.070016
-0.002301 0.019773 0.075215
-0.010329 0.016750 0.074586
-0.009604 0.014459 0.074069
-0.010403 0.020296 0.074671
-0.003510 0.017980 0.074063
-0.009161 0.026326 0.075191
-0.011606 0.018211 0.069959
-0.007828 0.028385 0.075150
-0.014021 0.022627 0.070029
-0.004384 0.026177 0.073432
-0.008518 0.027335 0.075114
-0.009510 0.027285 0.074836
-0.013463 0.023927 0.069624
-0.012300 0.018237 0.069787
-0.004763 0.024873 0.073367
-0.002318 0.019192 0.075061
-0.013920 0.023637 0.069797
-0.003308 0.024480 0.075793
-0.004807 0.023597 0.073708
-0.011786 0.017844 0.070073
-0.012787 0.024923 0.069201
-0.001396 0.021725 0.075740
-0.003011 0.018797 0.074548
-0.011095 0.023830 0.069443
-0.004517 0.017441 0.073682
-0.004936 0.025607 0.073433
-0.015199 0.020673 0.070635
-0.005054 0.026110 0.073228
-0.004207 0.021905 0.074774
-0.006126 0.017078 0.073546
-0.010445 0.022588 0.074638
-0.012563 0.025984 0.068935
-0.011729 0.019512 0.069697
-0.011128 0.025045 0.069297
-0.014604 0.020361 0.070436
-0.004610 0.025369 0.073468
-0.007819 0.022425 0.075306
-0.002530 0.023736 0.076047
-0.009387 0.026377 0.075037
-0.012627 0.025306 0.069107
-0.004817 0.017626 0.073711
-0.013420 0.024606 0.069439
-0.011109 0.020783 0.069868
-0.010548 0.021116 0.074566
-0.003155 0.024538 0.075903
-0.011573 0.018472 0.069724
-0.014213 0.018943 0.070367
-0.011080 0.022771 0.069614
-0.009391 0.026643 0.075048
-0.011668 0.023369 0.069398
-0.011009 0.022616 0.069668
-0.002739 0.023993 0.076080
-0.004208 0.021700 0.074775
-0.014948 0.019336 0.070548
-0.008090 0.028417 0.075088
-0.004316 0.026986 0.073016
-0.011353 0.025094 0.069196
-0.010404 0.017573 0.074547
-0.014660 0.020998 0.070480
-0.011863 0.027046 0.068725
-0.011614 0.021740 0.069638
-0.001800 0.021912 0.075747
-0.011511 0.018804 0.069816
-0.011760 0.023041 0.069447
-0.001609 0.022808 0.076171
-0.011986 0.017591 0.070107
-0.005000 0.023563 0.073350
-0.005431 0.027350 0.073462
-0.015137 0.019125 0.070639
-0.006492 0.027927 0.074690
-0.014757 0.021539 0.070475
-0.014240 0.019278 0.070392
-0.014787 0.021886 0.070456
-0.006999 0.016776 0.073798
-0.013019 0.025431 0.069131
-0.004176 0.027005 0.073278
-0.012596 0.025654 0.069018
-0.014589 0.019227 0.070468
-0.011111 0.023454 0.069488
-0.004272 0.017591 0.073799
-0.004889 0.024723 0.073323
-0.011851 0.021489 0.069684
-0.013097 0.024366 0.069430
-0.011532 0.022065 0.069615
-0.001761 0.021104 0.075666
-0.004365 0.024926 0.073868
-0.001901 0.019856 0.075267
-0.004486 0.025743 0.073619
-0.013534 0.023561 0.069715
-0.001498 0.022993 0.076296
-0.001719 0.023291 0.076307
-0.001725 0.021483 0.075711
-0.012819 0.018490 0.069903
-0.003740 0.023529 0.075171
-0.001955 0.019158 0.075082
-0.003995 0.017923 0.073980
-0.003226 0.018128 0.074179
-0.008653 0.028331 0.074997
-0.011831 0.017444 0.070252
-0.002127 0.018809 0.074948
-0.011748 0.018699 0.069701
-0.007484 0.016049 0.073757
-0.011346 0.026873 0.068825
-0.010013 0.025589 0.074786
-0.011610 0.026821 0.068786
-0.008162 0.022330 0.075414
-0.006535 0.016340 0.073503
-0.004328 0.021889 0.074579
-0.011301 0.020033 0.069964
-0.006700 0.017008 0.073778
-0.001835 0.020162 0.075336
-0.010627 0.020226 0.074486
-0.012366 0.027209 0.068683
-0.001469 0.022426 0.075972
-0.005177 0.023220 0.073311
-0.004485 0.017780 0.073804
-0.009265 0.026225 0.075120
-0.003073 0.018388 0.074363
-0.014888 0.020388 0.070522
-0.011133 0.026555 0.069217
-0.012708 0.023611 0.069527
-0.003645 0.023239 0.075246
-0.013519 0.018684 0.070091
-0.013160 0.024948 0.069274
-0.010293 0.023930 0.074728
-0.006979 0.028250 0.074997
-0.013207 0.018439 0.069978
-0.013107 0.018548 0.069959
-0.005753 0.017067 0.073406
-0.003430 0.018402 0.074205
-0.014493 0.021722 0.070362
-0.004671 0.020654 0.074067
-0.014075 0.023378 0.069895
-0.011475 0.018529 0.069780
-0.006571 0.028209 0.074729
-0.004118 0.022749 0.074922
-0.009906 0.025041 0.074911
-0.004795 0.022737 0.073832
-0.009857 0.014502 0.074075
-0.005727 0.017296 0.073509
-0.003750 0.022305 0.075058
-0.002184 0.023539 0.076099
-0.015120 0.019449 0.070580
-0.001895 0.023422 0.076197
-0.011187 0.026197 0.069204
-0.004314 0.018662 0.074099
-0.011394 0.025403 0.069123
-0.002918 0.020531 0.075358
-0.009321 0.027140 0.074934
-0.007089 0.016346 0.073701
-0.004668 0.023897 0.073924
-0.005075 0.017046 0.073536
-0.014545 0.022363 0.070298
-0.009022 0.028419 0.074886
-0.002607 0.024089 0.076146
-0.005894 0.024416 0.074094
-0.011313 0.024733 0.069242
-0.011522 0.027106 0.068709
-0.011398 0.019765 0.069930
-0.001707 0.023012 0.076225
-0.014865 0.020775 0.070525
-0.011780 0.021011 0.069685
-0.010744 0.020306 0.074364
-0.007310 0.028110 0.075137
-0.013767 0.023918 0.069686
-0.002972 0.024124 0.075919
-0.011118 0.020535 0.069943
-0.012087 0.020841 0.069702
-0.003000 0.024828 0.075996
-0.002322 0.023971 0.076190
-0.009596 0.026434 0.074937
-0.011501 0.019218 0.069834
-0.012560 0.018038 0.069813
-0.006153 0.016612 0.073440
-0.003134 0.024368 0.075895
-0.002311 0.022473 0.075778
-0.013400 0.024249 0.069533
-0.008339 0.028280 0.075068
-0.002751 0.023619 0.075917
-0.002842 0.023930 0.075997
-0.003070 0.020634 0.075312
-0.014361 0.022801 0.070130
-0.014788 0.021225 0.070482
-0.002542 0.018772 0.074891
-0.010300 0.026437 0.074371
-0.001824 0.023246 0.076224
-0.001839 0.020727 0.075558
-0.008948 0.028050 0.074949
-0.004725 0.022314 0.074049
-0.011230 0.025675 0.069123
-0.009616 0.027596 0.074665
-0.005164 0.022806 0.073461
-0.006147 0.026716 0.074402
-0.007053 0.015839 0.073538
-0.012398 0.023691 0.069463
-0.014330 0.022588 0.070167
-0.011047 0.024812 0.069348
-0.003957 0.023430 0.075096
-0.013022 0.024659 0.069330
-0.007250 0.015863 0.073633
-0.002970 0.024518 0.076018
-0.003928 0.022004 0.074922
-0.009767 0.014756 0.074203
-0.002735 0.021632 0.075382
-0.011840 0.022303 0.069581
-0.002849 0.024199 0.076075
-0.004869 0.022904 0.073781
-0.002810 0.018776 0.074765
-0.006679 0.016830 0.073724
-0.014329 0.021668 0.070303
-0.005459 0.023081 0.073496
-0.012833 0.023265 0.069620
-0.014854 0.019009 0.070548
-0.004829 0.017270 0.073621
-0.014240 0.022294 0.070179
-0.011484 0.018487 0.069957
-0.012896 0.025871 0.068978
-0.002505 0.019564 0.075096
-0.005141 0.021133 0.073674
-0.005125 0.017425 0.073587
-0.009480 0.026167 0.075003
-0.002076 0.019474 0.075149
-0.002019 0.021576 0.075651
-0.013337 0.025065 0.069291
-0.007527 0.028406 0.075162
-0.004775 0.021696 0.074013
-0.001545 0.022115 0.075827
-0.009379 0.028352 0.074729
-0.011116 0.026916 0.069163
-0.002569 0.018456 0.074765
-0.011240 0.027031 0.068846
-0.013921 0.018648 0.070206
-0.010572 0.017582 0.074371
-0.012929 0.018892 0.069944
-0.005644 0.017695 0.073598
-0.011005 0.023622 0.069568
-0.006530 0.016684 0.073610
-0.014685 0.020752 0.070490
-0.004989 0.018399 0.073805
-0.012215 0.026901 0.068750
-0.004130 0.022315 0.074871
-0.015503 0.019349 0.070699
-0.012871 0.025559 0.069065
-0.005270 0.023502 0.073304
-0.014451 0.021406 0.070371
-0.002874 0.018452 0.074610
-0.004194 0.023481 0.074933
-0.009689 0.027076 0.074780
-0.003390 0.019143 0.074456
-0.005080 0.024981 0.073485
