0.076406 -0.012466 0.265882
0.070180 -0.007788 0.269899
0.073775 -0.011760 0.267208
0.079456 -0.005677 0.268537
0.077289 -0.005880 0.270408
0.075438 -0.007115 0.270598
0.081102 -0.009519 0.263666
0.078547 -0.011308 0.264857
0.079984 -0.004709 0.270024
0.075837 -0.012678 0.264767
0.076802 -0.005883 0.267547
0.077292 -0.008348 0.265515
0.073509 -0.010854 0.267966
0.076219 -0.007384 0.269157
0.076626 -0.008644 0.267409
0.069323 -0.009501 0.269437
0.075649 -0.011254 0.266664
0.075597 -0.008133 0.268987
0.075435 -0.013097 0.265482
0.074057 -0.012527 0.265614
0.077202 -0.012838 0.265109
0.073426 -0.008436 0.269999
0.078201 -0.007863 0.266849
0.076509 -0.006743 0.267127
0.072874 -0.011828 0.266204
0.077719 -0.007652 0.267542
0.073883 -0.011136 0.267585
0.079310 -0.004953 0.269457
0.080728 -0.010148 0.263489
0.077341 -0.010011 0.266045
0.073688 -0.007506 0.270916
0.081258 -0.011298 0.262035
0.077934 -0.012008 0.264983
0.078527 -0.006432 0.268404
0.071949 -0.008946 0.270264
0.077723 -0.005888 0.269906
0.079306 -0.008183 0.265835
0.079574 -0.011237 0.263826
0.071347 -0.010319 0.269189
0.077169 -0.009814 0.266234
0.073996 -0.012903 0.266216
0.073034 -0.011782 0.267499
0.076973 -0.006996 0.269006
0.073370 -0.009551 0.269014
0.079639 -0.010853 0.262790
0.080284 -0.007577 0.265581
0.069845 -0.009248 0.270011
0.069194 -0.010961 0.268218
0.078891 -0.011257 0.264674
0.074617 -0.010890 0.267415
0.080673 -0.006262 0.266400
0.070909 -0.011904 0.266959
0.080124 -0.008919 0.264677
0.072186 -0.008485 0.270469
0.080201 -0.004694 0.269750
0.077640 -0.012900 0.264266
0.070860 -0.010693 0.268939
0.070288 -0.010749 0.269063
0.074370 -0.008221 0.269760
0.078552 -0.007642 0.267119
0.076472 -0.008193 0.267938
0.078494 -0.012209 0.263900
0.076512 -0.009684 0.266779
0.075276 -0.012628 0.266198
0.074643 -0.009817 0.268057
0.079163 -0.011362 0.264113
0.070844 -0.008371 0.270447
0.079172 -0.006802 0.267330
0.076833 -0.006735 0.266829
0.071360 -0.008390 0.270496
0.071983 -0.011954 0.267758
0.074938 -0.008712 0.268948
0.075633 -0.006452 0.271013
0.075656 -0.007823 0.269531
0.080029 -0.011521 0.262868
0.073658 -0.012876 0.266083
0.079856 -0.007202 0.266350
0.071021 -0.011843 0.268182
0.079728 -0.005040 0.268822
0.080205 -0.011547 0.262902
0.079331 -0.005824 0.268384
0.082004 -0.010894 0.262370
0.070205 -0.008739 0.270292
0.078350 -0.011876 0.264607
0.076896 -0.006480 0.270021
0.077169 -0.009814 0.266234
0.070374 -0.011587 0.267773
0.081118 -0.011356 0.262871
0.081021 -0.010440 0.263250
0.075598 -0.010442 0.267139
0.073759 -0.009787 0.268493
0.077061 -0.013139 0.264700
0.077251 -0.005793 0.267015
0.077818 -0.008333 0.265051
0.080066 -0.007295 0.266113
0.070521 -0.009678 0.270002
0.079561 -0.005206 0.268830
0.076901 -0.005904 0.270861
0.073853 -0.009142 0.267347
0.079839 -0.009940 0.264481
0.078655 -0.005381 0.270210
0.075676 -0.010189 0.267225
0.069387 -0.010543 0.269498
0.081081 -0.008454 0.264350
0.075782 -0.010562 0.266890
0.076125 -0.008442 0.267780
0.069569 -0.009451 0.269725
0.078588 -0.005297 0.270519
0.078629 -0.011742 0.264487
0.078890 -0.011667 0.263522
0.078249 -0.006102 0.268971
0.074855 -0.007857 0.267651
0.068929 -0.010911 0.268658
0.072086 -0.012358 0.267043
0.077156 -0.006420 0.269712
0.074718 -0.007318 0.271079
0.072150 -0.009179 0.270087
0.069936 -0.011473 0.268611
0.076767 -0.011703 0.265944
0.075629 -0.006505 0.271090
0.071028 -0.010451 0.269014
0.077876 -0.005631 0.270312
0.078694 -0.007578 0.267040
0.078252 -0.005481 0.269731
0.068812 -0.010832 0.268408
0.070090 -0.008444 0.270188
0.078262 -0.009139 0.265579
0.080969 -0.011078 0.261990
0.071052 -0.009884 0.269755
0.074320 -0.009228 0.268778
0.076552 -0.007387 0.268785
0.075433 -0.009616 0.267695
0.070110 -0.009328 0.270237
0.072617 -0.009294 0.269648
0.074754 -0.006463 0.270643
0.080545 -0.003947 0.270303
0.075615 -0.012200 0.266453
0.072728 -0.008967 0.269835
0.074181 -0.011247 0.267334
0.081417 -0.009873 0.263253
0.078175 -0.012319 0.264334
0.076384 -0.008407 0.267721
0.079028 -0.004972 0.269722
0.075685 -0.008012 0.269116
0.074475 -0.007970 0.270023
0.073954 -0.009584 0.268641
0.076425 -0.007377 0.268934
0.080034 -0.004943 0.268731
0.079976 -0.004694 0.269242
0.077240 -0.005587 0.267223
0.073195 -0.008832 0.269891
0.073142 -0.011274 0.267939
0.077162 -0.008083 0.267622
0.074106 -0.011577 0.267201
0.080646 -0.011509 0.262693
0.080262 -0.004418 0.270139
0.070889 -0.009663 0.269973
0.075598 -0.010442 0.267139
0.072084 -0.012385 0.267304
0.079342 -0.008307 0.265588
0.068952 -0.010948 0.268394
0.073974 -0.007511 0.270999
0.076739 -0.008349 0.267650
0.077320 -0.013025 0.264297
0.077010 -0.005671 0.271134
0.076122 -0.012837 0.265770
0.068861 -0.010547 0.269157
0.075304 -0.006217 0.268741
0.072939 -0.008908 0.269892
0.073026 -0.011436 0.267855
0.074964 -0.007283 0.270488
0.078123 -0.005484 0.270067
0.079660 -0.006136 0.267330
0.075638 -0.013025 0.265725
0.070622 -0.011163 0.268630
0.078774 -0.011773 0.263913
0.074094 -0.012238 0.266891
0.078527 -0.006432 0.268404
0.073153 -0.007906 0.270864
0.077159 -0.005744 0.270783
0.070983 -0.012009 0.266964
0.076145 -0.006398 0.270796
0.075910 -0.008689 0.267853
0.074617 -0.012835 0.265472
0.077313 -0.011938 0.265412
0.076725 -0.006349 0.267205
0.080541 -0.010521 0.263442
0.073892 -0.009882 0.268281
0.069323 -0.009501 0.269437
0.071964 -0.010045 0.269013
0.075922 -0.006334 0.271214
0.071756 -0.009150 0.268495
0.070588 -0.009421 0.270166
0.070984 -0.010989 0.268625
0.071685 -0.011347 0.268159
0.080305 -0.010196 0.264001
0.078819 -0.005008 0.270931
0.073963 -0.012536 0.266710
0.077101 -0.007179 0.268787
0.077025 -0.006690 0.269366
0.070280 -0.011624 0.268010
0.076453 -0.006771 0.270148
0.075627 -0.007189 0.270306
0.071012 -0.010670 0.268843
0.077051 -0.010929 0.265929
0.077416 -0.009349 0.266082
0.075755 -0.010766 0.266803
0.072892 -0.008348 0.270382
0.078232 -0.007627 0.267170
0.075009 -0.009167 0.268191
0.079344 -0.006508 0.267374
0.081433 -0.011488 0.262630
0.080232 -0.008691 0.264744
0.077924 -0.007902 0.267117
0.071152 -0.009692 0.269930
0.082230 -0.011618 0.261584
0.077825 -0.009196 0.265797
0.078990 -0.008342 0.265770
0.074419 -0.012182 0.266841
0.072774 -0.010725 0.268425
0.080134 -0.010034 0.264281
0.071238 -0.007449 0.270091
0.070404 -0.008713 0.270374
0.081595 -0.011389 0.262533
0.071655 -0.008090 0.270601
0.073111 -0.012031 0.267289
0.077531 -0.011183 0.265360
0.077542 -0.005878 0.270212
0.070179 -0.011571 0.268503
0.080092 -0.004838 0.268367
0.076347 -0.005894 0.268016
0.078425 -0.010820 0.265105
0.072228 -0.011288 0.268063
0.070022 -0.009315 0.270188
0.078778 -0.006524 0.267800
0.075438 -0.007115 0.270598
0.073263 -0.012518 0.266036
0.079408 -0.004465 0.270992
0.079786 -0.011443 0.263645
0.078256 -0.005949 0.269232
0.070602 -0.011704 0.267954
0.071195 -0.009123 0.270280
0.076188 -0.012927 0.264682
0.077815 -0.009649 0.265704
0.070404 -0.008713 0.270374
0.070408 -0.011669 0.268078
0.081844 -0.009863 0.262908
0.079239 -0.007174 0.266538
0.073262 -0.011062 0.267984
0.074489 -0.008074 0.269904
0.073869 -0.008487 0.269781
0.072738 -0.008272 0.270590
0.077923 -0.004866 0.271389
0.072048 -0.012298 0.267488
0.077163 -0.011540 0.264335
0.076801 -0.009212 0.266883
0.073658 -0.012876 0.266083
0.071168 -0.011978 0.266911
0.074324 -0.009924 0.268132
0.078535 -0.008036 0.266499
0.075485 -0.008033 0.269306
0.078044 -0.007251 0.267886
0.079308 -0.008375 0.265353
0.077425 -0.012751 0.264910
0.080930 -0.006692 0.265787
0.081883 -0.011873 0.261957
0.078179 -0.011742 0.264840
0.073079 -0.010715 0.268324
0.070852 -0.011264 0.268576
0.080323 -0.011456 0.263061
0.074880 -0.009770 0.267948
0.072433 -0.009908 0.267440
0.074090 -0.007620 0.270859
0.072714 -0.009873 0.268855
0.073502 -0.008238 0.270321
0.075834 -0.007862 0.269126
0.078895 -0.005055 0.269746
0.080606 -0.011353 0.263017
0.081987 -0.011773 0.261732
0.071856 -0.011140 0.268277
0.076643 -0.007166 0.268961
0.075679 -0.013113 0.265233
0.076276 -0.006687 0.270385
0.080423 -0.004594 0.269600
0.078286 -0.010036 0.265398
0.070885 -0.011812 0.267780
0.075108 -0.012608 0.266220
0.073207 -0.009616 0.268901
0.077356 -0.006459 0.269447
0.078115 -0.004849 0.271370
0.077653 -0.007585 0.267744
0.075164 -0.012727 0.266125
0.075001 -0.008925 0.268480
0.071383 -0.011063 0.268418
0.074570 -0.008967 0.268929
0.076854 -0.007831 0.268100
0.072686 -0.009529 0.269305
0.076102 -0.009381 0.267361
0.077697 -0.005605 0.270686
0.073175 -0.010897 0.268162
0.076879 -0.008846 0.267123
0.076556 -0.009807 0.266598
0.077792 -0.012788 0.264327
0.080306 -0.004757 0.268314
0.075776 -0.008094 0.268696
0.069038 -0.010223 0.269340
0.075714 -0.007835 0.269411
0.071091 -0.011614 0.268347
0.078922 -0.006003 0.268701
0.076559 -0.013024 0.264557
0.077032 -0.008594 0.265621
0.078269 -0.007390 0.267425
0.076033 -0.013047 0.265548
0.077356 -0.009125 0.266345
0.075039 -0.007288 0.270417
0.077355 -0.012531 0.265308
0.075088 -0.008724 0.268718
0.078989 -0.007333 0.266680
0.070048 -0.009631 0.270032
0.077502 -0.005357 0.267138
0.082392 -0.011573 0.261676
0.076941 -0.006554 0.269791
0.078952 -0.005242 0.270216
0.078321 -0.009633 0.265392
0.077496 -0.009794 0.265946
0.076259 -0.006071 0.271219
0.070712 -0.010379 0.269461
0.076949 -0.010001 0.266352
0.073701 -0.009598 0.268773
0.080014 -0.007432 0.265941
0.077009 -0.012702 0.265375
0.074033 -0.010801 0.267719
0.071375 -0.009753 0.269802
0.079863 -0.003555 0.271156
0.071643 -0.011016 0.268439
0.077497 -0.012738 0.264168
0.080286 -0.004656 0.269241
0.071373 -0.010040 0.269488
0.069440 -0.010548 0.267940
0.072057 -0.009394 0.269962
0.077273 -0.007397 0.268440
0.077849 -0.006392 0.269044
0.079820 -0.007371 0.266222
0.079720 -0.005287 0.268488
0.079466 -0.006697 0.267150
0.078228 -0.008120 0.266466
0.078476 -0.006818 0.267846
0.079880 -0.005311 0.267894
0.079890 -0.004780 0.269874
0.077388 -0.006250 0.269803
0.076324 -0.008577 0.267546
0.076411 -0.006067 0.270967
0.077289 -0.012935 0.264816
0.071484 -0.012143 0.267376
0.072883 -0.009570 0.269123
0.076670 -0.010098 0.266406
0.077329 -0.004706 0.268291
0.072212 -0.012409 0.267206
0.076012 -0.010664 0.266718
0.080335 -0.004119 0.270446
0.079856 -0.003889 0.271089
0.074827 -0.007482 0.270387
0.078891 -0.005581 0.269295
0.076741 -0.007521 0.268457
0.077388 -0.006250 0.269803
0.081654 -0.011578 0.261970
0.078381 -0.006114 0.268823
0.074059 -0.007952 0.270396
0.080991 -0.008566 0.264248
0.079975 -0.007804 0.265585
0.078604 -0.008285 0.266018
0.080607 -0.004674 0.268486
0.072392 -0.012423 0.266770
0.073031 -0.011179 0.268024
0.070097 -0.010659 0.269364
0.076272 -0.009053 0.267397
0.080665 -0.004438 0.268809
0.077612 -0.008171 0.267005
0.080500 -0.010927 0.263303
0.077283 -0.008636 0.266757
0.078773 -0.005375 0.269458
0.073761 -0.008782 0.269604
0.080495 -0.008915 0.262211
0.080330 -0.004702 0.268101
0.078608 -0.007867 0.266726
0.079626 -0.008888 0.264814
0.075772 -0.006993 0.270496
0.075669 -0.006457 0.271014
0.078462 -0.010155 0.265257
0.075167 -0.010358 0.267486
0.079251 -0.004367 0.271136
0.076095 -0.007386 0.269385
0.078815 -0.005331 0.270067
0.078951 -0.005069 0.269565
0.079179 -0.008315 0.265784
0.072165 -0.008296 0.270641
0.077228 -0.006194 0.270062
0.079413 -0.005028 0.269937
0.074644 -0.013069 0.265998
0.075488 -0.008784 0.268205
0.073484 -0.011504 0.267565
0.076987 -0.009412 0.266588
0.077567 -0.007119 0.265908
0.079107 -0.006053 0.268214
0.070729 -0.007443 0.269997
0.079951 -0.011527 0.263062
0.075590 -0.006530 0.271231
0.078929 -0.006251 0.268112
0.077087 -0.005514 0.267564
0.078059 -0.006311 0.268892
0.080160 -0.010634 0.263818
0.079268 -0.006311 0.267555
0.080914 -0.011258 0.262315
0.074644 -0.007505 0.270727
0.081474 -0.010999 0.262863
0.071004 -0.009979 0.269646
0.078702 -0.008113 0.266143
0.073031 -0.011179 0.268024
0.077713 -0.007852 0.267399
0.080509 -0.004595 0.268775
0.074949 -0.010155 0.267682
0.074438 -0.007754 0.270290
0.072490 -0.010457 0.268590
0.080050 -0.009930 0.262477
0.078147 -0.012177 0.264599
0.078077 -0.006168 0.269044
0.078813 -0.006440 0.267918
0.073812 -0.011422 0.267406
0.082483 -0.011361 0.261697
0.069774 -0.010780 0.269347
0.079574 -0.010969 0.264324
0.078542 -0.004879 0.271160
0.075403 -0.012488 0.266358
0.077761 -0.008738 0.266259
0.075304 -0.006217 0.268741
0.077283 -0.006921 0.268976
0.076850 -0.005681 0.267686
0.069908 -0.008308 0.269930
0.077741 -0.007952 0.267246
0.072374 -0.009958 0.268910
0.078884 -0.008621 0.265468
0.076109 -0.011269 0.266395
0.076199 -0.006415 0.270622
0.075852 -0.011891 0.266385
0.079680 -0.004725 0.270402
0.078503 -0.005367 0.269966
0.075992 -0.008893 0.267692
0.080201 -0.004694 0.269750
0.078268 -0.006953 0.268061
0.071902 -0.012161 0.266726
0.075212 -0.008337 0.269177
0.078934 -0.005867 0.268949
0.077079 -0.005490 0.271259
0.077662 -0.004636 0.267882
0.074404 -0.010100 0.267983
0.078493 -0.006206 0.268712
0.076163 -0.011816 0.266274
0.077248 -0.011375 0.265624
0.079240 -0.004917 0.270552
0.077413 -0.006428 0.266454
0.079508 -0.009395 0.264696
0.073255 -0.012644 0.266487
0.077326 -0.013093 0.264436
0.079383 -0.008731 0.263400
0.069149 -0.009794 0.269364
0.069808 -0.010881 0.267522
0.078402 -0.010537 0.265211
0.075161 -0.010738 0.267207
0.073901 -0.007864 0.270652
0.075416 -0.007045 0.270791
0.079308 -0.008375 0.265353
0.068936 -0.010871 0.268244
0.076825 -0.010914 0.266068
0.069712 -0.010937 0.269224
0.073333 -0.012614 0.266654
0.077586 -0.011696 0.265265
0.070149 -0.008134 0.270206
0.080744 -0.007372 0.265277
0.082082 -0.011773 0.261868
0.071252 -0.012001 0.267659
0.070188 -0.009716 0.269962
0.081044 -0.008321 0.264501
0.076097 -0.011586 0.266345
0.079896 -0.010522 0.264211
0.073034 -0.011782 0.267499
0.080656 -0.006799 0.266055
0.079054 -0.010025 0.264901
0.077064 -0.012825 0.265255
0.074370 -0.008221 0.269760
0.077602 -0.005716 0.270494
0.078353 -0.006765 0.268188
0.080050 -0.009930 0.262477
0.076626 -0.008644 0.267409
0.072707 -0.012506 0.266767
0.078272 -0.006731 0.268315
0.075602 -0.009495 0.267643
0.075367 -0.013007 0.265878
0.079554 -0.008120 0.265691
0.075690 -0.008866 0.266448
0.078686 -0.009412 0.265183
0.077222 -0.008271 0.267370
0.077835 -0.005546 0.270641
0.071173 -0.008929 0.270375
0.077425 -0.012751 0.264910
0.070538 -0.010365 0.269567
0.079228 -0.007171 0.266962
0.072714 -0.009873 0.268855
0.080029 -0.011521 0.262868
0.079004 -0.010815 0.264739
0.075360 -0.009274 0.267884
0.073223 -0.012696 0.266232
0.075406 -0.007892 0.269679
0.076605 -0.006444 0.270229
0.070845 -0.009322 0.270198
0.081026 -0.008787 0.264104
0.075635 -0.006571 0.270949
0.081256 -0.010923 0.261481
0.075656 -0.007823 0.269531
0.073502 -0.008238 0.270321
0.077555 -0.008588 0.266568
0.072543 -0.011888 0.267626
0.076598 -0.011107 0.266294
0.074249 -0.006670 0.269302
0.072149 -0.010671 0.268475
0.073869 -0.008487 0.269781
0.072045 -0.009623 0.269649
0.074431 -0.012817 0.266423
0.078643 -0.010843 0.264891
0.068835 -0.010729 0.268926
0.077867 -0.009928 0.265640
0.068895 -0.010656 0.268271
0.080850 -0.008455 0.264532
0.073103 -0.008154 0.270607
0.079983 -0.007931 0.265409
0.077131 -0.009012 0.266678
0.074873 -0.012732 0.266292
0.078816 -0.007333 0.267213
0.078678 -0.006032 0.268871
0.075873 -0.008432 0.268266
0.081819 -0.011744 0.261802
0.072277 -0.012332 0.267347
0.072009 -0.009813 0.269384
0.077386 -0.006291 0.269643
0.074741 -0.007410 0.270934
0.079070 -0.005819 0.268795
0.078438 -0.005460 0.269670
0.079786 -0.011443 0.263645
0.081264 -0.011140 0.262934
0.077781 -0.008617 0.266333
0.079057 -0.007058 0.267249
0.069912 -0.008775 0.270070
0.081987 -0.011773 0.261732
0.076106 -0.009645 0.267206
0.078150 -0.009659 0.265483
0.076588 -0.012742 0.264375
0.071186 -0.009440 0.270070
0.078782 -0.004872 0.271080
0.074194 -0.007399 0.271025
0.080160 -0.010634 0.263818
0.071413 -0.011016 0.267000
0.079719 -0.011553 0.263535
0.078202 -0.006422 0.268670
0.078103 -0.006994 0.268252
0.073163 -0.010373 0.268429
0.078689 -0.012043 0.263858
0.080917 -0.010912 0.261799
0.081081 -0.009412 0.263809
0.080575 -0.003928 0.270517
0.075928 -0.013019 0.264933
0.075627 -0.012472 0.266333
0.076075 -0.008339 0.267938
0.072523 -0.008869 0.270011
0.077064 -0.012825 0.265255
0.074812 -0.009067 0.268495
0.077383 -0.005803 0.270497
0.075810 -0.011531 0.266410
0.071550 -0.011827 0.266699
0.077936 -0.010719 0.265389
0.074505 -0.009719 0.268213
0.072915 -0.008173 0.270720
0.080997 -0.007272 0.265246
0.076346 -0.010471 0.266629
0.075435 -0.013097 0.265482
0.080083 -0.005905 0.267176
0.075410 -0.008265 0.269038
0.077601 -0.012922 0.264446
0.074183 -0.012929 0.265901
0.077235 -0.009324 0.266331
0.080994 -0.010408 0.261527
0.075660 -0.009742 0.267485
0.081719 -0.011125 0.262569
0.080902 -0.003620 0.270694
0.076162 -0.008322 0.267953
0.074967 -0.007589 0.270213
0.074745 -0.008752 0.269153
0.069874 -0.009598 0.269929
0.079544 -0.011494 0.263198
0.074772 -0.009603 0.268122
0.069490 -0.009443 0.269074
0.071216 -0.010492 0.268825
0.070402 -0.009010 0.270319
0.080267 -0.010852 0.263576
0.078403 -0.008109 0.266467
0.077657 -0.005248 0.271240
0.079728 -0.008435 0.265167
0.076672 -0.012945 0.265258
0.080306 -0.004757 0.268314
0.069912 -0.008775 0.270070
0.078739 -0.011721 0.264217
0.073779 -0.012713 0.266473
0.073184 -0.011607 0.267637
0.075048 -0.008985 0.268327
0.075077 -0.009651 0.267894
0.078678 -0.006032 0.268871
0.074235 -0.010897 0.267477
0.073547 -0.009587 0.268923
0.078284 -0.008813 0.265765
0.078589 -0.007363 0.267328
0.073820 -0.012102 0.267019
0.080743 -0.004398 0.269112
0.077439 -0.012250 0.265360
0.081151 -0.009961 0.263337
0.078232 -0.008189 0.266303
0.080763 -0.004416 0.269570
0.077046 -0.008280 0.267517
0.072707 -0.012506 0.266767
0.075690 -0.008866 0.266448
0.078059 -0.008666 0.266025
0.071733 -0.012242 0.267143
0.078841 -0.006238 0.268327
0.079011 -0.005083 0.270413
0.075595 -0.012658 0.266208
0.073420 -0.009062 0.269509
0.081350 -0.009566 0.263426
0.080575 -0.003928 0.270517
0.071419 -0.009283 0.270134
0.073329 -0.012419 0.266970
0.075237 -0.009809 0.267706
0.079474 -0.007378 0.266240
0.080323 -0.007018 0.266198
0.074949 -0.012571 0.265189
0.078990 -0.007519 0.266456
0.077862 -0.007140 0.268282
0.081417 -0.009873 0.263253
0.075101 -0.013089 0.265583
0.075949 -0.009949 0.267121
0.074955 -0.013023 0.266043
0.074739 -0.011970 0.266849
0.072876 -0.008643 0.270111
0.069429 -0.009913 0.268550
0.079559 -0.007094 0.266529
0.076725 -0.006349 0.267205
0.080539 -0.007912 0.265159
0.072202 -0.011402 0.267901
0.079743 -0.004898 0.269013
0.074938 -0.008712 0.268948
0.077158 -0.007360 0.268606
0.073366 -0.007884 0.270784
0.080035 -0.005525 0.267440
0.073465 -0.009320 0.269203
0.077657 -0.005248 0.271240
0.077004 -0.005046 0.271020
0.072016 -0.011325 0.268066
0.077967 -0.008536 0.266224
0.071856 -0.011140 0.268277
0.077694 -0.009189 0.265934
0.080649 -0.011033 0.262150
0.073278 -0.009735 0.268790
0.081492 -0.009232 0.263441
0.076414 -0.008038 0.268187
0.070038 -0.011141 0.267363
0.071389 -0.011678 0.268168
0.072962 -0.010022 0.268606
0.077002 -0.007842 0.268002
0.076655 -0.012829 0.265475
0.071413 -0.011016 0.267000
0.079273 -0.006939 0.267146
0.074033 -0.012796 0.266399
0.076163 -0.011816 0.266274
0.080160 -0.010634 0.263818
0.075152 -0.008758 0.268541
0.080763 -0.004416 0.269570
0.073835 -0.010321 0.268105
0.073103 -0.008154 0.270607
0.080267 -0.010852 0.263576
0.070791 -0.008286 0.270415
0.075083 -0.012099 0.266804
0.076320 -0.009442 0.267178
0.074438 -0.007754 0.270290
0.078448 -0.004813 0.271238
0.080706 -0.008566 0.264455
0.081603 -0.009612 0.263209
0.071950 -0.011584 0.267887
0.073445 -0.012125 0.267137
0.079583 -0.005937 0.267571
0.080364 -0.004795 0.268667
0.079450 -0.006801 0.267067
0.075539 -0.006907 0.270790
0.077313 -0.011938 0.265412
0.080060 -0.007038 0.266359
0.080193 -0.006204 0.266893
0.069980 -0.010510 0.269571
0.072930 -0.009358 0.269411
0.079452 -0.007693 0.266029
0.074969 -0.007315 0.270902
0.071008 -0.009236 0.270245
0.080973 -0.011036 0.263058
0.072595 -0.008495 0.268498
0.078245 -0.010794 0.265262
0.075304 -0.006217 0.268741
0.073552 -0.012583 0.266657
0.082131 -0.011279 0.262105
0.074297 -0.009430 0.268562
0.076511 -0.012490 0.264441
0.080546 -0.009718 0.264021
0.073606 -0.012303 0.266942
0.075734 -0.008637 0.268120
0.074868 -0.010551 0.267533
0.079563 -0.005436 0.268654
0.070008 -0.011082 0.268840
0.078409 -0.005290 0.270685
0.076987 -0.007368 0.268593
0.078023 -0.009419 0.265611
0.079533 -0.009238 0.264730
0.080417 -0.008691 0.264656
0.077017 -0.006495 0.269932
0.081228 -0.011506 0.262692
0.069874 -0.009598 0.269929
0.072513 -0.012178 0.267443
0.073130 -0.007842 0.270874
0.076937 -0.008132 0.267719
0.078448 -0.004813 0.271238
0.078421 -0.005990 0.268902
0.080283 -0.007821 0.265366
0.080272 -0.009391 0.264380
0.081760 -0.010239 0.262878
0.079013 -0.007199 0.267171
0.068740 -0.010620 0.268606
0.076084 -0.009103 0.267513
0.076552 -0.007387 0.268785
0.077098 -0.011347 0.265786
0.069959 -0.007854 0.270075
0.077328 -0.005437 0.271218
0.069826 -0.011114 0.267625
0.078593 -0.010302 0.265071
0.075635 -0.006571 0.270949
0.075416 -0.007045 0.270791
0.075374 -0.010520 0.267250
0.078847 -0.007070 0.267382
0.071563 -0.009889 0.269610
0.080501 -0.004330 0.269993
0.079128 -0.004867 0.270758
0.071202 -0.012020 0.267145
0.074331 -0.011728 0.267087
0.079481 -0.004937 0.269225
0.075649 -0.011254 0.266664
0.075613 -0.008797 0.267984
0.072062 -0.009952 0.269160
0.074537 -0.009198 0.268583
0.074527 -0.009552 0.268325
0.068936 -0.010871 0.268244
0.078451 -0.006678 0.268172
0.076595 -0.007819 0.268289
0.073901 -0.007864 0.270652
0.072228 -0.011288 0.268063
0.080680 -0.009211 0.264202
0.070022 -0.010298 0.267899
0.072248 -0.011188 0.268174
0.076298 -0.007975 0.268364
0.078370 -0.005664 0.269466
0.074478 -0.013008 0.266169
0.075486 -0.012869 0.265041
0.079924 -0.006554 0.266884
0.073789 -0.012377 0.266822
0.075202 -0.008450 0.268975
0.071690 -0.010558 0.268794
0.077435 -0.008707 0.266554
0.070412 -0.011609 0.267234
0.077372 -0.007659 0.268009
0.074198 -0.009095 0.269048
0.073378 -0.011774 0.267357
0.076006 -0.010044 0.266960
0.076709 -0.006915 0.269310
0.079148 -0.011390 0.264401
0.077577 -0.005154 0.271339
0.082030 -0.011491 0.262099
0.074297 -0.009430 0.268562
0.080443 -0.006669 0.266374
0.077995 -0.005231 0.270917
0.072362 -0.008910 0.270129
0.080258 -0.011440 0.262726
0.075966 -0.009486 0.267377
0.076120 -0.008778 0.267630
0.075902 -0.012424 0.266242
0.071203 -0.010240 0.269326
0.073935 -0.011221 0.267447
0.071795 -0.009756 0.269603
0.079947 -0.006895 0.266520
0.070082 -0.009108 0.270234
0.078044 -0.007251 0.267886
0.071238 -0.007449 0.270091
0.078542 -0.004879 0.271160
0.076201 -0.009917 0.266881
0.075853 -0.012872 0.265856
0.076043 -0.010967 0.266486
0.077483 -0.007738 0.267651
0.079071 -0.004452 0.266273
0.076933 -0.009700 0.266523
0.079713 -0.007507 0.266083
0.080843 -0.009963 0.263462
0.074056 -0.008205 0.270008
0.080786 -0.006500 0.266143
0.079350 -0.007943 0.265968
0.073906 -0.012294 0.265633
0.077004 -0.008084 0.265905
0.073335 -0.010618 0.268238
0.078778 -0.006524 0.267800
0.076874 -0.012853 0.264328
0.069651 -0.010691 0.269467
0.079179 -0.008315 0.265784
0.077980 -0.012437 0.264520
0.077274 -0.012800 0.264915
0.073760 -0.012959 0.266058
0.081648 -0.011428 0.262268
0.071761 -0.011970 0.267873
0.072042 -0.010418 0.268692
0.076275 -0.007018 0.267152
0.069529 -0.011113 0.269076
0.073623 -0.012073 0.265854
0.078726 -0.010037 0.265077
0.076161 -0.006962 0.270263
0.078070 -0.005650 0.269715
0.077624 -0.011382 0.265263
0.080586 -0.011303 0.262501
0.081941 -0.010254 0.262671
0.076974 -0.008488 0.267381
0.078984 -0.011592 0.263711
0.077934 -0.005982 0.269534
0.081220 -0.008281 0.264349
0.080317 -0.004540 0.269939
0.072333 -0.010513 0.268538
0.080107 -0.004725 0.269492
0.070371 -0.010588 0.267535
0.069317 -0.011080 0.269065
0.075145 -0.012966 0.265326
0.079179 -0.008315 0.265784
0.079239 -0.011521 0.263437
0.076873 -0.010104 0.265080
0.078263 -0.005417 0.270322
0.069970 -0.011346 0.267796
0.077509 -0.013045 0.264330
0.080180 -0.010971 0.262458
0.079368 -0.010035 0.264738
0.076667 -0.006705 0.270004
0.080842 -0.006706 0.265867
0.071883 -0.009801 0.269500
0.070278 -0.008679 0.269254
0.078720 -0.006191 0.268575
0.076303 -0.013128 0.264873
0.079045 -0.008743 0.265190
0.069643 -0.009736 0.269747
0.080450 -0.010291 0.263730
0.073742 -0.009024 0.269318
0.068754 -0.010299 0.269141
0.075656 -0.007823 0.269531
0.075260 -0.008613 0.268688
0.072733 -0.010130 0.268582
0.079851 -0.004812 0.269698
0.073026 -0.011436 0.267855
0.076166 -0.007140 0.270084
0.076177 -0.007211 0.269576
0.072461 -0.012413 0.267091
0.078698 -0.005868 0.269104
0.079830 -0.009158 0.264661
0.079893 -0.011262 0.263696
0.072597 -0.008751 0.270098
0.073773 -0.012950 0.266080
0.081954 -0.011257 0.262233
0.073395 -0.009675 0.268814
0.077797 -0.005437 0.270876
0.077779 -0.005591 0.270524
0.070811 -0.011918 0.267086
0.076843 -0.010374 0.266279
0.072802 -0.010380 0.268551
0.078951 -0.005069 0.269565
0.079598 -0.005801 0.267701
0.079128 -0.004915 0.269613
0.082073 -0.010425 0.262450
0.078869 -0.009644 0.264977
0.072706 -0.012488 0.266437
0.079761 -0.004186 0.270954
0.075803 -0.009342 0.267556
0.071879 -0.010824 0.268520
0.080508 -0.004738 0.268354
0.080067 -0.005120 0.267766
0.070782 -0.010105 0.269638
0.076656 -0.013037 0.264976
0.079857 -0.003039 0.270986
0.079864 -0.006995 0.266503
0.079310 -0.004988 0.270333
0.075916 -0.012674 0.266118
0.082493 -0.011497 0.261528
0.079607 -0.004910 0.270028
0.074505 -0.009719 0.268213
0.080591 -0.007090 0.265859
0.071507 -0.009349 0.269986
0.080078 -0.004002 0.270932
0.079777 -0.005333 0.268186
0.075946 -0.007163 0.270202
0.074388 -0.007527 0.270837
0.080493 -0.005509 0.266954
0.072523 -0.009139 0.269864
0.077563 -0.008936 0.266277
0.073545 -0.011198 0.267780
0.070133 -0.011523 0.267947
0.076926 -0.010687 0.266106
0.078686 -0.009412 0.265183
0.071373 -0.010040 0.269488
0.079264 -0.009071 0.264880
0.071322 -0.009948 0.269639
0.074981 -0.009475 0.268041
0.079403 -0.011240 0.264346
0.076046 -0.006664 0.270608
0.072519 -0.009873 0.269012
0.075029 -0.007331 0.270770
0.077163 -0.011540 0.264335
0.078438 -0.012021 0.264352
0.071699 -0.011720 0.268002
0.077665 -0.005367 0.271112
0.077353 -0.005149 0.271301
0.073000 -0.008008 0.270808
0.070808 -0.011825 0.268123
0.074115 -0.008614 0.269514
0.075237 -0.007090 0.270915
0.078863 -0.010415 0.264920
0.072473 -0.008172 0.270699
0.080836 -0.011351 0.262943
0.077578 -0.010362 0.265712
0.076974 -0.005847 0.267333
0.076639 -0.009713 0.266640
0.080855 -0.009560 0.263862
0.079523 -0.006899 0.266959
0.076796 -0.012082 0.265691
0.078950 -0.007417 0.266874
0.080083 -0.011453 0.263320
0.077173 -0.009157 0.266492
0.077283 -0.006921 0.268976
0.075826 -0.007972 0.268913
0.076588 -0.012742 0.264375
0.080530 -0.004648 0.268207
0.072669 -0.010002 0.268605
0.073904 -0.010712 0.267860
0.074761 -0.012273 0.266748
0.078626 -0.012212 0.263901
0.076222 -0.013075 0.265361
0.080247 -0.007387 0.265810
0.079276 -0.011115 0.264530
0.075116 -0.007898 0.269828
0.079102 -0.009028 0.263592
0.072513 -0.012178 0.267443
0.079127 -0.008306 0.265527
0.075417 -0.007992 0.269531
0.071294 -0.009607 0.268139
0.081380 -0.011486 0.262468
0.069948 -0.011503 0.268401
0.076909 -0.007169 0.268791
0.070022 -0.010298 0.267899
0.070242 -0.007772 0.270170
0.080992 -0.007474 0.265078
0.077970 -0.005526 0.270507
0.080539 -0.011507 0.262869
0.080954 -0.009883 0.263435
0.075057 -0.007318 0.270783
0.077637 -0.008299 0.266755
0.077694 -0.009189 0.265934
0.072742 -0.011823 0.267589
0.081144 -0.008016 0.264528
0.078599 -0.012035 0.264064
0.074000 -0.008926 0.269321
0.074440 -0.009185 0.267003
0.072884 -0.012476 0.267019
0.070836 -0.010603 0.269042
0.072125 -0.009640 0.269563
0.076832 -0.012898 0.265284
0.078525 -0.008967 0.265516
0.079777 -0.005333 0.268186
0.076290 -0.012686 0.265894
0.076374 -0.012992 0.265454
0.080722 -0.008779 0.264362
0.080604 -0.008530 0.264672
0.080057 -0.004218 0.270685
0.073311 -0.009835 0.268649
0.080903 -0.011517 0.262778
0.074827 -0.007482 0.270387
0.070056 -0.010804 0.269144
0.069429 -0.009913 0.268550
0.078488 -0.011593 0.263614
0.079363 -0.005458 0.268960
0.077446 -0.009491 0.265995
0.076730 -0.005006 0.270524
0.079011 -0.004563 0.271149
0.075560 -0.007375 0.270061
0.076296 -0.007697 0.268668
0.076927 -0.011423 0.265936
0.077440 -0.008339 0.267003
0.071017 -0.007792 0.269578
0.080544 -0.010581 0.261978
0.073142 -0.011274 0.267939
0.080434 -0.009049 0.264465
0.074570 -0.008967 0.268929
0.076106 -0.009645 0.267206
0.070084 -0.011368 0.268682
0.074859 -0.008038 0.269800
0.080607 -0.004674 0.268486
0.080085 -0.006818 0.266530
0.078997 -0.004170 0.271218
0.079131 -0.008498 0.265292
0.080726 -0.007711 0.265146
0.068788 -0.010085 0.269119
0.073903 -0.007639 0.270933
0.076092 -0.007243 0.269902
0.076813 -0.013137 0.264927
0.080114 -0.004838 0.268179
0.075984 -0.012144 0.266292
0.080026 -0.004776 0.269040
0.078547 -0.011308 0.264857
0.078435 -0.004723 0.271294
0.076088 -0.012764 0.265936
0.079337 -0.011184 0.263972
0.073153 -0.007906 0.270864
0.077329 -0.006727 0.269147
0.078698 -0.005868 0.269104
0.072302 -0.009857 0.269174
0.075367 -0.013007 0.265878
0.080026 -0.008363 0.265102
0.077836 -0.011587 0.265116
0.069113 -0.010977 0.269002
0.070760 -0.009075 0.270312
0.079510 -0.008422 0.265273
0.080980 -0.010745 0.263163
0.077569 -0.006926 0.268804
0.073521 -0.008662 0.269846
0.081297 -0.008924 0.263841
0.075730 -0.006476 0.271193
0.070437 -0.011172 0.267151
0.075739 -0.009597 0.267502
0.080920 -0.008164 0.264706
0.072729 -0.011354 0.267929
0.075390 -0.007755 0.269804
0.081796 -0.010735 0.262602
0.073223 -0.012696 0.266232
0.075823 -0.010956 0.266636
0.076661 -0.008086 0.267979
0.070422 -0.010857 0.268811
0.078726 -0.006649 0.267727
0.074073 -0.010138 0.268085
0.077991 -0.005165 0.271068
0.070178 -0.011386 0.267505
0.071091 -0.011614 0.268347
0.071957 -0.008324 0.270678
0.078179 -0.005513 0.269883
0.079065 -0.007867 0.266112
0.079662 -0.004347 0.270822
0.074438 -0.007754 0.270290
0.073557 -0.011582 0.267369
0.080285 -0.004753 0.268858
0.077617 -0.010882 0.265380
0.077574 -0.008078 0.267194
0.075044 -0.012907 0.266092
0.079906 -0.008744 0.264846
0.072593 -0.009371 0.269525
0.071841 -0.007432 0.269668
0.076319 -0.009635 0.267035
0.079610 -0.005480 0.268337
0.078844 -0.008454 0.265636
0.078221 -0.010421 0.265382
0.076298 -0.007975 0.268364
0.074831 -0.011191 0.267226
0.077675 -0.010767 0.264235
0.072003 -0.009506 0.269833
0.080433 -0.008166 0.265067
0.079230 -0.005773 0.268755
0.078448 -0.004813 0.271238
0.074631 -0.008717 0.269280
0.078263 -0.004920 0.271193
0.077071 -0.013068 0.264945
0.080312 -0.009824 0.264203
0.077665 -0.012021 0.265227
0.078479 -0.005115 0.270907
0.075542 -0.009280 0.267774
0.075308 -0.011361 0.266998
0.073122 -0.009364 0.269313
0.068718 -0.010332 0.268927
0.071294 -0.009607 0.268139
0.071499 -0.012094 0.266992
0.078827 -0.011813 0.263784
0.070856 -0.011846 0.268228
0.075727 -0.012816 0.266052
0.077923 -0.005326 0.266727
0.073742 -0.009024 0.269318
0.078043 -0.008830 0.265911
0.079488 -0.004944 0.269755
0.081954 -0.011257 0.262233
0.075518 -0.011069 0.266880
0.080027 -0.009743 0.264419
0.080260 -0.004710 0.269018
0.074675 -0.012577 0.266556
0.070357 -0.008481 0.270342
0.080045 -0.004754 0.269742
0.077839 -0.005722 0.270036
0.069808 -0.010881 0.267522
0.071051 -0.010105 0.269527
0.071748 -0.010279 0.268971
0.076627 -0.008939 0.267200
0.074953 -0.010855 0.267290
0.080910 -0.009650 0.263672
0.077451 -0.007959 0.267482
0.079668 -0.005569 0.267931
0.070008 -0.009911 0.269785
0.077012 -0.007554 0.268290
0.079441 -0.005265 0.265163
0.079773 -0.008539 0.264968
0.074704 -0.007834 0.270068
0.074527 -0.009552 0.268325
0.074613 -0.007105 0.271112
0.072433 -0.009908 0.267440
0.079864 -0.006995 0.266503
0.075857 -0.009783 0.267319
0.076530 -0.011997 0.265951
0.075590 -0.006530 0.271231
0.077410 -0.011085 0.265562
0.077321 -0.007207 0.268694
0.078809 -0.008275 0.265976
0.079217 -0.011322 0.263194
0.079045 -0.008743 0.265190
0.077158 -0.009488 0.266265
0.078989 -0.007333 0.266680
0.077882 -0.005041 0.271298
0.077975 -0.006178 0.269246
0.075650 -0.007618 0.269804
0.074320 -0.009228 0.268778
0.070606 -0.011677 0.267534
0.077867 -0.009928 0.265640
0.075120 -0.010837 0.267044
0.075144 -0.011073 0.267083
0.074607 -0.009059 0.268726
0.079503 -0.008022 0.265846
0.078446 -0.007764 0.266993
0.075536 -0.009065 0.267883
0.072271 -0.011750 0.267704
0.076588 -0.012958 0.265348
0.076616 -0.005944 0.271065
0.075779 -0.008325 0.268486
0.070609 -0.008692 0.270389
0.069678 -0.010099 0.269685
0.078425 -0.010820 0.265105
0.076858 -0.008954 0.267009
0.079431 -0.010710 0.264557
0.077009 -0.012702 0.265375
0.077808 -0.012672 0.264485
0.068812 -0.010832 0.268408
0.078557 -0.008550 0.265763
0.078695 -0.006430 0.268189
0.078764 -0.007870 0.266377
0.081618 -0.010873 0.262766
0.081311 -0.010181 0.263211
0.077474 -0.009205 0.266172
0.081049 -0.009203 0.263940
0.079946 -0.010580 0.264082
0.068938 -0.009894 0.268940
0.079021 -0.009212 0.264946
0.073636 -0.010571 0.268088
0.077383 -0.011473 0.265439
0.075581 -0.012925 0.265953
0.075071 -0.013057 0.265843
0.072714 -0.009873 0.268855
0.070685 -0.007877 0.270303
0.079976 -0.004902 0.268282
0.079367 -0.005895 0.267935
0.075788 -0.010402 0.267003
0.077978 -0.008221 0.266491
0.077446 -0.009491 0.265995
0.075390 -0.007755 0.269804
0.077162 -0.008083 0.267622
0.076347 -0.009162 0.267291
0.080174 -0.005181 0.267546
0.078890 -0.011667 0.263522
0.081061 -0.009680 0.263503
0.072610 -0.009746 0.269116
0.077193 -0.007695 0.268048
0.071690 -0.010558 0.268794
0.080777 -0.007929 0.264977
0.073659 -0.009445 0.269002
0.075243 -0.010043 0.267544
0.077291 -0.006649 0.269261
0.071236 -0.008129 0.270501
0.074511 -0.007394 0.271008
0.078194 -0.011406 0.265002
0.079086 -0.004815 0.270934
0.072536 -0.009458 0.269409
0.079240 -0.004917 0.270552
0.075656 -0.007823 0.269531
0.079916 -0.007828 0.263119
0.077051 -0.010929 0.265929
0.076537 -0.007585 0.268587
0.077202 -0.012838 0.265109
0.077774 -0.005099 0.267087
0.078100 -0.004614 0.267274
0.070149 -0.011443 0.267695
0.074373 -0.008332 0.269581
0.076947 -0.011576 0.265837
0.072048 -0.012298 0.267488
0.079163 -0.011362 0.264113
0.073459 -0.010024 0.268395
0.074310 -0.012526 0.266707
0.077431 -0.008103 0.267300
0.080116 -0.011187 0.263542
0.080170 -0.008632 0.264847
0.076920 -0.006644 0.269568
0.077438 -0.007676 0.267868
0.074644 -0.013069 0.265998
0.074320 -0.009228 0.268778
0.077274 -0.007488 0.268208
0.074904 -0.007368 0.270701
0.075727 -0.006264 0.271186
0.081621 -0.010967 0.261167
0.081044 -0.008321 0.264501
0.077444 -0.005678 0.270749
0.078330 -0.012268 0.264099
0.080708 -0.009842 0.261842
0.071542 -0.011954 0.267963
0.076878 -0.013198 0.264786
0.077602 -0.005716 0.270494
0.072529 -0.011057 0.266616
0.075983 -0.007789 0.268875
0.074596 -0.009321 0.268454
0.079268 -0.009612 0.264779
0.080772 -0.003905 0.270168
0.079525 -0.009803 0.264647
0.075730 -0.006476 0.271193
0.079884 -0.011022 0.263821
0.078777 -0.007585 0.266901
0.076860 -0.009060 0.265527
0.080402 -0.004698 0.267884
0.080349 -0.005834 0.266935
0.079642 -0.009552 0.264613
0.077466 -0.005789 0.270431
0.074473 -0.011590 0.267136
0.079671 -0.010167 0.264536
0.069716 -0.010477 0.269585
0.075025 -0.008304 0.269365
0.079421 -0.006978 0.266489
0.070608 -0.011690 0.267102
0.071620 -0.010775 0.268663
0.075497 -0.008370 0.268753
0.080568 -0.007232 0.265540
0.077735 -0.007482 0.267939
0.070883 -0.010399 0.269259
0.080509 -0.004532 0.269422
0.079088 -0.006016 0.268474
0.071378 -0.012053 0.267868
0.079172 -0.011332 0.263861
0.072476 -0.011549 0.267819
0.077087 -0.005514 0.267564
0.075108 -0.012608 0.266220
0.079965 -0.010309 0.264276
0.070090 -0.008444 0.270188
0.071881 -0.011540 0.266555
0.069161 -0.010704 0.269328
0.076744 -0.006046 0.270696
0.079101 -0.007637 0.266192
0.076385 -0.007128 0.269291
0.071677 -0.009162 0.270184
0.076753 -0.010769 0.266222
0.078790 -0.005274 0.270347
0.077811 -0.011185 0.265233
0.080447 -0.007169 0.265886
0.078550 -0.007988 0.264485
0.080843 -0.009963 0.263462
0.077584 -0.006596 0.269143
0.069803 -0.011088 0.269021
0.077743 -0.012300 0.265077
0.078479 -0.005115 0.270907
0.079055 -0.008281 0.265896
0.080557 -0.004502 0.269226
0.080857 -0.004355 0.269333
0.069673 -0.008995 0.269665
0.073248 -0.009474 0.269159
0.073480 -0.012488 0.266767
0.081309 -0.009240 0.263668
0.076720 -0.006076 0.270516
0.080581 -0.006451 0.266393
0.072907 -0.009475 0.269281
0.074774 -0.012977 0.266180
0.075307 -0.008636 0.268489
0.076119 -0.006267 0.271053
0.080509 -0.011302 0.263110
0.073130 -0.007842 0.270874
0.080555 -0.007044 0.265955
0.071216 -0.010492 0.268825
0.076744 -0.009764 0.266572
0.073892 -0.009882 0.268281
0.072636 -0.009956 0.268706
0.078776 -0.007647 0.266729
0.076551 -0.008775 0.267289
0.074980 -0.013114 0.265666
0.076291 -0.008210 0.268062
0.076476 -0.006149 0.270818
0.070911 -0.009504 0.270074
0.070338 -0.010832 0.268916
0.079984 -0.011438 0.263544
0.078950 -0.007417 0.266874
0.072575 -0.011016 0.268266
0.080211 -0.008064 0.265216
0.070576 -0.011746 0.267260
0.068898 -0.010268 0.268551
0.072228 -0.011288 0.268063
0.080465 -0.009238 0.264365
0.069385 -0.009884 0.269580
0.078546 -0.006687 0.267971
0.077657 -0.005248 0.271240
0.074282 -0.007979 0.270129
0.077085 -0.006454 0.269865
0.069488 -0.011059 0.268112
0.081897 -0.011454 0.261411
0.081831 -0.011588 0.262119
0.074902 -0.008553 0.269201
0.070569 -0.009860 0.269807
0.079450 -0.006801 0.267067
0.075579 -0.012073 0.264945
0.076407 -0.012795 0.264481
0.070549 -0.010638 0.269173
0.078495 -0.007158 0.267512
0.077920 -0.010250 0.265555
0.081380 -0.011486 0.262468
0.080522 -0.004537 0.268993
0.079947 -0.005363 0.267643
0.074725 -0.008250 0.269581
0.077704 -0.005766 0.270269
0.077036 -0.005890 0.270634
0.073100 -0.008370 0.270204
0.073103 -0.008154 0.270607
0.070973 -0.011779 0.267546
0.078134 -0.004539 0.271286
0.069038 -0.009775 0.269218
0.080413 -0.004136 0.270241
0.079432 -0.011455 0.263646
0.077102 -0.012337 0.265482
0.078880 -0.006155 0.268453
0.073083 -0.008200 0.270422
0.081822 -0.011777 0.261988
0.070519 -0.011676 0.268328
0.078562 -0.010598 0.265012
0.075788 -0.010402 0.267003
0.078258 -0.005305 0.270047
0.077440 -0.008339 0.267003
0.077542 -0.004982 0.267591
0.076566 -0.012218 0.265797
0.075679 -0.013113 0.265233
0.072134 -0.011852 0.266431
0.072479 -0.012287 0.267299
0.080448 -0.003618 0.271035
0.069440 -0.010548 0.267940
0.071928 -0.009324 0.270066
0.075396 -0.007502 0.270053
0.078039 -0.012134 0.264819
0.074489 -0.008074 0.269904
0.080683 -0.006050 0.266492
0.072492 -0.010770 0.268422
0.077123 -0.007315 0.268674
0.077032 -0.008594 0.265621
0.081943 -0.011865 0.261895
0.073223 -0.012696 0.266232
0.079118 -0.006214 0.267841
0.076073 -0.007880 0.268626
0.070268 -0.009832 0.268276
0.081508 -0.009018 0.263591
0.071727 -0.012147 0.267680
0.078811 -0.011829 0.263698
0.073233 -0.008997 0.269739
0.078141 -0.005155 0.270919
0.075040 -0.009852 0.267799
0.070149 -0.009501 0.270115
0.079306 -0.008183 0.265835
0.077416 -0.009349 0.266082
0.079224 -0.004947 0.269704
0.076603 -0.010547 0.266420
0.078614 -0.006884 0.267635
0.072154 -0.008808 0.270307
0.077328 -0.005437 0.271218
0.074033 -0.010801 0.267719
0.072757 -0.009259 0.269541
0.070938 -0.008508 0.270433
0.073335 -0.010618 0.268238
0.077656 -0.007150 0.268490
0.075091 -0.010636 0.267392
0.074821 -0.013061 0.265686
0.079808 -0.005645 0.267583
0.076999 -0.011716 0.265660
0.080388 -0.008463 0.264895
0.076436 -0.007733 0.268521
0.075542 -0.009280 0.267774
0.078433 -0.003646 0.270369
0.075247 -0.010994 0.265527
0.077205 -0.012450 0.264194
0.078435 -0.004723 0.271294
0.075832 -0.006488 0.270990
0.080547 -0.007600 0.265339
0.070533 -0.010727 0.268961
0.077925 -0.012576 0.264234
0.074813 -0.008410 0.269302
0.078604 -0.008285 0.266018
0.074896 -0.007199 0.271102
0.075529 -0.008603 0.268419
0.080443 -0.006669 0.266374
0.073427 -0.008328 0.270179
0.074198 -0.012951 0.266199
0.070782 -0.010105 0.269638
0.079227 -0.010339 0.264768
0.081796 -0.010735 0.262602
0.077425 -0.012751 0.264910
0.081259 -0.010853 0.263044
0.082082 -0.010598 0.262382
0.078664 -0.008703 0.265591
0.079080 -0.005667 0.269096
0.069714 -0.011188 0.267938
0.076673 -0.006118 0.267472
0.076616 -0.005944 0.271065
0.069113 -0.010977 0.269002
0.070195 -0.011615 0.268230
0.077656 -0.007150 0.268490
0.073804 -0.012890 0.266186
0.079518 -0.010354 0.264601
0.074955 -0.013023 0.266043
0.077356 -0.006459 0.269447
0.076061 -0.010282 0.266835
0.071690 -0.010558 0.268794
0.077228 -0.006194 0.270062
0.078193 -0.004298 0.267547
0.071097 -0.011331 0.268469
0.075850 -0.007734 0.269348
0.073727 -0.008205 0.270218
0.077119 -0.005541 0.271235
0.073541 -0.012792 0.266288
0.079806 -0.010832 0.264037
0.075839 -0.012958 0.265744
0.072298 -0.009675 0.269383
0.076355 -0.010803 0.266528
0.077709 -0.012526 0.264822
0.079659 -0.006460 0.267170
0.076688 -0.007343 0.268727
0.078931 -0.005089 0.270542
0.081621 -0.010967 0.261167
0.076138 -0.008241 0.268191
0.079359 -0.008484 0.265110
0.070856 -0.011846 0.268228
0.077386 -0.006291 0.269643
0.071148 -0.009263 0.270223
0.077171 -0.010673 0.265936
0.077721 -0.007458 0.268084
0.074555 -0.011254 0.267239
0.072209 -0.010976 0.268332
0.079964 -0.011548 0.263442
0.071542 -0.011954 0.267963
0.079877 -0.007953 0.265400
0.075801 -0.011228 0.266457
0.075120 -0.007648 0.270082
0.070178 -0.011386 0.267505
0.072009 -0.009813 0.269384
0.075714 -0.007835 0.269411
0.077071 -0.006778 0.269186
0.078877 -0.011503 0.263947
0.074153 -0.009724 0.268388
0.077504 -0.007087 0.268681
0.078955 -0.006442 0.267717
0.080804 -0.010407 0.263333
0.072523 -0.008869 0.270011
0.069308 -0.010254 0.269547
0.072459 -0.010148 0.268679
0.078482 -0.005943 0.269038
0.076342 -0.011127 0.266404
0.070538 -0.010365 0.269567
0.077945 -0.007019 0.268364
0.075889 -0.013177 0.265360
0.075270 -0.013048 0.265715
0.072612 -0.008479 0.270338
0.078077 -0.006168 0.269044
0.076624 -0.006854 0.269634
0.069676 -0.011313 0.268598
0.076319 -0.009635 0.267035
0.081236 -0.008659 0.263998
0.073915 -0.012961 0.266078
0.078847 -0.009236 0.265068
0.069948 -0.011503 0.268401
0.075417 -0.010741 0.267013
0.082483 -0.011361 0.261697
0.075308 -0.011361 0.266998
0.076917 -0.004747 0.269722
0.074068 -0.007784 0.270685
0.072138 -0.010135 0.268825
0.072566 -0.010613 0.268516
0.075525 -0.007286 0.270157
0.076379 -0.009827 0.266735
0.069980 -0.010510 0.269571
0.080923 -0.007094 0.265441
0.074096 -0.010510 0.267886
0.081552 -0.010555 0.262944
0.079028 -0.004972 0.269722
0.079093 -0.005113 0.269939
0.076728 -0.013171 0.264739
0.074602 -0.007605 0.270486
0.071017 -0.007792 0.269578
0.070097 -0.010659 0.269364
0.077815 -0.008025 0.266984
0.070938 -0.008508 0.270433
0.071856 -0.011140 0.268277
0.077222 -0.008271 0.267370
0.079496 -0.005142 0.269025
0.074862 -0.011791 0.267003
0.074255 -0.008840 0.269275
0.071469 -0.011277 0.268323
0.076396 -0.010102 0.266604
0.078809 -0.008275 0.265976
0.078469 -0.007562 0.267206
0.070519 -0.011676 0.268328
0.077217 -0.010988 0.265797
0.078493 -0.006206 0.268712
0.074704 -0.007834 0.270068
0.075115 -0.007261 0.270644
0.075058 -0.012536 0.266380
0.077156 -0.006420 0.269712
0.072298 -0.009675 0.269383
0.080285 -0.005194 0.267368
0.074562 -0.008529 0.269399
0.076650 -0.012956 0.265278
0.081951 -0.011774 0.262018
0.075841 -0.007536 0.269797
0.080754 -0.006957 0.265758
0.073308 -0.008230 0.270383
0.072963 -0.008305 0.270328
0.075575 -0.010532 0.267045
0.071621 -0.008401 0.270592
0.080045 -0.004754 0.269742
0.077215 -0.010101 0.266123
0.076801 -0.009212 0.266883
0.071650 -0.008741 0.270433
0.077446 -0.009491 0.265995
0.069678 -0.010099 0.269685
0.069948 -0.011503 0.268401
0.080377 -0.011233 0.263251
0.075542 -0.011667 0.266592
0.075051 -0.007004 0.271159
0.077304 -0.010314 0.265940
0.073458 -0.008097 0.270518
0.077002 -0.007842 0.268002
0.081436 -0.009101 0.263566
0.069717 -0.011284 0.268270
0.078513 -0.009759 0.265259
0.072771 -0.012278 0.267262
0.076216 -0.010573 0.266693
0.070255 -0.009298 0.270250
0.080713 -0.009938 0.263652
0.077901 -0.008895 0.265986
0.076865 -0.008740 0.267234
0.077978 -0.008221 0.266491
0.075429 -0.010214 0.267353
0.074438 -0.007754 0.270290
0.079447 -0.004832 0.270539
0.080850 -0.008455 0.264532
0.071323 -0.008664 0.268905
0.076238 -0.012159 0.266131
0.071458 -0.010474 0.268940
0.081594 -0.011042 0.262694
0.078714 -0.004424 0.271274
0.076768 -0.011347 0.266088
0.073163 -0.012558 0.266790
0.069038 -0.010223 0.269340
0.079330 -0.008684 0.264936
0.079517 -0.011155 0.264097
0.075629 -0.006505 0.271090
0.070530 -0.011447 0.267069
0.077587 -0.005763 0.266709
0.072479 -0.011247 0.268057
0.073315 -0.009271 0.267529
0.071563 -0.009889 0.269610
0.078356 -0.011093 0.265054
0.070399 -0.011430 0.268584
0.080402 -0.003929 0.270788
0.070808 -0.011825 0.268123
0.071573 -0.011132 0.268309
0.076436 -0.007733 0.268521
0.079857 -0.005885 0.267392
0.075998 -0.008425 0.268025
0.073709 -0.007933 0.270580
0.078060 -0.004867 0.267002
0.070481 -0.010531 0.269446
0.077222 -0.008271 0.267370
0.077509 -0.006073 0.269962
0.072000 -0.007615 0.270401
0.074895 -0.008807 0.268714
0.082262 -0.011333 0.261960
0.078262 -0.009139 0.265579
0.077882 -0.005041 0.271298
0.070056 -0.010804 0.269144
0.077165 -0.007883 0.267815
0.071007 -0.011999 0.267046
0.076796 -0.007611 0.268258
0.079671 -0.010167 0.264536
0.079915 -0.006226 0.267129
0.082241 -0.011042 0.262071
0.069402 -0.011047 0.268425
0.079750 -0.010571 0.264325
0.079239 -0.007174 0.266538
0.075833 -0.007435 0.269900
0.080586 -0.011303 0.262501
0.079780 -0.006878 0.266709
0.075180 -0.011846 0.266942
0.077935 -0.012277 0.264823
0.079916 -0.008077 0.265330
0.073623 -0.012073 0.265854
0.079767 -0.005155 0.268644
0.078393 -0.008352 0.266043
0.082392 -0.011573 0.261676
0.078339 -0.005349 0.270557
0.080508 -0.004738 0.268354
0.077344 -0.012995 0.264555
0.075873 -0.008432 0.268266
0.080332 -0.011077 0.263405
0.075803 -0.009342 0.267556
0.078581 -0.011582 0.264694
0.073740 -0.010880 0.267856
0.078090 -0.006761 0.268432
0.076966 -0.006126 0.267089
0.073445 -0.012125 0.267137
0.078142 -0.005876 0.269447
0.080997 -0.011472 0.262530
0.073111 -0.012031 0.267289
0.076728 -0.013171 0.264739
0.073043 -0.009744 0.268870
0.069788 -0.011294 0.268816
0.078645 -0.005670 0.269336
0.079364 -0.005781 0.268162
0.077583 -0.012354 0.265253
0.074156 -0.011871 0.267023
0.078232 -0.007164 0.267649
0.072421 -0.012229 0.266351
0.068754 -0.010299 0.269141
0.076665 -0.012517 0.265644
0.079680 -0.004725 0.270402
0.073265 -0.009989 0.267031
0.077272 -0.011193 0.265701
0.082392 -0.011573 0.261676
0.077641 -0.006069 0.269790
0.080194 -0.004937 0.267848
0.078954 -0.007364 0.267045
0.073964 -0.008127 0.270224
0.079751 -0.004728 0.269226
0.073709 -0.007933 0.270580
0.079645 -0.007842 0.265865
0.071855 -0.012308 0.267368
0.077016 -0.005928 0.270454
0.076982 -0.009076 0.266825
0.076632 -0.009225 0.267014
0.076135 -0.007700 0.268772
0.078588 -0.005297 0.270519
0.075529 -0.008603 0.268419
0.073378 -0.011774 0.267357
0.072876 -0.011001 0.268181
0.079631 -0.007330 0.266307
0.072930 -0.009358 0.269411
0.077773 -0.006652 0.268860
0.080545 -0.003947 0.270303
0.080276 -0.004853 0.268488
0.077762 -0.004706 0.267627
0.074451 -0.011927 0.266878
0.070826 -0.011761 0.268314
0.070322 -0.011064 0.268715
0.077741 -0.008435 0.266512
0.070957 -0.008775 0.270397
0.075766 -0.006739 0.270755
0.074025 -0.011672 0.267157
0.073773 -0.012950 0.266080
0.076059 -0.008118 0.268422
0.077529 -0.012573 0.265108
0.076388 -0.007058 0.269589
0.068812 -0.010832 0.268408
0.078575 -0.012207 0.263958
0.080655 -0.008327 0.264828
0.071145 -0.011955 0.267395
0.077921 -0.007424 0.267682
0.077659 -0.006231 0.269527
0.080344 -0.004076 0.270630
0.070871 -0.011875 0.267278
0.078059 -0.006311 0.268892
0.071476 -0.009546 0.269843
0.081436 -0.009101 0.263566
0.078847 -0.009236 0.265068
0.081267 -0.008482 0.264137
0.073732 -0.008405 0.269937
0.076527 -0.009510 0.266930
0.072347 -0.008580 0.270292
0.074986 -0.012385 0.266621
0.073382 -0.010782 0.268114
0.077101 -0.008700 0.267043
0.074501 -0.008867 0.269174
0.075731 -0.007293 0.267396
0.074355 -0.010304 0.267889
0.078662 -0.008384 0.265867
0.078130 -0.011087 0.265185
0.077119 -0.005541 0.271235
0.076710 -0.005657 0.271216
0.080683 -0.006050 0.266492
0.076376 -0.006360 0.270541
0.077924 -0.007902 0.267117
0.073729 -0.010114 0.268233
0.079847 -0.009412 0.264558
0.075507 -0.009737 0.266058
0.076729 -0.007057 0.269035
0.070373 -0.011563 0.267340
0.075998 -0.008425 0.268025
0.073915 -0.010458 0.267988
0.075957 -0.007458 0.269701
0.069931 -0.010641 0.269445
0.076371 -0.011452 0.266300
0.079305 -0.007510 0.266226
0.077571 -0.012784 0.264692
0.076190 -0.012550 0.266033
0.079947 -0.006895 0.266520
0.080232 -0.008691 0.264744
0.076861 -0.007982 0.267950
0.070764 -0.011507 0.268497
0.075329 -0.006659 0.268289
0.079018 -0.006670 0.267516
0.078672 -0.003829 0.271078
0.079351 -0.006115 0.267653
0.078094 -0.008005 0.266725
0.077175 -0.006015 0.270213
0.078776 -0.007647 0.266729
0.077248 -0.005667 0.270970
0.071949 -0.008627 0.270501
0.080973 -0.011036 0.263058
0.070373 -0.011563 0.267340
0.076336 -0.012800 0.265713
0.078585 -0.011970 0.263723
0.078694 -0.007578 0.267040
0.077321 -0.008907 0.266532
0.070889 -0.009663 0.269973
0.077749 -0.009400 0.265790
0.077420 -0.010706 0.265675
0.079029 -0.008120 0.266018
0.079351 -0.006115 0.267653
0.080181 -0.005660 0.267170
0.078050 -0.007512 0.267397
0.076980 -0.013112 0.264476
0.074526 -0.012426 0.266732
0.079285 -0.005058 0.269225
0.077718 -0.008163 0.266821
0.079961 -0.007643 0.265801
0.078944 -0.009018 0.265105
0.082273 -0.011587 0.261819
0.080260 -0.004710 0.269018
0.076949 -0.010001 0.266352
0.078151 -0.004787 0.271412
0.078151 -0.004787 0.271412
0.079367 -0.005895 0.267935
0.078950 -0.011527 0.264234
0.071009 -0.008388 0.270454
0.075242 -0.006755 0.271230
0.073118 -0.012339 0.267130
0.074336 -0.011963 0.265566
0.077741 -0.007952 0.267246
0.074095 -0.012693 0.266579
0.073853 -0.009200 0.269130
0.073490 -0.010302 0.268290
0.077825 -0.009196 0.265797
0.080205 -0.011547 0.262902
0.078381 -0.006114 0.268823
0.076953 -0.006118 0.270253
0.080547 -0.007600 0.265339
0.076167 -0.009501 0.267277
0.070195 -0.011615 0.268230
0.075834 -0.007862 0.269126
0.076744 -0.006046 0.270696
0.079778 -0.007963 0.265578
0.076204 -0.007147 0.269457
0.075477 -0.011419 0.266833
0.077866 -0.004890 0.267260
0.078839 -0.005066 0.270768
0.072332 -0.009530 0.269555
0.076592 -0.011990 0.265811
0.079815 -0.011566 0.263357
0.076975 -0.011100 0.265944
0.077235 -0.009324 0.266331
0.080969 -0.011078 0.261990
0.074821 -0.013061 0.265686
0.075354 -0.012867 0.266046
0.069319 -0.011095 0.268794
0.080706 -0.008566 0.264455
0.075231 -0.009358 0.267927
0.078126 -0.009326 0.264396
0.080875 -0.006568 0.265961
0.075525 -0.009918 0.267454
0.071358 -0.010795 0.268633
0.070280 -0.011624 0.268010
0.072256 -0.012121 0.267565
0.080842 -0.006706 0.265867
0.072336 -0.009400 0.269772
0.072609 -0.007881 0.270760
0.076149 -0.007394 0.267001
0.078123 -0.012002 0.264777
0.073915 -0.012961 0.266078
0.080539 -0.011507 0.262869
0.075781 -0.009016 0.267751
0.072907 -0.009475 0.269281
0.075117 -0.008120 0.269570
0.079495 -0.004127 0.271121
0.073563 -0.009762 0.268571
0.072892 -0.008348 0.270382
0.069505 -0.010756 0.267710
0.080730 -0.010766 0.263220
0.076285 -0.006128 0.271143
0.076574 -0.013039 0.265197
0.078350 -0.011876 0.264607
0.077977 -0.012230 0.263984
0.078764 -0.007870 0.266377
0.070257 -0.007581 0.270095
0.070305 -0.011405 0.267232
0.079722 -0.006683 0.266957
0.079788 -0.004450 0.270581
0.075857 -0.009783 0.267319
0.080555 -0.007044 0.265955
0.075685 -0.008012 0.269116
0.075407 -0.006764 0.271084
0.073100 -0.008370 0.270204
0.078763 -0.008993 0.265330
0.078247 -0.005350 0.270558
0.074412 -0.008729 0.269350
0.079497 -0.007053 0.266781
0.079718 -0.004779 0.269429
0.075332 -0.011665 0.266900
0.072256 -0.008166 0.270743
0.078109 -0.009803 0.265501
0.076744 -0.009764 0.266572
0.069927 -0.011432 0.268121
0.070941 -0.011626 0.266914
0.078422 -0.006984 0.267659
0.075704 -0.005822 0.268787
0.079312 -0.005842 0.268540
0.080107 -0.004725 0.269492
0.075296 -0.009012 0.268094
0.081778 -0.010420 0.262750
0.076191 -0.006762 0.267411
0.074117 -0.008310 0.269756
0.073679 -0.011358 0.267595
0.074433 -0.010580 0.267675
0.072809 -0.011648 0.267717
0.078947 -0.010276 0.263388
0.072402 -0.008307 0.270505
0.077804 -0.005931 0.269721
0.070651 -0.010810 0.268867
0.076111 -0.007617 0.269033
0.079851 -0.004812 0.269698
0.076046 -0.006664 0.270608
0.070022 -0.010298 0.267899
0.078409 -0.005290 0.270685
0.077988 -0.009145 0.265736
0.079906 -0.008744 0.264846
0.078249 -0.006102 0.268971
0.082117 -0.011622 0.261984
0.079441 -0.004673 0.270730
0.074624 -0.010328 0.267732
0.078141 -0.005155 0.270919
0.079331 -0.007330 0.266395
0.075872 -0.007618 0.269551
0.070651 -0.010810 0.268867
0.080094 -0.004437 0.270300
0.074198 -0.012951 0.266199
0.071266 -0.008778 0.270391
0.078593 -0.010302 0.265071
0.078146 -0.005339 0.270704
0.071724 -0.009653 0.269754
0.076326 -0.011769 0.266188
0.078109 -0.009803 0.265501
0.069035 -0.010829 0.269165
0.069467 -0.010901 0.267849
0.070383 -0.010163 0.269656
0.070307 -0.010638 0.269320
0.074740 -0.011511 0.267117
0.078855 -0.011554 0.264475
0.074944 -0.008258 0.269504
0.072784 -0.012016 0.267464
0.079283 -0.003118 0.270815
0.073148 -0.008577 0.269999
0.080456 -0.010420 0.263606
0.078845 -0.005764 0.269189
0.076864 -0.012805 0.265383
0.071171 -0.010386 0.269097
0.071748 -0.008575 0.270574
0.075062 -0.011516 0.267076
0.076190 -0.012550 0.266033
0.069482 -0.010275 0.269617
0.071845 -0.008180 0.270683
0.075335 -0.007666 0.269938
0.080554 -0.006002 0.266651
0.070322 -0.011064 0.268715
0.076878 -0.013198 0.264786
0.076737 -0.009476 0.266782
0.076917 -0.013036 0.265105
0.075825 -0.010128 0.267095
0.080215 -0.006534 0.266667
0.069126 -0.010800 0.268068
0.078353 -0.006765 0.268188
0.079312 -0.005842 0.268540
0.071747 -0.009419 0.269940
0.076084 -0.009103 0.267513
0.069489 -0.010855 0.269349
0.077658 -0.010584 0.265515
0.071375 -0.009753 0.269802
0.072597 -0.008751 0.270098
0.077513 -0.007502 0.268143
0.078482 -0.005943 0.269038
0.073974 -0.007511 0.270999
0.074895 -0.008953 0.268552
0.075260 -0.007344 0.270291
0.070230 -0.010502 0.269525
0.077608 -0.010044 0.265810
0.074859 -0.008038 0.269800
0.069277 -0.010973 0.269212
0.079946 -0.005094 0.268102
0.076745 -0.011929 0.265821
0.080443 -0.006669 0.266374
0.078474 -0.009341 0.265359
0.079886 -0.011556 0.263517
0.070000 -0.010308 0.269646
0.080545 -0.003947 0.270303
0.080434 -0.009049 0.264465
0.080703 -0.004315 0.269808
0.069505 -0.010756 0.267710
0.074863 -0.013077 0.265965
0.074981 -0.009475 0.268041
0.081057 -0.007742 0.264774
0.073803 -0.007730 0.270834
0.073195 -0.008832 0.269891
0.078164 -0.008367 0.266177
0.073450 -0.008902 0.269730
0.075363 -0.011996 0.266735
0.076551 -0.011597 0.266157
0.078396 -0.011553 0.264837
0.074793 -0.010411 0.267592
0.074691 -0.008809 0.269054
0.071085 -0.011952 0.267944
0.081417 -0.009873 0.263253
0.076539 -0.013135 0.264970
0.079325 -0.011333 0.264262
0.081566 -0.011361 0.261602
0.071653 -0.010070 0.269311
0.073172 -0.012608 0.266653
0.070288 -0.010749 0.269063
0.074668 -0.010059 0.267875
0.073275 -0.011375 0.267804
0.070179 -0.011571 0.268503
0.076023 -0.013165 0.265184
0.072748 -0.008131 0.270751
0.074068 -0.007784 0.270685
0.078453 -0.008117 0.266317
0.079538 -0.011539 0.263438
0.079277 -0.007138 0.266695
0.077886 -0.007261 0.268160
0.076257 -0.013143 0.265190
0.073459 -0.010024 0.268395
0.079518 -0.010354 0.264601
0.079799 -0.011353 0.262862
0.077465 -0.012908 0.264640
0.074086 -0.010313 0.267993
0.078391 -0.008007 0.266668
0.078138 -0.007839 0.266987
0.077571 -0.012784 0.264692
0.069122 -0.010988 0.268510
0.073892 -0.008616 0.269666
0.073727 -0.008205 0.270218
0.081222 -0.010544 0.263157
0.079689 -0.008268 0.265403
0.078438 -0.005460 0.269670
0.071373 -0.010040 0.269488
0.069575 -0.011249 0.268841
0.073043 -0.009744 0.268870
0.078752 -0.009212 0.265219
0.077090 -0.010293 0.266149
0.081021 -0.010440 0.263250
0.077516 -0.005524 0.271020
0.080319 -0.005372 0.267217
0.080306 -0.004757 0.268314
0.075751 -0.013141 0.265469
0.077727 -0.011336 0.265208
0.075873 -0.008432 0.268266
0.076744 -0.009764 0.266572
0.076199 -0.006415 0.270622
0.081559 -0.010045 0.263087
0.075786 -0.007265 0.270107
0.074764 -0.009350 0.268284
0.081805 -0.011217 0.262417
0.077909 -0.006704 0.268675
0.072934 -0.012560 0.266625
0.073111 -0.009572 0.269055
0.076816 -0.006686 0.269836
0.072802 -0.010380 0.268551
0.078488 -0.011593 0.263614
0.076492 -0.006978 0.269388
0.078244 -0.011224 0.265044
0.078742 -0.005225 0.269717
0.072035 -0.012184 0.267623
0.070938 -0.008508 0.270433
0.080695 -0.011120 0.263116
0.074521 -0.011820 0.266981
0.079750 -0.010571 0.264325
0.070538 -0.010365 0.269567
0.076927 -0.011423 0.265936
0.079566 -0.008565 0.265005
0.078060 -0.004867 0.267002
0.075278 -0.012313 0.266568
0.073978 -0.009318 0.268863
0.078285 -0.007886 0.266846
0.077952 -0.007766 0.267262
0.079166 -0.005269 0.269256
0.074383 -0.007678 0.270595
0.078329 -0.006979 0.267791
0.076399 -0.008846 0.267388
0.076422 -0.006976 0.269934
0.070305 -0.011405 0.267232
0.081441 -0.011310 0.262739
0.075258 -0.008843 0.268348
0.076690 -0.006174 0.270343
0.073041 -0.009118 0.269616
0.071267 -0.011942 0.268038
0.081595 -0.011389 0.262533
0.078115 -0.004849 0.271370
0.074458 -0.011040 0.267306
0.080434 -0.006332 0.266602
0.079904 -0.005092 0.268417
0.078477 -0.006617 0.265299
0.077221 -0.007105 0.266250
0.070885 -0.011812 0.267780
0.073124 -0.012493 0.266999
0.072966 -0.010603 0.268440
0.073895 -0.010701 0.266348
0.076768 -0.011027 0.266120
0.072224 -0.012307 0.266633
0.079916 -0.008077 0.265330
