0.075723 0.002242 0.215550
0.074979 -0.001132 0.211494
0.079475 0.000961 0.213342
0.076289 0.001482 0.216419
0.079707 -0.001030 0.210464
0.073027 -0.000287 0.215608
0.081533 0.001115 0.214003
0.075107 0.001050 0.213117
0.079668 0.000528 0.214686
0.074391 -0.000873 0.209033
0.077663 0.000676 0.212667
0.077244 -0.000954 0.211698
0.079915 -0.000145 0.211948
0.080334 -0.001311 0.210303
0.077752 0.003151 0.217719
0.071788 -0.001231 0.213710
0.083622 0.000810 0.214711
0.075003 -0.001687 0.207989
0.078490 0.001641 0.216113
0.073880 0.000371 0.215976
0.079338 0.002232 0.216782
0.079333 0.002284 0.215246
0.083212 -0.000324 0.213081
0.080740 0.000858 0.213619
0.074885 -0.001191 0.208642
0.073025 -0.001062 0.212202
0.081961 -0.000221 0.212609
0.075808 -0.000671 0.212095
0.077750 -0.001627 0.211307
0.079496 0.000740 0.213126
0.073542 0.000266 0.211121
0.080982 -0.000296 0.211984
0.073920 -0.000064 0.214511
0.082292 -0.000687 0.214394
0.074878 -0.000592 0.212501
0.074951 -0.000442 0.212836
0.077584 -0.001608 0.208310
0.080614 0.000575 0.213207
0.073026 0.000144 0.210457
0.080632 0.002489 0.216899
0.081387 0.001892 0.214691
0.080905 0.001674 0.214527
0.077711 0.000525 0.214690
0.079717 0.001765 0.215971
0.074049 0.000304 0.211791
0.079982 0.002090 0.214836
0.073565 -0.000144 0.214887
0.073492 0.000309 0.210946
0.071617 -0.001274 0.213886
0.079879 0.000041 0.212234
0.079262 0.001937 0.214668
0.075191 0.000198 0.211634
0.078309 -0.000681 0.212454
0.082719 -0.000475 0.212629
0.075691 0.000300 0.212002
0.075903 -0.001655 0.208078
0.073079 -0.000953 0.212712
0.077228 0.003396 0.218529
0.073702 -0.000306 0.214099
0.079959 0.002119 0.216486
0.078677 0.002677 0.216141
0.073029 -0.000720 0.213937
0.078289 0.001766 0.214613
0.074735 -0.000811 0.209414
0.079014 -0.001172 0.210245
0.073811 -0.001515 0.210944
0.080045 0.000956 0.213464
0.078108 0.002373 0.217453
0.083560 -0.000761 0.212685
0.080768 -0.000371 0.211838
0.074721 0.001492 0.213989
0.075187 -0.002033 0.210010
0.073056 -0.000062 0.209999
0.077957 0.000559 0.214752
0.078096 0.002205 0.215325
0.079074 -0.002016 0.207130
0.082792 0.000603 0.213706
0.079088 0.002592 0.217456
0.080603 0.001589 0.215637
0.073484 0.001022 0.212528
0.078144 0.003245 0.217651
0.077531 0.002234 0.217491
0.076973 -0.001081 0.211553
0.074185 -0.001046 0.211574
0.080172 -0.000234 0.211820
0.076350 0.000953 0.215331
0.079508 0.002301 0.215234
0.073880 0.000329 0.216745
0.080657 -0.000938 0.210996
0.080191 0.000732 0.214645
0.073644 -0.001492 0.210757
0.079843 0.002308 0.216765
0.076424 -0.000365 0.211003
0.083471 -0.000000 0.213554
0.077025 0.001022 0.213239
0.077745 -0.002585 0.208076
0.076172 -0.000831 0.210002
0.074538 0.000521 0.215400
0.083217 -0.001239 0.211847
0.078138 -0.002000 0.207613
0.078152 0.000697 0.214916
0.072841 0.000795 0.212265
0.080551 0.000199 0.212493
0.076258 -0.000478 0.212380
0.075189 -0.002432 0.208508
0.075209 0.002548 0.215877
0.073998 -0.000058 0.210415
0.082492 0.002529 0.215438
0.077616 -0.001554 0.208965
0.079996 0.001138 0.213697
0.078101 -0.001978 0.207232
0.076033 0.001235 0.213643
0.079480 -0.003141 0.207434
0.080567 0.000961 0.213684
0.074159 -0.000836 0.209079
0.076405 -0.000833 0.211815
0.081226 -0.001404 0.210640
0.080474 -0.001427 0.210158
0.076922 -0.000209 0.212908
0.074663 -0.000532 0.212815
0.080835 0.001370 0.214107
0.076894 0.003666 0.218866
0.082544 0.001603 0.215673
0.082322 -0.000303 0.214758
0.075978 0.000795 0.212872
0.078720 -0.001383 0.209668
0.081596 0.001508 0.214401
0.081822 0.000702 0.213584
0.079354 -0.002025 0.207330
0.077310 0.000647 0.214784
0.076459 0.000040 0.211675
0.077233 0.001979 0.217184
0.081367 0.000586 0.213377
0.084091 -0.001015 0.212422
0.083157 -0.001298 0.211310
0.081883 0.001293 0.214198
0.079564 -0.001393 0.209648
0.077565 0.001425 0.216041
0.081661 0.000580 0.213372
0.074963 -0.002300 0.209016
0.073458 -0.000641 0.213428
0.078397 -0.000296 0.213609
0.076155 -0.002470 0.208914
0.082975 0.002199 0.215278
0.081072 0.002814 0.215655
0.080751 0.000359 0.212751
0.075475 0.001294 0.213572
0.080269 0.003141 0.216627
0.074282 0.000013 0.214325
0.075732 0.001087 0.216065
0.078500 0.001355 0.215654
0.077776 -0.001157 0.209728
0.075123 0.000581 0.215018
0.072903 -0.001023 0.212744
0.081294 0.002207 0.214950
0.077016 0.002491 0.218720
0.074503 -0.000394 0.213175
0.076177 -0.000277 0.211182
0.079192 -0.000690 0.210845
0.078123 0.002474 0.217689
0.072943 -0.000204 0.216076
0.080012 0.000038 0.212239
0.078922 0.000942 0.213232
0.073489 -0.001026 0.211854
0.077970 0.000087 0.211878
0.074155 -0.000911 0.212025
0.078249 0.002404 0.215777
0.080243 0.003216 0.216915
0.075465 -0.000057 0.213271
0.074562 -0.001762 0.210960
0.083797 -0.001059 0.212094
0.073870 0.000308 0.217163
0.079208 -0.001079 0.210308
0.080842 0.002959 0.216032
0.080533 0.002413 0.215290
0.073091 -0.000349 0.215181
0.073151 -0.000994 0.212430
0.078825 -0.001038 0.210345
0.075361 0.001675 0.219117
0.076531 0.003876 0.219079
0.077351 -0.001293 0.209483
0.077004 0.001000 0.215294
0.077178 -0.000124 0.211482
0.076800 0.001334 0.215982
0.073402 -0.000337 0.209691
0.080061 0.001315 0.215202
0.075764 0.001593 0.217382
0.074639 -0.000381 0.210483
0.077907 -0.001588 0.208870
0.074564 0.002213 0.215181
0.075556 -0.000393 0.210823
0.074439 0.001742 0.214391
0.074921 -0.000951 0.209216
0.073433 0.000266 0.211730
0.079238 0.003232 0.217232
0.082518 0.000077 0.213073
0.073501 -0.001347 0.210994
0.075640 0.001408 0.214583
0.075617 -0.000504 0.212389
0.072644 0.001178 0.214338
0.074774 0.000698 0.215930
0.075910 -0.001027 0.209454
0.079974 -0.000196 0.211840
0.077997 -0.001957 0.207752
0.078802 -0.001827 0.207782
0.074159 0.000951 0.212714
0.076406 0.002214 0.218409
0.080439 0.002209 0.214988
0.080286 0.002035 0.216365
0.080405 -0.000810 0.214036
0.080280 -0.002106 0.209586
0.074774 0.000859 0.216504
0.074397 0.000537 0.212182
0.079552 0.001256 0.213728
0.079334 -0.001643 0.211432
0.073412 0.001841 0.215673
0.073116 -0.000360 0.214990
0.078411 -0.001572 0.208700
0.074938 -0.001737 0.211095
0.077840 0.003083 0.217321
0.075675 0.002646 0.216982
0.079271 0.002877 0.216319
0.077358 -0.000723 0.210390
0.074555 -0.001840 0.210251
0.080747 0.001999 0.214820
0.080772 -0.001195 0.213372
0.080544 -0.000641 0.211389
0.077613 0.002988 0.217009
0.073214 -0.001212 0.211272
0.079039 -0.000366 0.211357
0.076713 0.001895 0.217293
0.075957 0.001648 0.214934
0.077017 -0.001645 0.208639
0.075049 0.002656 0.216360
0.081654 -0.000176 0.212476
0.077045 0.002914 0.217028
0.080048 0.002475 0.216986
0.081772 -0.000531 0.214627
0.078874 0.001730 0.216104
0.075226 0.001364 0.218365
0.082252 -0.000846 0.212198
0.076635 -0.000718 0.212004
0.083828 0.000813 0.214350
0.079906 0.000185 0.212453
0.074069 -0.000717 0.212766
0.079325 -0.001614 0.209166
0.077655 0.003466 0.218901
0.075992 -0.000085 0.213060
0.077175 0.000457 0.212321
0.073095 -0.000168 0.209642
0.073596 -0.000511 0.209450
0.082384 -0.001105 0.211910
0.079844 0.002762 0.217489
0.076650 -0.001442 0.208966
0.074193 0.000685 0.217971
0.078982 -0.001910 0.206976
0.079394 0.002115 0.214962
0.076597 0.001455 0.214000
0.077752 0.001328 0.213844
0.078061 0.000389 0.214590
0.075405 0.001518 0.218484
0.075824 -0.001940 0.208141
0.078288 -0.001792 0.208134
0.072072 0.000271 0.211233
0.073700 -0.000259 0.214293
0.080303 -0.002201 0.207325
0.077414 -0.000390 0.210974
0.078171 0.000842 0.215105
0.082972 0.001026 0.214164
0.076710 -0.001317 0.209180
0.078920 0.001956 0.214864
0.076203 0.001845 0.217189
0.081159 -0.001467 0.210435
0.078293 0.000422 0.214662
0.076698 0.003074 0.217785
0.078178 -0.000897 0.210351
0.082959 0.000685 0.213858
0.073963 0.001618 0.214151
0.082248 0.001940 0.214899
0.078392 -0.001612 0.208489
0.075838 -0.001443 0.208683
0.076910 0.002604 0.219575
0.079902 0.000402 0.212785
0.077834 0.001351 0.215861
0.080724 -0.001867 0.208750
0.074727 0.002113 0.214998
0.077343 0.000150 0.213789
0.076634 0.000917 0.213055
0.083794 -0.000908 0.212786
0.077848 -0.000302 0.213113
0.081311 -0.001659 0.209778
0.075552 0.001291 0.216703
0.079513 -0.000766 0.210860
0.075349 -0.000271 0.211017
0.074156 0.000452 0.217481
0.078435 -0.000345 0.211244
0.075845 0.001841 0.218338
0.074347 0.000334 0.211763
0.075685 0.001862 0.215136
0.078578 -0.001578 0.208935
0.077339 0.000761 0.212766
0.073154 -0.000268 0.209408
0.075312 0.002612 0.216172
0.078355 0.002357 0.217337
0.078339 0.001956 0.216591
0.076768 0.002485 0.215967
0.076488 0.001992 0.215275
0.081759 -0.001123 0.211401
0.078388 -0.000090 0.211702
0.075001 0.002348 0.215402
0.078950 -0.002339 0.210231
0.077096 0.001407 0.216045
0.080035 -0.000059 0.212097
0.076954 -0.001237 0.209435
0.074358 -0.000516 0.213039
0.077339 0.002969 0.217608
0.078783 -0.001661 0.208581
0.078807 0.000161 0.214540
0.076463 0.000540 0.214230
0.071780 0.000329 0.211808
0.080290 -0.001783 0.208954
0.079019 0.001216 0.215381
0.078230 0.001483 0.215959
0.075736 -0.001186 0.209056
0.076660 0.000551 0.212449
0.076565 -0.002043 0.208165
0.075429 -0.000914 0.209484
0.075888 -0.000185 0.211326
0.076477 -0.000492 0.210698
0.079243 0.001731 0.216008
0.074909 -0.001136 0.208949
0.073341 -0.000358 0.214454
0.074540 -0.000768 0.209404
0.082005 0.002306 0.215138
0.080359 0.000737 0.213356
0.080053 0.002628 0.215529
0.077339 -0.000450 0.210804
0.076692 0.002246 0.218235
0.082878 0.000957 0.214039
0.077589 -0.000418 0.212684
0.083461 0.001737 0.215013
0.077860 0.003411 0.218358
0.075387 0.001447 0.217946
0.076195 0.002707 0.216841
0.079954 0.002691 0.215688
0.073962 -0.000517 0.213274
0.077788 -0.002007 0.207700
0.079891 0.001334 0.213955
0.074918 0.002486 0.215636
0.074094 0.000060 0.214637
0.072079 -0.001162 0.213469
0.075516 0.000347 0.214190
0.076515 0.001652 0.216664
0.076461 -0.000774 0.210157
0.074267 -0.000339 0.213401
0.077883 -0.001736 0.208109
0.078995 0.002791 0.218181
0.076427 0.003549 0.218499
0.081158 0.001461 0.215417
0.075114 0.001351 0.219454
0.072783 0.000200 0.210493
0.072949 0.000236 0.210659
0.079297 -0.000348 0.211467
0.076500 -0.001734 0.208337
0.077193 0.001151 0.213471
0.074743 -0.001501 0.211232
0.079123 0.000866 0.215056
0.074526 0.000421 0.211947
0.080085 -0.001919 0.208390
0.082623 -0.001003 0.212065
0.074106 0.001841 0.214730
0.077470 0.001936 0.216996
0.079280 -0.000217 0.214281
0.073078 0.000461 0.211886
0.073808 -0.001544 0.209789
0.074960 -0.000019 0.213699
0.076432 -0.001651 0.208570
0.076533 -0.000645 0.210417
0.075848 0.001685 0.217277
0.080322 0.001046 0.213667
0.074632 0.000996 0.217654
0.080273 0.002193 0.214975
0.076150 -0.001130 0.209295
0.082903 -0.000836 0.212176
0.079972 0.002854 0.216118
0.080488 0.002212 0.214991
0.078171 0.000737 0.212780
0.076784 -0.000829 0.210074
0.072726 -0.000507 0.215795
0.081565 0.001460 0.214352
0.076512 0.001482 0.214451
0.079644 -0.001853 0.208261
0.076717 0.001391 0.213941
0.073055 -0.000461 0.214903
0.082302 0.000857 0.213826
0.078648 0.001556 0.214103
0.076180 0.000570 0.214346
0.073330 -0.001353 0.210300
0.077501 0.003317 0.218251
0.077168 0.002451 0.218383
0.075537 0.002140 0.215397
0.079245 0.000041 0.212055
0.074921 0.000989 0.212996
0.076693 0.001755 0.216881
0.080022 0.000770 0.213242
0.083450 0.000170 0.213686
0.072927 -0.000572 0.214683
0.077573 0.002202 0.215510
0.076828 0.001461 0.214088
0.080426 0.001917 0.214625
0.078794 -0.001253 0.210022
0.077876 -0.002656 0.210393
0.081415 0.000835 0.215114
0.078477 0.000949 0.213153
0.075011 0.000443 0.214745
0.074606 0.000088 0.214280
0.078908 -0.001033 0.212109
0.075837 -0.001573 0.208158
0.077341 0.000646 0.212581
0.077057 0.001956 0.215196
0.076280 0.003412 0.218293
0.075369 0.000247 0.211800
0.080941 0.002310 0.215105
0.078894 0.000479 0.212584
0.074208 0.000476 0.212025
0.079141 -0.000222 0.211666
0.075120 -0.002034 0.209767
0.076325 -0.001721 0.208265
0.078607 0.000504 0.214792
0.080120 0.001454 0.214189
0.083114 -0.000449 0.212870
0.074567 0.002380 0.215724
0.077141 0.001469 0.214280
0.078778 -0.000120 0.211719
0.083687 0.001373 0.214816
0.075377 0.001407 0.213811
0.074531 -0.000019 0.210983
0.075127 0.002634 0.216043
0.079400 -0.001211 0.210111
0.074480 0.000577 0.215768
0.074424 0.000132 0.211267
0.076240 0.000909 0.212978
0.079280 0.001295 0.215414
0.076334 0.002432 0.215930
0.072882 -0.000882 0.213443
0.075312 -0.001899 0.210925
0.082698 0.001279 0.214305
0.078003 0.000659 0.212663
0.073875 0.001317 0.213199
0.079053 0.002059 0.214972
0.073726 -0.001491 0.210198
0.078117 -0.000145 0.211531
0.077962 0.001571 0.216174
0.079753 -0.001965 0.207846
0.074172 -0.000979 0.208535
0.075405 -0.000779 0.209833
0.076307 0.002163 0.218677
0.080757 -0.001658 0.209443
0.072858 0.000895 0.212671
0.077213 0.002222 0.217720
0.074688 0.000630 0.212565
0.075945 0.000638 0.214676
0.079927 -0.001367 0.209945
0.076011 0.001053 0.213402
0.080250 0.002961 0.216277
0.074059 -0.001694 0.210703
0.083004 0.000318 0.213482
0.081252 0.002808 0.215621
0.075143 0.000362 0.212042
0.080798 0.002368 0.215186
0.076879 -0.002105 0.208053
0.077239 0.002708 0.219253
0.075175 0.001194 0.217058
0.074282 0.001422 0.213737
0.075132 -0.000371 0.210649
0.076995 0.003374 0.218441
0.075480 0.001410 0.217478
0.075425 0.000337 0.212079
0.073712 -0.001304 0.211216
0.081229 0.000472 0.213174
0.081307 0.000336 0.212820
0.082315 0.000981 0.215333
0.078179 -0.000445 0.211000
0.075503 0.000669 0.212682
0.081636 -0.000022 0.212609
0.082825 -0.001318 0.211187
0.077932 0.002457 0.217878
0.072628 0.000228 0.210519
0.075464 -0.001605 0.208067
0.079655 0.002630 0.215722
0.074803 -0.000225 0.210827
0.071969 -0.001203 0.213404
0.079663 -0.000381 0.211484
0.074895 -0.000372 0.210529
0.073786 0.000245 0.211721
0.080561 0.002983 0.216256
0.080715 0.002766 0.215764
0.075892 0.001454 0.214634
0.081226 0.001623 0.214473
0.074916 -0.000872 0.209357
0.078564 0.002133 0.216857
0.073961 0.000315 0.215599
0.080080 0.001899 0.216146
0.074649 0.000847 0.216930
0.076025 0.001770 0.217396
0.078465 0.002994 0.216689
0.078854 0.002101 0.216690
0.076263 0.001437 0.214148
0.078434 -0.001886 0.207901
0.073339 -0.000851 0.212791
0.078308 0.002226 0.215392
0.078029 0.002633 0.218669
0.080024 -0.000922 0.210742
0.076747 -0.002351 0.208359
0.073329 -0.000240 0.209904
0.078239 0.001919 0.215027
0.079067 0.002315 0.215448
0.076965 0.002586 0.216160
0.073017 0.000296 0.211013
0.078390 0.000346 0.212345
0.073922 -0.000241 0.214092
0.075297 0.002123 0.215255
0.075732 0.001776 0.218560
0.078222 0.001798 0.214679
0.077921 0.001566 0.214320
0.079880 0.000334 0.212647
0.074569 0.000709 0.216459
0.074739 -0.001878 0.210790
0.080911 0.002170 0.214972
0.081329 -0.001607 0.209888
0.077945 0.003253 0.217843
0.081835 -0.000721 0.212054
0.081012 -0.001868 0.208877
0.076647 -0.001168 0.209383
0.076428 0.000864 0.215087
0.074395 0.001547 0.214055
0.079832 0.002474 0.215377
0.080784 0.001467 0.215440
0.076541 0.003807 0.218926
0.073040 -0.000051 0.215965
0.075562 -0.002377 0.209181
0.078611 -0.001794 0.206878
0.074778 0.001094 0.218201
0.072895 -0.001043 0.212424
0.081025 0.002437 0.216685
0.077616 0.002050 0.215235
0.077179 0.002699 0.216498
0.078476 -0.000957 0.212042
0.077258 -0.001613 0.208697
0.076489 0.002091 0.217686
0.072894 -0.001214 0.211089
0.077252 0.001674 0.214672
0.075388 0.000060 0.211505
0.082323 -0.001014 0.212024
0.075914 0.002395 0.215797
0.075183 0.000895 0.212909
0.081754 0.001222 0.215316
0.078204 -0.002725 0.207521
0.076639 0.001850 0.215103
0.078357 -0.001344 0.211627
0.080236 0.002482 0.215310
0.081113 -0.000545 0.214451
0.076474 -0.000959 0.209800
0.077707 0.002338 0.217673
0.077058 -0.000711 0.210313
0.074780 -0.001105 0.208766
0.075956 0.000368 0.214028
0.072719 -0.000824 0.213962
0.076408 0.002257 0.218733
0.076004 0.002697 0.217090
0.076902 0.002729 0.216625
0.078840 0.001909 0.214789
0.083425 -0.001070 0.212070
0.076170 -0.000293 0.212689
0.076079 -0.000037 0.211536
0.079902 0.000746 0.214709
0.074049 -0.000293 0.210184
0.079496 0.001873 0.216130
0.075256 0.000469 0.214529
0.075862 -0.001469 0.208321
0.081049 0.001523 0.214334
0.075328 0.000218 0.214001
0.080350 0.001325 0.215201
0.082286 0.000308 0.213186
0.082498 0.000381 0.213366
0.073886 -0.001129 0.211498
0.074546 -0.000148 0.213730
0.077278 0.003524 0.218843
0.074991 0.000139 0.214063
0.078772 -0.001698 0.208400
0.077697 0.000110 0.213937
0.082693 0.001144 0.214136
0.081766 -0.000658 0.212051
0.078768 0.000007 0.211887
0.078461 0.002498 0.215932
0.074762 0.000999 0.217435
0.078516 -0.000987 0.210323
0.077630 -0.000720 0.212138
0.074522 -0.000639 0.209731
0.075511 0.001509 0.217872
0.078022 0.002720 0.216296
0.078514 0.001936 0.214985
0.080534 -0.001894 0.208611
0.080671 0.001198 0.215074
0.075723 0.000676 0.214911
0.075829 0.002000 0.215370
0.077420 -0.001721 0.208095
0.076093 0.003775 0.219010
0.082985 0.001176 0.214291
0.078262 0.002604 0.217969
0.073547 0.001124 0.212776
0.080001 -0.001324 0.210083
0.073278 -0.000659 0.213705
0.081226 0.001319 0.214136
0.077900 -0.000593 0.212433
0.074193 0.000553 0.216994
0.075023 0.000550 0.212514
0.075364 -0.000819 0.209680
0.076906 0.000748 0.214868
0.080439 0.002282 0.215124
0.072767 -0.000046 0.209758
0.076185 0.001562 0.216688
0.076410 0.001928 0.217450
0.082997 -0.000160 0.213076
0.081844 0.000883 0.213785
0.083789 0.000742 0.214419
0.077513 0.000848 0.212968
0.078021 0.002350 0.215633
0.072554 -0.000866 0.214043
0.076405 0.001780 0.217023
0.077407 -0.002646 0.209212
0.079053 0.002465 0.215753
0.074663 -0.000512 0.210130
0.075783 0.001108 0.213421
0.073952 0.001275 0.213145
0.078096 -0.001189 0.209831
0.073657 0.001272 0.213073
0.075107 0.001590 0.214217
0.076407 0.000456 0.212327
0.077376 -0.001129 0.211565
0.078225 0.003018 0.216816
0.077700 0.001874 0.214830
0.079601 -0.001605 0.209236
0.078882 0.001920 0.214823
0.077491 -0.002172 0.207560
0.077545 0.001831 0.216764
0.080439 -0.001849 0.208811
0.074876 0.000786 0.212761
0.079320 -0.001800 0.208270
0.081165 -0.001916 0.208854
0.074357 -0.001701 0.209698
0.081060 0.000407 0.212859
0.078909 0.001334 0.213800
0.081524 -0.000645 0.211944
0.081031 -0.000731 0.211482
0.078530 -0.001703 0.208381
0.074290 0.001201 0.213218
0.076066 0.000363 0.212161
0.076564 0.002711 0.216633
0.079224 -0.001864 0.207514
0.075161 0.001706 0.214550
0.077417 0.002521 0.218377
0.073098 -0.000640 0.214080
0.073347 -0.001356 0.210660
0.073571 -0.000173 0.214619
0.077074 -0.001571 0.208969
0.074425 0.000887 0.212766
0.080795 0.001059 0.213862
0.078140 0.000506 0.212468
0.079554 0.001852 0.214427
0.075687 0.001452 0.214750
0.073995 0.000436 0.216700
0.074309 -0.000793 0.212357
0.076329 0.003118 0.217832
0.080748 -0.000179 0.212032
0.078347 -0.001937 0.211051
0.077941 0.000344 0.212265
0.075031 0.000321 0.211833
0.074430 -0.001828 0.210679
0.076275 0.002106 0.218204
0.079861 -0.001181 0.210317
0.079729 0.002897 0.216196
0.080079 0.002306 0.215127
0.078470 -0.001955 0.207568
0.077213 0.001598 0.216379
0.074081 0.000549 0.216778
0.076076 0.002002 0.218443
0.075583 -0.001982 0.208100
0.073087 -0.001224 0.211206
0.081316 0.002089 0.216134
0.076127 -0.001668 0.211160
0.078978 0.001948 0.216333
0.079309 0.000360 0.212502
0.076858 -0.000179 0.211398
0.073577 0.000280 0.210748
0.078132 0.000897 0.213031
0.078095 0.003076 0.217084
0.079721 -0.001280 0.210076
0.074026 0.001394 0.213511
0.075551 0.000441 0.212317
0.074658 -0.001877 0.210500
0.082050 -0.001285 0.211327
0.074400 0.000793 0.217947
0.075487 0.000550 0.214711
0.076747 0.002054 0.215393
0.076456 -0.000173 0.211356
0.073742 0.000235 0.216685
0.074790 0.001082 0.217554
0.074683 -0.001760 0.207902
0.075176 -0.000965 0.209299
0.079024 0.000270 0.212376
0.075652 0.001273 0.213589
0.083152 0.001055 0.214263
0.081694 -0.000733 0.211939
0.079124 0.002182 0.215146
0.072756 -0.000994 0.213180
0.075035 -0.002123 0.208050
0.074792 0.000410 0.212001
0.075592 -0.002050 0.210702
0.074952 0.000226 0.211617
0.079753 0.002239 0.215071
0.077407 0.000210 0.211987
0.077190 0.000087 0.211810
0.079171 0.002927 0.216495
0.083471 0.001300 0.214672
0.079838 0.001236 0.215225
0.073288 -0.000320 0.209520
0.080365 -0.001714 0.209205
0.083061 -0.002365 0.211857
0.080853 0.000091 0.212440
0.076100 0.001957 0.218086
0.078836 0.002171 0.215264
0.077590 -0.000684 0.210544
0.079392 -0.000269 0.211714
0.080919 -0.001790 0.209096
0.082852 0.002004 0.215092
0.071274 0.000667 0.214954
0.076010 0.002562 0.216404
0.075713 -0.000170 0.212964
0.078815 -0.001511 0.209316
0.079321 -0.000089 0.211940
0.075599 0.000174 0.213712
0.078925 -0.000798 0.210608
0.075818 0.001903 0.218838
0.082633 0.000463 0.213479
0.078595 -0.000745 0.210629
0.077854 -0.001605 0.208290
0.076211 -0.001034 0.209506
0.077958 0.001513 0.214156
0.078654 0.002751 0.218207
0.078684 0.001150 0.215362
0.074331 0.000616 0.212387
0.081631 -0.001092 0.211268
0.079130 -0.001231 0.210062
0.080559 0.000694 0.213396
0.075672 -0.002320 0.209492
0.077405 0.002664 0.218916
0.076261 0.002232 0.219069
0.073868 -0.000740 0.209090
0.076929 0.000099 0.213540
0.072858 -0.000411 0.215765
0.078312 0.003374 0.217950
0.075996 0.001984 0.215350
0.075247 0.001417 0.219511
0.074138 0.000564 0.216642
0.081963 -0.000677 0.212205
0.081512 0.000467 0.213143
0.081365 0.000431 0.212988
0.074545 -0.001826 0.210094
0.075972 -0.002377 0.209832
0.074574 0.000914 0.217809
0.074155 0.000522 0.216339
0.079844 -0.002063 0.207552
0.077507 -0.000107 0.213352
0.077894 0.001740 0.214613
0.082454 0.001773 0.214745
0.080095 -0.002154 0.207433
0.082094 0.001476 0.214376
0.074375 0.000357 0.215137
0.082616 0.000704 0.213749
0.079163 -0.001540 0.209391
0.076858 0.001695 0.216631
0.078369 0.002332 0.215634
0.075491 0.001516 0.214684
0.075319 -0.001023 0.211665
0.081447 -0.001617 0.209908
0.081329 -0.001165 0.213762
0.074329 0.002051 0.215051
0.077345 0.000995 0.213187
0.073940 0.001717 0.214489
0.081745 -0.001321 0.210953
0.075692 0.000120 0.211678
0.080243 -0.001254 0.210381
0.082871 0.001109 0.214143
0.078887 -0.001566 0.208992
0.078049 -0.001906 0.207888
0.083308 0.000036 0.213431
0.081023 0.000920 0.213691
0.081219 -0.000512 0.211918
0.072782 -0.000684 0.214924
0.083918 -0.000984 0.213132
0.075346 0.001458 0.218183
0.076200 0.000977 0.215511
0.078814 0.001468 0.213961
0.073829 -0.001578 0.210562
0.074424 0.000906 0.218239
0.081761 0.001690 0.214608
0.075629 0.001578 0.217764
0.078513 0.002581 0.217709
0.079038 -0.001913 0.207238
0.076450 0.001367 0.216165
0.079523 -0.001975 0.207514
0.079985 -0.001922 0.208229
0.074926 -0.001234 0.208513
0.076168 0.002090 0.218761
0.079843 -0.001685 0.209079
0.078663 0.002003 0.216522
0.077882 0.002048 0.216970
0.077693 0.002390 0.217894
0.081806 0.002514 0.215297
0.073059 -0.000494 0.214463
0.073594 -0.001462 0.210516
0.081667 -0.000914 0.211745
0.076477 0.000677 0.214561
0.073367 -0.000771 0.213087
0.083372 -0.000850 0.212266
0.082887 0.001423 0.214552
0.077126 -0.000925 0.209964
0.073306 -0.000534 0.209048
0.077809 -0.001577 0.208609
0.080421 -0.001455 0.210026
0.077795 -0.002067 0.207355
0.074812 0.000327 0.211750
0.078205 -0.001582 0.208857
0.076527 0.002373 0.218991
0.079370 -0.001316 0.209863
0.075624 0.001619 0.214866
0.075512 -0.000520 0.210486
0.082642 0.001418 0.214450
0.078879 -0.000637 0.210828
0.081194 -0.001615 0.210017
0.077429 0.001063 0.215410
0.074038 0.000102 0.210658
0.077059 0.002027 0.217373
0.078827 0.002901 0.216451
0.081996 -0.001224 0.211558
0.080932 0.001558 0.215555
0.077564 0.000766 0.214977
0.082124 0.000718 0.213665
0.082638 0.000811 0.213850
0.080553 0.003127 0.216473
0.078209 -0.000298 0.211259
0.080667 0.001784 0.215923
0.080537 0.002100 0.216376
0.074980 -0.000679 0.212248
0.078174 0.001294 0.215652
0.078813 -0.002767 0.208792
0.078674 0.002915 0.216394
0.082999 0.001684 0.214851
0.077207 0.002360 0.215747
0.079485 0.001745 0.214296
0.078150 -0.002708 0.208449
0.077179 0.003189 0.218027
0.075044 0.001268 0.217767
0.077702 0.002449 0.215949
0.073804 -0.000819 0.208625
0.080233 0.001676 0.214380
0.076223 -0.000055 0.213115
0.077338 0.002177 0.217479
0.073792 0.000266 0.216021
0.075422 -0.001369 0.208494
0.079489 0.001437 0.213940
0.079681 0.001200 0.213774
0.082144 0.002049 0.215040
0.076703 0.003599 0.218671
0.077384 -0.002667 0.210442
0.076042 0.000483 0.212428
0.074156 -0.001213 0.211386
0.074383 -0.001753 0.210072
0.080196 0.000094 0.212329
0.082376 0.001561 0.214506
0.073438 -0.000220 0.214821
0.080491 -0.000275 0.211848
0.074719 -0.000932 0.209149
0.074837 0.001762 0.214453
0.078883 0.002669 0.217834
0.083834 0.001435 0.214947
0.081797 0.001572 0.214478
0.078409 -0.000572 0.210832
0.076712 0.001037 0.213290
0.076750 -0.000294 0.211174
0.077016 0.003724 0.219032
0.082988 -0.000555 0.212542
0.073899 -0.000994 0.208300
0.072777 0.000401 0.211760
0.075639 0.001703 0.218325
0.075895 0.001711 0.217636
0.075100 -0.000649 0.210064
0.077855 0.001441 0.214052
0.077092 -0.001122 0.209657
0.076847 0.003214 0.218068
0.073984 0.000342 0.217390
0.072287 0.001692 0.217107
0.081946 0.001498 0.215508
0.074151 -0.001638 0.209957
0.081033 0.000273 0.212697
0.074162 0.001642 0.214206
0.079687 0.001088 0.213540
0.076177 0.000990 0.213209
0.073872 0.000344 0.216801
0.074763 -0.002004 0.207956
0.074989 -0.001959 0.210323
0.080378 0.002573 0.217093
0.077938 0.000982 0.215254
0.080012 -0.001064 0.210555
0.074088 -0.002138 0.209028
0.072672 -0.000784 0.215246
0.082251 0.002752 0.215580
0.079167 0.001582 0.214113
0.078725 0.002999 0.216791
0.075066 0.001265 0.217950
0.078181 0.001716 0.214531
0.075053 -0.000687 0.209888
0.076142 0.001932 0.217754
0.076111 -0.001498 0.208620
0.074696 0.000281 0.211603
0.074119 0.000499 0.216120
0.083070 0.000509 0.213711
0.081550 0.003117 0.215976
0.074708 0.000015 0.214017
0.075904 -0.000388 0.212544
0.079320 0.000730 0.213035
0.076471 0.001052 0.213304
0.077305 -0.000418 0.212572
0.073721 -0.000455 0.209718
0.076239 0.000630 0.212642
0.078125 0.002213 0.217167
0.074425 0.000950 0.218544
0.077788 -0.000050 0.211651
0.080276 -0.001047 0.210712
0.076660 -0.000143 0.211463
0.083580 0.000377 0.213935
0.077354 -0.001562 0.208939
0.080300 0.002300 0.216670
0.076335 0.001876 0.215169
0.077570 0.000415 0.212307
0.083773 0.000905 0.214472
0.073793 -0.000012 0.214860
0.077963 0.002670 0.219030
0.078046 0.002648 0.218315
0.072340 0.000363 0.211590
0.077432 -0.000998 0.209908
0.077654 -0.001667 0.208119
0.080976 -0.001862 0.211649
0.071924 0.001294 0.216257
0.079870 0.002729 0.215861
0.080907 0.001981 0.216123
0.074776 0.000002 0.211178
0.076105 0.001297 0.216203
0.076403 -0.001850 0.208193
0.078538 -0.000371 0.211267
0.074735 0.000249 0.214553
0.082608 -0.000816 0.212235
0.077059 -0.000442 0.210841
0.078965 0.000126 0.212256
0.082360 0.000572 0.213513
0.075938 -0.000377 0.210954
0.082067 0.000195 0.212989
0.072773 -0.000620 0.215504
0.076661 0.003392 0.218324
0.076157 0.001146 0.215922
0.077219 -0.001954 0.207960
0.079227 0.002653 0.217586
0.079434 0.003362 0.217404
0.076007 -0.000910 0.209729
0.071997 -0.001009 0.214138
0.077554 -0.000508 0.210759
0.078750 -0.001789 0.208167
0.074632 -0.000961 0.208977
0.075184 0.001130 0.216554
0.074151 -0.000069 0.210564
0.077973 0.002021 0.215091
0.079260 0.001839 0.214473
0.075347 0.000950 0.213062
0.078773 -0.000398 0.211278
0.080244 0.001120 0.214996
0.077746 0.000871 0.215151
0.074443 0.000807 0.217488
0.075949 0.000977 0.215706
0.074616 0.001356 0.213683
0.080999 -0.001302 0.210811
0.075897 0.003368 0.218314
0.077624 -0.001856 0.207940
0.075831 0.001829 0.218160
0.079500 0.001925 0.214562
0.078857 0.002258 0.216960
0.079001 0.001073 0.215238
0.074968 0.001205 0.218592
0.080743 -0.001701 0.209486
0.080933 -0.001704 0.209445
0.079031 -0.001714 0.208412
0.073728 0.000121 0.211445
0.074831 0.000446 0.212262
0.079084 -0.001874 0.208155
0.074548 0.000319 0.211657
0.082198 0.001612 0.214504
0.076487 0.001466 0.214168
0.082266 -0.000334 0.212640
0.072301 0.000299 0.211257
0.075334 0.001272 0.213534
0.076111 0.003592 0.218602
0.075824 -0.000806 0.210014
0.078462 -0.000219 0.211466
0.075005 0.000793 0.216060
0.072744 -0.000881 0.213637
0.076417 0.002131 0.215441
0.075583 0.000884 0.215715
0.073972 -0.000871 0.212252
0.073265 -0.001055 0.212003
0.081487 0.002143 0.214881
0.077628 0.002646 0.218833
0.083811 -0.001019 0.213380
0.075861 0.002795 0.217393
0.078705 0.002055 0.215087
0.083137 0.000928 0.214144
0.076480 -0.002520 0.209347
0.079446 -0.000937 0.210500
0.077409 -0.001113 0.209715
0.080666 -0.001203 0.210797
0.079321 -0.000483 0.211229
0.080380 -0.001932 0.208467
0.072847 -0.001047 0.212611
0.076783 0.000909 0.213052
0.079523 -0.001135 0.210258
0.077952 0.001163 0.213523
0.080096 0.000877 0.214770
0.076418 0.002920 0.217328
0.077727 0.002565 0.218205
0.079979 -0.002210 0.207064
0.075878 -0.000001 0.213237
0.079387 -0.001881 0.207752
0.072469 -0.000847 0.214225
0.073509 -0.000129 0.215059
0.073868 -0.000998 0.211799
0.080309 0.001690 0.215832
0.074279 -0.001164 0.208081
0.074560 0.000703 0.217120
0.082375 0.001293 0.214261
0.075984 0.001333 0.216391
0.080471 0.002262 0.215233
0.076821 0.002989 0.217585
0.078722 0.000893 0.213097
0.075334 0.001288 0.217231
0.076430 0.002320 0.215771
0.075449 -0.001995 0.210801
0.074781 0.002342 0.215355
0.078510 0.002129 0.215260
0.076719 -0.000108 0.213070
0.073863 0.000083 0.215004
0.076053 -0.001739 0.208149
0.081358 -0.001510 0.210363
0.080428 -0.000503 0.211534
0.080834 -0.001920 0.208626
0.076018 -0.002476 0.209309
0.079300 0.000230 0.214622
0.078627 0.002317 0.217195
0.081686 -0.000908 0.214187
0.075211 0.000054 0.213677
0.080466 0.001463 0.214178
0.076276 -0.001340 0.208881
0.073452 0.000098 0.216041
0.081386 -0.000711 0.211773
0.078612 0.001331 0.213770
0.077663 0.002578 0.218501
0.075847 0.001460 0.216771
0.078273 0.000962 0.213139
0.076828 -0.001497 0.209064
0.074922 0.000982 0.216463
0.081757 0.002166 0.214911
0.074528 0.000733 0.212615
0.075558 0.003013 0.217765
0.078658 -0.000701 0.212704
0.081425 0.000186 0.212714
0.075080 0.000028 0.211348
0.077678 -0.000017 0.213641
0.077267 -0.000835 0.210158
0.079063 0.001818 0.214513
0.079259 0.002728 0.217825
0.075316 -0.001998 0.210653
0.079746 0.002143 0.214900
0.080342 0.000834 0.213446
0.077231 0.001784 0.216789
0.073584 -0.000351 0.209916
0.075484 0.001478 0.214534
0.076141 -0.000961 0.209664
0.072684 0.000281 0.210805
0.079470 -0.000212 0.211881
0.074076 0.000388 0.217475
0.075509 0.001149 0.213400
0.083182 -0.000351 0.214224
0.075250 0.000440 0.212298
0.079960 -0.001760 0.208851
0.079099 -0.001631 0.209247
0.078658 0.000801 0.215040
0.082776 0.000372 0.213412
0.074812 -0.002454 0.208400
0.076600 0.001939 0.215214
0.078394 0.002732 0.218222
0.075460 0.003495 0.218802
0.073712 -0.000184 0.214469
0.075718 -0.000345 0.211067
0.077782 0.000264 0.212139
0.082632 0.000293 0.213301
0.081411 0.002794 0.215565
0.073055 -0.001304 0.210479
0.079755 -0.000811 0.210840
0.079015 0.000483 0.214812
0.074246 0.000705 0.212407
0.080497 0.002277 0.216531
0.074548 -0.000213 0.210667
0.082479 0.000655 0.213656
0.076173 0.002517 0.216186
0.074439 0.000143 0.214550
0.079776 -0.000575 0.211209
0.081971 -0.000949 0.211947
0.079502 0.001375 0.215482
0.082630 0.002256 0.215259
0.079365 0.002696 0.217659
0.074642 0.000363 0.211784
0.073382 -0.001383 0.209990
0.079672 -0.000891 0.210661
0.075386 0.000955 0.216024
0.079554 0.000855 0.214909
0.075048 -0.001335 0.208252
0.083994 -0.001737 0.212705
0.076986 0.003527 0.218705
0.074370 0.000207 0.214752
0.080980 0.001879 0.214686
0.073482 0.000493 0.211955
0.076130 0.002759 0.217271
0.079702 0.001835 0.214425
0.082986 -0.001364 0.210898
0.076788 -0.000540 0.210630
0.074772 -0.000481 0.210237
0.082756 0.000602 0.215187
0.079935 -0.000270 0.211707
0.082247 0.000114 0.215029
0.080051 -0.001652 0.209258
0.075496 -0.002143 0.210150
0.080569 -0.000613 0.214298
0.074294 -0.000650 0.209621
0.076867 0.001535 0.214532
0.077610 0.001616 0.214561
0.078579 -0.001539 0.209090
0.076702 0.001489 0.216313
0.082566 -0.001308 0.211315
0.074517 -0.002159 0.209115
0.073723 0.000218 0.216206
0.081123 0.003015 0.215946
0.079231 -0.001619 0.208903
0.082402 -0.001443 0.210687
0.075827 0.000446 0.212325
0.074041 0.000127 0.214905
0.074047 0.000395 0.215748
0.073782 0.000108 0.215192
0.076514 0.002814 0.217012
0.074855 0.001074 0.217327
0.078935 0.001067 0.213359
0.076879 0.003872 0.219190
0.082396 0.000434 0.213369
0.080231 0.001934 0.214656
0.080360 0.002652 0.215736
0.074119 0.000542 0.217816
0.074994 0.002195 0.215197
0.083324 0.000450 0.213797
0.077892 0.000261 0.214352
0.078033 0.001369 0.213912
0.081543 0.001953 0.215955
0.075060 -0.001186 0.208799
0.073466 -0.000421 0.214210
0.073061 -0.000886 0.213103
0.075584 -0.000348 0.212674
0.076021 -0.000702 0.210265
0.077835 0.001178 0.215539
0.080560 0.002162 0.214945
0.082160 0.000533 0.215181
0.076126 -0.001224 0.209064
0.078187 -0.001841 0.206873
0.075349 0.002571 0.217109
0.073750 0.000506 0.212005
0.078672 -0.001605 0.208701
0.075320 0.000370 0.214319
0.073044 -0.001107 0.211805
0.075303 -0.000349 0.210806
0.075282 -0.001436 0.208235
0.083237 -0.000601 0.212633
0.076218 0.001680 0.214962
0.074537 0.000536 0.212337
0.082192 -0.001361 0.211113
0.076444 0.000983 0.213127
0.082223 0.002327 0.215258
0.080068 -0.000808 0.210942
0.080785 -0.000597 0.211589
0.076732 -0.001582 0.208780
0.076424 0.001103 0.213530
0.081127 -0.000231 0.212139
0.077297 -0.000560 0.210607
0.074654 0.000328 0.214767
0.079798 0.000041 0.214506
0.074221 0.000811 0.218492
0.076607 -0.002524 0.210024
0.080025 -0.000444 0.211470
0.077993 -0.001829 0.206809
0.080027 0.002369 0.216750
0.077124 0.003283 0.218248
0.075230 0.000724 0.212723
0.080701 -0.001789 0.209036
0.074471 -0.000461 0.210131
0.079570 0.002993 0.216477
0.080078 -0.002038 0.207796
0.077831 -0.001508 0.209140
0.081448 0.001844 0.215844
0.078046 0.001486 0.214101
0.081771 0.001886 0.214726
0.076547 -0.000204 0.212857
0.080788 0.000830 0.214821
0.077487 0.001499 0.214393
0.079171 -0.000562 0.213618
0.072973 -0.000243 0.215819
0.075253 -0.000452 0.210519
0.073628 -0.000050 0.215058
0.076641 -0.001021 0.209724
0.078043 0.003311 0.217963
0.075043 0.001507 0.214025
0.073562 0.000873 0.212247
0.072627 -0.000784 0.214962
0.072970 0.000246 0.211338
0.073206 -0.000067 0.215661
0.078108 0.001865 0.214961
0.077387 0.002126 0.217354
0.075581 0.001624 0.218036
0.079039 0.001572 0.215835
0.081147 0.000447 0.214848
0.079093 0.002202 0.216803
0.081204 0.002133 0.214900
0.074820 -0.001926 0.210096
0.075638 -0.000074 0.211448
0.074166 -0.001664 0.210925
0.080447 -0.001652 0.209800
0.074591 -0.000670 0.212519
0.074518 0.000636 0.216132
0.083593 -0.000420 0.213420
0.077874 0.002237 0.217329
0.075373 0.002665 0.216545
0.077115 0.000446 0.214290
0.073402 0.000091 0.215742
0.079492 0.002669 0.217457
0.077037 -0.001407 0.209281
0.077580 -0.002446 0.207466
0.080196 -0.001317 0.210191
0.074438 0.000774 0.217683
0.077211 -0.000073 0.213296
0.072535 -0.001108 0.212939
0.077530 0.001226 0.215698
0.080141 -0.001549 0.209423
0.076826 0.002963 0.217259
0.072545 0.000150 0.210098
0.076551 0.000206 0.213658
0.074403 -0.001481 0.207840
0.080374 -0.002145 0.207569
0.076127 0.002979 0.217626
0.073541 -0.000516 0.213739
0.079751 0.002022 0.214705
0.083591 0.000001 0.213902
0.076954 0.000221 0.211984
0.074596 0.001924 0.214687
0.079688 0.002003 0.216275
0.074190 -0.000252 0.213732
0.076520 0.001181 0.215761
0.082144 0.000529 0.213363
0.078701 0.001117 0.213461
0.078386 0.000259 0.214517
0.080315 -0.000897 0.210883
0.073245 0.000226 0.211545
0.076171 -0.002026 0.208208
0.073614 0.000932 0.212359
0.075260 0.001336 0.217594
0.081900 0.000369 0.213036
0.077348 0.002285 0.215628
0.083219 0.001340 0.214678
0.078445 0.001173 0.213540
0.075051 -0.000190 0.211047
0.078050 0.001852 0.214794
0.078150 0.003147 0.217359
0.077631 -0.001399 0.209323
0.082071 0.001887 0.214778
0.081350 0.001263 0.215270
0.074950 0.000398 0.212040
0.075585 0.002600 0.216344
0.077484 -0.000081 0.211568
0.077403 0.002363 0.218001
0.072247 -0.001112 0.213404
0.077052 0.002626 0.219358
0.082125 0.002804 0.215612
0.075757 0.000824 0.215426
0.075064 0.001962 0.214907
0.076403 0.000331 0.212110
0.082395 -0.001192 0.211766
0.077482 0.002791 0.216639
0.076726 0.001239 0.213860
0.076691 0.000876 0.215082
0.077055 0.003036 0.217752
0.076429 0.003462 0.218358
0.083397 -0.000547 0.213033
0.079376 -0.001703 0.208581
0.078264 0.001054 0.213331
0.075430 -0.002160 0.209797
0.073277 0.000270 0.210805
0.077865 -0.002741 0.209920
0.075548 0.000792 0.212881
0.077859 -0.001035 0.211804
0.079881 -0.001381 0.209819
0.075291 -0.000770 0.212009
0.075048 0.001230 0.218173
0.073732 0.000741 0.212184
0.075868 -0.000574 0.210445
0.074571 -0.001929 0.209477
0.078558 -0.000483 0.211023
0.074647 -0.000811 0.212056
0.083490 -0.000720 0.212846
0.074921 -0.000769 0.209581
0.074332 0.000616 0.217473
0.074223 0.000457 0.215552
0.076436 0.001228 0.213800
0.072727 0.000083 0.210074
0.080420 0.002600 0.215458
0.074545 -0.001123 0.208430
0.077530 0.001449 0.214124
0.076595 0.003013 0.217532
0.081206 0.000039 0.212507
0.074623 -0.002293 0.208052
0.076913 0.001177 0.213637
0.077357 0.002560 0.216119
0.083740 0.000582 0.214199
0.077896 -0.000957 0.210183
0.074898 0.000333 0.211822
0.079367 0.001998 0.216312
0.074862 0.001136 0.217986
0.075855 -0.001439 0.208502
0.078895 0.000727 0.212913
0.076920 -0.001759 0.208258
0.083238 -0.000012 0.213319
0.079447 -0.000333 0.211598
0.075482 0.002433 0.215751
0.078136 -0.001579 0.208506
0.076767 0.002088 0.217714
0.077835 0.002225 0.215417
0.080317 -0.000725 0.211173
0.072960 -0.000785 0.213717
0.079023 0.001940 0.214811
0.079694 0.000807 0.213219
0.080241 0.002681 0.215676
0.076748 0.000131 0.211839
0.077564 0.003419 0.218582
0.073971 0.000856 0.212415
0.076554 0.001048 0.215401
0.083508 -0.000096 0.213546
0.075504 0.000929 0.213162
0.074935 0.002443 0.215511
0.079995 0.001860 0.214511
0.080100 0.001726 0.214365
0.075018 0.001067 0.216963
0.073588 -0.000255 0.210064
0.080352 0.000198 0.212483
0.077065 -0.000553 0.210584
0.079616 -0.001706 0.208845
0.080430 0.001028 0.213695
0.075936 0.000082 0.213416
0.079971 0.002740 0.215857
0.082148 0.002624 0.215461
0.078075 -0.001557 0.209085
0.075115 0.000952 0.216261
0.079878 0.000926 0.214868
0.077381 0.001306 0.213773
0.081747 0.000996 0.213886
0.077631 -0.001116 0.209752
0.076269 -0.001252 0.208995
0.081818 0.000816 0.215206
0.080923 -0.001082 0.210973
0.080255 0.000276 0.212630
0.083818 0.001331 0.215023
0.078003 0.001069 0.213330
0.075026 -0.001924 0.210714
0.072886 -0.000614 0.214475
0.078986 -0.001337 0.209816
0.080014 0.001699 0.215802
0.078373 0.001826 0.214781
0.077259 0.003653 0.219062
0.078830 -0.000222 0.211550
0.077670 0.001937 0.216894
0.073243 -0.000410 0.209227
0.072362 0.000624 0.212257
0.074242 -0.001068 0.208388
0.073725 0.000212 0.215766
0.081063 0.002516 0.215270
0.081432 -0.000434 0.212141
0.078516 0.001725 0.214479
0.077864 0.002871 0.216594
0.072976 0.000019 0.210136
0.075284 0.001198 0.216868
0.083195 0.000700 0.213956
0.079192 -0.001622 0.208736
0.072745 -0.000525 0.215652
0.076856 0.002572 0.219470
0.083143 0.000447 0.214939
0.079792 -0.001100 0.212571
0.074210 -0.001085 0.208248
0.076548 -0.001450 0.208842
0.083664 -0.000617 0.213593
0.078413 0.002738 0.218505
0.080137 -0.001835 0.208717
0.078539 0.002429 0.217408
0.075381 0.000047 0.213541
0.079664 0.002509 0.217124
0.081512 0.002487 0.215257
0.080975 0.001151 0.215160
0.074359 -0.001489 0.211173
0.080145 0.000490 0.212902
0.073240 -0.000319 0.214802
0.082092 0.001726 0.214631
0.073137 0.000909 0.212381
0.081698 0.002051 0.214820
0.079954 -0.001427 0.209672
0.076908 0.000631 0.214607
0.078863 0.003301 0.217553
0.074038 -0.000534 0.209740
0.078395 -0.001407 0.209466
0.079821 -0.000098 0.212064
0.078276 -0.000480 0.210963
0.077495 -0.001623 0.208639
0.082759 -0.000202 0.212916
0.076802 -0.001888 0.208136
0.078953 0.001147 0.213474
0.074866 -0.002385 0.208181
0.073482 -0.000636 0.208768
0.077512 0.001740 0.216592
0.079211 -0.001403 0.209627
0.076756 0.000796 0.212853
0.077465 0.000476 0.214545
0.083322 -0.000193 0.213270
0.076670 0.000543 0.214267
0.082031 0.000401 0.213147
0.080928 -0.000912 0.211128
0.077008 0.002351 0.218257
0.075269 -0.000402 0.212713
0.078556 0.002831 0.216311
0.079079 -0.001852 0.207943
0.083667 -0.001232 0.211759
0.077378 0.002720 0.219075
0.075786 0.002968 0.217685
0.077574 0.003029 0.217339
0.077357 -0.001453 0.209200
0.083677 0.000882 0.214314
0.082252 -0.000072 0.212831
0.078403 0.000067 0.211899
0.076192 0.000778 0.214949
0.074713 -0.000938 0.211636
0.078217 -0.000999 0.210195
0.072691 0.000587 0.212005
0.077092 0.000599 0.212500
0.078520 0.000590 0.212652
0.080351 -0.000105 0.212061
0.078437 0.003096 0.217182
0.079112 -0.001790 0.207570
0.072753 0.000293 0.211092
0.074257 -0.001300 0.207906
0.081925 -0.001399 0.210846
0.081733 -0.000358 0.212362
0.075967 0.000604 0.212622
0.078868 0.001368 0.215612
0.080561 0.002847 0.216077
0.082290 0.002121 0.215087
0.077000 0.002193 0.217845
0.076540 0.000640 0.212627
0.079679 0.001670 0.214229
0.076387 0.002070 0.217929
0.076848 0.002462 0.218861
0.079631 -0.001967 0.207655
0.079082 -0.000119 0.211866
0.076820 0.000445 0.212294
0.077539 0.002385 0.215737
0.083615 0.001119 0.214581
0.079678 -0.000228 0.211810
0.077156 -0.000582 0.212281
0.074957 -0.002431 0.208675
0.073650 0.001378 0.213523
0.074229 0.000582 0.216614
0.075722 0.001553 0.216992
0.078012 -0.001426 0.209316
0.079467 -0.002169 0.206948
0.076822 0.000410 0.214059
0.079586 0.000492 0.212756
0.078551 0.000995 0.213297
0.078385 0.001391 0.213858
0.074508 -0.001256 0.208059
0.073836 0.000235 0.210906
0.083111 0.001479 0.214747
0.073013 -0.000145 0.209448
0.075155 -0.001429 0.208171
0.082753 0.001472 0.214542
0.074782 -0.000676 0.209754
0.079062 0.003072 0.216899
0.077257 -0.000743 0.212026
0.079117 0.003303 0.217437
0.078545 0.003241 0.217532
0.075426 -0.000242 0.212930
0.082092 -0.001427 0.210815
0.074302 -0.000964 0.208782
0.077712 0.001000 0.213199
0.082560 -0.000110 0.212922
0.076208 -0.000957 0.209753
0.078827 0.002501 0.215870
0.078503 0.001634 0.214261
0.077992 -0.001834 0.206675
0.076441 0.000058 0.213355
0.081509 0.001424 0.215384
0.074006 0.001188 0.213016
0.073679 -0.000544 0.213481
0.076273 0.000228 0.211935
0.081325 0.001395 0.215346
0.073450 -0.000861 0.212555
0.072448 -0.000971 0.213764
0.083231 0.001256 0.214524
0.075458 0.001162 0.216403
0.078196 0.002087 0.216858
0.072792 -0.001029 0.212883
0.074820 0.001157 0.218425
0.082225 0.001459 0.215540
0.079088 0.001432 0.215644
0.077026 0.002442 0.218496
0.079704 0.000610 0.212976
0.077162 0.002595 0.218927
0.079062 -0.000575 0.211043
0.074175 0.000681 0.218137
0.072798 -0.000685 0.214354
0.074625 0.000143 0.214404
0.077715 -0.000595 0.210703
0.078862 0.001251 0.213638
0.075932 -0.001322 0.208851
0.082633 0.001922 0.214965
0.079137 0.001121 0.213443
0.073983 -0.000632 0.209454
0.073755 -0.000834 0.212423
0.081356 -0.000223 0.214700
0.081974 0.002428 0.215286
0.078130 0.002469 0.215928
0.080246 0.001277 0.213922
0.073982 -0.000142 0.214309
0.078750 -0.001821 0.207060
0.075665 -0.000718 0.210214
0.076775 -0.000707 0.210307
0.073894 0.000374 0.216136
0.079674 0.001544 0.214090
0.077289 0.001263 0.215784
0.083274 -0.001286 0.211624
0.076916 0.000097 0.211810
0.077915 -0.000781 0.210498
0.078737 0.001655 0.214279
0.073139 -0.000413 0.214661
0.081664 0.002976 0.215821
0.079446 0.002848 0.216182
0.076640 0.000250 0.212001
0.074017 0.000309 0.215459
0.080358 0.002754 0.215919
0.075790 0.000497 0.214400
0.075677 0.001402 0.214422
0.078599 -0.000817 0.212305
0.077597 -0.000316 0.211201
0.078517 -0.001142 0.210084
0.074364 -0.000241 0.210432
0.076291 0.002151 0.218583
0.079544 0.002300 0.216836
0.075168 -0.000571 0.212397
0.076263 -0.000583 0.210470
0.075480 0.002850 0.217438
0.081574 -0.000962 0.211558
0.077005 0.002250 0.215631
0.081920 0.001735 0.215696
0.074486 -0.002356 0.208697
0.076104 0.001708 0.216996
0.074851 0.000817 0.216293
0.083657 -0.000849 0.212491
0.073877 -0.000369 0.213726
0.074306 0.000541 0.217222
0.075359 -0.002416 0.208808
0.075612 0.001428 0.217060
0.080923 0.001698 0.215742
0.078901 0.002398 0.217203
0.080634 -0.001668 0.209365
0.073602 -0.000399 0.214031
0.074089 -0.000651 0.212924
0.073680 0.000045 0.210386
0.078115 -0.000748 0.212217
0.083699 -0.000760 0.213142
0.073790 -0.000929 0.212052
0.073233 -0.000513 0.214247
0.081302 0.002933 0.215752
0.079320 0.001478 0.215630
0.081485 -0.001603 0.210163
0.079251 0.000978 0.213351
0.081150 0.003164 0.216238
0.073210 -0.000149 0.215474
0.078777 0.002361 0.215661
0.075997 0.002069 0.219105
0.075794 0.001383 0.213858
0.077296 0.002562 0.218700
0.076639 -0.001037 0.211588
0.075246 -0.002162 0.209430
0.077772 0.002599 0.216231
0.076013 0.000237 0.213730
0.082065 -0.001521 0.210391
0.077650 0.001978 0.215019
0.074303 -0.000029 0.210718
0.076941 0.001721 0.214838
0.078136 -0.001135 0.209988
0.075422 -0.000652 0.212163
0.076456 -0.001320 0.208990
0.072994 0.000282 0.211581
0.075512 0.001736 0.218992
0.078577 0.001799 0.216268
0.075235 -0.001323 0.208628
0.080212 0.000413 0.214568
0.081575 0.002229 0.216314
0.074515 -0.001005 0.208751
0.075331 0.001687 0.214751
0.080721 -0.002000 0.208392
0.080122 -0.001464 0.209672
0.078320 0.001512 0.214109
0.073806 0.001786 0.214814
0.078286 -0.001257 0.209777
0.081448 -0.000982 0.211356
0.081527 0.001698 0.214561
0.081336 0.001752 0.215750
0.080826 0.000061 0.214592
0.079787 -0.001532 0.209334
0.074675 0.000811 0.216723
0.073830 0.001263 0.213052
0.080283 -0.001395 0.210012
0.076284 0.001388 0.213940
0.080524 0.000454 0.212894
0.075628 0.002730 0.217169
0.073715 -0.000676 0.213076
0.074340 0.000247 0.214886
0.080548 0.002302 0.215229
0.075796 -0.000469 0.210655
0.078336 0.001020 0.215257
0.080817 0.002616 0.215437
0.083424 0.001466 0.214854
0.080983 -0.001469 0.210392
0.073146 -0.000777 0.213443
0.075329 0.001387 0.217788
0.081227 -0.001708 0.209569
0.077020 -0.000352 0.212652
0.077897 -0.000339 0.211178
0.079864 0.002626 0.217285
0.081359 0.001460 0.214322
0.075335 -0.000124 0.211281
0.075919 0.000277 0.212018
0.077538 -0.000512 0.212455
0.075717 -0.000826 0.209816
0.075805 0.002631 0.216530
0.077398 0.002764 0.219247
0.073186 0.000127 0.210485
0.077792 0.003110 0.217527
0.074019 -0.000837 0.208875
0.076716 0.001461 0.214334
0.074123 0.000130 0.210804
0.079076 0.000762 0.213100
0.074505 0.000697 0.216908
0.083415 0.000848 0.214165
0.075518 0.001636 0.218760
0.075359 -0.001112 0.209082
0.078501 0.003034 0.216933
0.075160 -0.002341 0.208262
0.075981 0.000809 0.215206
0.075659 0.001720 0.217990
0.078177 -0.001669 0.208285
0.077826 0.001342 0.213920
0.073691 0.001553 0.214194
0.075589 -0.000221 0.211204
0.075332 0.002653 0.216357
0.072508 0.000277 0.211261
0.077726 -0.001051 0.209928
0.081106 0.000602 0.213333
0.075546 0.003182 0.218080
0.071919 -0.001145 0.213880
0.074376 0.001088 0.213046
0.079876 0.001980 0.214681
0.078165 0.001150 0.215408
0.077267 0.002984 0.217264
0.075735 -0.001742 0.208048
0.074871 -0.001996 0.209541
0.073355 -0.000194 0.215093
0.080805 0.000543 0.213281
0.079834 -0.001418 0.209596
0.081247 0.002620 0.215371
0.077693 0.002462 0.218045
0.083502 0.000366 0.213859
0.080764 0.002268 0.216505
0.074065 0.001296 0.213271
0.079102 -0.001808 0.207688
0.075849 -0.001992 0.210871
0.079521 -0.001661 0.209042
0.073440 0.000182 0.211378
0.074789 0.000573 0.212517
0.079563 0.002135 0.216548
0.073555 -0.000595 0.209121
0.080710 -0.001414 0.210560
0.077080 0.000697 0.212663
0.078621 0.000174 0.212137
0.074010 0.000212 0.215136
0.080983 -0.001748 0.209207
0.078156 0.000234 0.212144
0.072977 -0.000658 0.214176
0.075008 0.001305 0.213603
0.081854 0.002955 0.215749
0.078516 0.000843 0.212980
0.072231 -0.001018 0.213899
0.076136 -0.001062 0.211603
0.078962 0.001591 0.214147
0.074717 -0.000213 0.213378
0.075277 0.000728 0.215408
0.074779 -0.000806 0.211859
0.074616 -0.002446 0.208222
0.077426 0.002642 0.216440
0.081252 -0.000802 0.211506
0.077307 0.000923 0.215203
0.083349 0.001068 0.214347
0.082044 -0.001147 0.211739
0.074034 0.000157 0.211224
0.079310 0.000120 0.212203
0.081814 0.002768 0.215542
0.072781 -0.001128 0.212014
0.077614 0.002089 0.217190
0.081823 -0.001465 0.210654
0.077230 0.002104 0.215440
0.073395 -0.000062 0.210210
0.076245 0.001463 0.214467
0.076815 -0.001717 0.208463
0.081561 0.001337 0.214222
0.076553 0.002139 0.218053
0.073704 -0.000697 0.208912
0.077426 0.001152 0.213457
0.075964 0.001799 0.215140
0.074587 0.000864 0.212799
0.072610 -0.000981 0.213432
0.074912 0.000290 0.214405
0.078738 -0.001844 0.207373
0.078942 -0.001461 0.209586
0.080141 -0.001740 0.209058
0.076457 0.003731 0.218798
0.077458 -0.000893 0.210122
0.077030 0.000875 0.215104
0.082881 -0.001285 0.211477
0.080156 0.001462 0.215455
0.078303 0.001750 0.216309
0.072903 -0.000582 0.215139
0.078337 0.002077 0.215162
0.082539 -0.000327 0.212759
0.080946 -0.001958 0.209591
0.074348 -0.000890 0.211942
0.082007 0.002097 0.214953
0.081770 -0.001555 0.210329
0.074484 -0.001151 0.211439
0.077284 0.000292 0.212094
0.077867 -0.000503 0.210873
0.081853 0.001989 0.215945
0.082737 0.001751 0.214807
0.075300 -0.001523 0.211270
0.081658 0.001534 0.215493
0.076878 -0.000600 0.212183
0.078267 0.002871 0.216439
0.075699 0.000325 0.214048
0.081066 -0.000828 0.211319
0.078585 0.002661 0.217963
0.078785 0.003104 0.217201
0.077658 0.002781 0.219088
0.076837 0.000650 0.212610
0.075286 0.002693 0.217009
0.081180 0.001857 0.215907
0.073701 0.000153 0.215416
0.080812 0.000261 0.212608
0.077984 -0.001340 0.209455
0.079666 -0.002182 0.207088
0.077337 0.001881 0.214995
0.081724 -0.000588 0.212120
0.079278 0.002677 0.215966
0.081564 -0.001510 0.210531
0.083074 0.000051 0.213274
0.080470 0.001887 0.216132
0.081809 -0.001213 0.211185
0.075322 0.001536 0.219042
0.079000 -0.001810 0.207526
0.080909 0.000485 0.213052
0.078934 -0.000128 0.211749
0.075266 0.001456 0.219355
0.075738 -0.000902 0.209633
0.076690 -0.002235 0.210719
0.077286 0.001544 0.214477
0.073980 -0.001418 0.211162
0.081090 -0.001800 0.209100
0.075918 0.001405 0.214215
0.075690 0.001249 0.216455
0.075406 -0.001207 0.208866
0.079251 0.002418 0.217089
0.073293 0.000282 0.211127
0.074636 0.000971 0.212941
0.076849 0.002173 0.217922
0.079029 -0.001619 0.208713
0.076119 -0.000463 0.210705
0.079176 0.001298 0.213697
0.075977 -0.002248 0.210396
0.078184 0.003432 0.218215
0.082845 -0.000693 0.212374
0.074685 0.001672 0.214286
0.079974 0.001667 0.214299
0.074778 0.000485 0.215079
0.076033 -0.000760 0.210136
0.076608 -0.001108 0.209509
0.081011 -0.000905 0.214095
0.073429 -0.000971 0.212215
0.078613 0.002222 0.215443
0.081586 0.000788 0.213661
0.076477 -0.001514 0.208734
0.074041 0.000183 0.211504
0.076074 -0.000817 0.211838
0.080728 0.001649 0.214410
0.082016 0.001032 0.213960
0.082933 -0.000465 0.212669
0.080998 0.001191 0.213961
0.081029 -0.000595 0.211732
0.080332 -0.001485 0.209837
0.074617 -0.001464 0.207938
0.073976 0.000545 0.212075
0.080008 -0.000427 0.214305
0.073111 0.000033 0.210287
0.080318 0.000635 0.213157
0.076911 0.001444 0.213996
0.079503 0.002451 0.215467
0.075099 0.000334 0.211891
0.075089 -0.000093 0.213400
0.073710 -0.000777 0.212774
0.079481 0.000251 0.212374
0.080422 -0.000211 0.214461
0.083131 -0.000832 0.212174
0.076832 -0.000931 0.209909
0.074361 -0.000671 0.212695
0.081728 0.000375 0.215056
0.073452 -0.000036 0.215317
0.071749 -0.001271 0.213446
0.081495 -0.001403 0.210725
0.073266 0.000779 0.212180
0.080524 -0.001391 0.210318
0.074964 0.002578 0.215880
0.075445 -0.002079 0.210407
0.076844 -0.000007 0.211660
0.076399 0.001083 0.215628
0.072871 0.000131 0.210338
0.075551 0.001476 0.214091
0.079415 0.001100 0.215186
0.076038 -0.000630 0.212155
0.083759 0.001227 0.214813
0.075918 0.002513 0.216194
0.078465 -0.000062 0.214132
0.075186 -0.000254 0.213028
0.073785 0.001328 0.213162
0.081328 -0.001249 0.211001
0.081441 -0.000175 0.212367
0.074193 -0.000745 0.209271
0.079635 -0.001362 0.209838
0.077542 0.000189 0.211974
0.073920 0.000457 0.216098
0.081231 0.002341 0.216491
0.073324 -0.000574 0.213982
0.082812 0.000063 0.213160
0.080452 0.001790 0.214515
0.081774 -0.000098 0.214874
0.076789 0.002321 0.215788
0.074721 0.000981 0.217499
0.077112 0.000856 0.212943
0.079872 0.001505 0.214131
0.078348 0.001252 0.213629
0.075701 -0.002284 0.208433
0.082142 0.001211 0.214136
0.080418 -0.001266 0.210533
0.074229 0.000105 0.210983
0.080526 0.002650 0.215627
0.074086 -0.001814 0.209456
0.083112 -0.000699 0.212347
0.079580 0.002089 0.214823
0.083145 0.000575 0.213818
0.079169 0.000585 0.212768
0.078219 -0.001299 0.209640
0.081324 0.001596 0.215564
0.074888 -0.001276 0.208272
0.077335 -0.000262 0.211231
0.074610 0.001173 0.217817
0.078292 -0.002022 0.207426
0.082110 -0.000538 0.212440
0.080738 -0.000761 0.211288
0.075919 -0.001164 0.209272
0.074239 -0.001736 0.210372
0.077731 -0.001230 0.209596
0.074753 -0.001890 0.209851
0.080105 -0.001398 0.209905
0.079078 -0.001596 0.209123
0.077935 0.003006 0.216860
0.081685 0.000290 0.212886
0.076629 -0.001527 0.208776
0.078257 -0.000201 0.211413
0.076775 -0.001121 0.209621
0.072065 -0.001143 0.213621
0.075968 0.003650 0.218743
0.077076 0.002257 0.217958
0.076576 0.002570 0.216206
0.083069 -0.001016 0.212034
0.082398 -0.000500 0.212577
0.076197 0.003235 0.218040
0.082382 0.001107 0.214052
0.077716 0.001171 0.213507
0.079888 -0.001943 0.208054
0.074369 -0.000911 0.211835
0.079622 0.000146 0.212305
0.075178 -0.001360 0.208341
0.078056 0.001819 0.216490
0.081123 0.002158 0.216258
0.076743 0.003760 0.218932
0.083035 0.001359 0.214603
0.074728 0.000875 0.217049
0.078062 0.001230 0.213610
0.084234 -0.001334 0.212875
0.082699 0.001578 0.214622
0.077033 -0.001591 0.211224
0.078250 0.002618 0.216133
0.083156 0.001925 0.215095
0.076226 0.000814 0.212838
0.077645 -0.002281 0.210782
0.079448 0.003169 0.216969
0.076764 -0.000409 0.210910
0.080505 -0.000092 0.212085
0.079638 -0.000065 0.212055
0.072410 -0.001117 0.213096
