0.047879 -0.022783 0.206940
0.043552 -0.024823 0.208353
0.046186 -0.024434 0.211873
0.042281 -0.025152 0.209078
0.044378 -0.025167 0.214056
0.045076 -0.024422 0.208006
0.042142 -0.025356 0.210350
0.048485 -0.023104 0.210792
0.045146 -0.024795 0.209276
0.047094 -0.023805 0.213338
0.047519 -0.022581 0.205167
0.049016 -0.022926 0.213185
0.042715 -0.025110 0.209138
0.048446 -0.023130 0.210351
0.046650 -0.023299 0.205946
0.044778 -0.024680 0.208682
0.039197 -0.026449 0.213785
0.049290 -0.020972 0.205729
0.041690 -0.025023 0.208545
0.047299 -0.023030 0.206569
0.049306 -0.022705 0.212755
0.046262 -0.024218 0.213659
0.049931 -0.021941 0.214233
0.047740 -0.023710 0.212527
0.048223 -0.023435 0.211167
0.044188 -0.024456 0.207305
0.046726 -0.023890 0.213798
0.039367 -0.026403 0.213964
0.045729 -0.024491 0.213543
0.047621 -0.023480 0.208929
0.039009 -0.026520 0.214108
0.049026 -0.021043 0.214598
0.048562 -0.023114 0.214668
0.050892 -0.020593 0.214568
0.046580 -0.024149 0.214078
0.041161 -0.025208 0.208851
0.044309 -0.024937 0.209081
0.049909 -0.021818 0.210039
0.042581 -0.025444 0.214931
0.050088 -0.021278 0.214073
0.042810 -0.024534 0.206899
0.041752 -0.025647 0.212044
0.041423 -0.025296 0.209384
0.046467 -0.024424 0.211280
0.044168 -0.024740 0.208454
0.045921 -0.024519 0.214667
0.042492 -0.025625 0.214597
0.047898 -0.023464 0.210110
0.046366 -0.024334 0.212365
0.045909 -0.023893 0.207069
0.041711 -0.025374 0.209845
0.045287 -0.023455 0.205378
0.041968 -0.025590 0.211849
0.048349 -0.022074 0.205692
0.042610 -0.025490 0.212957
0.047629 -0.023418 0.214774
0.048953 -0.021853 0.207820
0.041246 -0.025523 0.210984
0.046452 -0.024051 0.213855
0.048745 -0.022336 0.208034
0.044492 -0.024524 0.207968
0.039612 -0.026407 0.214037
0.045059 -0.024217 0.207509
0.047335 -0.023281 0.207908
0.045870 -0.024468 0.212579
0.043778 -0.025381 0.213357
0.049306 -0.022705 0.212755
0.043407 -0.025425 0.211009
0.049967 -0.022003 0.212126
0.048211 -0.022875 0.208372
0.043308 -0.025427 0.214386
0.042289 -0.025603 0.211888
0.047599 -0.022933 0.206889
0.051382 -0.021254 0.213001
0.048029 -0.023485 0.212897
0.046695 -0.024256 0.211560
0.045832 -0.023696 0.206488
0.045544 -0.024824 0.211380
0.040953 -0.025735 0.211771
0.049845 -0.021998 0.214861
0.041713 -0.025517 0.211699
0.043708 -0.024370 0.206551
0.042201 -0.025574 0.212777
0.050303 -0.021316 0.209372
0.049064 -0.022750 0.214437
0.044076 -0.025127 0.209591
0.048640 -0.023116 0.214157
0.046316 -0.023370 0.205790
0.042574 -0.024266 0.205490
0.050812 -0.021628 0.213748
0.050141 -0.021516 0.213924
0.045723 -0.024623 0.209695
0.042911 -0.025119 0.209159
0.048828 -0.023119 0.212878
0.044467 -0.023309 0.214861
0.051810 -0.021078 0.213838
0.048438 -0.021978 0.206217
0.044228 -0.025350 0.211355
0.049238 -0.022734 0.211476
0.048973 -0.022146 0.208365
0.047633 -0.022437 0.204864
0.040372 -0.025778 0.211215
0.046939 -0.024042 0.214443
0.049069 -0.021171 0.205937
0.044408 -0.025105 0.214269
0.046272 -0.024478 0.210036
0.041799 -0.025440 0.211062
0.045994 -0.023440 0.206172
0.042011 -0.025207 0.209238
0.043105 -0.025488 0.212630
0.042142 -0.025479 0.211528
0.040665 -0.025815 0.212322
0.040482 -0.025872 0.212067
0.040464 -0.025654 0.210649
0.049437 -0.022610 0.211503
0.045513 -0.023346 0.205050
0.047862 -0.023640 0.210414
0.047512 -0.023890 0.211367
0.048084 -0.022769 0.207509
0.044264 -0.023947 0.205474
0.045196 -0.024776 0.214549
0.045138 -0.024099 0.207297
0.045524 -0.024693 0.214248
0.046212 -0.024354 0.214415
0.049855 -0.021433 0.209090
0.044111 -0.025178 0.209824
0.043158 -0.024914 0.208341
0.045607 -0.023618 0.206167
0.045796 -0.024590 0.214459
0.040832 -0.025232 0.209272
0.047733 -0.023742 0.213930
0.047513 -0.023826 0.214419
0.050586 -0.020450 0.214594
0.048696 -0.022569 0.209096
0.049023 -0.022902 0.211274
0.043514 -0.025455 0.213299
0.050859 -0.021623 0.214644
0.044111 -0.025178 0.209824
0.041248 -0.025568 0.211367
0.041463 -0.025897 0.214621
0.048878 -0.022331 0.208990
0.039831 -0.026089 0.212845
0.042969 -0.025602 0.213888
0.039686 -0.025755 0.214617
0.047165 -0.024095 0.209883
0.044929 -0.023516 0.205224
0.048892 -0.022705 0.210211
0.041645 -0.025283 0.215380
0.046001 -0.024433 0.213757
0.045585 -0.024017 0.207231
0.046034 -0.024258 0.213125
0.043711 -0.024902 0.208680
0.047934 -0.023534 0.212213
0.048488 -0.022386 0.207796
0.042726 -0.024988 0.208355
0.051597 -0.021139 0.214366
0.049266 -0.021978 0.208712
0.049062 -0.021144 0.205747
0.038903 -0.026417 0.214474
0.045261 -0.023364 0.214870
0.046504 -0.024391 0.210699
0.042706 -0.024994 0.215192
0.040845 -0.025952 0.214407
0.042374 -0.025520 0.211728
0.042117 -0.024755 0.207554
0.046458 -0.024210 0.214237
0.050151 -0.021434 0.209388
0.047669 -0.023263 0.208450
0.045709 -0.023369 0.205392
0.042357 -0.025570 0.213005
0.047047 -0.023821 0.213768
0.048549 -0.022249 0.207597
0.046447 -0.024386 0.209870
0.047006 -0.022778 0.205065
0.040945 -0.025802 0.212515
0.042950 -0.024964 0.208288
0.045380 -0.024558 0.208890
0.047730 -0.022696 0.206216
0.039266 -0.026389 0.213561
0.045967 -0.024285 0.214879
0.047271 -0.023830 0.212230
0.045455 -0.024608 0.213629
0.042544 -0.025611 0.213270
0.041066 -0.025428 0.209926
0.047158 -0.023700 0.208743
0.046146 -0.024400 0.214207
0.041577 -0.024700 0.206644
0.043362 -0.025436 0.214050
0.045108 -0.023718 0.205776
0.040072 -0.026222 0.214223
0.047443 -0.023448 0.208564
0.048256 -0.023411 0.212754
0.044499 -0.025110 0.212779
0.040149 -0.025932 0.211986
0.049363 -0.022509 0.211096
0.046068 -0.024479 0.212034
0.049232 -0.021677 0.207364
0.044016 -0.025313 0.213372
0.045967 -0.024285 0.214879
0.040928 -0.025554 0.210528
0.049018 -0.022912 0.211490
0.048810 -0.023116 0.212224
0.047585 -0.023708 0.210011
0.047258 -0.022727 0.205285
0.045378 -0.024596 0.212807
0.046032 -0.024594 0.211176
0.045211 -0.024572 0.208649
0.050526 -0.021643 0.213256
0.048973 -0.022146 0.208365
0.047909 -0.023643 0.211678
0.046806 -0.023597 0.207476
0.044713 -0.024332 0.207537
0.050243 -0.021738 0.212076
0.044255 -0.025207 0.212431
0.048549 -0.022249 0.207597
0.042345 -0.025457 0.211251
0.049541 -0.022469 0.211280
0.047898 -0.023464 0.210110
0.050128 -0.021569 0.214156
0.046901 -0.023895 0.213331
0.049002 -0.022921 0.211842
0.050787 -0.021494 0.213012
0.050513 -0.021024 0.209636
0.047074 -0.022806 0.205409
0.049664 -0.021368 0.208264
0.045272 -0.024827 0.211969
0.049157 -0.021748 0.207489
0.044177 -0.024128 0.206133
0.041711 -0.025374 0.209845
0.045584 -0.023524 0.205865
0.047323 -0.023365 0.208226
0.040973 -0.025657 0.211405
0.044285 -0.024042 0.205834
0.044889 -0.023528 0.205015
0.050762 -0.021399 0.214663
0.040763 -0.025542 0.214768
0.042248 -0.024590 0.206441
0.038629 -0.025567 0.214875
0.046674 -0.024106 0.214505
0.048177 -0.023005 0.209089
0.043710 -0.024175 0.205941
0.044097 -0.024815 0.214699
0.048262 -0.023022 0.209264
0.043022 -0.025062 0.208878
0.045102 -0.024725 0.212964
0.044946 -0.023995 0.206621
0.047747 -0.023688 0.211539
0.039858 -0.025964 0.211945
0.050055 -0.021031 0.208150
0.049193 -0.022694 0.214102
0.044670 -0.025255 0.210828
0.042593 -0.025265 0.210049
0.042784 -0.025379 0.210948
0.051133 -0.021327 0.213115
0.043601 -0.024307 0.206257
0.051230 -0.020893 0.214521
0.041248 -0.025568 0.211367
0.047265 -0.022877 0.205791
0.047241 -0.023101 0.207616
0.041521 -0.025459 0.210866
0.046587 -0.024317 0.210122
0.042460 -0.025004 0.208493
0.050243 -0.021738 0.212076
0.042374 -0.025520 0.211728
0.045615 -0.024852 0.211114
0.046649 -0.024322 0.209861
0.046417 -0.024247 0.212629
0.049042 -0.022960 0.212249
0.041610 -0.025886 0.213921
0.050146 -0.021654 0.210492
0.048460 -0.022791 0.209097
0.040973 -0.025657 0.211405
0.049523 -0.022434 0.212910
0.048331 -0.021821 0.204702
0.049698 -0.022395 0.211320
0.048844 -0.022016 0.207915
0.044583 -0.024973 0.209451
0.046856 -0.023970 0.208894
0.041199 -0.024989 0.208299
0.050570 -0.021034 0.210023
0.042864 -0.024140 0.205086
0.048416 -0.023252 0.214070
0.042848 -0.025317 0.210375
0.049232 -0.021677 0.207364
0.050115 -0.020115 0.214536
0.047237 -0.024008 0.211499
0.049404 -0.022442 0.210985
0.043218 -0.024180 0.205666
0.050395 -0.021639 0.211888
0.046072 -0.024579 0.211402
0.042026 -0.025708 0.213026
0.049088 -0.021304 0.206113
0.045390 -0.023693 0.206046
0.045817 -0.023954 0.207237
0.049497 -0.022448 0.214026
0.042287 -0.024918 0.208140
0.042315 -0.025592 0.212393
0.049561 -0.021131 0.207083
0.049302 -0.021387 0.206967
0.040938 -0.025805 0.214674
0.044438 -0.024009 0.206124
0.041484 -0.025853 0.214788
0.051369 -0.021260 0.214343
0.042588 -0.025272 0.215135
0.048843 -0.021879 0.207137
0.042363 -0.025591 0.213202
0.049347 -0.021966 0.209412
0.049941 -0.022021 0.211071
0.045108 -0.023718 0.205776
0.044814 -0.025198 0.210617
0.043165 -0.025453 0.211025
0.045902 -0.024468 0.209015
0.041386 -0.025956 0.214451
0.041057 -0.025674 0.211596
0.048571 -0.022046 0.206732
0.044104 -0.025361 0.211709
0.046003 -0.024513 0.209337
0.042205 -0.025777 0.214047
0.043689 -0.025270 0.210054
0.050218 -0.021724 0.210837
0.048702 -0.022624 0.209542
0.046749 -0.023180 0.205737
0.044314 -0.024506 0.207735
0.040064 -0.026103 0.213051
0.044177 -0.024128 0.206133
0.045462 -0.024143 0.207575
0.042398 -0.025694 0.213524
0.042912 -0.025528 0.213173
0.046495 -0.024212 0.209216
0.049795 -0.022290 0.211823
0.045011 -0.024923 0.213871
0.042846 -0.025243 0.210117
0.049494 -0.022440 0.213261
0.042027 -0.024973 0.208352
0.044872 -0.024715 0.214708
0.047203 -0.023945 0.214297
0.042628 -0.025642 0.214246
0.049266 -0.022749 0.212563
0.047536 -0.023911 0.210796
0.048177 -0.023005 0.209089
0.043300 -0.024703 0.207709
0.041469 -0.025944 0.214252
0.046131 -0.023439 0.205970
0.047105 -0.023855 0.214763
0.046600 -0.024070 0.213979
0.045504 -0.024525 0.214788
0.047636 -0.022868 0.206417
0.048914 -0.021588 0.206363
0.041022 -0.025937 0.213274
0.047775 -0.023086 0.208281
0.039523 -0.026261 0.213206
0.049311 -0.021936 0.208979
0.040806 -0.026084 0.213680
0.049348 -0.021028 0.206504
0.045853 -0.024054 0.207483
0.048374 -0.023182 0.214735
0.046772 -0.024037 0.212780
0.044926 -0.025132 0.211242
0.048889 -0.022536 0.214961
0.047657 -0.023734 0.214336
0.046720 -0.023591 0.207288
0.048000 -0.023037 0.208959
0.047898 -0.023645 0.214199
0.045444 -0.024706 0.209483
0.048468 -0.023269 0.211271
0.048712 -0.021316 0.205094
0.040498 -0.025532 0.210123
0.047134 -0.023494 0.208380
0.050269 -0.021802 0.214766
0.043083 -0.025500 0.212408
0.042233 -0.025346 0.210627
0.048633 -0.023153 0.214490
0.043069 -0.025456 0.211272
0.040132 -0.025923 0.214450
0.048157 -0.023406 0.213256
0.048339 -0.022645 0.207935
0.041645 -0.025283 0.215380
0.046643 -0.024359 0.211315
0.044095 -0.024394 0.206969
0.049816 -0.022048 0.210916
0.045076 -0.024515 0.208384
0.043478 -0.025203 0.209612
0.043013 -0.025017 0.208562
0.046994 -0.023427 0.207510
0.046467 -0.024424 0.211280
0.042584 -0.024522 0.206485
0.049229 -0.021166 0.206598
0.050882 -0.020978 0.211645
0.043645 -0.024502 0.207255
0.041064 -0.025585 0.214969
0.047849 -0.023717 0.211093
0.050436 -0.021412 0.210530
0.043522 -0.024082 0.205755
0.040559 -0.026177 0.214070
0.046585 -0.022861 0.204802
0.045072 -0.024272 0.214902
0.046114 -0.023794 0.206962
0.043552 -0.025476 0.212128
0.049058 -0.022673 0.210518
0.051032 -0.020808 0.211793
0.045341 -0.024781 0.212372
0.049140 -0.021072 0.205549
0.041234 -0.025505 0.210626
0.041371 -0.025868 0.213123
0.046649 -0.024322 0.209861
0.042581 -0.025444 0.214931
0.047508 -0.023644 0.213280
0.044106 -0.024604 0.207808
0.049159 -0.022879 0.212576
0.043500 -0.018947 0.210147
0.041469 -0.025944 0.214252
0.042009 -0.025261 0.209431
0.041909 -0.025380 0.215368
0.043226 -0.025454 0.211225
0.043506 -0.025460 0.212993
0.049490 -0.022388 0.213400
0.048898 -0.022969 0.211079
0.045197 -0.023435 0.205071
0.049248 -0.022589 0.214494
0.046263 -0.024017 0.207970
0.043525 -0.024482 0.207460
0.041593 -0.025823 0.212888
0.047731 -0.023655 0.210366
0.042213 -0.024707 0.207402
0.049502 -0.022521 0.212042
0.042391 -0.024514 0.205850
0.044920 -0.023961 0.206465
0.043935 -0.024969 0.209024
0.042880 -0.024454 0.206336
0.048573 -0.021861 0.206474
0.042545 -0.024539 0.206273
0.040391 -0.025880 0.212478
0.048341 -0.023409 0.211368
0.050126 -0.020636 0.214658
0.050513 -0.021024 0.209636
0.051145 -0.021498 0.213889
0.044833 -0.023784 0.205843
0.042971 -0.024747 0.207862
0.042716 -0.024614 0.207220
0.042971 -0.024747 0.207862
0.040892 -0.026011 0.213526
0.048826 -0.022230 0.208758
0.043800 -0.024264 0.206401
0.043878 -0.023869 0.204929
0.048018 -0.023540 0.212642
0.050867 -0.020987 0.210980
0.046083 -0.024660 0.210324
0.041378 -0.025538 0.215193
0.042618 -0.025433 0.211144
0.046964 -0.024007 0.212573
0.042205 -0.025777 0.214047
0.048486 -0.023315 0.211635
0.042609 -0.025196 0.209670
0.042739 -0.025648 0.213620
0.043111 -0.024435 0.206284
0.040908 -0.025443 0.209922
0.049792 -0.021181 0.207774
0.046698 -0.024334 0.210594
0.042315 -0.025592 0.212393
0.044011 -0.025001 0.209314
0.044817 -0.023897 0.206286
0.042860 -0.025042 0.208707
0.043091 -0.024539 0.207192
0.047578 -0.022692 0.205917
0.047319 -0.023988 0.210998
0.047016 -0.023874 0.208858
0.044875 -0.024325 0.207591
0.046335 -0.024242 0.214600
0.040426 -0.025714 0.211466
0.044008 -0.024310 0.206603
0.046390 -0.023435 0.206025
0.043960 -0.025399 0.211588
0.042035 -0.025744 0.213407
0.045928 -0.024704 0.210735
0.049842 -0.021944 0.213461
0.048522 -0.023293 0.211472
0.042125 -0.024630 0.206616
0.045152 -0.024964 0.211878
0.047960 -0.023392 0.209485
0.044227 -0.025374 0.211030
0.048168 -0.023513 0.211881
0.041612 -0.025075 0.208768
0.046176 -0.024372 0.209182
0.041733 -0.025815 0.213219
0.043557 -0.025425 0.213920
0.040845 -0.025952 0.214407
0.039646 -0.026079 0.212306
0.044484 -0.025140 0.213940
0.049297 -0.022640 0.213858
0.048331 -0.023368 0.213018
0.049063 -0.022761 0.213829
0.044912 -0.024892 0.214507
0.039925 -0.026129 0.213064
0.045836 -0.024573 0.212005
0.047830 -0.023701 0.211372
0.048035 -0.023587 0.213848
0.041377 -0.025593 0.211701
0.044332 -0.025159 0.213345
0.050969 -0.021526 0.214444
0.046171 -0.024237 0.208688
0.043361 -0.024422 0.206558
0.050958 -0.020946 0.211317
0.041448 -0.025684 0.212254
0.046169 -0.024161 0.214845
0.048265 -0.023415 0.212529
0.041390 -0.025671 0.212081
0.049665 -0.022230 0.213486
0.044732 -0.024948 0.212376
0.039668 -0.026308 0.213475
0.043601 -0.024307 0.206257
0.041206 -0.025908 0.213506
0.047813 -0.023530 0.212947
0.048029 -0.023485 0.212897
0.046387 -0.024143 0.212819
0.048786 -0.022361 0.208249
0.041814 -0.025785 0.213477
0.050635 -0.021360 0.211772
0.049237 -0.022459 0.210253
0.045248 -0.024336 0.207901
0.051225 -0.021125 0.212557
0.045492 -0.024079 0.207351
0.042798 -0.025542 0.212457
0.046761 -0.024273 0.209667
0.044932 -0.024129 0.207319
0.048049 -0.023294 0.209742
0.044181 -0.024159 0.206373
0.049631 -0.021414 0.208122
0.045460 -0.023408 0.205244
0.050688 -0.021284 0.211295
0.045617 -0.024395 0.213109
0.048620 -0.022841 0.210096
0.045419 -0.024831 0.210073
0.044357 -0.025309 0.210697
0.042302 -0.025742 0.214226
0.046802 -0.024098 0.209175
0.046908 -0.022926 0.205416
0.043045 -0.024674 0.207616
0.046063 -0.023051 0.214841
0.041716 -0.025369 0.210427
0.041057 -0.025674 0.211596
0.041024 -0.026031 0.213728
0.049276 -0.020997 0.205954
0.047001 -0.024220 0.210603
0.047781 -0.023007 0.208003
0.046050 -0.024474 0.212279
0.047225 -0.023128 0.207402
0.044462 -0.024839 0.208916
0.048519 -0.021533 0.204609
0.047300 -0.023063 0.206776
0.042416 -0.024751 0.207633
0.043898 -0.023983 0.205342
0.043532 -0.024031 0.205491
0.048501 -0.022777 0.209519
0.050718 -0.021290 0.212147
0.046856 -0.023970 0.208894
0.049910 -0.021586 0.209543
0.047294 -0.023813 0.209496
0.044493 -0.025091 0.212445
0.045221 -0.025000 0.210309
0.046718 -0.024152 0.212435
0.051460 -0.020577 0.214548
0.043325 -0.024976 0.208651
0.043016 -0.024612 0.207371
0.048437 -0.022275 0.206790
0.047314 -0.023913 0.209768
0.045370 -0.023888 0.206740
0.047225 -0.023128 0.207402
0.048618 -0.022153 0.207058
0.045785 -0.024008 0.214941
0.051676 -0.021122 0.213285
0.044720 -0.024182 0.206923
0.040817 -0.025838 0.212698
0.047294 -0.023813 0.209496
0.050419 -0.021517 0.214800
0.048075 -0.023010 0.208715
0.046169 -0.024161 0.214845
0.045682 -0.024651 0.209489
0.044557 -0.024686 0.208528
0.048188 -0.022780 0.207780
0.044713 -0.024332 0.207537
0.048578 -0.023255 0.212971
0.042754 -0.025225 0.210021
0.051742 -0.021086 0.213515
0.045217 -0.023733 0.206069
0.049735 -0.022192 0.212980
0.042827 -0.025331 0.210624
0.047839 -0.023539 0.213226
0.048006 -0.023595 0.213638
0.041150 -0.025294 0.209441
0.048447 -0.023271 0.213301
0.045621 -0.024473 0.208582
0.045013 -0.024858 0.213698
0.048264 -0.023472 0.211682
0.050162 -0.021697 0.212791
0.050658 -0.021691 0.214731
0.050197 -0.021810 0.214484
0.042056 -0.025455 0.211218
0.042867 -0.025494 0.211748
0.044358 -0.023784 0.214941
0.045143 -0.025073 0.210996
0.042606 -0.019774 0.205447
0.045013 -0.024865 0.212368
0.048271 -0.023381 0.213588
0.042332 -0.025110 0.208821
0.050522 -0.021111 0.214718
0.041311 -0.025026 0.208554
0.051729 -0.021107 0.214207
0.047022 -0.024146 0.211327
0.050238 -0.021384 0.209634
0.043309 -0.025427 0.210858
0.040891 -0.025599 0.210820
0.049919 -0.021797 0.214002
0.045585 -0.023753 0.206460
0.050162 -0.021214 0.208815
0.042741 -0.025596 0.214334
0.050509 -0.021349 0.210399
0.050125 -0.021949 0.211793
0.043658 -0.025399 0.210769
0.046621 -0.023524 0.206888
0.049525 -0.022375 0.214173
0.042059 -0.025655 0.211977
0.046131 -0.023662 0.206682
0.042286 -0.025609 0.214823
0.048478 -0.022795 0.209922
0.044425 -0.023753 0.205193
0.043153 -0.025298 0.210212
0.040680 -0.025570 0.210465
0.051109 -0.021486 0.214225
0.041587 -0.025491 0.211503
0.049218 -0.021944 0.208509
0.045007 -0.024758 0.212685
0.050419 -0.021540 0.212974
0.044235 -0.025232 0.212606
0.045191 -0.024970 0.211429
0.040270 -0.025944 0.212354
0.046636 -0.024221 0.212095
0.040763 -0.025542 0.214768
0.041876 -0.025650 0.212341
0.044469 -0.025329 0.210972
0.045056 -0.024674 0.208922
0.044141 -0.025212 0.213576
0.049063 -0.022761 0.213829
0.043931 -0.025251 0.210074
0.047258 -0.022727 0.205285
0.049984 -0.022143 0.211537
0.041247 -0.025770 0.214933
0.050342 -0.021603 0.212300
0.041267 -0.023984 0.214956
0.043757 -0.025275 0.214346
0.043614 -0.025298 0.210217
0.047533 -0.023185 0.208201
0.042611 -0.025664 0.213489
0.045966 -0.024563 0.209844
0.041135 -0.025789 0.212672
0.046968 -0.024193 0.209864
0.049930 -0.021094 0.207778
0.050432 -0.021124 0.209362
0.043196 -0.025376 0.214614
0.041248 -0.025568 0.211367
0.045074 -0.025108 0.210549
0.042270 -0.025183 0.215349
0.048271 -0.023381 0.213588
0.045360 -0.024786 0.211720
0.047664 -0.023832 0.211311
0.041317 -0.025943 0.213730
0.048142 -0.022213 0.205372
0.044202 -0.025094 0.214426
0.043258 -0.025098 0.209115
0.041283 -0.025214 0.209157
0.047807 -0.023185 0.208888
0.049724 -0.021697 0.209474
0.039329 -0.026451 0.214113
0.040391 -0.025355 0.214716
0.048316 -0.022593 0.207299
0.045189 -0.023969 0.206833
0.040666 -0.025263 0.209438
0.048157 -0.023406 0.213256
0.041962 -0.025118 0.215452
0.041757 -0.025276 0.209391
0.048772 -0.023101 0.211331
0.041390 -0.025671 0.212081
0.042009 -0.025274 0.209575
0.045236 -0.024957 0.211582
0.047491 -0.023784 0.212174
0.044011 -0.025391 0.210846
0.045755 -0.024404 0.214840
0.048953 -0.021853 0.207820
0.042946 -0.024455 0.206529
0.049835 -0.022195 0.211214
0.041963 -0.024678 0.206865
0.041234 -0.025505 0.210626
0.048062 -0.023575 0.210931
0.047272 -0.023888 0.214606
0.051471 -0.021211 0.214190
0.049675 -0.020957 0.206930
0.047340 -0.024000 0.210100
0.042217 -0.025439 0.215169
0.051597 -0.021139 0.214366
0.047830 -0.022465 0.205299
0.042391 -0.024514 0.205850
0.043962 -0.025083 0.214520
0.045277 -0.024209 0.207740
0.040468 -0.025906 0.212822
0.049203 -0.021659 0.207975
0.050150 -0.021233 0.214043
0.049423 -0.021771 0.208711
0.042327 -0.025308 0.210253
0.046081 -0.024208 0.212882
0.047710 -0.023827 0.210954
0.041549 -0.025721 0.215079
0.045915 -0.024237 0.208126
0.046530 -0.024035 0.214774
0.042257 -0.024384 0.205167
0.049664 -0.021368 0.208264
0.048640 -0.022986 0.210727
0.046463 -0.024079 0.213517
0.046043 -0.024651 0.210479
0.039750 -0.026088 0.214443
0.050870 -0.021016 0.214611
0.042789 -0.025553 0.212091
0.050862 -0.021491 0.212759
0.045748 -0.024582 0.212232
0.044022 -0.025308 0.210464
0.041821 -0.025750 0.214848
0.049704 -0.022411 0.211489
0.049812 -0.022021 0.213977
0.041359 -0.025933 0.214088
0.041161 -0.025208 0.208851
0.045605 -0.024671 0.211713
0.049079 -0.021671 0.207002
0.050669 -0.021577 0.213200
0.041789 -0.025423 0.211366
0.043715 -0.024850 0.214796
0.050694 -0.021203 0.210707
0.049251 -0.022497 0.210564
0.046459 -0.023784 0.207346
0.048297 -0.023373 0.213861
0.049724 -0.022215 0.213149
0.046018 -0.023200 0.205137
0.049648 -0.020980 0.214702
0.049571 -0.021700 0.209289
0.047152 -0.023784 0.213302
0.049576 -0.022083 0.210071
0.048456 -0.023263 0.214611
0.046687 -0.024001 0.213200
0.047736 -0.022866 0.207640
0.044629 -0.025142 0.210171
0.047454 -0.023765 0.213697
0.047256 -0.023746 0.213283
0.049095 -0.022805 0.213553
0.050344 -0.021818 0.213326
0.043871 -0.025166 0.209725
0.041009 -0.025215 0.209030
0.039211 -0.026385 0.214383
0.049698 -0.022232 0.213861
0.041395 -0.024795 0.207181
0.045925 -0.024540 0.212125
0.049377 -0.022331 0.210758
0.047013 -0.024104 0.211539
0.049717 -0.021431 0.208559
0.044253 -0.025177 0.213844
0.047849 -0.023614 0.214560
0.049396 -0.021159 0.206769
0.049157 -0.021748 0.207489
0.050741 -0.021024 0.210365
0.044499 -0.025110 0.212779
0.042864 -0.024140 0.205086
0.044574 -0.023712 0.205381
0.047405 -0.022489 0.204925
0.048856 -0.022296 0.208301
0.041751 -0.024759 0.207134
0.042359 -0.025184 0.209409
0.047072 -0.023041 0.206349
0.050395 -0.021185 0.209884
0.049910 -0.021039 0.207491
0.042862 -0.025486 0.212819
0.050892 -0.020593 0.214568
0.042142 -0.025479 0.211528
0.046262 -0.024218 0.213659
0.048666 -0.021782 0.206150
0.050110 -0.021857 0.211039
0.041327 -0.025659 0.211851
0.048142 -0.021886 0.214716
0.041561 -0.025822 0.213553
0.044454 -0.025316 0.211213
0.046776 -0.024268 0.210769
0.043297 -0.025441 0.212239
0.048115 -0.023439 0.212630
0.042846 -0.025243 0.210117
0.049380 -0.021490 0.207456
0.044564 -0.025256 0.210641
0.049162 -0.022367 0.214998
0.041195 -0.025181 0.215102
0.039816 -0.026213 0.213228
0.046180 -0.024379 0.214570
0.046710 -0.024234 0.209413
0.050213 -0.021283 0.214113
0.043529 -0.025448 0.213688
0.042405 -0.025248 0.209728
0.050509 -0.021349 0.210399
0.041713 -0.025517 0.211699
0.049773 -0.021068 0.207304
0.050309 -0.021595 0.210693
0.045902 -0.024468 0.209015
0.047480 -0.023618 0.209478
0.043593 -0.023923 0.205185
0.040406 -0.026114 0.213474
0.043329 -0.025038 0.208889
0.043352 -0.024293 0.206030
0.040143 -0.025790 0.211119
0.048580 -0.023195 0.214282
0.050662 -0.021282 0.210877
0.042203 -0.025287 0.209906
0.046190 -0.024249 0.208993
0.042540 -0.025524 0.212649
0.046100 -0.024322 0.212719
0.042628 -0.025642 0.214246
0.048530 -0.023284 0.212767
0.043044 -0.025485 0.212799
0.050530 -0.021425 0.210775
0.046220 -0.023943 0.207425
0.040064 -0.026103 0.213051
0.043976 -0.024836 0.208650
0.049679 -0.022248 0.214694
0.046548 -0.024282 0.211890
0.048337 -0.022448 0.214925
0.046157 -0.024404 0.214504
0.042738 -0.019097 0.209004
0.045853 -0.024054 0.207483
0.048249 -0.023077 0.209516
0.050582 -0.021397 0.212016
0.048260 -0.022865 0.208862
0.044261 -0.024645 0.208177
0.046066 -0.023549 0.206367
0.042847 -0.025609 0.213446
0.044592 -0.024078 0.206453
0.048930 -0.021890 0.207539
0.042809 -0.025632 0.213763
0.041116 -0.025583 0.211107
0.040406 -0.026114 0.213474
0.048953 -0.021853 0.207820
0.043779 -0.025411 0.212524
0.048625 -0.022545 0.208856
0.046642 -0.024346 0.210953
0.043654 -0.025223 0.209806
0.048828 -0.022544 0.209827
0.046214 -0.024556 0.210653
0.041516 -0.025453 0.211189
0.042467 -0.025408 0.210977
0.046799 -0.023256 0.206197
0.043065 -0.024022 0.204972
0.040982 -0.025209 0.209324
0.049798 -0.021845 0.214964
0.045661 -0.023787 0.206666
0.048405 -0.022619 0.208262
0.046418 -0.023870 0.207571
0.047298 -0.023965 0.211737
0.040394 -0.026118 0.214261
0.048898 -0.023075 0.212553
0.047508 -0.023644 0.213280
0.042911 -0.025192 0.209563
0.051597 -0.021139 0.214366
0.045249 -0.023605 0.205598
0.041645 -0.025283 0.215380
0.049488 -0.022284 0.214867
0.047001 -0.024220 0.210603
0.049906 -0.022111 0.211974
0.043985 -0.024430 0.214937
0.041379 -0.025397 0.209824
0.048494 -0.023171 0.213534
0.047637 -0.023867 0.210573
0.050814 -0.021605 0.213468
0.047443 -0.022907 0.206282
0.040264 -0.025707 0.214520
0.048925 -0.021243 0.205307
0.048206 -0.022938 0.208550
0.047256 -0.023746 0.213283
0.047622 -0.023609 0.213042
0.048707 -0.021489 0.205549
0.044548 -0.023872 0.205629
0.046660 -0.024005 0.212967
0.044470 -0.024443 0.207573
0.045871 -0.024709 0.210138
0.043307 -0.024769 0.207934
0.044289 -0.025283 0.211700
0.047920 -0.023279 0.209185
0.044867 -0.024709 0.209034
0.044484 -0.025168 0.212134
0.045827 -0.023475 0.205960
0.040587 -0.025739 0.214539
0.050197 -0.021810 0.214484
0.046046 -0.024352 0.213442
0.043196 -0.025376 0.214614
0.046711 -0.023744 0.208249
0.048330 -0.022206 0.206561
0.040611 -0.026092 0.213587
0.039725 -0.026379 0.213862
0.048707 -0.022252 0.207926
0.046493 -0.023877 0.208387
0.044495 -0.025229 0.211933
0.047143 -0.023892 0.212751
0.044744 -0.024518 0.208086
0.044019 -0.025342 0.210622
0.045285 -0.024004 0.207041
0.041935 -0.024753 0.207401
0.045873 -0.024653 0.211428
0.044774 -0.024925 0.212639
0.043099 -0.025551 0.213417
0.044615 -0.024261 0.207046
0.047261 -0.022908 0.214859
0.045770 -0.024563 0.213941
0.047253 -0.023744 0.214778
0.041834 -0.022225 0.214555
0.044910 -0.024829 0.213284
0.041571 -0.025361 0.210027
0.041761 -0.024949 0.208265
0.043166 -0.024029 0.205294
0.048685 -0.021934 0.206870
0.049002 -0.022835 0.213970
0.043291 -0.024469 0.215083
0.042492 -0.025378 0.210782
0.045796 -0.024745 0.210598
0.043833 -0.025309 0.213873
0.047587 -0.023867 0.211118
0.049889 -0.021355 0.208775
0.046926 -0.024119 0.211677
0.049731 -0.021316 0.207958
0.045142 -0.024914 0.209871
0.041935 -0.024753 0.207401
0.047111 -0.024112 0.211135
0.046361 -0.024345 0.212090
0.041188 -0.024924 0.208071
0.050242 -0.021781 0.213143
0.045622 -0.023948 0.207066
0.046980 -0.022482 0.214734
0.048274 -0.023378 0.214641
0.038334 -0.023933 0.214993
0.049648 -0.020980 0.214702
0.043172 -0.025138 0.209388
0.050574 -0.021506 0.211499
0.046412 -0.024403 0.211518
0.044571 -0.025089 0.209903
0.044408 -0.025105 0.214269
0.044445 -0.024616 0.214794
0.044181 -0.024159 0.206373
0.041571 -0.025361 0.210027
0.048978 -0.022700 0.210367
0.049262 -0.022678 0.213186
0.043327 -0.024361 0.206307
0.051729 -0.021107 0.214207
0.041101 -0.025998 0.214207
0.046064 -0.024497 0.209568
0.048366 -0.023343 0.214405
0.048223 -0.023435 0.211167
0.048492 -0.021936 0.205950
0.049835 -0.022195 0.211214
0.049558 -0.021207 0.207332
0.047275 -0.023489 0.208468
0.045524 -0.024693 0.214248
0.041246 -0.025523 0.210984
0.047165 -0.024095 0.209883
0.042726 -0.024791 0.207829
0.048126 -0.022984 0.214832
0.044731 -0.025187 0.211592
0.043711 -0.024732 0.208371
0.047807 -0.022766 0.206561
0.043361 -0.024422 0.206558
0.048717 -0.022054 0.207424
0.040938 -0.025156 0.208777
0.046425 -0.024463 0.211113
0.046391 -0.023095 0.205218
0.047399 -0.023634 0.208873
0.039548 -0.026219 0.213026
0.045349 -0.024701 0.209136
0.049252 -0.022562 0.210845
0.046799 -0.023256 0.206197
0.047566 -0.023832 0.211703
0.039810 -0.026316 0.214204
0.047785 -0.023684 0.212022
0.049055 -0.022131 0.208730
0.049018 -0.022912 0.211490
0.050623 -0.021508 0.212512
0.048768 -0.023109 0.211663
0.051088 -0.021368 0.212815
0.047156 -0.023919 0.212422
0.046365 -0.024071 0.213041
0.042165 -0.025655 0.212149
0.045977 -0.024513 0.209193
0.049910 -0.021039 0.207491
0.044431 -0.024653 0.208375
0.050245 -0.021836 0.213362
0.045629 -0.023247 0.204847
0.047463 -0.022921 0.207463
0.044744 -0.024518 0.208086
0.044565 -0.025226 0.211774
0.048932 -0.019642 0.213273
0.043380 -0.025490 0.213477
0.045360 -0.024786 0.211720
0.047078 -0.023930 0.209116
0.040559 -0.026177 0.214070
0.044526 -0.024736 0.208673
0.046550 -0.021965 0.214369
0.046850 -0.022839 0.204813
0.044031 -0.025229 0.214158
0.038756 -0.026264 0.214702
0.045744 -0.024571 0.214681
0.048158 -0.022288 0.205692
0.046918 -0.023448 0.207228
0.044312 -0.025252 0.210377
0.041871 -0.025648 0.212161
0.041381 -0.025438 0.210301
0.043545 -0.025493 0.212484
0.048037 -0.023521 0.213451
0.042697 -0.025663 0.214018
0.043291 -0.024469 0.215083
0.046369 -0.024153 0.213307
0.042012 -0.024692 0.207187
0.046548 -0.024099 0.208938
0.044867 -0.024709 0.209034
0.043201 -0.025485 0.212041
0.040391 -0.026002 0.212967
0.042550 -0.024639 0.206997
0.043923 -0.024074 0.205687
0.044335 -0.023710 0.205009
0.049228 -0.022740 0.211644
0.045770 -0.024732 0.211209
0.046155 -0.024507 0.211597
0.048315 -0.023446 0.211800
0.046324 -0.024481 0.210976
0.046587 -0.024317 0.210122
0.048604 -0.021333 0.204821
0.050341 -0.021746 0.211266
0.042723 -0.024479 0.206680
0.049844 -0.022092 0.214531
0.046550 -0.024412 0.211143
0.044376 -0.025194 0.213002
0.045920 -0.023406 0.205689
0.046405 -0.024486 0.210454
0.040864 -0.025183 0.208953
0.045515 -0.024879 0.210482
0.048631 -0.022429 0.208094
0.044019 -0.025342 0.210622
0.041404 -0.025851 0.213339
0.049348 -0.021028 0.206504
0.041094 -0.025713 0.211922
0.046387 -0.024143 0.212819
0.048799 -0.021786 0.206772
0.048508 -0.022803 0.209375
0.040713 -0.025727 0.211545
0.041514 -0.024958 0.208246
0.048497 -0.023141 0.213800
0.042056 -0.025455 0.211218
0.049919 -0.021804 0.213836
0.041963 -0.024678 0.206865
0.046401 -0.024131 0.208755
0.048023 -0.023545 0.211207
0.049788 -0.022043 0.210405
0.046246 -0.023522 0.214979
0.046077 -0.024386 0.214735
0.043327 -0.025325 0.214578
0.042311 -0.025680 0.214486
0.045341 -0.024781 0.212372
0.047778 -0.023652 0.213529
0.049675 -0.020957 0.206930
0.045832 -0.023818 0.206813
0.049977 -0.021125 0.208415
0.044993 -0.025040 0.210111
0.045098 -0.024861 0.214385
0.039222 -0.025916 0.214724
0.043569 -0.025056 0.209065
0.042074 -0.024549 0.205944
0.048174 -0.023510 0.211478
0.044209 -0.025260 0.212255
0.047743 -0.023645 0.210258
0.040133 -0.025815 0.211392
0.042690 -0.024360 0.205695
0.041576 -0.025395 0.210202
0.050009 -0.021778 0.210313
0.046823 -0.024269 0.211235
0.048342 -0.021899 0.205388
0.045007 -0.025071 0.211510
0.049659 -0.022256 0.214184
0.047742 -0.023491 0.209670
0.043561 -0.024592 0.215010
0.044668 -0.023576 0.205139
0.044692 -0.025243 0.211115
0.049290 -0.020972 0.205729
0.048271 -0.022075 0.206335
0.050669 -0.021577 0.213200
0.048845 -0.022236 0.208121
0.047585 -0.023708 0.210011
0.045760 -0.024421 0.213319
0.043054 -0.025403 0.210841
0.041190 -0.025848 0.212863
0.046418 -0.023484 0.206391
0.040360 -0.025818 0.211726
0.048300 -0.023034 0.209832
0.042946 -0.024455 0.206529
0.049075 -0.021900 0.208168
0.050263 -0.021403 0.209867
0.046681 -0.022968 0.205177
0.048161 -0.023462 0.212084
0.048117 -0.023554 0.211690
0.048274 -0.023378 0.214641
0.049180 -0.021257 0.206417
0.042067 -0.025774 0.213861
0.040814 -0.025907 0.212976
0.049173 -0.022537 0.214800
0.047301 -0.023050 0.207052
0.042255 -0.025671 0.213254
0.044199 -0.025031 0.209354
0.047964 -0.023061 0.208463
0.046003 -0.024263 0.208417
0.044194 -0.025325 0.212015
0.042762 -0.024657 0.207499
0.047443 -0.022907 0.206282
0.043802 -0.025108 0.209420
0.046996 -0.024080 0.209519
0.049404 -0.022442 0.210985
0.041378 -0.025538 0.215193
0.046837 -0.024233 0.210072
0.048337 -0.022448 0.214925
0.040753 -0.026062 0.214191
0.040652 -0.025999 0.213184
0.050485 -0.021743 0.213468
0.047731 -0.023655 0.210366
0.040611 -0.026092 0.213587
0.041975 -0.024576 0.206277
0.047704 -0.023484 0.209869
0.044079 -0.025367 0.211244
0.041823 -0.025790 0.212936
0.041869 -0.025615 0.215135
0.046032 -0.024594 0.211176
0.041751 -0.024759 0.207134
0.042464 -0.024600 0.206722
0.049383 -0.020452 0.214410
0.041157 -0.025964 0.214441
0.044079 -0.025367 0.211244
0.049547 -0.021519 0.209158
0.046369 -0.024153 0.213307
0.044446 -0.024280 0.214952
0.050887 -0.021450 0.212650
0.041690 -0.025023 0.208545
0.050436 -0.021412 0.210530
0.050242 -0.021781 0.213143
0.045830 -0.024545 0.214224
0.048642 -0.023226 0.212615
0.045836 -0.024573 0.212005
0.044785 -0.024594 0.208391
0.045785 -0.024008 0.214941
0.043633 -0.024003 0.214992
0.048407 -0.022393 0.206938
0.039966 -0.026039 0.212553
0.040004 -0.026313 0.213951
0.041148 -0.026001 0.213963
0.046220 -0.024403 0.212217
0.045624 -0.024722 0.209910
0.043111 -0.024435 0.206284
0.046131 -0.023662 0.206682
0.047370 -0.023737 0.209180
0.045373 -0.023652 0.205871
0.049123 -0.022852 0.212134
0.043513 -0.025467 0.212638
0.041066 -0.025428 0.209926
0.041327 -0.025659 0.211851
0.046017 -0.024117 0.207974
0.042431 -0.025723 0.214104
0.045236 -0.023840 0.206459
0.049691 -0.021533 0.214866
0.047570 -0.022903 0.207156
0.049520 -0.022473 0.212575
0.045074 -0.025108 0.210549
0.048907 -0.022873 0.210820
0.041923 -0.025338 0.209789
0.048549 -0.022249 0.207597
0.043747 -0.025341 0.210482
0.047587 -0.023867 0.211118
0.043337 -0.024573 0.207387
0.047421 -0.023789 0.212568
0.047356 -0.023994 0.211149
0.042598 -0.024151 0.204941
0.050526 -0.021233 0.210212
0.043024 -0.025362 0.210597
0.047110 -0.023792 0.213478
0.050247 -0.021843 0.211616
0.044872 -0.024715 0.214708
0.048467 -0.023266 0.213130
0.044697 -0.024143 0.206717
0.042753 -0.024551 0.215135
0.045827 -0.023475 0.205960
0.043234 -0.025496 0.213202
0.046246 -0.024568 0.210241
0.047450 -0.023130 0.207872
0.048754 -0.021248 0.204641
0.047640 -0.023710 0.212332
0.045028 -0.024042 0.206813
0.042866 -0.024209 0.205455
0.051460 -0.021206 0.213141
0.047578 -0.022692 0.205917
0.041184 -0.025389 0.209665
0.044709 -0.024999 0.214353
0.048264 -0.023472 0.211682
0.042057 -0.025793 0.214312
0.041301 -0.025905 0.214635
0.046568 -0.023473 0.214937
0.049981 -0.021935 0.214686
0.041464 -0.024870 0.207991
0.051880 -0.020921 0.214353
0.044418 -0.025069 0.209684
0.041248 -0.025568 0.211367
0.046273 -0.023816 0.214940
0.048437 -0.021683 0.204995
0.047624 -0.023397 0.208646
0.042088 -0.025491 0.211714
0.045181 -0.024681 0.213235
0.042125 -0.024630 0.206616
0.046600 -0.023943 0.208573
0.045518 -0.024657 0.214055
0.045197 -0.024890 0.212115
0.045339 -0.024764 0.214370
0.050335 -0.021055 0.208764
0.041378 -0.025198 0.208937
0.043728 -0.024724 0.208004
0.046317 -0.023178 0.205406
0.048311 -0.023337 0.211036
0.040180 -0.026173 0.213610
0.048532 -0.023289 0.212019
0.050694 -0.021203 0.210707
0.049999 -0.021956 0.212681
0.049530 -0.022311 0.210982
0.042065 -0.025668 0.214660
0.040143 -0.025790 0.211119
0.048717 -0.022054 0.207424
0.045077 -0.025117 0.210793
0.047072 -0.023041 0.206349
0.040109 -0.026082 0.214364
0.048897 -0.022375 0.209213
0.046241 -0.024403 0.209755
0.047706 -0.023548 0.209364
0.040343 -0.025742 0.211061
0.043438 -0.025255 0.209898
0.043771 -0.024809 0.208505
0.050532 -0.021383 0.211176
0.050373 -0.021434 0.210323
0.047042 -0.023865 0.213084
0.050128 -0.021583 0.209884
0.045790 -0.024373 0.212889
0.042752 -0.025366 0.210791
0.042862 -0.025486 0.212819
0.044168 -0.025297 0.213015
0.042398 -0.025694 0.213524
0.039496 -0.018764 0.213765
0.048279 -0.023356 0.212238
0.050650 -0.021212 0.210490
0.047062 -0.023275 0.207188
0.045621 -0.024473 0.208582
0.048379 -0.021805 0.205216
0.048029 -0.023485 0.212897
0.049362 -0.022216 0.209960
0.046052 -0.024466 0.214495
0.044678 -0.024951 0.209578
0.050141 -0.021516 0.213924
0.043834 -0.024459 0.207080
0.040382 -0.026198 0.213897
0.047159 -0.023981 0.211885
0.047391 -0.022721 0.205509
0.040547 -0.025710 0.211024
0.042628 -0.025642 0.214246
0.046387 -0.024143 0.212819
0.040547 -0.025710 0.211024
0.051220 -0.020888 0.212115
0.045850 -0.024732 0.210999
0.048768 -0.023109 0.211663
0.047640 -0.023710 0.212332
0.050513 -0.021490 0.211013
0.047403 -0.023890 0.214277
0.042199 -0.025251 0.209543
0.044867 -0.024709 0.209034
0.045080 -0.024726 0.209117
0.047235 -0.023879 0.213993
0.039958 -0.025007 0.214742
0.045206 -0.024791 0.214319
0.050126 -0.020636 0.214658
0.047842 -0.023747 0.210757
0.044445 -0.024955 0.214530
0.044463 -0.024971 0.209282
0.040776 -0.025514 0.210190
0.041834 -0.025705 0.212685
0.045544 -0.024824 0.211380
0.048908 -0.021352 0.205801
0.049493 -0.022073 0.209887
0.046945 -0.023525 0.207853
0.042317 -0.025342 0.210461
0.049485 -0.021496 0.208083
0.042915 -0.025523 0.214405
0.045028 -0.024042 0.206813
0.041716 -0.025369 0.210427
0.042189 -0.025599 0.212567
0.046601 -0.024049 0.213378
0.049126 -0.022149 0.209133
0.045521 -0.023878 0.206862
0.041968 -0.025590 0.211849
0.042057 -0.025793 0.214312
0.043999 -0.025358 0.212478
0.043208 -0.025482 0.212897
0.049363 -0.022509 0.211096
0.048925 -0.021243 0.205307
0.042038 -0.024513 0.205649
0.049094 -0.022914 0.212853
0.046145 -0.023879 0.207221
0.044419 -0.025110 0.213157
0.041530 -0.024778 0.206905
0.046235 -0.024495 0.211328
0.048722 -0.022992 0.214619
0.050121 -0.021253 0.214815
0.040666 -0.025263 0.209438
0.047016 -0.023874 0.208858
0.050238 -0.021384 0.209634
0.049608 -0.022386 0.212721
0.047958 -0.022986 0.208256
0.049735 -0.022192 0.212980
0.045607 -0.023618 0.206167
0.040236 -0.025927 0.212150
0.043837 -0.025390 0.213108
0.048768 -0.023064 0.213400
0.046761 -0.024273 0.209667
0.043593 -0.025409 0.211199
0.049297 -0.022640 0.213858
0.051054 -0.021306 0.214551
0.050513 -0.021024 0.209636
0.047424 -0.023863 0.211972
0.045984 -0.023524 0.214968
0.043297 -0.024959 0.214924
0.047314 -0.023913 0.209768
0.039529 -0.026338 0.214301
0.043282 -0.024492 0.206944
0.046790 -0.023410 0.206961
0.042202 -0.025403 0.210853
0.050203 -0.021549 0.210353
0.040543 -0.025876 0.212592
0.042598 -0.024151 0.204941
0.043402 -0.025488 0.212414
0.047876 -0.023477 0.209579
0.049244 -0.022686 0.211320
0.043714 -0.024449 0.206855
0.042067 -0.025774 0.213861
0.048322 -0.023318 0.210546
0.042690 -0.024360 0.205695
0.051742 -0.021086 0.213515
0.045549 -0.024681 0.211939
0.044624 -0.025032 0.212953
0.049080 -0.022300 0.215073
0.044574 -0.025220 0.210476
0.045511 -0.024720 0.212238
0.049570 -0.022178 0.210747
0.041288 -0.025427 0.210073
0.043253 -0.025522 0.213889
0.043676 -0.025422 0.211538
0.043565 -0.024998 0.208836
0.043747 -0.025378 0.213529
0.048153 -0.023449 0.214210
0.045460 -0.023408 0.205244
0.048535 -0.022325 0.207380
0.042367 -0.024652 0.206896
0.046918 -0.023448 0.207228
0.047191 -0.023339 0.207851
0.043405 -0.025425 0.211450
0.041028 -0.025472 0.210251
0.047742 -0.023657 0.212753
0.042153 -0.025071 0.208690
0.048866 -0.022461 0.209528
0.049524 -0.022262 0.210304
0.043166 -0.024029 0.205294
0.043033 -0.024415 0.206710
0.043029 -0.025537 0.214132
0.045826 -0.024167 0.207820
0.049232 -0.021677 0.207364
0.044776 -0.024849 0.209217
0.047062 -0.023275 0.207188
0.042322 -0.024675 0.207181
0.041355 -0.025769 0.212616
0.049762 -0.022216 0.212715
0.043908 -0.025420 0.212187
0.047909 -0.022440 0.205536
0.049717 -0.021431 0.208559
0.045314 -0.024989 0.210749
0.039341 -0.026014 0.214640
0.048677 -0.021626 0.205819
0.047198 -0.022986 0.206075
0.040180 -0.026173 0.213610
0.043481 -0.025377 0.214348
0.044714 -0.024753 0.208911
0.041283 -0.025214 0.209157
0.042363 -0.025591 0.213202
0.040666 -0.025263 0.209438
0.045416 -0.024742 0.209363
0.048810 -0.023116 0.212224
0.050075 -0.021815 0.212952
0.046003 -0.024263 0.208417
0.043226 -0.025454 0.211225
0.048844 -0.022016 0.207915
0.050858 -0.020857 0.211889
0.048613 -0.022609 0.214950
0.042317 -0.025342 0.210461
0.045595 -0.024586 0.209008
0.046996 -0.024080 0.209519
0.047081 -0.023512 0.214862
0.048903 -0.021298 0.205560
0.045059 -0.024217 0.207509
0.044737 -0.024547 0.208268
0.046172 -0.023268 0.205518
0.043568 -0.024591 0.207534
0.049043 -0.022518 0.210058
0.046548 -0.024099 0.208938
0.045206 -0.024791 0.214319
0.045380 -0.024949 0.211280
0.047022 -0.024146 0.211327
0.045710 -0.024322 0.208191
0.040914 -0.025996 0.214069
0.048846 -0.022361 0.215041
0.048329 -0.023293 0.211146
0.048578 -0.023255 0.212971
0.044454 -0.025316 0.211213
0.046705 -0.023676 0.207662
0.045382 -0.024972 0.210985
0.046774 -0.024172 0.211966
0.048437 -0.021683 0.204995
0.046882 -0.023851 0.208674
0.041963 -0.024678 0.206865
0.046841 -0.023171 0.206596
0.044873 -0.024385 0.207770
0.045925 -0.024540 0.212125
0.047256 -0.023746 0.213283
0.045221 -0.025000 0.210309
0.045143 -0.025073 0.210996
0.046497 -0.024413 0.210274
0.050586 -0.020450 0.214594
0.044697 -0.024143 0.206717
0.039346 -0.026164 0.214506
0.049845 -0.021998 0.214861
0.039831 -0.026089 0.212845
0.049339 -0.022506 0.214204
0.042181 -0.025699 0.213625
0.049249 -0.021353 0.214739
0.046815 -0.023912 0.213492
0.047301 -0.023050 0.207052
0.043509 -0.019247 0.211499
0.046146 -0.024400 0.214207
0.051349 -0.021429 0.213888
0.049374 -0.022553 0.213533
0.046876 -0.024112 0.211845
0.049411 -0.021656 0.208440
0.046459 -0.023915 0.208164
0.044785 -0.024594 0.208391
0.040020 -0.025897 0.211687
0.049418 -0.021016 0.206285
0.039354 -0.025458 0.214742
0.047370 -0.023737 0.209180
0.046448 -0.023859 0.207829
0.044470 -0.024443 0.207573
0.045152 -0.024964 0.211878
0.044662 -0.024962 0.213195
0.051413 -0.021179 0.212841
0.042554 -0.025328 0.210523
0.040333 -0.026107 0.213264
0.045569 -0.024610 0.212553
0.047241 -0.023101 0.207616
0.041682 -0.025857 0.214495
0.044875 -0.025120 0.210395
0.049974 -0.021855 0.210456
0.041863 -0.025368 0.210158
0.050503 -0.021570 0.211282
0.047382 -0.023744 0.212945
0.042121 -0.024824 0.215344
0.044728 -0.024890 0.213491
0.041572 -0.025440 0.210573
0.041077 -0.025895 0.213132
0.049904 -0.021979 0.210742
0.045306 -0.024997 0.210611
0.050569 -0.021523 0.214271
0.046018 -0.023200 0.205137
0.045183 -0.024978 0.210103
0.050918 -0.021290 0.212475
0.049339 -0.022506 0.214204
0.049232 -0.021677 0.207364
0.040767 -0.025782 0.211927
0.046553 -0.023412 0.206192
0.048787 -0.022967 0.213666
0.046864 -0.023681 0.208435
0.046822 -0.024276 0.210392
0.040482 -0.025872 0.212067
0.041791 -0.025134 0.208895
0.048545 -0.023296 0.211809
0.049418 -0.021016 0.206285
0.041827 -0.024883 0.207978
0.042121 -0.024824 0.215344
0.044319 -0.025216 0.212793
0.051460 -0.020577 0.214548
0.049095 -0.021485 0.206687
0.043337 -0.024573 0.207387
0.041705 -0.024887 0.215346
0.050435 -0.021376 0.214009
0.050213 -0.021509 0.210097
0.040180 -0.026173 0.213610
0.046952 -0.023038 0.205793
0.040830 -0.025797 0.212154
0.048772 -0.023101 0.211331
0.046805 -0.023572 0.207972
0.045062 -0.024494 0.208199
0.050829 -0.021511 0.214036
0.048864 -0.021557 0.206033
0.045128 -0.025030 0.210165
0.046309 -0.024098 0.208509
0.049420 -0.021692 0.208991
0.042475 -0.024275 0.205106
0.047509 -0.023828 0.214140
0.045497 -0.024673 0.214560
0.049832 -0.021992 0.213697
0.048584 -0.023133 0.210993
0.046056 -0.024620 0.210861
0.039992 -0.026216 0.213421
0.049462 -0.021511 0.207808
0.045785 -0.024777 0.210430
0.049941 -0.022021 0.211071
0.044849 -0.025116 0.211905
0.050650 -0.021722 0.214610
0.045175 -0.024818 0.209476
0.040549 -0.025729 0.211299
0.048892 -0.022705 0.210211
0.044948 -0.025153 0.211050
0.043660 -0.024685 0.207749
0.042486 -0.024843 0.207966
0.049720 -0.022122 0.210649
0.040403 -0.026098 0.213742
0.042924 -0.024514 0.207082
0.049437 -0.022610 0.211503
0.044729 -0.024268 0.207382
0.049246 -0.022753 0.211942
0.043553 -0.025457 0.211799
0.045074 -0.025108 0.210549
0.044948 -0.025153 0.211050
0.044868 -0.024170 0.207142
0.049303 -0.021595 0.208236
0.047599 -0.022933 0.206889
0.045186 -0.024848 0.214085
0.042485 -0.024650 0.207410
0.049634 -0.022281 0.212227
0.042635 -0.024504 0.206360
0.047921 -0.022260 0.204803
0.046543 -0.023477 0.206677
0.048230 -0.023309 0.210420
0.043472 -0.025143 0.209340
0.045416 -0.024742 0.209363
0.044053 -0.025162 0.214362
0.046587 -0.024317 0.210122
0.045710 -0.024632 0.209240
0.050752 -0.021085 0.211209
0.049964 -0.021958 0.213292
0.043710 -0.022457 0.214498
0.041423 -0.025296 0.209384
0.048457 -0.022411 0.207134
0.049812 -0.022170 0.212418
0.046990 -0.023150 0.206888
0.044662 -0.024962 0.213195
0.046724 -0.023307 0.206382
0.041716 -0.025369 0.210427
0.047340 -0.024000 0.210100
0.049554 -0.022397 0.213772
0.044697 -0.024143 0.206717
0.046246 -0.024568 0.210241
0.048908 -0.021352 0.205801
0.042738 -0.019097 0.209004
0.048109 -0.023487 0.214648
0.046625 -0.023970 0.213561
0.048677 -0.021626 0.205819
0.048433 -0.022708 0.208849
0.051007 -0.020968 0.212131
0.041150 -0.025294 0.209441
0.046451 -0.023902 0.208010
0.043904 -0.025408 0.211164
0.051059 -0.021404 0.213459
0.049203 -0.021659 0.207975
0.044481 -0.024338 0.207194
0.049724 -0.022215 0.213149
0.048407 -0.022393 0.206938
0.046971 -0.024040 0.212388
0.046326 -0.024270 0.213975
0.048223 -0.022598 0.207000
0.050976 -0.020320 0.214569
0.045287 -0.023455 0.205378
0.047223 -0.023745 0.213128
0.041861 -0.025753 0.213659
0.046996 -0.024080 0.209519
0.049223 -0.022708 0.212954
0.042497 -0.025625 0.212061
0.046895 -0.024243 0.210963
0.050050 -0.021710 0.214911
0.044910 -0.023669 0.205514
0.041705 -0.024887 0.215346
0.050071 -0.021150 0.208581
0.046657 -0.023736 0.208030
0.048092 -0.023368 0.214728
0.049941 -0.022021 0.211071
0.045077 -0.025117 0.210793
0.048499 -0.023135 0.210616
0.045469 -0.018516 0.208022
0.048768 -0.023109 0.211663
0.041188 -0.024924 0.208071
0.039346 -0.026164 0.214506
0.040850 -0.025589 0.210640
0.041261 -0.024884 0.207797
0.047803 -0.023705 0.213742
0.049179 -0.021703 0.207700
0.049971 -0.021672 0.209776
0.046809 -0.023790 0.214853
0.044419 -0.025110 0.213157
0.043513 -0.025467 0.212638
0.046270 -0.023458 0.206190
0.042726 -0.024988 0.208355
0.047629 -0.023418 0.214774
0.042578 -0.025533 0.211697
0.042992 -0.024243 0.205653
0.048365 -0.022571 0.207626
0.045682 -0.024408 0.208414
0.041112 -0.025738 0.212127
0.043529 -0.025448 0.213688
0.042486 -0.025149 0.209169
0.042156 -0.024828 0.207817
0.050344 -0.021818 0.213326
0.045616 -0.024838 0.210801
0.049929 -0.022073 0.212541
0.047639 -0.022560 0.205632
0.049389 -0.021250 0.207159
0.045597 -0.024503 0.208769
0.041288 -0.025427 0.210073
0.041635 -0.025354 0.209610
0.050245 -0.021260 0.209117
0.049471 -0.020000 0.214227
0.048898 -0.023075 0.212553
0.045370 -0.024719 0.213808
0.040830 -0.025797 0.212154
0.048525 -0.021790 0.205652
0.047294 -0.023813 0.209496
0.051007 -0.020968 0.212131
0.041610 -0.024821 0.207579
0.044725 -0.025052 0.214066
0.045513 -0.023346 0.205050
0.042903 -0.025156 0.209430
0.042936 -0.025448 0.211160
0.042950 -0.024964 0.208288
0.042578 -0.025533 0.211697
0.043748 -0.025401 0.210942
0.040814 -0.025907 0.212976
0.048059 -0.022729 0.207177
0.047632 -0.022590 0.205413
0.042990 -0.025477 0.211459
0.044727 -0.025172 0.211312
0.050530 -0.021598 0.213785
0.047839 -0.023539 0.213226
0.040914 -0.025996 0.214069
0.039672 -0.026078 0.212497
0.042464 -0.024600 0.206722
0.049762 -0.020182 0.214516
0.051410 -0.021320 0.213697
0.042013 -0.025747 0.214498
0.046268 -0.024356 0.209373
0.048837 -0.023104 0.211971
0.044778 -0.024988 0.209820
0.047480 -0.023618 0.209478
0.045415 -0.024528 0.213321
0.048161 -0.023482 0.214021
0.047964 -0.023061 0.208463
0.050774 -0.021069 0.211929
0.040911 -0.025641 0.211193
0.042460 -0.025004 0.208493
0.048585 -0.023207 0.212189
0.047190 -0.023910 0.209338
0.042642 -0.025597 0.214436
0.048168 -0.022511 0.206693
0.044405 -0.024248 0.206767
0.047001 -0.023541 0.208143
0.043004 -0.025479 0.211929
0.047919 -0.022435 0.205803
0.042181 -0.025699 0.213625
0.046761 -0.024273 0.209667
0.048766 -0.021161 0.204832
0.046417 -0.024247 0.212629
0.043779 -0.025411 0.212524
0.044954 -0.023752 0.206163
0.049218 -0.022027 0.214951
0.047261 -0.022908 0.214859
0.045167 -0.025047 0.211198
0.042270 -0.025183 0.215349
0.042056 -0.025455 0.211218
0.042683 -0.024919 0.208163
0.043834 -0.024459 0.207080
0.050709 -0.020076 0.214517
0.046847 -0.024012 0.214129
0.048737 -0.022385 0.208473
0.045056 -0.024674 0.208922
0.044468 -0.025272 0.211495
0.043800 -0.024264 0.206401
0.050424 -0.019623 0.214157
0.040767 -0.025782 0.211927
0.046931 -0.023131 0.206098
0.049668 -0.021853 0.209745
0.047788 -0.023251 0.208676
0.045246 -0.024606 0.214749
0.042897 -0.023757 0.214962
0.047113 -0.023064 0.206698
0.048123 -0.022842 0.208047
0.042867 -0.025494 0.211748
0.044301 -0.025190 0.210047
0.042481 -0.025707 0.213835
0.047422 -0.023878 0.210892
0.039342 -0.026369 0.213373
0.047234 -0.022661 0.205086
0.047285 -0.023342 0.208005
0.048509 -0.022795 0.209703
0.040314 -0.026241 0.214081
0.045077 -0.025117 0.210793
0.039958 -0.025007 0.214742
0.042946 -0.025498 0.212276
0.042329 -0.024639 0.215237
0.049725 -0.019884 0.214254
0.045587 -0.024116 0.207710
0.043609 -0.025376 0.214140
0.046621 -0.023524 0.206888
0.048821 -0.022982 0.214498
0.046766 -0.023082 0.205538
0.044222 -0.024813 0.208703
0.043004 -0.025479 0.211929
0.049613 -0.021541 0.208883
0.047865 -0.023002 0.208353
0.043266 -0.024004 0.204987
0.050154 -0.021814 0.212428
0.049308 -0.022699 0.212323
0.042996 -0.025324 0.214787
0.048006 -0.023595 0.213638
0.045914 -0.024367 0.208697
0.042540 -0.024299 0.205323
0.043907 -0.024557 0.207477
0.043570 -0.023925 0.204906
0.044817 -0.023897 0.206286
0.050371 -0.021740 0.211461
0.047988 -0.022870 0.207783
0.048692 -0.022908 0.210290
0.048705 -0.021413 0.205339
0.049263 -0.021549 0.207196
0.045380 -0.024558 0.208890
0.040314 -0.026241 0.214081
0.047907 -0.023326 0.209899
0.045197 -0.023435 0.205071
0.049919 -0.021533 0.209308
0.049363 -0.022509 0.211096
0.048585 -0.022892 0.214770
0.045207 -0.023367 0.204875
0.049311 -0.022108 0.209709
0.045197 -0.023435 0.205071
0.048892 -0.022705 0.210211
0.048161 -0.023482 0.214021
0.049135 -0.022322 0.209871
0.044023 -0.025276 0.210306
0.038914 -0.025986 0.214791
0.041274 -0.025527 0.211154
0.042325 -0.024576 0.206145
0.045915 -0.024237 0.208126
0.045662 -0.024535 0.213726
0.050088 -0.021278 0.214073
0.040891 -0.025599 0.210820
0.049005 -0.021048 0.204884
0.044166 -0.023866 0.205133
0.049016 -0.022926 0.213185
0.046535 -0.023213 0.205602
0.044776 -0.024849 0.209217
0.040967 -0.025020 0.208441
0.043985 -0.024430 0.214937
0.047775 -0.023086 0.208281
0.046326 -0.024270 0.213975
0.046510 -0.023946 0.213733
0.050067 -0.021159 0.214107
0.040848 -0.025351 0.209638
0.047271 -0.023830 0.212230
0.051335 -0.021252 0.213311
0.043139 -0.025545 0.213651
0.048106 -0.023498 0.214491
0.043236 -0.025470 0.214226
0.045877 -0.024569 0.211735
0.046980 -0.024045 0.212125
0.050009 -0.021778 0.210313
0.049032 -0.022245 0.209469
0.048730 -0.023137 0.213136
0.046926 -0.024119 0.211677
0.039072 -0.026191 0.214653
0.041392 -0.025136 0.208763
0.050402 -0.021555 0.212700
0.042909 -0.025606 0.214028
0.046162 -0.024396 0.212523
0.049062 -0.021144 0.205747
0.043173 -0.025429 0.214482
0.046157 -0.024404 0.214504
0.045751 -0.024269 0.208011
0.045397 -0.024540 0.212991
0.041874 -0.025409 0.210838
0.045770 -0.024732 0.211209
0.044405 -0.024248 0.206767
0.050775 -0.021763 0.214707
0.046285 -0.023566 0.206538
0.050766 -0.021224 0.211485
0.043679 -0.025466 0.212390
0.049511 -0.022567 0.211754
0.042113 -0.025158 0.208957
0.039823 -0.026296 0.213688
0.045530 -0.023501 0.205619
0.047494 -0.022983 0.206666
0.042510 -0.025558 0.214791
0.048746 -0.022554 0.209302
0.048933 -0.022790 0.214607
0.051109 -0.021486 0.214225
0.048814 -0.023002 0.210948
0.046162 -0.024396 0.212523
0.044466 -0.025059 0.213530
0.050299 -0.020345 0.214616
0.041549 -0.025721 0.215079
0.045144 -0.024724 0.213509
0.045544 -0.024824 0.211380
0.043925 -0.024738 0.208325
0.049107 -0.022684 0.214294
0.048462 -0.020984 0.214345
0.045376 -0.024491 0.208415
0.043018 -0.024380 0.205941
0.050036 -0.021804 0.210686
0.045386 -0.024751 0.209707
0.040372 -0.025778 0.211215
0.043942 -0.024429 0.207219
0.045469 -0.018516 0.208022
0.045455 -0.024608 0.213629
0.046324 -0.023018 0.204933
0.039934 -0.026025 0.212281
0.044870 -0.024867 0.212963
0.042074 -0.024549 0.205944
0.044762 -0.020207 0.212868
0.048150 -0.023368 0.210315
0.043218 -0.025218 0.209626
0.047966 -0.023579 0.212397
0.047547 -0.023714 0.214669
0.048062 -0.022401 0.206307
0.045455 -0.024523 0.208604
0.046214 -0.024556 0.210653
0.040733 -0.026101 0.213890
0.044209 -0.025260 0.212255
0.044050 -0.024648 0.208031
0.046664 -0.024010 0.208748
0.040649 -0.026058 0.213361
0.049088 -0.021772 0.207297
0.043674 -0.025443 0.212975
0.050395 -0.021185 0.209884
0.042533 -0.025605 0.212310
0.048704 -0.022060 0.207716
0.049527 -0.022347 0.214434
0.045166 -0.024866 0.209667
0.043084 -0.025257 0.209920
0.041009 -0.025215 0.209030
0.047423 -0.023624 0.214784
0.048828 -0.022544 0.209827
0.041188 -0.024924 0.208071
0.040184 -0.025974 0.212684
0.044913 -0.024948 0.214259
0.049140 -0.022751 0.211089
0.045189 -0.023969 0.206833
0.050366 -0.021633 0.210906
0.041716 -0.025440 0.210795
0.048880 -0.022936 0.214289
0.042012 -0.024692 0.207187
0.046220 -0.024403 0.212217
0.046285 -0.018868 0.210510
0.048766 -0.021161 0.204832
0.047559 -0.023844 0.210354
0.043604 -0.025188 0.214564
0.044159 -0.024989 0.209145
0.046138 -0.024022 0.207668
0.044177 -0.024537 0.207561
0.045408 -0.024405 0.208143
0.049713 -0.021254 0.207610
0.042669 -0.025451 0.211357
0.042783 -0.025029 0.208548
0.046925 -0.023983 0.214674
0.051284 -0.021437 0.214166
0.048125 -0.023505 0.210587
0.045028 -0.024042 0.206813
0.047950 -0.023617 0.212557
0.039463 -0.026379 0.213717
0.040236 -0.025927 0.212150
0.044925 -0.024919 0.209590
0.047894 -0.022339 0.205069
0.045370 -0.024744 0.214528
0.041105 -0.025730 0.212342
0.046457 -0.023647 0.207017
0.048312 -0.023355 0.210822
0.048532 -0.021641 0.205358
0.041882 -0.025847 0.214155
0.040587 -0.025739 0.214539
0.047001 -0.024220 0.210603
0.043201 -0.025478 0.211713
0.048460 -0.022791 0.209097
0.044814 -0.025198 0.210617
0.043367 -0.025366 0.210598
0.050142 -0.021947 0.211357
0.048396 -0.022747 0.208617
0.041934 -0.025397 0.210588
0.043865 -0.025438 0.211942
0.050247 -0.021843 0.211616
0.045408 -0.024405 0.208143
0.049951 -0.021876 0.214972
0.044867 -0.024709 0.209034
0.048127 -0.022053 0.204730
0.044802 -0.025021 0.212215
0.047731 -0.023655 0.210366
0.050918 -0.021290 0.212475
0.041057 -0.025674 0.211596
0.046568 -0.023108 0.205399
0.044425 -0.023753 0.205193
0.044571 -0.025089 0.209903
0.050121 -0.021790 0.213595
0.048640 -0.023116 0.214157
0.049724 -0.021697 0.209474
0.049470 -0.022422 0.214668
0.045877 -0.024569 0.211735
0.041468 -0.025671 0.212474
0.049955 -0.021971 0.212961
0.045242 -0.024725 0.212624
0.042668 -0.025172 0.209366
0.045071 -0.025053 0.211751
0.047389 -0.022887 0.206023
0.045088 -0.024856 0.214524
0.041028 -0.025472 0.210251
0.047950 -0.023617 0.212557
0.048837 -0.023104 0.211971
0.041965 -0.025012 0.208625
0.043253 -0.025522 0.213889
0.043552 -0.024823 0.208353
0.046438 -0.023046 0.214865
0.047006 -0.022778 0.205065
0.050404 -0.021655 0.211656
0.045549 -0.024251 0.207914
0.044044 -0.025328 0.212806
0.041645 -0.025537 0.215296
0.044657 -0.025030 0.213794
0.042009 -0.025261 0.209431
0.048933 -0.022790 0.214607
0.048158 -0.022288 0.205692
0.046469 -0.024356 0.209576
0.048766 -0.021161 0.204832
0.050654 -0.020789 0.214622
0.044192 -0.025266 0.213196
0.043999 -0.025358 0.212478
0.047779 -0.022821 0.207308
0.046220 -0.023943 0.207425
0.042624 -0.025080 0.208880
0.046664 -0.024010 0.208748
0.047204 -0.024121 0.210398
0.048195 -0.022015 0.205044
0.044523 -0.023917 0.205839
0.050335 -0.021055 0.208764
0.042671 -0.025537 0.214675
0.041828 -0.024603 0.206517
0.047063 -0.022772 0.204836
0.050113 -0.021271 0.208983
0.047988 -0.022870 0.207783
0.049484 -0.022303 0.210520
0.047082 -0.023999 0.214519
0.047865 -0.023002 0.208353
0.043024 -0.025362 0.210597
0.042327 -0.024406 0.205500
0.043361 -0.024422 0.206558
0.043802 -0.025108 0.209420
0.048075 -0.023010 0.208715
0.050894 -0.021515 0.214261
0.048709 -0.022999 0.213985
0.044526 -0.024736 0.208673
0.043925 -0.024216 0.206228
0.048222 -0.022214 0.206015
0.044589 -0.023627 0.204899
0.048843 -0.021685 0.206613
0.046783 -0.024256 0.209844
0.050389 -0.021671 0.211113
0.051676 -0.020923 0.214450
0.042733 -0.024498 0.206084
0.048238 -0.023127 0.210054
0.046201 -0.024101 0.208242
0.044069 -0.025376 0.211856
0.040527 -0.025936 0.214392
0.050494 -0.021515 0.212165
0.048642 -0.023226 0.212615
0.050656 -0.021250 0.211062
0.048783 -0.022647 0.214834
0.051230 -0.020893 0.214521
0.046043 -0.024460 0.214022
0.040340 -0.025736 0.210923
0.042059 -0.025655 0.211977
0.045624 -0.024465 0.212808
0.045504 -0.024525 0.214788
0.046980 -0.022482 0.214734
0.048525 -0.021790 0.205652
0.041865 -0.024764 0.207645
0.043325 -0.025266 0.209914
0.044018 -0.024138 0.205963
0.047897 -0.022467 0.206021
0.047171 -0.024098 0.210809
0.043715 -0.024850 0.214796
0.042367 -0.024652 0.206896
0.046146 -0.024400 0.214207
0.041627 -0.025184 0.209138
0.046414 -0.024339 0.211710
0.048339 -0.022645 0.207935
0.042885 -0.025225 0.209837
0.041775 -0.024500 0.206078
0.043033 -0.024415 0.206710
0.041962 -0.025118 0.215452
0.047096 -0.024167 0.210152
0.050887 -0.021450 0.212650
0.048550 -0.023219 0.212380
0.047504 -0.023656 0.209707
0.042199 -0.025251 0.209543
0.042202 -0.025403 0.210853
0.049909 -0.021818 0.210039
0.047347 -0.024048 0.210587
0.046823 -0.024269 0.211235
0.044188 -0.024456 0.207305
0.043329 -0.025038 0.208889
0.048926 -0.022441 0.215059
0.045672 -0.024679 0.211529
0.047301 -0.023050 0.207052
0.042982 -0.024864 0.208039
0.043276 -0.024856 0.208131
0.048213 -0.021923 0.204869
0.040661 -0.025440 0.209893
0.043768 -0.025423 0.212778
0.044703 -0.023827 0.206008
0.044468 -0.025272 0.211495
0.045560 -0.024857 0.210288
0.048771 -0.022881 0.210501
0.042329 -0.024639 0.215237
0.047326 -0.022591 0.204759
0.049244 -0.022686 0.211320
0.051449 -0.021328 0.214047
0.049919 -0.021797 0.214002
0.039750 -0.026088 0.214443
