0.141671 0.083564 0.252715
0.135441 0.077429 0.257262
0.141391 0.084255 0.253687
0.135495 0.077687 0.258083
0.135329 0.076743 0.259488
0.135945 0.078065 0.256598
0.138222 0.081221 0.259017
0.139876 0.083574 0.255324
0.137951 0.080650 0.254247
0.136312 0.077345 0.253317
0.139728 0.083978 0.258434
0.135039 0.076662 0.258472
0.138187 0.081702 0.256376
0.139377 0.083381 0.256696
0.140329 0.084427 0.256825
0.138184 0.081927 0.257940
0.134670 0.075948 0.256421
0.140673 0.084621 0.257618
0.136499 0.076148 0.258934
0.137621 0.080385 0.254775
0.141633 0.082117 0.252541
0.139137 0.078139 0.251478
0.138578 0.077345 0.252084
0.136610 0.079004 0.255783
0.137500 0.079458 0.253528
0.139971 0.083096 0.253943
0.135457 0.076368 0.254362
0.137008 0.079158 0.254615
0.135624 0.077499 0.259760
0.140120 0.084250 0.256872
0.136219 0.077315 0.254216
0.135203 0.076555 0.259327
0.136713 0.078866 0.255032
0.141436 0.084858 0.256656
0.140170 0.084039 0.256336
0.140992 0.083505 0.252890
0.141849 0.084060 0.255748
0.140130 0.084280 0.257829
0.134860 0.076473 0.257404
0.136057 0.076741 0.252544
0.137467 0.080392 0.255556
0.138698 0.082219 0.255830
0.141947 0.083454 0.253107
0.139905 0.082939 0.258137
0.139525 0.082467 0.253591
0.135854 0.077561 0.259826
0.140527 0.082481 0.257272
0.139557 0.082819 0.254163
0.134615 0.076014 0.258782
0.136434 0.079093 0.257893
0.141242 0.083443 0.257065
0.138769 0.079769 0.251428
0.136354 0.079344 0.258888
0.136356 0.078996 0.257247
0.138254 0.081537 0.255130
0.137659 0.077154 0.255137
0.140439 0.080018 0.251795
0.136883 0.077933 0.252837
0.135738 0.077979 0.257631
0.137223 0.079592 0.259398
0.135443 0.076949 0.255780
0.134980 0.075771 0.254204
0.135548 0.077724 0.258665
0.138516 0.082250 0.256504
0.141333 0.084297 0.253850
0.138363 0.082044 0.256885
0.138773 0.080034 0.251651
0.141487 0.084620 0.254945
0.138696 0.082489 0.256479
0.137069 0.078753 0.254043
0.137299 0.077077 0.257884
0.135106 0.076655 0.258891
0.139212 0.080833 0.251795
0.137236 0.080645 0.258366
0.136664 0.075738 0.254031
0.139762 0.083877 0.257470
0.136746 0.077310 0.251857
0.141293 0.084557 0.254465
0.135720 0.078092 0.258634
0.137297 0.079449 0.254175
0.136805 0.077618 0.259589
0.135894 0.078136 0.257630
0.140160 0.083788 0.254727
0.138618 0.082553 0.257451
0.140061 0.084230 0.257699
0.136563 0.079634 0.258373
0.138090 0.080776 0.259131
0.140152 0.082524 0.252608
0.137619 0.081050 0.257284
0.136376 0.078383 0.259820
0.135640 0.075486 0.256279
0.141179 0.082943 0.256759
0.137388 0.080188 0.255096
0.139912 0.083305 0.258468
0.139911 0.084061 0.257661
0.139153 0.077726 0.251578
0.141716 0.083987 0.256535
0.137550 0.079119 0.259519
0.139741 0.082562 0.253369
0.139400 0.083115 0.255750
0.141386 0.082725 0.254685
0.139853 0.081662 0.251790
0.137373 0.080239 0.255642
0.134726 0.076246 0.257926
0.138976 0.081450 0.252984
0.137824 0.079278 0.252718
0.139350 0.083479 0.257509
0.139467 0.082068 0.253032
0.135451 0.077077 0.259525
0.138797 0.082738 0.257284
0.139607 0.081512 0.257689
0.139875 0.083994 0.257467
0.136081 0.075252 0.258179
0.137462 0.080390 0.256273
0.140817 0.082585 0.251482
0.137620 0.077772 0.259124
0.135336 0.077202 0.257143
0.136415 0.078957 0.259394
0.137008 0.078012 0.252386
0.138897 0.080752 0.252222
0.139468 0.083712 0.258174
0.137086 0.079709 0.255128
0.134984 0.076025 0.259868
0.136996 0.078713 0.254220
0.139767 0.081305 0.251501
0.136344 0.078212 0.255391
0.137837 0.081347 0.258853
0.135583 0.076586 0.254483
0.140526 0.080045 0.252821
0.135153 0.076087 0.260033
0.140735 0.084094 0.254414
0.137787 0.080743 0.254820
0.137143 0.080478 0.258256
0.141678 0.084485 0.256579
0.138554 0.081746 0.254854
0.139987 0.082682 0.253132
0.139750 0.082522 0.257961
0.137258 0.078780 0.253593
0.136790 0.077887 0.253249
0.136134 0.078514 0.256948
0.139428 0.081335 0.251942
0.137975 0.078494 0.251380
0.141841 0.082435 0.252093
0.136641 0.079398 0.257942
0.139296 0.083189 0.258396
0.140471 0.081950 0.251029
0.137708 0.080182 0.254205
0.141332 0.082742 0.254994
0.136969 0.078203 0.253654
0.137460 0.080776 0.258856
0.139563 0.082840 0.254360
0.139584 0.083210 0.255672
0.138401 0.079276 0.251400
0.140426 0.084316 0.256291
0.136159 0.077442 0.259816
0.135857 0.078285 0.258200
0.140717 0.084346 0.255547
0.138488 0.081691 0.258459
0.135605 0.077887 0.259062
0.136277 0.077311 0.253999
0.135892 0.077461 0.255521
0.135207 0.076040 0.254187
0.137670 0.080722 0.259085
0.141455 0.084609 0.254734
0.137099 0.076310 0.253251
0.138554 0.080855 0.253039
0.140298 0.082309 0.252065
0.137425 0.079786 0.254289
0.141607 0.082845 0.251350
0.141093 0.081325 0.253879
0.139872 0.079235 0.251468
0.137613 0.080456 0.255835
0.134515 0.075525 0.260345
0.136940 0.075752 0.255053
0.141599 0.083411 0.252514
0.135723 0.077918 0.259617
0.137609 0.080371 0.259152
0.140047 0.082798 0.253240
0.139703 0.083022 0.254618
0.136132 0.076660 0.252214
0.138790 0.081082 0.252780
0.134685 0.076213 0.257266
0.136227 0.075720 0.257241
0.136725 0.077710 0.252743
0.138669 0.081396 0.253970
0.137660 0.080692 0.256105
0.139567 0.082316 0.253233
0.136105 0.077341 0.254459
0.135946 0.076902 0.254301
0.140024 0.083416 0.254502
0.140102 0.083155 0.253742
0.137742 0.080160 0.253909
0.139537 0.083548 0.256720
0.135101 0.076719 0.256558
0.134881 0.075503 0.260544
0.135497 0.077503 0.258386
0.138622 0.077889 0.253358
0.135117 0.075410 0.260511
0.136397 0.078810 0.256291
0.135996 0.077430 0.255223
0.140614 0.084676 0.257155
0.138049 0.081181 0.255476
0.137288 0.078665 0.259794
0.140956 0.080937 0.253743
0.138287 0.081992 0.257517
0.140760 0.084759 0.256493
0.137457 0.080905 0.257407
0.135623 0.075093 0.256769
0.139245 0.083081 0.256064
0.140443 0.082868 0.252689
0.140707 0.082362 0.251338
0.137940 0.081270 0.256137
0.135859 0.077272 0.255294
0.140265 0.081970 0.251493
0.138896 0.078490 0.254954
0.135109 0.075878 0.254572
0.140884 0.083207 0.252552
0.134446 0.075509 0.255620
0.134313 0.075604 0.257745
0.138172 0.080653 0.253714
0.141782 0.082713 0.251959
0.141317 0.083285 0.252196
0.139007 0.083136 0.257991
0.138486 0.080896 0.253187
0.141814 0.084392 0.254042
0.141882 0.084123 0.255460
0.136329 0.078680 0.257589
0.141202 0.082163 0.254335
0.139607 0.083107 0.254943
0.139231 0.082120 0.253410
0.137128 0.080304 0.257555
0.142024 0.083237 0.253999
0.136251 0.077528 0.254364
0.139609 0.081682 0.252165
0.136537 0.075468 0.254639
0.135987 0.076947 0.252962
0.138531 0.078696 0.250757
0.137251 0.076458 0.254517
0.139702 0.083258 0.255004
0.140276 0.084493 0.257588
0.141578 0.084892 0.256319
0.137011 0.080198 0.258654
0.135032 0.075628 0.260482
0.136458 0.079618 0.258669
0.140906 0.083134 0.252339
0.139009 0.082188 0.254750
0.136824 0.079329 0.259443
0.138448 0.076622 0.251690
0.137726 0.080271 0.259214
0.141126 0.084147 0.257509
0.138474 0.079020 0.251177
0.136495 0.077506 0.253249
0.137406 0.078712 0.253239
0.135568 0.077379 0.256377
0.141534 0.084568 0.255154
0.136233 0.078842 0.258623
0.137602 0.081083 0.257084
0.138952 0.080238 0.251576
0.139044 0.080823 0.252078
0.140232 0.081771 0.251095
0.135506 0.077420 0.256834
0.136595 0.079190 0.257802
0.135469 0.077406 0.258683
0.137425 0.079393 0.259462
0.140928 0.084947 0.256573
0.136511 0.076068 0.258079
0.135640 0.074838 0.254624
0.139399 0.082686 0.254485
0.139857 0.084038 0.258333
0.134584 0.075548 0.255296
0.136763 0.077808 0.253023
0.138486 0.082341 0.257371
0.139852 0.083696 0.255877
0.139334 0.083233 0.256416
0.136871 0.078359 0.254218
0.138118 0.077561 0.254571
0.135243 0.076987 0.256962
0.138916 0.082718 0.256181
0.137355 0.078715 0.253346
0.137287 0.079238 0.259549
0.141118 0.084584 0.255219
0.138644 0.081208 0.253685
0.141937 0.083001 0.253814
0.137171 0.078556 0.253503
0.141284 0.082425 0.254338
0.138323 0.082041 0.258203
0.140938 0.084150 0.254128
0.140777 0.083123 0.252576
0.135667 0.076683 0.253124
0.137829 0.081321 0.256984
0.135563 0.076535 0.253969
0.139706 0.082425 0.253168
0.137087 0.079726 0.254972
0.136110 0.077152 0.259831
0.136761 0.076045 0.253604
0.139945 0.079212 0.251277
0.137683 0.081200 0.256919
0.139929 0.081327 0.251135
0.137155 0.079297 0.254213
0.141723 0.084236 0.256605
0.141469 0.082644 0.254096
0.138127 0.081304 0.255764
0.136595 0.076646 0.259212
0.134796 0.075595 0.254187
0.135387 0.077381 0.258935
0.137078 0.077455 0.250937
0.139619 0.082470 0.258062
0.134847 0.075355 0.260582
0.141161 0.083876 0.253198
0.141530 0.084564 0.254266
0.139908 0.084025 0.258504
0.137795 0.079870 0.253316
0.141785 0.082728 0.253566
0.139485 0.083577 0.257157
0.135429 0.077317 0.257020
0.141537 0.082549 0.253806
0.135158 0.076482 0.259449
0.134960 0.076411 0.256444
0.136518 0.077453 0.252721
0.135575 0.077042 0.255582
0.137363 0.078982 0.253424
0.138241 0.081527 0.255734
0.138529 0.082391 0.257580
0.139197 0.083057 0.256243
0.136983 0.078799 0.254362
0.135991 0.078466 0.258112
0.139946 0.083931 0.256616
0.138350 0.080788 0.253478
0.141333 0.083457 0.252429
0.135507 0.077512 0.259588
0.140014 0.083904 0.258522
0.138518 0.081220 0.254014
0.140562 0.084271 0.255487
0.137772 0.078935 0.252369
0.136431 0.079201 0.258075
0.137245 0.080648 0.257886
0.134981 0.076751 0.257267
0.138329 0.080986 0.259040
0.136863 0.075859 0.252884
0.134807 0.076197 0.257688
0.140441 0.080857 0.255429
0.140070 0.079504 0.253240
0.139188 0.083316 0.258062
0.134969 0.075759 0.253703
0.137407 0.080748 0.257034
0.138047 0.081695 0.258133
0.138042 0.078886 0.251676
0.139852 0.082027 0.257610
0.135042 0.076629 0.258748
0.139130 0.083143 0.258300
0.137155 0.079434 0.254380
0.140403 0.084523 0.257740
0.140236 0.083044 0.253352
0.137274 0.079617 0.254383
0.139152 0.082280 0.253777
0.140939 0.083855 0.253612
0.139692 0.082989 0.254433
0.139267 0.080233 0.251070
0.135929 0.075615 0.256253
0.135886 0.075391 0.257012
0.135492 0.076425 0.253269
0.140040 0.079529 0.251960
0.139969 0.083710 0.255518
0.136364 0.078913 0.256566
0.135343 0.076815 0.255770
0.136790 0.075959 0.253135
0.137112 0.080328 0.256788
0.138066 0.081385 0.256006
0.139921 0.083048 0.253856
0.140633 0.084455 0.256058
0.135530 0.077558 0.257149
0.139324 0.077520 0.251314
0.136815 0.077473 0.252027
0.135284 0.077188 0.258131
0.137654 0.076767 0.252813
0.136116 0.075308 0.258886
0.134582 0.076032 0.257408
0.135406 0.074635 0.259739
0.140988 0.084710 0.255726
0.141249 0.082890 0.251543
0.138596 0.079844 0.251756
0.141071 0.082669 0.251163
0.136904 0.079942 0.257910
0.135120 0.075890 0.254778
0.135606 0.077847 0.258293
0.137519 0.078648 0.252568
0.136690 0.077765 0.253362
0.137666 0.080243 0.254516
0.138862 0.082087 0.254720
0.141532 0.083111 0.255636
0.139458 0.083395 0.256392
0.136697 0.079515 0.259291
0.141166 0.083982 0.253380
0.138096 0.081621 0.256624
0.134993 0.075762 0.254460
0.136458 0.076981 0.251906
0.135876 0.077809 0.256112
0.138220 0.082013 0.258107
0.138720 0.082545 0.256690
0.135362 0.076540 0.255203
0.138271 0.081721 0.258437
0.137616 0.078018 0.250726
0.138731 0.082078 0.255179
0.138828 0.081865 0.254287
0.135446 0.074815 0.256186
0.136847 0.079178 0.259535
0.136235 0.078689 0.257336
0.138695 0.081856 0.254501
0.139576 0.081295 0.251734
0.139573 0.083249 0.255497
0.137771 0.076711 0.252564
0.137088 0.079744 0.259276
0.134632 0.075755 0.259475
0.141765 0.082138 0.252084
0.138873 0.082822 0.258175
0.141027 0.082758 0.251469
0.135942 0.078198 0.257403
0.136411 0.079087 0.257066
0.135788 0.078004 0.257669
0.135301 0.076721 0.259283
0.140353 0.082152 0.251574
0.141357 0.084593 0.256991
0.136640 0.079078 0.259526
0.135783 0.074535 0.258164
0.135356 0.076996 0.259301
0.140741 0.084109 0.254557
0.137407 0.077962 0.250910
0.139818 0.083974 0.258141
0.135248 0.076374 0.255242
0.135446 0.076631 0.254975
0.139942 0.084123 0.257962
0.137607 0.078756 0.252698
0.137673 0.080710 0.255299
0.134423 0.075676 0.256744
0.139277 0.082882 0.255395
0.135968 0.078496 0.258599
0.140856 0.082923 0.257275
0.139612 0.082690 0.253710
0.136385 0.078581 0.255717
0.139306 0.082456 0.254169
0.141499 0.083325 0.252326
0.135988 0.076964 0.253805
0.139197 0.082981 0.255877
0.138298 0.080686 0.253222
0.139999 0.083472 0.254784
0.139738 0.079119 0.251751
0.137844 0.081001 0.256051
0.140419 0.084410 0.257879
0.136687 0.077203 0.251716
0.138347 0.078422 0.256299
0.138638 0.082569 0.257680
0.140099 0.083939 0.255925
0.138661 0.082365 0.258278
0.139394 0.083625 0.257981
0.138244 0.081892 0.256966
0.135122 0.075927 0.254336
0.140984 0.084784 0.257158
0.134896 0.075841 0.255212
0.134480 0.075805 0.256948
0.141223 0.084578 0.254793
0.138529 0.079161 0.251155
0.137190 0.076387 0.255589
0.135019 0.076706 0.256910
0.135901 0.077010 0.254501
0.140317 0.082629 0.252484
0.138843 0.078035 0.252256
0.135825 0.076837 0.253773
0.135173 0.076204 0.255117
0.139950 0.082758 0.253331
0.139057 0.082867 0.256644
0.140088 0.083072 0.253652
0.137343 0.079889 0.254550
0.137349 0.077884 0.251310
0.139548 0.078873 0.251915
0.138777 0.080405 0.252113
0.134991 0.076278 0.259178
0.135366 0.076230 0.253451
0.139160 0.081807 0.253173
0.134411 0.075676 0.257379
0.139262 0.083296 0.257052
0.135670 0.074546 0.259140
0.137811 0.079092 0.252474
0.138744 0.077031 0.251625
0.137687 0.081200 0.256725
0.137596 0.079738 0.253587
0.137317 0.080232 0.258987
0.138883 0.078038 0.252023
0.138895 0.082730 0.256655
0.136601 0.078953 0.255658
0.134731 0.075801 0.255382
0.141103 0.082638 0.256454
0.138835 0.080966 0.252602
0.134819 0.075746 0.260064
0.135509 0.076871 0.259788
0.140164 0.079672 0.251509
0.140381 0.084210 0.255854
0.137406 0.078354 0.259752
0.135914 0.076869 0.253998
0.141963 0.083098 0.253124
0.140633 0.084536 0.256487
0.141606 0.083425 0.256198
0.136253 0.078722 0.256804
0.136439 0.079531 0.258938
0.138340 0.078643 0.257811
0.135073 0.076841 0.257045
0.137804 0.080836 0.255769
0.139218 0.082502 0.258304
0.137856 0.081335 0.256525
0.137456 0.079627 0.254042
0.135786 0.078035 0.257780
0.136119 0.077518 0.254679
0.136411 0.075935 0.258624
0.139760 0.081507 0.251698
0.140477 0.083925 0.254578
0.139180 0.083234 0.257338
0.140425 0.084419 0.256607
0.139126 0.083256 0.257822
0.138113 0.081591 0.257624
0.135630 0.075275 0.256653
0.138182 0.081767 0.256800
0.136898 0.079363 0.255136
0.135093 0.076369 0.255670
0.138923 0.081933 0.253874
0.136347 0.078860 0.257481
0.137076 0.080194 0.257379
0.137448 0.079517 0.253765
0.137038 0.078116 0.252936
0.137428 0.077629 0.259158
0.136978 0.075916 0.255351
0.135477 0.076293 0.260184
0.136089 0.078126 0.256383
0.138210 0.080709 0.253892
0.141163 0.083440 0.252518
0.140178 0.082945 0.253286
0.135612 0.077920 0.258813
0.140278 0.083886 0.254718
0.141445 0.081930 0.253125
0.138526 0.082153 0.256227
0.136371 0.075943 0.259132
0.141069 0.084374 0.257526
0.135143 0.076977 0.257780
0.139278 0.083435 0.257607
0.135545 0.077708 0.258377
0.138039 0.081610 0.257141
0.137470 0.080305 0.255984
0.141365 0.084051 0.253199
0.140456 0.083736 0.258241
0.141798 0.082968 0.254512
0.140246 0.083986 0.255473
0.135580 0.076418 0.260079
0.137481 0.077988 0.251130
0.136205 0.077196 0.253725
0.138961 0.081268 0.252789
0.138119 0.079888 0.252829
0.137065 0.080296 0.256949
0.136904 0.078136 0.253478
0.141331 0.083865 0.252905
0.137711 0.078226 0.251335
0.139544 0.082169 0.253107
0.137620 0.080488 0.256362
0.139568 0.083785 0.257818
0.138861 0.081789 0.258324
0.138727 0.082626 0.257198
0.136696 0.078195 0.254250
0.137402 0.080817 0.257217
0.140976 0.083762 0.253339
0.135282 0.076903 0.259024
0.135886 0.075415 0.255851
0.134874 0.076503 0.258183
0.139076 0.080004 0.251154
0.135835 0.078197 0.257987
0.135594 0.077772 0.257849
0.138124 0.078007 0.255683
0.136966 0.077872 0.252217
0.136985 0.079636 0.255973
0.141329 0.084967 0.256592
0.140918 0.082586 0.251280
0.141847 0.082957 0.252457
0.137992 0.079215 0.252290
0.134684 0.076085 0.258671
0.139845 0.083705 0.258525
0.135859 0.078341 0.259055
0.134414 0.075558 0.255899
0.141599 0.084365 0.253826
0.135634 0.077855 0.257064
0.140110 0.081715 0.251398
0.140511 0.082466 0.251831
0.137115 0.079769 0.255366
0.139167 0.080028 0.251014
0.141598 0.084507 0.254069
0.135875 0.076419 0.260000
0.139981 0.082447 0.252789
0.140121 0.079512 0.251252
0.139422 0.082347 0.258163
0.138130 0.078829 0.251389
0.137646 0.078601 0.259664
0.140541 0.084376 0.255854
0.141986 0.083877 0.253854
0.140222 0.082142 0.251868
0.138685 0.080322 0.252110
0.139750 0.083616 0.256217
0.138384 0.081992 0.256421
0.141382 0.084363 0.257139
0.139845 0.081132 0.250961
0.139541 0.080576 0.257212
0.136068 0.076967 0.254029
0.137407 0.076716 0.254528
0.140241 0.081619 0.250868
0.138758 0.082154 0.258318
0.135694 0.077381 0.255888
0.135707 0.077040 0.255134
0.140726 0.080383 0.252936
0.137011 0.079613 0.255522
0.138658 0.082129 0.255642
0.139085 0.082692 0.255749
0.140660 0.082375 0.256903
0.138736 0.082750 0.257540
0.141390 0.082372 0.253939
0.136843 0.078978 0.254771
0.138918 0.077126 0.251424
0.139905 0.082091 0.252367
0.138752 0.082754 0.258066
0.141025 0.083053 0.251962
0.140683 0.080402 0.253486
0.136359 0.075428 0.253808
0.139901 0.083260 0.254446
0.139543 0.078312 0.251300
0.141361 0.081070 0.251737
0.141504 0.083910 0.252919
0.139005 0.080080 0.258038
0.137231 0.077594 0.250746
0.141041 0.084367 0.254405
0.136778 0.079945 0.258918
0.140699 0.083666 0.253577
0.136713 0.079561 0.257558
0.139706 0.083414 0.255409
0.139086 0.082978 0.256970
0.138153 0.079249 0.251971
0.137274 0.079281 0.253946
0.135455 0.074889 0.255760
0.136656 0.077148 0.251627
0.137926 0.078809 0.251756
0.138458 0.078358 0.255684
0.135686 0.077998 0.258978
0.136732 0.077407 0.252168
0.136835 0.077815 0.252525
0.134930 0.076289 0.256211
0.136820 0.078534 0.254407
0.137350 0.080584 0.256689
0.135903 0.074850 0.258887
0.136564 0.078993 0.256047
0.137805 0.081387 0.258190
0.136194 0.078945 0.258958
0.140047 0.079487 0.251545
0.135053 0.076534 0.256411
0.139793 0.083462 0.258520
0.139039 0.083028 0.257269
0.140972 0.083366 0.252684
0.139914 0.083500 0.255023
0.141025 0.082475 0.250962
0.140778 0.080732 0.254131
0.134726 0.075923 0.255676
0.134521 0.075844 0.258809
0.136211 0.075536 0.259107
0.140278 0.083614 0.258389
0.135532 0.077649 0.258547
0.140211 0.081950 0.257165
0.137040 0.078519 0.253793
0.137871 0.077162 0.253151
0.137020 0.080240 0.258037
0.138989 0.077855 0.251789
0.135726 0.074939 0.254891
0.141191 0.083369 0.252351
0.139637 0.082839 0.253906
0.135399 0.077306 0.259390
0.142018 0.083598 0.253578
0.137650 0.079601 0.253291
0.135842 0.076568 0.252708
0.135317 0.077283 0.257456
0.135326 0.077178 0.259072
0.140197 0.079982 0.254424
0.138839 0.081735 0.253771
0.136448 0.078089 0.254785
0.137311 0.079836 0.259235
0.138577 0.081743 0.254665
0.137985 0.079778 0.252856
0.139744 0.083739 0.256836
0.138049 0.076780 0.252115
0.140250 0.084061 0.255972
0.141697 0.084672 0.256353
0.138171 0.081745 0.257644
0.136445 0.079424 0.258410
0.137169 0.076274 0.253007
0.137921 0.076929 0.252444
0.141945 0.083762 0.255275
0.138032 0.080584 0.259157
0.134738 0.076309 0.256993
0.137263 0.079987 0.255601
0.138688 0.077399 0.252036
0.137522 0.078082 0.251381
0.137405 0.080038 0.254737
0.140031 0.083934 0.256293
0.139129 0.081082 0.252301
0.139775 0.081746 0.251947
0.136242 0.075335 0.255309
0.141219 0.082666 0.255351
0.135461 0.077626 0.257583
0.141946 0.084244 0.254471
0.140032 0.084198 0.257458
0.137678 0.080575 0.254817
0.138555 0.081974 0.255584
0.139200 0.082350 0.254463
0.135908 0.076808 0.254163
0.136083 0.077028 0.253697
0.138621 0.081864 0.255111
0.136129 0.078106 0.255796
0.136707 0.079059 0.255415
0.135436 0.076597 0.259894
0.140125 0.083482 0.254218
0.138155 0.076813 0.251963
0.135413 0.074746 0.255429
0.139483 0.083129 0.258447
0.134937 0.076447 0.257626
0.139876 0.082743 0.253462
0.139882 0.083066 0.254031
0.137033 0.080186 0.257106
0.135778 0.075013 0.255141
0.138421 0.081230 0.254213
0.134612 0.075900 0.256491
0.138333 0.081528 0.254976
0.141428 0.082875 0.255290
0.135837 0.078275 0.258619
0.137962 0.081467 0.256812
0.138014 0.081461 0.256283
0.137173 0.079099 0.259609
0.139429 0.080458 0.251042
0.138192 0.079189 0.251743
0.137312 0.080019 0.255892
0.138242 0.079935 0.252437
0.135379 0.077076 0.256497
0.136911 0.075800 0.254629
0.135453 0.074703 0.255139
0.141522 0.081933 0.252611
0.141857 0.083764 0.253071
0.138075 0.080994 0.259089
0.134672 0.076128 0.257811
0.138972 0.078317 0.253825
0.138822 0.077419 0.251846
0.138724 0.080418 0.258669
0.140458 0.083824 0.254221
0.138359 0.081739 0.255708
0.137722 0.081262 0.258610
0.139071 0.081164 0.252561
0.138256 0.079131 0.251497
0.138492 0.081475 0.258726
0.138446 0.079894 0.252080
0.135647 0.077513 0.256246
0.138200 0.080594 0.259126
0.139356 0.078399 0.251453
0.139131 0.082236 0.254276
0.141862 0.082349 0.251542
0.138520 0.080870 0.253604
0.138235 0.076406 0.252003
0.136580 0.079399 0.257380
0.137250 0.080041 0.255276
0.137531 0.078593 0.252797
0.135709 0.077294 0.259842
0.136935 0.077924 0.252588
0.141946 0.082964 0.253452
0.139048 0.082244 0.258300
0.136972 0.078173 0.253274
0.140262 0.083880 0.258399
0.137809 0.081160 0.256333
0.141763 0.082957 0.252229
0.139450 0.083094 0.255592
0.136890 0.078796 0.259748
0.137966 0.079901 0.253027
0.135518 0.074954 0.255519
0.138792 0.077280 0.251767
0.136662 0.078278 0.254444
0.136152 0.076803 0.259808
0.138420 0.081544 0.254813
0.136756 0.077922 0.253467
0.138795 0.082668 0.256751
0.139316 0.081333 0.252211
0.138245 0.081415 0.254891
0.136603 0.079272 0.259370
0.138771 0.079553 0.251218
0.138393 0.077226 0.252145
0.136520 0.075807 0.253421
0.137304 0.080650 0.258646
0.138560 0.081200 0.253883
0.141292 0.084145 0.253543
0.134839 0.076240 0.256405
0.136488 0.079141 0.259367
0.137832 0.076990 0.252776
0.140094 0.084278 0.257205
0.138867 0.082933 0.257954
0.140508 0.083028 0.252835
0.137972 0.081431 0.256656
0.137067 0.078145 0.252838
0.138055 0.079206 0.252106
0.140339 0.084143 0.255608
0.136501 0.078266 0.254815
0.137236 0.078261 0.252291
0.137981 0.080089 0.253229
0.134992 0.076379 0.256361
0.138573 0.081274 0.258817
0.141198 0.082841 0.251330
0.135433 0.076432 0.254686
0.137576 0.076113 0.252419
0.134624 0.075432 0.260507
0.136888 0.077990 0.253092
0.139087 0.082375 0.254889
0.139220 0.081345 0.252487
0.136519 0.079455 0.259179
0.138110 0.080556 0.253510
0.137236 0.080590 0.257364
0.137555 0.080045 0.254350
0.140835 0.083739 0.253522
0.139206 0.082227 0.253560
0.138755 0.080713 0.252391
0.141707 0.083196 0.252382
0.140674 0.084550 0.256251
0.137838 0.081220 0.257265
0.134698 0.076138 0.256747
0.135172 0.076009 0.253740
0.140829 0.084641 0.256083
0.135709 0.075247 0.255771
0.136379 0.078742 0.259583
0.140453 0.082381 0.251760
0.141078 0.084678 0.257258
0.138118 0.079387 0.252153
0.136698 0.077977 0.253749
0.141452 0.082059 0.253433
0.136573 0.077622 0.253407
0.140720 0.084255 0.255122
0.138705 0.081585 0.258460
0.135069 0.075897 0.254046
0.141711 0.083723 0.256300
0.134680 0.075985 0.256290
0.135963 0.074954 0.258366
0.139527 0.081865 0.252656
0.137121 0.076394 0.254064
0.135417 0.077306 0.257160
0.136334 0.075774 0.257762
0.139629 0.083748 0.257317
0.136557 0.077965 0.254313
0.141008 0.084316 0.254658
0.140832 0.084773 0.256279
0.136281 0.077749 0.254726
0.139395 0.081880 0.252890
0.136298 0.079142 0.258755
0.137057 0.078470 0.259839
0.134940 0.076636 0.258032
0.136260 0.077281 0.253459
0.141266 0.084841 0.256811
0.136123 0.078866 0.259110
0.134435 0.075711 0.258617
0.139898 0.079319 0.251720
0.137401 0.078505 0.252514
0.135602 0.077430 0.256567
0.135233 0.076063 0.260159
0.139865 0.080886 0.256828
0.134781 0.075987 0.255707
0.140582 0.080173 0.253293
0.137402 0.076155 0.252615
0.141557 0.083157 0.252177
0.137809 0.078298 0.259395
0.140910 0.082645 0.256870
0.140618 0.083895 0.258055
0.140629 0.082578 0.251767
0.141705 0.082733 0.251583
0.136026 0.077451 0.254964
0.138510 0.082281 0.256902
0.137328 0.080772 0.257803
0.138687 0.079099 0.250936
0.140043 0.082924 0.253484
0.139808 0.081165 0.251159
0.136380 0.077346 0.252966
0.135313 0.076632 0.259726
0.139423 0.081440 0.252078
0.136283 0.078866 0.257965
0.140852 0.084685 0.257323
0.140959 0.082324 0.256177
0.138319 0.082152 0.258091
0.136594 0.076260 0.258659
0.136960 0.080042 0.258270
0.136907 0.079242 0.254939
0.137396 0.076446 0.252836
0.137634 0.078977 0.253078
0.140159 0.081902 0.251586
0.141299 0.081910 0.253749
0.139097 0.082576 0.255335
0.138604 0.080700 0.252634
0.138166 0.080852 0.254196
0.138493 0.081584 0.254527
0.137438 0.078423 0.252120
0.140196 0.081817 0.251291
0.140776 0.081158 0.254875
0.135744 0.077740 0.256343
0.137462 0.077990 0.250834
0.136982 0.078066 0.252966
0.140091 0.084097 0.256569
0.135270 0.077139 0.257274
0.141827 0.084303 0.253897
0.137774 0.079174 0.252786
0.136946 0.078516 0.254135
0.137622 0.078340 0.251601
0.136811 0.078258 0.254008
0.137223 0.080520 0.256897
0.140532 0.084299 0.255642
0.140046 0.082542 0.257762
0.138202 0.079158 0.251886
0.141409 0.082904 0.251396
0.141287 0.084667 0.254908
0.141057 0.081528 0.254228
0.138277 0.081987 0.257670
0.136215 0.078542 0.257606
0.138662 0.082538 0.257041
0.136111 0.075441 0.255657
0.134797 0.075593 0.254468
0.135941 0.078500 0.258818
0.135752 0.077583 0.256072
0.137165 0.080495 0.258472
0.140246 0.079786 0.251357
0.136581 0.075798 0.253655
0.141419 0.083684 0.252717
0.138441 0.079601 0.258869
0.136385 0.079377 0.258698
0.136601 0.078120 0.254369
0.139229 0.082462 0.254620
0.138178 0.081612 0.256124
0.135525 0.076474 0.253538
0.140618 0.084133 0.254924
0.137753 0.078734 0.251998
0.135286 0.076304 0.254975
0.136406 0.078427 0.255400
0.138643 0.076724 0.251558
0.140858 0.083881 0.253789
0.136258 0.078519 0.259716
0.134379 0.075690 0.256955
0.137509 0.080363 0.255807
0.138308 0.082065 0.257893
0.139714 0.082726 0.258181
0.137994 0.077671 0.255202
0.136565 0.079805 0.258816
0.140734 0.082207 0.251067
0.136734 0.079643 0.257378
0.137329 0.079982 0.259128
0.139337 0.078109 0.251388
0.135781 0.076790 0.254482
0.135562 0.077612 0.259504
0.134768 0.076218 0.258553
0.139430 0.083347 0.258423
0.136644 0.077562 0.252536
0.138132 0.080328 0.259132
0.138242 0.078665 0.251104
0.139486 0.083684 0.258337
0.135526 0.075111 0.256485
0.141543 0.084224 0.253532
0.138805 0.082295 0.255615
0.140209 0.083165 0.253581
0.138064 0.080907 0.254368
0.138217 0.081605 0.258662
0.141183 0.083707 0.252872
0.140197 0.079696 0.252163
0.139735 0.083069 0.258421
0.139453 0.078733 0.252071
0.135218 0.075986 0.260277
0.135733 0.078106 0.258131
0.138515 0.082252 0.256711
0.135541 0.076494 0.253851
0.138576 0.081024 0.253404
0.140654 0.084057 0.254719
0.138135 0.080424 0.253240
0.136195 0.078866 0.258106
0.137469 0.078857 0.253176
0.137745 0.080779 0.255476
0.136283 0.076865 0.252132
0.141503 0.082894 0.251558
0.137496 0.080621 0.256546
0.139079 0.083185 0.258190
0.137875 0.076925 0.252581
0.134612 0.075785 0.259257
0.139460 0.080830 0.251376
0.136473 0.079084 0.257675
0.139252 0.083371 0.257455
0.137999 0.077149 0.252637
0.137254 0.080632 0.258239
0.139833 0.084027 0.257800
0.137597 0.080491 0.255963
0.137415 0.080269 0.256091
0.141778 0.082659 0.251316
0.140340 0.082931 0.252984
0.139828 0.083352 0.254980
0.137116 0.076028 0.254744
0.137390 0.077093 0.256832
0.137507 0.080194 0.254828
0.140043 0.081456 0.250963
0.139552 0.078528 0.251309
0.135331 0.077121 0.256922
0.134584 0.075985 0.258553
0.136960 0.080103 0.258063
0.140757 0.080371 0.252397
0.135550 0.076532 0.253146
0.136853 0.079441 0.255949
0.135983 0.076061 0.259965
0.138649 0.082475 0.256735
0.135328 0.077130 0.258646
0.136171 0.078653 0.257983
0.137506 0.080115 0.254606
0.142028 0.083768 0.254530
0.141893 0.082844 0.253224
0.140238 0.084399 0.257768
0.136972 0.080122 0.258757
0.138006 0.081469 0.257465
0.134900 0.075142 0.260572
0.140377 0.084209 0.256209
0.135613 0.077899 0.258188
0.139201 0.077925 0.251468
0.138801 0.081302 0.253104
0.139483 0.082162 0.257998
0.135753 0.077860 0.256646
0.135033 0.076642 0.256667
0.137562 0.080786 0.256533
0.136558 0.077546 0.253004
0.141782 0.084303 0.255255
0.141437 0.083259 0.256558
0.134768 0.075836 0.259740
0.141298 0.081536 0.252951
0.136751 0.079691 0.258061
0.138765 0.081309 0.258585
0.138272 0.080199 0.252687
0.137133 0.078709 0.253751
0.139086 0.077977 0.251593
0.136342 0.078948 0.256786
0.136362 0.077885 0.259848
0.138789 0.082683 0.256908
0.135698 0.077744 0.259463
0.137083 0.079335 0.259515
0.136208 0.077191 0.253008
0.140484 0.082176 0.256944
0.135422 0.077557 0.257882
0.139180 0.078402 0.251698
0.139301 0.083469 0.257800
0.135842 0.077947 0.256473
0.139284 0.082362 0.253679
0.134399 0.075692 0.257918
0.138130 0.080011 0.252837
0.140938 0.084423 0.255144
0.139039 0.081403 0.258275
0.140543 0.084443 0.256341
0.138430 0.080026 0.252206
0.135336 0.077244 0.258429
0.137340 0.077879 0.251102
0.136024 0.075799 0.259813
0.135050 0.076530 0.256172
0.140046 0.083439 0.254390
0.136613 0.078899 0.259614
0.136824 0.078754 0.254569
0.141420 0.084442 0.253968
0.136922 0.079903 0.257348
0.140912 0.084829 0.256975
0.136072 0.077941 0.255634
0.137675 0.078118 0.251103
0.138511 0.077079 0.251881
0.136651 0.079343 0.256508
0.135065 0.075931 0.255216
0.135676 0.075942 0.260206
0.140913 0.084381 0.255330
0.141133 0.084017 0.253616
0.140260 0.084100 0.258232
0.138803 0.077819 0.252058
0.137610 0.076982 0.254209
0.137601 0.081013 0.258929
0.138991 0.082458 0.255602
0.137083 0.079926 0.256227
0.140251 0.084107 0.256204
0.137812 0.079105 0.252692
0.135873 0.076879 0.253198
0.139045 0.083124 0.258241
0.136000 0.075175 0.259258
0.141338 0.081794 0.253387
0.140572 0.083670 0.253734
0.138377 0.079752 0.252006
0.137972 0.081605 0.258154
0.139956 0.079463 0.253668
0.139156 0.078404 0.252555
0.140165 0.079716 0.251819
0.140040 0.081707 0.251536
0.136516 0.079288 0.257147
0.139913 0.083783 0.256094
0.136414 0.077813 0.254460
0.141750 0.082833 0.253985
0.134749 0.075918 0.259237
0.136303 0.077128 0.252540
0.134360 0.075673 0.257255
0.135855 0.075823 0.260071
0.134726 0.075733 0.259898
0.136526 0.077796 0.253884
0.138427 0.081363 0.254402
0.134922 0.075658 0.254353
0.137481 0.080847 0.256749
0.139847 0.082513 0.253083
0.135364 0.077349 0.257932
0.138339 0.079390 0.251633
0.138195 0.081843 0.257186
0.136359 0.076716 0.259609
0.138033 0.081510 0.258804
0.137915 0.078328 0.251117
0.139037 0.080600 0.251856
0.137818 0.078585 0.251625
0.139128 0.082361 0.254698
0.139952 0.082265 0.252572
0.136947 0.077518 0.251911
0.134461 0.075547 0.260019
0.139006 0.083011 0.258205
0.139811 0.080948 0.250813
0.141854 0.084244 0.255006
0.140263 0.084215 0.256427
0.136295 0.077970 0.255118
0.140645 0.084257 0.255332
0.139425 0.083077 0.255404
0.134865 0.076364 0.256601
0.140456 0.082705 0.252371
0.136680 0.078450 0.259818
0.141686 0.082822 0.251107
0.136844 0.076112 0.253351
0.137799 0.079711 0.259272
0.134986 0.076168 0.255524
0.137349 0.080261 0.256343
0.141048 0.084839 0.255926
0.141125 0.082427 0.255725
0.138080 0.079065 0.251864
0.137078 0.079272 0.254447
0.141672 0.084553 0.254397
0.136111 0.075335 0.258490
0.141183 0.083552 0.252668
0.135558 0.076474 0.252960
0.139262 0.082738 0.255012
0.134533 0.075903 0.257691
0.136765 0.079254 0.255494
0.141827 0.083549 0.255474
0.137793 0.077460 0.255370
0.140860 0.084296 0.257724
0.136541 0.078118 0.254558
0.135686 0.076699 0.253338
0.141242 0.082563 0.254912
0.137037 0.080282 0.258278
0.137454 0.080979 0.257976
0.136244 0.078345 0.255830
0.138107 0.081662 0.258494
0.137193 0.080245 0.256551
0.135521 0.074950 0.256519
0.136285 0.079033 0.258155
0.138042 0.081117 0.254857
0.140583 0.084340 0.257868
0.136578 0.077111 0.251822
0.140906 0.084731 0.255954
0.139315 0.081400 0.257999
0.135762 0.076851 0.254789
0.139661 0.078963 0.252161
0.135529 0.077681 0.259010
0.137817 0.078394 0.251398
0.135427 0.076837 0.259672
0.137411 0.080541 0.258829
0.135821 0.077501 0.255769
0.138881 0.081684 0.253605
0.137451 0.079184 0.253359
0.134564 0.075667 0.259818
0.135027 0.076709 0.257495
0.139268 0.077629 0.251457
0.139615 0.083751 0.257581
0.136257 0.078939 0.258723
0.139252 0.081124 0.252170
0.139582 0.081073 0.257533
0.141791 0.083624 0.252883
0.141870 0.082848 0.252796
0.136191 0.078932 0.258229
0.138810 0.082030 0.254561
0.140338 0.083669 0.254105
0.140426 0.080007 0.251413
0.138320 0.081681 0.255290
0.141076 0.083717 0.253091
0.137239 0.077686 0.251008
0.140788 0.080618 0.253706
0.135544 0.075320 0.256433
0.138051 0.081390 0.258955
0.136445 0.077084 0.252071
0.136364 0.075924 0.257037
0.136300 0.078510 0.256015
0.134363 0.075700 0.258181
0.139529 0.078034 0.251299
0.139768 0.081820 0.252197
0.135796 0.078092 0.258996
0.140719 0.082294 0.251200
0.137384 0.080005 0.254922
0.138016 0.081626 0.257870
0.138731 0.082768 0.257820
0.142025 0.083239 0.253576
0.138170 0.081525 0.255298
0.135736 0.074583 0.257864
0.141907 0.083236 0.252837
0.138356 0.080851 0.253987
0.140084 0.079489 0.252418
0.138609 0.078894 0.250858
0.137898 0.079140 0.252369
0.135111 0.076561 0.255945
0.138686 0.082659 0.258135
0.137826 0.080900 0.255213
0.134453 0.075733 0.256836
0.135417 0.076282 0.254022
0.136293 0.077429 0.254241
0.139933 0.084078 0.257249
0.136020 0.078340 0.257808
0.135221 0.076456 0.259773
0.136176 0.078506 0.257437
0.134886 0.075689 0.253913
0.140436 0.083394 0.258080
0.139640 0.079778 0.256018
0.138939 0.080877 0.252346
0.137116 0.078132 0.252431
0.139993 0.083144 0.258295
0.138898 0.078805 0.255754
0.137306 0.079102 0.253655
0.138706 0.079367 0.257916
0.135617 0.076555 0.254273
0.140060 0.082654 0.252964
0.134750 0.075574 0.260408
0.136151 0.076892 0.252529
0.137442 0.078475 0.252328
0.137106 0.080356 0.258041
0.139436 0.082584 0.253785
0.139242 0.082217 0.258237
0.140192 0.084252 0.257977
0.138522 0.077628 0.252544
0.135371 0.074554 0.255609
0.141382 0.084145 0.253367
0.138027 0.080554 0.253804
0.141930 0.083222 0.254635
0.138418 0.081323 0.258909
0.135422 0.076826 0.255549
0.140516 0.084094 0.254993
0.141333 0.082599 0.254513
0.135895 0.077703 0.255896
0.140381 0.081882 0.256719
0.140741 0.082309 0.256554
0.135508 0.077825 0.257435
0.140409 0.084566 0.257208
0.135309 0.076284 0.260049
0.141323 0.082919 0.256390
0.137217 0.078301 0.252584
0.140587 0.083666 0.258073
0.136904 0.078255 0.253801
0.137019 0.077329 0.251134
0.141556 0.084823 0.256514
0.138570 0.076499 0.251459
0.136151 0.078814 0.258942
0.135247 0.076632 0.255705
0.139845 0.082719 0.258008
0.136404 0.079040 0.256682
0.138357 0.081766 0.255506
0.136028 0.078021 0.256135
0.136588 0.078857 0.255533
0.135627 0.077775 0.256910
0.141246 0.084121 0.253771
0.137875 0.081300 0.257431
0.141129 0.084329 0.254137
0.141685 0.084456 0.255022
0.139941 0.081552 0.251504
0.138193 0.077011 0.252004
0.139632 0.083753 0.257173
0.138976 0.081922 0.253662
0.139706 0.079016 0.252599
0.137051 0.076867 0.258385
0.138638 0.080120 0.251946
0.141356 0.084488 0.254130
0.138083 0.079652 0.252469
0.135519 0.076817 0.255125
0.141005 0.080905 0.252982
0.140072 0.079410 0.251229
0.136354 0.079176 0.258275
0.134845 0.076384 0.257815
0.138624 0.077937 0.253871
0.140171 0.082377 0.257554
0.138265 0.081639 0.255600
0.136135 0.077710 0.255312
0.136356 0.077063 0.252265
0.135766 0.075201 0.255619
0.141505 0.084641 0.256734
0.137219 0.079908 0.255030
0.138444 0.082269 0.257770
0.137728 0.080899 0.256208
0.140122 0.082217 0.252246
0.135659 0.077877 0.259259
0.136383 0.077482 0.253624
0.135894 0.078051 0.257098
0.137600 0.080574 0.256447
0.137961 0.080792 0.254405
0.136276 0.077788 0.254910
0.137849 0.077973 0.258832
0.137403 0.076370 0.252752
0.139098 0.079781 0.250952
0.134600 0.076027 0.256969
0.139720 0.081005 0.251059
0.141519 0.082349 0.253616
0.141247 0.084355 0.257344
0.136367 0.077908 0.254710
0.138784 0.081641 0.254230
0.140899 0.083596 0.253167
0.141594 0.082829 0.254415
0.138085 0.077390 0.253335
0.136009 0.077960 0.255939
0.140968 0.084865 0.256139
0.137728 0.081195 0.258940
0.136734 0.079238 0.255929
0.141591 0.083619 0.256556
0.134987 0.076345 0.255936
0.136035 0.078525 0.259462
0.134379 0.075701 0.258430
0.134525 0.075940 0.258003
0.138886 0.082420 0.255864
0.139302 0.081765 0.252970
0.138429 0.080435 0.252655
0.137861 0.081367 0.257641
0.138877 0.081593 0.253424
0.141170 0.082982 0.251749
0.140502 0.084207 0.255377
0.140883 0.082242 0.250962
0.141825 0.084432 0.254434
0.141783 0.084279 0.256034
0.139335 0.081255 0.252010
0.141809 0.084167 0.253729
0.138742 0.079973 0.258528
0.138069 0.076493 0.252143
0.136255 0.075618 0.258222
0.137824 0.081354 0.257832
0.136589 0.077893 0.254504
0.136187 0.078237 0.259793
0.137636 0.077370 0.256025
0.141699 0.084590 0.256136
0.136088 0.078398 0.257432
0.135964 0.077257 0.254885
0.136649 0.079349 0.257668
0.136269 0.075465 0.253499
0.135685 0.076646 0.259968
0.137915 0.079326 0.252524
0.141695 0.083997 0.253102
0.141784 0.084030 0.256307
0.141153 0.084745 0.255565
0.138347 0.078114 0.255381
0.138442 0.078887 0.251032
0.140648 0.080195 0.251337
0.139665 0.083337 0.255273
0.134618 0.075440 0.254321
0.136644 0.078037 0.254023
0.135038 0.075910 0.260172
0.136883 0.077986 0.253215
0.138129 0.077219 0.252454
0.139374 0.083242 0.256206
0.140356 0.079826 0.253049
0.137364 0.080671 0.256945
0.139238 0.082978 0.258373
0.139550 0.080433 0.250833
0.135528 0.076550 0.254568
0.137777 0.078149 0.250886
0.141440 0.081866 0.252927
0.141604 0.084133 0.253282
0.135379 0.075969 0.260325
0.137837 0.081067 0.256135
0.141077 0.084433 0.254881
0.140164 0.082802 0.253053
0.136562 0.076323 0.259013
0.136057 0.078444 0.257079
0.139679 0.079333 0.254480
0.140944 0.081095 0.254180
0.137473 0.080988 0.258744
0.139285 0.082441 0.253901
0.136046 0.078716 0.259010
0.138237 0.079461 0.251921
0.140438 0.081493 0.256198
0.134472 0.075534 0.255530
0.138635 0.081069 0.253123
0.136833 0.079480 0.256121
0.137724 0.081066 0.257653
0.139339 0.080867 0.257850
0.139117 0.081764 0.258183
0.134546 0.075886 0.256799
0.140612 0.082946 0.252543
0.138703 0.077332 0.251942
0.136273 0.078620 0.256532
0.139301 0.078643 0.253338
0.137958 0.081103 0.255253
0.139087 0.082218 0.254003
0.134369 0.075457 0.256316
0.141008 0.081962 0.255402
0.137708 0.079986 0.253604
0.136644 0.075958 0.253390
0.141414 0.081660 0.252617
0.136792 0.077229 0.251540
0.141943 0.083540 0.255030
0.136120 0.078560 0.257217
0.141957 0.084151 0.254029
0.141802 0.083254 0.252616
0.134559 0.075793 0.255971
0.138549 0.079565 0.251514
0.135629 0.076855 0.254928
0.141135 0.084455 0.254516
0.136258 0.078629 0.257846
0.136809 0.078043 0.253626
0.138249 0.079711 0.252186
0.135100 0.076005 0.255000
0.141157 0.084784 0.257021
0.140840 0.082772 0.251773
0.136804 0.079715 0.257174
0.141384 0.082995 0.251745
0.141037 0.083296 0.252487
0.136170 0.077689 0.255078
0.136803 0.079290 0.255334
0.140599 0.084637 0.257441
0.134509 0.075842 0.257383
0.138903 0.082665 0.256479
0.141130 0.084164 0.253931
0.138478 0.079729 0.251843
0.136368 0.077501 0.253895
0.137118 0.077894 0.252030
0.137049 0.077667 0.251851
0.140542 0.084388 0.256063
0.135973 0.078094 0.259693
0.138818 0.082614 0.256347
0.137823 0.081420 0.258297
0.138160 0.078830 0.259216
0.135228 0.076463 0.255467
0.137084 0.077455 0.251331
0.137934 0.079993 0.253339
0.136896 0.079606 0.256343
0.135143 0.076747 0.256394
0.137869 0.081470 0.258084
0.134756 0.075575 0.260225
0.139820 0.083198 0.254580
0.138910 0.079472 0.250999
0.137557 0.080982 0.257603
0.137846 0.080066 0.253464
0.139937 0.083716 0.255738
0.137653 0.080675 0.256314
0.140117 0.082378 0.252449
0.140852 0.084264 0.254875
0.141187 0.084708 0.257135
0.137455 0.078196 0.251729
0.134480 0.075880 0.257156
0.140426 0.083961 0.258230
0.135979 0.078319 0.257259
0.139763 0.083887 0.257316
0.138495 0.082191 0.258252
0.139001 0.082914 0.256851
0.134454 0.075522 0.255712
0.134737 0.076025 0.256064
0.137404 0.080321 0.255337
0.138810 0.076842 0.251424
0.138339 0.078629 0.250932
0.137532 0.079832 0.254183
0.137757 0.077996 0.250563
0.140862 0.082924 0.251962
0.138043 0.081662 0.258319
0.137191 0.080043 0.256192
0.136987 0.080118 0.256882
0.135138 0.076669 0.256153
0.136830 0.079397 0.255405
0.138665 0.081435 0.254183
0.135826 0.078075 0.257350
0.138732 0.079326 0.251056
0.137034 0.079791 0.256200
0.141981 0.084062 0.254644
0.134885 0.076011 0.255460
0.135387 0.076280 0.253742
0.140866 0.082406 0.251174
0.136180 0.077130 0.253451
0.136150 0.078480 0.257849
0.136466 0.079169 0.257437
0.140838 0.080368 0.251446
0.138829 0.082717 0.257068
0.138298 0.081918 0.256653
0.135513 0.074777 0.256703
0.135858 0.077022 0.254706
0.139135 0.080519 0.251601
0.140609 0.082048 0.256445
0.140032 0.081954 0.251860
0.138155 0.081296 0.254848
0.138521 0.081875 0.255346
0.135622 0.077408 0.256141
0.140463 0.079984 0.252499
0.137732 0.081093 0.257418
0.134452 0.075645 0.256516
0.138858 0.080365 0.251879
0.139201 0.083195 0.256782
0.141361 0.082896 0.250976
0.137189 0.078921 0.253878
0.141216 0.085058 0.256304
0.139600 0.083654 0.256994
0.139568 0.083330 0.255804
0.140345 0.083097 0.253249
0.138647 0.082397 0.256313
0.141290 0.084663 0.255059
0.135186 0.076912 0.258598
0.136943 0.079544 0.259387
0.137938 0.076283 0.252214
0.138182 0.081835 0.258171
0.141591 0.082898 0.251806
0.140460 0.084177 0.258046
0.138781 0.081641 0.253888
0.136674 0.079562 0.258171
0.137371 0.078500 0.252723
0.137568 0.081143 0.258018
0.137569 0.080491 0.256223
0.136501 0.078630 0.255401
0.134908 0.076447 0.258672
0.140395 0.084557 0.257362
0.136173 0.077081 0.252793
0.137134 0.080422 0.256966
0.141344 0.084657 0.255287
0.140663 0.082745 0.252017
0.137653 0.076885 0.253134
0.137675 0.076397 0.252469
0.137688 0.077975 0.259322
0.141288 0.084570 0.254601
0.134595 0.075530 0.255136
0.140406 0.083989 0.254879
0.138077 0.076951 0.252056
0.136703 0.077710 0.253003
0.141519 0.084088 0.256873
0.139829 0.083282 0.254784
0.137003 0.080057 0.257239
0.137073 0.079001 0.254398
0.135537 0.077574 0.257016
0.140716 0.084757 0.257054
0.141654 0.082960 0.252038
0.135293 0.077088 0.258808
0.137538 0.076993 0.255521
0.141912 0.083880 0.255504
0.136899 0.077431 0.251777
0.139417 0.082940 0.255037
0.141634 0.083368 0.255877
0.137038 0.076321 0.253545
0.134942 0.076711 0.257082
0.135703 0.077931 0.257205
0.137140 0.079721 0.255705
0.135425 0.077077 0.256202
0.134678 0.075590 0.255041
0.141690 0.084474 0.254842
0.135690 0.076538 0.252820
0.136953 0.079552 0.255231
0.136019 0.077518 0.255415
0.136200 0.076855 0.252377
0.135444 0.077242 0.256740
0.140141 0.082948 0.257944
0.135370 0.077382 0.259161
0.136417 0.077648 0.259779
0.139082 0.077297 0.251334
0.140315 0.082247 0.251823
0.138143 0.081627 0.257509
0.140574 0.080119 0.253095
0.138163 0.078392 0.250918
0.140187 0.084240 0.256668
0.140267 0.082739 0.252762
0.136022 0.076962 0.253326
0.140157 0.084375 0.257513
0.136762 0.078356 0.254364
0.135281 0.076639 0.259641
0.136964 0.078100 0.259762
0.139448 0.082685 0.254156
0.135518 0.076935 0.259736
0.136442 0.077644 0.253767
0.137222 0.079834 0.254801
0.141823 0.081899 0.251612
0.139680 0.082275 0.252999
0.134642 0.076143 0.258074
0.136662 0.076258 0.257612
0.135445 0.076311 0.253046
0.135339 0.076593 0.255428
0.141731 0.082395 0.252894
0.135577 0.077044 0.259764
0.140248 0.083875 0.255087
0.140221 0.079841 0.253814
0.136103 0.078728 0.258472
0.141294 0.082866 0.251112
0.139148 0.082706 0.255477
0.140271 0.083888 0.255309
0.139349 0.082505 0.254407
0.137785 0.077215 0.254439
0.140892 0.084826 0.257119
0.139972 0.081738 0.251665
0.138603 0.082392 0.257800
0.137969 0.080926 0.254590
0.137855 0.080470 0.259182
0.139699 0.082326 0.257900
0.139530 0.078885 0.251737
0.139570 0.082047 0.252835
0.135207 0.076915 0.256688
0.139710 0.083895 0.258085
0.138539 0.082017 0.255910
0.138154 0.081807 0.257781
0.141451 0.082908 0.251222
0.142043 0.083817 0.254084
0.136118 0.078761 0.258210
0.135175 0.076804 0.258883
0.136061 0.075447 0.257388
0.137220 0.077765 0.251527
0.136575 0.079481 0.258203
0.138595 0.082545 0.257975
0.138126 0.081211 0.254689
0.139240 0.082771 0.255200
0.141467 0.084585 0.254477
0.139433 0.083471 0.256975
0.138687 0.082306 0.256068
0.139779 0.082124 0.252670
0.139740 0.082947 0.254132
0.139552 0.078841 0.251535
0.139063 0.081990 0.258255
0.139733 0.083701 0.256539
0.139788 0.083914 0.258212
0.140518 0.080305 0.254022
0.134592 0.075882 0.256660
0.136651 0.076192 0.256649
0.135707 0.076700 0.253656
0.138439 0.077939 0.254889
0.140120 0.083816 0.255433
0.137393 0.077988 0.251535
0.138442 0.080325 0.252501
0.138601 0.081305 0.254061
0.137409 0.077777 0.250478
0.139401 0.077791 0.251361
0.135195 0.076681 0.259138
0.140770 0.083616 0.257833
0.138495 0.077442 0.252264
0.138138 0.078188 0.256933
0.134792 0.076379 0.258091
0.135954 0.078308 0.259518
0.136667 0.077694 0.253186
0.135053 0.076665 0.257643
0.140948 0.084253 0.254301
0.138311 0.076803 0.251836
0.138615 0.077667 0.252271
0.139833 0.083059 0.254299
0.137373 0.078281 0.251966
0.134463 0.075677 0.256238
0.135142 0.075819 0.260376
0.139619 0.082816 0.258343
0.134639 0.075943 0.259027
0.136527 0.077880 0.254134
0.135567 0.075497 0.260212
0.135398 0.077319 0.258688
0.139104 0.079504 0.250798
0.136960 0.076106 0.253131
0.140588 0.084631 0.257619
0.140667 0.083902 0.254046
0.135930 0.078359 0.259298
0.141244 0.084353 0.254007
0.134887 0.076100 0.255705
0.136923 0.079932 0.256864
0.138543 0.081884 0.258337
0.137044 0.079395 0.254710
0.137204 0.078378 0.252960
0.138724 0.081976 0.254942
0.137341 0.076299 0.252772
0.138424 0.079619 0.251764
0.134988 0.076228 0.259378
0.139280 0.079450 0.256293
0.137535 0.076890 0.254959
0.136696 0.078665 0.254777
0.140221 0.084343 0.256825
0.135978 0.078527 0.258394
0.136446 0.079198 0.257243
0.138101 0.078978 0.251628
0.135361 0.077430 0.257697
0.134494 0.075684 0.259014
0.141205 0.084945 0.256052
0.137209 0.076106 0.252753
0.135072 0.076296 0.259643
0.137953 0.081044 0.255076
0.140230 0.083767 0.254567
0.137321 0.076514 0.253079
0.139111 0.082547 0.255096
0.140067 0.080566 0.256028
0.138985 0.080977 0.258386
0.139746 0.083501 0.255644
0.140046 0.084143 0.258183
0.138017 0.081516 0.257615
0.139399 0.081086 0.251763
0.134681 0.076119 0.257568
0.137057 0.078184 0.253075
0.137780 0.080376 0.254297
0.139536 0.082911 0.254676
0.138495 0.082386 0.258154
0.136153 0.075769 0.256815
0.136057 0.078295 0.257629
0.135818 0.078217 0.258884
0.136459 0.077148 0.259613
0.136671 0.077851 0.253579
0.137942 0.076628 0.252243
0.137033 0.079558 0.254891
0.135587 0.077633 0.259293
0.141043 0.084619 0.255450
0.138254 0.081607 0.255913
0.136398 0.077679 0.254251
0.141561 0.082101 0.252863
0.139806 0.083938 0.258524
0.136067 0.077034 0.254212
0.141181 0.082227 0.254759
0.138638 0.080918 0.252864
0.139357 0.078638 0.251935
0.137972 0.080248 0.253422
0.139529 0.083144 0.255165
0.137812 0.081328 0.256737
0.139983 0.081448 0.251352
0.140240 0.083656 0.254252
0.140921 0.084387 0.255027
0.137679 0.080212 0.254339
0.135760 0.076743 0.254346
0.137035 0.080044 0.257603
0.139362 0.083446 0.257290
0.137691 0.079057 0.252901
0.136897 0.079033 0.259644
0.140078 0.083730 0.255204
0.140736 0.083371 0.253050
0.134632 0.075465 0.254688
0.141198 0.084692 0.255394
0.138401 0.082191 0.257489
0.137859 0.080282 0.253709
0.135748 0.078153 0.258321
0.139393 0.082301 0.253454
0.135555 0.077266 0.256093
0.137758 0.080880 0.256018
0.139997 0.083259 0.254223
0.138240 0.080745 0.254038
0.138311 0.078767 0.251099
0.140411 0.079997 0.253531
0.141963 0.083843 0.255067
0.136464 0.079148 0.256865
0.134470 0.075317 0.254842
0.136565 0.078569 0.255112
0.137264 0.076292 0.254902
0.139133 0.083100 0.256936
0.142062 0.083520 0.253921
0.138656 0.078034 0.254398
0.137725 0.077227 0.254934
0.136144 0.077123 0.253960
0.140236 0.080302 0.255051
0.139677 0.081853 0.252378
0.137079 0.078721 0.253896
0.141239 0.083884 0.253045
0.140957 0.083351 0.257479
0.138774 0.082221 0.255388
0.136562 0.077896 0.259805
0.135335 0.075711 0.260402
0.140750 0.083565 0.253339
0.141273 0.083399 0.252306
0.140784 0.081882 0.255973
0.140820 0.082965 0.252123
0.141756 0.084498 0.254233
0.135451 0.077501 0.259350
0.140796 0.084818 0.256735
0.138977 0.083094 0.257735
0.139271 0.082937 0.255604
0.136434 0.078286 0.255088
0.140263 0.083377 0.253770
0.137917 0.078698 0.251604
0.136703 0.076480 0.258744
0.137470 0.080453 0.256445
0.140714 0.084009 0.254220
0.141804 0.083938 0.256070
0.136973 0.079577 0.255725
0.140166 0.083389 0.258357
0.135686 0.077744 0.259656
0.139882 0.083795 0.256354
0.136845 0.079771 0.259170
0.138712 0.079783 0.251581
0.135595 0.077863 0.257535
0.139430 0.083292 0.256040
0.135945 0.078216 0.257135
0.140398 0.083553 0.253772
0.140884 0.083962 0.257763
0.138919 0.076949 0.251246
0.134855 0.076133 0.255976
0.139637 0.078128 0.251227
0.135838 0.076957 0.259903
0.137896 0.080998 0.255409
0.138914 0.078003 0.251903
0.136124 0.078758 0.258775
0.141254 0.083917 0.257281
0.137149 0.078912 0.259717
0.134581 0.076018 0.258107
0.135305 0.076845 0.255983
0.138001 0.078723 0.251524
0.140719 0.083231 0.257705
0.139443 0.079328 0.255582
0.138965 0.080567 0.251938
0.140136 0.082609 0.252769
0.139026 0.082741 0.258307
0.138983 0.080480 0.258330
0.134493 0.075681 0.258856
0.136347 0.078847 0.257731
0.139751 0.083617 0.256007
0.135772 0.075216 0.259750
0.137597 0.080022 0.259208
0.137820 0.080943 0.255936
0.141213 0.084684 0.254978
0.139299 0.081689 0.252773
0.137672 0.081163 0.257785
0.136402 0.078750 0.256014
0.141615 0.082265 0.253219
0.136734 0.079385 0.256286
0.138191 0.078467 0.251073
0.135284 0.077195 0.257703
0.139524 0.083594 0.257403
0.136554 0.076114 0.257262
0.138513 0.076808 0.251695
0.134755 0.076091 0.256506
0.139830 0.081435 0.251581
0.138738 0.077736 0.252110
0.138620 0.082521 0.257283
0.138490 0.080505 0.258946
0.141902 0.083059 0.254239
0.135789 0.077937 0.259661
0.135884 0.078363 0.258388
0.137748 0.081150 0.257580
0.135881 0.077279 0.255101
0.138856 0.080576 0.252117
0.140228 0.082064 0.251678
0.140444 0.084582 0.257569
0.137396 0.077841 0.250766
0.139265 0.082087 0.258157
0.141228 0.081497 0.253375
0.137097 0.079988 0.259047
0.135428 0.076360 0.260109
0.140626 0.082090 0.251028
0.141862 0.083942 0.253230
0.141446 0.083087 0.256120
0.134487 0.075611 0.255717
0.135494 0.077787 0.257468
0.135360 0.076198 0.253194
0.137953 0.081437 0.257233
0.140173 0.083256 0.258158
0.136859 0.076562 0.258085
0.140554 0.083491 0.253492
0.135867 0.077977 0.256800
0.139870 0.081906 0.252068
0.135149 0.076950 0.257597
0.136452 0.077437 0.253079
0.137742 0.079410 0.252983
0.142009 0.083548 0.254711
0.138930 0.082624 0.255985
0.135219 0.077066 0.257889
0.135619 0.076485 0.252833
0.139354 0.082789 0.254886
0.137925 0.077921 0.256251
0.136082 0.077560 0.255194
0.137495 0.076674 0.252952
0.137561 0.081118 0.258232
0.136671 0.077546 0.252408
0.137735 0.080146 0.254045
0.141640 0.084577 0.255886
0.141948 0.084058 0.254931
0.140322 0.083779 0.254413
0.135609 0.076842 0.259879
0.136240 0.078975 0.258439
0.139033 0.080971 0.252463
0.137265 0.080443 0.258746
0.136371 0.079214 0.259125
0.135192 0.076980 0.258188
0.136029 0.078621 0.258276
0.135214 0.076017 0.253528
0.135041 0.076536 0.258984
0.138465 0.081121 0.258945
0.137837 0.078779 0.251863
0.138228 0.081795 0.256510
0.141868 0.082733 0.252497
0.141781 0.084063 0.253256
0.137870 0.080397 0.254032
0.137047 0.080001 0.256522
0.139245 0.082598 0.254824
0.140034 0.083527 0.254606
0.141556 0.084555 0.255420
0.136937 0.079897 0.257729
0.135422 0.076716 0.255278
0.138130 0.079632 0.259156
0.136136 0.075592 0.259442
0.139132 0.078232 0.251571
0.137017 0.077462 0.251576
0.140483 0.081805 0.250831
0.140064 0.084195 0.257284
0.135769 0.078141 0.259247
0.139177 0.081491 0.252734
0.139764 0.079110 0.252079
0.137102 0.078570 0.253702
0.141795 0.084062 0.253414
0.141483 0.084802 0.255976
0.136424 0.075641 0.253539
0.137921 0.080947 0.255590
0.141349 0.084177 0.257233
0.138968 0.077127 0.251212
0.138874 0.081980 0.258315
0.140375 0.083294 0.253467
0.139086 0.081924 0.253411
0.142036 0.083484 0.254271
0.138259 0.076260 0.251978
0.138974 0.078220 0.252652
0.137646 0.080023 0.253945
0.137563 0.080450 0.255048
0.137975 0.078672 0.259392
0.138586 0.079394 0.251277
0.137406 0.079270 0.253523
0.136445 0.077678 0.254088
0.135702 0.075172 0.256898
0.137191 0.079860 0.255188
0.141248 0.084554 0.257217
0.140348 0.083634 0.253973
0.135770 0.077935 0.256942
0.139779 0.083890 0.257113
0.138609 0.081600 0.254385
0.137116 0.078353 0.253272
0.139075 0.082916 0.256109
0.137945 0.081471 0.257010
0.139142 0.078352 0.251954
0.139861 0.081956 0.252207
0.138546 0.079339 0.258505
0.137050 0.078370 0.253552
0.141206 0.082654 0.256072
0.141007 0.083923 0.257565
0.135247 0.076908 0.256463
0.140627 0.082775 0.252239
0.141241 0.083125 0.251955
0.136186 0.078017 0.255488
0.138285 0.077464 0.252775
0.139293 0.080048 0.250859
0.137196 0.078303 0.252755
0.140108 0.080998 0.256430
0.134421 0.075666 0.257527
0.139391 0.078663 0.251659
0.137403 0.076628 0.254985
0.136948 0.080120 0.258494
0.140612 0.084529 0.257729
0.138681 0.082039 0.255353
0.136466 0.078568 0.259750
0.138659 0.082547 0.258198
0.141171 0.082399 0.255261
0.136589 0.077617 0.253255
0.137879 0.078076 0.250660
0.138553 0.077523 0.252205
0.139577 0.083558 0.258450
0.140639 0.083253 0.253056
0.139836 0.079838 0.255505
0.136828 0.079933 0.258306
0.141801 0.082452 0.252494
0.138061 0.081064 0.255693
0.135922 0.077292 0.259878
0.141483 0.082927 0.251026
0.140251 0.084426 0.257029
0.137365 0.079330 0.253715
0.137739 0.078617 0.251809
0.139808 0.084031 0.258495
0.137025 0.078069 0.252609
0.140428 0.084528 0.256994
0.138410 0.082302 0.257994
0.135851 0.075584 0.256709
0.135708 0.078041 0.259115
0.141550 0.084092 0.253153
0.135487 0.077669 0.257887
0.134917 0.075699 0.260334
0.138751 0.082562 0.256597
0.140980 0.082697 0.251348
0.138026 0.077036 0.252219
0.138883 0.076837 0.251311
0.136718 0.079168 0.255640
0.138249 0.081456 0.258884
0.140077 0.081440 0.256924
0.136643 0.077299 0.252073
0.139698 0.078501 0.251209
0.135432 0.076288 0.253355
0.140731 0.084509 0.255854
0.140596 0.084648 0.256878
0.138826 0.077656 0.251959
0.136866 0.079445 0.255539
0.138568 0.080836 0.258872
0.137352 0.080832 0.258274
0.134873 0.076467 0.256803
0.137867 0.080213 0.259200
0.136937 0.076120 0.254044
0.141013 0.081618 0.254604
0.137522 0.081007 0.258392
0.140883 0.084019 0.253996
0.138736 0.081466 0.253718
0.141237 0.084480 0.254329
0.134439 0.075570 0.258786
0.137538 0.080978 0.256935
0.136159 0.078629 0.259551
0.137275 0.079834 0.255790
0.135019 0.076830 0.257153
0.137201 0.080499 0.257678
0.141072 0.084538 0.257391
0.138417 0.081828 0.255818
0.138187 0.077179 0.252252
0.135263 0.076125 0.253975
0.138929 0.082328 0.255137
0.138908 0.078183 0.253291
0.140091 0.083708 0.254895
0.139007 0.083073 0.257483
0.137157 0.078084 0.252117
0.137231 0.080551 0.257133
0.137955 0.081527 0.258552
0.139148 0.082231 0.253656
0.139511 0.080664 0.251092
0.140592 0.083041 0.252716
0.139659 0.083519 0.255977
0.135448 0.077404 0.258232
0.140687 0.084135 0.257924
0.141612 0.084812 0.256185
0.135140 0.076235 0.259884
0.138377 0.081842 0.256133
0.141850 0.082694 0.252300
0.137820 0.076456 0.252338
0.138280 0.081851 0.256448
0.138675 0.081108 0.258756
0.136708 0.079780 0.258274
0.141786 0.083703 0.255857
0.137731 0.081190 0.257112
0.136753 0.079074 0.255238
0.138005 0.079310 0.252411
0.138596 0.078870 0.257022
0.138062 0.080648 0.254033
0.138434 0.081621 0.258573
0.138792 0.082679 0.258220
0.138287 0.076576 0.251880
0.139154 0.083267 0.257594
0.135879 0.076763 0.252839
0.137494 0.076616 0.252868
0.135526 0.077318 0.259679
0.138174 0.079011 0.251499
0.139496 0.082585 0.258255
0.141058 0.084950 0.256706
0.140453 0.084084 0.255179
0.139117 0.079710 0.257156
0.139372 0.082707 0.254677
0.138982 0.083004 0.257360
0.140418 0.083051 0.253073
0.138242 0.076196 0.251930
0.137171 0.079851 0.255965
0.139566 0.083518 0.256367
