0.151061 0.063997 0.225035
0.148576 0.070066 0.225368
0.147390 0.072206 0.226252
0.150483 0.067602 0.223760
0.151924 0.065867 0.222890
0.146133 0.072286 0.228952
0.152067 0.066446 0.221308
0.147327 0.067384 0.228965
0.151378 0.065680 0.224065
0.149642 0.069204 0.224053
0.147305 0.068733 0.227958
0.147192 0.073075 0.225829
0.147288 0.069334 0.227959
0.149467 0.070112 0.223966
0.146158 0.074213 0.225625
0.146484 0.069861 0.226593
0.149945 0.071091 0.222345
0.145802 0.073469 0.229035
0.148153 0.067225 0.224665
0.145209 0.069151 0.228774
0.151954 0.065760 0.222809
0.146450 0.069645 0.228963
0.146587 0.071856 0.228177
0.146786 0.071426 0.227901
0.150000 0.070709 0.222462
0.150126 0.066677 0.225062
0.152243 0.067427 0.221724
0.146286 0.074724 0.226377
0.150682 0.062390 0.226001
0.148839 0.066573 0.227119
0.149185 0.071107 0.224076
0.148570 0.071730 0.224589
0.145223 0.073464 0.227132
0.145363 0.069970 0.230058
0.148773 0.065432 0.227946
0.150848 0.063817 0.225284
0.148091 0.071937 0.225226
0.146925 0.071409 0.227626
0.148151 0.071758 0.223119
0.146804 0.074420 0.226215
0.145892 0.068680 0.227676
0.151960 0.065606 0.222733
0.147902 0.074905 0.224251
0.151480 0.065343 0.223825
0.146380 0.068626 0.229449
0.149090 0.067184 0.226244
0.146838 0.074522 0.226067
0.144860 0.073869 0.228103
0.148857 0.066111 0.227351
0.147916 0.071283 0.223729
0.146910 0.068233 0.228900
0.149406 0.070511 0.223864
0.146634 0.070040 0.226251
0.148281 0.072241 0.224513
0.147819 0.073342 0.224519
0.147263 0.072726 0.226138
0.150240 0.066441 0.225008
0.148641 0.068238 0.226219
0.149051 0.072033 0.223276
0.148079 0.068606 0.226674
0.149601 0.069716 0.223985
0.148849 0.070726 0.224623
0.147512 0.072498 0.225773
0.148729 0.067880 0.226373
0.145936 0.070560 0.229129
0.148179 0.069844 0.226011
0.149209 0.071716 0.223244
0.147723 0.067589 0.228125
0.150492 0.066432 0.224622
0.149962 0.063955 0.226766
0.148672 0.065929 0.227787
0.144665 0.073323 0.228215
0.145804 0.070253 0.229385
0.146128 0.073705 0.228161
0.148059 0.067291 0.227888
0.147247 0.069133 0.225809
0.149817 0.069740 0.223512
0.146114 0.070031 0.229093
0.148343 0.073231 0.223730
0.146548 0.071174 0.228298
0.147195 0.072843 0.226276
0.147312 0.071717 0.226799
0.148266 0.072634 0.224144
0.146576 0.074708 0.225988
0.146732 0.070005 0.228075
0.150819 0.063402 0.225107
0.151310 0.064466 0.223745
0.148742 0.072941 0.223041
0.151508 0.066951 0.223083
0.147690 0.066938 0.228554
0.146711 0.074302 0.226442
0.150614 0.063624 0.224231
0.151329 0.065419 0.224281
0.145875 0.073765 0.225839
0.148641 0.070313 0.221899
0.149010 0.068943 0.225085
0.149061 0.071636 0.223674
0.151033 0.067346 0.223355
0.149833 0.068252 0.224296
0.149765 0.068471 0.224313
0.148530 0.068782 0.225760
0.146121 0.074554 0.227429
0.146501 0.068906 0.229148
0.150043 0.064862 0.226152
0.146097 0.070567 0.226723
0.148623 0.067811 0.226519
0.147642 0.071017 0.226656
0.146908 0.075083 0.225003
0.146200 0.073848 0.228021
0.150565 0.063844 0.225667
0.146285 0.071329 0.228806
0.147674 0.072794 0.225325
0.149196 0.070470 0.224229
0.144433 0.070486 0.228677
0.147593 0.074374 0.225019
0.148398 0.071103 0.222975
0.147257 0.067305 0.229189
0.146655 0.074859 0.225316
0.145567 0.073020 0.226481
0.146690 0.074765 0.224879
0.149143 0.065146 0.227650
0.149571 0.071745 0.222733
0.148593 0.069030 0.225629
0.150409 0.068669 0.223162
0.146998 0.074895 0.225467
0.150343 0.068181 0.223521
0.146143 0.073270 0.225408
0.149367 0.068629 0.224827
0.144535 0.069329 0.229740
0.145195 0.071542 0.227520
0.146125 0.069420 0.229480
0.145961 0.071739 0.226262
0.147554 0.069641 0.227060
0.149696 0.066999 0.225373
0.147739 0.072685 0.222927
0.149237 0.070210 0.224261
0.145877 0.070432 0.229225
0.145147 0.074181 0.228152
0.148504 0.068243 0.226396
0.149790 0.067250 0.224921
0.150269 0.067336 0.224241
0.147847 0.067553 0.228000
0.147543 0.071105 0.224406
0.150276 0.063894 0.224027
0.148802 0.067474 0.226458
0.149007 0.065701 0.227470
0.150824 0.067010 0.223740
0.147677 0.070223 0.224608
0.147403 0.072664 0.225926
0.149855 0.065084 0.226401
0.146903 0.070068 0.227729
0.147799 0.068290 0.225139
0.145091 0.069943 0.228459
0.151221 0.069058 0.221734
0.149679 0.067517 0.224929
0.150221 0.069087 0.223232
0.146471 0.074532 0.226562
0.151385 0.067062 0.223190
0.145831 0.068645 0.230186
0.148592 0.069400 0.222945
0.148372 0.063267 0.225720
0.147215 0.067446 0.229094
0.150422 0.070185 0.222332
0.149349 0.064842 0.227184
0.150230 0.064391 0.226281
0.149552 0.065444 0.226649
0.146680 0.072952 0.227019
0.148139 0.067460 0.227543
0.145438 0.069892 0.229908
0.149733 0.064043 0.227101
0.148642 0.071876 0.224164
0.150553 0.067929 0.223412
0.150989 0.063882 0.224013
0.147121 0.068579 0.228349
0.151414 0.065360 0.224045
0.149339 0.066066 0.226555
0.148427 0.073314 0.223575
0.147903 0.072219 0.223142
0.146592 0.072701 0.227235
0.148155 0.072871 0.224262
0.145040 0.068665 0.229210
0.146707 0.072707 0.224473
0.148509 0.072207 0.224060
0.147304 0.072060 0.226529
0.146060 0.072115 0.229064
0.147542 0.070455 0.226811
0.146420 0.069780 0.228836
0.149751 0.071368 0.222636
0.148351 0.067518 0.227164
0.149089 0.069671 0.224707
0.147873 0.068616 0.227053
0.152202 0.066707 0.222277
0.149096 0.066807 0.226535
0.146740 0.072023 0.227801
0.146679 0.068848 0.228965
0.147039 0.074278 0.223378
0.145491 0.072865 0.226555
0.151850 0.067823 0.221967
0.146576 0.072516 0.227905
0.145372 0.067666 0.228463
0.145890 0.072173 0.229312
0.145166 0.074166 0.228603
0.146162 0.073504 0.225262
0.146903 0.071187 0.225238
0.148440 0.072046 0.224380
0.146070 0.074688 0.226812
0.150769 0.067903 0.223225
0.149240 0.069704 0.224440
0.147904 0.066723 0.228179
0.146388 0.071866 0.228639
0.145842 0.071942 0.229450
0.146862 0.071706 0.227595
0.149149 0.069402 0.224710
0.150523 0.067230 0.223873
0.147405 0.074991 0.223334
0.148911 0.068393 0.225572
0.149070 0.067568 0.226102
0.148870 0.065811 0.227559
0.146875 0.070334 0.227703
0.148527 0.072538 0.223733
0.145312 0.068233 0.228723
0.146711 0.067781 0.229602
0.147612 0.074598 0.224861
0.149624 0.070103 0.223761
0.149325 0.072060 0.223023
0.145876 0.074061 0.225997
0.145921 0.070693 0.229126
0.148738 0.070741 0.224775
0.144969 0.071861 0.227641
0.147502 0.070260 0.226987
0.145731 0.073037 0.226255
0.151527 0.065058 0.222958
0.150297 0.068324 0.223476
0.151399 0.067497 0.222719
0.146969 0.073683 0.226132
0.148133 0.069526 0.226278
0.149133 0.071506 0.223550
0.149205 0.067886 0.225567
0.145740 0.072566 0.229393
0.147675 0.072341 0.223390
0.150398 0.065913 0.225123
0.150784 0.066458 0.224219
0.146444 0.073205 0.227686
0.146704 0.070411 0.227875
0.146374 0.074176 0.224892
0.147963 0.068474 0.226954
0.146647 0.069552 0.228861
0.147358 0.069345 0.227573
0.148028 0.073344 0.224210
0.147485 0.069253 0.227281
0.148483 0.070735 0.222816
0.148387 0.067329 0.227263
0.150987 0.064107 0.223617
0.148872 0.069437 0.225022
0.148408 0.070696 0.223209
0.147857 0.067707 0.227833
0.147490 0.073031 0.223014
0.145004 0.072313 0.227531
0.151500 0.067841 0.222257
0.145405 0.070996 0.229935
0.150921 0.068538 0.222497
0.150156 0.064456 0.223542
0.147798 0.071600 0.226001
0.145821 0.071440 0.229362
0.146460 0.072182 0.228366
0.147921 0.071518 0.225777
0.149745 0.066262 0.225892
0.147770 0.071495 0.226210
0.150716 0.063347 0.225557
0.145262 0.070371 0.230162
0.150532 0.063045 0.224957
0.149119 0.070931 0.224187
0.149554 0.069433 0.224157
0.146464 0.071980 0.228472
0.149456 0.066645 0.226037
0.148183 0.068617 0.226485
0.149516 0.067354 0.225338
0.149206 0.071207 0.223899
0.148331 0.073497 0.223603
0.144884 0.072814 0.227731
0.146017 0.071413 0.226324
0.146456 0.069583 0.226808
0.150930 0.069267 0.222120
0.151204 0.065297 0.224453
0.144316 0.070811 0.228566
0.149001 0.069629 0.224812
0.149118 0.065935 0.226946
0.147640 0.067484 0.228271
0.146227 0.074056 0.227585
0.150965 0.065173 0.222256
0.149812 0.071442 0.222480
0.150811 0.063431 0.224831
0.150798 0.068320 0.222853
0.148438 0.070123 0.225533
0.144304 0.070503 0.229483
0.150035 0.070905 0.222272
0.148989 0.067052 0.226635
0.148508 0.073671 0.223138
0.144142 0.069399 0.230033
0.145638 0.072173 0.226615
0.151353 0.068099 0.222211
0.145629 0.074628 0.227046
0.148246 0.068777 0.223774
0.147372 0.067862 0.228422
0.149738 0.071599 0.222427
0.148250 0.070539 0.223556
0.150498 0.062855 0.225188
0.146841 0.071795 0.227445
0.148914 0.065287 0.227858
0.151169 0.064243 0.224926
0.148589 0.070273 0.222334
0.148271 0.070219 0.225714
0.146314 0.073285 0.228044
0.146250 0.074118 0.225168
0.147599 0.068258 0.227617
0.150466 0.062737 0.225274
0.147775 0.069389 0.224526
0.151162 0.064642 0.224669
0.146750 0.070667 0.227842
0.145265 0.068476 0.228929
0.149162 0.070699 0.224178
0.148363 0.069753 0.225690
0.149727 0.070493 0.223195
0.149481 0.067599 0.225232
0.150878 0.063607 0.224258
0.149737 0.065658 0.226273
0.148845 0.070029 0.224921
0.145935 0.074628 0.227388
0.149331 0.067106 0.225832
0.147584 0.067311 0.228420
0.149522 0.068604 0.224669
0.147842 0.070577 0.226297
0.146711 0.068551 0.229037
0.148319 0.066149 0.228022
0.148057 0.072213 0.224958
0.147233 0.070576 0.227357
0.151116 0.063945 0.224174
0.146105 0.074754 0.226088
0.147657 0.069768 0.226788
0.150259 0.066610 0.224927
0.146821 0.074618 0.224515
0.145114 0.074106 0.227609
0.151266 0.064435 0.224130
0.147899 0.071834 0.225564
0.146427 0.073408 0.227650
0.147319 0.072416 0.226202
0.148777 0.071018 0.224641
0.152062 0.066061 0.222729
0.148120 0.074265 0.223666
0.148770 0.071793 0.224026
0.150541 0.066182 0.221962
0.146914 0.068459 0.228812
0.148514 0.066277 0.227770
0.147142 0.073465 0.225792
0.151822 0.066676 0.220792
0.146578 0.074689 0.225128
0.146689 0.072462 0.227652
0.146527 0.073847 0.224309
0.147539 0.073400 0.225151
0.148566 0.070571 0.225071
0.145796 0.070582 0.229316
0.146203 0.070984 0.228838
0.151806 0.065309 0.222747
0.150707 0.067234 0.223741
0.148392 0.072725 0.223855
0.148192 0.068865 0.226440
0.149814 0.069914 0.223424
0.151224 0.065376 0.222168
0.145468 0.070749 0.229812
0.150183 0.068210 0.223706
0.148019 0.067915 0.224849
0.146787 0.073625 0.226416
0.149792 0.066330 0.225741
0.146942 0.068853 0.228701
0.147677 0.070715 0.226644
0.145770 0.071247 0.229421
0.146820 0.071310 0.227776
0.146902 0.074990 0.225265
0.151220 0.065586 0.224395
0.150714 0.063111 0.225556
0.145538 0.068546 0.228304
0.144493 0.070282 0.228998
0.150398 0.066365 0.224779
0.150796 0.065684 0.224773
0.148178 0.065706 0.225022
0.147898 0.070263 0.226267
0.147777 0.073287 0.224679
0.145737 0.070884 0.227122
0.147045 0.070836 0.227554
0.150519 0.062287 0.225840
0.144867 0.072778 0.227919
0.150076 0.067216 0.224654
0.148990 0.065811 0.227380
0.146662 0.071468 0.228171
0.145592 0.074305 0.226654
0.148316 0.065885 0.228237
0.147412 0.074423 0.225289
0.147944 0.073318 0.224383
0.145913 0.072801 0.225961
0.146778 0.073093 0.226937
0.151111 0.068175 0.222434
0.151289 0.068744 0.222018
0.145502 0.070092 0.228008
0.147927 0.073532 0.224249
0.147383 0.067158 0.229087
0.148633 0.072900 0.223271
0.145686 0.073393 0.229114
0.149188 0.071462 0.223307
0.145611 0.074573 0.226914
0.150683 0.063242 0.224939
0.146335 0.073108 0.228153
0.146142 0.071061 0.226349
0.150899 0.063634 0.225225
0.151415 0.066470 0.223608
0.148112 0.071587 0.223294
0.148753 0.068307 0.225993
0.146744 0.074567 0.226177
0.148842 0.070435 0.224720
0.146393 0.074356 0.225102
0.146770 0.073340 0.224003
0.148870 0.066240 0.227109
0.147965 0.070017 0.226259
0.146405 0.073712 0.224470
0.149635 0.068550 0.224497
0.148936 0.071615 0.223951
0.148745 0.066823 0.227096
0.151113 0.063830 0.224735
0.151338 0.067445 0.222863
0.148623 0.069540 0.222831
0.150414 0.069546 0.222967
0.146298 0.074185 0.227243
0.150663 0.066337 0.224442
0.145040 0.071373 0.227773
0.148295 0.071011 0.225408
0.150411 0.066622 0.221799
0.145493 0.071965 0.226949
0.148288 0.070479 0.225575
0.146421 0.073295 0.227529
0.149313 0.066409 0.226402
0.144364 0.071084 0.228436
0.147731 0.069452 0.226840
0.147687 0.070448 0.226601
0.145550 0.071634 0.227010
0.147544 0.067181 0.228614
0.148681 0.065386 0.228083
0.146579 0.070706 0.228328
0.151034 0.069223 0.221928
0.146569 0.071455 0.228403
0.149278 0.068951 0.224765
0.146351 0.072342 0.225417
0.150244 0.065686 0.225546
0.145886 0.069343 0.227664
0.147094 0.069453 0.225970
0.147136 0.071703 0.227073
0.149276 0.066612 0.226338
0.148775 0.071819 0.223847
0.147426 0.068665 0.227587
0.147380 0.075108 0.223404
0.148052 0.067174 0.227939
0.152498 0.067255 0.221227
0.149737 0.064603 0.226603
0.151251 0.068656 0.222131
0.147186 0.071464 0.224647
0.147341 0.068842 0.227778
0.149773 0.066495 0.225552
0.150549 0.066545 0.224496
0.149416 0.069521 0.224299
0.148723 0.069082 0.225495
0.146974 0.074405 0.225936
0.148403 0.071268 0.225013
0.148164 0.066280 0.228145
0.149707 0.069570 0.223849
0.146829 0.072288 0.224611
0.148023 0.068856 0.226650
0.146810 0.073362 0.226737
0.150189 0.064210 0.226366
0.148381 0.071152 0.222302
0.147387 0.069080 0.227591
0.151365 0.065287 0.222343
0.151100 0.065037 0.224506
0.146747 0.072425 0.227429
0.149950 0.069374 0.223320
0.146262 0.070470 0.228813
0.150653 0.067541 0.223537
0.149650 0.068795 0.224269
0.146338 0.073651 0.224578
0.146861 0.073168 0.226765
0.148622 0.066671 0.224015
0.150656 0.062400 0.225868
0.151634 0.066690 0.220741
0.151192 0.068966 0.221987
0.147309 0.069116 0.227836
0.149675 0.064501 0.224326
0.149150 0.067578 0.225848
0.150301 0.062212 0.225675
0.150187 0.066984 0.224614
0.149622 0.065914 0.226253
0.145323 0.068627 0.228890
0.144591 0.069548 0.229471
0.147372 0.068906 0.227643
0.151168 0.064511 0.224893
0.148051 0.072293 0.224818
0.147242 0.070688 0.225052
0.150478 0.064046 0.223726
0.147377 0.075351 0.223750
0.145965 0.073967 0.225814
0.151164 0.064048 0.224854
0.148158 0.070746 0.225654
0.152163 0.066432 0.222457
0.147911 0.071375 0.225887
0.146862 0.073816 0.223635
0.145833 0.070944 0.229355
0.150434 0.066635 0.224597
0.149325 0.072291 0.222943
0.149355 0.069062 0.224527
0.146761 0.069935 0.228211
0.149796 0.070954 0.222592
0.148063 0.067408 0.227720
0.145355 0.070806 0.230016
0.151112 0.067110 0.223408
0.147922 0.068377 0.227137
0.152033 0.067509 0.221928
0.149421 0.067492 0.225399
0.145006 0.073900 0.227705
0.151990 0.067400 0.222093
0.149684 0.068592 0.224362
0.151407 0.067246 0.223000
0.144746 0.070153 0.228617
0.146223 0.074353 0.227459
0.146534 0.071878 0.228268
0.145895 0.069418 0.229679
0.150019 0.065168 0.226087
0.146796 0.068223 0.229109
0.146340 0.068745 0.226765
0.146971 0.073868 0.226128
0.145537 0.071004 0.229716
0.148214 0.071248 0.225470
0.147018 0.073375 0.223561
0.148311 0.067857 0.226890
0.146248 0.073945 0.225004
0.151417 0.064906 0.223693
0.150781 0.065127 0.225091
0.146517 0.070606 0.226084
0.146913 0.070223 0.225750
0.148612 0.068870 0.223034
0.145739 0.074683 0.227205
0.149253 0.068225 0.225266
0.151219 0.064433 0.224596
0.149089 0.072390 0.223060
0.147912 0.071174 0.225944
0.148363 0.071064 0.225263
0.151395 0.067569 0.222634
0.149665 0.063622 0.224637
0.151086 0.064834 0.224847
0.148020 0.066429 0.228245
0.147304 0.073282 0.225630
0.147092 0.068390 0.228539
0.147116 0.070356 0.225433
0.147047 0.071148 0.227517
0.150947 0.062774 0.225863
0.145501 0.074191 0.226763
0.145976 0.074732 0.226279
0.145844 0.073538 0.225834
0.148426 0.070919 0.223047
0.150855 0.068743 0.222512
0.146775 0.071681 0.225089
0.146597 0.073297 0.227201
0.151515 0.065023 0.222695
0.145992 0.069768 0.227485
0.150816 0.064661 0.225374
0.147270 0.068233 0.228258
0.147514 0.074114 0.225170
0.148070 0.075001 0.223669
0.151902 0.066755 0.222572
0.151192 0.068479 0.222220
0.150549 0.069171 0.222805
0.149630 0.064562 0.226849
0.148647 0.066743 0.227262
0.146644 0.070283 0.228168
0.149772 0.070605 0.222743
0.147261 0.070039 0.227415
0.146604 0.072535 0.224778
0.145265 0.074348 0.227909
0.147163 0.069730 0.225730
0.147935 0.074683 0.224394
0.149791 0.067898 0.224536
0.151093 0.066670 0.223804
0.146010 0.072609 0.229038
0.151650 0.065234 0.223027
0.152276 0.067240 0.221779
0.149263 0.070349 0.224121
0.148056 0.074576 0.223848
0.145414 0.073019 0.226774
0.145599 0.069718 0.227985
0.150542 0.066125 0.224682
0.148382 0.068948 0.225988
0.145618 0.071926 0.229806
0.149594 0.064999 0.226684
0.148577 0.073197 0.223203
0.149596 0.065742 0.226429
0.151583 0.067068 0.222874
0.147358 0.072134 0.226403
0.147907 0.070584 0.224161
0.150594 0.064166 0.225786
0.146215 0.068680 0.229636
0.145398 0.067851 0.228278
0.150431 0.062373 0.225641
0.151529 0.065804 0.223612
0.149255 0.068846 0.224847
0.150953 0.068300 0.222605
0.147046 0.073516 0.226000
0.150181 0.065180 0.225902
0.147792 0.068353 0.227304
0.149794 0.067062 0.225144
0.145974 0.068985 0.229793
0.145654 0.071644 0.229674
0.146574 0.069782 0.228722
0.147794 0.070638 0.226475
0.148671 0.072590 0.223493
0.147791 0.068601 0.227214
0.146392 0.074764 0.225886
0.151499 0.066525 0.223421
0.147132 0.069829 0.227603
0.152322 0.066913 0.221202
0.147725 0.074798 0.224615
0.148261 0.074103 0.223288
0.149665 0.068088 0.224596
0.147110 0.075055 0.225064
0.148475 0.071906 0.224483
0.149324 0.067764 0.225408
0.149957 0.064356 0.226491
0.150101 0.064615 0.226211
0.145355 0.069769 0.230175
0.150145 0.069873 0.223128
0.149226 0.065044 0.227497
0.149876 0.070138 0.223270
0.146234 0.070151 0.226773
0.146688 0.074552 0.224673
0.145693 0.070899 0.229511
0.146605 0.073295 0.224194
0.152251 0.066464 0.222250
0.147987 0.070069 0.224056
0.149614 0.067291 0.225208
0.149336 0.071539 0.222974
0.147838 0.071338 0.226133
0.146785 0.072780 0.226991
0.151856 0.066157 0.222911
0.146034 0.074751 0.226491
0.149881 0.066289 0.222875
0.150594 0.068097 0.223262
0.146841 0.073843 0.226338
0.147277 0.072188 0.224161
0.151864 0.065486 0.222625
0.147948 0.066626 0.228167
0.149321 0.070129 0.224139
0.147437 0.069462 0.227390
0.148054 0.074844 0.223852
0.151331 0.066486 0.221063
0.146222 0.069074 0.229389
0.149765 0.070761 0.222651
0.146884 0.069361 0.226278
0.150380 0.064484 0.226031
0.147741 0.072481 0.225391
0.151618 0.068553 0.221616
0.148240 0.065920 0.228376
0.147344 0.075308 0.224150
0.150521 0.063658 0.225720
0.150350 0.065164 0.225673
0.148482 0.070274 0.225407
0.144743 0.071421 0.228009
0.147557 0.070143 0.226823
0.147091 0.070030 0.225639
0.149289 0.069140 0.224643
0.147818 0.072958 0.224968
0.144624 0.069163 0.229692
0.145783 0.069844 0.227712
0.149189 0.072738 0.222848
0.151278 0.066074 0.223972
0.144178 0.070802 0.228872
0.149805 0.062849 0.224759
0.146477 0.072866 0.227761
0.149442 0.065172 0.226823
0.146666 0.070419 0.228046
0.151173 0.064558 0.224447
0.148744 0.071974 0.223742
0.150418 0.063419 0.224458
0.151624 0.065552 0.223504
0.149115 0.067527 0.226010
0.150587 0.062464 0.225724
0.146901 0.073082 0.226645
0.146810 0.069384 0.228790
0.147089 0.072931 0.226375
0.152191 0.066628 0.221212
0.147568 0.072289 0.225801
0.150483 0.068382 0.223184
0.146501 0.072602 0.227998
0.147417 0.067215 0.225552
0.145100 0.073866 0.227439
0.151379 0.064709 0.223748
0.147134 0.072349 0.226780
0.145183 0.069996 0.230325
0.146339 0.074509 0.226822
0.149208 0.069527 0.224577
0.150388 0.062889 0.226282
0.148539 0.066675 0.227439
0.148489 0.073406 0.223347
0.146414 0.072639 0.228128
0.149623 0.064316 0.227166
0.149913 0.065037 0.226278
0.151526 0.064891 0.223322
0.149702 0.065574 0.223461
0.150923 0.067182 0.223575
0.144598 0.072411 0.228099
0.151685 0.065855 0.223249
0.149730 0.069940 0.223616
0.148124 0.068611 0.224186
0.148255 0.073740 0.223493
0.149791 0.068620 0.224166
0.146494 0.069157 0.226726
0.147276 0.069444 0.227673
0.146314 0.070235 0.228823
0.146938 0.074026 0.226167
0.149892 0.066711 0.225302
0.150755 0.065805 0.224700
0.149254 0.070703 0.223996
0.150091 0.067908 0.224052
0.147200 0.069619 0.227857
0.151125 0.065880 0.221786
0.146768 0.069815 0.228551
0.145454 0.072086 0.226965
0.147213 0.068946 0.228240
0.146295 0.073018 0.225051
0.147785 0.068810 0.227054
0.146101 0.074209 0.227784
0.149293 0.070491 0.224048
0.149834 0.070438 0.222811
0.147135 0.075040 0.224046
0.150388 0.069025 0.222949
0.145112 0.073186 0.227357
0.150181 0.069006 0.223320
0.149282 0.067568 0.222686
0.147606 0.070432 0.224670
0.146897 0.072930 0.226782
0.147673 0.075078 0.224390
0.148653 0.072021 0.223940
0.147994 0.072922 0.224575
0.146562 0.074781 0.225648
0.149318 0.069589 0.224403
0.147218 0.073716 0.225630
0.148790 0.068419 0.225763
0.147851 0.070835 0.226389
0.151514 0.065501 0.223690
0.147544 0.069486 0.225230
0.150210 0.070049 0.222800
0.148345 0.066954 0.227478
0.146883 0.074458 0.223977
0.145590 0.072671 0.226455
0.151279 0.065890 0.224141
0.147440 0.072745 0.225751
0.146517 0.073114 0.224420
0.151792 0.065345 0.222875
0.149225 0.066503 0.223444
0.151526 0.068017 0.222081
0.151110 0.065294 0.222147
0.148614 0.073184 0.223025
0.144905 0.073524 0.227725
0.148907 0.067929 0.225998
0.145629 0.073375 0.226483
0.146302 0.074502 0.227058
0.151628 0.066328 0.223256
0.148701 0.071489 0.224556
0.147217 0.074725 0.223578
0.148233 0.069614 0.226061
0.147982 0.071860 0.225411
0.150577 0.068993 0.222799
0.151176 0.065829 0.224330
0.146732 0.070759 0.228040
0.146224 0.073984 0.227432
0.145891 0.072693 0.229158
0.147443 0.071918 0.226359
0.149582 0.067678 0.225022
0.152007 0.066506 0.222608
0.149456 0.068983 0.224375
0.147372 0.068200 0.228001
0.149346 0.072533 0.222819
0.149203 0.065472 0.227313
0.147163 0.074920 0.225262
0.147321 0.070162 0.225332
0.148955 0.064960 0.227914
0.150421 0.069961 0.222590
0.150618 0.066575 0.224354
0.146336 0.068468 0.229646
0.146295 0.074364 0.227267
0.149096 0.065719 0.227279
0.146202 0.074405 0.225683
0.147885 0.072782 0.225005
0.147268 0.072356 0.226406
0.148712 0.067120 0.226947
0.150671 0.067410 0.223670
0.149186 0.066728 0.226405
0.145251 0.067996 0.229074
0.149410 0.066047 0.226466
0.147904 0.065308 0.225496
0.152086 0.066370 0.221636
0.146790 0.074309 0.224156
0.148247 0.072074 0.224689
0.148605 0.065020 0.224911
0.150918 0.064117 0.225304
0.147536 0.071494 0.226536
0.148125 0.067237 0.227770
0.151695 0.066486 0.220972
0.147984 0.075283 0.223753
0.147630 0.072315 0.225641
0.145756 0.068886 0.228077
0.148704 0.069372 0.222553
0.147753 0.073576 0.224565
0.151277 0.066616 0.223679
0.147049 0.067585 0.229168
0.149628 0.070569 0.223370
0.148603 0.069867 0.225321
0.145305 0.071337 0.227488
0.144947 0.073997 0.228178
0.147942 0.071627 0.225632
0.151695 0.065581 0.222447
0.144734 0.072200 0.227878
0.150411 0.064353 0.223425
0.145614 0.068914 0.230242
0.147854 0.069310 0.226735
0.145663 0.070744 0.227347
0.146230 0.068317 0.230004
0.152482 0.067268 0.221364
0.146825 0.069582 0.228673
0.148581 0.070674 0.224999
0.146823 0.069145 0.228824
0.146342 0.071984 0.225590
0.150492 0.066773 0.224401
0.148389 0.073554 0.223346
0.151660 0.066088 0.223276
0.146681 0.073824 0.226605
0.147060 0.074548 0.225731
0.151403 0.068808 0.221636
0.151125 0.064804 0.222610
0.148838 0.072054 0.223540
0.147481 0.070509 0.226967
0.147364 0.074090 0.225331
0.144435 0.072405 0.228400
0.146335 0.068268 0.229830
0.146707 0.070399 0.225939
0.149023 0.066078 0.227044
0.144891 0.068566 0.229403
0.151624 0.066118 0.221785
0.147859 0.071044 0.226079
0.149001 0.068374 0.225430
0.144904 0.073001 0.227762
0.149992 0.065790 0.225842
0.150742 0.062821 0.226065
0.149120 0.068133 0.225493
0.146064 0.073897 0.228144
0.147705 0.073795 0.224542
0.144156 0.071259 0.228660
0.148231 0.066058 0.228225
0.149593 0.070935 0.222974
0.146107 0.068873 0.227151
0.144581 0.069154 0.229804
0.147893 0.072646 0.225083
0.146760 0.074945 0.225071
0.150617 0.068028 0.223285
0.150069 0.066117 0.225454
0.149494 0.072374 0.222738
0.147042 0.073973 0.225998
0.149964 0.069904 0.223247
0.152106 0.067627 0.221770
0.146165 0.074640 0.227029
0.146426 0.070622 0.228600
0.149354 0.066723 0.226147
0.149544 0.066394 0.226095
0.147603 0.071253 0.226641
0.149581 0.069938 0.223906
0.148519 0.069683 0.225503
0.145103 0.073725 0.227387
0.149927 0.066149 0.225694
0.146244 0.073959 0.227909
0.145224 0.073832 0.227161
0.147904 0.073145 0.224546
0.147476 0.072736 0.223336
0.147534 0.072729 0.225537
0.145345 0.067907 0.228655
0.148743 0.071578 0.224398
0.148094 0.071880 0.222547
0.145285 0.070341 0.228066
0.146887 0.074198 0.223698
0.146431 0.074014 0.224577
0.150365 0.065620 0.225429
0.147458 0.069191 0.227419
0.145822 0.068751 0.228008
0.149904 0.068664 0.223892
0.147302 0.068050 0.228410
0.146137 0.071277 0.226211
0.147052 0.072759 0.224096
0.148251 0.070876 0.223389
0.146089 0.069228 0.227231
0.149127 0.069918 0.224540
0.147333 0.075091 0.224831
0.149141 0.071240 0.224084
0.145490 0.073994 0.228815
0.150106 0.070701 0.222278
0.147211 0.069264 0.228181
0.149123 0.070218 0.224429
0.149274 0.067536 0.225698
0.151342 0.064558 0.223332
0.150203 0.067669 0.224058
0.145809 0.071326 0.226718
0.147486 0.074736 0.225045
0.145828 0.071650 0.226491
0.147757 0.072286 0.225496
0.148933 0.070308 0.224642
0.148509 0.070886 0.221847
0.151552 0.065085 0.223500
0.150814 0.065432 0.222127
0.147675 0.069366 0.224857
0.145293 0.074374 0.227697
0.151221 0.065151 0.222313
0.145664 0.073756 0.228701
0.146841 0.067985 0.229160
0.152031 0.068014 0.221535
0.146422 0.073120 0.227851
0.145719 0.068217 0.227832
0.150699 0.066676 0.221318
0.151677 0.067040 0.222729
0.150168 0.068460 0.223574
0.146785 0.069685 0.226290
0.150102 0.063502 0.226300
0.150777 0.069497 0.222169
0.146535 0.068299 0.226477
0.146802 0.071942 0.227646
0.148174 0.074486 0.223463
0.146023 0.068380 0.227207
0.148503 0.067651 0.226827
0.147963 0.072793 0.224831
0.148774 0.068521 0.225671
0.147706 0.066873 0.228345
0.146921 0.074277 0.223758
0.151215 0.065036 0.224356
0.146324 0.068955 0.229281
0.147021 0.073241 0.226171
0.150671 0.068127 0.223170
0.149458 0.071006 0.223147
0.147327 0.068170 0.228137
0.148458 0.067885 0.226719
0.150979 0.064575 0.222967
0.151690 0.065157 0.222737
0.148911 0.066221 0.223885
0.146540 0.069452 0.229036
0.148666 0.065598 0.227977
0.149996 0.065620 0.225929
0.151199 0.064071 0.224658
0.145483 0.071403 0.229981
0.146505 0.068455 0.229406
0.148679 0.069866 0.222263
0.146602 0.070826 0.225857
0.149799 0.066070 0.225956
0.150372 0.063110 0.226203
0.147251 0.068712 0.225850
0.148714 0.070522 0.224851
0.149128 0.064970 0.227699
0.146214 0.068489 0.229913
0.145690 0.072917 0.229339
0.147193 0.071178 0.227253
0.145189 0.069321 0.230430
0.146253 0.073588 0.228004
0.148060 0.073862 0.223916
0.147218 0.068676 0.226092
0.147939 0.067591 0.225011
0.149014 0.070056 0.224631
0.152161 0.066746 0.221054
0.148329 0.069214 0.226014
0.145493 0.072195 0.226852
0.149189 0.065286 0.227510
0.146637 0.072980 0.227128
0.149479 0.066866 0.225703
0.148061 0.069134 0.226528
0.149630 0.064490 0.227043
0.146659 0.073501 0.224073
0.148097 0.070499 0.223881
0.147256 0.073456 0.223071
0.148452 0.073008 0.223640
0.146672 0.068200 0.229305
0.149621 0.070822 0.222969
0.147267 0.068857 0.228057
0.145382 0.071392 0.227397
0.151301 0.064717 0.224138
0.147200 0.073645 0.223181
0.147532 0.073271 0.225114
0.145836 0.073612 0.228707
0.150832 0.064538 0.225442
0.147652 0.072841 0.222944
0.147676 0.074348 0.224842
0.150136 0.062378 0.225073
0.147993 0.070899 0.225855
0.146872 0.070927 0.225453
0.150974 0.066075 0.221699
0.147892 0.070786 0.224114
0.146920 0.073606 0.226214
0.150815 0.069637 0.221960
0.149638 0.067167 0.225305
0.147973 0.067552 0.227791
0.145986 0.069123 0.229686
0.145789 0.071903 0.226469
0.150206 0.067186 0.224449
0.146226 0.071657 0.228889
0.150081 0.067053 0.224799
0.150049 0.069543 0.223199
0.150460 0.068169 0.223344
0.150735 0.069293 0.222442
0.145986 0.070969 0.226639
0.145729 0.069340 0.229770
0.147936 0.074429 0.224467
0.148342 0.071236 0.225227
0.148435 0.068643 0.226224
0.150923 0.064349 0.225376
0.149112 0.065514 0.227485
0.146442 0.073925 0.227029
0.145740 0.072242 0.226414
0.148940 0.067512 0.226237
0.150209 0.066095 0.225251
0.146673 0.070172 0.228077
0.149642 0.068043 0.224684
0.150944 0.065398 0.224806
0.148352 0.072699 0.224005
0.145786 0.073423 0.225932
0.147179 0.067785 0.228750
0.145663 0.069306 0.230009
0.148918 0.070848 0.224466
0.151190 0.064527 0.223125
0.147279 0.071707 0.224377
0.146846 0.068700 0.228804
0.147095 0.067934 0.225876
0.145048 0.074111 0.228286
0.146653 0.072743 0.227152
0.151056 0.068075 0.222680
0.148134 0.070980 0.223559
0.150006 0.064075 0.226532
0.147105 0.072903 0.223931
0.147003 0.066936 0.225998
0.146269 0.073042 0.225240
0.145069 0.068197 0.229351
0.151149 0.067666 0.222960
0.146691 0.070259 0.227914
0.150873 0.066613 0.224007
0.150818 0.067975 0.223128
0.147954 0.074009 0.224227
0.151036 0.067683 0.223099
0.148328 0.066411 0.227859
0.150719 0.063464 0.224518
0.146960 0.069666 0.228193
0.146346 0.068804 0.229299
0.146930 0.069639 0.228469
0.149313 0.071286 0.223163
0.145640 0.071870 0.226722
0.149388 0.065152 0.224113
0.144788 0.069629 0.229147
0.149237 0.068325 0.225212
0.146222 0.073272 0.225129
0.149704 0.065967 0.226123
0.145284 0.071165 0.227618
0.144637 0.070986 0.228238
0.145392 0.069637 0.228336
0.149079 0.068553 0.225295
0.150684 0.063334 0.225704
0.147789 0.072554 0.222810
0.148166 0.071713 0.225212
0.148658 0.067580 0.226652
0.148612 0.067379 0.226900
0.147165 0.068905 0.228422
0.147149 0.072976 0.226191
0.148466 0.069388 0.225705
0.147741 0.071733 0.225932
0.146818 0.067564 0.226104
0.147964 0.072083 0.225312
0.147510 0.070835 0.224641
0.145386 0.074207 0.227032
0.147692 0.073722 0.224817
0.146582 0.067935 0.229708
0.150090 0.063625 0.226815
0.150368 0.063868 0.226172
0.145188 0.069853 0.230344
0.145827 0.073004 0.229132
0.148746 0.070009 0.225102
0.146205 0.068585 0.229780
0.147600 0.071892 0.223860
0.145719 0.072335 0.229516
0.151459 0.065782 0.223811
0.145339 0.069452 0.230263
0.147218 0.071755 0.226953
0.148113 0.071112 0.225659
0.148156 0.069284 0.226367
0.146673 0.074132 0.226559
0.151923 0.066915 0.222417
0.145106 0.069452 0.230555
0.148739 0.071145 0.224676
0.149290 0.065553 0.226995
0.147050 0.071855 0.224622
0.150063 0.063866 0.226646
0.148305 0.068334 0.223871
0.145628 0.071065 0.229506
0.149738 0.068000 0.221396
0.148508 0.071629 0.224785
0.147603 0.067755 0.228144
0.150512 0.064697 0.225672
0.149257 0.065873 0.226837
0.146519 0.072682 0.227873
0.145651 0.073600 0.229067
0.145744 0.068621 0.228049
0.145985 0.072068 0.226133
0.149618 0.071314 0.222788
0.149432 0.070294 0.223942
0.148920 0.066117 0.227202
0.151218 0.064346 0.224704
0.150191 0.067987 0.223836
0.146403 0.073768 0.227157
0.147866 0.070041 0.226403
0.150202 0.069903 0.223034
0.145766 0.069751 0.229727
0.146412 0.069162 0.229230
0.147666 0.073102 0.225069
0.149315 0.066923 0.226039
0.147342 0.074818 0.225180
0.151678 0.067987 0.222006
0.150089 0.067391 0.224486
0.144388 0.069572 0.229727
0.147785 0.066814 0.228574
0.147283 0.067617 0.228719
0.151656 0.068345 0.221791
0.151013 0.065757 0.224513
0.147898 0.070764 0.226071
0.146449 0.073640 0.227277
0.148860 0.072304 0.223333
0.146838 0.068105 0.226176
0.148408 0.068264 0.226495
0.149917 0.069344 0.223510
0.149400 0.068861 0.224660
0.150564 0.063945 0.225878
0.151379 0.065735 0.222143
0.149373 0.068090 0.225169
0.152319 0.067182 0.221623
0.146120 0.073005 0.228816
0.147479 0.071675 0.226421
0.148305 0.068444 0.226433
0.147824 0.067887 0.227661
0.150302 0.069035 0.223102
0.151783 0.066489 0.222821
0.150664 0.062615 0.226208
0.150793 0.068853 0.222566
0.147887 0.072365 0.222461
0.147421 0.075383 0.223955
0.145329 0.072641 0.227115
0.150371 0.062964 0.224803
0.148031 0.075098 0.223803
0.148929 0.068078 0.225889
0.147497 0.067598 0.228373
0.150403 0.069780 0.222758
0.145753 0.068835 0.230127
0.146995 0.073157 0.223863
0.149304 0.071066 0.223633
0.147941 0.073798 0.224150
0.150874 0.067560 0.223349
0.148455 0.070591 0.225254
0.151521 0.065253 0.223672
0.147424 0.067537 0.228519
0.147643 0.072079 0.225855
0.146900 0.072520 0.226986
0.145394 0.073299 0.226828
0.147474 0.075446 0.223807
0.149348 0.065080 0.227034
0.144672 0.069916 0.229153
0.149428 0.067792 0.225210
0.148500 0.070541 0.222956
0.151571 0.065048 0.223155
0.147589 0.071418 0.224120
0.150243 0.070327 0.222428
0.147424 0.067999 0.228222
0.147550 0.067742 0.225420
0.146333 0.072689 0.228548
0.148179 0.073841 0.223479
0.148365 0.069047 0.225920
0.151434 0.068256 0.222039
0.149908 0.067965 0.224329
0.146362 0.070867 0.228644
0.152243 0.066666 0.221466
0.150640 0.068524 0.222940
0.149140 0.062561 0.225159
0.145876 0.072366 0.229279
0.148635 0.066133 0.227697
0.146345 0.072963 0.228235
0.147969 0.066313 0.228352
0.148653 0.069539 0.225343
0.150721 0.063211 0.225843
0.145546 0.071255 0.229708
0.148357 0.071250 0.222760
0.147971 0.074986 0.224027
0.148230 0.072442 0.224212
0.149083 0.066249 0.226906
0.145772 0.071569 0.229476
0.148257 0.069232 0.226203
0.146348 0.073051 0.228029
0.150909 0.069421 0.221997
0.146766 0.071217 0.227979
0.147423 0.067289 0.228833
0.148778 0.069780 0.225054
0.151041 0.064263 0.225239
0.147479 0.070165 0.225125
0.144642 0.069009 0.229583
0.145583 0.068750 0.228261
0.151251 0.066223 0.223906
0.148150 0.073983 0.223625
0.147949 0.070450 0.226122
0.148103 0.071501 0.225438
0.145415 0.069450 0.228376
0.150692 0.063207 0.225144
0.149962 0.070505 0.222665
0.145961 0.071123 0.229187
0.148651 0.070968 0.224850
0.148472 0.072819 0.223694
0.151310 0.064953 0.224192
0.150454 0.064909 0.225702
0.146450 0.074106 0.226863
0.146519 0.073685 0.227065
0.147865 0.069499 0.224303
0.147646 0.074205 0.224988
0.149309 0.069732 0.224263
0.145823 0.071734 0.229428
0.150902 0.067454 0.223395
0.150113 0.070507 0.222481
0.146885 0.074783 0.225649
0.146871 0.070653 0.225576
0.149043 0.069331 0.224866
0.147401 0.071375 0.224406
0.148245 0.067466 0.227383
0.144012 0.070939 0.229129
0.147686 0.070033 0.226598
0.147769 0.068110 0.227485
0.146692 0.072618 0.227165
0.144681 0.072637 0.228048
0.150015 0.067549 0.224417
0.147974 0.072353 0.224995
0.150501 0.069333 0.222889
0.150998 0.063720 0.225087
0.147850 0.068851 0.226934
0.146174 0.069612 0.229358
0.148063 0.072497 0.224783
0.146095 0.074004 0.225666
0.150415 0.064733 0.225836
0.147214 0.071603 0.227057
0.152310 0.066899 0.221646
0.148860 0.070551 0.224656
0.145833 0.070816 0.229281
0.146683 0.070963 0.225681
0.150330 0.064080 0.226254
0.147333 0.074928 0.225030
0.147988 0.066305 0.225068
0.146124 0.072382 0.225810
0.150526 0.069587 0.222788
0.146810 0.071679 0.227769
0.148044 0.071349 0.225647
0.144799 0.072619 0.227864
0.147721 0.072133 0.225656
0.147579 0.069905 0.226791
0.149964 0.069167 0.223524
0.147143 0.074847 0.225428
0.149291 0.067985 0.225337
0.148706 0.066594 0.227311
0.150083 0.066463 0.225158
0.147230 0.075123 0.223825
0.149285 0.066043 0.226695
0.148341 0.067361 0.224230
0.151885 0.065911 0.222113
0.149191 0.065768 0.227010
0.149467 0.070671 0.223647
0.146755 0.070240 0.227809
0.150823 0.062977 0.225895
0.147982 0.072137 0.222829
0.144782 0.069904 0.228859
0.148029 0.069405 0.223975
0.150197 0.069707 0.223120
0.147922 0.071908 0.223378
0.146633 0.074099 0.224272
0.147108 0.072216 0.226860
0.150894 0.062844 0.225825
0.152322 0.067556 0.221548
0.146616 0.070921 0.228234
0.149166 0.068814 0.224946
0.144835 0.068938 0.229371
0.145836 0.068982 0.227856
0.152024 0.067128 0.222222
0.151713 0.067757 0.222143
0.147533 0.070770 0.226837
0.148584 0.066321 0.227617
0.148778 0.066003 0.227545
0.148162 0.073538 0.223836
0.147116 0.069962 0.227572
0.145523 0.073765 0.226619
0.147684 0.072103 0.223579
0.145317 0.070658 0.230130
0.146692 0.073595 0.226732
0.149729 0.065370 0.226480
0.147813 0.067097 0.228233
0.146541 0.071994 0.225244
0.150035 0.066915 0.225003
0.150639 0.065938 0.224721
0.145952 0.074344 0.226047
0.144631 0.072977 0.228316
0.147681 0.074581 0.224692
0.147363 0.071495 0.226912
0.150769 0.063660 0.225413
0.148812 0.071636 0.224200
0.147693 0.073584 0.224948
0.150509 0.070257 0.222071
0.148666 0.069940 0.225231
0.147084 0.068766 0.228560
0.148878 0.067065 0.226765
0.148355 0.069450 0.225859
0.148007 0.072014 0.223248
0.147891 0.069086 0.226749
0.149445 0.065324 0.226745
0.147262 0.069240 0.227700
0.149885 0.069259 0.223613
0.150884 0.062752 0.225922
0.149760 0.062260 0.225238
0.146201 0.068117 0.226828
0.145989 0.068622 0.230107
0.147958 0.067736 0.227611
0.146287 0.069930 0.228959
0.145733 0.069620 0.229806
0.146803 0.071980 0.224843
0.149295 0.065964 0.223676
0.152270 0.067676 0.221487
0.146219 0.071921 0.228894
0.146171 0.073234 0.228480
0.145815 0.074400 0.227780
0.148330 0.071185 0.223104
0.152163 0.066480 0.221670
0.149307 0.064702 0.227325
0.148468 0.069842 0.223194
0.151452 0.065099 0.223738
0.150748 0.063368 0.225379
0.147320 0.070948 0.227176
0.150490 0.064082 0.226065
0.149539 0.070589 0.223523
0.144906 0.073842 0.227904
0.150553 0.064840 0.222806
0.148653 0.068047 0.226362
0.152140 0.065967 0.222392
0.150657 0.064501 0.223058
0.144403 0.069187 0.229923
0.149865 0.062127 0.225492
0.146552 0.074264 0.224603
0.144599 0.069795 0.229374
0.148769 0.065702 0.227739
0.147744 0.067260 0.228268
0.146384 0.073602 0.227716
0.146949 0.075044 0.224493
0.149106 0.071426 0.223822
0.150381 0.070394 0.222153
0.147253 0.072548 0.223948
0.150315 0.063129 0.224642
0.148073 0.074181 0.223842
0.147501 0.067998 0.228019
0.145944 0.071702 0.229204
0.147196 0.067956 0.228606
0.148521 0.071402 0.224811
0.149486 0.066706 0.225885
0.146849 0.071125 0.227855
0.151313 0.065791 0.221927
0.150511 0.063789 0.226010
0.144509 0.069693 0.229532
0.146476 0.068125 0.229704
0.149233 0.065270 0.227355
0.146751 0.072529 0.227168
0.145953 0.073166 0.228954
0.146777 0.068910 0.228821
0.149286 0.069297 0.224524
0.144913 0.072647 0.227628
0.146352 0.073110 0.224738
0.146527 0.072801 0.224655
0.147687 0.072660 0.223080
0.145839 0.069215 0.229781
0.144974 0.069402 0.228991
0.145362 0.069318 0.230304
0.147402 0.072485 0.226032
0.147771 0.072605 0.225298
0.147196 0.068454 0.228239
0.146238 0.072361 0.228766
0.147532 0.074529 0.225095
0.147064 0.067654 0.229055
0.146524 0.067044 0.226528
0.152059 0.065867 0.222717
0.152172 0.066934 0.222214
0.145737 0.072693 0.229351
0.150683 0.066846 0.223942
0.147091 0.072560 0.226672
0.147416 0.070802 0.227050
0.148031 0.070109 0.226107
0.146531 0.073805 0.226871
0.146547 0.074569 0.225010
0.151378 0.065894 0.223954
0.148452 0.069565 0.225654
0.147479 0.073531 0.225309
0.150733 0.068520 0.222780
0.148207 0.072063 0.224857
0.148363 0.067642 0.227028
0.147687 0.068755 0.227275
0.145650 0.073663 0.226330
0.150259 0.068022 0.223736
0.147645 0.071621 0.226266
0.146435 0.073512 0.227505
0.149323 0.071889 0.223055
0.151257 0.067658 0.222804
0.149047 0.071181 0.224232
0.145876 0.074546 0.226300
0.148365 0.065850 0.228201
0.149688 0.071629 0.222577
0.147006 0.072498 0.224291
0.145529 0.074563 0.227238
0.150252 0.069905 0.222912
0.150831 0.064757 0.225207
0.149722 0.064344 0.226782
0.145252 0.070142 0.230184
0.146649 0.073773 0.224121
0.147170 0.074232 0.223119
0.149156 0.066065 0.226878
0.147536 0.069077 0.227252
0.150721 0.063869 0.225438
0.147769 0.072910 0.225068
0.148526 0.070574 0.222353
0.148270 0.072849 0.224104
0.147349 0.069770 0.227367
0.150255 0.063350 0.226203
0.146525 0.071124 0.228154
0.146945 0.067796 0.229121
0.151165 0.067846 0.222771
0.145487 0.073268 0.226661
0.145896 0.071346 0.226546
0.145549 0.073955 0.228680
0.147264 0.074762 0.225371
0.150916 0.066796 0.223836
0.146612 0.072186 0.225004
0.148143 0.068026 0.226972
0.149180 0.066419 0.226550
0.149920 0.067105 0.224910
0.151445 0.065146 0.222504
0.149931 0.066865 0.225188
0.148031 0.073641 0.224005
0.150664 0.069852 0.222072
0.148317 0.070138 0.223453
0.151457 0.066614 0.220850
0.148050 0.069795 0.223865
0.151449 0.066800 0.223290
0.150091 0.068326 0.223786
0.150092 0.065698 0.225748
0.148725 0.069643 0.225151
0.150834 0.065529 0.224874
0.148231 0.067219 0.227547
0.150814 0.067385 0.223504
0.147599 0.068573 0.227375
0.151460 0.068672 0.221683
0.146849 0.070930 0.227846
0.146031 0.072833 0.228955
0.149208 0.067233 0.225994
0.150830 0.068179 0.222942
0.147798 0.071847 0.223609
0.146816 0.074823 0.224577
0.148619 0.065537 0.228086
0.148478 0.066483 0.227627
0.152234 0.067022 0.222047
0.147426 0.068858 0.227515
0.146648 0.071797 0.228024
0.146856 0.073294 0.226638
0.151277 0.067001 0.223358
0.149821 0.069543 0.223635
0.145249 0.071946 0.227382
0.147849 0.066673 0.228439
0.146943 0.071930 0.227143
0.147184 0.068389 0.226004
0.146398 0.072794 0.224966
0.150683 0.069171 0.222626
0.149244 0.069932 0.224327
0.148277 0.069187 0.223550
0.150758 0.066103 0.224473
0.146565 0.070556 0.228398
0.151322 0.065633 0.224223
0.150402 0.068013 0.223558
0.148559 0.065804 0.227983
0.150075 0.062196 0.225466
0.151091 0.064214 0.225126
0.148734 0.067334 0.226744
0.147748 0.066803 0.228714
0.144351 0.072184 0.228500
0.149899 0.065474 0.226150
0.151091 0.063696 0.224538
0.149494 0.066118 0.226320
0.147225 0.070790 0.227348
0.151637 0.065189 0.223362
0.149221 0.065583 0.227100
0.151238 0.065579 0.222076
0.146190 0.071923 0.225891
0.151976 0.066833 0.220808
0.147916 0.068436 0.224834
0.147055 0.071359 0.227424
0.150531 0.063151 0.226091
0.146395 0.069307 0.229247
0.148903 0.068813 0.225396
0.145608 0.074041 0.226468
0.151844 0.066345 0.221227
0.151242 0.067249 0.223221
0.150680 0.064482 0.225593
0.148335 0.070290 0.225515
0.147396 0.071564 0.226700
0.147589 0.069406 0.227123
0.150089 0.063770 0.226453
0.145238 0.072462 0.227224
0.148144 0.073131 0.224157
0.148307 0.068721 0.226335
0.150366 0.068481 0.223307
0.150792 0.065768 0.221970
0.144950 0.073691 0.227695
0.151225 0.064279 0.224522
0.148997 0.070418 0.224491
0.144603 0.070574 0.228407
0.150974 0.063849 0.225156
0.146509 0.070867 0.228462
0.147109 0.073725 0.223260
0.146135 0.068533 0.230023
0.148040 0.072920 0.224387
0.148958 0.066931 0.223497
0.150931 0.067900 0.223050
0.149712 0.071093 0.222749
0.150311 0.066182 0.225039
0.148354 0.071505 0.225037
0.148805 0.067295 0.226667
0.148051 0.066161 0.228548
0.149850 0.070742 0.222584
0.147458 0.066315 0.225678
0.146453 0.072544 0.225141
0.148374 0.070922 0.225274
0.150864 0.064703 0.222753
0.150117 0.068745 0.223526
0.145300 0.069459 0.228466
0.148052 0.067727 0.227450
0.151534 0.066571 0.223248
0.145983 0.066055 0.227633
0.145721 0.071615 0.226745
0.150383 0.068326 0.223357
0.151295 0.066083 0.221633
0.148149 0.070075 0.225897
0.151859 0.068221 0.221669
0.148155 0.067987 0.224513
0.147009 0.073650 0.223386
0.149206 0.071252 0.223518
0.145335 0.070262 0.229991
0.146319 0.074428 0.225502
0.152226 0.066227 0.222324
0.150390 0.065383 0.225505
0.150270 0.066425 0.222167
0.146139 0.071408 0.226142
0.152004 0.065740 0.222529
0.146738 0.073948 0.226495
0.150845 0.068466 0.222650
0.149189 0.071928 0.223207
0.150728 0.064097 0.223554
0.146825 0.069837 0.228365
0.145072 0.073503 0.227420
0.147826 0.069609 0.226659
0.151380 0.067718 0.222485
0.147362 0.070834 0.227146
0.145679 0.068400 0.228085
0.150540 0.063711 0.225835
0.150793 0.063052 0.225748
0.151995 0.068162 0.221501
0.149233 0.064825 0.227487
0.151434 0.066253 0.223649
0.146580 0.071749 0.228329
0.149156 0.067707 0.225761
0.150307 0.066728 0.224676
0.147995 0.068457 0.224670
0.150610 0.067073 0.223892
0.150106 0.062294 0.225222
0.145898 0.073986 0.228205
0.146308 0.071994 0.228752
0.148435 0.068878 0.223359
0.149324 0.066271 0.226480
0.150314 0.062453 0.225253
0.147061 0.069071 0.226116
0.148888 0.066890 0.226834
0.147234 0.072544 0.226249
0.148977 0.065937 0.227273
0.148682 0.068814 0.225584
0.150951 0.064774 0.225036
0.148701 0.070285 0.225050
0.151240 0.064334 0.224611
0.148060 0.068476 0.224521
0.149174 0.072622 0.222913
0.148114 0.070875 0.225718
0.151407 0.066846 0.220663
0.147265 0.075268 0.223998
0.148174 0.067788 0.227175
0.146674 0.073182 0.227096
0.149438 0.064836 0.226959
0.149603 0.064830 0.226640
0.151792 0.065743 0.223074
0.148016 0.070288 0.226004
0.146031 0.071301 0.229082
0.146840 0.074578 0.225946
0.148994 0.071988 0.223368
0.145530 0.070821 0.229672
0.146243 0.071568 0.225943
0.145209 0.070105 0.228339
0.151726 0.066184 0.223105
0.148653 0.068432 0.226051
0.148090 0.066617 0.227992
0.152212 0.066335 0.222075
0.149066 0.067430 0.226149
0.149170 0.071576 0.223262
0.145821 0.073552 0.228922
0.150807 0.064542 0.222947
0.145766 0.073314 0.229103
0.146483 0.073108 0.227405
0.151125 0.064369 0.223280
0.146252 0.074246 0.225383
0.147090 0.073679 0.225777
0.146619 0.073445 0.227104
0.146984 0.068165 0.228741
0.146781 0.074225 0.224002
0.145724 0.072139 0.229616
0.147814 0.069863 0.226550
0.148424 0.066838 0.227415
0.150176 0.066320 0.225103
0.151677 0.065404 0.223394
0.149722 0.067766 0.224745
0.147882 0.067155 0.225091
0.150102 0.063465 0.226806
0.146207 0.074471 0.227413
0.147365 0.072941 0.225684
0.149164 0.064809 0.227663
0.147419 0.073460 0.222611
0.150215 0.070558 0.222225
0.147204 0.074434 0.223209
0.149600 0.065608 0.226528
0.150707 0.069484 0.222375
0.148163 0.068254 0.224371
0.147068 0.075173 0.224830
0.151897 0.066276 0.221455
0.147108 0.071981 0.226946
0.145930 0.071419 0.229232
0.150644 0.063572 0.225583
0.147854 0.066533 0.228590
0.150366 0.064257 0.226213
0.149518 0.064650 0.227073
0.147140 0.072105 0.226846
0.145061 0.069129 0.229086
0.147948 0.066355 0.228539
0.151077 0.065255 0.224660
0.150781 0.069358 0.222269
0.145522 0.072455 0.226663
0.150524 0.063260 0.226015
0.146554 0.074057 0.226745
0.150471 0.062578 0.225483
0.150893 0.065006 0.225011
0.151161 0.064297 0.223469
0.149183 0.067107 0.226120
0.150493 0.065584 0.225263
0.148766 0.072299 0.223533
0.144781 0.069387 0.229292
0.149919 0.069550 0.223380
0.147206 0.072067 0.226717
0.151095 0.064390 0.225133
0.147784 0.067871 0.225211
0.147714 0.071394 0.226387
0.147494 0.073830 0.225248
0.149610 0.068414 0.224630
0.151222 0.067849 0.222644
0.151052 0.066397 0.224027
0.148570 0.070827 0.224945
0.147664 0.067053 0.228383
0.146236 0.073561 0.224840
0.147946 0.069026 0.226632
0.151003 0.068389 0.222444
0.146935 0.070745 0.227665
0.148805 0.067916 0.226240
0.146869 0.072038 0.227304
0.148739 0.067677 0.223400
0.147806 0.073798 0.224406
0.152134 0.065950 0.222585
0.149687 0.069188 0.223854
0.147102 0.074284 0.225816
0.147516 0.074860 0.224861
0.146041 0.074214 0.225834
0.147875 0.074122 0.224479
0.145657 0.074109 0.228272
0.149211 0.072443 0.222951
0.144988 0.069667 0.228702
0.146305 0.073774 0.224724
0.149284 0.071990 0.223106
0.147480 0.069185 0.225414
0.147968 0.071188 0.225796
0.147283 0.068519 0.226154
0.147954 0.068621 0.226855
0.149671 0.067220 0.225074
0.148035 0.073077 0.224379
0.144298 0.070097 0.229658
0.147401 0.071069 0.224608
0.147437 0.073034 0.225532
0.150124 0.063478 0.226515
0.144773 0.073668 0.228092
0.149635 0.070242 0.223665
0.147788 0.070920 0.226501
0.151181 0.066734 0.220864
0.146466 0.073319 0.224349
0.146253 0.074687 0.225844
0.147120 0.074737 0.225548
0.149612 0.069048 0.224198
0.147672 0.066650 0.228955
0.147555 0.073176 0.225252
0.149776 0.067491 0.224805
0.146764 0.070042 0.227911
0.151281 0.067932 0.222402
0.145369 0.074122 0.228670
0.147945 0.069087 0.224332
0.145958 0.073397 0.228823
0.149842 0.066696 0.222677
0.150145 0.063629 0.224342
0.146649 0.071655 0.228190
0.149545 0.064796 0.226771
0.148100 0.072749 0.224444
0.151979 0.067655 0.221872
0.147190 0.072656 0.226390
0.145904 0.073338 0.225717
0.149789 0.067121 0.222371
0.145439 0.070717 0.227699
0.149816 0.065762 0.226094
0.150957 0.068710 0.222388
0.144274 0.072357 0.228798
0.150695 0.065024 0.225218
0.145485 0.071214 0.229872
0.146846 0.074610 0.224270
0.146487 0.071545 0.228595
0.148320 0.069931 0.225750
0.146426 0.071321 0.228644
0.152017 0.067828 0.221754
0.148072 0.071997 0.222182
0.149010 0.069010 0.225000
0.149022 0.070848 0.224318
0.150364 0.067619 0.223908
0.150436 0.067197 0.224065
0.145806 0.070107 0.227548
0.149398 0.071004 0.223355
0.147653 0.075419 0.223848
0.148600 0.071804 0.224378
0.151093 0.065846 0.224416
0.145654 0.073782 0.228840
0.148836 0.069041 0.225387
0.144578 0.072765 0.228430
0.148437 0.070746 0.225208
0.148271 0.074304 0.223337
0.144525 0.071789 0.228111
0.150735 0.068947 0.222616
0.145520 0.074397 0.227891
0.146829 0.075016 0.224803
0.147857 0.064162 0.225972
0.147565 0.071825 0.226205
0.150829 0.063926 0.223825
0.147827 0.074596 0.224576
0.146997 0.072336 0.226970
0.147982 0.068068 0.227070
0.150867 0.063555 0.224383
0.149218 0.067455 0.225805
0.145068 0.071001 0.228023
0.152014 0.066302 0.222696
0.151434 0.065747 0.223940
0.150635 0.064341 0.225706
0.149462 0.069900 0.224095
0.145313 0.072112 0.227223
0.151068 0.067882 0.222876
0.149282 0.066177 0.226580
0.147063 0.069794 0.227795
0.149733 0.068279 0.224449
0.146318 0.071809 0.228775
0.149593 0.072082 0.222654
0.147082 0.074335 0.223372
0.147329 0.075084 0.223540
0.148314 0.068987 0.226188
0.147481 0.069879 0.227024
0.152295 0.067078 0.221814
0.149278 0.071642 0.223125
0.149027 0.070626 0.224409
0.147793 0.069691 0.224430
0.145972 0.073736 0.228315
0.147215 0.074159 0.225677
0.146749 0.072377 0.227587
0.145662 0.069145 0.230054
0.147362 0.070640 0.227198
0.150667 0.069719 0.222284
0.150622 0.068649 0.222871
0.146988 0.074736 0.223994
0.150892 0.066514 0.221269
0.147959 0.069705 0.224112
0.149344 0.069909 0.224219
0.148200 0.072236 0.224681
0.151240 0.064283 0.223986
0.148476 0.069345 0.223204
0.146193 0.072106 0.228900
0.146469 0.073046 0.227714
0.147011 0.068599 0.226227
0.149834 0.071199 0.222548
0.151672 0.068442 0.221697
0.147101 0.071524 0.227251
0.149411 0.070860 0.223536
0.150205 0.065478 0.225717
0.149404 0.065670 0.226764
0.150102 0.066633 0.222309
0.147249 0.073131 0.223323
0.150237 0.062586 0.225025
0.147086 0.073763 0.225897
0.145518 0.071380 0.227211
0.150507 0.067427 0.223843
0.147054 0.072715 0.226598
0.146048 0.073486 0.228412
0.150153 0.067566 0.224209
0.148122 0.070124 0.223781
0.148667 0.073353 0.222964
0.148016 0.069900 0.226190
0.149624 0.064113 0.227216
0.150054 0.070105 0.223033
0.151856 0.068109 0.221770
0.149943 0.062323 0.225056
0.150522 0.070052 0.222210
0.146067 0.070522 0.229000
0.150287 0.065025 0.225865
0.150886 0.063741 0.224111
0.146641 0.074467 0.226430
0.151664 0.067376 0.222371
0.149593 0.070744 0.223184
0.149109 0.065331 0.227621
0.145299 0.070966 0.227818
0.146987 0.073996 0.223376
0.148816 0.071096 0.224533
0.150838 0.066361 0.221531
0.147811 0.075142 0.224126
0.146499 0.073360 0.227342
0.147288 0.073994 0.225506
0.145472 0.071593 0.227176
0.152207 0.067646 0.221622
0.149902 0.070964 0.222453
0.147447 0.071030 0.226975
0.147887 0.072448 0.225174
0.147246 0.068606 0.228125
0.147262 0.069450 0.227807
0.145879 0.073384 0.228986
0.151101 0.068714 0.222242
0.151680 0.066228 0.221408
0.145883 0.068878 0.229996
0.146454 0.074586 0.225315
0.150565 0.069698 0.222603
0.149439 0.068207 0.225015
0.146638 0.070596 0.228219
0.149899 0.070281 0.223093
0.148292 0.069504 0.223476
0.150739 0.062770 0.225689
0.149776 0.064340 0.226624
0.144465 0.070235 0.229378
0.149718 0.068835 0.224145
0.147765 0.074330 0.224664
0.144661 0.073602 0.228388
0.148960 0.069463 0.221691
0.146823 0.073249 0.226835
0.147333 0.069508 0.225601
0.150642 0.065652 0.225028
0.149335 0.062380 0.225192
0.146549 0.068643 0.229210
0.147603 0.069895 0.224985
0.147635 0.068321 0.227440
0.149901 0.067432 0.224712
0.149180 0.066529 0.226521
0.152299 0.066845 0.221923
0.144670 0.068732 0.229627
0.144954 0.070662 0.228155
0.146743 0.073355 0.226912
0.149184 0.067399 0.225915
0.150402 0.065935 0.222292
0.146267 0.072945 0.228500
0.146809 0.072251 0.227471
0.148891 0.062837 0.225313
0.149009 0.066502 0.226875
0.147946 0.068131 0.227209
0.147421 0.067384 0.228659
0.146773 0.071005 0.228017
0.146933 0.073129 0.226447
0.151342 0.064528 0.223884
0.147855 0.070915 0.226266
0.147500 0.072276 0.225984
0.149140 0.069689 0.224613
0.149767 0.068874 0.224003
0.148867 0.066388 0.227128
0.150263 0.063007 0.226417
0.148464 0.068925 0.225779
0.148177 0.071568 0.225208
0.146513 0.074293 0.226739
0.149876 0.066491 0.225353
0.146848 0.072358 0.227171
0.147085 0.070817 0.225192
0.144732 0.071804 0.227891
0.151370 0.064880 0.224069
0.151332 0.065176 0.224238
0.147641 0.069128 0.227139
0.145674 0.074547 0.226721
0.149673 0.069936 0.223754
0.146633 0.070338 0.228246
0.149002 0.063596 0.225077
0.148134 0.067913 0.227091
0.150717 0.068731 0.222721
0.147938 0.067933 0.227379
0.147347 0.068567 0.227868
0.148647 0.066478 0.227444
0.147641 0.073844 0.225044
0.150581 0.062981 0.226116
0.147715 0.070611 0.224452
0.150299 0.068853 0.223201
0.150787 0.064952 0.222509
0.149585 0.066509 0.225917
0.150507 0.068777 0.222960
0.151845 0.066169 0.221789
0.148958 0.067201 0.226509
0.148899 0.071027 0.224432
0.148865 0.068569 0.225513
0.148062 0.067934 0.227215
0.147292 0.072871 0.225912
0.147424 0.071251 0.226960
0.147577 0.067053 0.228817
0.147019 0.074987 0.224221
0.147065 0.071762 0.227111
0.148900 0.069229 0.225070
0.146402 0.072499 0.228390
0.150139 0.067142 0.221794
0.151463 0.065569 0.223901
0.150546 0.063229 0.224704
0.145977 0.073567 0.225637
0.149229 0.068581 0.224952
0.151898 0.066541 0.222699
0.147483 0.074306 0.225187
0.151510 0.067359 0.222639
0.151786 0.065931 0.223055
0.146419 0.072843 0.227998
0.147354 0.071769 0.226542
0.147128 0.070966 0.227434
0.147870 0.075403 0.223728
0.147626 0.069581 0.226955
0.151678 0.065276 0.222624
0.146217 0.073712 0.224940
0.146326 0.072308 0.228564
0.145441 0.072641 0.226777
0.148228 0.071571 0.222610
0.150372 0.067822 0.223755
0.149771 0.070105 0.223469
0.148513 0.072063 0.224191
0.149241 0.064591 0.227575
0.150265 0.067759 0.223932
0.149859 0.063785 0.226971
0.146234 0.074314 0.225527
0.147742 0.073917 0.224633
0.148309 0.067269 0.227411
0.148190 0.066412 0.228016
0.146066 0.074069 0.228006
0.150594 0.062858 0.225464
0.149776 0.069347 0.223757
0.149498 0.072155 0.222806
0.151121 0.066114 0.224172
0.145350 0.073358 0.226914
0.146231 0.068585 0.229733
0.149552 0.069299 0.224213
0.148154 0.069604 0.223686
0.147996 0.074254 0.224329
0.145544 0.070143 0.229698
0.145958 0.072417 0.229155
0.150798 0.069018 0.222440
0.147298 0.072689 0.223715
0.147163 0.068216 0.228502
0.145735 0.069397 0.227870
0.147575 0.070546 0.226754
0.146074 0.068986 0.229627
0.151197 0.064263 0.223723
0.148140 0.070400 0.225833
0.146099 0.073212 0.228720
0.149226 0.062835 0.224993
0.144404 0.069891 0.229598
0.147921 0.075214 0.223939
0.151467 0.067105 0.223042
0.146657 0.072588 0.227284
0.147781 0.071141 0.226393
0.150526 0.062733 0.226285
0.152071 0.066892 0.222327
0.147857 0.071754 0.225698
0.146696 0.069351 0.228938
0.147819 0.072629 0.225216
0.146914 0.074803 0.224204
0.147085 0.069430 0.228320
0.147710 0.067769 0.227984
0.150783 0.068131 0.223052
0.150177 0.068715 0.223451
0.149341 0.067327 0.225696
0.147446 0.070581 0.224845
0.146602 0.068411 0.229280
0.146381 0.072078 0.228562
0.148825 0.067704 0.226313
0.151067 0.068656 0.222284
0.151422 0.064817 0.223499
0.147867 0.070102 0.224340
0.149581 0.068113 0.224816
0.146330 0.073825 0.227648
0.150318 0.064460 0.226144
0.148162 0.070629 0.223788
0.151377 0.064744 0.223967
0.145393 0.072573 0.226945
0.147341 0.074797 0.223387
0.151330 0.068778 0.221782
0.151425 0.065542 0.222262
0.147187 0.071041 0.224906
0.152273 0.066630 0.222090
0.147627 0.069609 0.225062
0.152117 0.067808 0.221551
0.146946 0.071716 0.227302
0.147061 0.074650 0.223726
0.145051 0.072641 0.227425
0.149984 0.067202 0.222015
0.146261 0.073992 0.227779
0.145355 0.073710 0.226895
0.150330 0.067417 0.224033
0.149269 0.067688 0.225613
0.151806 0.067140 0.222379
0.150923 0.065261 0.224858
0.148535 0.067366 0.227022
0.148638 0.066173 0.224184
0.147112 0.075202 0.224571
0.150896 0.062735 0.225838
0.149365 0.068388 0.224989
0.150923 0.068180 0.222788
0.148126 0.069742 0.226170
0.149019 0.065289 0.227737
0.148960 0.067313 0.226321
0.147951 0.069849 0.224236
