0.084046 0.047931 0.292241
0.086051 0.048752 0.292538
0.090998 0.050769 0.292837
0.089635 0.048140 0.290883
0.088244 0.048626 0.291514
0.092707 0.052670 0.293764
0.092357 0.046079 0.287600
0.086718 0.046144 0.288916
0.085206 0.047050 0.291570
0.089553 0.046353 0.292557
0.086603 0.049927 0.295771
0.085501 0.047099 0.291029
0.090329 0.050668 0.295738
0.089601 0.049144 0.296699
0.090868 0.050207 0.295124
0.090426 0.049183 0.295565
0.089182 0.043494 0.286410
0.087655 0.048990 0.292347
0.090078 0.047991 0.295800
0.085136 0.049064 0.294431
0.091718 0.051397 0.293391
0.089954 0.046593 0.288584
0.087301 0.050004 0.296856
0.090208 0.048145 0.295652
0.086232 0.048293 0.290989
0.090525 0.050653 0.294438
0.091048 0.047464 0.293661
0.092104 0.045821 0.291100
0.090884 0.048790 0.293913
0.090452 0.047849 0.294668
0.087837 0.046263 0.287554
0.092452 0.045075 0.290272
0.093613 0.050394 0.292566
0.092298 0.044412 0.289950
0.090253 0.047432 0.294957
0.090800 0.047537 0.294070
0.093981 0.048461 0.288422
0.093479 0.049454 0.289499
0.093103 0.049753 0.290329
0.084615 0.048094 0.291894
0.091151 0.044686 0.286733
0.091204 0.045760 0.291873
0.084863 0.046919 0.291110
0.087170 0.048473 0.291161
0.089177 0.048012 0.290414
0.091675 0.049246 0.293013
0.086604 0.048734 0.292164
0.089690 0.044509 0.285837
0.093443 0.048048 0.288911
0.088714 0.047084 0.288795
0.090292 0.045950 0.287859
0.087179 0.045437 0.286489
0.090431 0.045353 0.287156
0.092552 0.053123 0.293509
0.087700 0.046995 0.290394
0.090598 0.049167 0.294998
0.085834 0.049490 0.294865
0.088873 0.049472 0.292997
0.094047 0.048760 0.288536
0.087277 0.047506 0.289214
0.089435 0.044947 0.286323
0.091091 0.046491 0.288569
0.090078 0.047579 0.295608
0.088284 0.049119 0.292827
0.085432 0.047521 0.292252
0.089733 0.043618 0.286595
0.086162 0.049539 0.294756
0.087952 0.047875 0.289920
0.086911 0.050026 0.296749
0.090224 0.050780 0.295394
0.089299 0.049097 0.292430
0.089423 0.049473 0.296746
0.084935 0.047638 0.290136
0.087350 0.047221 0.291012
0.085478 0.047107 0.291301
0.089318 0.048972 0.292205
0.086992 0.046470 0.289113
0.093522 0.046201 0.290021
0.086757 0.047225 0.288857
0.090059 0.048787 0.296324
0.088373 0.044673 0.285834
0.089529 0.050951 0.295409
0.093102 0.047266 0.291198
0.090904 0.050509 0.294199
0.084122 0.046988 0.292267
0.092984 0.052381 0.293734
0.093592 0.045654 0.289282
0.090754 0.048935 0.294508
0.093618 0.048455 0.288759
0.090826 0.050487 0.294982
0.091489 0.047842 0.292582
0.091299 0.049260 0.293352
0.087682 0.045090 0.286172
0.089151 0.044816 0.286124
0.085262 0.047242 0.288998
0.094218 0.048744 0.288385
0.087196 0.047681 0.295442
0.092315 0.044380 0.289709
0.086171 0.048156 0.290764
0.085453 0.048203 0.291292
0.087972 0.045086 0.286220
0.093584 0.049100 0.289420
0.091970 0.045183 0.291054
0.086408 0.047939 0.290171
0.085521 0.049438 0.295225
0.092562 0.051755 0.292054
0.089113 0.050949 0.295850
0.089956 0.050766 0.295940
0.093259 0.051107 0.290735
0.087238 0.046376 0.289075
0.092622 0.050685 0.293520
0.093279 0.048356 0.289302
0.087077 0.048346 0.290912
0.086153 0.047909 0.290220
0.089622 0.044913 0.286329
0.088939 0.049171 0.292579
0.092022 0.046125 0.291520
0.088249 0.047439 0.295711
0.087859 0.048907 0.297190
0.086773 0.047665 0.289585
0.088372 0.049592 0.293359
0.086722 0.048885 0.292267
0.088462 0.047806 0.289772
0.088327 0.050028 0.294149
0.084084 0.047571 0.290854
0.086026 0.046798 0.288273
0.089167 0.048463 0.296735
0.088059 0.045127 0.287934
0.086509 0.046026 0.287165
0.087131 0.048227 0.290627
0.091712 0.047278 0.288972
0.093644 0.049593 0.289323
0.089441 0.046736 0.288662
0.088725 0.050369 0.296595
0.089095 0.045052 0.286420
0.090844 0.050203 0.295268
0.086137 0.049675 0.295701
0.085470 0.047630 0.292537
0.088151 0.046887 0.290491
0.087432 0.048995 0.292339
0.085243 0.048438 0.292415
0.091330 0.049789 0.293557
0.089078 0.045990 0.287526
0.090829 0.045108 0.290421
0.086938 0.048455 0.291180
0.085209 0.048397 0.292250
0.091017 0.047306 0.289260
0.084247 0.048112 0.292581
0.086781 0.046231 0.287425
0.086906 0.049998 0.295354
0.084998 0.047250 0.289141
0.087170 0.047226 0.294445
0.086049 0.049460 0.294512
0.094363 0.049605 0.291168
0.087682 0.046719 0.289949
0.090274 0.046651 0.293638
0.088123 0.046929 0.290731
0.090875 0.047390 0.289463
0.087482 0.050250 0.296594
0.091044 0.050196 0.294289
0.090267 0.047717 0.295259
0.089425 0.044532 0.285801
0.085103 0.048283 0.292003
0.087703 0.047876 0.289850
0.090647 0.046181 0.288220
0.090390 0.048377 0.295054
0.092745 0.053064 0.293095
0.087108 0.045809 0.288513
0.093697 0.049823 0.289395
0.087882 0.049847 0.296957
0.087812 0.047633 0.296315
0.089445 0.046345 0.288116
0.090811 0.048529 0.293973
0.090940 0.049889 0.294252
0.091462 0.044931 0.287077
0.092007 0.047269 0.292446
0.087071 0.044568 0.287131
0.091112 0.044761 0.289867
0.089202 0.046577 0.293055
0.088499 0.047470 0.296931
0.090227 0.046874 0.288994
0.094614 0.048425 0.290302
0.086551 0.046304 0.287560
0.087738 0.045494 0.286622
0.090291 0.049184 0.296162
0.084593 0.048323 0.292725
0.088634 0.047708 0.289645
0.091203 0.047937 0.293266
0.088291 0.048952 0.292282
0.093060 0.050854 0.290872
0.093889 0.050651 0.289741
0.092463 0.051756 0.292222
0.091159 0.046335 0.288481
0.092438 0.046364 0.290973
0.087407 0.048185 0.297210
0.091922 0.045878 0.291544
0.089084 0.045540 0.287027
0.087214 0.047885 0.289919
0.092791 0.048878 0.289930
0.090019 0.047664 0.295786
0.088371 0.048881 0.292065
0.090353 0.048002 0.295198
0.087216 0.045476 0.288171
0.084000 0.047810 0.291791
0.091148 0.046184 0.288346
0.087519 0.049500 0.294272
0.085536 0.047634 0.289674
0.089405 0.044666 0.285956
0.087993 0.046404 0.287711
0.090291 0.049834 0.292305
0.093442 0.050484 0.290207
0.087008 0.047959 0.296768
0.089131 0.048262 0.296743
0.090397 0.050710 0.293268
0.088087 0.048561 0.291390
0.088189 0.046861 0.290302
0.091311 0.050310 0.293856
0.086906 0.046574 0.287833
0.088174 0.044939 0.287733
0.087725 0.047086 0.290691
0.088033 0.045515 0.286704
0.091071 0.049130 0.293622
0.088825 0.050697 0.295068
0.089242 0.047269 0.289257
0.085048 0.046831 0.290641
0.086036 0.048514 0.291680
0.084755 0.046999 0.291660
0.088573 0.047253 0.295928
0.089907 0.047904 0.290390
0.086111 0.047134 0.288743
0.088731 0.049256 0.292854
0.087307 0.048341 0.290864
0.088559 0.046559 0.293254
0.090330 0.049476 0.296307
0.092684 0.046955 0.288169
0.090181 0.046508 0.293085
0.090129 0.047526 0.295390
0.087030 0.046704 0.287970
0.092895 0.053640 0.293621
0.087437 0.047115 0.291496
0.084610 0.047134 0.292094
0.091384 0.049470 0.291135
0.092178 0.051500 0.292573
0.085139 0.047574 0.294376
0.086796 0.049490 0.293876
0.088032 0.048501 0.297150
0.088695 0.048887 0.292114
0.093296 0.051603 0.291012
0.088828 0.043828 0.286748
0.090618 0.050734 0.293768
0.092891 0.048611 0.289676
0.085067 0.048635 0.293354
0.084762 0.048438 0.292806
0.088841 0.050937 0.295972
0.083838 0.047856 0.292220
0.092797 0.046526 0.287790
0.091736 0.045327 0.291341
0.093643 0.049551 0.291915
0.088418 0.047312 0.294725
0.088971 0.048033 0.296788
0.085307 0.047303 0.289202
0.086665 0.046827 0.288234
0.087855 0.047307 0.294511
0.093249 0.049477 0.289746
0.086526 0.049104 0.293045
0.090635 0.048670 0.294645
0.092816 0.046024 0.290405
0.091488 0.047417 0.293140
0.093321 0.045086 0.288601
0.093800 0.049535 0.289104
0.089440 0.047700 0.289987
0.092487 0.051374 0.291970
0.086825 0.045979 0.287017
0.091743 0.046216 0.292022
0.090418 0.048563 0.295029
0.090245 0.046728 0.294227
0.085775 0.047767 0.289844
0.086267 0.046029 0.287289
0.087933 0.046108 0.287353
0.087303 0.045373 0.286433
0.092827 0.052078 0.292060
0.086234 0.048827 0.292603
0.087367 0.047873 0.296751
0.087366 0.049369 0.293370
0.090071 0.050081 0.296559
0.085260 0.048516 0.292623
0.090827 0.049289 0.291287
0.087491 0.045559 0.288376
0.088362 0.044867 0.286053
0.091859 0.051199 0.292889
0.085080 0.047000 0.291607
0.088998 0.050389 0.294026
0.084380 0.047670 0.290864
0.087890 0.049194 0.292898
0.086828 0.049581 0.294421
0.085108 0.047347 0.289307
0.086722 0.049437 0.293697
0.086790 0.047193 0.288760
0.087921 0.049303 0.293222
0.087232 0.050250 0.295786
0.092211 0.044373 0.289181
0.089666 0.047583 0.289856
0.088117 0.046703 0.293567
0.086897 0.047264 0.291315
0.086054 0.046727 0.288152
0.084554 0.048248 0.292457
0.092774 0.051198 0.291475
0.092877 0.052348 0.292237
0.087472 0.046675 0.287990
0.090511 0.045661 0.287561
0.090205 0.050449 0.296299
0.084217 0.048015 0.292341
0.090730 0.049238 0.294786
0.086136 0.048219 0.290863
0.092017 0.048481 0.292275
0.084980 0.047467 0.292680
0.085140 0.046653 0.290178
0.088461 0.047972 0.290072
0.085232 0.048590 0.292906
0.087189 0.049448 0.293732
0.092530 0.050942 0.291738
0.091374 0.048101 0.292623
0.091764 0.046768 0.292392
0.090769 0.049079 0.294651
0.086188 0.047617 0.289561
0.093152 0.052008 0.291727
0.086206 0.048415 0.291303
0.090825 0.049210 0.294525
0.085446 0.047843 0.290323
0.090721 0.050180 0.295633
0.086190 0.049262 0.293644
0.085790 0.048491 0.291929
0.085057 0.047313 0.292223
0.089053 0.049465 0.292807
0.085867 0.047079 0.288668
0.086351 0.045989 0.287175
0.090520 0.048567 0.294802
0.093527 0.047798 0.288616
0.093610 0.048106 0.288662
0.088886 0.048784 0.296876
0.092534 0.050144 0.293249
0.086761 0.047087 0.288592
0.089374 0.048556 0.296686
0.092422 0.052198 0.292830
0.090655 0.050382 0.295668
0.087776 0.049704 0.294376
0.088413 0.047074 0.288687
0.089340 0.047432 0.289541
0.093471 0.046511 0.290280
0.088329 0.048588 0.291435
0.093143 0.049146 0.289810
0.091585 0.047194 0.292969
0.086901 0.047976 0.296425
0.090209 0.044710 0.286292
0.087260 0.047763 0.289654
0.086042 0.048436 0.291470
0.087499 0.044885 0.287262
0.091093 0.050860 0.293188
0.090784 0.049608 0.294881
0.091566 0.050976 0.293011
0.094011 0.049692 0.288964
0.090867 0.046805 0.288925
0.087835 0.047056 0.291049
0.093647 0.048903 0.289252
0.085308 0.047454 0.289465
0.087086 0.047025 0.293949
0.088881 0.046582 0.293268
0.089062 0.049176 0.296818
0.091895 0.050557 0.292344
0.091343 0.045351 0.291455
0.086984 0.047868 0.290005
0.085117 0.047783 0.290362
0.086574 0.049238 0.293217
0.084670 0.048666 0.293704
0.089699 0.048652 0.296608
0.089615 0.047249 0.289374
0.089700 0.048932 0.296628
0.086847 0.046363 0.287589
0.092930 0.046855 0.290849
0.092889 0.049489 0.290301
0.086216 0.049726 0.296237
0.093778 0.049049 0.288825
0.087793 0.048778 0.291808
0.086899 0.047832 0.295844
0.091501 0.049575 0.293243
0.087678 0.043825 0.286693
0.092303 0.049016 0.292545
0.089397 0.047744 0.296529
0.087650 0.048502 0.297249
0.090053 0.050715 0.294071
0.087814 0.045617 0.288522
0.090832 0.046453 0.288534
0.087827 0.045391 0.288266
0.084711 0.048079 0.291725
0.088629 0.044773 0.285974
0.087240 0.048588 0.291476
0.090295 0.047260 0.294843
0.089899 0.046739 0.288767
0.087071 0.046967 0.288377
0.088906 0.045014 0.286323
0.091254 0.048376 0.293068
0.084456 0.048265 0.292663
0.093069 0.050204 0.290630
0.088411 0.046714 0.288241
0.088694 0.046165 0.287678
0.093066 0.050494 0.293230
0.093432 0.049751 0.292273
0.086509 0.048007 0.296511
0.085719 0.049239 0.294258
0.088365 0.047401 0.296631
0.093004 0.044909 0.288795
0.088723 0.048220 0.290627
0.091315 0.047978 0.293097
0.084809 0.047803 0.290798
0.091187 0.050499 0.292309
0.088711 0.045964 0.287403
0.089670 0.047751 0.290123
0.087461 0.047449 0.289039
0.086999 0.046769 0.288078
0.092624 0.051638 0.291919
0.093395 0.047524 0.288486
0.091334 0.044779 0.286907
0.087854 0.049118 0.292594
0.088054 0.048468 0.291130
0.088381 0.049904 0.293816
0.090003 0.046798 0.288865
0.091993 0.047744 0.292442
0.088454 0.047112 0.294014
0.085911 0.049361 0.294330
0.087573 0.050389 0.296407
0.088113 0.046150 0.289252
0.091616 0.050201 0.293497
0.088537 0.046425 0.287880
0.089490 0.046040 0.287701
0.087391 0.049204 0.292921
0.093689 0.045672 0.288966
0.092626 0.049249 0.292515
0.086866 0.046073 0.287132
0.090725 0.048597 0.294254
0.089317 0.050617 0.296350
0.087281 0.048885 0.292006
0.086240 0.046608 0.289900
0.085575 0.047767 0.289978
0.087391 0.047093 0.290589
0.090743 0.050555 0.294923
0.090147 0.048450 0.290907
0.086868 0.049665 0.294692
0.086889 0.045499 0.288115
0.092319 0.051603 0.292379
0.092163 0.046171 0.291157
0.088226 0.047876 0.289959
0.094774 0.049128 0.290507
0.084677 0.046737 0.290235
0.091031 0.045501 0.287499
0.088810 0.044766 0.287961
0.090986 0.050284 0.294371
0.086968 0.048135 0.290448
0.092181 0.051719 0.292796
0.090333 0.047056 0.289249
0.092657 0.050657 0.291451
0.089880 0.044614 0.286026
0.091004 0.048108 0.293540
0.090510 0.049122 0.295230
0.086108 0.049013 0.293095
0.090090 0.046689 0.294172
0.092441 0.047460 0.291914
0.090276 0.048867 0.295690
0.090324 0.048942 0.295444
0.092095 0.046867 0.291966
0.090397 0.050410 0.292826
0.088908 0.044604 0.285824
0.088819 0.046776 0.288437
0.086363 0.049467 0.294167
0.093745 0.050041 0.289525
0.085558 0.046803 0.288215
0.086486 0.048651 0.291886
0.088729 0.046339 0.290092
0.090655 0.049518 0.291616
0.086107 0.049649 0.295961
0.088525 0.047659 0.297005
0.083775 0.047753 0.291660
0.090179 0.048534 0.295822
0.091963 0.046412 0.291674
0.089244 0.043778 0.286699
0.088749 0.044528 0.285690
0.087256 0.048714 0.291741
0.086727 0.045593 0.288211
0.089109 0.047115 0.296099
0.091940 0.050141 0.291803
0.087504 0.048475 0.291087
0.086069 0.049535 0.294881
0.089865 0.046705 0.294180
0.092420 0.051575 0.292129
0.090304 0.050555 0.296048
0.087242 0.049438 0.293963
0.085450 0.047259 0.289020
0.087573 0.047903 0.296992
0.089989 0.047561 0.289884
0.090946 0.050579 0.292521
0.087050 0.049110 0.297548
0.084800 0.047959 0.291342
0.091288 0.046881 0.288806
0.086509 0.047268 0.294196
0.090357 0.050761 0.295082
0.085753 0.049532 0.295256
0.092454 0.050728 0.291794
0.091015 0.046675 0.293091
0.084568 0.047639 0.290633
0.090510 0.045833 0.287774
0.088144 0.046759 0.291549
0.085743 0.049359 0.294488
0.085488 0.048427 0.292011
0.086989 0.046917 0.288294
0.085680 0.046266 0.289263
0.087563 0.048132 0.290377
0.092396 0.045763 0.290652
0.090758 0.049691 0.295153
0.086748 0.048676 0.291780
0.089357 0.050443 0.293818
0.090777 0.050324 0.295398
0.090181 0.050691 0.293650
0.091750 0.050803 0.293632
0.089544 0.046778 0.294036
0.093212 0.049664 0.289925
0.092204 0.050327 0.291758
0.092221 0.050264 0.291639
0.087712 0.044282 0.287080
0.091240 0.046138 0.288188
0.088630 0.045734 0.289082
0.090561 0.049998 0.292186
0.086052 0.046591 0.287920
0.088740 0.044934 0.286172
0.085532 0.048810 0.293352
0.090874 0.049335 0.294333
0.093513 0.045138 0.288403
0.091602 0.049908 0.293287
0.091217 0.047802 0.289540
0.090380 0.046563 0.288623
0.087947 0.047345 0.288998
0.090729 0.047295 0.294203
0.088170 0.046031 0.287279
0.088735 0.047569 0.289484
0.093646 0.050997 0.290215
0.088576 0.047410 0.289227
0.091519 0.051130 0.293483
0.090849 0.047016 0.289103
0.093098 0.051361 0.291078
0.093350 0.049276 0.289621
0.089409 0.047896 0.290291
0.084853 0.047720 0.290479
0.086163 0.047152 0.291219
0.092447 0.048117 0.292045
0.090286 0.047254 0.289521
0.090932 0.047590 0.293825
0.093996 0.050178 0.289264
0.090943 0.050240 0.292113
0.086565 0.049542 0.294339
0.088415 0.048200 0.290466
0.085691 0.047221 0.288923
0.088605 0.044085 0.287090
0.091463 0.049012 0.293018
0.085955 0.046258 0.289114
0.086825 0.049313 0.293269
0.087658 0.049254 0.293043
0.091119 0.048886 0.293458
0.090793 0.049088 0.294264
0.089648 0.044718 0.286082
0.090479 0.048184 0.294875
0.090110 0.047075 0.289248
0.092490 0.044577 0.290264
0.084495 0.046942 0.291631
0.092282 0.051281 0.292205
0.087869 0.047206 0.288757
0.091349 0.047435 0.293360
0.084989 0.048886 0.294025
0.088887 0.044812 0.286066
0.087521 0.048706 0.291764
0.090600 0.047042 0.294269
0.090433 0.047978 0.290085
0.093220 0.048565 0.289509
0.088983 0.047080 0.295758
0.090093 0.044634 0.286146
0.084743 0.048505 0.293008
0.091003 0.049150 0.293807
0.093481 0.045318 0.288755
0.087309 0.047017 0.291938
0.090792 0.045504 0.287455
0.089374 0.050774 0.294816
0.089219 0.048780 0.292035
0.091023 0.047801 0.293654
0.085544 0.048323 0.291508
0.085602 0.046631 0.290075
0.090043 0.049788 0.296636
0.085827 0.046963 0.288506
0.086134 0.049147 0.293292
0.086488 0.048762 0.292271
0.089201 0.046774 0.288608
0.093078 0.048694 0.291746
0.088196 0.047424 0.296121
0.090948 0.049252 0.293958
0.086578 0.047956 0.290203
0.086478 0.046105 0.288790
0.086189 0.047758 0.289951
0.086426 0.048408 0.291148
0.086631 0.045532 0.288032
0.087044 0.049836 0.297004
0.085700 0.047909 0.290511
0.088923 0.044400 0.285563
0.087068 0.049128 0.292725
0.089852 0.047600 0.289941
0.089863 0.046490 0.288422
0.087421 0.048683 0.291678
0.088292 0.048477 0.291179
0.090000 0.045960 0.287756
0.090196 0.049016 0.296204
0.090632 0.050786 0.293396
0.087359 0.049124 0.292642
0.092015 0.047571 0.289068
0.092753 0.051019 0.293617
0.091413 0.048360 0.292552
0.087635 0.048030 0.290135
0.090400 0.046763 0.294102
0.088851 0.047121 0.293938
0.093822 0.049250 0.288902
0.092886 0.049090 0.292177
0.084775 0.047401 0.289605
0.092632 0.046585 0.290938
0.086357 0.049105 0.293094
0.090577 0.048008 0.294466
0.092797 0.050015 0.290851
0.086982 0.050177 0.296013
0.089132 0.044462 0.285672
0.086057 0.049356 0.294195
0.089534 0.045479 0.287037
0.090993 0.045309 0.291093
0.088940 0.050516 0.296472
0.092458 0.052378 0.293682
0.090325 0.046955 0.294611
0.089291 0.045449 0.286944
0.085268 0.047670 0.289904
0.090087 0.045592 0.287320
0.085070 0.046945 0.290851
0.089354 0.047173 0.289168
0.088583 0.045554 0.286918
0.087031 0.049044 0.292532
0.087833 0.047549 0.295262
0.089209 0.050646 0.294478
0.090414 0.048212 0.295053
0.088231 0.050518 0.295337
0.090632 0.046605 0.288699
0.088221 0.047803 0.289751
0.090092 0.050181 0.292847
0.092733 0.044357 0.288143
0.088889 0.047155 0.294145
0.085027 0.047129 0.291874
0.084319 0.047972 0.291928
0.090350 0.048766 0.295379
0.091906 0.046126 0.291791
0.092174 0.044835 0.290581
0.086183 0.045660 0.288260
0.089695 0.050473 0.293538
0.089381 0.048803 0.291873
0.091879 0.051647 0.293303
0.093013 0.051321 0.291201
0.090431 0.050591 0.293000
0.090142 0.046166 0.288102
0.088359 0.046552 0.288012
0.088220 0.049950 0.296845
0.090479 0.048897 0.291217
0.086729 0.049344 0.293434
0.090262 0.045523 0.287300
0.090901 0.046294 0.288397
0.085941 0.049084 0.293412
0.091492 0.045691 0.287687
0.089173 0.049790 0.293040
0.087164 0.049417 0.293506
0.092975 0.049027 0.289983
0.091490 0.050055 0.291720
0.091585 0.044853 0.287063
0.088811 0.045734 0.287192
0.091891 0.044927 0.290696
0.093575 0.047488 0.288352
0.090180 0.049413 0.291894
0.088665 0.047065 0.293893
0.086314 0.046348 0.289277
0.085733 0.047170 0.291188
0.092310 0.048843 0.292373
0.087468 0.045443 0.286523
0.088646 0.044973 0.288056
0.093607 0.047603 0.288383
0.092601 0.047191 0.288456
0.091710 0.045642 0.291600
0.087456 0.047822 0.295881
0.093821 0.050233 0.289599
0.092043 0.051891 0.293258
0.087219 0.047063 0.288454
0.085260 0.046491 0.289883
0.090624 0.050669 0.292891
0.084621 0.047543 0.290267
0.086600 0.046486 0.289567
0.093040 0.052430 0.292050
0.086666 0.049916 0.295548
0.092206 0.052137 0.293342
0.092138 0.050961 0.292294
0.089972 0.048393 0.290996
0.090580 0.050552 0.295490
0.088518 0.046173 0.287583
0.091456 0.045642 0.291738
0.090669 0.048280 0.294330
0.091178 0.048586 0.293265
0.093081 0.047932 0.289090
0.085776 0.049147 0.294087
0.087131 0.046479 0.287721
0.091198 0.049924 0.293822
0.087977 0.046749 0.288230
0.090578 0.045166 0.286991
0.088087 0.047056 0.288603
0.093101 0.051169 0.290947
0.084989 0.048603 0.293141
0.091660 0.046016 0.287858
0.089822 0.047042 0.295416
0.092329 0.052349 0.293177
0.088852 0.047132 0.296097
0.087412 0.044929 0.285982
0.087828 0.049500 0.293969
0.088042 0.043912 0.286872
0.088691 0.048054 0.290279
0.090579 0.047243 0.289491
0.087324 0.046181 0.287347
0.085500 0.048602 0.292776
0.091429 0.050251 0.293694
0.089473 0.049120 0.292303
0.086323 0.048812 0.292428
0.090686 0.049828 0.291867
0.083674 0.047698 0.291572
0.089533 0.045878 0.287510
0.084786 0.048582 0.293428
0.092712 0.050412 0.291157
0.089015 0.047005 0.288787
0.085384 0.047909 0.290602
0.086352 0.049557 0.294632
0.090945 0.048008 0.293742
0.088207 0.048022 0.290120
0.086025 0.048537 0.291869
0.093314 0.050371 0.290441
0.093921 0.050016 0.289326
0.088020 0.050135 0.296805
0.087310 0.047233 0.288729
0.089783 0.050820 0.294860
0.091420 0.047756 0.293107
0.093046 0.049545 0.292445
0.089336 0.047024 0.288973
0.094121 0.049885 0.288875
0.089526 0.044091 0.287291
0.093131 0.048865 0.289704
0.090643 0.049642 0.295661
0.093232 0.044830 0.288325
0.087332 0.046620 0.289801
0.089849 0.047676 0.296029
0.089844 0.046870 0.288934
0.084853 0.047070 0.291796
0.091560 0.048591 0.292576
0.093203 0.046055 0.290216
0.084807 0.046700 0.290438
0.085868 0.046785 0.288233
0.090483 0.047506 0.289690
0.089080 0.049024 0.292419
0.087878 0.050489 0.296459
0.090639 0.048891 0.294769
0.092360 0.051958 0.292808
0.088920 0.048955 0.292293
0.091977 0.046968 0.292244
0.090104 0.050619 0.296191
0.089820 0.048135 0.296433
0.085634 0.045991 0.288773
0.091793 0.045750 0.287632
0.092226 0.050426 0.293453
0.092716 0.052699 0.292818
0.087472 0.050322 0.295654
0.092278 0.050769 0.292042
0.087605 0.046304 0.289278
0.093037 0.049346 0.289997
0.086508 0.048991 0.292851
0.086088 0.046924 0.288464
0.087498 0.049458 0.294055
0.091884 0.047213 0.288863
0.092072 0.050688 0.293568
0.089520 0.048065 0.290668
0.086474 0.046744 0.288171
0.092564 0.045196 0.290035
0.090005 0.048301 0.296369
0.087947 0.048013 0.290112
0.085259 0.047570 0.289658
0.089585 0.047041 0.289103
0.089211 0.045283 0.286756
0.093606 0.048162 0.291115
0.090776 0.049920 0.295499
0.092636 0.050400 0.293384
0.090788 0.047968 0.294069
0.090247 0.046690 0.294026
0.088630 0.049078 0.296936
0.090944 0.050193 0.294621
0.085495 0.048745 0.293094
0.093007 0.051747 0.291602
0.089653 0.049712 0.296720
0.091116 0.047965 0.293403
0.090494 0.047081 0.294529
0.088071 0.045776 0.288797
0.088446 0.050260 0.296678
0.090822 0.049942 0.294989
0.091327 0.049839 0.291501
0.088949 0.046864 0.288597
0.091189 0.046529 0.292783
0.094040 0.050104 0.291860
0.088141 0.044233 0.287122
0.088154 0.046852 0.288344
0.085243 0.047657 0.293457
0.085868 0.047196 0.288834
0.087187 0.047172 0.288594
0.089934 0.048713 0.291536
0.092245 0.051507 0.293703
0.091776 0.048381 0.292418
0.087597 0.049702 0.294443
0.090496 0.047153 0.289388
0.092911 0.050516 0.290922
0.087723 0.045287 0.286392
0.088662 0.047209 0.295428
0.086572 0.047989 0.296296
0.090497 0.047670 0.294598
0.089379 0.047569 0.289777
0.091190 0.050861 0.293659
0.091926 0.045555 0.291302
0.093247 0.046630 0.290485
0.091241 0.049462 0.293555
0.091527 0.046195 0.288112
0.089710 0.046665 0.288630
0.090125 0.050813 0.294951
0.090012 0.045356 0.287003
0.091610 0.046698 0.288508
0.087369 0.049146 0.292783
0.092485 0.044494 0.289624
0.088465 0.049141 0.292809
0.086562 0.047902 0.290062
0.092244 0.047158 0.292000
0.089356 0.047100 0.295873
0.092143 0.046432 0.291499
0.087112 0.045251 0.286288
0.086265 0.048505 0.291566
0.086945 0.048272 0.297427
0.091350 0.048611 0.292869
0.085988 0.047406 0.289275
0.087253 0.045347 0.287827
0.088177 0.046464 0.287801
0.087827 0.048184 0.290393
0.087833 0.048467 0.291062
0.089519 0.050935 0.295725
0.090117 0.050802 0.295658
0.087070 0.048530 0.291335
0.090853 0.049222 0.294116
0.089453 0.046231 0.287961
0.085286 0.048027 0.290999
0.087607 0.046232 0.287460
0.092597 0.046075 0.290550
0.084754 0.047287 0.292438
0.088123 0.045531 0.288514
0.087943 0.048498 0.291216
0.085937 0.048510 0.291676
0.093312 0.047760 0.288789
0.087910 0.045397 0.286553
0.092327 0.044965 0.290495
0.091282 0.050949 0.293529
0.089895 0.049562 0.292369
0.090148 0.047770 0.295581
0.088385 0.047201 0.288864
0.092118 0.051957 0.293453
0.090137 0.047027 0.294825
0.090274 0.047951 0.295463
0.090584 0.046872 0.293991
0.090917 0.048296 0.293739
0.090269 0.047665 0.295089
0.087684 0.046896 0.288344
0.091631 0.047615 0.292824
0.087298 0.045964 0.287090
0.090025 0.046748 0.294407
0.090458 0.044548 0.286219
0.092348 0.051264 0.293722
0.087390 0.045165 0.287577
0.086512 0.048543 0.291673
0.092216 0.052024 0.293034
0.085699 0.046445 0.289765
0.093539 0.048777 0.289153
0.088925 0.047888 0.290130
0.092270 0.046064 0.290864
0.087739 0.048596 0.291422
0.091780 0.050160 0.291890
0.088784 0.047441 0.289340
0.085325 0.048313 0.291757
0.088124 0.045725 0.286967
0.088567 0.047950 0.297027
0.092250 0.048872 0.290097
0.089887 0.044732 0.286187
0.089740 0.050288 0.293216
0.087144 0.047341 0.289093
0.091558 0.045106 0.287229
0.090849 0.047303 0.293841
0.090914 0.048739 0.293795
0.086958 0.049441 0.293622
0.086538 0.048611 0.292154
0.092561 0.053084 0.293633
0.091490 0.048047 0.289634
0.091484 0.050866 0.293706
0.087935 0.047572 0.296003
0.092095 0.050683 0.292290
0.088331 0.046468 0.287832
0.091968 0.048076 0.292324
0.086416 0.049801 0.295702
0.087340 0.047186 0.288637
0.092794 0.051532 0.291668
0.088068 0.047114 0.294143
0.093744 0.047925 0.288368
0.088030 0.046454 0.289641
0.092334 0.052084 0.293595
0.087361 0.049584 0.294402
0.090158 0.049491 0.296562
0.086587 0.049987 0.296608
0.088722 0.046431 0.292766
0.092996 0.045400 0.289879
0.087518 0.048603 0.291397
0.088162 0.049337 0.293273
0.091072 0.045003 0.287040
0.087160 0.048556 0.291379
0.089191 0.047438 0.296454
0.086011 0.047439 0.293011
0.090034 0.048096 0.296215
0.088750 0.045524 0.286952
0.085818 0.047382 0.289350
0.088131 0.047606 0.289401
0.087977 0.049671 0.294204
0.084313 0.046726 0.291258
0.087747 0.048429 0.290971
0.091225 0.048883 0.293254
0.093245 0.051961 0.293544
0.087050 0.049845 0.294859
0.086460 0.046481 0.287788
0.090153 0.044517 0.286007
0.086583 0.049591 0.294652
0.091659 0.047083 0.292777
0.088086 0.047429 0.294995
0.092752 0.049555 0.290503
0.088646 0.046306 0.287816
0.084589 0.047398 0.289871
0.093274 0.051374 0.290842
0.090897 0.050069 0.294877
0.091327 0.045334 0.287381
0.089550 0.046743 0.293727
0.086583 0.045825 0.288461
0.090106 0.048266 0.296022
0.085938 0.049479 0.294711
0.089698 0.048574 0.291420
0.090213 0.048877 0.296004
0.092160 0.049894 0.291228
0.087640 0.048694 0.291629
0.088194 0.048271 0.290571
0.093017 0.049924 0.290602
0.094039 0.050131 0.289127
0.088326 0.047608 0.297025
0.086408 0.047009 0.288554
0.090134 0.046846 0.294601
0.088244 0.049718 0.293624
0.088068 0.047379 0.294670
0.089246 0.048095 0.290623
0.085553 0.046348 0.289581
0.092717 0.052152 0.292351
0.092260 0.048585 0.292203
0.091766 0.049899 0.291436
0.089567 0.048707 0.291628
0.092607 0.046784 0.291259
0.085991 0.047882 0.290281
0.089573 0.046575 0.293055
0.091491 0.047548 0.289232
0.088214 0.050643 0.295712
0.086294 0.048636 0.291991
0.090708 0.047794 0.294246
0.091309 0.050776 0.293763
0.090007 0.047100 0.295122
0.088959 0.048474 0.291231
0.093072 0.049485 0.290066
0.088952 0.050164 0.293620
0.084531 0.047958 0.291619
0.090170 0.047358 0.295090
0.091999 0.051405 0.292797
0.090210 0.049275 0.296442
0.092239 0.044143 0.288016
0.088114 0.049185 0.293026
0.086263 0.046960 0.290599
0.085829 0.047282 0.289067
0.089009 0.050549 0.294405
0.086472 0.049892 0.296361
0.090732 0.047106 0.293975
0.089830 0.047412 0.289668
0.091960 0.050962 0.293659
0.085168 0.047196 0.288897
0.092020 0.046572 0.291771
0.089796 0.049324 0.296677
0.092710 0.050432 0.291259
0.087967 0.045928 0.287150
0.088289 0.044919 0.286102
0.087542 0.047493 0.295008
0.092079 0.047339 0.288886
0.086939 0.049500 0.294037
0.088911 0.047141 0.296297
0.093505 0.048759 0.289375
0.093843 0.045813 0.288651
0.092987 0.047860 0.291560
0.089912 0.045308 0.286910
0.087414 0.045788 0.286931
0.086555 0.046256 0.289050
0.090312 0.049672 0.292042
0.092822 0.052638 0.292547
0.091841 0.051354 0.293058
0.088575 0.047266 0.296354
0.092732 0.050601 0.291271
0.087623 0.049175 0.292768
0.088971 0.050834 0.296185
0.090729 0.046704 0.288842
0.091300 0.046840 0.293051
0.085911 0.049046 0.293281
0.086006 0.048183 0.290896
0.091244 0.048703 0.293116
0.086763 0.047998 0.290227
0.088200 0.046205 0.287510
0.089275 0.046514 0.288290
0.093366 0.044981 0.288366
0.085057 0.048652 0.293487
0.090335 0.049100 0.295822
0.092980 0.048484 0.289592
0.086597 0.046456 0.287741
0.090133 0.050836 0.295182
0.088102 0.047555 0.296763
0.086397 0.049723 0.295448
0.087561 0.047735 0.289576
0.091039 0.045273 0.287283
0.085681 0.046912 0.290398
0.091547 0.046405 0.288337
0.084526 0.048509 0.293357
0.090442 0.050536 0.295864
0.090002 0.045876 0.291629
0.093984 0.048169 0.288248
0.086917 0.046051 0.288758
0.086752 0.048211 0.290641
0.087013 0.045962 0.287019
0.091538 0.047241 0.289006
0.090045 0.045896 0.287688
0.084823 0.047528 0.293074
0.092290 0.047556 0.292078
0.091018 0.046249 0.292470
0.086823 0.045460 0.287901
0.089980 0.048573 0.291281
0.087693 0.050468 0.296215
0.094092 0.049217 0.291236
0.090382 0.050727 0.294753
0.091176 0.048087 0.293236
0.086843 0.048012 0.296976
0.084942 0.048347 0.292377
0.093117 0.047138 0.288226
0.087628 0.050004 0.296890
0.085723 0.049485 0.294993
0.086525 0.045277 0.287753
0.087689 0.047423 0.289017
0.089967 0.045020 0.286549
0.085328 0.047199 0.291730
0.091859 0.051616 0.293539
0.088696 0.043403 0.286361
0.092146 0.045120 0.290766
0.092453 0.048415 0.292054
0.088260 0.047392 0.289130
0.092992 0.052636 0.292288
0.093325 0.052166 0.291435
0.091876 0.044995 0.287124
0.088125 0.048325 0.290715
0.089307 0.045834 0.287411
0.090734 0.048463 0.294172
0.092553 0.044369 0.288395
0.087821 0.044547 0.285616
0.088801 0.047175 0.294444
0.090314 0.048209 0.290459
0.087601 0.049396 0.293480
0.087990 0.048537 0.291341
0.092679 0.045451 0.290111
0.084195 0.048175 0.292777
0.088639 0.046928 0.288571
0.086018 0.049265 0.293961
0.091455 0.047048 0.288876
0.088963 0.043244 0.286153
0.085391 0.047680 0.289812
0.085353 0.048225 0.291447
0.089851 0.046836 0.294714
0.087721 0.048266 0.290567
0.088739 0.046528 0.288101
0.090607 0.048447 0.294577
0.085104 0.047536 0.289703
0.091745 0.044416 0.289522
0.089881 0.049134 0.291838
0.086788 0.047489 0.289308
0.088558 0.049376 0.296900
0.089152 0.045174 0.286584
0.086741 0.046379 0.289197
0.090555 0.050674 0.294931
0.093505 0.050062 0.289917
0.084649 0.046894 0.291370
0.085900 0.048714 0.292630
0.090469 0.048891 0.295101
0.087047 0.049469 0.293848
0.086140 0.045835 0.288510
0.090697 0.048041 0.294248
0.088719 0.047914 0.290049
0.093206 0.050960 0.293336
0.084374 0.047730 0.291074
0.084592 0.047512 0.293433
0.091503 0.045465 0.291594
0.088433 0.049275 0.293065
0.091796 0.047729 0.292555
0.089249 0.044617 0.285874
0.085579 0.047384 0.291971
0.087695 0.046696 0.288083
0.091796 0.047124 0.292578
0.086857 0.047426 0.294883
0.090111 0.048559 0.296044
0.087290 0.048106 0.290342
0.092778 0.051831 0.291881
0.088297 0.046370 0.287706
0.084700 0.048547 0.293239
0.088649 0.047212 0.294123
0.085760 0.048094 0.290876
0.089979 0.050758 0.294549
0.091257 0.045521 0.291685
0.091781 0.051233 0.293693
0.088234 0.048412 0.291003
0.087928 0.046885 0.293909
0.088143 0.044626 0.285749
0.091737 0.051420 0.293623
0.085625 0.046935 0.288438
0.091511 0.050558 0.293706
0.086501 0.046897 0.288406
0.088222 0.045101 0.286292
0.093842 0.049000 0.291349
0.090245 0.049955 0.296507
0.090186 0.046678 0.288736
0.091017 0.048404 0.293550
0.086833 0.047139 0.292007
0.090468 0.049718 0.296151
0.088704 0.048570 0.291386
0.092751 0.045114 0.289758
0.092348 0.050980 0.293673
0.088228 0.049041 0.297057
0.087127 0.048045 0.297080
0.092610 0.049822 0.290828
0.088532 0.045926 0.287300
0.088859 0.049016 0.292401
0.090704 0.045954 0.287949
0.093291 0.048163 0.289161
0.089899 0.045607 0.287239
0.091357 0.046087 0.292119
0.091183 0.045542 0.287553
0.090057 0.048025 0.296004
0.091139 0.048314 0.293308
0.087800 0.050403 0.295416
0.087512 0.050275 0.295340
0.090587 0.049066 0.294979
0.093174 0.051952 0.291530
0.090869 0.047669 0.289650
0.085043 0.048104 0.291581
0.089070 0.048245 0.290813
0.086294 0.049602 0.295116
0.093487 0.048270 0.289018
0.090522 0.049042 0.295102
0.085199 0.048037 0.291203
0.092343 0.045377 0.290458
0.089154 0.046927 0.293849
0.090375 0.049920 0.296360
0.093492 0.048731 0.291480
0.092507 0.052513 0.292980
0.093539 0.046968 0.290520
0.091901 0.045562 0.287482
0.090000 0.048002 0.290472
0.089838 0.050582 0.296299
0.091524 0.050994 0.293674
0.090540 0.050317 0.295922
0.089444 0.047952 0.290410
0.093611 0.048801 0.288904
0.089693 0.044457 0.288142
0.087453 0.047888 0.289858
0.087389 0.045234 0.286294
0.093427 0.047340 0.290885
0.093289 0.045184 0.288830
0.087977 0.047819 0.289793
0.086698 0.047180 0.292444
0.087222 0.049080 0.292566
0.090830 0.048855 0.294051
0.088081 0.047479 0.289229
0.090569 0.050640 0.295179
0.092618 0.049275 0.290291
0.092930 0.051083 0.291157
0.087852 0.046995 0.288475
0.088888 0.047301 0.289162
0.091699 0.047313 0.292839
0.086505 0.046141 0.287352
0.084195 0.047737 0.291350
0.086734 0.048794 0.292036
0.088097 0.049036 0.292446
0.086000 0.048269 0.291068
0.090394 0.050315 0.296198
0.090162 0.046630 0.293556
0.093327 0.045391 0.289436
0.088994 0.043969 0.286893
0.088375 0.046926 0.293879
0.087678 0.049363 0.293322
0.091509 0.049754 0.293280
0.085332 0.046821 0.290421
0.086653 0.046022 0.287122
0.088942 0.046340 0.292494
0.089498 0.046883 0.294969
0.089135 0.046346 0.288028
0.084564 0.047390 0.293068
0.088072 0.048827 0.291890
0.092142 0.050442 0.292053
0.088052 0.044846 0.285973
0.089382 0.046957 0.295502
0.087197 0.046629 0.287888
0.090026 0.047242 0.289486
0.086385 0.047789 0.289886
0.092708 0.051498 0.291806
0.088199 0.048334 0.290840
0.092708 0.049901 0.293014
0.092956 0.048079 0.289275
0.087232 0.047899 0.296111
0.087740 0.049509 0.294178
0.090827 0.047981 0.289856
0.090363 0.048352 0.295193
0.087822 0.048081 0.297129
0.092598 0.044791 0.289794
0.091841 0.049653 0.293121
0.088340 0.050434 0.294906
0.089746 0.047553 0.296091
0.090399 0.048952 0.291410
0.092604 0.052227 0.293728
0.091100 0.048619 0.293435
0.088957 0.049964 0.293333
0.088814 0.046114 0.287611
0.086329 0.049773 0.296008
0.088505 0.048399 0.290978
0.088609 0.047343 0.296705
0.088628 0.046572 0.288153
0.090505 0.048393 0.294830
0.089984 0.046920 0.289025
0.091303 0.048893 0.293095
0.090497 0.050016 0.296148
0.085764 0.047055 0.290908
0.084011 0.046994 0.292458
0.085978 0.049548 0.295048
0.085346 0.048412 0.292137
0.086222 0.048578 0.291839
0.093488 0.045745 0.289677
0.088747 0.048120 0.296937
0.089670 0.050674 0.294170
0.084994 0.048487 0.292707
0.084940 0.048818 0.293876
0.091096 0.047572 0.289442
0.091756 0.050721 0.292569
0.087003 0.048808 0.291899
0.089783 0.048045 0.290659
0.089234 0.048428 0.291236
0.087487 0.049056 0.297302
0.093926 0.047299 0.290370
0.092496 0.044551 0.290038
0.087411 0.046148 0.288935
0.087044 0.047089 0.294186
0.086040 0.046815 0.290279
0.084467 0.046872 0.291444
0.092961 0.047080 0.291156
0.092661 0.044571 0.288779
0.089579 0.050833 0.294926
0.092736 0.046421 0.290580
0.091056 0.049314 0.293753
0.083935 0.047904 0.292343
0.091116 0.046953 0.288996
0.085513 0.048904 0.293556
0.085320 0.049240 0.294646
0.089015 0.045794 0.287304
0.084192 0.046816 0.291628
0.094332 0.049297 0.288399
0.084618 0.047269 0.292341
0.090787 0.049752 0.295347
0.089251 0.048681 0.291705
0.088830 0.047121 0.294857
0.087042 0.047276 0.288914
0.085051 0.046969 0.291386
0.091347 0.049455 0.293405
0.093442 0.050245 0.290079
0.092540 0.044854 0.290074
0.090852 0.046815 0.293392
0.085583 0.048166 0.291068
0.086875 0.045527 0.286545
0.092985 0.052005 0.291830
0.093466 0.048534 0.289066
0.088955 0.046265 0.291553
0.090885 0.048294 0.290151
0.090787 0.047318 0.294017
0.089959 0.044892 0.286412
0.088659 0.049141 0.292655
0.084263 0.047558 0.290648
0.094087 0.046482 0.289569
0.087659 0.046537 0.289693
0.090724 0.050299 0.292359
0.090868 0.049484 0.294538
0.084968 0.047004 0.291649
0.088627 0.050660 0.296423
0.086466 0.048524 0.291550
0.087096 0.048568 0.291441
0.087136 0.048556 0.297475
0.086902 0.046436 0.287675
0.092648 0.051927 0.292154
0.092956 0.051420 0.291392
0.084862 0.047196 0.292169
0.087519 0.047302 0.288827
0.085235 0.047753 0.290149
0.091290 0.047669 0.293348
0.090203 0.048815 0.291435
0.094075 0.049774 0.291605
0.090526 0.046821 0.288956
0.089255 0.050883 0.295205
0.091259 0.050743 0.292709
0.085184 0.048935 0.293958
0.087604 0.049613 0.297110
0.089156 0.046984 0.294482
0.088262 0.050590 0.296477
0.086572 0.048325 0.290920
0.092980 0.048307 0.289447
0.090986 0.044817 0.286798
0.092739 0.049844 0.290820
0.093371 0.048932 0.289570
0.089764 0.045264 0.286819
0.089973 0.045826 0.287561
0.088591 0.047859 0.289923
0.086453 0.048487 0.291382
0.087320 0.048559 0.291333
0.090071 0.050319 0.296447
0.091342 0.046691 0.288628
0.084730 0.048292 0.292395
0.085963 0.047484 0.292506
0.084270 0.047178 0.292706
0.086997 0.049542 0.297305
0.090284 0.049739 0.296459
0.089371 0.047279 0.296177
0.085685 0.047739 0.289793
0.090268 0.048548 0.290942
0.090092 0.049798 0.292477
0.087063 0.045071 0.287502
0.091052 0.046018 0.288002
0.090819 0.050475 0.294598
0.090862 0.044672 0.286554
0.090289 0.048434 0.290758
0.086204 0.046740 0.288184
0.086768 0.047196 0.290925
0.093643 0.049374 0.289282
0.090433 0.046107 0.288099
0.088229 0.050739 0.296018
0.085463 0.047011 0.288556
0.093407 0.050728 0.293076
0.086514 0.047305 0.289023
0.092816 0.049705 0.290643
0.086580 0.049562 0.294506
0.088140 0.047236 0.294282
0.089170 0.047952 0.296674
0.092693 0.053302 0.293535
0.091233 0.045895 0.287853
0.087987 0.046876 0.290204
0.089953 0.047724 0.290138
0.089682 0.046491 0.288374
0.087414 0.049431 0.293656
0.087232 0.049498 0.294184
0.087291 0.050298 0.296227
0.094830 0.047072 0.289384
0.087279 0.047329 0.288928
0.084513 0.047238 0.292470
0.090267 0.045308 0.287034
0.089469 0.048450 0.291326
0.092058 0.050262 0.291877
0.087505 0.050378 0.295988
0.089685 0.046732 0.288719
0.085214 0.047097 0.288701
0.091248 0.048549 0.293069
0.090030 0.046355 0.288302
0.090895 0.050291 0.295010
0.087645 0.049990 0.294655
0.086806 0.047110 0.293397
0.090271 0.047682 0.289927
0.087635 0.047145 0.288655
0.092326 0.046659 0.288027
0.089511 0.046462 0.288290
0.089045 0.048711 0.291799
0.092153 0.050552 0.292142
0.087860 0.050297 0.295014
0.087171 0.048955 0.292305
0.091939 0.050814 0.292508
0.089015 0.050657 0.294723
0.086245 0.049664 0.295446
0.084539 0.047052 0.291802
0.091270 0.050081 0.293813
0.090564 0.044725 0.286458
0.090357 0.050117 0.292556
0.089250 0.046177 0.292159
0.090793 0.047169 0.289311
0.092492 0.046213 0.290736
0.086363 0.049593 0.294885
0.093003 0.048867 0.289837
0.089862 0.050889 0.295546
0.086477 0.046016 0.288592
0.090973 0.050704 0.293843
0.088611 0.044529 0.285680
0.091097 0.046727 0.288768
0.092986 0.049604 0.290462
0.093477 0.050784 0.290294
0.088919 0.046473 0.293007
0.088709 0.049635 0.293207
0.084794 0.047577 0.293545
0.088692 0.050883 0.296172
0.090486 0.046879 0.294228
0.093853 0.048665 0.291140
0.085447 0.049212 0.294432
0.090849 0.048066 0.293889
0.088774 0.047284 0.289103
0.093464 0.051306 0.290596
0.090091 0.047658 0.290053
0.085535 0.049089 0.294150
0.085975 0.046437 0.287753
0.086421 0.048681 0.292115
0.086984 0.046527 0.289634
0.084466 0.048110 0.292162
0.092466 0.047176 0.291783
0.090754 0.046500 0.292991
0.090836 0.050001 0.295225
0.086585 0.046197 0.287445
0.091375 0.049152 0.293171
0.092460 0.050502 0.291594
0.087858 0.046609 0.287983
0.087012 0.046439 0.289331
0.085056 0.046892 0.290743
0.086950 0.050102 0.295663
0.092778 0.047532 0.288743
0.091774 0.050021 0.291587
0.091089 0.050027 0.291800
0.086743 0.049728 0.294944
0.084315 0.047107 0.292392
0.087282 0.047881 0.296401
0.089856 0.045626 0.290491
0.090938 0.046117 0.288175
0.092321 0.049870 0.293141
0.092589 0.049506 0.290532
0.088383 0.049073 0.292656
0.091206 0.047192 0.289081
0.091933 0.051486 0.293678
0.089276 0.046454 0.292691
0.091737 0.045306 0.287362
0.093285 0.046982 0.290708
0.087811 0.050215 0.296734
0.089029 0.046753 0.293476
0.089056 0.046402 0.292700
0.085065 0.047649 0.293164
0.091941 0.045338 0.291189
0.090413 0.048007 0.294975
0.089017 0.047651 0.296663
0.088542 0.046627 0.290788
0.089312 0.046891 0.288794
0.086397 0.049262 0.293371
0.093121 0.052671 0.292106
0.090147 0.047947 0.295638
0.092535 0.049622 0.292877
0.088642 0.048188 0.290521
0.091162 0.047653 0.293515
0.092014 0.051143 0.292584
0.092452 0.044448 0.288961
0.084835 0.048060 0.291597
0.091694 0.051174 0.293185
0.089328 0.050159 0.293364
0.089834 0.047229 0.295712
0.088757 0.048439 0.291102
0.085102 0.047461 0.292520
0.086769 0.046130 0.287269
0.087997 0.048691 0.291616
0.086977 0.049551 0.294253
0.085292 0.048744 0.293428
0.092659 0.047880 0.291867
0.090201 0.048646 0.291177
0.092394 0.049884 0.291057
0.086892 0.049109 0.292853
0.091039 0.048829 0.293562
0.086889 0.050121 0.296371
0.088277 0.045095 0.287980
0.086446 0.046698 0.288086
0.090530 0.050504 0.295746
0.090892 0.049869 0.294380
0.092116 0.045410 0.290941
0.085386 0.048946 0.293883
0.090899 0.049665 0.294410
0.085808 0.046854 0.288324
0.089262 0.049335 0.292562
0.086265 0.047066 0.288628
0.085742 0.046132 0.288995
0.094054 0.049241 0.288713
0.088231 0.046768 0.293776
0.089616 0.049250 0.292249
0.088767 0.047748 0.289770
0.086589 0.049744 0.295159
0.090674 0.047518 0.294378
0.089575 0.049019 0.291993
0.092177 0.049602 0.290848
0.093784 0.048276 0.288480
0.089488 0.047535 0.296322
0.093298 0.051860 0.291244
0.086703 0.048441 0.291190
0.085680 0.047927 0.290674
0.088894 0.050838 0.295362
0.085696 0.047538 0.292200
0.090239 0.047746 0.295405
0.088013 0.043520 0.286320
0.085451 0.049116 0.294289
0.091543 0.046440 0.292364
0.092161 0.049602 0.293033
0.090597 0.046391 0.288455
0.088633 0.049697 0.296820
0.086842 0.046702 0.289952
0.093702 0.045533 0.288614
0.092621 0.044682 0.289320
0.088160 0.046661 0.288113
0.092633 0.050436 0.291363
0.092133 0.044252 0.288406
0.086686 0.050007 0.296020
0.087534 0.047793 0.296441
0.087646 0.045273 0.288004
0.090160 0.049077 0.296379
0.086442 0.046788 0.290174
0.090656 0.049973 0.295820
0.085087 0.047650 0.289976
0.090098 0.048267 0.296231
0.090811 0.044990 0.286909
0.084965 0.048179 0.291774
0.090646 0.049465 0.295373
0.093172 0.048738 0.289608
0.083943 0.047732 0.291534
0.091062 0.049862 0.294076
0.092797 0.044868 0.289119
0.093034 0.048953 0.291940
0.085809 0.047869 0.290250
0.091366 0.044214 0.288326
0.088385 0.048079 0.290217
0.092365 0.050578 0.293505
0.088089 0.047721 0.289588
0.087022 0.045559 0.286591
0.087842 0.049505 0.293684
0.088054 0.046509 0.287890
0.090174 0.047850 0.290230
0.094210 0.048968 0.288449
0.093663 0.046707 0.290216
0.092610 0.045670 0.290370
0.092312 0.044601 0.290249
0.089967 0.046152 0.288012
0.089946 0.045647 0.287305
0.090329 0.046189 0.292429
0.094037 0.046172 0.288949
0.085655 0.047314 0.289171
0.085834 0.047536 0.289500
0.091737 0.046616 0.288328
0.091112 0.050191 0.294095
0.092325 0.046898 0.288229
0.089145 0.044646 0.285906
0.089266 0.046100 0.291020
0.089500 0.045063 0.288973
0.087811 0.049424 0.293532
0.087401 0.049789 0.294545
0.086262 0.049394 0.293950
0.092964 0.050270 0.290766
0.088899 0.046593 0.288239
0.093145 0.045163 0.289131
0.087808 0.046812 0.288251
0.083693 0.047731 0.291788
0.092478 0.044745 0.290281
0.092333 0.052380 0.293492
0.095341 0.047962 0.289470
0.086506 0.047227 0.291710
0.089507 0.045275 0.286799
0.087473 0.048210 0.290532
0.090844 0.045163 0.287113
0.089461 0.044388 0.285670
0.085243 0.046630 0.290112
0.091078 0.049606 0.293920
0.086957 0.049938 0.295112
0.091445 0.047886 0.292841
0.093190 0.050431 0.290596
0.084889 0.047522 0.289868
0.093111 0.051317 0.293503
0.090398 0.045516 0.287343
0.086033 0.047402 0.292143
0.087412 0.047632 0.289401
0.084145 0.047641 0.291088
0.089213 0.047275 0.296334
0.092331 0.046904 0.291718
0.091579 0.048891 0.292820
0.084507 0.048426 0.293166
0.090990 0.050063 0.294347
0.093793 0.047718 0.288198
0.088414 0.050793 0.296243
0.090600 0.049793 0.295936
0.086230 0.049618 0.295234
0.088438 0.045232 0.286500
0.092158 0.050147 0.293335
0.087790 0.047574 0.289315
0.090766 0.048834 0.294252
0.085683 0.047014 0.288623
0.085504 0.047159 0.288787
0.086981 0.046234 0.288967
0.086777 0.048122 0.297244
0.090381 0.046696 0.293798
0.090565 0.047799 0.289838
0.090870 0.049716 0.294590
0.087709 0.044801 0.287363
0.093516 0.047011 0.288004
0.091454 0.050977 0.293316
0.085045 0.047428 0.289488
0.087807 0.048915 0.292058
0.092644 0.047476 0.291756
0.088808 0.046981 0.288684
0.091541 0.046045 0.287991
0.087787 0.044798 0.285887
0.086979 0.045639 0.286689
0.090379 0.047115 0.294694
0.088701 0.048730 0.291762
0.094075 0.046750 0.289866
0.086584 0.047099 0.288638
0.088439 0.045022 0.286249
0.093280 0.047903 0.288989
0.093222 0.045429 0.289724
0.089705 0.050273 0.296535
0.092562 0.052919 0.293724
0.090791 0.045583 0.291543
0.085288 0.048820 0.293585
0.087039 0.047638 0.289487
0.088332 0.045994 0.287299
0.092691 0.051418 0.293676
0.087386 0.050115 0.295017
0.086608 0.045843 0.286957
0.093477 0.051805 0.291021
0.088460 0.045221 0.288272
0.087454 0.045081 0.286126
0.087264 0.047233 0.290870
0.086959 0.047795 0.289804
0.088653 0.046413 0.292188
0.091366 0.050029 0.293616
0.093112 0.052834 0.292353
0.090362 0.046345 0.288366
0.090360 0.049155 0.291559
0.086959 0.049386 0.293408
0.093783 0.050779 0.289923
0.088276 0.046698 0.290078
0.092797 0.053435 0.293303
0.084384 0.046642 0.290997
0.089355 0.047808 0.290164
0.091846 0.048881 0.292682
0.088408 0.049028 0.292509
0.092866 0.048748 0.291921
0.090001 0.045506 0.287161
0.088179 0.047217 0.288838
0.085702 0.048957 0.293509
0.086525 0.049320 0.293447
0.087483 0.044010 0.286881
0.091807 0.050977 0.292789
0.087331 0.047997 0.290113
0.088328 0.045491 0.286760
0.085727 0.047579 0.292333
0.086491 0.048073 0.290426
0.088327 0.047477 0.296879
0.093118 0.048207 0.289334
0.092599 0.051882 0.293686
0.088325 0.046364 0.289632
0.088519 0.047304 0.294410
0.086970 0.048650 0.291647
0.084407 0.047257 0.292869
0.090890 0.047800 0.293908
0.087547 0.046891 0.290197
0.088904 0.046284 0.287844
0.086721 0.049532 0.294157
0.090556 0.048214 0.294618
0.092956 0.050213 0.293106
0.085445 0.049362 0.294915
0.085276 0.048707 0.293261
0.089079 0.047219 0.296363
0.084742 0.048253 0.292263
0.090531 0.046704 0.293708
0.086705 0.047816 0.289883
0.091139 0.046935 0.293295
0.086824 0.047013 0.290524
0.088875 0.047612 0.289623
0.087535 0.047690 0.295570
0.093062 0.050518 0.290743
0.085484 0.046480 0.289902
0.089026 0.047445 0.289419
0.086255 0.048885 0.292830
0.093812 0.046247 0.289697
0.088027 0.050359 0.296644
0.089095 0.047151 0.289012
0.093079 0.051591 0.291472
0.087079 0.049303 0.293244
0.087386 0.046379 0.287608
0.089663 0.047274 0.295925
0.090795 0.050451 0.295136
0.084833 0.048230 0.292097
0.091003 0.045683 0.287674
0.086810 0.046961 0.288407
0.089838 0.046932 0.295031
0.087040 0.045360 0.287657
0.085453 0.048643 0.292937
0.089111 0.046126 0.287692
0.087728 0.047674 0.289512
0.090073 0.048436 0.296260
0.089621 0.046045 0.292015
0.093108 0.051608 0.291317
0.084238 0.047825 0.291634
0.085799 0.049619 0.295574
0.085702 0.049424 0.294748
0.091297 0.048205 0.292959
0.088023 0.047716 0.296978
0.090373 0.050717 0.293958
0.091021 0.047132 0.293565
0.090479 0.048098 0.294766
0.085576 0.047212 0.291635
0.092171 0.047358 0.292212
0.094192 0.048590 0.288243
0.091211 0.045705 0.287706
0.089330 0.045062 0.286471
0.087146 0.048242 0.297308
0.089939 0.048557 0.296464
0.086746 0.045584 0.286640
0.089756 0.049782 0.292695
0.093117 0.049666 0.290125
0.085498 0.048028 0.290831
0.092041 0.047536 0.292448
0.089569 0.045682 0.287267
0.085556 0.047448 0.289429
0.085966 0.047942 0.290431
0.086915 0.049557 0.294291
0.092985 0.049830 0.292736
0.086594 0.049640 0.294890
0.088547 0.048272 0.290678
0.084245 0.046962 0.291927
0.088324 0.044492 0.287438
0.087757 0.045735 0.286917
0.093594 0.050015 0.289682
0.084733 0.048359 0.292581
0.087574 0.048955 0.292164
0.084969 0.048716 0.293644
0.089977 0.047844 0.290325
0.091040 0.049493 0.291336
0.089953 0.049494 0.296671
0.088779 0.047774 0.296885
0.092125 0.047768 0.292274
0.085879 0.046348 0.289440
0.086826 0.046766 0.288095
0.087225 0.045989 0.288720
0.092433 0.048010 0.289297
0.085467 0.048913 0.293694
0.087248 0.049875 0.294702
0.090582 0.047466 0.294555
0.087329 0.045601 0.286685
0.091876 0.051476 0.293098
0.087477 0.047052 0.294140
0.088409 0.047337 0.294513
0.089581 0.046881 0.288881
0.090725 0.050730 0.292969
0.089420 0.050838 0.296063
0.085058 0.047860 0.290708
0.089797 0.045718 0.287351
0.088497 0.047232 0.288943
0.085457 0.047655 0.292885
0.086119 0.046430 0.289549
0.091525 0.050530 0.292355
0.089512 0.050718 0.294450
0.086309 0.047437 0.289258
0.088273 0.049591 0.296930
0.088755 0.046894 0.293731
0.085701 0.049460 0.295231
0.092780 0.049153 0.290100
0.089603 0.050013 0.293000
0.092788 0.050285 0.290958
0.092502 0.051084 0.291880
0.090740 0.046946 0.293736
0.088823 0.048047 0.290332
0.090793 0.050150 0.295369
0.086071 0.046131 0.288892
0.090393 0.045038 0.286748
0.090160 0.047438 0.289737
0.089918 0.047214 0.295568
0.087846 0.048737 0.291696
0.093609 0.050334 0.289885
0.089802 0.046089 0.287872
0.091203 0.049722 0.293749
0.094441 0.046574 0.289158
0.092538 0.051155 0.293711
0.092062 0.046807 0.288294
0.086986 0.044828 0.287332
0.090304 0.050159 0.296387
0.086775 0.049024 0.292680
0.088816 0.050876 0.295672
0.090979 0.048940 0.293771
0.090470 0.047330 0.294667
0.088586 0.043652 0.286629
0.089864 0.048931 0.296576
0.084390 0.047499 0.290396
0.088486 0.047295 0.295067
0.088050 0.048950 0.292173
0.088065 0.050646 0.296232
0.086871 0.048978 0.292418
0.089214 0.046097 0.291887
0.091665 0.045931 0.291839
0.092154 0.048153 0.292196
0.091365 0.050289 0.292055
0.087115 0.046405 0.287627
0.089190 0.047727 0.289978
0.085394 0.046987 0.290695
0.094157 0.046431 0.289255
0.089425 0.046002 0.291623
0.085312 0.046328 0.289515
0.089133 0.046322 0.292421
0.090863 0.048433 0.293828
0.087747 0.044980 0.286054
0.091978 0.051803 0.293446
0.087358 0.044933 0.287359
0.087991 0.046677 0.289936
0.086417 0.045508 0.288046
0.087588 0.047791 0.296100
0.092770 0.047208 0.291495
0.089223 0.049850 0.296731
0.094107 0.046143 0.288588
0.093905 0.049833 0.289119
0.085495 0.048862 0.293483
0.085137 0.048100 0.291385
0.085887 0.049128 0.293858
0.088943 0.047746 0.289906
0.089179 0.050947 0.295523
0.089865 0.043083 0.285971
0.089476 0.049615 0.292669
0.087651 0.045859 0.288734
0.092253 0.044341 0.288682
0.089206 0.047070 0.288949
0.092369 0.047319 0.291941
0.088482 0.046706 0.293628
0.087963 0.048291 0.290585
0.093858 0.046086 0.289311
0.092179 0.051272 0.292424
0.092127 0.051773 0.293609
0.085743 0.048938 0.293256
0.089998 0.048224 0.290734
0.085708 0.048641 0.292662
0.085446 0.048258 0.291421
0.090644 0.050524 0.292701
0.090876 0.050376 0.294880
0.092469 0.052906 0.293489
0.091136 0.050877 0.293560
0.089742 0.047897 0.290379
0.091381 0.046469 0.288512
0.083821 0.047787 0.291994
0.094271 0.049185 0.288525
0.093246 0.049242 0.292017
0.089325 0.045627 0.287157
0.087863 0.050519 0.295850
0.085896 0.048503 0.291758
0.091494 0.047070 0.293018
0.088964 0.047999 0.290311
0.093063 0.047554 0.291388
0.087673 0.048541 0.291245
0.088121 0.048172 0.290356
0.085887 0.046637 0.287996
0.091806 0.045093 0.291054
0.089205 0.046203 0.287821
0.085219 0.047356 0.292015
0.088317 0.047433 0.295384
0.093072 0.050095 0.292921
0.085363 0.049032 0.294113
0.087759 0.045090 0.287666
0.087568 0.049440 0.293833
0.089616 0.047060 0.295682
0.086020 0.049618 0.295370
0.093693 0.047494 0.288213
0.086515 0.049358 0.293605
0.092397 0.047765 0.292037
0.088254 0.043579 0.286550
0.089677 0.046326 0.288153
0.088816 0.046428 0.287997
0.088782 0.048305 0.290822
0.090121 0.048273 0.295816
0.087018 0.049188 0.292951
0.087389 0.048644 0.291533
0.088460 0.046699 0.290412
0.090901 0.049904 0.294635
0.087591 0.048342 0.290771
0.091132 0.049194 0.293494
0.089889 0.047931 0.296330
0.092149 0.046837 0.288231
0.084392 0.047075 0.292057
0.093797 0.048701 0.288646
0.088911 0.048139 0.290541
0.092626 0.051229 0.291727
0.086721 0.049785 0.295066
0.091341 0.048357 0.292731
0.092991 0.045134 0.289507
0.089776 0.050628 0.293846
0.086416 0.047179 0.288793
0.086528 0.047242 0.291188
0.086191 0.048059 0.290552
0.090326 0.048534 0.295381
0.085759 0.048625 0.292441
0.085640 0.049460 0.295136
0.090399 0.048657 0.295160
0.092956 0.045707 0.290161
0.091939 0.044661 0.290272
0.088708 0.050521 0.294673
0.090634 0.044926 0.286729
0.092346 0.051015 0.292017
0.090098 0.046537 0.288543
0.085864 0.048446 0.291561
0.092526 0.052005 0.292471
0.091365 0.046060 0.287996
0.088686 0.045117 0.286421
0.085482 0.048540 0.292469
0.092468 0.050296 0.291369
0.085874 0.047702 0.289711
0.092014 0.051661 0.293011
0.087512 0.047052 0.288482
0.091592 0.051227 0.293621
0.086307 0.046404 0.287689
0.092599 0.048771 0.292132
0.089317 0.050583 0.294192
0.089754 0.045427 0.287020
0.086148 0.046664 0.288027
0.088492 0.048488 0.297031
0.089904 0.047638 0.295951
0.086108 0.048702 0.292313
0.084954 0.047470 0.289638
0.087440 0.046875 0.288248
0.084952 0.047923 0.291055
0.090270 0.048643 0.295598
0.089382 0.048827 0.296725
0.086833 0.048545 0.291469
0.087171 0.046826 0.288141
0.093615 0.051650 0.293213
0.091863 0.047969 0.292417
0.085648 0.048433 0.291770
0.085547 0.048508 0.292233
0.086842 0.047335 0.289048
0.088254 0.047956 0.297091
0.087299 0.046444 0.289510
0.090195 0.048722 0.295878
0.086181 0.046198 0.287474
0.090934 0.049594 0.294191
0.086078 0.047277 0.289019
0.088439 0.047539 0.289378
0.090963 0.050831 0.293558
0.089799 0.048227 0.290918
0.084713 0.046779 0.290890
0.090743 0.045725 0.287689
0.088936 0.050111 0.296672
0.089236 0.044284 0.285501
0.093875 0.047919 0.288205
0.086291 0.046310 0.288991
0.089572 0.047455 0.289662
0.088600 0.050693 0.295384
0.090640 0.045337 0.287218
0.088727 0.046663 0.293482
0.086146 0.047727 0.289792
0.086512 0.047639 0.289587
0.092307 0.050514 0.291854
0.093455 0.045420 0.289131
0.089040 0.048368 0.291051
0.093510 0.047370 0.288288
0.093286 0.049961 0.290124
0.084826 0.047428 0.292770
0.088361 0.048319 0.290752
0.091320 0.045038 0.287121
0.086860 0.048327 0.290876
0.089996 0.047249 0.295386
0.090602 0.047008 0.289205
0.094166 0.049606 0.288755
0.084894 0.047340 0.289368
0.090505 0.048706 0.294907
0.086308 0.049500 0.294400
0.091392 0.049594 0.293392
0.089188 0.047033 0.288895
0.092073 0.049300 0.292880
0.091914 0.046466 0.291940
0.088387 0.047688 0.289554
0.087546 0.046870 0.293693
0.090171 0.045702 0.287489
0.087071 0.047152 0.288630
0.087883 0.047627 0.295681
0.091558 0.044981 0.290713
0.087280 0.049584 0.297202
0.088565 0.048831 0.291966
0.086832 0.045297 0.287640
0.093698 0.045960 0.289502
0.090498 0.049403 0.295666
0.090462 0.049429 0.295881
0.089882 0.045140 0.286681
0.092825 0.053194 0.293739
0.091312 0.047182 0.293313
0.088119 0.049111 0.292721
0.089721 0.047741 0.296334
0.089953 0.046672 0.293859
0.086053 0.048619 0.292104
0.087533 0.047539 0.289193
0.089013 0.046489 0.288134
0.090777 0.048241 0.294062
0.091354 0.046252 0.288344
0.092559 0.050083 0.291052
0.087795 0.046759 0.292904
0.089061 0.047602 0.289685
0.084450 0.048152 0.292351
0.086104 0.047580 0.295202
0.087743 0.045883 0.287131
0.093732 0.049260 0.291616
0.086613 0.048517 0.291477
0.085787 0.047518 0.293412
0.090661 0.048719 0.290804
0.088660 0.046698 0.288327
0.093273 0.053066 0.293844
0.086699 0.049035 0.292870
0.092116 0.049037 0.292680
0.089753 0.045906 0.287604
0.089064 0.046665 0.288386
0.086510 0.049429 0.293802
0.090976 0.045844 0.287844
0.092365 0.049571 0.292952
0.094362 0.046795 0.289568
0.093401 0.049902 0.289852
0.091603 0.050796 0.292729
0.092460 0.052910 0.293656
0.088295 0.047284 0.294356
0.089688 0.047914 0.296474
0.087826 0.047727 0.289580
0.092854 0.050728 0.291084
