-0.028751 0.069873 0.052579
-0.027462 0.068503 0.053420
-0.024850 0.065905 0.054176
-0.030130 0.064246 0.054169
-0.024415 0.072304 0.052281
-0.033357 0.073517 0.052888
-0.025625 0.065965 0.054259
-0.029166 0.071497 0.050527
-0.026159 0.067488 0.053856
-0.025597 0.073240 0.052162
-0.031607 0.071731 0.050853
-0.026211 0.075191 0.052685
-0.026455 0.073613 0.051372
-0.026194 0.071934 0.051203
-0.029735 0.071310 0.050520
-0.032494 0.074737 0.052445
-0.030731 0.068952 0.053194
-0.023935 0.065656 0.053946
-0.026149 0.064699 0.054149
-0.030055 0.069598 0.052790
-0.022077 0.072757 0.052800
-0.032383 0.071898 0.052351
-0.025416 0.076037 0.052761
-0.029524 0.075068 0.050212
-0.025096 0.072505 0.052073
-0.031097 0.070108 0.052711
-0.024745 0.071376 0.052323
-0.032320 0.072815 0.050905
-0.022368 0.068982 0.053474
-0.022551 0.068265 0.053559
-0.025655 0.068089 0.053610
-0.028535 0.078235 0.052241
-0.031366 0.071184 0.051830
-0.034506 0.071292 0.052808
-0.027756 0.075718 0.051554
-0.024694 0.066288 0.054037
-0.026486 0.076038 0.052779
-0.027926 0.076080 0.052035
-0.031806 0.071066 0.052356
-0.025875 0.071347 0.051827
-0.026815 0.074269 0.051534
-0.030584 0.070203 0.052442
-0.026804 0.071506 0.051361
-0.033327 0.070172 0.053146
-0.025414 0.065662 0.054165
-0.022247 0.072121 0.052835
-0.027165 0.074298 0.049170
-0.029278 0.068266 0.053596
-0.031915 0.071779 0.051300
-0.026214 0.074969 0.052562
-0.028657 0.063389 0.054193
-0.022325 0.067403 0.053714
-0.026542 0.076676 0.052678
-0.029517 0.070684 0.051756
-0.026112 0.066990 0.054171
-0.026978 0.074018 0.049311
-0.029870 0.064859 0.054178
-0.026745 0.073965 0.051654
-0.032386 0.076058 0.052498
-0.032794 0.072205 0.052642
-0.029862 0.064445 0.054198
-0.032724 0.066098 0.053792
-0.026419 0.074812 0.052432
-0.027292 0.073439 0.048784
-0.033520 0.069656 0.053187
-0.031906 0.072353 0.050539
-0.033942 0.072048 0.052852
-0.030282 0.072319 0.049337
-0.025048 0.068527 0.053451
-0.026997 0.078500 0.052297
-0.028394 0.077386 0.051418
-0.026566 0.074602 0.049818
-0.022597 0.073748 0.052711
-0.031865 0.071513 0.051860
-0.033330 0.075474 0.052859
-0.025408 0.070602 0.052454
-0.032052 0.075349 0.049915
-0.031411 0.066055 0.054004
-0.028134 0.078254 0.052313
-0.025905 0.073538 0.052159
-0.033946 0.074752 0.052951
-0.025136 0.067159 0.053880
-0.030921 0.072384 0.048980
-0.027435 0.067478 0.053923
-0.025637 0.074490 0.052519
-0.024940 0.075197 0.052835
-0.032493 0.072142 0.052040
-0.028934 0.077705 0.051193
-0.027898 0.071850 0.050507
-0.022669 0.066283 0.053853
-0.029464 0.073817 0.049847
-0.032997 0.068597 0.053495
-0.028524 0.066824 0.054163
-0.022455 0.073793 0.052759
-0.028258 0.076732 0.051852
-0.023957 0.070495 0.052908
-0.031033 0.072155 0.050184
-0.031626 0.071203 0.052027
-0.030534 0.069801 0.052695
-0.029975 0.071694 0.050012
-0.027184 0.074696 0.052148
-0.025818 0.070946 0.052137
-0.028106 0.071613 0.050889
-0.031934 0.072284 0.050637
-0.026015 0.072831 0.050810
-0.023891 0.075609 0.052792
-0.027894 0.071521 0.051109
-0.022352 0.066059 0.053841
-0.032074 0.070648 0.052853
-0.031102 0.066872 0.054023
-0.029869 0.070053 0.052429
-0.032548 0.067220 0.053991
-0.026998 0.070444 0.052303
-0.024570 0.070238 0.052822
-0.030141 0.063770 0.054197
-0.029469 0.066550 0.054156
-0.032215 0.071309 0.052609
-0.024456 0.073836 0.052547
-0.032473 0.068471 0.053637
-0.028576 0.070555 0.052078
-0.028835 0.076097 0.050158
-0.031888 0.072935 0.048847
-0.024859 0.075976 0.052706
-0.031146 0.070552 0.052337
-0.031971 0.065963 0.053890
-0.020924 0.071453 0.053333
-0.029062 0.071086 0.051487
-0.028256 0.077202 0.051267
-0.025233 0.075236 0.052851
-0.028904 0.071624 0.050298
-0.024743 0.072875 0.052253
-0.024404 0.069939 0.052955
-0.031444 0.074377 0.048742
-0.027981 0.076511 0.050600
-0.032600 0.072593 0.051491
-0.033283 0.068157 0.053488
-0.029593 0.064249 0.054234
-0.030119 0.065588 0.054141
-0.027157 0.073959 0.049220
-0.027069 0.074694 0.051065
-0.020570 0.070844 0.053649
-0.033724 0.070525 0.053043
-0.026617 0.074015 0.050268
-0.033910 0.073505 0.052864
-0.028888 0.067150 0.054107
-0.027069 0.076140 0.052580
-0.026777 0.073115 0.049602
-0.027433 0.072537 0.049424
-0.028502 0.063973 0.054245
-0.025927 0.067176 0.053982
-0.030956 0.071248 0.051252
-0.029066 0.067330 0.054072
-0.028204 0.077227 0.052251
-0.029763 0.071148 0.051239
-0.024414 0.076578 0.052571
-0.032005 0.065370 0.053964
-0.033142 0.075094 0.052844
-0.024270 0.073413 0.052499
-0.031651 0.068279 0.053663
-0.027919 0.076391 0.050527
-0.022794 0.072352 0.052706
-0.031251 0.071263 0.051582
-0.026599 0.074126 0.050412
-0.026437 0.070483 0.052265
-0.032556 0.072535 0.051176
-0.033601 0.075729 0.052835
-0.023361 0.075132 0.052716
-0.020612 0.071459 0.053441
-0.025556 0.077925 0.052284
-0.026247 0.070829 0.052030
-0.025515 0.072032 0.051686
-0.031189 0.076081 0.050114
-0.025935 0.069337 0.052948
-0.022849 0.071327 0.052924
-0.033450 0.067324 0.053897
-0.023378 0.071940 0.052696
-0.024795 0.068555 0.053438
-0.027741 0.066408 0.054286
-0.031060 0.064992 0.054060
-0.027551 0.076117 0.050847
-0.027604 0.076761 0.052435
-0.028011 0.073559 0.049088
-0.032082 0.071871 0.051643
-0.030729 0.072232 0.049463
-0.031357 0.071416 0.051207
-0.027499 0.070589 0.052113
-0.031918 0.070521 0.052832
-0.032211 0.075275 0.050081
-0.025058 0.074577 0.052620
-0.022087 0.071543 0.053001
-0.024318 0.072036 0.052328
-0.030504 0.064703 0.054111
-0.032303 0.075591 0.050681
-0.033055 0.068860 0.053440
-0.021345 0.069017 0.053544
-0.031441 0.070261 0.052742
-0.028870 0.073973 0.049682
-0.026261 0.067256 0.053969
-0.022140 0.068332 0.053573
-0.028136 0.070161 0.052406
-0.028663 0.075824 0.049715
-0.031350 0.069688 0.052963
-0.023267 0.068751 0.053442
-0.028613 0.065107 0.054229
-0.033465 0.068395 0.053313
-0.027553 0.069226 0.053032
-0.033596 0.071298 0.052975
-0.031689 0.070714 0.052464
-0.032968 0.069122 0.053398
-0.025099 0.070679 0.052517
-0.029968 0.068036 0.053728
-0.029094 0.064597 0.054252
-0.022442 0.070186 0.053257
-0.023798 0.074147 0.052823
-0.028270 0.071158 0.051563
-0.029368 0.069627 0.052762
-0.023382 0.072975 0.052514
-0.033584 0.072608 0.052845
-0.030556 0.071613 0.050346
-0.030947 0.065449 0.054066
-0.034529 0.070722 0.052812
-0.022225 0.068006 0.053616
-0.026869 0.074369 0.052143
-0.028869 0.077009 0.050747
-0.032645 0.072900 0.052108
-0.020775 0.072194 0.053244
-0.022766 0.067624 0.053673
-0.020183 0.071317 0.053684
-0.023460 0.068003 0.053593
-0.032982 0.066274 0.053838
-0.032537 0.072394 0.051713
-0.028348 0.065211 0.054224
-0.026394 0.066862 0.054342
-0.026283 0.064253 0.054115
-0.027052 0.072803 0.049451
-0.023111 0.070197 0.053158
-0.032157 0.067846 0.053937
-0.034135 0.068008 0.053012
-0.025806 0.068849 0.053273
-0.030640 0.066307 0.054026
-0.028942 0.066006 0.054170
-0.031410 0.071584 0.050857
-0.027011 0.074955 0.052384
-0.030965 0.071807 0.050390
-0.021634 0.070915 0.053242
-0.033528 0.072971 0.052866
-0.024232 0.074089 0.052713
-0.031914 0.068701 0.053492
-0.028785 0.078135 0.052158
-0.021184 0.071435 0.053258
-0.032996 0.073356 0.052773
-0.027731 0.068183 0.053584
-0.023417 0.069912 0.053175
-0.026036 0.072039 0.051243
-0.025826 0.064955 0.054131
-0.022933 0.072620 0.052641
-0.026907 0.073648 0.049346
-0.025413 0.073118 0.052170
-0.024801 0.075535 0.052834
-0.028533 0.065632 0.054198
-0.023764 0.075920 0.052751
-0.028337 0.064408 0.054320
-0.024161 0.073780 0.052633
-0.032187 0.068936 0.053420
-0.029338 0.064837 0.054231
-0.031931 0.075904 0.050179
-0.025700 0.068437 0.053487
-0.032006 0.073740 0.048991
-0.028765 0.072330 0.049475
-0.020517 0.070276 0.053677
-0.026705 0.074099 0.051239
-0.033329 0.074756 0.052885
-0.030790 0.071823 0.050185
-0.030216 0.071186 0.050818
-0.027644 0.075201 0.050121
-0.028289 0.066717 0.054214
-0.028768 0.077619 0.051275
-0.023928 0.070774 0.052851
-0.031005 0.067394 0.054017
-0.028496 0.067830 0.053737
-0.033480 0.069352 0.053249
-0.026800 0.069634 0.052769
-0.027749 0.064910 0.054279
-0.022982 0.066200 0.053843
-0.033820 0.069708 0.053094
-0.033420 0.067632 0.053870
-0.030258 0.071285 0.050539
-0.032364 0.071382 0.052663
-0.030355 0.067052 0.054110
-0.027483 0.077812 0.052388
-0.032878 0.067141 0.053992
-0.033754 0.075262 0.052911
-0.026915 0.078705 0.052237
-0.025077 0.072983 0.052211
-0.032029 0.073354 0.048959
-0.032497 0.073248 0.051345
-0.032556 0.072092 0.052313
-0.025482 0.068870 0.053291
-0.024193 0.076304 0.052634
-0.025058 0.071860 0.051988
-0.027927 0.071129 0.051580
-0.026213 0.071503 0.051526
-0.031232 0.065388 0.054041
-0.021652 0.072590 0.052924
-0.031734 0.066687 0.053988
-0.028068 0.065043 0.054260
-0.025294 0.067269 0.053862
-0.022117 0.072918 0.052783
-0.029315 0.067098 0.054181
-0.032365 0.073298 0.051164
-0.030768 0.075755 0.050022
-0.032839 0.071607 0.052812
-0.025622 0.070743 0.052330
-0.026051 0.077430 0.052454
-0.028624 0.067050 0.054102
-0.025556 0.070987 0.052213
-0.030965 0.068048 0.053698
-0.029794 0.063730 0.054238
-0.031691 0.066960 0.054078
-0.033951 0.074582 0.052936
-0.025404 0.069620 0.052892
-0.025798 0.066467 0.054346
-0.021808 0.073184 0.052854
-0.027055 0.078857 0.052275
-0.028343 0.073144 0.049153
-0.031288 0.067583 0.054013
-0.028395 0.077171 0.051953
-0.030399 0.065448 0.054123
-0.024860 0.070206 0.052763
-0.024284 0.074843 0.052813
-0.031639 0.068587 0.053515
-0.031627 0.071298 0.051819
-0.027877 0.068500 0.053384
-0.023459 0.073669 0.052717
-0.026075 0.073424 0.052071
-0.030379 0.070695 0.051869
-0.032214 0.074457 0.050596
-0.032459 0.068166 0.053767
-0.028417 0.077288 0.051120
-0.024916 0.072331 0.052102
-0.024588 0.068999 0.053264
-0.023084 0.065904 0.053875
-0.029193 0.068630 0.053435
-0.024589 0.071160 0.052473
-0.028802 0.064709 0.054269
-0.030668 0.065570 0.054090
-0.026599 0.075840 0.052712
-0.030443 0.065932 0.054128
-0.027494 0.075188 0.052220
-0.032885 0.070920 0.053014
-0.024839 0.067122 0.053862
-0.027437 0.077213 0.052520
-0.023881 0.071005 0.052786
-0.026488 0.065642 0.054391
-0.031250 0.072338 0.050312
-0.026849 0.071701 0.051093
-0.024692 0.068104 0.053585
-0.032030 0.071377 0.052267
-0.020739 0.069895 0.053608
-0.032376 0.074700 0.052234
-0.028424 0.077479 0.052132
-0.027078 0.064479 0.054275
-0.024313 0.066484 0.053935
-0.028291 0.071611 0.050672
-0.032144 0.076504 0.052137
-0.025411 0.067765 0.053704
-0.026555 0.078254 0.052316
-0.028157 0.065911 0.054226
-0.024284 0.067685 0.053685
-0.024465 0.068795 0.053347
-0.032217 0.074521 0.051347
-0.026495 0.071555 0.051405
-0.027206 0.070634 0.052105
-0.031811 0.066091 0.053936
-0.031959 0.072028 0.050762
-0.022381 0.072883 0.052733
-0.029179 0.076458 0.050447
-0.021193 0.072691 0.053043
-0.025790 0.070131 0.052531
-0.033084 0.075378 0.052825
-0.027627 0.075645 0.051093
-0.023265 0.071389 0.052825
-0.026976 0.070607 0.052184
-0.029666 0.067741 0.053858
-0.032167 0.075799 0.052048
-0.031723 0.073083 0.050107
-0.032621 0.072524 0.052058
-0.027119 0.067907 0.053708
-0.024909 0.064824 0.054086
-0.028957 0.072033 0.049659
-0.025095 0.075756 0.052809
-0.027640 0.071492 0.051187
-0.026732 0.072792 0.050082
-0.026397 0.066618 0.054495
-0.022038 0.066096 0.053829
-0.026146 0.071313 0.051733
-0.031254 0.070726 0.052259
-0.028978 0.076660 0.050589
-0.024034 0.071748 0.052529
-0.027454 0.068164 0.053589
-0.027826 0.076468 0.052277
-0.030516 0.067771 0.053846
-0.027962 0.078545 0.052330
-0.027288 0.074186 0.049203
-0.029464 0.063295 0.054230
-0.023016 0.071561 0.052837
-0.026825 0.075387 0.052536
-0.027002 0.069795 0.052689
-0.028533 0.077852 0.052167
-0.026520 0.073821 0.050983
-0.032935 0.069653 0.053237
-0.027453 0.065726 0.054268
-0.032598 0.075961 0.052621
-0.026411 0.073745 0.052054
-0.026673 0.068985 0.053148
-0.032447 0.076348 0.052488
-0.026876 0.064291 0.054221
-0.026092 0.076231 0.052752
-0.024236 0.065180 0.053979
-0.029055 0.067641 0.053831
-0.031812 0.066378 0.053912
-0.027892 0.071938 0.050269
-0.031089 0.068929 0.053253
-0.031373 0.068359 0.053593
-0.033980 0.070648 0.052971
-0.026574 0.073695 0.051755
-0.026703 0.074143 0.052137
-0.023248 0.071597 0.052753
-0.024338 0.067961 0.053627
-0.026845 0.077400 0.052515
-0.032092 0.067651 0.054024
-0.031658 0.070901 0.052370
-0.030621 0.067242 0.054041
-0.023387 0.074751 0.052785
-0.029900 0.065738 0.054120
-0.024529 0.071535 0.052368
-0.027306 0.076418 0.052531
-0.026413 0.076221 0.052773
-0.030182 0.074077 0.049745
-0.028912 0.068457 0.053504
-0.034206 0.067717 0.052987
-0.029565 0.071070 0.051416
-0.029902 0.067670 0.053916
-0.026368 0.077970 0.052350
-0.028610 0.077618 0.051922
-0.026689 0.070486 0.052288
-0.032289 0.071147 0.052755
-0.028120 0.074898 0.049602
-0.024674 0.067301 0.053802
-0.021390 0.072845 0.052973
-0.032716 0.072301 0.052385
-0.027776 0.070070 0.052495
-0.026551 0.068123 0.053610
-0.032633 0.072529 0.051848
-0.033874 0.075083 0.052929
-0.025871 0.073823 0.052245
-0.027673 0.064476 0.054287
-0.026119 0.072339 0.050899
-0.034224 0.071524 0.052864
-0.027181 0.069960 0.052588
-0.027648 0.075760 0.050605
-0.028467 0.067615 0.053854
-0.029678 0.070262 0.052229
-0.029883 0.070495 0.051978
-0.032611 0.067737 0.053981
-0.022800 0.073334 0.052678
-0.023494 0.071648 0.052678
-0.030111 0.066102 0.054152
-0.032633 0.073844 0.052443
-0.030782 0.071342 0.050790
-0.028916 0.070920 0.051707
-0.026900 0.066988 0.054313
-0.024277 0.067345 0.053757
-0.023229 0.073326 0.052592
-0.032220 0.074379 0.051178
-0.030035 0.067323 0.054079
-0.020443 0.070558 0.053719
-0.031138 0.069727 0.052899
-0.027365 0.074910 0.052152
-0.032246 0.074790 0.051759
-0.021468 0.072443 0.052989
-0.030593 0.071674 0.050173
-0.031068 0.075199 0.049543
-0.023640 0.068459 0.053491
-0.031451 0.067038 0.054125
-0.022048 0.073387 0.052781
-0.026406 0.077412 0.052481
-0.032772 0.074140 0.052724
-0.033444 0.070747 0.053062
-0.032350 0.066751 0.053927
-0.026598 0.066197 0.054548
-0.029459 0.071285 0.050902
-0.029128 0.065548 0.054162
-0.028081 0.076523 0.052157
-0.029871 0.071214 0.050791
-0.029424 0.071203 0.051293
-0.030613 0.066053 0.054077
-0.029846 0.068425 0.053533
-0.025981 0.078377 0.052231
-0.022482 0.072260 0.052765
-0.032321 0.074439 0.051857
-0.027798 0.077673 0.052334
-0.028582 0.074738 0.049803
-0.027066 0.072127 0.050587
-0.033204 0.069894 0.053188
-0.021281 0.067616 0.053694
-0.024298 0.071329 0.052503
-0.031317 0.070412 0.052529
-0.028868 0.075455 0.049816
-0.028351 0.071431 0.051178
-0.032521 0.073411 0.051526
-0.033138 0.069348 0.053312
-0.033919 0.069964 0.053030
-0.032007 0.069297 0.053232
-0.024355 0.069721 0.053032
-0.033365 0.071394 0.052970
-0.024235 0.070252 0.052907
-0.030773 0.067929 0.053774
-0.022542 0.065702 0.053854
-0.023585 0.067655 0.053669
-0.025744 0.071152 0.052024
-0.022248 0.073140 0.052757
-0.022833 0.072810 0.052671
-0.033295 0.067917 0.053739
-0.028628 0.070284 0.052269
-0.030012 0.068953 0.053206
-0.026458 0.069206 0.052991
-0.027666 0.071910 0.050473
-0.025309 0.070852 0.052364
-0.021941 0.071810 0.052964
-0.032198 0.067975 0.053782
-0.030775 0.070181 0.052525
-0.024483 0.067088 0.053831
-0.029958 0.077362 0.051108
-0.031869 0.074004 0.048875
-0.028913 0.067442 0.053987
-0.034632 0.068539 0.052889
-0.021444 0.069278 0.053505
-0.027891 0.066142 0.054271
-0.033730 0.070911 0.053004
-0.023480 0.071377 0.052752
-0.028207 0.071888 0.050180
-0.027260 0.067629 0.053853
-0.024704 0.074501 0.052651
-0.027264 0.074540 0.049381
-0.028196 0.064727 0.054295
-0.031152 0.067013 0.054059
-0.032487 0.065889 0.053807
-0.031537 0.070483 0.052547
-0.025234 0.066686 0.054078
-0.022719 0.069499 0.053358
-0.028243 0.076969 0.051546
-0.030347 0.066202 0.054130
-0.031427 0.073849 0.048705
-0.032202 0.075977 0.052268
-0.022438 0.073306 0.052727
-0.027396 0.070194 0.052428
-0.028583 0.070853 0.051841
-0.025683 0.067736 0.053721
-0.027973 0.066681 0.054230
-0.027724 0.070782 0.051926
-0.031417 0.072374 0.050390
-0.025890 0.069076 0.053121
-0.029112 0.070095 0.052375
-0.022903 0.068379 0.053531
-0.026954 0.074740 0.050344
-0.028778 0.063932 0.054265
-0.026911 0.064921 0.054244
-0.027799 0.076046 0.051386
-0.030323 0.071990 0.049579
-0.026314 0.073129 0.050647
-0.032459 0.071545 0.052613
-0.024893 0.072979 0.052227
-0.027417 0.075939 0.052457
-0.028918 0.068820 0.053324
-0.032567 0.073315 0.051640
-0.032216 0.074928 0.051296
-0.032443 0.074083 0.051996
-0.025105 0.069735 0.052901
-0.024612 0.066487 0.053994
-0.025912 0.072317 0.051355
-0.030948 0.065882 0.054046
-0.024107 0.074206 0.052762
-0.028047 0.071779 0.050513
-0.025931 0.070275 0.052459
-0.030308 0.067319 0.054035
-0.033337 0.075281 0.052857
-0.028631 0.064424 0.054303
-0.032246 0.073796 0.049658
-0.027966 0.076781 0.051190
-0.027237 0.074727 0.051546
-0.030691 0.070438 0.052292
-0.027020 0.075202 0.052467
-0.027540 0.072412 0.049624
-0.025466 0.077645 0.052341
-0.032113 0.073283 0.049813
-0.029644 0.072127 0.049694
-0.025194 0.070062 0.052720
-0.026568 0.064438 0.054183
-0.034035 0.067924 0.053073
-0.033743 0.069385 0.053170
-0.021116 0.069511 0.053534
-0.029830 0.076556 0.050478
-0.029174 0.063392 0.054269
-0.028350 0.070770 0.051930
-0.027651 0.070374 0.052278
-0.032369 0.075588 0.052488
-0.034487 0.067866 0.052881
-0.034214 0.072596 0.052803
-0.025654 0.077002 0.052547
-0.030144 0.064606 0.054162
-0.034628 0.070992 0.052773
-0.032653 0.066678 0.053925
-0.026233 0.073311 0.051084
-0.024398 0.075791 0.052765
-0.033794 0.067627 0.053460
-0.022259 0.072563 0.052774
-0.024888 0.071393 0.052230
-0.025616 0.069128 0.053135
-0.033004 0.074798 0.052829
-0.029830 0.071537 0.050153
-0.032676 0.069156 0.053383
-0.030833 0.071412 0.050651
-0.028217 0.070553 0.052105
-0.025724 0.075859 0.052790
-0.025746 0.070465 0.052419
-0.025098 0.073402 0.052288
-0.028246 0.066515 0.054255
-0.033844 0.068825 0.053174
-0.025718 0.072325 0.051591
-0.028877 0.065671 0.054160
-0.031630 0.071591 0.051097
-0.032240 0.073191 0.050983
-0.030753 0.065226 0.054090
-0.027773 0.073298 0.048913
-0.028247 0.064143 0.054291
-0.027969 0.076190 0.050115
-0.029927 0.069751 0.052674
-0.028025 0.072551 0.049273
-0.031881 0.065783 0.053971
-0.022966 0.069219 0.053379
-0.026735 0.074513 0.049575
-0.031620 0.065982 0.053993
-0.027365 0.064367 0.054250
-0.034584 0.069405 0.052866
-0.028381 0.068972 0.053203
-0.032342 0.067028 0.053962
-0.026715 0.078859 0.052253
-0.022365 0.072020 0.052836
-0.031445 0.067820 0.053913
-0.021788 0.071628 0.053042
-0.027720 0.069537 0.052848
-0.031671 0.071531 0.051281
-0.030592 0.071014 0.051537
-0.033269 0.073267 0.052878
-0.031757 0.072756 0.048395
-0.031839 0.071872 0.050803
-0.032089 0.073597 0.050722
-0.025993 0.075627 0.052799
-0.033018 0.073084 0.052758
-0.021735 0.069114 0.053498
-0.025624 0.071278 0.051941
-0.033278 0.074411 0.052902
-0.027474 0.077506 0.052453
-0.025593 0.076783 0.052600
-0.032393 0.071983 0.052183
-0.028956 0.064429 0.054248
-0.027369 0.078825 0.052301
-0.030465 0.074004 0.049525
-0.027673 0.072204 0.049887
-0.031692 0.072866 0.048350
-0.029319 0.075783 0.050075
-0.023397 0.070199 0.053109
-0.027533 0.074937 0.049908
-0.030955 0.070929 0.051857
-0.031327 0.073162 0.048653
-0.030404 0.075134 0.049880
-0.029468 0.070295 0.052190
-0.029630 0.069917 0.052519
-0.030674 0.068206 0.053605
-0.031950 0.073059 0.048945
-0.023050 0.068595 0.053485
-0.025913 0.068180 0.053585
-0.027053 0.074557 0.051465
-0.032359 0.073625 0.051257
-0.027828 0.076308 0.050258
-0.025145 0.068342 0.053520
-0.032693 0.070625 0.053014
-0.031512 0.076243 0.050250
-0.022353 0.069866 0.053329
-0.026303 0.065342 0.054227
-0.033577 0.075465 0.052873
-0.031614 0.072873 0.050183
-0.031168 0.071652 0.050560
-0.032360 0.072445 0.050880
-0.028196 0.077626 0.052243
-0.028000 0.076807 0.052301
-0.029825 0.065079 0.054140
-0.034344 0.070633 0.052868
-0.026387 0.078833 0.052229
-0.032225 0.075120 0.051899
-0.024177 0.070817 0.052768
-0.026535 0.074304 0.052269
-0.027570 0.076007 0.050591
-0.026053 0.075063 0.052670
-0.031917 0.070882 0.052615
-0.024792 0.072075 0.052137
-0.027207 0.073214 0.048964
-0.031571 0.065171 0.053999
-0.023956 0.065262 0.053952
-0.025853 0.066682 0.054303
-0.032007 0.074211 0.049074
-0.031155 0.066311 0.053997
-0.031134 0.066145 0.054009
-0.029337 0.063194 0.054268
-0.022634 0.069244 0.053411
-0.033218 0.068401 0.053400
-0.024441 0.070556 0.052770
-0.033859 0.073785 0.052908
-0.029585 0.068378 0.053569
-0.023756 0.065927 0.053910
-0.028600 0.065900 0.054201
-0.029543 0.064867 0.054189
-0.026650 0.074162 0.050818
-0.026551 0.068575 0.053397
-0.028964 0.074540 0.049937
-0.027574 0.067039 0.054228
-0.028162 0.075843 0.049761
-0.027086 0.076485 0.052618
-0.023021 0.072435 0.052600
-0.025331 0.068099 0.053603
-0.023864 0.073870 0.052763
-0.029338 0.070396 0.052077
-0.024054 0.075809 0.052741
-0.032079 0.076230 0.051667
-0.027749 0.071941 0.050393
-0.031941 0.073319 0.050483
-0.028833 0.066663 0.054196
-0.028396 0.076130 0.050088
-0.021086 0.070281 0.053495
-0.028970 0.063955 0.054249
-0.026369 0.070881 0.051976
-0.028176 0.066839 0.054161
-0.029588 0.066196 0.054160
-0.030735 0.064881 0.054097
-0.033000 0.066574 0.053899
-0.025174 0.065184 0.054147
-0.026448 0.070658 0.052159
-0.033169 0.072098 0.052841
-0.022700 0.072057 0.052778
-0.023873 0.071672 0.052592
-0.026676 0.072597 0.050334
-0.026418 0.076962 0.052602
-0.027895 0.071582 0.050993
-0.033410 0.070430 0.053107
-0.025445 0.071435 0.051893
-0.025280 0.071432 0.051974
-0.022734 0.070104 0.053227
-0.028958 0.068182 0.053605
-0.026412 0.071383 0.051618
-0.026635 0.073294 0.049945
-0.033015 0.068337 0.053577
-0.025085 0.072291 0.052012
-0.029570 0.074604 0.050097
-0.029990 0.072044 0.049592
-0.030484 0.073534 0.049460
-0.021622 0.068794 0.053537
-0.026709 0.067542 0.053874
-0.023946 0.069065 0.053287
-0.026071 0.072880 0.051059
-0.026591 0.073729 0.050299
-0.032126 0.072567 0.050678
-0.026618 0.070946 0.051942
-0.023845 0.072754 0.052470
-0.031428 0.066770 0.054059
-0.034110 0.069667 0.053003
-0.027708 0.075776 0.052207
-0.032776 0.072886 0.052420
-0.030343 0.070510 0.052093
-0.029282 0.065231 0.054199
-0.033587 0.067713 0.053667
-0.030297 0.067480 0.053957
-0.026330 0.065087 0.054210
-0.031404 0.070708 0.052333
-0.032125 0.071612 0.052245
-0.031780 0.076379 0.050462
-0.023923 0.075276 0.052827
-0.025193 0.065918 0.054204
-0.028812 0.071353 0.051150
-0.025108 0.072092 0.051968
-0.026303 0.071749 0.051293
-0.023082 0.070934 0.052988
-0.031652 0.065736 0.054012
-0.030254 0.065247 0.054120
-0.030234 0.068686 0.053337
-0.023749 0.066557 0.053841
-0.024798 0.073668 0.052423
-0.034003 0.070283 0.052978
-0.027791 0.072838 0.049037
-0.027668 0.073989 0.049160
-0.029684 0.070451 0.052037
-0.030577 0.069407 0.052922
-0.030485 0.068418 0.053475
-0.030333 0.069310 0.052964
-0.023579 0.071810 0.052661
-0.030576 0.071432 0.050568
-0.028163 0.068840 0.053269
-0.026627 0.074451 0.049726
-0.024831 0.070875 0.052526
-0.029651 0.074797 0.050144
-0.026617 0.073077 0.050136
-0.023545 0.067003 0.053770
-0.030643 0.069572 0.052822
-0.030640 0.071162 0.051262
-0.027570 0.076464 0.052420
-0.033186 0.070852 0.053054
-0.027236 0.076330 0.052545
-0.021079 0.072182 0.053155
-0.028585 0.071072 0.051635
-0.028846 0.070699 0.051913
-0.023729 0.070281 0.053015
-0.032540 0.073567 0.051743
-0.026273 0.074473 0.052353
-0.026408 0.068350 0.053512
-0.032674 0.073260 0.052238
-0.032686 0.072745 0.052228
-0.031886 0.071239 0.052219
-0.024902 0.066147 0.054155
-0.033175 0.075680 0.052816
-0.026687 0.074582 0.052320
-0.028991 0.069953 0.052493
-0.032517 0.074932 0.052565
-0.032771 0.069392 0.053305
-0.026649 0.065337 0.054336
-0.033814 0.071478 0.052920
-0.026456 0.073339 0.050389
-0.031859 0.069699 0.053056
-0.024649 0.074902 0.052791
-0.022028 0.069692 0.053390
-0.026323 0.073488 0.051957
-0.023906 0.073134 0.052498
-0.029903 0.073677 0.049793
-0.029892 0.076190 0.050317
-0.023977 0.066367 0.053887
-0.031943 0.068114 0.053779
-0.026242 0.069850 0.052635
-0.033813 0.074027 0.052949
-0.021729 0.070386 0.053323
-0.026638 0.076434 0.052735
-0.029993 0.072181 0.049355
-0.032648 0.066358 0.053880
-0.034119 0.068523 0.053086
-0.027370 0.076959 0.052554
-0.028362 0.072378 0.049389
-0.033245 0.069583 0.053253
-0.029187 0.077288 0.050887
-0.027798 0.078225 0.052324
-0.027444 0.071734 0.050928
-0.027995 0.070999 0.051738
-0.030858 0.066315 0.054004
-0.026612 0.073705 0.050136
-0.029665 0.071257 0.050850
-0.032081 0.070399 0.052936
-0.026657 0.071235 0.051727
-0.028378 0.072710 0.049245
-0.025785 0.076210 0.052742
-0.025893 0.076790 0.052620
-0.024498 0.065171 0.054019
-0.025716 0.074752 0.052629
-0.022216 0.070736 0.053176
-0.031584 0.072228 0.050531
-0.033216 0.072328 0.052838
-0.027064 0.071046 0.051777
-0.020348 0.071045 0.053702
-0.027434 0.073265 0.048846
-0.027160 0.074893 0.050671
-0.023436 0.074069 0.052828
-0.031054 0.075532 0.049735
-0.027842 0.075975 0.050108
-0.028957 0.076333 0.050403
-0.032759 0.068859 0.053492
-0.029777 0.068190 0.053663
-0.028298 0.077012 0.050922
-0.033539 0.075139 0.052898
-0.021210 0.073000 0.053006
-0.031166 0.072498 0.049085
-0.028272 0.065540 0.054193
-0.032064 0.066587 0.053906
-0.027128 0.078294 0.052339
-0.027266 0.072864 0.049141
-0.027753 0.076796 0.052325
-0.028850 0.069370 0.052965
-0.034191 0.070002 0.052941
-0.026631 0.077151 0.052559
-0.027683 0.063814 0.054191
-0.024675 0.069735 0.052969
-0.034263 0.067416 0.053040
-0.032224 0.073996 0.051035
-0.029549 0.063928 0.054249
-0.031769 0.070120 0.052934
-0.031194 0.068465 0.053512
-0.025642 0.071800 0.051644
-0.025863 0.072604 0.051651
-0.023777 0.071256 0.052714
-0.027052 0.064060 0.054227
-0.025033 0.070935 0.052414
-0.025562 0.074925 0.052752
-0.025454 0.070294 0.052551
-0.031678 0.067746 0.054011
-0.028427 0.068679 0.053369
-0.025352 0.064871 0.054128
-0.033365 0.073752 0.052884
-0.032219 0.072089 0.051212
-0.032491 0.069929 0.053076
-0.024370 0.068216 0.053556
-0.026530 0.072273 0.050692
-0.023795 0.068165 0.053565
-0.026258 0.068175 0.053587
-0.021999 0.071013 0.053146
-0.027388 0.064609 0.054299
-0.025563 0.064695 0.054113
-0.031529 0.072657 0.048383
-0.025205 0.071109 0.052242
-0.032574 0.074632 0.052520
-0.029409 0.070970 0.051527
-0.022159 0.068712 0.053518
-0.028915 0.077879 0.051857
-0.025909 0.069864 0.052640
-0.023074 0.073321 0.052618
-0.025332 0.072029 0.051818
-0.023952 0.067632 0.053690
-0.032723 0.074759 0.052700
-0.025625 0.068603 0.053415
-0.027740 0.076160 0.050420
-0.026190 0.073117 0.051737
-0.034025 0.067528 0.053201
-0.028974 0.066497 0.054189
-0.028417 0.071820 0.050176
-0.030026 0.068566 0.053433
-0.024686 0.065657 0.054133
-0.028679 0.071916 0.049912
-0.030276 0.067669 0.053853
-0.026676 0.077951 0.052382
-0.024855 0.068318 0.053516
-0.031080 0.071126 0.051693
-0.030948 0.073850 0.049079
-0.028667 0.063701 0.054241
-0.024069 0.072242 0.052400
-0.028663 0.068997 0.053208
-0.027290 0.065131 0.054299
-0.031763 0.067935 0.053904
-0.032229 0.074781 0.051209
-0.021677 0.072139 0.052966
-0.021037 0.069134 0.053571
-0.026661 0.073930 0.051981
-0.028900 0.071482 0.050710
-0.032305 0.074723 0.052046
-0.029303 0.069891 0.052530
-0.032992 0.072233 0.052783
-0.027304 0.067125 0.054239
-0.028962 0.070453 0.052076
-0.024010 0.068452 0.053485
-0.029309 0.075270 0.050114
-0.022702 0.071353 0.052939
-0.026196 0.071032 0.051877
-0.031913 0.072970 0.048347
-0.026035 0.070891 0.052062
-0.023191 0.074128 0.052812
-0.031806 0.073041 0.050362
-0.033461 0.074838 0.052910
-0.026968 0.063852 0.054205
-0.025782 0.073399 0.052150
-0.026836 0.065574 0.054410
-0.030976 0.070304 0.052508
-0.033832 0.074211 0.052959
-0.028667 0.070072 0.052422
-0.026235 0.075927 0.052783
-0.023112 0.072768 0.052593
-0.026784 0.064685 0.054245
-0.029493 0.065799 0.054139
-0.030509 0.066505 0.054059
-0.031605 0.067518 0.054073
-0.030514 0.071227 0.050912
-0.032113 0.076133 0.051407
-0.023723 0.075406 0.052836
-0.027443 0.078499 0.052291
-0.026389 0.070296 0.052377
-0.030201 0.070382 0.052195
-0.032225 0.074995 0.051534
-0.025215 0.070432 0.052577
-0.023105 0.069594 0.053290
-0.032544 0.069646 0.053174
-0.025089 0.071261 0.052202
-0.021536 0.071361 0.053178
-0.024087 0.073963 0.052726
-0.026226 0.067087 0.054084
-0.033980 0.067453 0.053310
-0.026645 0.073830 0.051400
-0.031859 0.070613 0.052726
-0.024983 0.066460 0.054098
-0.025591 0.069795 0.052720
-0.030199 0.068287 0.053575
-0.026993 0.074556 0.052208
-0.027287 0.074755 0.051824
-0.032594 0.075180 0.052661
-0.026324 0.076472 0.052718
-0.028781 0.064997 0.054244
-0.031878 0.070377 0.052890
-0.032288 0.075078 0.050754
-0.025759 0.078101 0.052264
-0.032192 0.073440 0.050978
-0.028977 0.075009 0.049995
-0.026680 0.072141 0.050749
-0.026749 0.074178 0.049583
-0.030837 0.071037 0.051626
-0.033594 0.073325 0.052877
-0.022914 0.070356 0.053146
-0.025004 0.065607 0.054171
-0.024050 0.068797 0.053368
-0.027719 0.065733 0.054126
-0.029230 0.063695 0.054265
-0.032839 0.073167 0.052524
-0.024220 0.066753 0.053866
-0.023411 0.067373 0.053717
-0.022262 0.071800 0.052906
-0.028614 0.071707 0.050264
-0.021809 0.068443 0.053571
-0.025836 0.067455 0.053842
-0.021927 0.069424 0.053444
-0.031705 0.074602 0.048965
-0.033891 0.067407 0.053465
-0.023717 0.069755 0.053154
-0.025401 0.071254 0.052078
-0.033258 0.068659 0.053347
-0.029216 0.071319 0.050907
-0.026261 0.078225 0.052287
-0.027679 0.077364 0.052427
-0.032513 0.072907 0.051312
-0.033704 0.071844 0.052884
-0.025807 0.069602 0.052805
-0.026649 0.070312 0.052403
-0.030783 0.064484 0.054084
-0.033507 0.068188 0.053366
-0.025646 0.070031 0.052614
-0.030130 0.070964 0.051465
-0.027635 0.078596 0.052280
-0.034431 0.068831 0.052965
-0.028484 0.064212 0.054304
-0.028494 0.067092 0.054078
-0.033357 0.069044 0.053317
-0.022987 0.071416 0.052884
-0.026663 0.068257 0.053551
-0.022999 0.072044 0.052749
-0.023073 0.074318 0.052812
-0.027644 0.071053 0.051634
-0.032973 0.074100 0.052828
-0.026743 0.074300 0.051283
-0.022745 0.066025 0.053866
-0.022972 0.074081 0.052741
-0.028928 0.063197 0.054232
-0.024474 0.069198 0.053194
-0.025322 0.066420 0.054201
-0.032772 0.070395 0.053050
-0.026009 0.072856 0.050742
-0.028019 0.075304 0.049575
-0.023769 0.071523 0.052636
-0.029638 0.077081 0.050861
-0.022771 0.067225 0.053738
-0.032134 0.073915 0.049177
-0.021587 0.071774 0.053073
-0.024244 0.065781 0.053998
-0.023857 0.067049 0.053788
-0.021772 0.072375 0.052891
-0.030713 0.069927 0.052658
-0.026687 0.072675 0.050192
-0.032186 0.075482 0.051955
-0.026554 0.075404 0.052636
-0.027439 0.067809 0.053759
-0.021438 0.072111 0.053049
-0.025808 0.072201 0.051445
-0.025043 0.076033 0.052740
-0.032347 0.074984 0.052293
-0.032643 0.074403 0.052509
-0.031712 0.073039 0.050168
-0.021770 0.066398 0.053787
-0.027348 0.066409 0.054357
-0.032421 0.072189 0.051484
-0.031359 0.067305 0.054107
-0.033426 0.067013 0.053853
-0.022112 0.067706 0.053665
-0.025664 0.071389 0.051865
-0.023221 0.068176 0.053556
-0.032164 0.071780 0.052089
-0.027075 0.075513 0.052527
-0.033638 0.074540 0.052947
-0.031904 0.074905 0.049415
-0.024893 0.066684 0.054008
-0.023421 0.068926 0.053396
-0.021670 0.067442 0.053705
-0.033188 0.071111 0.053014
-0.022754 0.068621 0.053500
-0.029249 0.067562 0.053974
-0.028368 0.074435 0.049625
-0.026830 0.074155 0.051922
-0.031771 0.072746 0.050399
-0.022921 0.074793 0.052697
-0.023594 0.075684 0.052816
-0.026804 0.064101 0.054208
-0.027753 0.076207 0.050214
-0.021636 0.066790 0.053768
-0.023915 0.074471 0.052819
-0.028466 0.069594 0.052805
-0.024870 0.067509 0.053761
-0.026810 0.072325 0.050458
-0.027164 0.067006 0.054331
-0.025331 0.076998 0.052519
-0.032247 0.074540 0.051504
-0.028143 0.069953 0.052550
-0.026973 0.072004 0.050801
-0.030842 0.072324 0.049601
-0.026797 0.071067 0.051833
-0.025028 0.070379 0.052646
-0.025940 0.065957 0.054349
-0.028591 0.066548 0.054218
-0.032783 0.071997 0.052711
-0.021958 0.073915 0.052761
-0.027531 0.076252 0.050604
-0.030486 0.065168 0.054125
-0.030674 0.070672 0.052034
-0.027485 0.075262 0.050561
-0.026104 0.077007 0.052576
-0.031104 0.076653 0.050608
-0.021676 0.071156 0.053187
-0.032194 0.074110 0.050157
-0.033271 0.071653 0.052903
-0.028393 0.066196 0.054246
-0.025129 0.075049 0.052829
-0.021361 0.069742 0.053479
-0.030489 0.069170 0.053057
-0.030026 0.071210 0.050576
-0.032905 0.073623 0.052770
-0.027166 0.071202 0.051607
-0.032805 0.073881 0.052713
-0.026382 0.073471 0.050601
-0.031029 0.073380 0.048967
-0.032494 0.069006 0.053428
-0.025913 0.066870 0.054207
-0.026701 0.074440 0.050257
-0.032464 0.072154 0.051285
-0.033238 0.072605 0.052818
-0.022402 0.074219 0.052775
-0.025749 0.077391 0.052433
-0.028750 0.066256 0.054198
-0.028056 0.063922 0.054215
-0.022313 0.069347 0.053425
-0.024624 0.066802 0.053911
-0.032262 0.074129 0.049382
-0.027135 0.074951 0.050251
-0.026710 0.069837 0.052656
-0.027405 0.071517 0.051167
-0.031507 0.068055 0.053771
-0.028809 0.064210 0.054275
-0.026952 0.070078 0.052534
-0.030172 0.071476 0.050313
-0.027132 0.071770 0.050978
-0.021232 0.070770 0.053375
-0.032540 0.075819 0.052607
-0.032176 0.069668 0.053106
-0.026715 0.070730 0.052098
-0.034003 0.069406 0.053070
-0.032828 0.075214 0.052760
-0.024782 0.065303 0.054116
-0.030110 0.070568 0.051920
-0.028326 0.070371 0.052240
-0.027618 0.076179 0.052373
-0.023946 0.074976 0.052849
-0.024757 0.067788 0.053677
-0.032034 0.073072 0.050680
-0.022411 0.070907 0.053098
-0.030284 0.064910 0.054146
-0.032560 0.073585 0.051931
-0.031179 0.065909 0.054028
-0.032271 0.075419 0.051154
-0.034186 0.073586 0.052875
-0.029214 0.067940 0.053658
-0.031965 0.072564 0.050555
-0.032975 0.074440 0.052830
-0.028403 0.071664 0.050461
-0.022865 0.069725 0.053296
-0.031782 0.072852 0.049048
-0.024840 0.076234 0.052685
-0.026884 0.075685 0.052587
-0.021206 0.071992 0.053147
-0.031915 0.073132 0.049789
-0.033376 0.071903 0.052870
-0.029651 0.067491 0.054059
-0.030218 0.075972 0.050264
-0.026659 0.078549 0.052281
-0.032143 0.073600 0.050037
-0.029223 0.071155 0.051408
-0.031493 0.066495 0.053994
-0.024695 0.069404 0.053093
-0.024029 0.076038 0.052703
-0.031318 0.065832 0.054021
-0.027094 0.071529 0.051211
-0.021406 0.068203 0.053619
-0.025627 0.072534 0.051797
-0.028008 0.064358 0.054292
-0.026285 0.072175 0.050947
-0.023687 0.072997 0.052507
-0.032119 0.071994 0.051509
-0.024044 0.069625 0.053114
-0.030490 0.071265 0.050754
-0.031439 0.075410 0.049504
-0.029326 0.072099 0.049637
-0.024354 0.066185 0.053998
-0.028471 0.067971 0.053637
-0.034357 0.068575 0.052993
-0.025814 0.074167 0.052341
-0.028615 0.077610 0.051474
-0.029871 0.064014 0.054216
-0.028929 0.063553 0.054262
-0.031487 0.071713 0.050650
-0.022168 0.072453 0.052804
-0.029362 0.071433 0.050556
-0.023348 0.070508 0.053025
-0.034324 0.072252 0.052813
-0.034463 0.068206 0.052908
-0.025090 0.075475 0.052846
-0.026559 0.073402 0.050258
-0.024863 0.076523 0.052618
-0.029544 0.063605 0.054255
-0.025820 0.077671 0.052368
-0.025881 0.077151 0.052520
-0.022092 0.067112 0.053754
-0.032152 0.073740 0.049213
-0.024682 0.073173 0.052335
-0.029037 0.064969 0.054238
-0.023591 0.072522 0.052441
-0.025362 0.076554 0.052642
-0.023929 0.073639 0.052666
-0.030811 0.071131 0.051462
-0.028089 0.075564 0.049526
-0.032212 0.075645 0.052248
-0.027607 0.067413 0.053959
-0.028138 0.076423 0.051936
-0.024246 0.071839 0.052427
-0.027159 0.064227 0.054242
-0.027122 0.075877 0.052561
-0.026602 0.067169 0.054100
-0.020647 0.071740 0.053360
-0.026776 0.074416 0.049482
-0.033594 0.073665 0.052884
-0.020065 0.071618 0.053597
-0.024398 0.069467 0.053110
-0.031309 0.075686 0.049746
-0.029859 0.067005 0.054184
-0.029402 0.067348 0.054129
-0.026600 0.077635 0.052447
-0.030325 0.064008 0.054155
-0.026968 0.074736 0.052300
-0.030018 0.071576 0.050188
-0.028536 0.064615 0.054299
-0.027087 0.073623 0.049154
-0.033509 0.074076 0.052930
-0.033586 0.068773 0.053255
-0.025423 0.072251 0.051793
-0.025029 0.066045 0.054211
-0.030910 0.066871 0.054036
-0.027265 0.075052 0.052329
-0.030675 0.071973 0.049864
-0.024481 0.074300 0.052675
-0.032237 0.075773 0.050337
-0.031239 0.068135 0.053683
-0.021472 0.073056 0.052921
-0.028297 0.072197 0.049646
-0.034356 0.071006 0.052854
-0.033686 0.069091 0.053217
-0.022912 0.065674 0.053887
-0.033833 0.067845 0.053243
-0.026078 0.070429 0.052352
-0.032782 0.072611 0.052450
-0.027660 0.076463 0.051085
-0.032199 0.072467 0.050766
-0.030602 0.064213 0.054110
-0.028820 0.071102 0.051549
-0.032264 0.066125 0.053870
-0.026707 0.071404 0.051555
-0.031542 0.071377 0.051527
-0.027587 0.075390 0.051531
-0.029423 0.071494 0.050360
-0.027359 0.075159 0.051045
-0.024605 0.075233 0.052834
-0.024736 0.071938 0.052186
-0.026562 0.072480 0.050553
-0.029826 0.065408 0.054155
-0.030236 0.071807 0.049845
-0.033241 0.067548 0.053998
-0.029823 0.070778 0.051683
-0.026431 0.069669 0.052733
-0.032278 0.075112 0.050200
-0.030828 0.069694 0.052800
-0.031261 0.069115 0.053188
-0.028515 0.076706 0.050605
-0.026835 0.069249 0.052990
-0.029602 0.065109 0.054186
-0.024059 0.070996 0.052737
-0.028671 0.068631 0.053410
-0.034309 0.073049 0.052818
-0.029044 0.078075 0.052068
-0.025416 0.074708 0.052668
-0.032574 0.072826 0.051533
-0.026677 0.069434 0.052862
-0.024057 0.071177 0.052643
-0.021569 0.073250 0.052914
-0.025321 0.074976 0.052800
-0.033894 0.068038 0.053182
-0.032383 0.069235 0.053318
-0.034140 0.071239 0.052894
-0.029443 0.071657 0.050102
-0.031101 0.071251 0.051451
-0.027776 0.074441 0.049391
-0.031845 0.068953 0.053369
-0.030419 0.070419 0.052224
-0.029181 0.069362 0.052968
-0.028419 0.070180 0.052366
-0.030719 0.071613 0.050433
-0.026472 0.064817 0.054180
-0.028469 0.064882 0.054270
-0.028432 0.067295 0.053986
-0.032181 0.072203 0.050865
-0.033695 0.067449 0.053682
-0.027535 0.065434 0.054287
-0.028805 0.063732 0.054266
-0.023530 0.066689 0.053808
-0.028201 0.066955 0.054079
-0.029421 0.076304 0.050267
-0.026933 0.065315 0.054319
-0.028440 0.069866 0.052601
-0.034212 0.068220 0.053009
-0.029120 0.070991 0.051574
-0.032740 0.068555 0.053585
-0.027337 0.077977 0.052398
-0.031960 0.067797 0.054005
-0.032964 0.072814 0.052679
-0.024934 0.072675 0.052167
-0.031494 0.069299 0.053138
-0.030029 0.071294 0.050390
-0.029224 0.071373 0.050782
-0.023280 0.072578 0.052522
-0.025315 0.069836 0.052795
-0.027694 0.077589 0.052370
-0.030612 0.065814 0.054100
-0.029731 0.067903 0.053788
-0.032929 0.067944 0.053889
-0.023631 0.066078 0.053880
-0.029203 0.076969 0.050752
-0.028274 0.078013 0.052264
-0.032179 0.068602 0.053558
-0.027569 0.071678 0.050920
-0.022045 0.070576 0.053243
-0.032978 0.071840 0.052812
-0.026509 0.073856 0.050625
-0.032027 0.066244 0.053897
-0.033842 0.072799 0.052842
-0.025930 0.074509 0.052429
-0.031729 0.071757 0.050939
-0.033564 0.069933 0.053131
-0.027722 0.065530 0.054214
-0.027457 0.068907 0.053205
-0.027385 0.075008 0.050161
-0.031434 0.072621 0.050232
-0.030051 0.074657 0.049922
-0.024469 0.074693 0.052757
-0.029440 0.063450 0.054250
-0.027894 0.064695 0.054297
-0.026339 0.072367 0.050752
-0.027780 0.075775 0.050303
-0.024663 0.072426 0.052205
-0.031409 0.072632 0.049170
-0.023011 0.074538 0.052779
-0.031904 0.071919 0.050767
-0.026666 0.076162 0.052756
-0.028886 0.071720 0.050170
-0.030374 0.071453 0.050456
-0.031251 0.070837 0.052177
-0.022632 0.074010 0.052751
-0.026044 0.072734 0.050863
-0.031063 0.071347 0.050998
-0.020982 0.072827 0.053100
-0.030116 0.073217 0.049579
-0.028851 0.067624 0.053875
-0.026891 0.065124 0.054297
-0.023611 0.066367 0.053843
-0.023298 0.067779 0.053639
-0.021884 0.071329 0.053097
-0.025542 0.077462 0.052390
-0.033808 0.068515 0.053203
-0.030703 0.072444 0.049029
-0.033451 0.075663 0.052844
-0.025585 0.068248 0.053560
-0.024050 0.072002 0.052485
-0.032110 0.076415 0.051379
-0.031968 0.073076 0.049160
-0.027728 0.071913 0.050427
-0.025537 0.065148 0.054111
-0.033914 0.075411 0.052888
-0.026778 0.074680 0.049879
-0.025568 0.072836 0.052014
-0.031888 0.067627 0.054038
-0.023859 0.067902 0.053629
-0.025696 0.076520 0.052670
-0.030779 0.077073 0.050910
-0.026741 0.073817 0.049574
-0.027045 0.076860 0.052620
-0.022799 0.067015 0.053768
-0.026756 0.072962 0.049887
-0.028235 0.076840 0.052147
-0.027680 0.064171 0.054205
-0.032861 0.075917 0.052718
-0.032428 0.071997 0.051868
-0.024481 0.074992 0.052798
-0.023808 0.069410 0.053217
-0.026943 0.070834 0.051987
-0.033633 0.066841 0.053672
-0.024607 0.071957 0.052242
-0.029145 0.063123 0.054261
-0.030723 0.072088 0.049707
-0.027612 0.067586 0.053856
-0.024201 0.068458 0.053476
-0.027240 0.078613 0.052279
-0.028058 0.071377 0.051257
-0.032272 0.071908 0.051906
-0.029342 0.064366 0.054251
-0.021837 0.073415 0.052840
-0.022859 0.073828 0.052675
-0.031069 0.067792 0.053857
-0.026956 0.077139 0.052581
-0.028015 0.076443 0.051548
-0.032224 0.067325 0.054009
-0.027498 0.075682 0.052384
-0.024672 0.068760 0.053357
-0.034724 0.070143 0.052772
-0.022559 0.074515 0.052716
-0.024281 0.071616 0.052433
-0.022849 0.071786 0.052821
-0.028901 0.071578 0.050407
-0.032006 0.071711 0.051732
-0.030786 0.072271 0.049617
-0.023184 0.067100 0.053752
-0.026593 0.074516 0.049921
-0.027509 0.076449 0.050766
-0.030871 0.072264 0.049773
-0.032915 0.072466 0.052663
-0.026020 0.071129 0.051916
-0.026126 0.070092 0.052503
-0.027088 0.065817 0.054413
-0.033414 0.072287 0.052833
-0.024747 0.072590 0.052183
-0.032374 0.074191 0.051831
-0.032298 0.075824 0.052443
-0.026899 0.071237 0.051681
-0.027356 0.071069 0.051637
-0.034708 0.070527 0.052764
-0.031578 0.069534 0.053056
-0.031920 0.068419 0.053625
-0.027729 0.075656 0.051927
-0.033669 0.074843 0.052938
-0.026616 0.074133 0.049961
-0.026247 0.076765 0.052646
-0.024333 0.074516 0.052713
-0.026350 0.067749 0.053758
-0.027099 0.071325 0.051478
-0.030998 0.070816 0.052029
-0.032537 0.067977 0.053871
-0.023594 0.074461 0.052857
-0.029996 0.071371 0.050273
-0.031370 0.072103 0.050502
-0.023705 0.070034 0.053090
-0.023250 0.066630 0.053799
-0.025020 0.068075 0.053598
-0.033094 0.073677 0.052858
-0.030757 0.069321 0.052993
-0.029097 0.077639 0.051075
-0.025573 0.065432 0.054149
-0.022935 0.066474 0.053823
-0.026373 0.067073 0.054150
-0.024160 0.069308 0.053191
-0.023167 0.073727 0.052704
-0.027295 0.070466 0.052244
-0.026931 0.077652 0.052467
-0.030781 0.067601 0.053927
-0.031658 0.071901 0.050703
-0.025940 0.067891 0.053681
-0.025250 0.072738 0.052097
-0.021703 0.071957 0.052987
-0.024128 0.072963 0.052452
-0.031559 0.069799 0.052980
-0.027318 0.073777 0.049048
-0.027588 0.073558 0.048952
-0.032335 0.075274 0.050485
-0.027988 0.072075 0.049982
-0.029134 0.076179 0.050271
-0.024870 0.071687 0.052142
-0.026950 0.069024 0.053132
-0.030470 0.070066 0.052527
-0.026948 0.071329 0.051562
-0.029582 0.064629 0.054220
-0.031755 0.070385 0.052818
-0.021625 0.072788 0.052908
-0.021589 0.073488 0.052887
-0.030457 0.071185 0.051086
-0.029699 0.065614 0.054116
-0.033593 0.074235 0.052955
-0.033068 0.070565 0.053082
-0.025051 0.073971 0.052454
-0.030698 0.074413 0.049410
-0.025345 0.066953 0.053995
-0.024807 0.070626 0.052618
-0.021713 0.069804 0.053412
-0.025369 0.075467 0.052843
-0.029870 0.071038 0.051362
-0.027018 0.068685 0.053320
-0.023471 0.075413 0.052802
-0.032509 0.075440 0.052604
-0.027244 0.078283 0.052342
-0.021348 0.071126 0.053273
-0.026140 0.066790 0.054346
-0.030370 0.071607 0.050197
-0.032185 0.068265 0.053707
-0.034601 0.069816 0.052826
-0.023664 0.071073 0.052824
-0.029028 0.065242 0.054208
-0.033066 0.071511 0.052898
-0.033716 0.068173 0.053266
-0.028529 0.065290 0.054184
-0.027219 0.066825 0.054367
-0.032446 0.073803 0.051687
-0.029710 0.071923 0.049830
-0.027010 0.074419 0.051856
-0.032774 0.074351 0.052710
-0.026333 0.073540 0.050919
-0.029175 0.065854 0.054144
-0.029400 0.070557 0.051913
-0.025919 0.071624 0.051582
-0.027845 0.071819 0.050601
-0.031340 0.069515 0.053018
-0.030006 0.070343 0.052183
-0.026292 0.078503 0.052250
-0.025464 0.070029 0.052642
-0.027027 0.066484 0.054458
-0.026074 0.072985 0.050819
-0.034129 0.074262 0.052954
-0.031800 0.075235 0.049525
-0.032807 0.075603 0.052727
-0.024291 0.076031 0.052706
-0.026383 0.073642 0.050760
-0.032633 0.066983 0.053963
-0.034261 0.071937 0.052833
-0.028853 0.077398 0.050946
-0.031180 0.072049 0.050413
-0.027591 0.075487 0.052230
-0.023302 0.068476 0.053493
-0.022679 0.073033 0.052692
-0.020632 0.071988 0.053317
-0.024846 0.071026 0.052453
-0.027614 0.075326 0.051973
-0.027336 0.065993 0.054310
-0.032218 0.075170 0.051457
-0.029384 0.077831 0.051205
-0.033999 0.067303 0.053353
-0.027978 0.065732 0.054140
-0.027901 0.066951 0.054158
-0.025139 0.066424 0.054157
-0.027168 0.077359 0.052530
-0.027562 0.078290 0.052316
-0.028180 0.067700 0.053801
-0.020796 0.070542 0.053586
-0.034562 0.069069 0.052901
-0.029181 0.064054 0.054260
-0.021376 0.067221 0.053728
-0.030372 0.064462 0.054126
-0.030120 0.069379 0.052933
-0.027508 0.075056 0.052001
-0.026978 0.066175 0.054473
-0.031315 0.066383 0.053998
-0.026107 0.073259 0.051951
-0.026097 0.072539 0.050961
-0.029655 0.077545 0.051074
-0.026243 0.073174 0.051458
-0.026454 0.066404 0.054572
-0.034012 0.067692 0.053120
-0.032305 0.072169 0.051618
-0.026727 0.065899 0.054490
-0.022529 0.071231 0.052998
-0.024671 0.076727 0.052539
-0.021410 0.068572 0.053572
-0.026127 0.074708 0.052469
-0.026654 0.073937 0.049732
-0.031675 0.073000 0.049937
-0.032268 0.074209 0.051275
-0.024645 0.070011 0.052873
-0.023735 0.074760 0.052849
-0.030060 0.070723 0.051717
-0.028039 0.070472 0.052178
-0.028047 0.076710 0.050781
-0.029101 0.071320 0.051004
-0.024839 0.068928 0.053281
-0.028007 0.071265 0.051391
-0.023244 0.069782 0.053228
-0.027243 0.068795 0.053261
-0.027241 0.077678 0.052462
-0.028468 0.077410 0.051643
-0.031154 0.074177 0.048923
-0.029768 0.066603 0.054185
-0.023784 0.065511 0.053922
-0.031491 0.068919 0.053325
-0.027975 0.077891 0.052309
-0.022633 0.069815 0.053302
-0.027511 0.071996 0.050379
-0.025253 0.073703 0.052311
-0.022761 0.070966 0.053025
-0.028639 0.069325 0.052994
-0.027657 0.069045 0.053137
-0.033690 0.072175 0.052852
-0.025769 0.073136 0.052071
-0.027095 0.070911 0.051874
-0.028788 0.073053 0.049356
-0.022051 0.069993 0.053342
-0.024263 0.075186 0.052830
-0.035129 0.068162 0.052790
-0.028373 0.063614 0.054191
-0.026232 0.070601 0.052205
-0.022278 0.073977 0.052782
-0.026080 0.071694 0.051408
-0.025399 0.073427 0.052241
-0.022191 0.071215 0.053062
-0.023690 0.067338 0.053732
-0.025491 0.071817 0.051734
-0.022048 0.069050 0.053487
-0.030074 0.075646 0.050137
-0.025723 0.066988 0.054072
-0.028785 0.077894 0.052071
-0.024170 0.075501 0.052778
-0.031980 0.071915 0.050944
-0.024889 0.069588 0.053002
-0.021994 0.067435 0.053710
-0.028142 0.076980 0.051009
-0.029057 0.070787 0.051774
-0.025108 0.076772 0.052562
-0.032173 0.065967 0.053873
-0.027333 0.075376 0.052410
-0.033955 0.074413 0.052960
-0.030924 0.068303 0.053551
-0.030641 0.072903 0.049160
-0.034092 0.072933 0.052826
-0.029717 0.063404 0.054252
-0.023756 0.072366 0.052493
-0.032354 0.066432 0.053899
-0.026726 0.066436 0.054521
-0.020456 0.071237 0.053570
-0.026039 0.072703 0.051380
-0.022628 0.067970 0.053614
-0.028858 0.066886 0.054166
-0.029410 0.069062 0.053178
-0.021796 0.068165 0.053610
-0.029473 0.068788 0.053351
-0.027183 0.074841 0.052269
-0.022578 0.072658 0.052705
-0.025163 0.069441 0.053033
-0.026867 0.076326 0.052699
-0.027522 0.072996 0.048954
-0.026921 0.072487 0.050144
-0.030931 0.071588 0.050526
-0.026251 0.075392 0.052736
-0.020331 0.071701 0.053474
-0.025987 0.075286 0.052767
-0.023025 0.066810 0.053784
-0.026892 0.072817 0.049721
-0.023618 0.072763 0.052443
-0.027209 0.074798 0.049829
-0.026027 0.077977 0.052315
-0.030014 0.066784 0.054185
-0.027187 0.073440 0.048838
-0.031732 0.070611 0.052616
-0.029422 0.063782 0.054234
-0.024443 0.072662 0.052311
-0.031428 0.065544 0.054021
-0.030486 0.068080 0.053690
-0.031932 0.072779 0.048262
-0.032123 0.073312 0.049462
-0.021756 0.073007 0.052869
-0.026872 0.074515 0.050712
-0.026044 0.077714 0.052372
-0.022848 0.068134 0.053573
-0.034500 0.071720 0.052804
-0.029130 0.071839 0.049933
-0.033184 0.067768 0.053945
-0.032540 0.074096 0.052296
-0.032886 0.076177 0.052678
-0.031123 0.071709 0.050477
-0.026859 0.070314 0.052401
-0.028188 0.067367 0.053959
-0.026418 0.068834 0.053239
-0.024068 0.071454 0.052544
-0.032600 0.072737 0.051807
-0.026027 0.072272 0.051094
-0.027323 0.074929 0.051423
-0.032258 0.075342 0.052243
-0.027751 0.071698 0.050863
-0.028017 0.065430 0.054197
-0.026526 0.073713 0.050404
-0.031614 0.067210 0.054129
-0.032569 0.072279 0.051382
-0.031676 0.068741 0.053442
-0.032124 0.075824 0.051799
-0.025482 0.075178 0.052823
-0.030160 0.077190 0.051071
-0.023585 0.065459 0.053911
-0.034416 0.070126 0.052871
-0.032079 0.076086 0.051761
-0.026741 0.073500 0.049497
-0.027113 0.064771 0.054286
-0.033900 0.069148 0.053139
-0.027597 0.071610 0.051050
-0.034847 0.068338 0.052834
-0.032621 0.073589 0.052240
-0.024509 0.073387 0.052428
-0.024390 0.070927 0.052628
-0.031348 0.065169 0.054027
-0.020870 0.070149 0.053564
-0.027472 0.069929 0.052600
-0.030030 0.067844 0.053792
-0.024198 0.068681 0.053401
-0.033553 0.067952 0.053454
-0.032664 0.074137 0.052573
-0.027500 0.067999 0.053668
-0.024612 0.076049 0.052715
-0.031075 0.065202 0.054057
-0.028385 0.076917 0.050782
-0.029293 0.070831 0.051627
-0.020775 0.069712 0.053595
-0.026113 0.072813 0.050741
-0.023246 0.071838 0.052736
-0.024911 0.071154 0.052336
-0.024756 0.075824 0.052774
-0.022607 0.067372 0.053720
-0.032403 0.071735 0.052498
-0.021718 0.066040 0.053803
-0.024399 0.073678 0.052516
-0.032186 0.075405 0.051732
-0.027009 0.067466 0.053954
-0.031126 0.066595 0.054000
-0.031309 0.072683 0.050094
-0.032030 0.073556 0.050370
-0.023048 0.073040 0.052615
-0.029356 0.070164 0.052292
-0.022950 0.069928 0.053240
-0.030270 0.069024 0.053143
-0.021768 0.067799 0.053662
-0.032654 0.075397 0.052660
-0.029863 0.071346 0.050267
-0.029445 0.068533 0.053491
-0.029524 0.073294 0.049658
-0.021984 0.072424 0.052844
-0.025567 0.066756 0.054139
-0.029644 0.071445 0.050225
-0.029862 0.069497 0.052862
-0.025977 0.065667 0.054243
-0.027429 0.072155 0.050249
-0.030881 0.069856 0.052768
-0.023149 0.068958 0.053409
-0.025574 0.072235 0.051676
-0.022687 0.070472 0.053143
-0.024019 0.066050 0.053930
-0.028056 0.066301 0.054278
-0.024132 0.068192 0.053563
-0.025900 0.071950 0.051405
-0.026643 0.074233 0.050557
-0.026868 0.076014 0.052673
-0.024207 0.074360 0.052750
-0.023831 0.071908 0.052592
-0.025799 0.074582 0.052495
-0.030125 0.071125 0.051173
-0.026435 0.069991 0.052549
-0.032316 0.073910 0.051375
-0.023318 0.072322 0.052552
-0.027663 0.064725 0.054297
-0.029765 0.075216 0.050121
-0.030639 0.070880 0.051746
-0.030129 0.066988 0.054160
-0.028107 0.076416 0.050413
-0.023422 0.071105 0.052872
-0.027472 0.078183 0.052342
-0.031476 0.066225 0.053982
-0.027751 0.076471 0.050664
-0.034371 0.069729 0.052913
-0.026739 0.068700 0.053323
-0.025284 0.068659 0.053398
-0.021058 0.068322 0.053623
-0.026804 0.067977 0.053673
-0.029382 0.074820 0.050144
-0.026719 0.067919 0.053697
-0.029770 0.068689 0.053392
-0.025053 0.077147 0.052439
-0.022691 0.070731 0.053078
-0.025615 0.073637 0.052246
-0.024927 0.069939 0.052848
-0.025927 0.068562 0.053418
-0.032566 0.071703 0.052635
-0.027620 0.075906 0.052342
-0.026820 0.074380 0.051157
-0.032079 0.076220 0.050591
-0.023642 0.070928 0.052867
-0.026363 0.071962 0.051109
-0.031262 0.071568 0.050715
-0.029865 0.069274 0.053010
-0.025517 0.077209 0.052474
-0.023652 0.073629 0.052704
-0.028332 0.068199 0.053571
-0.027663 0.066019 0.054218
-0.033183 0.070351 0.053132
-0.031631 0.075627 0.049737
-0.028705 0.077446 0.051047
-0.021938 0.068722 0.053522
-0.022926 0.073522 0.052654
-0.029565 0.074324 0.049984
-0.032263 0.074395 0.049919
-0.029436 0.067812 0.053773
-0.021876 0.068057 0.053623
-0.030878 0.066575 0.053997
-0.027775 0.076047 0.052234
-0.032530 0.073797 0.052098
-0.024988 0.068760 0.053355
-0.029146 0.077925 0.051315
-0.027989 0.076125 0.051745
-0.030480 0.076291 0.050388
-0.027798 0.075091 0.049762
-0.024490 0.075523 0.052817
-0.027182 0.072342 0.050153
-0.030236 0.067951 0.053751
-0.029533 0.066884 0.054199
-0.029870 0.066289 0.054180
-0.021396 0.067937 0.053649
-0.026669 0.070135 0.052488
-0.032133 0.072758 0.050649
-0.032245 0.076308 0.052304
-0.022397 0.070492 0.053201
-0.026920 0.074577 0.049503
-0.026153 0.069091 0.053060
-0.034784 0.068814 0.052841
-0.025140 0.076340 0.052683
-0.024424 0.065526 0.054031
-0.032205 0.073651 0.051013
-0.033131 0.067284 0.053995
-0.031592 0.075131 0.049320
-0.025777 0.075046 0.052731
-0.032571 0.072992 0.051602
-0.029139 0.067762 0.053791
-0.026759 0.067308 0.053999
-0.030645 0.066877 0.054068
-0.033996 0.068207 0.053128
-0.033678 0.067108 0.053693
-0.032152 0.073928 0.050447
-0.029947 0.071181 0.050970
-0.023709 0.068772 0.053408
-0.026257 0.077205 0.052529
-0.028260 0.071313 0.051361
-0.025526 0.067479 0.053804
-0.033015 0.071269 0.052958
-0.027950 0.063484 0.054169
-0.024306 0.069006 0.053276
-0.021621 0.071506 0.053123
-0.025096 0.071413 0.052082
-0.026146 0.074175 0.052297
-0.028735 0.067347 0.054000
-0.030165 0.066529 0.054160
-0.026528 0.072970 0.050321
-0.030725 0.070819 0.051871
-0.029700 0.069023 0.053190
-0.020423 0.071998 0.053379
-0.031376 0.069977 0.052883
-0.033198 0.072977 0.052843
-0.033709 0.067609 0.053633
-0.034143 0.073278 0.052846
-0.027556 0.071859 0.050701
-0.033889 0.067149 0.053495
-0.029043 0.077938 0.051522
-0.032281 0.072195 0.050976
-0.028947 0.072629 0.049357
-0.026969 0.069463 0.052866
-0.033598 0.074966 0.052921
-0.026356 0.072676 0.050660
-0.028539 0.071257 0.051404
-0.032111 0.076211 0.051991
-0.031478 0.070326 0.052673
-0.029187 0.070629 0.051859
-0.027267 0.072142 0.050407
-0.030434 0.071080 0.051360
-0.026902 0.072974 0.049478
-0.023850 0.072126 0.052539
-0.033122 0.073157 0.052850
-0.025408 0.066635 0.054075
-0.027859 0.068992 0.053172
-0.030346 0.069519 0.052839
-0.030358 0.071232 0.050698
-0.027870 0.075889 0.051745
-0.026373 0.073395 0.051723
-0.032126 0.075918 0.051509
-0.027236 0.072558 0.049624
-0.025034 0.070514 0.052603
-0.029049 0.069709 0.052707
-0.020873 0.071905 0.053265
-0.028087 0.069116 0.053106
-0.025974 0.066238 0.054431
-0.032466 0.068762 0.053501
-0.032425 0.066110 0.053844
-0.025895 0.065369 0.054111
-0.031079 0.070389 0.052485
-0.022998 0.070638 0.053070
-0.022723 0.068927 0.053453
-0.024974 0.069226 0.053144
-0.026810 0.067742 0.053780
-0.021971 0.072100 0.052896
-0.031819 0.073422 0.048608
-0.026910 0.079146 0.052266
-0.026138 0.065020 0.054159
-0.032631 0.076139 0.052616
-0.022436 0.067095 0.053763
-0.029657 0.067221 0.054169
-0.024830 0.069126 0.053196
-0.033253 0.073961 0.052895
-0.030530 0.071737 0.050062
-0.032355 0.070634 0.052948
-0.023619 0.069131 0.053325
-0.026836 0.068462 0.053449
-0.026908 0.078265 0.052341
-0.025025 0.074832 0.052752
-0.029156 0.066754 0.054185
-0.028361 0.069236 0.053044
-0.024268 0.070544 0.052820
-0.030324 0.069636 0.052758
-0.031691 0.071148 0.052148
-0.025300 0.069183 0.053143
-0.032407 0.075265 0.052502
-0.031295 0.071336 0.051414
-0.029625 0.071227 0.051083
-0.030314 0.066764 0.054141
-0.030350 0.076842 0.050793
-0.027625 0.074782 0.049616
-0.030742 0.068529 0.053410
-0.027759 0.065196 0.054261
-0.032617 0.071977 0.052550
-0.030911 0.069966 0.052718
-0.030350 0.070861 0.051648
-0.033055 0.066913 0.053941
-0.022579 0.066772 0.053805
-0.034834 0.067996 0.052821
-0.027323 0.072352 0.049933
-0.021714 0.067119 0.053741
-0.031264 0.069467 0.053023
-0.030992 0.069221 0.053090
-0.021411 0.070691 0.053337
-0.030018 0.071826 0.049807
-0.025968 0.066529 0.054425
-0.026124 0.068818 0.053259
-0.026580 0.071773 0.051158
-0.028838 0.069616 0.052786
-0.025913 0.075944 0.052783
-0.026707 0.075019 0.052467
-0.023287 0.066196 0.053842
-0.026444 0.067450 0.053889
-0.028154 0.067987 0.053669
-0.023399 0.070780 0.052957
-0.023293 0.074406 0.052845
-0.023201 0.065452 0.053895
-0.031851 0.071373 0.052053
-0.032363 0.070276 0.053005
-0.026706 0.073348 0.049580
-0.022712 0.073698 0.052681
-0.027792 0.077074 0.052417
-0.028856 0.071219 0.051377
-0.027653 0.072106 0.050163
-0.029911 0.065980 0.054155
-0.023678 0.070634 0.052926
-0.025013 0.067328 0.053823
-0.031878 0.067257 0.054053
-0.035035 0.068565 0.052790
-0.031835 0.071553 0.051514
-0.027014 0.077958 0.052408
-0.025977 0.067703 0.053756
-0.027323 0.076675 0.052551
-0.032673 0.071434 0.052799
-0.031688 0.072741 0.048273
-0.025317 0.072427 0.051942
-0.034137 0.068868 0.053074
-0.027333 0.072639 0.049335
-0.023078 0.071210 0.052920
-0.029116 0.071271 0.051236
-0.025144 0.068982 0.053246
-0.027314 0.063987 0.054212
-0.032814 0.069927 0.053145
-0.028048 0.069382 0.052947
-0.034100 0.072279 0.052824
-0.030161 0.067581 0.053923
-0.026400 0.075143 0.052602
-0.024605 0.070852 0.052588
-0.029789 0.070894 0.051548
-0.028636 0.068261 0.053562
-0.032207 0.075526 0.050148
-0.027903 0.067569 0.053870
-0.026264 0.069442 0.052848
-0.025090 0.067778 0.053687
-0.024941 0.073180 0.052276
-0.026492 0.072779 0.050480
-0.027311 0.067372 0.054037
-0.030975 0.068689 0.053356
-0.033514 0.073857 0.052909
-0.032176 0.076119 0.051048
-0.027927 0.073056 0.049005
-0.030041 0.066291 0.054175
-0.026021 0.076522 0.052692
-0.024082 0.072553 0.052420
-0.032253 0.073424 0.049723
-0.028619 0.076391 0.050402
-0.023957 0.067352 0.053744
-0.030201 0.071642 0.050120
-0.031549 0.076658 0.050680
-0.027190 0.069234 0.053017
-0.029447 0.071350 0.050696
-0.026622 0.065038 0.054259
-0.024240 0.071080 0.052638
-0.027823 0.069778 0.052688
-0.029207 0.068981 0.053233
-0.022627 0.074280 0.052763
-0.022455 0.067713 0.053662
-0.033217 0.074189 0.052892
-0.021391 0.070349 0.053398
-0.027573 0.067246 0.054106
-0.024138 0.067063 0.053807
-0.022492 0.071816 0.052863
-0.031491 0.071036 0.052148
-0.025345 0.074460 0.052568
-0.027004 0.068199 0.053566
-0.029514 0.065471 0.054161
-0.034185 0.069108 0.053030
-0.029061 0.067045 0.054156
-0.028130 0.069659 0.052765
