0.071272 0.043114 0.294940
0.068702 0.039553 0.295504
0.073083 0.046375 0.298210
0.072341 0.044588 0.295056
0.071480 0.040240 0.292790
0.069524 0.044264 0.297068
0.073422 0.043113 0.293065
0.072902 0.042094 0.293190
0.070475 0.047110 0.297196
0.071572 0.046921 0.296712
0.069230 0.041073 0.296391
0.069937 0.039975 0.293930
0.074430 0.042181 0.291503
0.067722 0.040634 0.296507
0.074033 0.043299 0.291339
0.068666 0.044232 0.298394
0.067773 0.039585 0.296494
0.071231 0.040584 0.292656
0.072994 0.042494 0.291741
0.069082 0.039592 0.294913
0.075459 0.046737 0.296855
0.069433 0.043011 0.296533
0.070864 0.041235 0.294306
0.074738 0.041368 0.290849
0.072084 0.045786 0.296992
0.069048 0.044231 0.296037
0.072516 0.044353 0.293404
0.071264 0.042744 0.294698
0.074097 0.042072 0.290960
0.073763 0.045446 0.294279
0.069775 0.041554 0.294311
0.076281 0.045255 0.294941
0.067558 0.041837 0.296957
0.071162 0.044149 0.295429
0.068605 0.041185 0.297379
0.072433 0.043327 0.292636
0.067532 0.043668 0.297561
0.072615 0.044571 0.294970
0.068053 0.042800 0.296628
0.066365 0.041775 0.298726
0.069186 0.042797 0.295374
0.073347 0.042789 0.291673
0.076688 0.044782 0.294126
0.071031 0.046848 0.296603
0.072654 0.044977 0.295544
0.071602 0.044455 0.295451
0.070981 0.042050 0.294537
0.074078 0.046212 0.295495
0.070922 0.041025 0.293158
0.066574 0.040911 0.298107
0.073961 0.042650 0.291158
0.066640 0.040297 0.298437
0.069666 0.045546 0.296122
0.071549 0.043553 0.293485
0.073949 0.047169 0.297610
0.069299 0.044745 0.296023
0.073624 0.045419 0.295726
0.066635 0.041822 0.298370
0.075888 0.045221 0.293170
0.070108 0.045102 0.295587
0.071490 0.043817 0.295020
0.068345 0.038738 0.296061
0.067340 0.042868 0.297439
0.075464 0.046051 0.295121
0.073051 0.042735 0.291784
0.072727 0.047491 0.297674
0.075108 0.045254 0.293551
0.070389 0.044285 0.296117
0.072497 0.046499 0.295998
0.073445 0.045672 0.294737
0.069792 0.046086 0.296368
0.068267 0.042417 0.296311
0.068614 0.041350 0.295528
0.072433 0.044833 0.295360
0.070961 0.044424 0.294451
0.068313 0.040283 0.295804
0.075519 0.041986 0.290921
0.070544 0.045418 0.296949
0.071817 0.046330 0.295757
0.071170 0.045334 0.296609
0.074408 0.046604 0.298521
0.070098 0.046800 0.297086
0.069392 0.041856 0.294777
0.069069 0.038850 0.295297
0.075273 0.045165 0.293290
0.066782 0.042851 0.298237
0.067612 0.040295 0.296628
0.074423 0.046664 0.298829
0.066103 0.042439 0.299479
0.070803 0.045050 0.296412
0.074554 0.045110 0.293454
0.070984 0.043097 0.295114
0.069929 0.042905 0.294540
0.071124 0.043323 0.293671
0.071281 0.041872 0.294279
0.070526 0.042555 0.295093
0.072730 0.043479 0.294002
0.069052 0.040890 0.294934
0.074682 0.046526 0.296348
0.074928 0.044884 0.294880
0.075069 0.044384 0.292033
0.075684 0.045852 0.297293
0.069049 0.041914 0.296860
0.073404 0.041974 0.292714
0.072873 0.044103 0.294479
0.074938 0.042161 0.291131
0.076007 0.043692 0.291547
0.070071 0.046081 0.298318
0.069621 0.041008 0.294335
0.068373 0.043758 0.296608
0.073871 0.044187 0.294184
0.075274 0.043103 0.291494
0.073332 0.042770 0.293039
0.075967 0.045368 0.293418
0.072319 0.046434 0.295964
0.067891 0.044369 0.297448
0.074689 0.044836 0.293053
0.071254 0.042520 0.293102
0.067038 0.043402 0.298067
0.073692 0.045992 0.295124
0.071383 0.043771 0.295046
0.074768 0.046169 0.298003
0.070362 0.046622 0.296378
0.074084 0.043757 0.291699
0.074593 0.044526 0.292474
0.069746 0.045339 0.295922
0.068907 0.044746 0.296428
0.068836 0.041570 0.295331
0.074248 0.042020 0.291366
0.069272 0.042405 0.296593
0.069944 0.044549 0.295341
0.067950 0.043760 0.298640
0.069694 0.045641 0.297862
0.067464 0.040847 0.298883
0.068582 0.045998 0.297545
0.068517 0.038826 0.295853
0.074231 0.044285 0.294133
0.068223 0.040580 0.295965
0.076204 0.045658 0.293960
0.071374 0.044390 0.294183
0.069862 0.041298 0.294175
0.070600 0.046664 0.296335
0.075094 0.045751 0.294577
0.074000 0.046073 0.295243
0.069215 0.043936 0.297315
0.071385 0.043634 0.295071
0.072265 0.041801 0.291947
0.071145 0.041137 0.294247
0.069709 0.045864 0.296304
0.075164 0.041960 0.290997
0.073389 0.041572 0.292160
0.076669 0.045190 0.292420
0.075387 0.045873 0.297137
0.071419 0.039902 0.293991
0.073513 0.044660 0.293191
0.071227 0.041252 0.292892
0.068269 0.039014 0.297286
0.075210 0.045409 0.293796
0.075465 0.044262 0.291565
0.070876 0.043028 0.293657
0.074375 0.044708 0.292935
0.071424 0.044097 0.293873
0.067672 0.042693 0.298804
0.069471 0.041925 0.296169
0.067768 0.042924 0.296958
0.074201 0.042484 0.290909
0.070027 0.044053 0.294993
0.065969 0.042713 0.299786
0.070955 0.044555 0.295837
0.068730 0.043295 0.297748
0.069874 0.043954 0.296433
0.069628 0.043672 0.296505
0.066531 0.042680 0.298612
0.072135 0.044431 0.293704
0.067382 0.045069 0.298277
0.068750 0.042995 0.295830
0.068933 0.044225 0.296149
0.074422 0.045221 0.293819
0.072177 0.041560 0.291969
0.072660 0.043757 0.294338
0.066035 0.042686 0.299642
0.067584 0.043342 0.297390
0.075324 0.044822 0.292718
0.070411 0.043214 0.295495
0.066028 0.042961 0.299641
0.069669 0.045384 0.296014
0.072427 0.044620 0.293717
0.070946 0.047107 0.297125
0.071058 0.044223 0.294251
0.069479 0.043434 0.295249
0.071528 0.046825 0.296536
0.067043 0.040757 0.297522
0.073090 0.044019 0.292671
0.070003 0.041047 0.293993
0.072459 0.046840 0.296616
0.068658 0.042697 0.295893
0.074660 0.043674 0.291073
0.068283 0.043917 0.296790
0.066493 0.043014 0.298729
0.066277 0.043340 0.299154
0.072743 0.042459 0.293429
0.067227 0.042867 0.297621
0.075118 0.045800 0.294804
0.066889 0.039917 0.298315
0.067626 0.044845 0.297887
0.068774 0.043483 0.296097
0.074703 0.045445 0.296039
0.074928 0.047101 0.297528
0.073822 0.047519 0.298097
0.068339 0.038604 0.296203
0.073277 0.045573 0.296034
0.066607 0.041515 0.298395
0.068035 0.040469 0.296124
0.071728 0.045411 0.296494
0.074406 0.043531 0.292551
0.074139 0.046792 0.296843
0.070324 0.046259 0.296066
0.070679 0.047098 0.297089
0.072173 0.045350 0.294468
0.069734 0.045182 0.297202
0.071620 0.041600 0.292617
0.075646 0.045229 0.295122
0.073393 0.045402 0.294141
0.075275 0.042156 0.290966
0.066448 0.043399 0.298894
0.069272 0.043926 0.295725
0.072586 0.043943 0.292976
0.073635 0.041879 0.292405
0.075184 0.044477 0.293917
0.075336 0.043496 0.290599
0.070264 0.041807 0.294992
0.072344 0.043736 0.293037
0.070133 0.044953 0.295448
0.073016 0.041209 0.292310
0.066643 0.043350 0.298583
0.071587 0.044325 0.293968
0.069155 0.043327 0.295561
0.074394 0.046373 0.296118
0.069294 0.040579 0.296327
0.072036 0.043694 0.294535
0.069563 0.044700 0.297229
0.069443 0.042700 0.296430
0.074928 0.043757 0.292564
0.073540 0.043693 0.292049
0.072715 0.047086 0.296929
0.070974 0.040496 0.292943
0.069790 0.043040 0.294736
0.071631 0.042584 0.294218
0.070975 0.045999 0.295575
0.070952 0.045219 0.296519
0.071356 0.040085 0.293118
0.075042 0.045959 0.295174
0.072759 0.044721 0.293676
0.072726 0.045296 0.296055
0.074943 0.044799 0.292871
0.073372 0.043396 0.291926
0.075801 0.044331 0.291369
0.068906 0.044377 0.298178
0.067913 0.038523 0.296982
0.067664 0.039938 0.298475
0.075543 0.041345 0.290856
0.068755 0.039404 0.295383
0.071115 0.043860 0.293999
0.066705 0.041976 0.298242
0.075332 0.043815 0.290867
0.074564 0.046145 0.295399
0.073449 0.041824 0.291798
0.069769 0.044599 0.296775
0.071409 0.044543 0.295596
0.072071 0.044626 0.295212
0.075625 0.044856 0.292627
0.074716 0.046655 0.296677
0.069749 0.041837 0.295689
0.072087 0.045833 0.295071
0.075158 0.040916 0.290648
0.074275 0.047236 0.297638
0.071765 0.040287 0.292665
0.074396 0.045267 0.295754
0.075836 0.045612 0.293958
0.072924 0.046520 0.295948
0.075377 0.046027 0.297574
0.074828 0.043547 0.290879
0.074100 0.043888 0.293541
0.071020 0.046983 0.296876
0.070038 0.045437 0.297191
0.069402 0.041591 0.294699
0.070504 0.043429 0.294316
0.070481 0.044071 0.295810
0.072848 0.044279 0.293082
0.067002 0.041901 0.297719
0.067508 0.039405 0.298101
0.071457 0.046131 0.295485
0.069915 0.039225 0.294480
0.070283 0.045228 0.295521
0.069977 0.039007 0.295210
0.075013 0.046331 0.298284
0.066520 0.043983 0.298970
0.067242 0.043559 0.297888
0.074620 0.047072 0.297450
0.071869 0.043958 0.293439
0.066106 0.042399 0.300060
0.069968 0.043057 0.294560
0.073761 0.043939 0.292108
0.067632 0.042548 0.297034
0.074426 0.042750 0.290815
0.069632 0.040514 0.294243
0.070287 0.043009 0.294279
0.069776 0.044962 0.296928
0.071967 0.040799 0.292151
0.071904 0.045398 0.296276
0.071874 0.042881 0.294054
0.071115 0.043546 0.293797
0.067931 0.040366 0.296263
0.072389 0.045080 0.294146
0.073182 0.043114 0.293252
0.072790 0.044567 0.294881
0.067700 0.039135 0.297722
0.073744 0.045769 0.294805
0.074866 0.045652 0.294399
0.067047 0.042082 0.299587
0.070367 0.044525 0.294996
0.072642 0.047180 0.297079
0.075816 0.044610 0.291914
0.070342 0.042827 0.294116
0.067704 0.043872 0.297384
0.075151 0.045960 0.297251
0.075027 0.043721 0.290958
0.069127 0.040043 0.294784
0.072330 0.045299 0.294341
0.068344 0.043485 0.296534
0.076598 0.044858 0.294341
0.074446 0.047246 0.297688
0.071269 0.043244 0.293494
0.072708 0.040899 0.292571
0.071068 0.042765 0.293380
0.072464 0.047415 0.297519
0.066128 0.042718 0.299385
0.075204 0.044746 0.294448
0.073426 0.045698 0.296312
0.067958 0.043764 0.297079
0.074828 0.046036 0.297537
0.067240 0.043135 0.297740
0.074205 0.043448 0.291206
0.066869 0.043950 0.298527
0.072350 0.042401 0.292192
0.066782 0.043149 0.298352
0.074234 0.042800 0.290996
0.071060 0.042467 0.293306
0.074208 0.044532 0.294353
0.072294 0.046580 0.296225
0.071897 0.044887 0.295613
0.075928 0.044993 0.292704
0.070125 0.047029 0.297254
0.070996 0.046462 0.298141
0.073964 0.044786 0.294884
0.067807 0.042314 0.296779
0.072399 0.045432 0.296338
0.071750 0.043778 0.294832
0.067521 0.039821 0.296721
0.072428 0.046657 0.298548
0.073202 0.045939 0.296831
0.071657 0.044143 0.293726
0.074964 0.044396 0.293833
0.075111 0.045569 0.294115
0.066323 0.041034 0.299056
0.069221 0.042671 0.296708
0.071636 0.047124 0.297048
0.069014 0.038481 0.296497
0.071413 0.045294 0.294884
0.073476 0.043832 0.292276
0.074775 0.046165 0.295760
0.073587 0.047099 0.297227
0.070160 0.044606 0.296411
0.072917 0.044034 0.292812
0.068055 0.041417 0.296221
0.071589 0.046069 0.297408
0.069354 0.043259 0.296764
0.069530 0.039070 0.294785
0.070998 0.041494 0.294372
0.068264 0.041571 0.298003
0.070262 0.046665 0.296713
0.073168 0.043443 0.293366
0.072945 0.047303 0.297366
0.073138 0.041897 0.292893
0.070727 0.042088 0.294687
0.070898 0.042686 0.293504
0.074541 0.044111 0.291792
0.070911 0.041529 0.293269
0.073583 0.042727 0.291534
0.070047 0.041678 0.294073
0.074799 0.046617 0.296539
0.070746 0.042257 0.293586
0.072963 0.045543 0.294637
0.070333 0.042290 0.295109
0.074193 0.041691 0.290802
0.067627 0.038957 0.296878
0.067453 0.044017 0.297794
0.067867 0.043021 0.298542
0.068234 0.045078 0.297289
0.071274 0.045730 0.297251
0.075089 0.044042 0.293046
0.071070 0.041361 0.293098
0.070515 0.044851 0.296321
0.070011 0.042050 0.295340
0.072703 0.044767 0.295130
0.076422 0.044509 0.292892
0.074332 0.044139 0.291978
0.067123 0.040270 0.297270
0.073111 0.045831 0.295057
0.070102 0.042635 0.294300
0.068409 0.043041 0.296311
0.070819 0.043725 0.295327
0.074394 0.045351 0.295954
0.066885 0.041828 0.297847
0.070220 0.045990 0.295964
0.072484 0.047253 0.297233
0.071863 0.046812 0.296595
0.073053 0.045369 0.294124
0.076459 0.045344 0.292830
0.074822 0.041129 0.290726
0.070668 0.043131 0.293893
0.072449 0.042609 0.293580
0.074172 0.046207 0.298129
0.071830 0.045789 0.297065
0.075468 0.043350 0.291503
0.073265 0.043724 0.292402
0.072071 0.046919 0.296787
0.073110 0.045596 0.296115
0.068015 0.040694 0.298215
0.067084 0.042163 0.297634
0.069045 0.043159 0.295563
0.069738 0.038966 0.294972
0.067228 0.040624 0.297091
0.072079 0.046474 0.296108
0.073846 0.046712 0.296640
0.070716 0.042315 0.294844
0.075644 0.045263 0.293298
0.069820 0.039365 0.295927
0.067074 0.043038 0.297878
0.074762 0.045180 0.293614
0.067280 0.040111 0.297031
0.072180 0.045568 0.296606
0.067048 0.044159 0.298350
0.068549 0.040497 0.295497
0.069673 0.042719 0.296113
0.069792 0.040803 0.294145
0.072062 0.044510 0.293824
0.075606 0.046055 0.295027
0.076470 0.044938 0.294474
0.075124 0.045883 0.296919
0.072226 0.040638 0.292211
0.073596 0.043544 0.291874
0.066724 0.041612 0.299553
0.071959 0.044599 0.293988
0.068897 0.044603 0.298378
0.070661 0.044062 0.295644
0.074397 0.043086 0.290959
0.069071 0.042288 0.295278
0.067991 0.039954 0.298128
0.076403 0.045634 0.293780
0.074972 0.041198 0.289944
0.073544 0.042985 0.291686
0.075408 0.045658 0.294174
0.069560 0.041956 0.294617
0.072844 0.043176 0.293572
0.072703 0.046577 0.298563
0.072980 0.045852 0.296645
0.074256 0.046037 0.295214
0.075165 0.045121 0.295135
0.071260 0.043305 0.295060
0.073441 0.047123 0.297200
0.073362 0.045456 0.295752
0.072531 0.042591 0.292090
0.073848 0.042043 0.291778
0.071535 0.045801 0.297222
0.071500 0.046462 0.298006
0.071268 0.040870 0.292586
0.074435 0.041435 0.290807
0.066695 0.040149 0.298123
0.072813 0.045671 0.294843
0.074175 0.041828 0.291059
0.072214 0.046846 0.296713
0.074917 0.045950 0.297080
0.075182 0.046586 0.298764
0.075743 0.045849 0.294613
0.074763 0.041091 0.290142
0.071291 0.041529 0.294205
0.070036 0.042345 0.294258
0.071492 0.042608 0.292870
0.073366 0.043989 0.294022
0.072042 0.045436 0.296435
0.066437 0.042663 0.298798
0.071756 0.046966 0.296811
0.071744 0.040154 0.293010
0.075239 0.045012 0.294943
0.076374 0.044645 0.293531
0.073366 0.045788 0.294977
0.076077 0.044703 0.291876
0.066738 0.041396 0.297931
0.074812 0.043113 0.291984
0.075225 0.042246 0.291044
0.075956 0.044471 0.293365
0.068928 0.044944 0.296510
0.070869 0.043888 0.294232
0.070692 0.043916 0.294372
0.070180 0.045790 0.295890
0.068427 0.038917 0.295920
0.069201 0.045767 0.296894
0.068772 0.040830 0.297021
0.072831 0.046327 0.297783
0.066400 0.042401 0.298799
0.070092 0.040868 0.293881
0.074378 0.047174 0.297550
0.067933 0.044308 0.297343
0.069245 0.045637 0.298493
0.072462 0.045901 0.295159
0.070815 0.041924 0.293500
0.075703 0.045375 0.293509
0.072245 0.047146 0.297078
0.075406 0.046608 0.296536
0.070255 0.040950 0.293744
0.070044 0.042527 0.295493
0.066594 0.042026 0.299871
0.068385 0.041469 0.295846
0.072677 0.045070 0.295771
0.075012 0.042120 0.290239
0.074192 0.042583 0.292320
0.066956 0.040472 0.297507
0.074372 0.045350 0.294102
0.073458 0.044810 0.293373
0.068496 0.043153 0.297987
0.074277 0.041912 0.290723
0.072475 0.045694 0.294896
0.068069 0.038397 0.296849
0.073482 0.047352 0.297751
0.076082 0.045869 0.294610
0.074713 0.046946 0.297097
0.067140 0.040934 0.297282
0.076544 0.044462 0.292597
0.069916 0.045864 0.298020
0.074219 0.046459 0.296294
0.072694 0.045862 0.296828
0.076062 0.045264 0.294970
0.071546 0.047554 0.297602
0.074205 0.043253 0.291150
0.075087 0.042957 0.291636
0.074078 0.043604 0.293071
0.066132 0.041626 0.299168
0.073484 0.045154 0.295531
0.071101 0.047149 0.297161
0.070780 0.042889 0.293650
0.068295 0.045846 0.297685
0.073774 0.047412 0.297908
0.072339 0.040885 0.292109
0.072696 0.045271 0.294172
0.075274 0.045822 0.296761
0.073840 0.046148 0.295371
0.066829 0.041198 0.297759
0.072387 0.047033 0.296910
0.071143 0.040824 0.292703
0.066073 0.043213 0.299520
0.068746 0.039000 0.295515
0.066525 0.041234 0.298201
0.073846 0.043162 0.291533
0.074281 0.045604 0.296298
0.072996 0.041929 0.291687
0.067131 0.041410 0.297379
0.069543 0.041662 0.294564
0.068782 0.044089 0.296274
0.070548 0.044974 0.296443
0.074298 0.041456 0.290657
0.071331 0.042695 0.293076
0.066670 0.040809 0.297957
0.073591 0.042134 0.291563
0.068979 0.042927 0.295579
0.072509 0.045470 0.294485
0.066838 0.041252 0.299405
0.071789 0.047280 0.297267
0.067776 0.040199 0.296440
0.066148 0.042185 0.299616
0.069611 0.039817 0.296070
0.075035 0.046604 0.296524
0.073603 0.046140 0.295369
0.068187 0.042665 0.296494
0.073667 0.046481 0.295976
0.073519 0.047564 0.297998
0.068965 0.042553 0.295501
0.069588 0.040188 0.296035
0.072613 0.041179 0.292933
0.071003 0.044983 0.296247
0.073256 0.043995 0.294145
0.066235 0.042183 0.299047
0.071729 0.041706 0.292510
0.067660 0.043840 0.298952
0.072452 0.040658 0.292758
0.073253 0.046316 0.297975
0.069698 0.043607 0.295129
0.073838 0.046468 0.296082
0.071105 0.044591 0.294533
0.068122 0.044546 0.297215
0.075619 0.044363 0.293322
0.067369 0.043378 0.297670
0.071894 0.046213 0.297404
0.071808 0.045991 0.297252
0.074367 0.045957 0.296927
0.068477 0.042545 0.297817
0.069879 0.039688 0.295847
0.068699 0.043676 0.297957
0.074109 0.047565 0.298212
0.071382 0.045235 0.296405
0.073163 0.045426 0.294233
0.068769 0.044884 0.296614
0.075230 0.044947 0.292961
0.075963 0.044766 0.294195
0.074182 0.044836 0.293115
0.074638 0.046397 0.296144
0.070777 0.041299 0.293326
0.072778 0.046272 0.297512
0.070916 0.042147 0.293403
0.071253 0.047309 0.297385
0.069514 0.043385 0.296539
0.067376 0.039374 0.297912
0.071434 0.046204 0.297612
0.072249 0.046711 0.298219
0.070233 0.040385 0.295236
0.070715 0.045841 0.297485
0.072861 0.045121 0.294005
0.074316 0.043671 0.292959
0.074335 0.042405 0.292094
0.069416 0.044777 0.295942
0.068248 0.042800 0.296405
0.066858 0.041026 0.299296
0.074903 0.044499 0.294076
0.073849 0.044974 0.293572
0.066462 0.041191 0.298381
0.072571 0.046579 0.296163
0.073423 0.042320 0.291480
0.074348 0.045689 0.294557
0.071166 0.044432 0.294326
0.072131 0.043458 0.292983
0.068191 0.044030 0.298663
0.070096 0.045907 0.297745
0.068085 0.042740 0.298341
0.074099 0.045366 0.294236
0.068152 0.044417 0.298928
0.068792 0.041744 0.297223
0.066193 0.041409 0.299187
0.074093 0.047114 0.297425
0.070796 0.046061 0.295716
0.068785 0.040250 0.295174
0.070480 0.042960 0.295338
0.069447 0.040250 0.296177
0.070749 0.042804 0.295071
0.073430 0.046359 0.295716
0.070254 0.042687 0.295403
0.066370 0.041930 0.299691
0.068566 0.044717 0.296744
0.067322 0.042933 0.299490
0.073729 0.044710 0.294915
0.072031 0.047204 0.297134
0.075530 0.044517 0.291960
0.070176 0.039887 0.293737
0.067209 0.043800 0.298010
0.075724 0.044740 0.292259
0.069305 0.038790 0.295234
0.068355 0.041957 0.296096
0.075445 0.045796 0.294581
0.071221 0.044733 0.295871
0.074709 0.044268 0.292016
0.071448 0.040677 0.292459
0.074642 0.043828 0.292781
0.068377 0.045752 0.297569
0.067871 0.039306 0.296479
0.070148 0.042021 0.295148
0.074925 0.044614 0.294308
0.068699 0.044738 0.298858
0.068236 0.045693 0.297657
0.073578 0.044488 0.292914
0.068354 0.044538 0.296932
0.075489 0.045301 0.293446
0.069117 0.042931 0.296985
0.068838 0.042098 0.297197
0.069763 0.038909 0.295586
0.071311 0.042573 0.294529
0.070887 0.045600 0.295392
0.074337 0.047069 0.297404
0.069518 0.044507 0.295715
0.072034 0.043145 0.294001
0.069438 0.041470 0.296136
0.072694 0.046752 0.296419
0.070265 0.042520 0.294092
0.067954 0.043495 0.297017
0.067552 0.039007 0.297223
0.073876 0.047019 0.297183
0.069710 0.045393 0.297453
0.073185 0.044289 0.292857
0.073827 0.044510 0.292802
0.075146 0.046410 0.296212
0.075287 0.046924 0.297264
0.070203 0.039657 0.295347
0.073135 0.046830 0.296556
0.074451 0.044897 0.293127
0.066562 0.041852 0.298558
0.068880 0.041945 0.295533
0.073105 0.043217 0.292004
0.074706 0.044215 0.293718
0.073489 0.046504 0.295960
0.072071 0.046539 0.296244
0.073701 0.043285 0.292955
0.072510 0.044387 0.294825
0.074050 0.042789 0.292427
0.070125 0.046428 0.296351
0.069368 0.043586 0.295443
0.074665 0.041567 0.290958
0.069023 0.039144 0.295131
0.070456 0.045606 0.297277
0.070292 0.044036 0.295980
0.075596 0.045752 0.296802
0.073912 0.047291 0.297786
0.074762 0.044625 0.292636
0.069302 0.046452 0.297272
0.074075 0.043606 0.291600
0.074884 0.043505 0.292214
0.071626 0.045472 0.294883
0.076118 0.045124 0.294649
0.074264 0.043707 0.291514
0.073960 0.042361 0.291116
0.066859 0.042512 0.298031
0.074567 0.043939 0.291524
0.072329 0.044316 0.293493
0.074320 0.043024 0.292366
0.070927 0.039820 0.294497
0.075057 0.044606 0.294202
0.069053 0.043918 0.297422
0.074430 0.043731 0.291315
0.073367 0.044386 0.292927
0.070463 0.043813 0.294552
0.068339 0.044251 0.298705
0.074591 0.043322 0.292223
0.069210 0.041545 0.296445
0.071051 0.046106 0.297643
0.069675 0.044059 0.296782
0.073613 0.042860 0.292826
0.069429 0.046075 0.296791
0.069560 0.039920 0.294358
0.073966 0.046369 0.295864
0.070431 0.045418 0.295572
0.071931 0.045563 0.294784
0.071886 0.046530 0.296196
0.067408 0.044609 0.298031
0.069303 0.041857 0.296385
0.069161 0.043385 0.297164
0.067251 0.044231 0.298107
0.074428 0.044052 0.293601
0.070607 0.044410 0.294754
0.072572 0.041921 0.291835
0.070178 0.043623 0.295861
0.068451 0.039941 0.295627
0.070176 0.046036 0.297976
0.071604 0.043003 0.294392
0.071213 0.040293 0.294254
0.073431 0.044364 0.292798
0.070395 0.039342 0.294969
0.066846 0.040709 0.297675
0.073315 0.043002 0.293105
0.075720 0.045609 0.296045
0.067664 0.039694 0.296575
0.067274 0.041036 0.297083
0.074214 0.046977 0.297183
0.068976 0.044419 0.296183
0.071425 0.043063 0.293266
0.073093 0.046127 0.297391
0.066579 0.040626 0.298955
0.068506 0.041567 0.297620
0.066674 0.042607 0.298412
0.067625 0.042953 0.297100
0.068219 0.039329 0.295992
0.070859 0.044990 0.294984
0.070226 0.046612 0.296516
0.075049 0.042628 0.290316
0.072812 0.046036 0.297222
0.066739 0.043611 0.298553
0.075161 0.042910 0.290315
0.066637 0.042109 0.298400
0.072327 0.042889 0.292409
0.071285 0.041030 0.292599
0.070775 0.040476 0.293165
0.073538 0.044160 0.294250
0.068570 0.041882 0.295769
0.071690 0.044336 0.295307
0.075532 0.046104 0.295344
0.072431 0.045699 0.296597
0.073167 0.044076 0.294348
0.069869 0.040714 0.295603
0.074292 0.044775 0.294770
0.075684 0.044617 0.292097
0.073669 0.044565 0.294728
0.067409 0.040467 0.296854
0.069805 0.044427 0.295414
0.068891 0.039441 0.295183
0.068474 0.041295 0.295684
0.067353 0.039707 0.298418
0.069229 0.045931 0.296941
0.068070 0.043631 0.296905
0.067969 0.040067 0.296214
0.066946 0.043129 0.298108
0.066554 0.043701 0.298827
0.072889 0.046650 0.296187
0.068881 0.044170 0.297876
0.070545 0.045153 0.296635
0.073274 0.044603 0.294949
0.071886 0.044011 0.294928
0.073990 0.043350 0.292814
0.075840 0.046286 0.295667
0.071594 0.041344 0.292461
0.072609 0.042845 0.292162
0.072413 0.045034 0.295785
0.070291 0.045667 0.297437
0.073758 0.047147 0.297457
0.067904 0.038612 0.296790
0.073225 0.044697 0.293346
0.068720 0.041737 0.295540
0.073755 0.042396 0.291412
0.074080 0.046579 0.298711
0.066075 0.042401 0.299677
0.070136 0.042940 0.295613
0.074569 0.047493 0.298086
0.066461 0.040756 0.298387
0.069584 0.038818 0.295280
0.067885 0.042685 0.296795
0.072085 0.041794 0.292100
0.072298 0.043899 0.293156
0.075575 0.044832 0.294404
0.071990 0.045122 0.294398
0.069879 0.042579 0.294490
0.068654 0.042486 0.297504
0.067489 0.044948 0.298069
0.072551 0.042312 0.291977
0.070595 0.047319 0.297423
0.073000 0.041488 0.292757
0.072164 0.044893 0.295567
0.075220 0.046221 0.295815
0.069854 0.040281 0.293986
0.068074 0.044919 0.297368
0.070587 0.042889 0.293822
0.066952 0.041056 0.297586
0.070466 0.042391 0.293859
0.070032 0.039754 0.295639
0.074768 0.047208 0.297654
0.072463 0.046657 0.296312
0.072510 0.042950 0.293695
0.075955 0.045606 0.296328
0.070282 0.045725 0.295807
0.074091 0.046852 0.297011
0.066158 0.042010 0.299196
0.067949 0.044123 0.298879
0.070494 0.042984 0.293995
0.072401 0.044730 0.293838
0.068385 0.042457 0.296178
0.074674 0.045312 0.293903
0.069254 0.044948 0.296176
0.068790 0.042654 0.295728
0.071555 0.047376 0.297448
0.068629 0.039758 0.295470
0.075371 0.045725 0.294459
0.074763 0.041394 0.290130
0.071025 0.043017 0.293541
0.070472 0.040486 0.293468
0.075677 0.045744 0.294298
0.070949 0.043334 0.293814
0.068358 0.044569 0.299023
0.073734 0.045627 0.296223
0.071931 0.046100 0.295438
0.072013 0.040394 0.292505
0.072383 0.045946 0.297126
0.072271 0.045706 0.296821
0.076044 0.044573 0.293563
0.068841 0.043166 0.295775
0.074581 0.044875 0.294904
0.075948 0.045598 0.295711
0.075178 0.040767 0.290388
0.073051 0.043409 0.292215
0.068073 0.045357 0.297638
0.074833 0.046679 0.298911
0.067706 0.038804 0.296972
0.069650 0.043789 0.295262
0.074047 0.043962 0.291923
0.070496 0.046312 0.297987
0.073786 0.042638 0.292542
0.074207 0.045898 0.294924
0.067478 0.040747 0.296807
0.069413 0.044162 0.295651
0.066905 0.041461 0.297720
0.075493 0.045058 0.293007
0.069949 0.042241 0.295485
0.074764 0.042564 0.290513
0.070155 0.047164 0.297407
0.073725 0.046408 0.295835
0.075631 0.045058 0.294596
0.074033 0.044621 0.294541
0.071243 0.042904 0.293292
0.074712 0.043188 0.290766
0.070729 0.039521 0.294486
0.069717 0.040085 0.294145
0.066393 0.042028 0.298777
0.070884 0.047105 0.297114
0.071535 0.044173 0.293828
0.067408 0.042069 0.297231
0.072126 0.042397 0.292357
0.076168 0.044957 0.294451
0.074622 0.044586 0.294414
0.066185 0.043464 0.299388
0.070621 0.040277 0.293312
0.066358 0.041167 0.298555
0.069899 0.046355 0.296479
0.075987 0.045814 0.294428
0.067275 0.044776 0.298258
0.069350 0.040032 0.294558
0.067833 0.045259 0.297840
0.067590 0.042255 0.297030
0.076166 0.044855 0.292106
0.071932 0.045728 0.294957
0.074472 0.047357 0.297899
0.071152 0.046428 0.298029
0.075973 0.044798 0.292150
0.072052 0.042614 0.293841
0.075685 0.044941 0.292793
0.074925 0.045925 0.295090
0.073820 0.044376 0.294410
0.073399 0.043691 0.293485
0.070316 0.039664 0.293839
0.074930 0.046262 0.295979
0.069481 0.043809 0.295428
0.073404 0.047058 0.297043
0.067722 0.041002 0.296526
0.070543 0.043733 0.294415
0.070260 0.043905 0.294731
0.073267 0.047429 0.297759
0.071825 0.044086 0.293578
0.069019 0.039271 0.296647
0.074925 0.046153 0.295691
0.074365 0.044290 0.292220
0.067356 0.043828 0.297856
0.071927 0.047466 0.297523
0.074386 0.046310 0.295911
0.076303 0.044801 0.294207
0.074833 0.040929 0.290291
0.074534 0.043550 0.292311
0.070705 0.043536 0.294138
0.073391 0.044958 0.293577
0.073169 0.045645 0.294801
0.068181 0.044306 0.297016
0.075696 0.043598 0.291598
0.073409 0.045592 0.294553
0.072967 0.043549 0.292413
0.074532 0.041226 0.290473
0.068362 0.041096 0.295781
0.067625 0.039439 0.296681
0.074463 0.041771 0.291085
0.074331 0.045086 0.293476
0.068203 0.045376 0.297507
0.073679 0.046619 0.296380
0.072027 0.044239 0.293586
0.070148 0.040985 0.295239
0.074047 0.045704 0.294617
0.076127 0.044974 0.292418
0.067973 0.044834 0.297458
0.070650 0.041186 0.293406
0.074153 0.046445 0.298457
0.073718 0.046483 0.298554
0.073035 0.043745 0.294032
0.066146 0.041535 0.299056
0.075977 0.046020 0.294929
0.072957 0.046997 0.296794
0.071527 0.042875 0.293029
0.076527 0.045266 0.292646
0.070981 0.042727 0.294916
0.071959 0.041604 0.292200
0.074826 0.044061 0.293374
0.070099 0.043644 0.294755
0.071614 0.043866 0.293557
0.069959 0.043401 0.296014
0.075380 0.046369 0.296061
0.069543 0.046660 0.297174
0.074308 0.042176 0.290795
0.072574 0.041892 0.293282
0.075732 0.046311 0.295798
0.070307 0.041824 0.293895
0.072673 0.043524 0.292619
0.068247 0.043503 0.298346
0.073380 0.044497 0.293098
0.072231 0.042114 0.292133
0.067625 0.044337 0.297687
0.072827 0.045892 0.295137
0.072847 0.043001 0.292064
0.070087 0.039323 0.294390
0.069850 0.043654 0.296218
0.072255 0.047529 0.297654
0.071661 0.044589 0.294182
0.073957 0.045285 0.295685
0.067736 0.038997 0.296742
0.072118 0.043993 0.293325
0.073056 0.044888 0.293647
0.069307 0.039320 0.294765
0.074922 0.046864 0.297009
0.071691 0.042477 0.292662
0.072993 0.044527 0.293256
0.071568 0.044872 0.295810
0.070155 0.043395 0.294589
0.072254 0.041432 0.293370
0.070854 0.043894 0.295457
0.068110 0.040818 0.296046
0.076600 0.044629 0.292831
0.070442 0.040944 0.293590
0.067537 0.044394 0.297869
0.069385 0.045415 0.298002
0.070830 0.046262 0.297922
0.074491 0.042837 0.292156
0.075564 0.046317 0.295981
0.066502 0.041261 0.299343
0.075027 0.044692 0.292626
0.067711 0.040412 0.296520
0.067400 0.039239 0.297337
0.074660 0.042651 0.291920
0.069882 0.039751 0.294081
0.075482 0.040790 0.290618
0.074838 0.042316 0.290406
0.075141 0.046142 0.295673
0.066717 0.040299 0.297874
0.066327 0.042778 0.299023
0.069501 0.045395 0.296202
0.069288 0.045150 0.297911
0.072189 0.043135 0.292667
0.068126 0.043316 0.296718
0.066421 0.042252 0.300123
0.072535 0.046195 0.297454
0.076502 0.044688 0.293366
0.070724 0.045320 0.296654
0.066679 0.043863 0.298719
0.070434 0.045721 0.295730
0.067574 0.040706 0.296678
0.075329 0.045944 0.294973
0.071162 0.045532 0.296866
0.074384 0.044432 0.292406
0.069351 0.042310 0.294986
0.072747 0.042124 0.291836
0.067010 0.039866 0.297588
0.071973 0.040300 0.293231
0.071871 0.043707 0.293287
0.067363 0.039923 0.298677
0.075804 0.043769 0.291776
0.073967 0.046548 0.296352
0.073649 0.045291 0.294016
0.075618 0.045567 0.295732
0.068761 0.038334 0.296453
0.068931 0.038477 0.296096
0.071036 0.042052 0.293276
0.075608 0.044384 0.291622
0.071661 0.040039 0.293399
0.072113 0.040352 0.292810
0.071009 0.039935 0.293319
0.069872 0.045587 0.295964
0.069651 0.042625 0.294720
0.073516 0.045939 0.297018
0.069672 0.044714 0.295685
0.075366 0.044174 0.291443
0.075145 0.042683 0.291336
0.067988 0.042958 0.296760
0.074003 0.042128 0.291244
0.073158 0.042954 0.291836
0.071238 0.043995 0.293998
0.076367 0.044825 0.291919
0.075271 0.044614 0.294153
0.070795 0.041488 0.293385
0.071889 0.042582 0.292557
0.074024 0.045962 0.295073
0.075294 0.046007 0.295199
0.074849 0.041892 0.290277
0.074698 0.045030 0.293307
0.069060 0.041526 0.295063
0.076139 0.044437 0.293074
0.072733 0.046403 0.295803
0.069636 0.042360 0.296076
0.068817 0.045219 0.296757
0.069437 0.043194 0.295176
0.073466 0.043668 0.293282
0.072781 0.042355 0.291865
0.069073 0.040677 0.294897
0.072872 0.045644 0.296352
0.075360 0.046352 0.298362
0.074518 0.045541 0.294339
0.071365 0.043912 0.293782
0.075032 0.046964 0.297195
0.066863 0.042093 0.297995
0.075019 0.046112 0.295618
0.070929 0.039561 0.294071
0.074783 0.045970 0.295121
0.069370 0.043850 0.295567
0.074813 0.045787 0.296596
0.067552 0.039040 0.297450
0.071655 0.046215 0.297483
0.069042 0.044997 0.296425
0.073421 0.044357 0.294573
0.073622 0.042375 0.292673
0.069909 0.042017 0.294280
0.070504 0.043149 0.294124
0.068965 0.045561 0.296862
0.067194 0.042018 0.297457
0.068173 0.038501 0.297001
0.072194 0.046712 0.296474
0.074592 0.046182 0.295586
0.071744 0.043064 0.294326
0.068676 0.044444 0.296498
0.073885 0.043508 0.293031
0.071801 0.042294 0.293979
0.066881 0.043451 0.298291
0.075494 0.045364 0.293648
0.069984 0.046502 0.296629
0.072383 0.042326 0.293502
0.073992 0.043934 0.293705
0.069613 0.046908 0.297308
0.071662 0.040829 0.292296
0.070195 0.044277 0.296282
0.071895 0.043451 0.293141
0.075709 0.043129 0.291226
0.072545 0.043087 0.292381
0.069468 0.038872 0.295051
0.069269 0.039976 0.296396
0.066941 0.042160 0.297834
0.071150 0.046881 0.296752
0.074452 0.046322 0.298264
0.073423 0.046617 0.296221
0.068842 0.043944 0.297857
0.075427 0.046152 0.297909
0.068773 0.041269 0.296971
0.075514 0.045628 0.294081
0.070742 0.045830 0.295602
0.070443 0.043448 0.295543
0.073006 0.047456 0.297685
0.071439 0.044586 0.294366
0.074196 0.043042 0.291145
0.070229 0.040778 0.293738
0.068804 0.042137 0.295574
0.070750 0.046845 0.296627
0.068234 0.043673 0.296789
0.072291 0.045710 0.294943
0.067017 0.040399 0.298910
0.074830 0.042574 0.291643
0.074993 0.045356 0.295683
0.074653 0.045691 0.296473
0.066609 0.040560 0.298100
0.068531 0.043995 0.296501
0.071830 0.041461 0.292317
0.073527 0.046167 0.297831
0.075274 0.043764 0.292313
0.070027 0.046123 0.296173
0.075296 0.044182 0.293210
0.075643 0.044314 0.293162
0.070462 0.042047 0.294890
0.070802 0.041767 0.293442
0.071296 0.041668 0.293008
0.067024 0.040063 0.298676
0.072326 0.046427 0.297807
0.070323 0.046844 0.297007
0.067464 0.041406 0.296945
0.075657 0.043893 0.292118
0.070183 0.044807 0.296398
0.070050 0.040119 0.293796
0.075116 0.047086 0.297463
0.069692 0.043133 0.296058
0.069414 0.040315 0.294506
0.071892 0.044274 0.295099
0.070724 0.039586 0.293847
0.066987 0.040752 0.299117
0.070173 0.043176 0.294451
0.074508 0.042519 0.290698
0.068069 0.039220 0.296266
0.069600 0.041274 0.294453
0.074986 0.043327 0.290693
0.068202 0.042244 0.296362
0.075046 0.041620 0.290036
0.075005 0.042360 0.290295
0.068089 0.043036 0.296634
0.073591 0.043409 0.291803
0.068268 0.043122 0.298220
0.070802 0.040107 0.293231
0.071507 0.041738 0.292795
0.070464 0.040030 0.293435
0.070526 0.041566 0.293661
0.075715 0.045811 0.294467
0.073917 0.045797 0.296564
0.066029 0.042462 0.299822
0.070658 0.045343 0.295357
0.067900 0.041362 0.298497
0.071691 0.046313 0.297660
0.071790 0.045098 0.294537
0.073656 0.046661 0.296525
0.071346 0.042345 0.294371
0.073254 0.046005 0.295220
0.072217 0.045609 0.294772
0.075397 0.045124 0.293132
0.073235 0.042246 0.292998
0.069478 0.045066 0.297595
0.071247 0.046340 0.297840
0.071497 0.043185 0.294755
0.074583 0.045962 0.296982
0.073880 0.045311 0.294134
0.067213 0.040003 0.297221
0.074743 0.047429 0.297999
0.066784 0.040441 0.297706
0.066631 0.040879 0.299188
0.071721 0.047522 0.297560
0.066576 0.042400 0.298505
0.071900 0.042374 0.292514
0.073744 0.043843 0.293620
0.069201 0.046231 0.297216
0.066202 0.041347 0.298972
0.076349 0.045100 0.294694
0.074343 0.042783 0.292293
0.069726 0.045546 0.297684
0.071552 0.046342 0.295773
0.071182 0.043765 0.295283
0.072861 0.046761 0.296412
0.074153 0.044356 0.292413
0.069270 0.043007 0.295287
0.070101 0.042832 0.294377
0.066235 0.041780 0.299372
0.066622 0.041203 0.298038
0.068423 0.040480 0.295666
0.069603 0.040911 0.295900
0.069897 0.047177 0.297441
0.069821 0.043838 0.295097
0.073561 0.044647 0.294935
0.067228 0.044489 0.298191
0.076007 0.045146 0.292953
0.074700 0.043611 0.292388
0.073013 0.045504 0.296085
0.067613 0.043983 0.299156
0.066599 0.040740 0.298081
0.068511 0.046272 0.297746
0.068416 0.039092 0.295828
0.068512 0.043388 0.296303
0.067530 0.039174 0.296946
0.073282 0.044888 0.295327
0.072972 0.042254 0.291706
0.071670 0.044864 0.294457
0.075440 0.043526 0.291783
0.070952 0.047377 0.297460
0.072558 0.045393 0.294343
0.072175 0.044622 0.293863
0.072421 0.041631 0.291827
0.070340 0.040557 0.293606
0.067363 0.042673 0.297387
0.074987 0.045863 0.296773
0.069679 0.043630 0.296335
0.068931 0.043383 0.295821
0.075379 0.046489 0.296291
0.067553 0.041834 0.298964
0.074464 0.043425 0.291004
0.071283 0.041983 0.293009
0.074736 0.042104 0.290429
0.069392 0.040848 0.296189
0.071943 0.043956 0.294636
0.072834 0.045455 0.294385
0.073758 0.046277 0.295624
0.071880 0.042989 0.292830
0.074706 0.043403 0.290840
0.070136 0.041587 0.295160
0.070948 0.040237 0.293102
0.069270 0.044814 0.297851
0.072897 0.046134 0.295462
0.068597 0.045672 0.297339
0.069197 0.042056 0.295056
0.075588 0.046215 0.295630
0.070631 0.041642 0.294724
0.075691 0.045167 0.293097
0.068001 0.038844 0.296564
0.074628 0.041145 0.290623
0.070400 0.044791 0.295135
0.073166 0.044451 0.293082
0.069598 0.045710 0.296336
0.066415 0.043156 0.298930
0.070473 0.039790 0.295039
0.070899 0.046698 0.296339
0.073456 0.042562 0.291509
0.066144 0.042188 0.299332
0.068154 0.041873 0.296286
0.075884 0.044520 0.291662
0.070147 0.042076 0.294085
0.072120 0.040684 0.292129
0.068602 0.042114 0.295802
0.075311 0.045279 0.293517
0.069705 0.043176 0.294903
0.072283 0.040638 0.293037
0.076092 0.044695 0.294001
0.073854 0.043498 0.291693
0.070536 0.044296 0.295948
0.075364 0.041585 0.290929
0.075219 0.046095 0.295497
0.072759 0.044447 0.293362
0.074121 0.043231 0.292581
0.069792 0.045835 0.296189
0.070265 0.041241 0.293824
0.072465 0.047578 0.297783
0.074161 0.045102 0.293672
0.070320 0.043560 0.294540
0.073609 0.044852 0.295167
0.072574 0.043295 0.292496
0.069428 0.039501 0.294568
0.072671 0.045791 0.295032
0.070532 0.040276 0.294948
0.071709 0.041136 0.293825
0.070138 0.041487 0.293952
0.074904 0.045892 0.294971
0.073188 0.042215 0.291557
0.069995 0.039281 0.295694
0.071207 0.045100 0.294850
0.074190 0.045136 0.295410
0.069175 0.044595 0.296069
0.072720 0.045518 0.294602
0.069263 0.038963 0.295021
0.069157 0.038811 0.296480
0.069580 0.041171 0.295929
0.074706 0.045480 0.294126
0.075670 0.045122 0.294817
0.073330 0.044018 0.292539
0.074475 0.045802 0.294732
0.071308 0.046887 0.296662
0.071018 0.046216 0.295731
0.072509 0.046077 0.295423
0.074912 0.047337 0.297848
0.074457 0.042069 0.290637
0.068923 0.044763 0.298552
0.072094 0.041209 0.292037
0.068591 0.045031 0.296872
0.067871 0.040730 0.296315
0.069908 0.041765 0.294253
0.075799 0.046061 0.295021
0.070359 0.039338 0.294595
0.070935 0.043635 0.294035
0.072078 0.046380 0.297580
0.069611 0.039591 0.294386
0.076369 0.044702 0.293873
0.075451 0.046191 0.295729
0.074135 0.046303 0.295758
0.075002 0.045116 0.293393
0.066497 0.041086 0.298232
0.069215 0.040361 0.294690
0.074118 0.044478 0.292652
0.075559 0.042778 0.291142
0.068872 0.043936 0.296115
0.070044 0.041303 0.294038
0.069187 0.044203 0.297512
0.075180 0.046304 0.296051
0.067651 0.043494 0.298777
0.070787 0.044247 0.294490
0.069110 0.041646 0.296672
0.068915 0.038687 0.295738
0.068702 0.044115 0.296382
0.076457 0.045012 0.292212
0.071941 0.046636 0.296384
0.072669 0.045686 0.296488
0.073795 0.044032 0.293939
0.072349 0.040593 0.292445
0.067274 0.040288 0.297027
0.070498 0.046041 0.295846
0.070432 0.040201 0.293476
0.073559 0.046790 0.296675
0.068046 0.045584 0.297799
0.071171 0.043430 0.295177
0.069301 0.039746 0.294652
0.075667 0.044122 0.291157
0.070720 0.039752 0.293546
0.072205 0.046220 0.297413
0.074958 0.043935 0.292930
0.071618 0.045162 0.294698
0.070464 0.043866 0.295686
0.069565 0.043244 0.295073
0.076778 0.044724 0.293721
0.068621 0.044451 0.298635
0.070812 0.040904 0.294577
0.068640 0.042940 0.295948
0.069381 0.044649 0.297582
0.068158 0.045898 0.297874
0.071922 0.045953 0.295233
0.070697 0.043152 0.295267
0.070069 0.039140 0.294861
0.068486 0.043090 0.296215
0.069780 0.046577 0.296906
0.068924 0.043846 0.297611
0.069374 0.040653 0.294525
0.069541 0.043989 0.295450
0.074689 0.046795 0.296853
0.072410 0.046255 0.295650
0.067979 0.043351 0.298496
0.074293 0.045424 0.294298
0.074538 0.046070 0.295246
0.074109 0.047378 0.297964
0.069301 0.043740 0.297157
0.071315 0.046728 0.296384
0.073329 0.043813 0.293758
0.071497 0.042009 0.292767
0.075584 0.044044 0.292543
0.069244 0.042628 0.295195
0.068618 0.042425 0.295870
0.069217 0.041828 0.294966
0.070863 0.044378 0.295743
0.069547 0.045322 0.296106
0.071374 0.040552 0.292523
0.074335 0.046102 0.297869
0.068257 0.042156 0.298086
0.069382 0.043308 0.295285
0.068596 0.038582 0.296003
0.076679 0.044657 0.293293
0.074070 0.045765 0.296386
0.068749 0.044304 0.296360
0.070119 0.046006 0.298147
0.066267 0.041542 0.298812
0.069424 0.046419 0.297135
0.071374 0.039845 0.293517
0.070535 0.041203 0.293570
0.073530 0.043499 0.293190
0.069972 0.044727 0.295414
0.072452 0.045201 0.296060
0.072015 0.045667 0.294883
0.069272 0.044348 0.295866
0.068973 0.042224 0.297017
0.067728 0.045518 0.298138
0.066319 0.040837 0.298816
0.074749 0.046519 0.298583
0.075095 0.047260 0.297723
0.067991 0.041699 0.296383
0.068716 0.040565 0.295286
0.068726 0.038348 0.296635
0.074543 0.042352 0.291753
0.073805 0.043695 0.291847
0.070544 0.043211 0.295395
0.071594 0.046554 0.296160
0.068191 0.038578 0.296485
0.068566 0.040253 0.295474
0.070436 0.043639 0.295623
0.074885 0.042950 0.290568
0.067030 0.043794 0.298218
0.067830 0.044212 0.299088
0.072707 0.046564 0.296066
0.066225 0.041557 0.298937
0.073304 0.041572 0.291913
0.069504 0.042281 0.294777
0.069963 0.045864 0.296059
0.072713 0.046368 0.298088
0.069144 0.045300 0.296500
0.072785 0.046028 0.295349
0.069579 0.045951 0.296530
0.072274 0.046117 0.295520
0.074344 0.043589 0.291190
0.074174 0.043544 0.291348
0.069723 0.039070 0.295920
0.068390 0.038359 0.296550
0.073871 0.044323 0.292487
0.071254 0.046027 0.295494
0.070324 0.045837 0.297605
0.068954 0.043084 0.297322
0.073153 0.045027 0.295558
0.075820 0.045412 0.293533
0.069660 0.044905 0.295792
0.074250 0.044939 0.295078
0.067823 0.044872 0.297675
0.069420 0.039071 0.296240
0.068520 0.043678 0.298180
0.074548 0.041817 0.290497
0.068900 0.042522 0.297169
0.069127 0.044439 0.297844
0.071295 0.039706 0.293887
0.075638 0.044187 0.292810
0.074976 0.046807 0.299116
0.071386 0.046996 0.296912
0.071725 0.043699 0.293393
0.073372 0.046744 0.296508
0.075360 0.044043 0.292832
0.076879 0.044682 0.293017
0.067372 0.042450 0.299232
0.073179 0.045117 0.293796
0.072934 0.044824 0.295299
0.069013 0.041402 0.296719
0.075466 0.044679 0.292358
0.075772 0.046116 0.295156
0.072762 0.044547 0.294666
0.068039 0.042460 0.296584
0.075847 0.044889 0.292452
0.075230 0.046737 0.296810
0.070715 0.039682 0.294720
0.069512 0.046381 0.296951
0.067489 0.039055 0.297353
0.075138 0.046559 0.296420
0.076606 0.044326 0.292254
0.071818 0.047139 0.297054
0.068560 0.040939 0.295514
0.073690 0.041818 0.292084
0.073984 0.042200 0.292310
0.073107 0.046715 0.296323
0.068840 0.045637 0.297027
0.066645 0.040356 0.298740
0.066752 0.042280 0.298216
0.073096 0.046372 0.295746
0.075372 0.042978 0.291351
0.070032 0.041783 0.295268
0.071903 0.044383 0.293810
0.071432 0.045017 0.294686
0.072369 0.042656 0.292267
0.075176 0.045568 0.296044
0.066203 0.041797 0.299003
0.074003 0.042974 0.291255
0.075946 0.045920 0.294717
0.073096 0.041575 0.291803
0.073878 0.044751 0.293157
0.072814 0.043278 0.292289
0.075170 0.046074 0.297562
0.075615 0.041654 0.290862
0.070818 0.040131 0.294664
0.075601 0.044304 0.291455
0.074698 0.043730 0.292568
0.071313 0.043631 0.293677
0.072123 0.044095 0.294789
0.070945 0.043496 0.295276
0.074175 0.046616 0.298835
0.069289 0.042844 0.296675
0.075241 0.046657 0.296631
0.076083 0.045745 0.294188
0.071189 0.042701 0.293234
0.068602 0.043900 0.296419
0.074877 0.042353 0.291325
0.067635 0.044629 0.297798
0.069487 0.042967 0.295028
0.074470 0.046712 0.296712
0.073641 0.043272 0.291745
0.066957 0.042777 0.297935
0.068766 0.046280 0.297533
0.075318 0.043977 0.291130
0.074023 0.042134 0.291539
0.074611 0.043877 0.293119
0.071062 0.042467 0.294668
0.068975 0.041818 0.295245
0.073564 0.047205 0.297533
0.073387 0.044986 0.295355
0.076107 0.045537 0.293699
0.073228 0.043544 0.292186
0.076140 0.045055 0.292707
0.068727 0.044042 0.298154
0.071732 0.042112 0.292566
0.070591 0.043325 0.294113
0.073270 0.047259 0.297480
0.075148 0.043863 0.292684
0.073153 0.045694 0.296318
0.072680 0.043775 0.292797
0.075433 0.045662 0.296249
0.071565 0.042812 0.294388
0.067283 0.041281 0.297144
0.067323 0.041760 0.297212
0.069271 0.045291 0.298216
0.071348 0.046235 0.295631
0.074643 0.046246 0.295871
0.070048 0.043864 0.296083
0.073636 0.045508 0.294427
0.068320 0.044137 0.296846
0.072207 0.040982 0.293277
0.073843 0.045094 0.293743
0.073144 0.046029 0.297252
0.073160 0.044142 0.292736
0.070468 0.046473 0.296166
0.074427 0.046885 0.296997
0.069877 0.046833 0.297139
0.074453 0.045125 0.293617
0.071339 0.040376 0.292681
0.069500 0.044785 0.297469
0.066075 0.042998 0.299504
0.067961 0.043215 0.296851
0.071957 0.042039 0.292349
0.074794 0.042241 0.291252
0.075920 0.043476 0.291326
0.074899 0.045196 0.295299
0.076246 0.044275 0.292437
0.074945 0.044025 0.291469
0.073635 0.047352 0.297795
0.066920 0.043677 0.298369
0.070097 0.040088 0.295469
0.076281 0.045233 0.292835
0.070881 0.047085 0.297065
0.074277 0.045848 0.296703
0.067145 0.043534 0.297985
0.068483 0.043651 0.296433
0.075483 0.045491 0.293895
0.071350 0.045520 0.295101
0.066541 0.042200 0.298581
0.072740 0.047389 0.297477
0.074985 0.045583 0.296114
0.074573 0.044650 0.292808
0.068276 0.039995 0.295859
0.071113 0.039729 0.294231
0.070811 0.046074 0.297658
0.073067 0.047084 0.296953
0.067569 0.042785 0.297125
0.069365 0.046813 0.297417
0.066785 0.042434 0.300130
0.066483 0.040475 0.298574
0.071820 0.044574 0.295392
0.068348 0.040744 0.295761
0.070617 0.045009 0.295147
0.068347 0.044873 0.297062
0.073639 0.046558 0.296245
0.075745 0.045497 0.295534
0.070497 0.046136 0.297766
0.068860 0.041501 0.297024
0.069904 0.046260 0.296380
0.075678 0.044446 0.293607
0.070164 0.043248 0.295741
0.068401 0.038336 0.296734
0.075977 0.044604 0.293809
0.067121 0.044484 0.298389
0.073176 0.046544 0.295995
0.075311 0.044343 0.293636
0.068957 0.044667 0.296327
0.075754 0.046211 0.295523
0.073912 0.041974 0.292126
0.068279 0.038969 0.296053
0.073775 0.045459 0.295926
0.071007 0.044788 0.296040
0.068546 0.044250 0.296563
0.068730 0.045575 0.297115
0.070451 0.042753 0.293946
0.068734 0.044592 0.296526
0.068964 0.044961 0.298688
0.075977 0.045322 0.295164
0.071010 0.040961 0.293014
0.074965 0.044994 0.293194
0.070317 0.047258 0.297443
0.069903 0.045282 0.295790
0.070706 0.040968 0.293330
0.074362 0.046229 0.295697
0.075346 0.044334 0.291760
0.069002 0.045805 0.297023
0.069190 0.041897 0.296612
0.075175 0.043249 0.291776
0.071894 0.041859 0.292406
0.069554 0.045153 0.296004
0.075295 0.046818 0.297012
0.071874 0.046394 0.297706
0.067114 0.039609 0.297774
0.071739 0.045723 0.295041
0.072681 0.044118 0.293067
0.069922 0.043325 0.294764
0.075223 0.041171 0.290831
0.071586 0.046375 0.297834
0.071653 0.043999 0.295037
0.072999 0.042795 0.293372
0.070552 0.044078 0.294592
0.074133 0.045572 0.294432
0.072883 0.047185 0.297097
0.072309 0.042686 0.293681
0.074063 0.045229 0.293954
0.067399 0.043707 0.297763
0.071036 0.040760 0.292856
0.068269 0.043167 0.296481
0.067134 0.041218 0.299274
0.066273 0.042436 0.299066
0.074469 0.046540 0.296415
0.069993 0.039487 0.294200
0.068462 0.043409 0.298102
0.070596 0.043602 0.295463
0.073150 0.046520 0.298525
0.075044 0.044793 0.294665
0.070677 0.043435 0.295357
0.076363 0.045529 0.293511
0.070667 0.039972 0.293353
0.068843 0.040892 0.295180
0.074608 0.042856 0.290713
0.074910 0.044532 0.292356
0.066743 0.041692 0.298071
0.074653 0.044439 0.294165
0.072732 0.041618 0.291757
0.072297 0.043478 0.294238
0.071204 0.044380 0.295550
0.073047 0.042463 0.293251
0.072602 0.047362 0.297407
0.072162 0.045023 0.294209
0.066745 0.040990 0.297836
0.073512 0.044295 0.292659
0.068753 0.039829 0.295258
0.069162 0.041131 0.294858
0.072938 0.046833 0.296539
0.068163 0.041073 0.296005
0.070563 0.044694 0.294986
0.069234 0.045297 0.296401
0.075961 0.045189 0.294731
0.067536 0.043436 0.299048
0.074107 0.045769 0.294748
0.071914 0.045025 0.295881
0.074127 0.046391 0.296053
0.069529 0.045754 0.298217
0.074920 0.044256 0.293669
0.075604 0.046458 0.296201
0.074316 0.047486 0.298088
0.074011 0.046310 0.298305
0.067325 0.040845 0.296986
0.074008 0.044971 0.293431
0.072062 0.043251 0.292865
0.067149 0.042740 0.297699
0.072886 0.043785 0.292727
0.075018 0.043841 0.291086
0.068794 0.044663 0.298642
0.071218 0.042263 0.293126
0.067129 0.039632 0.298112
0.068922 0.040010 0.295006
0.067296 0.041570 0.297190
0.075635 0.046109 0.295185
0.074768 0.044768 0.294704
0.070801 0.047169 0.297200
0.075303 0.043602 0.291958
0.071339 0.045631 0.297025
0.073767 0.042820 0.291427
0.072505 0.046499 0.298297
0.070003 0.044898 0.296610
0.069718 0.043318 0.296186
0.067123 0.041621 0.299415
0.072772 0.041823 0.291706
0.074615 0.044445 0.292335
0.067545 0.044791 0.297977
0.073902 0.045102 0.295371
0.069134 0.044790 0.298110
0.068943 0.041995 0.295369
0.068766 0.042847 0.297409
0.068801 0.041215 0.295280
0.076350 0.045095 0.292502
0.071384 0.044963 0.296053
0.074641 0.043134 0.292068
0.074189 0.042138 0.291844
0.067135 0.044801 0.298547
0.066916 0.040160 0.297584
0.072876 0.041690 0.292975
0.071511 0.046720 0.296396
0.074469 0.045080 0.295231
0.074541 0.041477 0.290354
0.075969 0.044153 0.292471
0.069165 0.045642 0.296770
0.071220 0.046563 0.296139
0.074817 0.046085 0.295417
0.074989 0.041545 0.290954
0.066867 0.039828 0.298123
0.067999 0.042037 0.296476
0.074588 0.046937 0.297081
0.069368 0.045725 0.296673
0.073108 0.046040 0.295314
0.068065 0.045107 0.297501
0.069391 0.046356 0.297171
0.071349 0.042354 0.292950
0.072697 0.046951 0.296730
0.071059 0.039684 0.293683
0.075002 0.040809 0.290145
0.070254 0.039438 0.295357
0.069861 0.045940 0.298218
0.067359 0.042345 0.297329
0.069001 0.041639 0.296875
0.070109 0.043812 0.294828
0.067841 0.044043 0.297291
0.075078 0.044979 0.293073
0.067389 0.041156 0.296966
0.072692 0.044890 0.293857
0.072788 0.042682 0.291940
0.067856 0.044564 0.297518
0.071803 0.046453 0.296020
0.067469 0.040156 0.296772
0.076158 0.044627 0.293658
0.073707 0.045954 0.297315
0.073430 0.045487 0.294358
0.069477 0.042726 0.294951
0.068485 0.044390 0.296731
0.068989 0.043580 0.297470
0.067353 0.043073 0.297527
0.071151 0.044874 0.294723
0.070239 0.044962 0.296538
0.068892 0.039749 0.295083
0.070900 0.044165 0.295559
0.068600 0.041841 0.297501
0.070025 0.043216 0.294598
0.072911 0.043809 0.294263
0.070560 0.046810 0.296760
0.069241 0.043272 0.295418
0.074122 0.044629 0.292875
0.071698 0.040258 0.293707
0.068813 0.045969 0.297404
0.074359 0.046035 0.297430
0.073820 0.042869 0.292644
0.072057 0.042782 0.292540
0.073620 0.045915 0.296788
0.071354 0.044781 0.294598
0.071604 0.045993 0.295348
0.071908 0.045349 0.294629
0.070684 0.046270 0.295907
0.068041 0.044142 0.297083
0.067526 0.041069 0.296782
0.074631 0.047309 0.297799
0.074440 0.047563 0.298223
0.067871 0.039505 0.298009
0.073155 0.045538 0.294527
0.068218 0.041301 0.296011
0.073457 0.043911 0.292424
0.073426 0.047186 0.297380
0.073616 0.045627 0.294600
0.075406 0.044943 0.294675
0.069971 0.045626 0.297554
0.075154 0.043110 0.290475
0.073730 0.047211 0.297656
0.072958 0.043370 0.293456
0.072135 0.042366 0.293679
0.068235 0.041679 0.296109
0.072696 0.044374 0.294648
0.066134 0.043231 0.299394
0.068886 0.044239 0.298038
0.070421 0.046195 0.298164
0.071333 0.041176 0.292643
0.067875 0.041282 0.296430
0.068687 0.038600 0.296768
0.068127 0.040155 0.296021
0.072639 0.044491 0.294897
0.070108 0.043378 0.295841
0.074866 0.040966 0.290512
0.074299 0.046227 0.295574
0.069029 0.046602 0.297513
0.075650 0.044256 0.293019
0.066220 0.043038 0.299232
0.070309 0.046201 0.297904
0.074732 0.045890 0.294919
0.074384 0.045015 0.293296
0.072427 0.043207 0.293898
0.071932 0.043275 0.294260
0.073547 0.046346 0.298257
0.075012 0.044206 0.291771
0.069272 0.038738 0.295505
0.069107 0.040439 0.296568
0.070735 0.046347 0.298250
0.069340 0.039513 0.296323
0.072646 0.046451 0.295882
0.067575 0.043067 0.298875
0.069504 0.045376 0.297747
0.074686 0.045274 0.295730
0.072794 0.041233 0.291976
0.070887 0.045413 0.296807
0.070827 0.046449 0.296041
0.072991 0.044614 0.293391
0.066265 0.042165 0.299864
0.069797 0.042797 0.295898
0.069801 0.044733 0.295578
0.074999 0.046672 0.296644
0.073063 0.045969 0.297028
0.071681 0.046296 0.295712
0.072109 0.046354 0.295842
0.068978 0.041109 0.295057
0.073197 0.042492 0.291606
0.071733 0.042744 0.292742
0.072005 0.046791 0.298295
0.069766 0.042277 0.294524
0.073627 0.043748 0.293381
0.070752 0.044761 0.294882
0.070450 0.039468 0.294195
0.068604 0.042091 0.297518
0.067215 0.039615 0.297389
0.073622 0.046509 0.296087
0.071299 0.044183 0.294081
0.066184 0.042419 0.299245
0.075125 0.045332 0.295391
0.069451 0.042309 0.296320
0.070650 0.041884 0.294704
0.073039 0.045763 0.296447
0.070613 0.042838 0.295174
0.072947 0.041226 0.292616
0.072045 0.044787 0.295384
0.075172 0.044632 0.292420
0.071446 0.046474 0.295994
0.072704 0.047286 0.297267
0.074813 0.047046 0.297335
0.072615 0.044540 0.293546
0.074783 0.045570 0.294239
0.068467 0.042733 0.296132
0.069690 0.039313 0.294489
0.069312 0.046216 0.297083
0.069612 0.040257 0.294290
0.074369 0.045867 0.294876
0.068815 0.045791 0.297199
0.069171 0.045246 0.298502
0.075277 0.044508 0.292143
0.071204 0.040322 0.292852
0.069031 0.046013 0.297193
0.071932 0.043242 0.293022
0.074239 0.044056 0.293755
0.070659 0.045593 0.295565
0.072967 0.044672 0.293533
0.073029 0.043508 0.293651
0.071615 0.043102 0.294516
0.068660 0.042962 0.297693
0.074520 0.047007 0.297232
0.067422 0.040241 0.298733
0.074915 0.045452 0.293970
0.066272 0.041177 0.298764
0.067143 0.044029 0.298173
0.075799 0.045700 0.294125
0.066410 0.041482 0.298587
0.070152 0.040451 0.293765
0.068545 0.038428 0.296292
0.071666 0.044735 0.295619
0.071095 0.045784 0.295387
0.072303 0.044806 0.293992
0.071445 0.042906 0.294617
0.069240 0.041492 0.294857
0.070027 0.044324 0.295152
0.075764 0.045052 0.292911
0.075624 0.043970 0.290973
0.068006 0.039672 0.296269
0.074175 0.046641 0.296606
0.075624 0.045379 0.295300
0.073847 0.045605 0.294507
0.068543 0.039976 0.297330
0.073843 0.045887 0.294937
0.069859 0.042525 0.295772
0.075491 0.041709 0.290923
0.071503 0.047257 0.297274
0.073395 0.046085 0.295303
0.068423 0.041885 0.295939
0.076338 0.044153 0.292082
0.069029 0.043847 0.295928
0.067786 0.041672 0.296633
0.070650 0.042649 0.293705
0.071476 0.040438 0.292561
0.071485 0.044227 0.295304
0.071388 0.043920 0.295169
0.069003 0.041042 0.296677
0.074751 0.045015 0.295064
0.066332 0.040936 0.298589
0.072061 0.040574 0.292250
0.067082 0.042461 0.297692
0.071709 0.043136 0.293108
0.070135 0.039145 0.295391
0.071746 0.046576 0.298089
0.075108 0.043604 0.290803
0.072757 0.046223 0.295606
0.069941 0.044288 0.296553
0.073827 0.046872 0.296904
0.068350 0.042139 0.296118
0.070103 0.045199 0.296895
0.069175 0.043579 0.295698
0.072941 0.045945 0.296878
0.075385 0.045545 0.295898
0.070259 0.041594 0.293870
0.068515 0.045300 0.297168
0.068648 0.043181 0.296033
0.075142 0.045653 0.294387
0.069094 0.044940 0.298401
0.072442 0.043976 0.294554
0.076208 0.045358 0.293229
0.072221 0.045482 0.294583
0.074343 0.041586 0.290565
0.073896 0.045913 0.296851
0.071434 0.046541 0.298120
0.067731 0.043241 0.297129
0.072674 0.040906 0.292293
0.070176 0.045107 0.296725
0.066971 0.041707 0.297684
0.071241 0.041461 0.292956
0.068323 0.046022 0.297754
0.067455 0.039247 0.297155
0.071790 0.041170 0.292224
0.074621 0.044286 0.293892
0.067374 0.039317 0.297629
0.068098 0.039849 0.296075
0.074676 0.047562 0.298221
0.069079 0.042605 0.296905
0.073530 0.046211 0.295494
0.074046 0.044151 0.292180
0.070918 0.045275 0.295161
0.072943 0.042863 0.291908
0.066813 0.044450 0.298777
0.069846 0.042037 0.295442
0.075830 0.046178 0.295391
0.067960 0.041070 0.296245
0.075694 0.045960 0.294846
0.070475 0.042047 0.293790
0.071886 0.045564 0.296753
0.072748 0.042814 0.293541
0.067999 0.038640 0.296737
0.068261 0.039662 0.295872
0.070640 0.044588 0.296100
0.071657 0.043406 0.293299
0.071754 0.040538 0.292381
0.070608 0.041322 0.293486
0.069363 0.038720 0.295946
0.069722 0.041877 0.294428
0.067991 0.044212 0.297187
0.066412 0.040623 0.298684
0.071505 0.043421 0.294895
0.071011 0.045648 0.297171
0.071677 0.044729 0.294315
0.067428 0.039602 0.296888
0.070156 0.045534 0.295776
0.068968 0.040425 0.294961
0.071226 0.045908 0.297434
0.071458 0.045461 0.296652
0.068336 0.045391 0.297384
0.072158 0.041834 0.293549
0.071073 0.045468 0.295228
0.075906 0.045011 0.294522
0.069807 0.043510 0.294969
0.068718 0.043721 0.296212
0.071662 0.046692 0.296382
0.072824 0.046417 0.298365
0.072359 0.043534 0.292833
0.067359 0.039450 0.297109
0.069429 0.045483 0.296347
0.069143 0.038482 0.296258
0.069136 0.045446 0.296605
0.068079 0.044792 0.297319
0.072096 0.041635 0.292060
0.071379 0.047129 0.297160
0.072339 0.046655 0.298424
0.074096 0.045978 0.297141
0.067754 0.044184 0.297459
0.069343 0.045193 0.296253
0.074359 0.044514 0.292606
0.072143 0.047334 0.297410
0.075635 0.045674 0.296446
0.069299 0.038687 0.296284
0.072274 0.047274 0.297262
0.067123 0.040568 0.297275
0.071205 0.046393 0.295884
0.068761 0.045401 0.296954
0.068497 0.039472 0.295646
0.072409 0.042357 0.292096
0.069616 0.039372 0.296097
0.075318 0.045254 0.295257
0.074576 0.045198 0.295505
0.074323 0.043833 0.293299
0.075797 0.044792 0.294299
0.074764 0.041666 0.290291
0.066614 0.041376 0.298153
0.070021 0.040519 0.295459
0.068104 0.039563 0.296112
0.071978 0.047067 0.296936
0.071919 0.044826 0.294223
0.073473 0.045562 0.295890
0.073670 0.045005 0.293615
0.068161 0.038824 0.296274
