0.045405 -0.009837 0.230629
0.037195 -0.012711 0.230230
0.041055 -0.014247 0.231981
0.036545 -0.010705 0.228759
0.038735 -0.006371 0.226920
0.041780 -0.006626 0.227281
0.045631 -0.011938 0.232258
0.040830 -0.012095 0.229901
0.042175 -0.007140 0.227492
0.040707 -0.013216 0.230754
0.036183 -0.012371 0.230805
0.037149 -0.005500 0.226446
0.041534 -0.008540 0.227879
0.042601 -0.012515 0.230995
0.045525 -0.012559 0.232628
0.040362 -0.013035 0.230558
0.041645 -0.007835 0.232843
0.043234 -0.012271 0.231002
0.046431 -0.008006 0.231563
0.033821 -0.005813 0.230258
0.038153 -0.004936 0.226770
0.040718 -0.013452 0.230928
0.046563 -0.011918 0.232818
0.033253 -0.008616 0.229963
0.045640 -0.009427 0.230566
0.041126 -0.005153 0.226697
0.044129 -0.011359 0.230636
0.046923 -0.007540 0.231946
0.034341 -0.006073 0.230488
0.044573 -0.010634 0.230414
0.045495 -0.006283 0.229178
0.043948 -0.010698 0.229948
0.037347 -0.005370 0.226514
0.037332 -0.011790 0.229270
0.045918 -0.005446 0.229566
0.039059 -0.010108 0.228356
0.036753 -0.015005 0.231779
0.041535 -0.014943 0.232936
0.036680 -0.008587 0.227270
0.038211 -0.006271 0.233378
0.042153 -0.011712 0.229838
0.042898 -0.014251 0.232839
0.038744 -0.012420 0.229896
0.046084 -0.005531 0.230023
0.043380 -0.005526 0.227353
0.040959 -0.005554 0.226736
0.038244 -0.012719 0.230075
0.040287 -0.010193 0.228618
0.036392 -0.005773 0.226550
0.039784 -0.004758 0.226645
0.039864 -0.015538 0.232765
0.038126 -0.011226 0.228934
0.043666 -0.006140 0.234735
0.044200 -0.006990 0.228169
0.042009 -0.008835 0.228126
0.037564 -0.005001 0.226569
0.036383 -0.015693 0.232206
0.041431 -0.009964 0.228584
0.045348 -0.009708 0.230458
0.039141 -0.015384 0.232380
0.043534 -0.010806 0.229784
0.038479 -0.013815 0.230944
0.040598 -0.005123 0.226638
0.041612 -0.013500 0.231312
0.037046 -0.012880 0.230361
0.042481 -0.007593 0.227710
0.045872 -0.009203 0.231077
0.046888 -0.009181 0.232220
0.046471 -0.007589 0.231545
0.041481 -0.008960 0.228078
0.045617 -0.005331 0.229032
0.045666 -0.007049 0.230379
0.037733 -0.012948 0.230337
0.033626 -0.008475 0.230018
0.042708 -0.011088 0.229523
0.044006 -0.007349 0.228249
0.045331 -0.007194 0.229289
0.038246 -0.005615 0.226847
0.041647 -0.007013 0.227352
0.044354 -0.010704 0.230359
0.044641 -0.008430 0.229085
0.039269 -0.006920 0.226999
0.043517 -0.009856 0.233414
0.037543 -0.015722 0.232218
0.046866 -0.009990 0.232361
0.035406 -0.008385 0.232355
0.037506 -0.013970 0.232306
0.038905 -0.010864 0.228833
0.033783 -0.007209 0.230027
0.046669 -0.005246 0.230578
0.045077 -0.009512 0.229891
0.046183 -0.005828 0.230295
0.038356 -0.012272 0.229728
0.039726 -0.013901 0.231157
0.038902 -0.014628 0.231700
0.035270 -0.009537 0.230837
0.041028 -0.014835 0.232583
0.036922 -0.010820 0.228696
0.042743 -0.005822 0.234045
0.038224 -0.011453 0.229154
0.042123 -0.009682 0.232736
0.040946 -0.011827 0.229718
0.035055 -0.006796 0.231979
0.042540 -0.005208 0.227064
0.043209 -0.006178 0.227453
0.037381 -0.015265 0.231950
0.037294 -0.008757 0.232204
0.042460 -0.012806 0.231245
0.039558 -0.005019 0.226697
0.037653 -0.011804 0.229252
0.041733 -0.005374 0.227008
0.037857 -0.011047 0.228724
0.042029 -0.013012 0.231174
0.037674 -0.012174 0.229576
0.045371 -0.010467 0.231059
0.040242 -0.009874 0.228414
0.038031 -0.004542 0.226708
0.042939 -0.009148 0.228567
0.038158 -0.009135 0.227724
0.040703 -0.009571 0.228317
0.045232 -0.012860 0.232719
0.040281 -0.013842 0.231188
0.035765 -0.008893 0.232113
0.045683 -0.005739 0.229208
0.040631 -0.012775 0.230371
0.045857 -0.007747 0.230650
0.038509 -0.007726 0.227218
0.044715 -0.005246 0.227901
0.043094 -0.007969 0.228033
0.040653 -0.010822 0.229064
0.040876 -0.005981 0.226843
0.038507 -0.010430 0.228475
0.042135 -0.008091 0.227814
0.038355 -0.013011 0.230295
0.041853 -0.011918 0.229904
0.045718 -0.006230 0.229397
0.039206 -0.014695 0.231797
0.042038 -0.011971 0.230000
0.045063 -0.006450 0.228699
0.042052 -0.013516 0.231508
0.038557 -0.015661 0.233738
0.042286 -0.007463 0.227614
0.042396 -0.013727 0.232027
0.040063 -0.005111 0.226647
0.035960 -0.010024 0.231456
0.046946 -0.006854 0.231745
0.044876 -0.006717 0.228645
0.035657 -0.010692 0.229680
0.040283 -0.014598 0.232070
0.042023 -0.012086 0.230082
0.034050 -0.008493 0.228888
0.036629 -0.008268 0.232329
0.042750 -0.010827 0.229366
0.040162 -0.015421 0.232847
0.038533 -0.013276 0.230517
0.041570 -0.014032 0.231820
0.036832 -0.009874 0.228019
0.045050 -0.011963 0.231899
0.042413 -0.010549 0.229067
0.038808 -0.014812 0.231869
0.034774 -0.009259 0.228896
0.038942 -0.005603 0.226893
0.043407 -0.013583 0.232265
0.043806 -0.005836 0.227586
0.043657 -0.013348 0.232231
0.036167 -0.008301 0.232420
0.042045 -0.010767 0.229139
0.038507 -0.011686 0.229334
0.044151 -0.009562 0.229417
0.046512 -0.005971 0.231008
0.034952 -0.009813 0.229661
0.046306 -0.010145 0.232171
0.045063 -0.006450 0.228699
0.041122 -0.015039 0.232776
0.043607 -0.005621 0.227469
0.044196 -0.006004 0.227817
0.041900 -0.012615 0.230606
0.043950 -0.013288 0.232417
0.036709 -0.009207 0.232151
0.037014 -0.011961 0.229543
0.039430 -0.009651 0.228146
0.037592 -0.010818 0.228560
0.043694 -0.013937 0.232811
0.046660 -0.006676 0.231400
0.041054 -0.014145 0.231799
0.043922 -0.009487 0.229220
0.040452 -0.014729 0.232199
0.041055 -0.008303 0.227728
0.040520 -0.015084 0.232607
0.044144 -0.008346 0.228779
0.046659 -0.009804 0.232149
0.044103 -0.012265 0.231445
0.036000 -0.011112 0.229552
0.044516 -0.007045 0.228520
0.039926 -0.013410 0.230775
0.036978 -0.010190 0.228238
0.042831 -0.013407 0.231758
0.038615 -0.011049 0.228913
0.039570 -0.007444 0.227147
0.044147 -0.006223 0.227933
0.044291 -0.012201 0.231561
0.043564 -0.012797 0.231631
0.042208 -0.014325 0.232585
0.046855 -0.009578 0.232325
0.040269 -0.015059 0.232512
0.041130 -0.007558 0.227450
0.043661 -0.008412 0.228507
0.046648 -0.007970 0.231809
0.037574 -0.012719 0.230197
0.037375 -0.007137 0.227057
0.037733 -0.012948 0.230337
0.044890 -0.009571 0.229688
0.038507 -0.010430 0.228475
0.042373 -0.010744 0.229190
0.040713 -0.012448 0.230134
0.037019 -0.015613 0.232135
0.044326 -0.010909 0.230558
0.046402 -0.009893 0.232021
0.034374 -0.006024 0.230855
0.038307 -0.013226 0.230464
0.040342 -0.012778 0.230330
0.042758 -0.012454 0.231023
0.035861 -0.011137 0.229865
0.037193 -0.016077 0.233217
0.040004 -0.009190 0.227985
0.037193 -0.016077 0.233217
0.037484 -0.013111 0.230475
0.046486 -0.005310 0.230277
0.041788 -0.008490 0.227907
0.038739 -0.012659 0.230073
0.035653 -0.006875 0.227127
0.045069 -0.011310 0.231463
0.046790 -0.005064 0.230570
0.044337 -0.010643 0.230196
0.043026 -0.013599 0.232066
0.038615 -0.011049 0.228913
0.045639 -0.006568 0.229432
0.040289 -0.008224 0.227561
0.037743 -0.010523 0.228384
0.043579 -0.013590 0.232360
0.042532 -0.011862 0.230128
0.036000 -0.011112 0.229552
0.045203 -0.006081 0.228639
0.044277 -0.008957 0.233776
0.037999 -0.006738 0.227024
0.033979 -0.006710 0.230017
0.041875 -0.010403 0.228890
0.038578 -0.006548 0.226935
0.038634 -0.015253 0.232264
0.040677 -0.014144 0.231628
0.035629 -0.008884 0.227677
0.045575 -0.007108 0.230091
0.033056 -0.005913 0.230176
0.046660 -0.006676 0.231400
0.040059 -0.012591 0.230159
0.036966 -0.005708 0.226467
0.043281 -0.006726 0.227648
0.044103 -0.012265 0.231445
0.044991 -0.010350 0.230857
0.043569 -0.010496 0.229584
0.041748 -0.010951 0.229207
0.043831 -0.005306 0.227450
0.043269 -0.005759 0.227370
0.041614 -0.009615 0.228439
0.045184 -0.010079 0.230704
0.036823 -0.006580 0.226378
0.046308 -0.007590 0.231379
0.044660 -0.010220 0.229965
0.045119 -0.007165 0.229061
0.046319 -0.012780 0.233244
0.044625 -0.010541 0.230229
0.044848 -0.008362 0.229325
0.041269 -0.013648 0.231272
0.046012 -0.005953 0.230073
0.040172 -0.011159 0.229180
0.042422 -0.006170 0.232652
0.043198 -0.010456 0.229365
0.045657 -0.011627 0.232080
0.042009 -0.008835 0.228126
0.045146 -0.007956 0.229773
0.038858 -0.009870 0.228178
0.043350 -0.012787 0.231530
0.044681 -0.006125 0.228204
0.035778 -0.010535 0.229235
0.043177 -0.006578 0.227549
0.043606 -0.009281 0.228859
0.046115 -0.011347 0.232297
0.036064 -0.009224 0.227795
0.046805 -0.005369 0.230932
0.037436 -0.011298 0.228911
0.036992 -0.011414 0.229107
0.042365 -0.008919 0.228285
0.037938 -0.005447 0.226742
0.044985 -0.008019 0.229464
0.040963 -0.014484 0.232215
0.034982 -0.008420 0.230912
0.037064 -0.007887 0.227169
0.039248 -0.009766 0.228176
0.036836 -0.015330 0.231958
0.040817 -0.014403 0.234042
0.039466 -0.009005 0.227813
0.036370 -0.012356 0.230358
0.042001 -0.013737 0.231710
0.035165 -0.008003 0.231401
0.040130 -0.008808 0.227814
0.037862 -0.014395 0.231466
0.041254 -0.012665 0.230434
0.041928 -0.011250 0.229436
0.039859 -0.012306 0.229959
0.042656 -0.008566 0.228215
0.044716 -0.009758 0.229682
0.033331 -0.008369 0.230049
0.045798 -0.006432 0.229736
0.040211 -0.014569 0.231925
0.040021 -0.014428 0.231702
0.045296 -0.012647 0.232579
0.039574 -0.007905 0.227301
0.034103 -0.006097 0.230282
0.046889 -0.005521 0.231090
0.045961 -0.007333 0.230837
0.045386 -0.007425 0.229653
0.037019 -0.015613 0.232135
0.036575 -0.008246 0.227009
0.038500 -0.009188 0.227797
0.044838 -0.010324 0.230549
0.040221 -0.014862 0.232250
0.033853 -0.008109 0.230124
0.036944 -0.013115 0.230539
0.042476 -0.013501 0.231760
0.040727 -0.007403 0.227346
0.045803 -0.009655 0.231084
0.036086 -0.009642 0.231795
0.041126 -0.005868 0.226903
0.046138 -0.009870 0.231843
0.036661 -0.012094 0.229937
0.034670 -0.009629 0.229755
0.039603 -0.015791 0.232859
0.035971 -0.008821 0.227312
0.043386 -0.007209 0.227838
0.044681 -0.006125 0.228204
0.036563 -0.005313 0.226519
0.042452 -0.012109 0.230385
0.044299 -0.012745 0.232282
0.045109 -0.011101 0.231353
0.037168 -0.009972 0.228075
0.043010 -0.005452 0.227226
0.045697 -0.009880 0.230921
0.040986 -0.010951 0.229142
0.041259 -0.012057 0.232290
0.046790 -0.005064 0.230570
0.045257 -0.013340 0.233099
0.042829 -0.006176 0.227334
0.045861 -0.006973 0.230608
0.039995 -0.010221 0.228593
0.046420 -0.011735 0.232652
0.037156 -0.016600 0.233094
0.045937 -0.008088 0.231152
0.040516 -0.009794 0.228424
0.037589 -0.014483 0.231517
0.038625 -0.010709 0.228679
0.041264 -0.012978 0.230722
0.040354 -0.014276 0.231647
0.038748 -0.015464 0.232375
0.036226 -0.011445 0.229662
0.036955 -0.011076 0.228882
0.045819 -0.012603 0.232825
0.046771 -0.010292 0.232411
0.037578 -0.012074 0.229475
0.040078 -0.009990 0.228455
0.041612 -0.013500 0.231312
0.039348 -0.015256 0.232311
0.043569 -0.010496 0.229584
0.039681 -0.005840 0.226764
0.039821 -0.011955 0.229704
0.033634 -0.008824 0.229768
0.037000 -0.009784 0.227945
0.044086 -0.010238 0.229741
0.040759 -0.006351 0.233182
0.036516 -0.015229 0.231930
0.042115 -0.005421 0.227038
0.034225 -0.007055 0.230390
0.038592 -0.015117 0.232066
0.037046 -0.012880 0.230361
0.044685 -0.008081 0.233945
0.044055 -0.009635 0.233668
0.043387 -0.013273 0.232056
0.044073 -0.011918 0.231148
0.037457 -0.007975 0.227255
0.044456 -0.009305 0.229505
0.040152 -0.012391 0.230021
0.040522 -0.009891 0.228489
0.035345 -0.010063 0.229454
0.043999 -0.008387 0.228706
0.035200 -0.007788 0.232098
0.041901 -0.012091 0.232959
0.034225 -0.007055 0.230390
0.046134 -0.012607 0.233006
0.033626 -0.008475 0.230018
0.043861 -0.013920 0.232896
0.037448 -0.013518 0.230759
0.041228 -0.011927 0.229823
0.041853 -0.014420 0.232597
0.045523 -0.009333 0.230388
0.036175 -0.011223 0.231018
0.034631 -0.009553 0.229510
0.045232 -0.012860 0.232719
0.043616 -0.010176 0.229405
0.040550 -0.014545 0.232047
0.039934 -0.007958 0.227374
0.043067 -0.013216 0.231690
0.044705 -0.013413 0.232942
0.038882 -0.014454 0.231515
0.037949 -0.009490 0.227816
0.039265 -0.015618 0.232603
0.037019 -0.004369 0.226576
0.040016 -0.010903 0.229000
0.039184 -0.009432 0.227982
0.043836 -0.009253 0.229014
0.039772 -0.010061 0.228468
0.040558 -0.006290 0.226880
0.039850 -0.014635 0.231865
0.040732 -0.007789 0.227473
0.039637 -0.010963 0.229002
0.040653 -0.012899 0.232726
0.042608 -0.014083 0.232483
0.046946 -0.006389 0.231515
0.039327 -0.011773 0.229518
0.042963 -0.014403 0.233060
0.039305 -0.008988 0.227789
0.038101 -0.008514 0.227522
0.037436 -0.011298 0.228911
0.037641 -0.009131 0.227634
0.038283 -0.015185 0.232001
0.041101 -0.012330 0.230114
0.037019 -0.015613 0.232135
0.041559 -0.006397 0.227158
0.041580 -0.012678 0.230550
0.036912 -0.007021 0.232145
0.042714 -0.013560 0.231950
0.038684 -0.010329 0.228439
0.037608 -0.014774 0.231713
0.037445 -0.015978 0.232401
0.045542 -0.008475 0.230163
0.042668 -0.006173 0.233389
0.039170 -0.014321 0.231432
0.044281 -0.013547 0.232898
0.040342 -0.012778 0.230330
0.041841 -0.005461 0.232257
0.036705 -0.010447 0.228486
0.039822 -0.006638 0.226947
0.037206 -0.009038 0.227516
0.042128 -0.006720 0.227359
0.039821 -0.011955 0.229704
0.037974 -0.009869 0.228020
0.033229 -0.008733 0.229342
0.036774 -0.007948 0.227102
0.040657 -0.010433 0.228820
0.034123 -0.008930 0.229181
0.041774 -0.013962 0.231814
0.045758 -0.009513 0.230825
0.040658 -0.010250 0.228709
0.035146 -0.010003 0.230043
0.038961 -0.011725 0.229414
0.043885 -0.006780 0.234532
0.038683 -0.015828 0.232626
0.046704 -0.005392 0.230807
0.038995 -0.015128 0.232190
0.043494 -0.008200 0.228316
0.046580 -0.012208 0.232978
0.042808 -0.008200 0.228060
0.044688 -0.012576 0.232290
0.036803 -0.006953 0.226444
0.035341 -0.009856 0.229014
0.039451 -0.008531 0.227597
0.042048 -0.008364 0.227908
0.041369 -0.005308 0.226842
0.046787 -0.011116 0.232784
0.037064 -0.012106 0.229710
0.037037 -0.014577 0.231519
0.036642 -0.006277 0.226434
0.042005 -0.009265 0.228326
0.039822 -0.006638 0.226947
0.043428 -0.012195 0.230996
0.041874 -0.012146 0.230103
0.034933 -0.008314 0.228152
0.044541 -0.012874 0.232571
0.046085 -0.008764 0.231297
0.037990 -0.012097 0.229561
0.037806 -0.006895 0.227061
0.042208 -0.014325 0.232585
0.042935 -0.005979 0.234276
0.044397 -0.012316 0.231857
0.041417 -0.012524 0.230346
0.045099 -0.012757 0.232597
0.036566 -0.014984 0.231785
0.042305 -0.008234 0.227918
0.035736 -0.008129 0.232437
0.039631 -0.011877 0.229612
0.045203 -0.006081 0.228639
0.041305 -0.013849 0.231522
0.037038 -0.010417 0.231786
0.039822 -0.008906 0.227806
0.039317 -0.015505 0.232509
0.042602 -0.010703 0.229209
0.042020 -0.014426 0.232745
0.041703 -0.008124 0.227720
0.043569 -0.010496 0.229584
0.043806 -0.010813 0.229928
0.037393 -0.014825 0.231709
0.037763 -0.008262 0.227403
0.040283 -0.014598 0.232070
0.044856 -0.007098 0.228782
0.035509 -0.010216 0.229297
0.043806 -0.010813 0.229928
0.043494 -0.008200 0.228316
0.045014 -0.008344 0.229726
0.039051 -0.011380 0.229183
0.040204 -0.011640 0.229536
0.042013 -0.009060 0.228234
0.042083 -0.013198 0.231316
0.040271 -0.006586 0.226959
0.041011 -0.006386 0.227011
0.045558 -0.007269 0.230366
0.044917 -0.009240 0.229651
0.044415 -0.005757 0.227851
0.042238 -0.006296 0.227262
0.040113 -0.013790 0.231127
0.041586 -0.011760 0.229743
0.042348 -0.014371 0.232847
0.039998 -0.013128 0.230577
0.033190 -0.008171 0.230050
0.043673 -0.006458 0.234607
0.045307 -0.009473 0.230159
0.037783 -0.012516 0.229955
0.036739 -0.016057 0.232812
0.038409 -0.015464 0.232219
0.041949 -0.013663 0.231581
0.037018 -0.005295 0.226457
0.037837 -0.011461 0.229080
0.034510 -0.007731 0.230741
0.044525 -0.007312 0.228627
0.045874 -0.006379 0.230109
0.045342 -0.013109 0.232957
0.045556 -0.010301 0.231105
0.044060 -0.012783 0.232048
0.033510 -0.007367 0.230054
0.041507 -0.013714 0.231459
0.036574 -0.011628 0.229480
0.044430 -0.009675 0.229581
0.039240 -0.012082 0.229707
0.042650 -0.011661 0.230040
0.045288 -0.011441 0.231678
0.045683 -0.005739 0.229208
0.043823 -0.008271 0.228538
0.042153 -0.014584 0.233040
0.036341 -0.013228 0.230758
0.038531 -0.008251 0.227392
0.046621 -0.011015 0.232595
0.038120 -0.011801 0.229368
0.046303 -0.004785 0.229667
0.045511 -0.010573 0.231354
0.038613 -0.008593 0.227562
0.045026 -0.013287 0.232949
0.044243 -0.007461 0.228516
0.046842 -0.004517 0.230182
0.039726 -0.013901 0.231157
0.046563 -0.011918 0.232818
0.038750 -0.013435 0.230651
0.041451 -0.011228 0.229374
0.041759 -0.007811 0.227589
0.046109 -0.010604 0.232179
0.041286 -0.009621 0.228400
0.037318 -0.009321 0.227649
0.034604 -0.006057 0.231313
0.038332 -0.006619 0.226961
0.045039 -0.010016 0.230465
0.036947 -0.016221 0.232721
0.036993 -0.006974 0.226879
0.043200 -0.014090 0.232828
0.042609 -0.013637 0.232156
0.037213 -0.004884 0.226479
0.040695 -0.014731 0.232332
0.044146 -0.007589 0.228504
0.043494 -0.011328 0.233839
0.036343 -0.011963 0.230122
0.044594 -0.007390 0.234276
0.039453 -0.014153 0.231336
0.033495 -0.007949 0.230064
0.042861 -0.007012 0.233457
0.037436 -0.012138 0.229568
0.044040 -0.010256 0.233779
0.035268 -0.010065 0.229594
0.044150 -0.012531 0.231880
0.042286 -0.007463 0.227614
0.046125 -0.012355 0.232827
0.037786 -0.016496 0.232863
0.045558 -0.007269 0.230366
0.034635 -0.006799 0.231391
0.037123 -0.006132 0.226792
0.046005 -0.009617 0.231588
0.046550 -0.010162 0.232248
0.043210 -0.010208 0.229230
0.038162 -0.014274 0.231300
0.038899 -0.013806 0.230971
0.043244 -0.007822 0.233693
0.040225 -0.008552 0.227705
0.037345 -0.014054 0.231133
0.044848 -0.008362 0.229325
0.037386 -0.005702 0.226657
0.038642 -0.014100 0.231131
0.046466 -0.012501 0.233118
0.036226 -0.011445 0.229662
0.037047 -0.008727 0.227392
0.043826 -0.011128 0.230224
0.038409 -0.015464 0.232219
0.032830 -0.008061 0.230073
0.042616 -0.011370 0.229720
0.039546 -0.010183 0.228541
0.039543 -0.012975 0.230389
0.041274 -0.008896 0.227999
0.045335 -0.006513 0.228986
0.041706 -0.010485 0.228933
0.036095 -0.011565 0.230080
0.045399 -0.006156 0.228925
0.041054 -0.014145 0.231799
0.041874 -0.009603 0.228462
0.036396 -0.013863 0.231675
0.041439 -0.014327 0.232189
0.040045 -0.005688 0.226673
0.043521 -0.011651 0.230523
0.045232 -0.009129 0.229964
0.041546 -0.012284 0.230153
0.041799 -0.012601 0.230539
0.042335 -0.011772 0.229969
0.040730 -0.008182 0.227637
0.036992 -0.011414 0.229107
0.038758 -0.006286 0.233659
0.037261 -0.014523 0.231487
0.044261 -0.008041 0.228740
0.034123 -0.008930 0.229181
0.038520 -0.012416 0.229862
0.041770 -0.010735 0.229084
0.043147 -0.011755 0.230409
0.042889 -0.008556 0.233062
0.043494 -0.007523 0.228009
0.046550 -0.010162 0.232248
0.044978 -0.010007 0.234299
0.043245 -0.008036 0.228111
0.041314 -0.013282 0.230977
0.041733 -0.005374 0.227008
0.045093 -0.008117 0.233848
0.042135 -0.012726 0.230854
0.040887 -0.013781 0.231253
0.032767 -0.007211 0.230175
0.038742 -0.009452 0.227938
0.032864 -0.006324 0.230222
0.039290 -0.010872 0.228905
0.042953 -0.007988 0.227962
0.045856 -0.008514 0.230767
0.039888 -0.007015 0.227055
0.042962 -0.005831 0.227291
0.044790 -0.008051 0.229124
0.036983 -0.016493 0.233233
0.041238 -0.014567 0.232514
0.040670 -0.006735 0.227080
0.038412 -0.014036 0.231090
0.046197 -0.006253 0.230679
0.042749 -0.013806 0.232379
0.046150 -0.008185 0.231309
0.034534 -0.008031 0.228341
0.040558 -0.006290 0.226880
0.043853 -0.010184 0.229558
0.039117 -0.011600 0.229336
0.041867 -0.013418 0.231334
0.040059 -0.011980 0.229758
0.042362 -0.011287 0.229532
0.041534 -0.008540 0.227879
0.041996 -0.009896 0.228637
0.041209 -0.006259 0.227044
0.039574 -0.007905 0.227301
0.037448 -0.013518 0.230759
0.041634 -0.012012 0.229944
0.043297 -0.012711 0.231420
0.038483 -0.014315 0.231291
0.036643 -0.011442 0.229256
0.040019 -0.009632 0.228231
0.037805 -0.009553 0.227802
0.043860 -0.012296 0.231311
0.041324 -0.014411 0.232321
0.043234 -0.012271 0.231002
0.037857 -0.014122 0.231200
0.044801 -0.010967 0.231027
0.037063 -0.006410 0.226818
0.036795 -0.011899 0.229623
0.040277 -0.014058 0.231394
0.038748 -0.015464 0.232375
0.037045 -0.015055 0.231808
0.043933 -0.010562 0.229819
0.046648 -0.007970 0.231809
0.043617 -0.012005 0.230917
0.047191 -0.004390 0.230550
0.034388 -0.006298 0.230594
0.036314 -0.014793 0.231932
0.042602 -0.011489 0.229859
0.041461 -0.014569 0.232681
0.042153 -0.014584 0.233040
0.043803 -0.011480 0.230536
0.042947 -0.013634 0.232249
0.042873 -0.009408 0.228653
0.036139 -0.010590 0.228929
0.046471 -0.007589 0.231545
0.044001 -0.005852 0.227640
0.043777 -0.012815 0.231798
0.046988 -0.004865 0.230659
0.043245 -0.008036 0.228111
0.040388 -0.012529 0.230131
0.037974 -0.009869 0.228020
0.036526 -0.007947 0.226791
0.045803 -0.012954 0.233158
0.037972 -0.010739 0.228549
0.046039 -0.007710 0.231091
0.045271 -0.010717 0.231225
0.035325 -0.008583 0.232289
0.042174 -0.012052 0.230131
0.040657 -0.010433 0.228820
0.042128 -0.006720 0.227359
0.045957 -0.005668 0.229809
0.042327 -0.010011 0.228787
0.042400 -0.007682 0.232879
0.042990 -0.006509 0.234073
0.037397 -0.015072 0.231843
0.045262 -0.011690 0.231821
0.034482 -0.008835 0.230302
0.042189 -0.005255 0.232381
0.047292 -0.004690 0.230898
0.045370 -0.007867 0.230083
0.039466 -0.009005 0.227813
0.043517 -0.009856 0.233414
0.039974 -0.005982 0.226738
0.042684 -0.007546 0.227685
0.044724 -0.007784 0.228978
0.046486 -0.006361 0.231152
0.047022 -0.005133 0.230977
0.037641 -0.009131 0.227634
0.039350 -0.011157 0.229098
0.040552 -0.013987 0.231377
0.044043 -0.011226 0.230496
0.040019 -0.009632 0.228231
0.036575 -0.014694 0.231659
0.044446 -0.008981 0.229292
0.043091 -0.013806 0.232523
0.038295 -0.014451 0.231419
0.041597 -0.009905 0.228573
0.045487 -0.009188 0.230186
0.042662 -0.012632 0.231166
0.036685 -0.015655 0.232148
0.044001 -0.005852 0.227640
0.036752 -0.015821 0.232245
0.043415 -0.010069 0.229268
0.043490 -0.005345 0.227355
0.045204 -0.005185 0.228161
0.044257 -0.008421 0.228870
0.045508 -0.011217 0.231719
0.037789 -0.011261 0.228870
0.042838 -0.011934 0.230385
0.039931 -0.015193 0.232481
0.043710 -0.012320 0.231225
0.044848 -0.008362 0.229325
0.043387 -0.013273 0.232056
0.042909 -0.012750 0.231338
0.047174 -0.005874 0.231439
0.044942 -0.011718 0.231597
0.041933 -0.006362 0.227247
0.037679 -0.005386 0.226650
0.045238 -0.005477 0.228348
0.042625 -0.009944 0.228832
0.036622 -0.006816 0.226416
0.041402 -0.014198 0.231984
0.039906 -0.014101 0.231356
0.040556 -0.009295 0.228159
0.038023 -0.007904 0.232340
0.047022 -0.005133 0.230977
0.046915 -0.005111 0.230836
0.045508 -0.012205 0.232357
0.038668 -0.008029 0.227293
0.046337 -0.012078 0.232750
0.035031 -0.009586 0.228997
0.036809 -0.007162 0.226750
0.045307 -0.009473 0.230159
0.034075 -0.007092 0.230060
0.040668 -0.014311 0.231820
0.042320 -0.005908 0.232472
0.038307 -0.011818 0.229477
0.041645 -0.007835 0.232843
0.034923 -0.008982 0.230620
0.042733 -0.008950 0.228435
0.041134 -0.005601 0.226813
0.044883 -0.007727 0.234048
0.043048 -0.008327 0.228227
0.039601 -0.011550 0.229399
0.037190 -0.012844 0.230302
0.041159 -0.012489 0.230289
0.045990 -0.004913 0.229185
0.039588 -0.009897 0.228316
0.046645 -0.004757 0.230105
0.036163 -0.013430 0.231005
0.045081 -0.006812 0.228841
0.038483 -0.014315 0.231291
0.043407 -0.010270 0.229437
0.036383 -0.015693 0.232206
0.035015 -0.007496 0.231365
0.041409 -0.015082 0.232994
0.045617 -0.005331 0.229032
0.043826 -0.011128 0.230224
0.040283 -0.014598 0.232070
0.042651 -0.006379 0.227337
0.046102 -0.005004 0.229515
0.045757 -0.012223 0.232517
0.043745 -0.011395 0.230414
0.037995 -0.012808 0.230173
0.046196 -0.011601 0.232418
0.044496 -0.012083 0.231588
0.043305 -0.007030 0.234187
0.042601 -0.012515 0.230995
0.037276 -0.012025 0.229497
0.040977 -0.010677 0.229004
0.045134 -0.011130 0.231451
0.038107 -0.014053 0.231126
0.036313 -0.015529 0.232303
0.045495 -0.006283 0.229178
0.040225 -0.005392 0.226632
0.043209 -0.006178 0.227453
0.037782 -0.013607 0.230797
0.035864 -0.005146 0.226853
0.037109 -0.005973 0.226655
0.044146 -0.009214 0.229219
0.042049 -0.013996 0.232064
0.039266 -0.008813 0.227708
0.040977 -0.010677 0.229004
0.037620 -0.011123 0.228748
0.038695 -0.014408 0.231411
0.046436 -0.004852 0.229904
0.037512 -0.009923 0.228011
0.040973 -0.008913 0.227974
0.046388 -0.008552 0.231532
0.038054 -0.010172 0.228218
0.035606 -0.009047 0.227911
0.042750 -0.010827 0.229366
0.040327 -0.007885 0.227415
0.036680 -0.008587 0.227270
0.033472 -0.005902 0.230177
0.038034 -0.011366 0.229196
0.044466 -0.009740 0.233928
0.036387 -0.009366 0.232057
0.037608 -0.014774 0.231713
0.045616 -0.006879 0.229678
0.043350 -0.012787 0.231530
0.044011 -0.013391 0.232571
0.037356 -0.005969 0.226809
0.032782 -0.008519 0.229961
0.037014 -0.004724 0.226468
0.043331 -0.010942 0.229852
0.036174 -0.008836 0.227243
0.041072 -0.007999 0.227610
0.039172 -0.012853 0.230250
0.046466 -0.012501 0.233118
0.045673 -0.009079 0.230402
0.036337 -0.013816 0.231144
0.045227 -0.012479 0.232428
0.045918 -0.005446 0.229566
0.042126 -0.005974 0.232512
0.044864 -0.013048 0.232749
0.044461 -0.010507 0.234101
0.036756 -0.013362 0.230695
0.043855 -0.008462 0.233766
0.043834 -0.008573 0.228686
0.043397 -0.009095 0.228665
0.045781 -0.010183 0.231444
0.035773 -0.010427 0.230985
0.039330 -0.007657 0.227213
0.038788 -0.013602 0.230795
0.039934 -0.007958 0.227374
0.036104 -0.008332 0.227074
0.038541 -0.012022 0.229588
0.035390 -0.007948 0.232392
0.043928 -0.013730 0.232776
0.033634 -0.008824 0.229768
0.046879 -0.004694 0.230365
0.037169 -0.005986 0.226771
0.042794 -0.005909 0.227270
0.043056 -0.014284 0.232986
0.041239 -0.011748 0.229699
0.038054 -0.010172 0.228218
0.034722 -0.007340 0.231203
0.043704 -0.012204 0.231126
0.044958 -0.008653 0.229656
0.037774 -0.006275 0.226936
0.044168 -0.012085 0.231331
0.040707 -0.013216 0.230754
0.042063 -0.011044 0.229325
0.044930 -0.010181 0.230292
0.034047 -0.008722 0.230047
0.036993 -0.006974 0.226879
0.045250 -0.006851 0.229011
0.034434 -0.009416 0.229762
0.046987 -0.008901 0.232149
0.045238 -0.005477 0.228348
0.042179 -0.012426 0.230555
0.036903 -0.006678 0.226641
0.037465 -0.016513 0.232921
0.036064 -0.009224 0.227795
0.037755 -0.008580 0.227510
0.036120 -0.012983 0.230839
0.041439 -0.008276 0.227743
0.043276 -0.009322 0.228703
0.042606 -0.005936 0.227238
0.039140 -0.008071 0.227336
0.045250 -0.007515 0.229588
0.045850 -0.009844 0.231376
0.044748 -0.011278 0.231127
0.044938 -0.005744 0.228247
0.039331 -0.012818 0.232045
0.044707 -0.012221 0.231928
0.040727 -0.007403 0.227346
0.036855 -0.012199 0.229939
0.038770 -0.008352 0.227444
0.040244 -0.015343 0.232808
0.045860 -0.009427 0.231292
0.042744 -0.010380 0.229057
0.044060 -0.012783 0.232048
0.036705 -0.010447 0.228486
0.033214 -0.007377 0.230062
0.041799 -0.012601 0.230539
0.044664 -0.013665 0.233084
0.033181 -0.007909 0.230027
0.041823 -0.011494 0.229600
0.046316 -0.010924 0.232349
0.037857 -0.010215 0.228221
0.042255 -0.009355 0.228453
0.043861 -0.013920 0.232896
0.044978 -0.011022 0.231165
0.037381 -0.015265 0.231950
0.034985 -0.008726 0.228237
0.046552 -0.007045 0.231454
0.045951 -0.005232 0.229405
0.036855 -0.012199 0.229939
0.039952 -0.013690 0.231001
0.037645 -0.009640 0.227833
0.035918 -0.008981 0.227555
0.039717 -0.009654 0.228189
0.045241 -0.012148 0.232161
0.041110 -0.010111 0.228652
0.035142 -0.007566 0.231612
0.043033 -0.011070 0.229746
0.039893 -0.014891 0.232159
0.044998 -0.008976 0.229792
0.034123 -0.008930 0.229181
0.040995 -0.006727 0.227141
0.041767 -0.014838 0.232970
0.041846 -0.006212 0.227180
0.037356 -0.005969 0.226809
0.044503 -0.011509 0.231042
0.044409 -0.006634 0.228211
0.037768 -0.004840 0.226649
0.044582 -0.012751 0.232455
0.043302 -0.011755 0.230577
0.032782 -0.008519 0.229961
0.045189 -0.008357 0.229996
0.037024 -0.014762 0.231637
0.039198 -0.006543 0.226945
0.037465 -0.016513 0.232921
0.040884 -0.007416 0.227400
0.047129 -0.004538 0.230585
0.035250 -0.007996 0.231784
0.042543 -0.006807 0.232957
0.037427 -0.010441 0.228345
0.045635 -0.005096 0.228840
0.043494 -0.011328 0.233839
0.036075 -0.013593 0.231247
0.037527 -0.007156 0.232253
0.037213 -0.004884 0.226479
0.035807 -0.010874 0.229543
0.041823 -0.011494 0.229600
0.037641 -0.009131 0.227634
0.040887 -0.013781 0.231253
0.040759 -0.006351 0.233182
0.034401 -0.006761 0.230953
0.038695 -0.014408 0.231411
0.046105 -0.010183 0.231973
0.042602 -0.010703 0.229209
0.041344 -0.005611 0.226955
0.036962 -0.007404 0.226992
0.037121 -0.008333 0.227293
0.046250 -0.012684 0.233131
0.039645 -0.007647 0.227207
0.043739 -0.014070 0.232955
0.036342 -0.008740 0.232280
0.042782 -0.006231 0.233635
0.037156 -0.016600 0.233094
0.039916 -0.007484 0.227200
0.046332 -0.005640 0.230323
0.044366 -0.010277 0.229905
0.038126 -0.011226 0.228934
0.042283 -0.009685 0.228617
0.042452 -0.012109 0.230385
0.043836 -0.009253 0.229014
0.040209 -0.009404 0.228161
0.037447 -0.011586 0.229109
0.042343 -0.014277 0.232614
0.039645 -0.013183 0.230561
0.042669 -0.007854 0.233035
0.041443 -0.007913 0.227581
0.046530 -0.009427 0.231962
0.036729 -0.007119 0.226395
0.043424 -0.013139 0.231871
0.033070 -0.008367 0.230056
0.044025 -0.012438 0.231596
0.043214 -0.012930 0.231568
0.041794 -0.013148 0.231094
0.039466 -0.009005 0.227813
0.043769 -0.006301 0.227772
0.045846 -0.008829 0.230941
0.042861 -0.010064 0.228953
0.040739 -0.014019 0.231487
0.039546 -0.010183 0.228541
0.039039 -0.006991 0.226976
0.044257 -0.008421 0.228870
0.038456 -0.007361 0.227079
0.038211 -0.006271 0.233378
0.040397 -0.013598 0.230988
0.038827 -0.014174 0.231223
0.042392 -0.014023 0.232278
0.043220 -0.007304 0.233976
0.035971 -0.009174 0.232000
0.040211 -0.014569 0.231925
0.043252 -0.012512 0.231238
0.046180 -0.006597 0.230992
0.043609 -0.013872 0.232694
0.036966 -0.005708 0.226467
0.040968 -0.007089 0.227297
0.044845 -0.012262 0.232047
0.045880 -0.010896 0.232017
0.038913 -0.004676 0.226771
0.044861 -0.013341 0.232916
0.044866 -0.012691 0.232485
0.037715 -0.009995 0.228076
0.038938 -0.012268 0.229813
0.041648 -0.005746 0.232614
0.038668 -0.008029 0.227293
0.044833 -0.006365 0.228435
0.035443 -0.008529 0.227729
0.045307 -0.009473 0.230159
0.043585 -0.012487 0.231323
0.040130 -0.008808 0.227814
0.046129 -0.005354 0.229971
0.035306 -0.008581 0.231639
0.045757 -0.010050 0.231199
0.040497 -0.015295 0.232790
0.038541 -0.012022 0.229588
0.038735 -0.013268 0.230517
0.037046 -0.012880 0.230361
0.045992 -0.012867 0.233147
0.033917 -0.008963 0.229475
0.041577 -0.013364 0.231160
0.041670 -0.012900 0.230780
0.036889 -0.007674 0.232184
0.046745 -0.007695 0.231778
0.039717 -0.009654 0.228189
0.036373 -0.009966 0.228230
0.036888 -0.009760 0.227881
0.041691 -0.013054 0.230926
0.044688 -0.012576 0.232290
0.041007 -0.008742 0.227897
0.035178 -0.008643 0.231135
0.041522 -0.005290 0.226952
0.038379 -0.010436 0.228450
0.046502 -0.008896 0.231744
0.038742 -0.009452 0.227938
0.045485 -0.012423 0.232495
0.037591 -0.013826 0.230992
0.038601 -0.005880 0.226909
0.038592 -0.015117 0.232066
0.043855 -0.008462 0.233766
0.034337 -0.009180 0.229970
0.044391 -0.013777 0.233059
0.043928 -0.013730 0.232776
0.044688 -0.012576 0.232290
0.044693 -0.005447 0.227951
0.041647 -0.007013 0.227352
0.046648 -0.008405 0.231774
0.046250 -0.012684 0.233131
0.040495 -0.014926 0.232426
0.038371 -0.012449 0.229864
0.046682 -0.004565 0.229965
0.037828 -0.007509 0.227183
0.035775 -0.008518 0.232356
0.044869 -0.008942 0.229541
0.037037 -0.014577 0.231519
0.038080 -0.010437 0.228383
0.043202 -0.006939 0.227661
0.043127 -0.006199 0.234412
0.040370 -0.009004 0.227965
0.044261 -0.008041 0.228740
0.044641 -0.010802 0.230633
0.039375 -0.010043 0.228371
0.044373 -0.006268 0.228051
0.042826 -0.007404 0.233264
0.045848 -0.006668 0.230388
0.040333 -0.006788 0.227054
0.045291 -0.010329 0.230915
0.033000 -0.008836 0.229727
0.039204 -0.008548 0.227581
0.037832 -0.016160 0.232540
0.037165 -0.012358 0.229982
0.034310 -0.007328 0.230648
0.041614 -0.009615 0.228439
0.040440 -0.010195 0.228649
0.043407 -0.013583 0.232265
0.040559 -0.008841 0.227897
0.039533 -0.013437 0.230767
0.038399 -0.012739 0.230096
0.045770 -0.008861 0.230633
0.037500 -0.006577 0.232543
0.035209 -0.009035 0.228256
0.037090 -0.009712 0.227860
0.044277 -0.008957 0.233776
0.032640 -0.008973 0.229532
0.040113 -0.013790 0.231127
0.038377 -0.008382 0.227463
0.046407 -0.006807 0.231268
0.044415 -0.005757 0.227851
0.040154 -0.014258 0.231564
0.043914 -0.007905 0.234061
0.044769 -0.008707 0.229316
0.041750 -0.008817 0.228072
0.039143 -0.006821 0.233105
0.038031 -0.012634 0.231958
0.038446 -0.010009 0.228189
0.044298 -0.005574 0.227703
0.035402 -0.010407 0.230198
0.042462 -0.013572 0.231861
0.038782 -0.012936 0.230269
0.038041 -0.015431 0.232115
0.039906 -0.014101 0.231356
0.038984 -0.015644 0.232564
0.038899 -0.013806 0.230971
0.042496 -0.005716 0.233001
0.041693 -0.011216 0.229382
0.043640 -0.011023 0.230045
0.044437 -0.007660 0.234168
0.046079 -0.006307 0.230517
0.042972 -0.007336 0.227668
0.037962 -0.013384 0.230617
0.038609 -0.013059 0.230339
0.041346 -0.013939 0.231672
0.038699 -0.007068 0.226996
0.036280 -0.008677 0.227059
0.039252 -0.012311 0.229898
0.036803 -0.015297 0.232566
0.041251 -0.011141 0.229312
0.040361 -0.005932 0.226730
0.044397 -0.012316 0.231857
0.044213 -0.011662 0.230964
0.039587 -0.008137 0.227413
0.044950 -0.012423 0.232260
0.036483 -0.007395 0.226602
0.044194 -0.012418 0.231764
0.044049 -0.013944 0.233014
0.036360 -0.010358 0.228558
0.043415 -0.006300 0.227602
0.042581 -0.014241 0.232670
0.040244 -0.015343 0.232808
0.043356 -0.013845 0.232557
0.040825 -0.009662 0.228382
0.035093 -0.009312 0.228625
0.044926 -0.010701 0.230971
0.040943 -0.011205 0.229294
0.042700 -0.014350 0.232899
0.034515 -0.008790 0.228780
0.037362 -0.012867 0.230313
0.039486 -0.006394 0.226914
0.039661 -0.009342 0.228002
0.039333 -0.005456 0.226792
0.045673 -0.010335 0.231335
0.041310 -0.014891 0.232793
0.044296 -0.009044 0.229227
0.037577 -0.005318 0.226597
0.045163 -0.010517 0.231030
0.035395 -0.010173 0.230523
0.037500 -0.005814 0.226800
0.040935 -0.015129 0.232775
0.033691 -0.007614 0.230084
0.046283 -0.008917 0.231512
0.045200 -0.005869 0.228504
0.039601 -0.011550 0.229399
0.040677 -0.005397 0.226646
0.038640 -0.012171 0.229702
0.045506 -0.008106 0.230196
0.038115 -0.013808 0.230922
0.037825 -0.007973 0.227316
0.046115 -0.011347 0.232297
0.043683 -0.013637 0.232511
0.040200 -0.013534 0.230906
0.045095 -0.009860 0.230155
0.044054 -0.008934 0.229019
0.039526 -0.014778 0.231926
0.043711 -0.007959 0.228323
0.044409 -0.006634 0.228211
0.042153 -0.011712 0.229838
0.039277 -0.004850 0.226746
0.043427 -0.008489 0.228440
0.038598 -0.009636 0.228021
0.038135 -0.015044 0.231901
0.045906 -0.008420 0.231109
0.040023 -0.010510 0.228766
0.034957 -0.007981 0.231077
0.045666 -0.007049 0.230379
0.041869 -0.012341 0.230352
0.037909 -0.009069 0.227671
0.045885 -0.010106 0.231698
0.036697 -0.007648 0.226855
0.041545 -0.005057 0.226834
0.033917 -0.008963 0.229475
0.039951 -0.012874 0.230368
0.034055 -0.007588 0.230239
0.038634 -0.015253 0.232264
0.044115 -0.007206 0.234383
0.042725 -0.006029 0.233683
0.036106 -0.011755 0.230448
0.038558 -0.008736 0.227624
0.043980 -0.011734 0.230923
0.038105 -0.015738 0.232270
0.036388 -0.011106 0.229189
0.040721 -0.014998 0.232636
0.036997 -0.006245 0.226695
0.041648 -0.005746 0.232614
0.044692 -0.012033 0.231690
0.042348 -0.014371 0.232847
0.043926 -0.012810 0.231922
0.041507 -0.013714 0.231459
0.042891 -0.006276 0.233942
0.042488 -0.006542 0.227353
0.040337 -0.010728 0.228938
0.038483 -0.014315 0.231291
0.035509 -0.010216 0.229297
0.036571 -0.012925 0.230498
0.044114 -0.009935 0.229548
0.046571 -0.007428 0.231582
0.046790 -0.005064 0.230570
0.040171 -0.009179 0.228033
0.039186 -0.014498 0.231634
0.041054 -0.014145 0.231799
0.038947 -0.009542 0.228001
0.038312 -0.016094 0.232544
0.036183 -0.007673 0.232328
0.036481 -0.009427 0.227751
0.038399 -0.012739 0.230096
0.043010 -0.006982 0.233842
0.035563 -0.009977 0.231047
0.044713 -0.011691 0.231362
0.046131 -0.005147 0.229791
0.044830 -0.007461 0.228943
0.042065 -0.009542 0.228488
0.044978 -0.010007 0.234299
0.044525 -0.007312 0.228627
0.038869 -0.015936 0.232781
0.046292 -0.009290 0.231655
0.046008 -0.006944 0.230830
0.043189 -0.007708 0.227905
0.042181 -0.011153 0.232748
0.040578 -0.011066 0.229171
0.040397 -0.013598 0.230988
0.038205 -0.007651 0.227194
0.043037 -0.010078 0.229007
0.045081 -0.006812 0.228841
0.039453 -0.014153 0.231336
0.041939 -0.013931 0.231896
0.044698 -0.009446 0.229563
0.042036 -0.012817 0.233661
0.038908 -0.012819 0.230189
0.038827 -0.011619 0.229298
0.041385 -0.013094 0.230882
0.042188 -0.014287 0.232430
0.042362 -0.011031 0.229367
0.046073 -0.009145 0.231403
0.044491 -0.005874 0.227964
0.037064 -0.007887 0.227169
0.044170 -0.010523 0.229967
0.043190 -0.010726 0.229554
0.042758 -0.012454 0.231023
0.036501 -0.014140 0.231337
0.042557 -0.009175 0.228488
0.039597 -0.012616 0.230144
0.045651 -0.010507 0.231552
0.036563 -0.005313 0.226519
0.039846 -0.011650 0.229485
0.045271 -0.010717 0.231225
0.038625 -0.010709 0.228679
0.043991 -0.006901 0.228045
0.036313 -0.015529 0.232303
0.046580 -0.012208 0.232978
0.035222 -0.008090 0.232074
0.045874 -0.006379 0.230109
0.043751 -0.013006 0.231984
0.045846 -0.008829 0.230941
0.042846 -0.009747 0.228785
0.043926 -0.012810 0.231922
0.044039 -0.005445 0.227532
0.046437 -0.005621 0.230504
0.041450 -0.008675 0.227930
0.036305 -0.015289 0.232045
0.036312 -0.015897 0.232414
0.038224 -0.011453 0.229154
0.039852 -0.008408 0.227588
0.041546 -0.005575 0.227093
0.036483 -0.007395 0.226602
0.046608 -0.010588 0.232479
0.040559 -0.008841 0.227897
0.036840 -0.009041 0.227496
0.046759 -0.006053 0.231219
0.044494 -0.008108 0.228892
0.034604 -0.006057 0.231313
0.044122 -0.006667 0.234606
0.045511 -0.010573 0.231354
0.037618 -0.015192 0.231929
0.042990 -0.006509 0.234073
0.034225 -0.007055 0.230390
0.036539 -0.016045 0.232548
0.040440 -0.010195 0.228649
0.043972 -0.011589 0.230725
0.044838 -0.010324 0.230549
0.037082 -0.014314 0.231345
0.044409 -0.008592 0.229041
0.044960 -0.009403 0.234094
0.045039 -0.005492 0.228199
0.045881 -0.011591 0.232235
0.045250 -0.006851 0.229011
0.044594 -0.007390 0.234276
0.042902 -0.006837 0.227510
0.046412 -0.011338 0.232487
0.045423 -0.007257 0.229421
0.038154 -0.010121 0.228203
0.041268 -0.012155 0.229995
0.045450 -0.006833 0.229291
0.035268 -0.008390 0.232036
0.042838 -0.011934 0.230385
0.041727 -0.012512 0.230428
0.045511 -0.010573 0.231354
0.046431 -0.008006 0.231563
0.034831 -0.008916 0.228542
0.046663 -0.010032 0.232206
0.039427 -0.006734 0.226997
0.040085 -0.011427 0.229353
0.043477 -0.008988 0.233365
0.042063 -0.011044 0.229325
0.035291 -0.008488 0.232253
0.041402 -0.014198 0.231984
0.043831 -0.005306 0.227450
0.044692 -0.009059 0.229417
0.039350 -0.011157 0.229098
0.037824 -0.011965 0.229398
0.046648 -0.007970 0.231809
0.045348 -0.009708 0.230458
0.047254 -0.005016 0.231113
0.042240 -0.010358 0.228878
0.043582 -0.007165 0.234284
0.042209 -0.008564 0.228050
0.045421 -0.005309 0.228495
0.042501 -0.010236 0.228913
0.036425 -0.011409 0.229375
0.042206 -0.008452 0.227985
0.044507 -0.013156 0.232774
0.035771 -0.008786 0.227464
0.041474 -0.007611 0.227473
0.042599 -0.014430 0.233085
0.037511 -0.014202 0.231245
0.034525 -0.008429 0.230522
0.046285 -0.006261 0.230881
0.039063 -0.013820 0.232752
0.043483 -0.011376 0.230272
0.043113 -0.008684 0.228407
0.043879 -0.012649 0.231714
0.039588 -0.007060 0.227060
0.045631 -0.011938 0.232258
0.042405 -0.014568 0.233113
0.045617 -0.007764 0.230333
0.043909 -0.006106 0.227733
0.045757 -0.010050 0.231199
0.038437 -0.014502 0.231476
0.043137 -0.008547 0.228341
0.037768 -0.004840 0.226649
0.044944 -0.009811 0.229862
0.042279 -0.005918 0.227179
0.042744 -0.010380 0.229057
0.043424 -0.013139 0.231871
0.044049 -0.013944 0.233014
0.039305 -0.008988 0.227789
0.044087 -0.010832 0.230207
0.036409 -0.008704 0.227146
0.044293 -0.009273 0.229371
0.045951 -0.011131 0.232197
0.036236 -0.007965 0.232376
0.038379 -0.010436 0.228450
0.035557 -0.009295 0.231566
0.042481 -0.007593 0.227710
0.042543 -0.009532 0.228635
0.043717 -0.008940 0.228795
0.045346 -0.010977 0.231505
0.044288 -0.011305 0.230738
0.038080 -0.008765 0.227606
0.042471 -0.005901 0.232719
0.046332 -0.005640 0.230323
0.038718 -0.007365 0.227084
0.043358 -0.008454 0.233429
0.043489 -0.012350 0.231152
0.040531 -0.013682 0.231081
0.044200 -0.006990 0.228169
0.044389 -0.011921 0.231351
0.040132 -0.015312 0.232702
0.037972 -0.013090 0.230398
0.043245 -0.008475 0.228346
0.044269 -0.011535 0.230861
0.037331 -0.007574 0.227132
0.040542 -0.011860 0.229712
0.042372 -0.005848 0.232517
0.037886 -0.015943 0.232365
0.040489 -0.011359 0.229354
0.035140 -0.007377 0.231894
0.041693 -0.011216 0.229382
0.046065 -0.011935 0.232518
0.044390 -0.007679 0.228699
0.037932 -0.011647 0.229240
0.041905 -0.008170 0.227792
0.046922 -0.008041 0.231915
0.045866 -0.008206 0.230603
0.036670 -0.004762 0.226574
0.039742 -0.005371 0.226692
0.046931 -0.008469 0.231938
0.043145 -0.006507 0.234274
0.044279 -0.013076 0.232529
0.041242 -0.008535 0.227833
0.037740 -0.014360 0.231439
0.036460 -0.015850 0.232549
0.037036 -0.007605 0.227110
0.041901 -0.012091 0.232959
0.041861 -0.005168 0.231922
0.040516 -0.009794 0.228424
0.042234 -0.010805 0.229200
0.041334 -0.006746 0.227209
0.046276 -0.009631 0.231797
0.043826 -0.011128 0.230224
0.042036 -0.012817 0.233661
0.041436 -0.010752 0.229060
0.042335 -0.011772 0.229969
0.042564 -0.006217 0.233043
0.041187 -0.010555 0.228927
0.044552 -0.010862 0.230612
0.045525 -0.012559 0.232628
0.038901 -0.005089 0.226812
0.044647 -0.010773 0.234329
0.046855 -0.009578 0.232325
0.035040 -0.007297 0.231585
0.038134 -0.016335 0.232698
0.036583 -0.010162 0.228302
0.041834 -0.005818 0.227106
0.042905 -0.013018 0.231501
0.039283 -0.015702 0.232689
0.043161 -0.009660 0.228818
0.046232 -0.005515 0.230138
0.045838 -0.005682 0.229504
0.039185 -0.010608 0.228713
0.033454 -0.006897 0.230029
0.044769 -0.008707 0.229316
0.046220 -0.007289 0.231223
0.037117 -0.006739 0.226897
0.045738 -0.008134 0.230376
0.038886 -0.008115 0.227312
0.038913 -0.007958 0.227254
0.044485 -0.012491 0.232079
0.043200 -0.014090 0.232828
0.036804 -0.013954 0.231107
0.037140 -0.013346 0.230651
0.042363 -0.013070 0.231425
0.043004 -0.010756 0.229440
0.038485 -0.015808 0.232448
0.042212 -0.010507 0.228983
0.043999 -0.008387 0.228706
0.038250 -0.009574 0.227921
0.043537 -0.011847 0.230734
0.041896 -0.007003 0.227441
0.035087 -0.009651 0.230426
0.043861 -0.007616 0.228278
0.041926 -0.012980 0.230971
0.042620 -0.005552 0.227150
0.039430 -0.009651 0.228146
0.043280 -0.011151 0.230000
0.034310 -0.007328 0.230648
0.041794 -0.013148 0.231094
0.036343 -0.011963 0.230122
0.042215 -0.009150 0.228340
0.045906 -0.008420 0.231109
0.045122 -0.013093 0.232841
0.042496 -0.005716 0.233001
0.044192 -0.006540 0.228072
0.037543 -0.015722 0.232218
0.039153 -0.007252 0.227073
0.046183 -0.005828 0.230295
0.045848 -0.006668 0.230388
0.042274 -0.007213 0.232799
0.044827 -0.005595 0.228109
0.038432 -0.004666 0.226766
0.036396 -0.013863 0.231675
0.043701 -0.011785 0.230729
0.044054 -0.008934 0.229019
0.044754 -0.005722 0.228108
0.036095 -0.011565 0.230080
0.042127 -0.014196 0.232293
0.035241 -0.007421 0.232235
0.038901 -0.007668 0.227188
0.037276 -0.012025 0.229497
0.034258 -0.006567 0.230289
0.036399 -0.009049 0.227482
0.042038 -0.011971 0.230000
0.043404 -0.009921 0.229100
0.043617 -0.012005 0.230917
0.037046 -0.012880 0.230361
0.046154 -0.008885 0.231419
0.042405 -0.014568 0.233113
0.045753 -0.008608 0.230401
0.042862 -0.006507 0.227421
0.046734 -0.005022 0.230422
0.037169 -0.005986 0.226771
0.035201 -0.006767 0.232123
0.043769 -0.006301 0.227772
0.042462 -0.013572 0.231861
0.045690 -0.011166 0.231865
0.043361 -0.006273 0.234541
0.042948 -0.010493 0.229215
0.038268 -0.008841 0.227651
0.035146 -0.010003 0.230043
0.036692 -0.012479 0.231460
0.042095 -0.010386 0.228869
0.035018 -0.009774 0.229320
0.044893 -0.011409 0.231324
0.043911 -0.008720 0.228811
0.043506 -0.007639 0.234037
0.038048 -0.005214 0.226746
0.038498 -0.005249 0.226854
0.038193 -0.008130 0.227372
0.043617 -0.012005 0.230917
0.039549 -0.012196 0.229822
0.045250 -0.007515 0.229588
0.042518 -0.006815 0.227433
0.045219 -0.006483 0.228817
0.041312 -0.013421 0.231119
0.040993 -0.013165 0.230765
0.046416 -0.010442 0.232311
0.042238 -0.006296 0.227262
0.042504 -0.011604 0.229886
0.042640 -0.005769 0.233726
0.035468 -0.009368 0.228363
0.046547 -0.012685 0.233323
0.046466 -0.012501 0.233118
0.041436 -0.010752 0.229060
0.043305 -0.007030 0.234187
0.040883 -0.009796 0.228471
0.040014 -0.006823 0.227032
0.046608 -0.010588 0.232479
0.037529 -0.012462 0.229979
0.038151 -0.016021 0.232444
0.042253 -0.011471 0.229658
0.041706 -0.013812 0.231649
0.037351 -0.006482 0.226954
0.040557 -0.009986 0.228554
0.046079 -0.006307 0.230517
0.043245 -0.008475 0.228346
0.037122 -0.010607 0.228496
0.037763 -0.008262 0.227403
0.036399 -0.009049 0.227482
0.034264 -0.009198 0.229486
0.036256 -0.009594 0.227983
0.045307 -0.005712 0.228590
0.040884 -0.007416 0.227400
0.046771 -0.010292 0.232411
0.046326 -0.005189 0.230023
0.044698 -0.009446 0.229563
0.042457 -0.008275 0.227991
0.045487 -0.010068 0.230821
0.036248 -0.015713 0.232273
0.042889 -0.008556 0.233062
0.044591 -0.008765 0.229197
0.040271 -0.006586 0.226959
0.039835 -0.014311 0.231536
0.035250 -0.007996 0.231784
0.042354 -0.014221 0.232456
0.044285 -0.008163 0.233978
0.043704 -0.012204 0.231126
0.044786 -0.010574 0.230720
0.045541 -0.008887 0.230148
0.038931 -0.008612 0.227590
0.036629 -0.008268 0.232329
0.040538 -0.013831 0.231216
0.042848 -0.012283 0.230838
0.045344 -0.008739 0.230034
0.045779 -0.011317 0.232040
0.044193 -0.007011 0.228223
0.038005 -0.012319 0.229744
0.043744 -0.012573 0.231511
0.036788 -0.009432 0.227688
0.044002 -0.006387 0.234700
0.039557 -0.015094 0.232252
0.044461 -0.010507 0.234101
0.043872 -0.007940 0.228433
0.043161 -0.009660 0.228818
0.040806 -0.013571 0.231065
0.035999 -0.010854 0.229285
0.044738 -0.010393 0.230221
0.040842 -0.009046 0.228035
0.044985 -0.008019 0.229464
0.039546 -0.010183 0.228541
0.043960 -0.006720 0.227986
0.036978 -0.010190 0.228238
0.040968 -0.007089 0.227297
0.044509 -0.010486 0.230110
0.036937 -0.011725 0.229354
0.043503 -0.013033 0.231825
0.043745 -0.011395 0.230414
0.039145 -0.009013 0.227781
0.042089 -0.012245 0.230301
0.041244 -0.014346 0.232151
0.044115 -0.007206 0.234383
0.046505 -0.005713 0.230825
0.039588 -0.015431 0.232551
0.038126 -0.011226 0.228934
0.037974 -0.009869 0.228020
0.045007 -0.008540 0.233844
0.037754 -0.005731 0.226790
0.046530 -0.009427 0.231962
0.038688 -0.011356 0.229127
0.038450 -0.013726 0.230855
0.043813 -0.009846 0.229308
0.042373 -0.010744 0.229190
0.044838 -0.010324 0.230549
0.037763 -0.008262 0.227403
0.043560 -0.008099 0.233823
0.042915 -0.007729 0.227787
0.037938 -0.005447 0.226742
0.039070 -0.014860 0.231968
0.033821 -0.005813 0.230258
0.043751 -0.013006 0.231984
0.042171 -0.013710 0.231870
0.042551 -0.006257 0.227294
0.046256 -0.005971 0.230509
0.041942 -0.007927 0.227685
0.044011 -0.013391 0.232571
0.044386 -0.011696 0.231145
0.036209 -0.014053 0.231428
0.040653 -0.010822 0.229064
0.041139 -0.013848 0.231426
0.040385 -0.013340 0.230783
0.042038 -0.011971 0.230000
0.036622 -0.006816 0.226416
0.041015 -0.009323 0.228205
0.046680 -0.011484 0.232778
0.044688 -0.012576 0.232290
0.043033 -0.011070 0.229746
0.042664 -0.012154 0.230579
0.043004 -0.010756 0.229440
0.045070 -0.007594 0.229300
0.037299 -0.011001 0.228720
0.038307 -0.011818 0.229477
0.038512 -0.016128 0.232699
0.045693 -0.007379 0.230489
0.034866 -0.007169 0.231452
0.037007 -0.015828 0.232272
0.037906 -0.015042 0.231880
0.039987 -0.009815 0.228330
0.038219 -0.012540 0.229933
0.035243 -0.008098 0.232257
0.043367 -0.009692 0.228922
0.044562 -0.011838 0.231368
0.045783 -0.013138 0.233297
0.041257 -0.009149 0.228127
0.043863 -0.007496 0.234241
0.045444 -0.005826 0.228905
0.035592 -0.009681 0.228556
0.045457 -0.010318 0.230965
0.044685 -0.008081 0.233945
0.045509 -0.012804 0.232815
0.035566 -0.006896 0.232239
0.036397 -0.008464 0.226971
0.046580 -0.012208 0.232978
0.038268 -0.008841 0.227651
0.036795 -0.012484 0.230176
0.034534 -0.008031 0.228341
0.042790 -0.012026 0.230488
0.041007 -0.008742 0.227897
0.034107 -0.009086 0.229752
0.035786 -0.009414 0.228133
0.046152 -0.006040 0.230413
0.043879 -0.012649 0.231714
0.042279 -0.006505 0.232687
0.040440 -0.010195 0.228649
0.039187 -0.006014 0.226885
0.041916 -0.014632 0.232897
0.042854 -0.011730 0.230176
0.037356 -0.005969 0.226809
0.043163 -0.013672 0.232224
0.036393 -0.015949 0.232384
0.045359 -0.007380 0.229507
0.042096 -0.010217 0.228799
0.037890 -0.014741 0.231737
0.042776 -0.011472 0.229924
0.040019 -0.009632 0.228231
0.038910 -0.009257 0.227855
0.038894 -0.014338 0.231382
0.042488 -0.006542 0.227353
0.042687 -0.008158 0.228019
0.043711 -0.007959 0.228323
0.044857 -0.013284 0.232880
0.036795 -0.012484 0.230176
0.040883 -0.009796 0.228471
0.043091 -0.013806 0.232523
0.035720 -0.010888 0.230318
0.045545 -0.011484 0.231890
0.045619 -0.010902 0.231711
0.032899 -0.007670 0.230067
0.037531 -0.010263 0.228233
0.045346 -0.010977 0.231505
0.044051 -0.009180 0.229122
0.037195 -0.012711 0.230230
0.044044 -0.008626 0.228837
0.036235 -0.012794 0.230635
0.042163 -0.005636 0.232379
0.045838 -0.005682 0.229504
0.040375 -0.007421 0.227272
0.039141 -0.015384 0.232380
0.043152 -0.009006 0.228546
0.035819 -0.009995 0.228663
0.038307 -0.013226 0.230464
0.032767 -0.007211 0.230175
0.042714 -0.013560 0.231950
0.035960 -0.010024 0.231456
0.041858 -0.011703 0.229751
0.046749 -0.006510 0.231401
0.041779 -0.006456 0.232787
0.038812 -0.007203 0.227030
0.045848 -0.005992 0.229590
0.038788 -0.013602 0.230795
0.041334 -0.006746 0.227209
0.042965 -0.012453 0.231126
0.042204 -0.007753 0.227701
0.040481 -0.006457 0.226932
0.036008 -0.009777 0.228290
0.046313 -0.006042 0.230713
0.043490 -0.014031 0.232806
0.043823 -0.008271 0.228538
0.037105 -0.013694 0.230885
0.036171 -0.010459 0.231361
0.042452 -0.012387 0.230731
0.043009 -0.007900 0.233309
0.037437 -0.008524 0.227401
0.043288 -0.010832 0.229688
0.045050 -0.011963 0.231899
0.042273 -0.013423 0.231595
0.041680 -0.014623 0.232756
0.035298 -0.009579 0.228722
0.041577 -0.010455 0.228891
0.035819 -0.009995 0.228663
0.034735 -0.009484 0.230057
0.039201 -0.013172 0.230502
0.035291 -0.008488 0.232253
0.040200 -0.013534 0.230906
0.036156 -0.013085 0.231123
0.037199 -0.007304 0.232036
0.045494 -0.007504 0.230228
0.045127 -0.008785 0.229943
0.044591 -0.006772 0.228421
0.043991 -0.006901 0.228045
0.041144 -0.014456 0.232327
0.046598 -0.004931 0.230161
0.044494 -0.008108 0.228892
0.042885 -0.014051 0.232647
0.046879 -0.004694 0.230365
0.034355 -0.006590 0.230702
0.041992 -0.014331 0.232464
0.037292 -0.016412 0.232852
0.041829 -0.005053 0.226935
0.037519 -0.008887 0.227529
0.045588 -0.009721 0.230671
0.040337 -0.012220 0.229938
0.041749 -0.010088 0.228691
0.036709 -0.007368 0.226577
0.034758 -0.009519 0.229219
0.046407 -0.006807 0.231268
0.043497 -0.007882 0.228152
0.035438 -0.010404 0.229852
0.038827 -0.011619 0.229298
0.044776 -0.009948 0.229849
0.046783 -0.007274 0.231732
0.040825 -0.009662 0.228382
0.040968 -0.014025 0.231605
0.037629 -0.004486 0.226578
0.038154 -0.010121 0.228203
0.046706 -0.007069 0.231584
0.037758 -0.009398 0.227746
0.038369 -0.011198 0.228971
0.044103 -0.012265 0.231445
0.044830 -0.007461 0.228943
0.045832 -0.010568 0.231824
0.044621 -0.010981 0.230811
0.035653 -0.006875 0.227127
0.037528 -0.012237 0.229697
0.045063 -0.006450 0.228699
0.034604 -0.006057 0.231313
0.037878 -0.004386 0.226652
0.041275 -0.012798 0.230563
0.039757 -0.010749 0.228894
0.039916 -0.007484 0.227200
0.036095 -0.010156 0.228575
0.039277 -0.014960 0.232048
0.043575 -0.007252 0.227951
0.038924 -0.011559 0.231914
0.042872 -0.006613 0.233653
0.041402 -0.014198 0.231984
0.041310 -0.009055 0.228081
0.039653 -0.012396 0.229978
0.043026 -0.006665 0.227505
0.042631 -0.007928 0.227854
0.043115 -0.013608 0.232049
0.043184 -0.012014 0.230720
0.044251 -0.013346 0.232717
0.045366 -0.007502 0.229804
0.041545 -0.005057 0.226834
0.037645 -0.009640 0.227833
0.043496 -0.008786 0.228599
0.040835 -0.010066 0.228617
0.035421 -0.008696 0.232109
0.034697 -0.008128 0.230753
0.040829 -0.015365 0.232903
0.040740 -0.008851 0.227921
0.040374 -0.005589 0.226641
0.040154 -0.014258 0.231564
0.039368 -0.008317 0.227479
0.043477 -0.008988 0.233365
0.040730 -0.013022 0.230586
0.038948 -0.011014 0.228943
0.041522 -0.005290 0.226952
0.041711 -0.014241 0.232202
0.039390 -0.011443 0.229304
0.041824 -0.013610 0.231484
0.034930 -0.006931 0.231738
0.044088 -0.013004 0.232302
0.036693 -0.015928 0.232360
0.039400 -0.007079 0.227047
0.042419 -0.012653 0.231029
0.041242 -0.008535 0.227833
0.044006 -0.007349 0.228249
0.043770 -0.010492 0.229672
0.046256 -0.005971 0.230509
0.044738 -0.010393 0.230221
0.043288 -0.007467 0.227882
0.043497 -0.007882 0.228152
0.042608 -0.014083 0.232483
0.045769 -0.009201 0.230730
0.043558 -0.006024 0.227576
0.043606 -0.009281 0.228859
0.042170 -0.012919 0.231139
0.038897 -0.008964 0.227735
0.040982 -0.012772 0.230443
0.035707 -0.010130 0.228906
0.042599 -0.014430 0.233085
0.040090 -0.006265 0.226827
0.043661 -0.008412 0.228507
0.043456 -0.006600 0.227731
0.044173 -0.007281 0.228352
0.033690 -0.006335 0.230062
0.040353 -0.009561 0.228266
0.043132 -0.013463 0.231959
0.043261 -0.011574 0.230328
0.040982 -0.012772 0.230443
0.039769 -0.011233 0.229198
0.044245 -0.008788 0.229042
0.038223 -0.007138 0.227054
0.045030 -0.005844 0.228354
0.040653 -0.012899 0.232726
0.041453 -0.010208 0.228721
0.040683 -0.011581 0.229542
0.041374 -0.011007 0.229200
0.043815 -0.011923 0.230948
0.039450 -0.009397 0.232298
0.038156 -0.006037 0.226905
0.042720 -0.006549 0.233322
0.043661 -0.008412 0.228507
0.044591 -0.008765 0.229197
0.038267 -0.010893 0.228722
0.041310 -0.014891 0.232793
0.041722 -0.014088 0.231956
0.041750 -0.008817 0.228072
0.045457 -0.010318 0.230965
0.045848 -0.006668 0.230388
0.034834 -0.006461 0.231711
0.043848 -0.012144 0.231168
0.045219 -0.006483 0.228817
0.037388 -0.016202 0.232623
0.036604 -0.013630 0.230916
0.036280 -0.015872 0.232326
0.045427 -0.011794 0.232021
0.035765 -0.008893 0.232113
0.035040 -0.007297 0.231585
0.043370 -0.010603 0.229562
0.040450 -0.008117 0.227535
0.046172 -0.007061 0.231122
0.037094 -0.015282 0.231942
0.046828 -0.006848 0.231603
0.038640 -0.012171 0.229702
0.035142 -0.007566 0.231612
0.043806 -0.010813 0.229928
0.039298 -0.010277 0.228526
0.041819 -0.007435 0.227496
0.042789 -0.014429 0.233060
0.036512 -0.006217 0.232337
0.044560 -0.005176 0.227771
0.043459 -0.011116 0.230067
0.041351 -0.007185 0.227346
0.042902 -0.006837 0.227510
0.034726 -0.008519 0.230660
0.038852 -0.006734 0.226937
0.034774 -0.009259 0.228896
0.032873 -0.006808 0.230167
0.043449 -0.006721 0.234393
0.038371 -0.012449 0.229864
0.040538 -0.013831 0.231216
0.036966 -0.005708 0.226467
0.043234 -0.007362 0.227803
0.040882 -0.010601 0.228956
0.038315 -0.014864 0.231817
0.042679 -0.013255 0.231598
0.042400 -0.007682 0.232879
0.045651 -0.010507 0.231552
0.038737 -0.011826 0.229446
0.043620 -0.006967 0.227886
0.038295 -0.014451 0.231419
0.045671 -0.012978 0.233061
0.034288 -0.008257 0.230347
0.043661 -0.008412 0.228507
0.043106 -0.011442 0.230101
0.042208 -0.014325 0.232585
0.046771 -0.008905 0.231970
0.037618 -0.015192 0.231929
0.038587 -0.014591 0.231616
0.044461 -0.010507 0.234101
0.040633 -0.005660 0.226688
0.036091 -0.013695 0.231178
0.040581 -0.011596 0.232153
0.039369 -0.013847 0.231081
0.045491 -0.005528 0.228869
0.038699 -0.007068 0.226996
0.046812 -0.010676 0.232661
0.039173 -0.013530 0.230789
0.046028 -0.006545 0.230711
0.035457 -0.009177 0.228161
0.039336 -0.009359 0.227969
0.046436 -0.004852 0.229904
0.045705 -0.006813 0.230084
0.036685 -0.015655 0.232148
0.045145 -0.007676 0.229572
0.043631 -0.009602 0.229032
0.040653 -0.008539 0.227768
0.038931 -0.011973 0.229610
0.045908 -0.008088 0.230902
0.041190 -0.011484 0.229516
0.046663 -0.010032 0.232206
0.044389 -0.011921 0.231351
0.041692 -0.009212 0.228230
0.047527 -0.004244 0.230776
0.038162 -0.014274 0.231300
0.036689 -0.009706 0.227893
0.041409 -0.015082 0.232994
0.045622 -0.012053 0.232361
0.040854 -0.006442 0.226988
0.041057 -0.013479 0.231038
0.038952 -0.010530 0.228611
0.036155 -0.007218 0.232277
0.044390 -0.007679 0.228699
0.038041 -0.015431 0.232115
0.033409 -0.007452 0.228642
0.045034 -0.005252 0.228085
0.039193 -0.012599 0.230081
0.041546 -0.013019 0.230852
0.040558 -0.007089 0.227193
0.044093 -0.008016 0.228624
0.038186 -0.014561 0.231569
0.044900 -0.010102 0.230047
0.039629 -0.008664 0.227677
0.035971 -0.009174 0.232000
0.037375 -0.007137 0.227057
0.044612 -0.010903 0.230671
0.039571 -0.014457 0.231633
0.042593 -0.007132 0.227540
0.041483 -0.006005 0.227083
0.045262 -0.011690 0.231821
0.043072 -0.009402 0.228682
0.041632 -0.008788 0.228035
0.045472 -0.007177 0.229569
0.042273 -0.005389 0.232531
0.037997 -0.010938 0.228684
0.038467 -0.013497 0.230672
0.045771 -0.005248 0.229125
0.037538 -0.015361 0.232019
0.036469 -0.011805 0.229807
0.043801 -0.007251 0.228073
0.043430 -0.009535 0.228859
0.039725 -0.006175 0.226827
0.039118 -0.014074 0.231209
0.044503 -0.011509 0.231042
0.042575 -0.005866 0.233232
0.040333 -0.006788 0.227054
0.041628 -0.014425 0.232496
0.043920 -0.013076 0.232243
0.039597 -0.010475 0.228695
0.035509 -0.010216 0.229297
0.035260 -0.009966 0.229356
0.045494 -0.007504 0.230228
0.043135 -0.006863 0.234107
0.036917 -0.006234 0.226483
0.041640 -0.009432 0.228331
0.034491 -0.009211 0.229176
0.042036 -0.012817 0.233661
0.041597 -0.009905 0.228573
0.039728 -0.013667 0.230959
0.034490 -0.007183 0.231031
0.034482 -0.008835 0.230302
0.045238 -0.005477 0.228348
0.033281 -0.006457 0.230064
0.035678 -0.007637 0.232380
0.037603 -0.014291 0.231344
0.042638 -0.012973 0.231423
0.042589 -0.007469 0.232974
0.041481 -0.005154 0.226864
0.040713 -0.012448 0.230134
0.040123 -0.007008 0.227098
0.042733 -0.008950 0.228435
0.039059 -0.010108 0.228356
0.037117 -0.016005 0.232438
0.040004 -0.009190 0.227985
0.044439 -0.009996 0.229722
0.043056 -0.007421 0.233661
