0.100956 -0.001048 0.205966
0.102068 -0.000760 0.205467
0.100062 -0.001355 0.205823
0.097696 -0.001957 0.206367
0.102482 0.000800 0.210470
0.095567 -0.001938 0.207494
0.096966 -0.002370 0.205420
0.098664 0.002057 0.212879
0.101079 0.003799 0.211895
0.097609 -0.002095 0.205360
0.103622 0.000484 0.207321
0.098042 -0.001350 0.207863
0.094376 0.002257 0.213423
0.095998 -0.002028 0.207043
0.102214 0.000406 0.209111
0.101368 0.003853 0.211522
0.096043 -0.002693 0.205357
0.102257 -0.001842 0.202214
0.105280 0.002023 0.210149
0.097083 0.000132 0.212760
0.101336 0.000284 0.210072
0.101355 0.000334 0.210800
0.102181 -0.001484 0.202888
0.100379 -0.002160 0.203408
0.104537 0.001709 0.210001
0.100566 0.000271 0.211049
0.095697 -0.002343 0.206498
0.100644 -0.001849 0.203846
0.097133 -0.001715 0.210591
0.101622 0.000844 0.211772
0.094441 -0.002540 0.206448
0.105491 0.002154 0.210346
0.098498 0.003206 0.212589
0.103947 0.001143 0.209121
0.102470 -0.000242 0.206969
0.100610 -0.001320 0.205642
0.101499 0.003058 0.212338
0.098460 -0.001015 0.208713
0.098837 -0.000884 0.209661
0.101934 0.000196 0.208613
0.104150 0.000980 0.208335
0.100224 -0.000311 0.208808
0.102821 -0.001093 0.203085
0.100648 0.000391 0.211551
0.101665 0.003519 0.212068
0.099552 -0.002007 0.204278
0.097320 -0.001936 0.209347
0.094540 -0.001469 0.204457
0.100785 -0.000301 0.208004
0.096134 0.002400 0.213233
0.101131 0.000687 0.211902
0.105389 0.002508 0.211669
0.103773 0.000701 0.207896
0.099965 -0.000426 0.208643
0.098511 -0.001414 0.207045
0.098351 0.004566 0.211273
0.103741 -0.000450 0.203884
0.104288 0.000245 0.205653
0.100082 -0.000131 0.209974
0.096747 0.000019 0.212896
0.099905 -0.001837 0.204867
0.098498 -0.001135 0.210369
0.097805 -0.001805 0.206956
0.099493 0.000824 0.212795
0.101701 0.000669 0.211253
0.101349 -0.000614 0.207130
0.101475 -0.000050 0.208325
0.101848 -0.001273 0.204305
0.098400 -0.003471 0.202264
0.095100 -0.001740 0.211835
0.105355 0.002172 0.210616
0.106801 0.003425 0.211108
0.100076 -0.000917 0.207045
0.099552 -0.001722 0.205421
0.098357 -0.001785 0.205950
0.100573 -0.002198 0.203089
0.103908 0.000353 0.206769
0.099675 -0.000403 0.209507
0.095597 -0.002119 0.210909
0.098564 -0.003174 0.202741
0.103914 0.000653 0.207540
0.103084 -0.000325 0.205784
0.100947 -0.002189 0.202853
0.093017 -0.001013 0.213280
0.099020 -0.001221 0.207220
0.101263 -0.001569 0.203819
0.096528 -0.001566 0.208066
0.101900 0.000342 0.209837
0.101160 0.003840 0.211632
0.106328 0.002726 0.210941
0.102824 -0.001379 0.202453
0.103821 0.000888 0.208297
0.100376 -0.001862 0.204013
0.100188 -0.001489 0.205204
0.103410 0.001067 0.209435
0.098069 -0.001643 0.207022
0.100721 0.002128 0.212683
0.103421 -0.000335 0.205033
0.102801 -0.000582 0.205177
0.101110 0.000305 0.210476
0.102060 -0.000662 0.206276
0.097898 -0.002228 0.204799
0.094570 0.002094 0.213462
0.096790 -0.002440 0.205475
0.096262 -0.002423 0.205991
0.102831 -0.001295 0.202593
0.100632 -0.000990 0.206523
0.094157 0.001252 0.213420
0.102911 0.001959 0.211991
0.100888 -0.001365 0.204834
0.103343 0.001157 0.210482
0.102791 -0.001605 0.202231
0.098204 0.000236 0.212388
0.097750 0.002342 0.212898
0.103990 0.002216 0.211968
0.104197 0.000811 0.207825
0.097927 0.000644 0.212920
0.097072 -0.000391 0.212351
0.100984 -0.000268 0.207715
0.096965 -0.002187 0.206452
0.103251 0.000716 0.208737
0.095646 -0.002217 0.206754
0.095179 -0.002147 0.211139
0.101949 0.001111 0.212090
0.102044 0.000893 0.211293
0.102369 0.000182 0.208465
0.097858 -0.001895 0.206148
0.100770 0.000348 0.211211
0.103122 0.000942 0.209474
0.097704 -0.001730 0.207367
0.098541 -0.001957 0.205341
0.103717 0.001350 0.210120
0.096929 -0.001512 0.208071
0.102883 0.000589 0.208794
0.100411 -0.001684 0.204564
0.098756 0.001175 0.212917
0.101204 -0.001434 0.204465
0.095557 -0.002605 0.205861
0.100009 -0.000533 0.208139
0.097284 -0.001466 0.208014
0.100727 -0.002223 0.202976
0.101095 -0.000141 0.207992
0.094521 -0.000934 0.213079
0.102674 -0.000354 0.206332
0.098244 0.000096 0.212146
0.099432 -0.002742 0.203140
0.101561 -0.000860 0.206052
0.094768 -0.002663 0.210322
0.101712 -0.000362 0.207433
0.099280 0.003357 0.212457
0.100322 -0.002669 0.202496
0.103051 0.003326 0.212199
0.104528 0.001101 0.208352
0.106442 0.002783 0.210811
0.098050 -0.001623 0.207352
0.101909 -0.000569 0.206521
0.095943 -0.003011 0.204459
0.097000 -0.002242 0.205882
0.104411 0.000321 0.205986
0.105500 0.002130 0.210131
0.095621 0.000421 0.213322
0.105631 0.001701 0.208780
0.098884 -0.000214 0.211246
0.105758 0.001696 0.208657
0.102875 -0.000643 0.204845
0.100054 0.000201 0.211532
0.098166 -0.003415 0.202371
0.100014 -0.000568 0.207913
0.098688 -0.000897 0.208193
0.100449 0.004068 0.211483
0.106225 0.002885 0.211468
0.093833 0.000212 0.213638
0.098563 -0.001148 0.209767
0.096226 0.001107 0.213370
0.097758 0.001462 0.213070
0.103489 0.001293 0.210694
0.098161 0.000974 0.213004
0.100683 0.001315 0.212706
0.101050 -0.000915 0.206441
0.098300 0.000437 0.212620
0.097860 -0.002767 0.203956
0.101103 0.000863 0.212183
0.103234 0.002395 0.212212
0.103463 0.001652 0.211246
0.105521 0.002391 0.211188
0.098563 0.000141 0.212035
0.095309 -0.002474 0.206093
0.100287 0.000503 0.212311
0.098574 -0.002112 0.204674
0.098151 -0.002131 0.204774
0.096239 -0.002458 0.205795
0.103041 0.002517 0.212299
0.095761 0.002795 0.213208
0.098782 -0.002652 0.203648
0.098707 -0.003244 0.202402
0.101730 -0.001860 0.202729
0.096715 -0.002508 0.205275
0.102716 0.001230 0.211449
0.105098 0.001119 0.207637
0.098902 -0.001037 0.207774
0.093926 -0.002054 0.211778
0.106058 0.002617 0.211000
0.103998 0.001731 0.211206
0.095223 -0.002274 0.206948
0.105007 0.001007 0.207453
0.097090 -0.002211 0.206295
0.095780 0.000571 0.213314
0.102148 -0.000801 0.205269
0.100349 -0.001383 0.205715
0.098296 -0.001495 0.207300
0.103420 -0.000231 0.205211
0.095761 0.002795 0.213208
0.095561 -0.001383 0.212325
0.100412 -0.000583 0.207797
0.102819 -0.000097 0.206936
0.095790 -0.001491 0.212101
0.102629 -0.000452 0.206125
0.103913 0.000822 0.208107
0.098103 -0.001733 0.206577
0.098449 0.003826 0.212237
0.095895 -0.002568 0.205845
0.095621 -0.001912 0.202954
0.099221 -0.000942 0.206852
0.101824 -0.001741 0.202881
0.097145 -0.001905 0.207011
0.098812 -0.002948 0.203138
0.098876 0.000831 0.212783
0.101500 0.002044 0.212436
0.105479 0.001617 0.208854
0.092924 0.000650 0.213457
0.100906 0.000501 0.211750
0.097551 -0.001919 0.206806
0.101950 0.000779 0.211061
0.101198 -0.002159 0.202698
0.099347 -0.000681 0.208052
0.105859 0.002141 0.210019
0.102439 0.001595 0.212079
0.102377 0.001152 0.210902
0.094012 -0.001764 0.212111
0.101067 -0.001795 0.203406
0.102942 -0.000874 0.203886
0.105492 0.003254 0.211975
0.104339 0.000583 0.206849
0.099930 0.000303 0.212000
0.100077 -0.001071 0.206612
0.099759 -0.000626 0.208037
0.102608 0.000279 0.207836
0.099436 0.001479 0.212895
0.094041 0.000990 0.213427
0.098484 0.000886 0.212882
0.095636 0.001602 0.213347
0.094914 -0.002450 0.207798
0.104136 0.001500 0.209889
0.099180 0.000935 0.212843
0.103092 0.000871 0.209274
0.103578 0.000923 0.208796
0.102827 0.002154 0.212156
0.097623 -0.001730 0.209139
0.106596 0.003201 0.211264
0.100722 -0.000495 0.202219
0.104401 0.001538 0.209690
0.098690 -0.001260 0.207270
0.097644 0.003410 0.212609
0.097967 0.000226 0.212446
0.101958 -0.000726 0.205926
0.103115 -0.000828 0.203639
0.097501 0.003028 0.212799
0.099623 -0.000959 0.206901
0.099846 -0.000715 0.207495
0.098578 -0.001137 0.207905
0.098225 -0.001188 0.208754
0.102879 -0.000512 0.205452
0.105234 0.001878 0.209847
0.094373 -0.002480 0.211015
0.099893 -0.001184 0.206392
0.103378 0.000327 0.207424
0.104754 0.002402 0.211965
0.105704 0.002511 0.211315
0.098997 -0.000766 0.208593
0.100339 -0.001441 0.205431
0.097902 -0.001737 0.207178
0.103526 0.000124 0.206694
0.097283 -0.002220 0.205548
0.101676 0.000139 0.208692
0.098236 -0.001411 0.209883
0.102188 0.000338 0.208814
0.102687 -0.001204 0.202975
0.100793 -0.000106 0.209008
0.097844 0.001030 0.213083
0.100229 -0.002309 0.203048
0.102873 -0.000803 0.204048
0.103532 0.000827 0.208676
0.103922 0.003064 0.212254
0.099181 -0.000745 0.210164
0.100195 -0.000399 0.208496
0.100401 0.002222 0.212806
0.104968 0.001734 0.209713
0.102416 -0.001090 0.204007
0.099961 -0.001849 0.204504
0.098565 -0.001862 0.205571
0.099430 -0.001274 0.206323
0.094801 -0.000609 0.213231
0.099445 -0.001598 0.205675
0.102646 0.001450 0.211951
0.104889 0.002190 0.211569
0.098182 -0.001754 0.206276
0.096557 -0.001959 0.208812
0.105734 0.002765 0.211728
0.096675 -0.000870 0.212290
0.100196 0.000138 0.211099
0.105265 0.001299 0.208089
0.096022 0.001900 0.213306
0.100393 -0.001980 0.203678
0.101071 0.001774 0.212493
0.100409 0.000356 0.211702
0.099894 -0.000983 0.201923
0.103446 0.001615 0.211349
0.104466 0.001766 0.210406
0.106225 0.002885 0.211468
0.095022 -0.002529 0.208277
0.097030 -0.002705 0.204318
0.098616 -0.003068 0.202992
0.104169 0.001638 0.210556
0.104244 0.001657 0.210246
0.104800 0.002007 0.211108
0.100849 -0.001901 0.203351
0.099041 -0.000822 0.208224
0.094741 -0.002758 0.208875
0.101213 -0.001211 0.205255
0.103320 -0.000868 0.202877
0.100416 -0.001759 0.204206
0.099115 -0.000743 0.210357
0.098752 -0.001422 0.206448
0.100417 -0.002329 0.202965
0.102887 -0.000677 0.204559
0.105442 0.002381 0.211341
0.102486 0.001160 0.211690
0.104495 0.002370 0.211917
0.097219 0.001964 0.213017
0.100196 -0.002264 0.203392
0.102363 -0.000701 0.205463
0.100581 0.000741 0.212498
0.103551 -0.000288 0.204855
0.101734 -0.001349 0.204141
0.101383 0.000017 0.208580
0.095577 -0.002420 0.206275
0.104986 0.002087 0.210975
0.103997 -0.000222 0.204399
0.101582 0.002661 0.207456
0.102318 0.000109 0.208073
0.102951 0.001334 0.211566
0.100550 0.003525 0.212366
0.104392 0.002093 0.211582
0.103781 -0.000475 0.203677
0.102692 -0.001305 0.202762
0.105997 0.002600 0.211257
0.102050 -0.000156 0.207682
0.103612 -0.000342 0.204686
0.101588 -0.001351 0.204337
0.100147 -0.000956 0.206861
0.102380 0.003579 0.211868
0.102094 0.001398 0.212169
0.104393 0.000887 0.207783
0.101738 -0.000791 0.205434
0.100775 0.003912 0.211716
0.100125 -0.001138 0.206332
0.098880 -0.001786 0.205364
0.100023 -0.001642 0.204917
0.105879 0.002590 0.211390
0.104966 0.001517 0.209003
0.106325 0.002610 0.210514
0.097320 0.004109 0.212435
0.100891 0.001571 0.212602
0.100195 0.000277 0.211346
0.096683 0.001030 0.213321
0.102622 0.000360 0.208635
0.103486 0.000282 0.207110
0.097209 -0.002765 0.204200
0.096004 -0.002559 0.205777
0.102961 -0.000889 0.203706
0.099552 -0.002007 0.204278
0.097464 -0.000307 0.212009
0.105073 0.001497 0.208656
0.096413 -0.002621 0.205169
0.101930 -0.000726 0.205665
0.103367 0.001112 0.210254
0.096610 0.002598 0.213113
0.098587 0.000624 0.212696
0.104286 0.000483 0.206692
0.097444 -0.002895 0.203807
0.101524 0.001048 0.212156
0.103959 0.001859 0.211599
0.102393 0.000173 0.207895
0.100911 0.000042 0.209689
0.100087 0.001603 0.212874
0.098558 0.000260 0.212296
0.095803 -0.002002 0.207181
0.097802 -0.002878 0.203657
0.105355 0.002237 0.210923
0.104841 0.001212 0.208309
0.093740 0.001084 0.213364
0.098208 -0.002098 0.204948
0.094631 -0.001957 0.211721
0.101854 -0.001868 0.202510
0.094899 -0.001101 0.212847
0.097932 0.001881 0.212928
0.095759 -0.003163 0.204280
0.102744 0.000838 0.209954
0.099501 -0.000743 0.207971
0.097519 -0.002961 0.203533
0.105097 0.001615 0.209145
0.103155 -0.000771 0.203869
0.097770 0.004763 0.211747
0.102916 0.000046 0.207289
0.099698 -0.000271 0.210027
0.103524 -0.000688 0.203044
0.103767 -0.000085 0.205258
0.102095 -0.001245 0.203609
0.096285 -0.002729 0.204946
0.101835 0.001920 0.212370
0.098206 -0.001188 0.210638
0.098858 -0.000842 0.208341
0.096564 0.000762 0.213299
0.100928 0.000725 0.212137
0.093347 0.000365 0.213563
0.103347 -0.000025 0.206410
0.104592 0.000335 0.205797
0.101008 -0.001511 0.204403
0.098458 0.002470 0.212834
0.097322 -0.002174 0.205790
0.103907 0.001312 0.209658
0.100342 -0.002528 0.202773
0.098904 -0.000733 0.208975
0.099586 0.000083 0.211262
0.099610 -0.001834 0.205127
0.099965 -0.002277 0.203490
0.098709 -0.000030 0.211677
0.100936 0.002565 0.212591
0.100437 -0.000067 0.209967
0.101249 -0.001096 0.205488
0.105569 0.001462 0.208231
0.101607 0.000484 0.210977
0.096453 0.003578 0.212815
0.098664 0.000064 0.211852
0.095593 -0.001886 0.208140
0.098652 0.000402 0.212492
0.100288 -0.000188 0.209625
0.099077 0.000272 0.211964
0.102762 0.001252 0.211262
0.102763 -0.000219 0.206727
0.095208 -0.002484 0.210371
0.098709 -0.000872 0.208773
0.103536 0.000570 0.207906
0.105709 0.002284 0.210555
0.099411 0.000563 0.212327
0.103347 -0.000025 0.206410
0.099378 -0.000961 0.207572
0.100680 0.000467 0.212080
0.098015 -0.001244 0.208202
0.098843 -0.000954 0.210110
0.098997 -0.000766 0.208593
0.099747 -0.000467 0.209137
0.104292 0.001865 0.211195
0.102636 -0.000289 0.206572
0.098649 -0.002620 0.203927
0.103038 0.001031 0.210461
0.103443 0.001532 0.211114
0.100956 -0.001048 0.205966
0.099612 -0.001374 0.206128
0.103725 0.001780 0.211675
0.095884 -0.002676 0.205586
0.101380 0.003726 0.211901
0.100417 -0.001078 0.206364
0.099086 -0.000763 0.208397
0.101822 -0.001345 0.203869
0.094282 -0.001170 0.212895
0.099486 -0.000601 0.208985
0.102779 0.001263 0.211076
0.104432 0.000420 0.206281
0.096833 -0.001682 0.207507
0.094858 -0.002824 0.205561
0.097350 0.003670 0.212612
0.095356 -0.002422 0.206359
0.100787 -0.000040 0.209476
0.095524 -0.002290 0.210577
0.106124 0.002556 0.210575
0.097707 0.000662 0.212966
0.100026 -0.001510 0.205507
0.105259 0.001488 0.208647
0.097480 -0.002685 0.204147
0.104068 0.001101 0.208816
0.101251 0.000656 0.211682
0.097472 0.000488 0.212897
0.103235 0.001502 0.211461
0.103881 0.000073 0.205831
0.097673 -0.001532 0.208682
0.099941 -0.000364 0.208886
0.096645 -0.001639 0.207765
0.100256 -0.000543 0.207978
0.096266 -0.000682 0.204658
0.102270 -0.000595 0.206182
0.095047 -0.002816 0.205512
0.099939 0.000577 0.212577
0.101717 -0.000797 0.205758
0.094351 -0.002678 0.207307
0.103203 -0.000506 0.204871
0.098453 -0.001083 0.208232
0.099872 -0.002918 0.202456
0.104927 0.002336 0.211788
0.101328 0.003482 0.212205
0.103198 0.000165 0.207220
0.095860 -0.001657 0.208091
0.103131 0.003666 0.208956
0.098849 -0.001238 0.206959
0.099369 -0.002055 0.204553
0.101194 -0.000396 0.207520
0.094011 -0.002857 0.209700
0.094793 -0.002930 0.205287
0.097170 -0.002892 0.203962
0.101138 -0.001227 0.205036
0.103209 0.001944 0.211911
0.102456 -0.001335 0.202909
0.102960 0.000444 0.208194
0.103098 -0.000711 0.204140
0.103833 0.001448 0.210471
0.096987 -0.001580 0.207762
0.102192 0.001981 0.212297
0.099534 0.001162 0.212909
0.099220 -0.000670 0.208852
0.099329 -0.000585 0.209893
0.096656 -0.002698 0.204659
0.101496 -0.000591 0.206966
0.103964 -0.000087 0.204984
0.094678 0.000819 0.213556
0.099561 -0.000783 0.207793
0.102367 -0.001027 0.204368
0.098459 -0.001131 0.209441
0.104748 0.001517 0.209292
0.102157 -0.000124 0.207494
0.103990 0.000764 0.207854
0.100770 0.000191 0.210569
0.101358 0.001210 0.212352
0.103973 -0.000023 0.205188
0.096578 -0.001934 0.207004
0.097080 -0.001547 0.208469
0.102409 -0.000489 0.206378
0.104155 0.000229 0.205920
0.105046 0.001522 0.208802
0.101049 -0.002355 0.202526
0.104537 0.001709 0.210001
0.101386 0.000878 0.211992
0.096177 -0.001692 0.211424
0.101751 0.000379 0.210043
0.101640 -0.000029 0.208218
0.098061 -0.000792 0.203358
0.106261 0.002692 0.211168
0.095561 -0.002889 0.205008
0.103563 0.003267 0.212223
0.101843 0.000267 0.209027
0.104081 0.000589 0.207082
0.097011 0.001206 0.213228
0.100870 -0.000224 0.207880
0.100236 -0.002314 0.203188
0.101728 0.000062 0.208342
0.102532 -0.001073 0.203691
0.095276 -0.002141 0.207239
0.104444 0.002447 0.212070
0.098702 -0.001210 0.207578
0.099321 -0.001707 0.205342
0.102433 0.000426 0.208902
0.093536 -0.001120 0.213100
0.095506 -0.002243 0.208391
0.100454 0.001725 0.212807
0.098727 -0.001916 0.205183
0.105223 0.002194 0.210723
0.097702 0.003834 0.212436
0.096215 -0.002222 0.206630
0.101860 -0.000876 0.205220
0.097101 0.001476 0.213169
0.103685 0.001089 0.209311
0.096795 -0.002787 0.204298
0.099152 0.000652 0.212657
0.100550 0.000002 0.210226
0.101525 -0.001485 0.203704
0.094090 0.001857 0.213402
0.101359 -0.001358 0.204499
0.104681 0.001071 0.208159
0.096263 -0.002044 0.206943
0.101664 -0.000906 0.205309
0.099571 -0.002577 0.203289
0.105984 0.002974 0.211663
0.103246 0.000344 0.207723
0.105922 0.002425 0.210560
0.098583 0.004602 0.211582
0.104905 0.000932 0.207237
0.103617 0.001375 0.210495
0.104633 0.001272 0.208568
0.097394 0.000198 0.212651
0.099847 -0.001752 0.205086
0.095629 -0.002074 0.207080
0.100724 -0.001359 0.205145
0.102159 -0.001090 0.204490
0.099683 -0.000561 0.208531
0.103406 0.002196 0.211972
0.104317 0.000431 0.206468
0.093014 0.001762 0.213288
0.097131 0.003282 0.212801
0.100344 0.000327 0.211885
0.097051 0.003789 0.212674
0.097242 -0.002333 0.205009
0.103728 0.001000 0.208945
0.102133 0.003666 0.211765
0.097159 0.000528 0.213042
0.099169 -0.002873 0.203067
0.103366 -0.000184 0.205781
0.102281 -0.001385 0.203077
0.101498 0.000369 0.210520
0.105910 0.002285 0.210318
0.101071 -0.001628 0.203718
0.105090 0.000794 0.206650
0.098948 0.001481 0.212926
0.105406 0.001786 0.209303
0.103943 0.001232 0.209378
0.101074 -0.000795 0.206875
0.105894 0.003319 0.211716
0.092972 0.000945 0.213370
0.096082 -0.002228 0.208889
0.099290 -0.000721 0.208254
0.101927 -0.001446 0.203283
0.101916 -0.001133 0.204668
0.102685 -0.001056 0.203304
0.099441 -0.000314 0.210765
0.098158 -0.001173 0.208367
0.103469 -0.000672 0.203638
0.096936 0.003458 0.212830
0.100499 0.000386 0.212069
0.101655 -0.000694 0.206364
0.098802 0.000240 0.211926
0.100154 -0.002454 0.202940
0.097948 -0.001417 0.208792
0.095984 -0.002294 0.206430
0.095305 0.000976 0.213436
0.097167 0.000417 0.212943
0.099116 0.000794 0.212750
0.093344 0.001328 0.213324
0.097279 -0.002035 0.206685
0.094387 -0.002836 0.209388
0.095266 0.002026 0.213380
0.097490 -0.001430 0.208169
0.102619 0.000038 0.207499
0.099261 -0.000729 0.208461
0.102523 0.000686 0.209970
0.099459 -0.000542 0.209309
0.101189 -0.000010 0.208715
0.096845 -0.002057 0.206756
0.105139 0.002260 0.211453
0.101168 -0.000910 0.206024
0.102170 0.000004 0.207886
0.102594 -0.000611 0.205442
0.103537 -0.000428 0.204495
0.099230 -0.003140 0.202342
0.102065 -0.001199 0.204229
0.104150 -0.000034 0.204909
0.097582 -0.003153 0.203091
0.096200 -0.003100 0.204062
0.101307 -0.001472 0.204264
0.095318 0.000739 0.213443
0.101170 0.001226 0.212472
0.097419 0.001567 0.213098
0.104936 0.002558 0.212075
0.106597 0.002722 0.210552
0.101321 0.000114 0.209213
0.098895 -0.000863 0.209814
0.101237 0.001506 0.212457
0.102765 0.000709 0.209590
0.101474 0.000178 0.209413
0.099611 -0.000016 0.211116
0.095642 -0.002806 0.205332
0.100446 0.000278 0.211263
0.104441 0.001996 0.211361
0.097673 0.000047 0.212284
0.100751 -0.000746 0.207015
0.104142 0.002540 0.212164
0.102301 -0.000671 0.205654
0.100200 0.000429 0.212262
0.099178 -0.001522 0.206156
0.100228 -0.001809 0.204312
0.099054 0.003430 0.212415
0.102709 -0.000089 0.207100
0.105384 0.002441 0.211522
0.101738 -0.000526 0.206892
0.096377 -0.001117 0.212271
0.097032 -0.001144 0.211618
0.104028 0.001075 0.208571
0.097464 -0.001708 0.208873
0.101808 0.003709 0.211781
0.104884 0.001477 0.208675
0.099434 -0.000874 0.207802
0.098576 -0.001162 0.210077
0.099929 0.002445 0.212819
0.099035 -0.002987 0.202920
0.096698 -0.002382 0.205670
0.105295 0.001391 0.208323
0.096577 -0.001725 0.211030
0.099013 0.001308 0.212925
0.099280 0.003357 0.212457
0.096366 -0.002808 0.204630
0.104467 0.000787 0.207477
0.099583 -0.000389 0.209824
0.102780 0.000939 0.210263
0.096698 -0.002049 0.210012
0.102382 0.000543 0.209814
0.095213 -0.002832 0.205376
0.103016 0.000863 0.209639
0.102551 -0.000538 0.205964
0.102881 -0.000583 0.205000
0.103544 0.003515 0.211973
0.099878 -0.001007 0.206882
0.103873 0.001716 0.211353
0.095913 -0.002407 0.209592
0.098331 -0.001884 0.205677
0.101496 0.000615 0.211381
0.105098 0.001119 0.207637
0.105168 0.002011 0.210366
0.103670 0.000524 0.207502
0.099629 -0.001091 0.206622
0.097834 -0.001371 0.210667
0.102148 -0.000801 0.205269
0.099139 -0.002051 0.204838
0.093613 -0.000766 0.213317
0.101969 0.002507 0.212402
0.100969 -0.000997 0.201415
0.096136 -0.002819 0.204784
0.100268 0.001235 0.212815
0.098617 -0.001706 0.205902
0.099085 0.000514 0.205003
0.102665 -0.000617 0.205282
0.102381 0.000912 0.210754
0.096614 0.003473 0.212876
0.093926 -0.002054 0.211778
0.100574 -0.000208 0.208976
0.100846 0.001934 0.212548
0.098179 -0.001578 0.207158
0.103888 0.000136 0.205966
0.103021 0.000740 0.208981
0.100278 -0.000083 0.210189
0.102498 0.000223 0.208279
0.105807 0.002505 0.211120
0.097670 -0.003337 0.202750
0.101090 -0.000945 0.206212
0.097655 -0.000149 0.211962
0.104809 0.000460 0.205894
0.094938 0.000093 0.213486
0.101912 0.003250 0.212205
0.094021 0.002379 0.213013
0.100243 -0.000306 0.209376
0.099246 -0.000898 0.207834
0.095886 -0.002431 0.209236
0.103937 0.001486 0.210232
0.101710 -0.000816 0.205951
0.096764 0.003048 0.212985
0.102677 0.000582 0.208937
0.102767 0.000397 0.208383
0.100641 -0.000034 0.209798
0.099543 -0.001491 0.205952
0.096338 0.001954 0.213246
0.102292 -0.000029 0.207624
0.100683 -0.002403 0.202704
0.101117 -0.001361 0.204703
0.099498 -0.002934 0.202595
0.097560 0.004060 0.212421
0.098415 -0.002076 0.201535
0.093842 -0.002497 0.211164
0.100124 -0.000693 0.207391
0.096620 -0.001472 0.211486
0.104838 0.001050 0.207792
0.098180 0.001585 0.213000
0.095286 -0.000556 0.213119
0.094897 -0.002435 0.210789
0.101101 -0.001062 0.205630
0.104242 0.003303 0.212103
0.099702 -0.002269 0.203618
0.099990 -0.000491 0.208365
0.103493 0.000088 0.206245
0.097903 -0.003049 0.203070
0.100356 -0.000624 0.207407
0.100137 -0.000607 0.207589
0.101094 -0.001582 0.204152
0.100761 -0.001174 0.205794
0.103328 0.002524 0.212252
0.102879 -0.000254 0.206444
0.097385 0.000668 0.213065
0.103330 -0.001008 0.202633
0.102756 0.001338 0.211792
0.104609 0.001329 0.208783
0.098534 0.002803 0.212743
0.096287 -0.002577 0.205466
0.099906 -0.000125 0.210505
0.101575 -0.001249 0.204680
0.102452 0.001193 0.211133
0.103032 -0.001219 0.202495
0.104639 0.000814 0.207239
0.100182 -0.000116 0.209827
0.100198 -0.001682 0.204797
0.102233 0.001002 0.211583
0.101981 -0.001331 0.203567
0.105604 0.001762 0.209147
0.099808 0.001349 0.212888
0.104175 0.000634 0.207289
0.101693 0.002091 0.212437
0.103602 0.000705 0.208186
0.103833 0.001333 0.209960
0.105593 0.002582 0.211636
0.105492 0.003254 0.211975
0.102751 0.000176 0.207671
0.098916 -0.000066 0.211456
0.100648 0.000413 0.211855
0.094165 0.000110 0.213628
0.100869 -0.000859 0.206678
0.098093 0.004733 0.211751
0.094570 0.001551 0.213427
0.101621 0.000390 0.210826
0.100681 -0.001117 0.206089
0.104974 0.001067 0.207705
0.100016 -0.000340 0.209025
0.102434 0.000518 0.209311
0.099808 0.003500 0.212400
0.099017 0.002403 0.212810
0.101803 0.001611 0.212275
0.100793 0.000057 0.209843
0.098003 0.003778 0.212359
0.099993 0.003119 0.212649
0.105143 0.002142 0.210823
0.098223 -0.001305 0.209141
0.102074 -0.001652 0.202739
0.101557 -0.002081 0.202273
0.104726 0.000609 0.206534
0.099287 -0.002133 0.204253
0.099565 0.004023 0.212034
0.103155 -0.000607 0.204550
0.095071 -0.002333 0.206573
0.095979 -0.001285 0.212289
0.096714 -0.001745 0.207209
0.100649 -0.000147 0.209260
0.099065 -0.002559 0.203556
0.097801 -0.001824 0.206619
0.097594 -0.001222 0.211072
0.101571 0.002251 0.212445
0.103053 0.001740 0.211840
0.102166 0.000195 0.208519
0.103794 0.001717 0.211503
0.097357 0.002329 0.212953
0.099063 -0.002324 0.204030
0.102612 0.001146 0.210811
0.094599 -0.002386 0.207126
0.096600 -0.000560 0.212616
0.103563 0.001944 0.211870
0.106615 0.002862 0.211112
0.099503 -0.000661 0.208401
0.095923 -0.000256 0.205712
0.101019 0.002850 0.212548
0.105894 0.003653 0.211192
0.100484 0.000926 0.212676
0.099706 -0.001945 0.204869
0.098315 -0.001577 0.206763
0.099000 -0.000731 0.208780
0.095111 0.002215 0.213420
0.102202 -0.000548 0.206463
0.097920 -0.001546 0.207582
0.099596 -0.002229 0.203704
0.092473 0.001083 0.213348
0.102019 0.000487 0.210179
0.098594 -0.002801 0.203460
0.102492 0.000608 0.209134
0.101010 -0.001280 0.205166
0.099327 0.000399 0.212119
0.099434 -0.000874 0.207802
0.102407 -0.001512 0.202601
0.097990 -0.003145 0.202930
0.099945 -0.001609 0.205162
0.104104 0.000119 0.205385
0.098302 -0.001098 0.208524
0.095102 0.002553 0.213385
0.102576 -0.001556 0.202324
0.094137 -0.002882 0.208693
0.098869 -0.001258 0.207154
0.097426 -0.002073 0.206400
0.101722 0.001290 0.212249
0.102804 0.000716 0.209134
0.102123 0.000421 0.209908
0.102047 -0.001919 0.202212
0.094591 -0.000012 0.213561
0.103297 -0.001207 0.202325
0.096625 -0.002614 0.204958
0.103585 -0.000130 0.205325
0.102608 0.000707 0.209770
0.096125 -0.002220 0.210170
0.102149 -0.001207 0.203864
0.104288 0.000245 0.205653
0.095339 0.000298 0.213385
0.099870 -0.001943 0.204203
0.105349 0.001165 0.207553
0.094599 -0.002386 0.207126
0.096168 -0.002522 0.205690
0.102015 -0.000636 0.206393
0.101168 -0.000546 0.207323
0.100920 0.000292 0.210827
0.096935 -0.003200 0.203431
0.105770 0.001675 0.208499
0.102192 0.001981 0.212297
0.102347 -0.000106 0.207419
0.106213 0.002237 0.209647
0.098302 -0.002829 0.203687
0.103041 0.002517 0.212299
0.096445 -0.002467 0.205626
0.102572 -0.000684 0.205023
0.098625 -0.002248 0.204448
0.102837 0.003069 0.212331
0.100367 -0.000972 0.206732
0.102955 0.000320 0.207887
0.095479 -0.002166 0.206920
0.099744 -0.000472 0.208661
0.099121 -0.000667 0.209542
0.100035 -0.002698 0.202694
0.104950 0.001781 0.209949
0.098681 -0.001588 0.206126
0.096170 -0.001935 0.207224
0.100396 -0.002735 0.202299
0.096267 -0.001866 0.208541
0.093275 0.002073 0.213249
0.104433 0.000207 0.205390
0.103614 0.001253 0.209607
0.105332 0.001872 0.209717
0.097741 0.004288 0.212202
0.099173 -0.001714 0.205184
0.097425 -0.001669 0.207514
0.104920 0.001578 0.209268
0.099097 -0.001104 0.206808
0.096609 -0.002254 0.206315
0.095755 -0.001852 0.207640
0.094994 -0.002928 0.205163
0.105110 0.001856 0.209985
0.097487 -0.001533 0.210674
0.098392 0.001241 0.212984
0.094275 -0.002265 0.211436
0.102636 -0.000142 0.206917
0.101765 0.000682 0.211031
0.101765 0.000084 0.208425
0.097490 -0.001430 0.208169
0.103405 0.000960 0.209229
0.101178 0.000978 0.212188
0.101579 0.000243 0.209092
0.102670 0.002427 0.212314
0.106285 0.003194 0.211468
0.096263 -0.002044 0.206943
0.098420 -0.002955 0.203209
0.097281 -0.002452 0.204760
0.102276 0.003316 0.212154
0.103006 0.001493 0.211713
0.098309 -0.001359 0.209544
0.097598 -0.002518 0.204205
0.100985 0.000166 0.209979
0.094691 -0.002264 0.211242
0.099556 -0.002700 0.202842
0.099335 0.003798 0.210361
0.099365 0.000084 0.211219
0.103469 -0.000033 0.206056
0.094953 -0.002313 0.207378
0.104533 0.000560 0.206572
0.102512 -0.000942 0.204211
0.101213 -0.001211 0.205255
0.095735 0.000909 0.213382
0.101861 -0.000131 0.207916
0.102703 -0.000778 0.204495
0.099990 0.001949 0.212874
0.097204 0.001027 0.213200
0.095535 -0.002725 0.205621
0.101821 -0.000433 0.206730
0.097228 -0.002149 0.206405
0.101670 0.000240 0.209457
0.092404 0.001491 0.213288
0.101371 0.000466 0.211194
0.097158 -0.002178 0.206135
0.096329 -0.002322 0.206334
0.099579 0.000471 0.212175
0.101870 0.002861 0.212347
0.102138 0.003069 0.212279
0.096186 -0.001825 0.211119
0.106502 0.002977 0.211311
0.098950 -0.002750 0.203322
0.103602 0.000705 0.208186
0.100742 -0.000424 0.207690
0.094772 -0.002620 0.205964
0.101059 0.001013 0.212422
0.100583 -0.000088 0.209591
0.096329 -0.002322 0.206334
0.102665 0.000375 0.208166
0.104293 0.002232 0.211844
0.096894 0.000560 0.213138
0.102283 -0.000826 0.204846
0.097562 -0.001977 0.206576
0.101093 -0.000666 0.207120
0.093625 0.002105 0.213319
0.095456 0.000650 0.213350
0.104746 0.000935 0.207574
0.101007 -0.001241 0.205415
0.099811 0.000967 0.212872
0.100691 0.000331 0.210946
0.101030 0.003254 0.212420
0.097120 -0.003057 0.203618
0.093806 -0.002277 0.211527
0.102554 -0.000063 0.207289
0.101814 0.000495 0.210412
0.103323 0.002736 0.212316
0.097881 -0.000308 0.211750
0.095314 -0.002996 0.204846
0.094790 -0.002406 0.206592
0.095333 -0.002798 0.205478
0.099518 -0.000961 0.207317
0.096298 -0.002288 0.209433
0.099151 0.000505 0.212327
0.099275 -0.001159 0.206546
0.097309 -0.001511 0.207709
0.105456 0.001293 0.207836
0.095045 -0.002601 0.205936
0.103806 -0.000387 0.204084
0.097770 -0.001342 0.208064
0.102911 0.000115 0.207502
0.096391 -0.003261 0.203701
0.097455 0.000892 0.213134
0.096279 -0.002969 0.204321
0.101576 -0.000819 0.205598
0.104402 0.001015 0.208185
0.103185 0.000888 0.209120
0.100989 -0.002000 0.203158
0.103567 0.002960 0.212297
0.104625 0.002230 0.211729
0.101994 0.000520 0.210670
0.106189 0.002710 0.211344
0.097264 -0.001489 0.208328
0.096983 0.000318 0.212954
0.100949 -0.001642 0.204008
0.103224 0.001071 0.209481
0.097383 -0.001801 0.207286
0.105026 0.002038 0.210682
0.098119 -0.000465 0.211490
0.101260 0.000017 0.208965
0.101885 0.000043 0.208193
0.103617 0.001288 0.210325
0.102128 0.002774 0.212368
0.104113 0.000375 0.206586
0.103349 -0.000573 0.204226
0.098211 -0.003260 0.202621
0.099275 -0.002675 0.203328
0.099747 -0.002561 0.203174
0.097311 -0.003112 0.203329
0.095093 -0.002260 0.207163
0.097163 -0.003262 0.203172
0.101040 0.003625 0.212181
0.102323 0.003751 0.211467
0.097536 -0.001776 0.209840
0.095201 0.001210 0.213398
0.096076 -0.002726 0.205124
0.099169 -0.001607 0.205765
0.099871 0.000746 0.212788
0.101046 0.000256 0.210159
0.100933 -0.000095 0.208872
0.100807 0.002742 0.212653
0.102449 0.002851 0.212337
0.096504 -0.002368 0.205875
0.104085 0.001332 0.209307
0.103543 -0.000623 0.203474
0.104440 0.001329 0.209122
0.104709 0.001845 0.210274
0.096796 -0.002890 0.204072
0.101872 -0.001908 0.202347
0.100769 0.003785 0.212054
0.096930 -0.001724 0.207318
0.099759 0.001615 0.212883
0.102748 0.001227 0.211649
0.101429 -0.001966 0.202804
0.104954 0.001152 0.208028
0.097763 -0.003222 0.202912
0.100162 0.000489 0.212457
0.098296 -0.000077 0.211856
0.102032 0.000316 0.209260
0.098201 -0.000203 0.211675
0.105188 0.001208 0.207849
0.103190 0.001011 0.209965
0.103840 0.002442 0.212125
0.102307 0.000429 0.209672
0.103602 0.001631 0.211457
0.098370 -0.002027 0.204788
0.095825 -0.001880 0.211256
0.097878 0.000221 0.212492
0.104507 0.001735 0.210162
0.105524 0.001544 0.208522
0.098704 -0.000908 0.208463
0.103396 0.000885 0.209014
0.099940 -0.000134 0.210266
0.100603 -0.000909 0.206771
0.096790 -0.003063 0.203827
0.097160 -0.002168 0.205879
0.096844 -0.001842 0.207024
0.104213 0.001285 0.209189
0.100872 -0.000084 0.208652
0.096545 -0.002335 0.206102
0.098051 -0.002913 0.203167
0.096563 -0.003296 0.203523
0.106172 0.002226 0.209870
0.097870 -0.002536 0.204212
0.104395 0.001422 0.209367
0.097932 -0.002144 0.205110
0.094399 0.000598 0.213606
0.100915 -0.001186 0.205622
0.100897 -0.000509 0.207391
0.102076 0.000006 0.208078
0.103448 -0.000632 0.203831
0.098662 -0.000826 0.210796
0.095896 -0.001916 0.207395
0.105594 0.001375 0.208001
0.098904 -0.001496 0.206290
0.097549 0.001878 0.212958
0.101413 -0.001185 0.205020
0.097117 0.002666 0.212980
0.099485 -0.000236 0.210907
0.101978 0.000896 0.211638
0.100404 -0.000402 0.208179
0.099184 0.001144 0.212899
0.105402 0.001841 0.209514
0.103160 -0.000384 0.205326
0.094951 -0.002312 0.207060
0.094916 -0.003034 0.204932
0.100200 -0.002168 0.203519
0.094763 -0.003033 0.205076
0.101628 -0.000089 0.208049
0.099899 -0.001471 0.205677
0.099920 -0.000038 0.210961
0.103810 -0.000009 0.205637
0.098652 -0.001431 0.206683
0.100080 -0.001811 0.204661
0.097943 -0.001837 0.206372
0.098620 0.001600 0.212945
0.102509 -0.000603 0.205751
0.100770 0.000348 0.211211
0.099620 0.000246 0.211911
0.096946 -0.000206 0.212614
0.103355 0.001319 0.210930
0.097204 0.000279 0.212822
0.102460 -0.000789 0.204812
0.097573 -0.001794 0.202224
0.098672 0.003484 0.212428
0.094487 -0.002571 0.206184
0.096907 -0.002402 0.205190
0.095473 -0.001116 0.212676
0.105474 0.001985 0.209930
0.098053 0.004838 0.211548
0.096858 -0.002259 0.206201
0.094076 0.002288 0.213314
0.101582 0.000235 0.209862
0.097391 0.001216 0.213166
0.104894 0.001368 0.208507
0.098523 -0.001617 0.206233
0.100684 -0.001737 0.204040
0.098707 -0.003244 0.202402
0.103247 0.001406 0.211141
0.095830 -0.002813 0.205091
0.105303 0.003332 0.212062
0.099075 -0.000409 0.210964
0.098443 -0.001013 0.208968
0.098389 -0.001037 0.209181
0.103018 0.001346 0.211300
0.101215 -0.000813 0.206821
0.101787 0.000783 0.211525
0.097101 0.000883 0.213204
0.103663 -0.000230 0.204920
0.103698 0.000080 0.206088
0.095967 -0.001572 0.211852
0.101358 0.000749 0.211771
0.102832 0.001029 0.210579
0.102733 -0.000540 0.205686
0.095924 -0.002427 0.206202
0.098273 0.003453 0.212486
0.103836 0.000268 0.206611
0.102315 0.000572 0.210090
0.095859 0.001280 0.213362
0.096945 0.002281 0.213078
0.093645 -0.001843 0.212039
0.098244 -0.003317 0.202469
0.105144 0.002699 0.212057
0.099676 -0.000175 0.210224
0.100551 0.000198 0.210806
0.103079 -0.000480 0.205141
0.101298 0.000606 0.211537
0.098726 -0.000508 0.211121
0.095353 -0.002331 0.206634
0.103749 0.000901 0.208504
0.103689 -0.000555 0.203283
0.105210 0.003407 0.212048
0.098239 -0.001437 0.207547
0.099698 -0.000190 0.210743
0.104937 0.001671 0.209428
0.102506 -0.001214 0.203214
0.100689 0.002625 0.212695
0.101418 -0.001107 0.205275
0.099463 -0.001997 0.204788
0.100004 -0.000838 0.207211
0.099404 -0.000498 0.210247
0.100297 0.000594 0.212490
0.101169 -0.001936 0.203094
0.097874 0.000474 0.212787
0.099429 -0.001110 0.206474
0.099714 -0.000503 0.208814
0.096395 -0.001887 0.207172
0.101874 -0.001217 0.204464
0.099804 -0.001446 0.205850
0.105067 0.000852 0.206840
0.104709 0.001845 0.210274
0.100680 -0.001326 0.205411
0.094369 -0.002423 0.206925
0.101148 -0.000825 0.206755
0.099683 -0.000561 0.208531
0.102244 -0.000641 0.205934
0.103801 0.001110 0.209193
0.098881 -0.003075 0.202838
0.094817 -0.002715 0.205784
0.104717 0.002462 0.212090
0.095437 0.002385 0.213371
0.094707 -0.001579 0.212249
0.096333 -0.001398 0.211878
0.092736 0.001432 0.213270
0.099756 -0.001937 0.204604
0.099847 0.000144 0.211655
0.103276 -0.000749 0.203546
0.104970 0.002120 0.211287
0.099648 -0.002637 0.203046
0.099786 -0.000810 0.207309
0.103513 -0.000152 0.205538
0.099404 -0.000498 0.210247
0.102292 -0.001109 0.204205
0.095881 0.000037 0.213202
0.096145 0.000612 0.213312
0.100675 -0.001672 0.204294
0.094528 -0.002775 0.208031
0.101769 -0.001416 0.203563
0.103297 0.003660 0.211609
0.102682 -0.000974 0.203429
0.103258 0.001575 0.211283
0.093524 0.000186 0.213623
0.104669 0.001697 0.209673
0.098547 -0.000995 0.208556
0.100542 -0.000635 0.207238
0.098524 -0.000058 0.211773
0.104696 0.001572 0.209471
0.097402 0.000318 0.212758
0.097791 -0.001357 0.208414
0.098519 -0.000494 0.211265
0.103093 0.001050 0.210280
0.096816 -0.001545 0.208375
0.104030 0.000864 0.208041
0.105325 0.001647 0.209100
0.102934 0.000986 0.209988
0.095130 -0.001438 0.212351
0.100198 -0.001763 0.204523
0.094353 0.002487 0.212951
0.101457 -0.001553 0.203535
0.105770 0.001675 0.208499
0.103127 -0.000797 0.203253
0.101157 0.000053 0.209490
0.098096 0.004348 0.212036
0.101534 0.001731 0.212364
0.094538 -0.002386 0.206765
0.099543 -0.000280 0.210184
0.102576 -0.001556 0.202324
0.094825 -0.002562 0.206115
0.102652 0.001866 0.212033
0.104516 0.000965 0.208012
0.100401 -0.000858 0.206980
0.105183 0.002427 0.211704
0.096388 0.000237 0.213157
0.096871 -0.002304 0.205795
0.100099 0.000236 0.211741
0.096282 0.000907 0.213369
0.102135 0.000965 0.211426
0.101017 0.001384 0.205352
0.095597 -0.003005 0.204739
0.093160 -0.000402 0.213557
0.105827 0.002660 0.211600
0.101106 0.000328 0.210252
0.097552 -0.002476 0.204365
0.101789 -0.001060 0.204949
0.101550 0.001475 0.212333
0.097432 0.004222 0.211630
0.105332 0.001872 0.209717
0.099794 -0.000564 0.208343
0.102282 0.000681 0.210659
0.099286 -0.000490 0.210609
0.097831 0.004767 0.211533
0.100495 0.000079 0.210590
0.099194 0.001425 0.212912
0.099570 -0.002125 0.204012
0.103875 0.002007 0.211851
0.096859 -0.002670 0.204565
0.102177 -0.001730 0.202452
0.102985 -0.000871 0.203214
0.104226 0.002030 0.211487
0.100269 -0.000308 0.209142
0.100027 -0.000331 0.209374
0.104688 0.002060 0.211383
0.096963 -0.002538 0.204829
0.097927 -0.003467 0.202445
0.097130 -0.001875 0.208997
0.095629 -0.001764 0.207931
0.093859 -0.002854 0.210171
0.105745 0.001763 0.208900
0.103387 0.000640 0.208221
0.099425 0.002782 0.212714
0.095072 -0.002749 0.205665
0.101257 -0.000165 0.207794
0.094231 -0.001463 0.212537
0.106145 0.002447 0.210338
0.100631 -0.001965 0.203448
0.101552 -0.002036 0.202511
0.099043 0.000495 0.212488
0.096655 0.001327 0.213286
0.099113 -0.000774 0.209971
0.103855 0.000370 0.207020
0.103732 -0.000148 0.205070
0.095500 -0.003163 0.204469
0.100447 -0.000578 0.207617
0.103032 -0.000936 0.203058
0.098213 -0.002599 0.204109
0.100020 -0.000279 0.208880
0.100809 -0.000200 0.208239
0.103104 0.001463 0.211565
0.099114 -0.000137 0.211191
0.097532 -0.002993 0.203339
0.100122 0.000823 0.212758
0.097532 0.002692 0.212890
0.102535 0.001308 0.210998
0.093194 0.000051 0.213641
0.097447 0.004421 0.212089
0.099165 -0.002132 0.204573
0.097755 -0.002210 0.204873
0.105013 0.002280 0.211656
0.101952 -0.000433 0.207069
0.100177 -0.000456 0.208241
0.105169 0.001702 0.209362
0.100414 -0.002562 0.202630
0.103322 0.000142 0.206977
0.096509 -0.002158 0.206686
0.100847 -0.001317 0.204987
0.095397 -0.002586 0.209338
0.095314 -0.002644 0.205790
0.097990 -0.002262 0.204639
0.103521 0.000489 0.207691
0.103609 0.001471 0.210896
0.104178 0.001761 0.210779
0.102132 0.000719 0.210859
0.104921 0.003401 0.212021
0.105144 0.002579 0.211927
0.106009 0.002718 0.211497
0.096182 -0.001821 0.207504
0.099204 -0.000650 0.209144
0.097187 0.000659 0.213118
0.105853 0.002457 0.210802
0.097126 -0.000041 0.212585
0.097898 -0.001009 0.211099
0.104207 0.000060 0.205194
0.097114 -0.002294 0.205308
0.096170 -0.001935 0.207224
0.104312 0.002811 0.212203
0.096333 -0.001398 0.211878
0.095819 -0.000686 0.212929
0.106256 0.003443 0.211402
0.100063 0.002846 0.212741
0.104726 0.003053 0.212169
0.104980 0.001882 0.210186
0.101908 -0.000367 0.207261
0.097908 0.000061 0.212204
0.105250 0.003122 0.212112
0.100593 -0.000224 0.208709
0.098414 0.002212 0.212877
0.094993 0.001485 0.213386
0.099410 -0.002424 0.203557
0.105907 0.002538 0.210931
0.103130 0.002216 0.212095
0.099135 -0.000810 0.208041
0.103378 -0.000461 0.204722
0.103325 0.001653 0.211680
0.105583 0.001854 0.209452
0.106807 0.003093 0.211161
0.104593 0.001826 0.210568
0.097504 -0.002071 0.206085
0.097690 0.000175 0.212491
0.103160 0.002985 0.212337
0.101098 -0.001027 0.205803
0.103804 -0.000298 0.204524
0.101460 0.000007 0.208476
0.092858 -0.000189 0.213651
0.101996 0.002015 0.212384
0.103580 0.002640 0.212206
0.096057 -0.001781 0.207680
0.097588 0.000547 0.212908
0.099740 -0.002786 0.202657
0.094463 -0.002816 0.209913
0.101838 0.000547 0.210883
0.096182 -0.003196 0.203794
0.100005 0.001063 0.212862
0.094699 0.000354 0.213641
0.103965 0.000181 0.206082
0.093963 -0.002751 0.210718
0.101780 0.000941 0.211943
0.098942 -0.003136 0.202419
0.105943 0.002089 0.209537
0.102114 -0.000424 0.206796
0.103356 -0.000525 0.204414
0.098538 0.000195 0.212182
0.098254 -0.001502 0.206970
0.102325 0.002303 0.212327
0.098788 -0.001314 0.206805
0.102901 -0.000500 0.205321
0.103854 -0.000182 0.204738
0.103268 -0.000802 0.203065
0.098690 -0.000238 0.211418
0.103956 -0.000283 0.204233
0.102600 0.002099 0.212184
0.098647 -0.000923 0.209466
0.104909 0.000693 0.206563
0.101671 -0.000624 0.206626
0.097137 -0.001785 0.207261
0.095510 0.001209 0.213379
0.097141 -0.000783 0.211926
0.096641 -0.001514 0.208256
0.100938 -0.001299 0.205290
0.102076 -0.000867 0.205039
0.095830 -0.002813 0.205091
0.094851 0.001202 0.213443
0.098524 -0.001517 0.206456
0.103478 0.000721 0.208474
0.098966 -0.001810 0.205173
0.098359 0.004422 0.211907
0.096228 -0.000356 0.212958
0.095673 -0.001778 0.211562
0.104023 0.000102 0.205637
0.103769 0.001198 0.209468
0.104558 0.000663 0.206735
0.098881 0.000396 0.212345
0.104980 0.000939 0.207019
0.098292 -0.001234 0.207954
0.105207 0.001030 0.207279
0.103148 0.000040 0.207047
0.105077 0.003216 0.212141
0.099745 0.000482 0.212335
0.101978 -0.000716 0.206071
0.100354 -0.000335 0.208368
0.103699 0.000708 0.208022
0.103190 0.001011 0.209965
0.102985 -0.001133 0.202778
0.104170 0.000297 0.206228
0.093344 0.001328 0.213324
0.100104 -0.000203 0.209555
0.096024 -0.001718 0.208276
0.101356 -0.002115 0.202548
0.100210 -0.001516 0.205005
0.104785 0.001758 0.210021
0.104296 0.001660 0.210006
0.103997 -0.000222 0.204399
0.102415 0.000139 0.207728
0.100876 -0.002114 0.203069
0.096442 -0.001608 0.208336
0.103532 0.000827 0.208676
0.099400 -0.001740 0.205158
0.106684 0.002860 0.210821
0.098097 0.001234 0.213055
0.105080 0.001370 0.208440
0.099083 -0.001643 0.205500
0.104091 0.001870 0.211417
0.101624 -0.000489 0.207216
0.105692 0.002548 0.211471
0.102521 0.000547 0.209547
0.102675 -0.000951 0.203900
0.103322 0.000142 0.206977
0.093053 0.000772 0.210006
0.102646 -0.001414 0.202558
0.094626 -0.002590 0.207513
0.097669 -0.001366 0.208233
0.101675 -0.001552 0.203328
0.105673 0.002938 0.211828
0.096993 -0.002863 0.204105
0.099866 0.000074 0.211307
0.104392 0.002093 0.211582
0.102319 -0.000181 0.207245
0.098001 -0.001727 0.206822
0.094570 -0.002816 0.205659
0.105496 0.003495 0.211780
0.100381 -0.001118 0.206147
0.103103 0.001249 0.211023
0.100589 -0.000510 0.207800
0.096676 0.003767 0.212467
0.101278 -0.001538 0.204060
0.104112 0.001623 0.210102
0.103758 0.000634 0.207709
0.105456 0.001293 0.207836
0.104307 0.001124 0.208571
0.100183 -0.000597 0.207749
0.097569 -0.002191 0.205092
0.096825 -0.001729 0.208635
0.099644 0.004270 0.211069
0.105241 0.002224 0.211186
0.097608 -0.002111 0.205765
0.099532 0.001742 0.212886
0.095905 -0.003132 0.204209
0.104525 0.001653 0.209857
0.099761 -0.001648 0.205446
0.101458 0.000421 0.210258
0.099184 -0.001116 0.207185
0.102877 0.000859 0.209774
0.099397 -0.001456 0.206142
0.095663 -0.002509 0.206063
0.099229 -0.000572 0.209408
0.094932 0.002062 0.213425
0.102703 -0.000778 0.204495
0.094861 0.002617 0.213139
0.105935 0.002771 0.211635
0.102259 0.001027 0.211173
0.097065 0.000253 0.212859
0.099404 -0.000551 0.210040
0.098527 -0.002757 0.203751
0.097954 -0.002352 0.204453
0.097606 -0.002395 0.204604
0.099819 -0.000633 0.207721
0.100201 -0.002731 0.202567
0.100064 0.000136 0.211260
0.105770 0.001675 0.208499
0.097528 -0.000741 0.211627
0.104579 0.001939 0.211100
0.097147 -0.001659 0.207531
0.094551 -0.002637 0.205996
0.095446 -0.001906 0.207730
0.103250 0.000607 0.208389
0.105691 0.003116 0.211874
0.100565 -0.002132 0.203255
0.105049 0.002862 0.212132
0.099537 -0.001959 0.204517
0.100278 -0.000041 0.210429
0.102013 0.003540 0.211977
0.100539 0.003068 0.212623
0.094275 -0.002265 0.211436
0.099640 -0.001213 0.206354
0.095563 -0.001599 0.211973
0.100982 0.001244 0.212568
0.098867 0.000318 0.212153
0.104214 0.000892 0.208040
0.102173 -0.000328 0.207118
0.104662 0.000429 0.206042
0.101126 -0.000160 0.208198
0.094220 -0.000488 0.213375
0.102214 0.000983 0.210988
0.092739 0.000159 0.213607
0.106122 0.002275 0.210054
0.103016 0.000594 0.208475
0.101357 -0.000730 0.206826
0.093636 0.002295 0.212903
0.101423 0.003976 0.211006
0.097793 -0.002908 0.203329
0.102731 -0.000951 0.203590
0.100726 0.001716 0.212684
0.100496 -0.002579 0.202486
0.096854 0.001119 0.207734
0.104356 0.000085 0.205138
0.101382 -0.000923 0.205802
0.100501 0.000514 0.212263
0.099069 -0.001102 0.207551
0.098633 -0.000850 0.209193
0.098896 -0.001323 0.202076
0.101536 0.000150 0.208960
0.098281 -0.001707 0.206138
0.100796 -0.002515 0.202436
0.100198 -0.001682 0.204797
0.100390 -0.002568 0.202570
0.102513 -0.001074 0.203485
0.098423 -0.002011 0.205002
0.096405 -0.001822 0.207323
0.099406 -0.000648 0.208645
0.102375 0.000270 0.208667
0.097945 -0.003252 0.202744
0.100112 -0.001867 0.204070
0.102330 -0.001188 0.203566
0.096836 0.000873 0.213276
0.103003 0.000837 0.209124
0.099463 -0.000321 0.210659
0.098931 -0.001967 0.205005
0.101364 -0.000513 0.207337
0.101662 0.002576 0.212406
0.093474 0.000837 0.213399
0.095231 -0.002157 0.207959
0.095697 0.002093 0.213336
0.101591 -0.001646 0.203197
0.099529 -0.002242 0.203786
0.096809 -0.003180 0.203592
0.097732 0.004652 0.211959
0.104800 0.001438 0.208808
0.104683 0.000716 0.206835
0.099954 -0.002497 0.203079
0.102955 -0.000291 0.206150
0.104103 0.001723 0.210995
0.093527 -0.001685 0.212352
0.103043 -0.001459 0.202242
0.101501 -0.000957 0.205443
0.101348 -0.001685 0.203332
0.102108 0.000355 0.209664
0.101337 0.001873 0.212434
0.101098 0.000351 0.211093
0.097009 -0.002290 0.205648
0.101754 0.000505 0.210184
0.100631 -0.001965 0.203448
0.100290 -0.000756 0.207186
0.098188 0.002284 0.212877
0.105442 0.002381 0.211341
0.104393 0.000083 0.204999
0.098640 -0.000818 0.208969
0.097890 -0.000087 0.211960
0.101952 0.000306 0.209443
0.100056 -0.001529 0.205308
0.105992 0.002135 0.209782
0.099498 0.000107 0.211641
0.098563 0.000141 0.212035
0.099357 -0.001009 0.206762
0.095281 -0.002056 0.207469
0.098824 -0.000952 0.208059
0.093002 0.001967 0.212998
0.098077 0.001076 0.213066
0.103844 0.000457 0.207152
0.102826 -0.000429 0.205911
0.095830 -0.002057 0.206903
0.096121 0.001383 0.213344
0.093791 -0.001225 0.212917
0.101767 -0.000284 0.207643
0.104726 0.000905 0.207363
0.101545 -0.000215 0.207834
0.096534 -0.001737 0.207486
0.097979 0.000373 0.212660
0.096704 -0.001123 0.211966
0.103260 -0.000007 0.206787
0.100245 0.000033 0.210760
0.100807 0.000169 0.210282
0.100509 -0.000477 0.207972
0.104287 0.001228 0.208983
0.099168 -0.003010 0.202710
0.094899 -0.002699 0.209917
0.095069 -0.003138 0.204703
0.103796 -0.000026 0.205439
0.100239 0.003909 0.211981
0.098406 -0.001254 0.207732
0.100800 0.001672 0.212643
0.104544 0.000274 0.205588
0.097999 -0.001556 0.209375
0.098909 -0.000785 0.210581
0.097413 0.003925 0.212531
0.097061 -0.001475 0.208293
0.098936 -0.002238 0.204312
0.102627 0.000281 0.208033
0.095073 -0.002414 0.206442
0.098137 -0.001965 0.205762
0.095825 -0.002912 0.204785
0.100792 0.000713 0.212309
0.103911 0.000598 0.207394
0.096148 -0.000938 0.212595
0.097927 -0.002082 0.205528
0.098044 -0.002842 0.203757
0.102411 0.001971 0.212164
0.097946 0.000788 0.212990
0.095954 -0.001742 0.207799
0.094939 0.002321 0.213459
0.104595 0.000925 0.207775
0.094703 -0.001331 0.212617
0.098963 -0.001314 0.206578
0.104167 0.001407 0.209552
0.096993 -0.002863 0.204105
0.100356 -0.000984 0.206580
0.106340 0.002378 0.210005
0.094859 -0.002744 0.209513
0.098012 0.000311 0.212554
0.100719 0.000045 0.210019
0.096058 -0.002807 0.204902
0.094521 -0.000934 0.213079
0.095143 0.002506 0.211772
0.103087 -0.000196 0.206337
0.100507 -0.001884 0.203600
0.104160 0.000732 0.207590
0.104011 0.000429 0.206907
0.100597 -0.001263 0.205847
0.099412 -0.002825 0.202917
0.101471 -0.000367 0.207539
0.097972 -0.001476 0.210274
0.103743 -0.000387 0.204321
0.106094 0.002856 0.211566
0.104105 -0.000097 0.204554
0.099492 0.002202 0.212848
0.092613 0.001725 0.213255
0.103297 0.000516 0.208058
0.102758 0.003478 0.212028
0.098921 -0.002513 0.203845
0.099431 0.000584 0.212522
0.104402 0.001205 0.208756
0.101489 -0.001441 0.204032
0.099579 0.000471 0.212175
0.103900 0.000208 0.206296
0.094790 -0.002406 0.206592
0.099994 -0.000063 0.210633
0.099552 -0.000771 0.207611
0.097659 0.000403 0.212748
0.101019 0.000448 0.211431
0.102642 0.003246 0.212232
0.102234 0.002603 0.212382
0.098325 -0.002360 0.204367
0.103640 0.000622 0.207774
0.104688 0.001435 0.209109
0.098299 -0.002735 0.203926
0.103345 -0.000249 0.205482
0.101428 0.000063 0.208778
0.100447 -0.000578 0.207617
0.102135 0.000105 0.208311
0.101408 -0.000798 0.206499
0.103547 0.001178 0.210037
0.097434 -0.003376 0.202882
0.101261 0.000960 0.212143
0.104819 0.001955 0.210648
0.098125 -0.001836 0.206023
0.103009 -0.000122 0.206808
0.093715 -0.001501 0.212616
0.102245 0.000604 0.210405
0.103524 -0.000688 0.203044
0.103639 0.000133 0.206420
0.102624 -0.000752 0.204124
0.099664 -0.002424 0.203458
0.105202 0.001550 0.208922
0.098942 -0.001212 0.207328
0.105500 0.002130 0.210131
0.098824 -0.000952 0.208059
0.102475 -0.000380 0.206609
0.094693 -0.002507 0.206290
0.103137 -0.000372 0.205542
0.099683 -0.001424 0.205979
0.105426 0.002791 0.211868
0.099395 -0.000499 0.209640
0.096584 0.002157 0.213171
0.097327 -0.002177 0.205324
0.101675 -0.001552 0.203328
0.093735 0.002311 0.212994
0.100407 -0.001249 0.205966
0.102158 -0.000701 0.205683
0.098166 -0.003415 0.202371
0.099148 -0.000650 0.208687
0.095839 -0.002006 0.208412
0.101312 -0.002231 0.202407
0.100426 -0.000228 0.209153
0.103106 -0.000661 0.204347
0.106365 0.002793 0.211302
0.101398 -0.000120 0.208078
0.105762 0.001592 0.208345
0.102539 0.001323 0.211931
0.103155 -0.000607 0.204550
0.097567 -0.002110 0.205523
0.096054 -0.003071 0.204228
0.099810 -0.002123 0.203827
0.104140 0.002358 0.212054
0.098042 0.002848 0.212766
0.104894 0.001368 0.208507
0.104621 0.003619 0.211619
0.096564 -0.002833 0.204352
0.101956 -0.001562 0.203062
0.104729 0.001044 0.207990
0.099256 -0.001868 0.205044
0.101590 -0.001023 0.205185
0.095180 -0.002119 0.207629
0.102769 -0.000771 0.204309
0.094231 -0.001463 0.212537
0.100865 -0.001859 0.203511
0.095059 0.000756 0.213496
0.098471 -0.001342 0.207397
0.098871 0.004244 0.211941
0.096285 -0.001687 0.207797
0.097901 0.004668 0.211898
0.099490 0.004272 0.211682
0.106298 0.002662 0.210701
0.098322 -0.002179 0.204596
0.104703 0.000835 0.207061
0.102469 0.001222 0.211401
0.103679 -0.000013 0.205816
0.102580 0.000964 0.210546
0.102991 -0.000051 0.207009
0.101329 0.002565 0.212460
0.098356 -0.000827 0.211017
0.100374 0.002667 0.212760
0.093652 -0.000150 0.213584
0.099162 0.001768 0.212894
0.103872 -0.000320 0.204388
0.101746 0.000415 0.210587
0.102669 -0.000749 0.204698
0.103207 -0.000165 0.206116
0.097289 -0.001274 0.211240
0.093736 0.000576 0.213511
0.100861 0.000574 0.212027
0.098238 -0.003084 0.202955
0.099691 -0.000952 0.207104
0.100620 -0.002489 0.202527
0.098295 -0.002007 0.205508
0.099078 0.003812 0.212215
0.105712 0.002205 0.210285
0.096998 -0.001524 0.211111
0.099691 -0.000952 0.207104
0.097615 -0.001444 0.207873
0.096366 0.003046 0.213063
0.106493 0.002571 0.210245
0.094003 -0.000971 0.213125
0.101948 -0.001273 0.204091
0.095447 -0.002023 0.207346
0.102201 -0.001313 0.203310
0.096182 -0.001592 0.208100
0.106126 0.002085 0.209355
0.100428 -0.001407 0.205177
0.102299 0.001223 0.211998
0.106393 0.002326 0.209827
0.095089 -0.002470 0.206247
0.095942 -0.002196 0.206735
0.099632 -0.000545 0.208644
0.101552 0.000705 0.211558
0.099950 -0.000246 0.209687
0.094756 -0.002321 0.206911
0.099771 -0.000827 0.202224
0.105417 0.002610 0.211773
0.105362 0.002922 0.212004
0.100499 0.000386 0.212069
0.098822 -0.002631 0.203412
0.101110 0.002145 0.212495
0.101676 0.000139 0.208692
0.100748 -0.001487 0.204627
0.100858 -0.001000 0.206293
0.104399 0.001806 0.210846
0.105814 0.001943 0.209369
0.100815 -0.002024 0.203223
0.102307 0.001080 0.211361
0.097770 0.004763 0.211747
0.101793 0.000257 0.209654
0.102773 0.000704 0.209373
0.095455 -0.002513 0.208877
0.105939 0.002028 0.209221
0.099087 -0.000728 0.209718
0.096345 0.001651 0.213289
0.101629 -0.001773 0.202990
0.099365 -0.000979 0.206932
0.098517 0.003425 0.212488
0.104488 0.000716 0.207155
0.099286 -0.002322 0.203840
0.099037 0.000111 0.211711
0.098883 0.003051 0.212613
0.100104 -0.001253 0.206097
0.095737 -0.003069 0.204503
0.097600 -0.001584 0.207612
0.102799 0.001616 0.211909
0.097065 -0.002953 0.203764
0.101395 -0.001758 0.203137
0.103465 0.002374 0.212123
0.098616 -0.003068 0.202992
0.100658 -0.001598 0.204462
0.103290 -0.000618 0.204022
0.101128 -0.000103 0.208441
0.093304 -0.001793 0.212216
0.102148 0.001012 0.211848
0.098437 0.001862 0.212926
0.103831 0.001032 0.208697
0.099853 -0.002467 0.203279
0.103548 -0.000493 0.204101
0.095986 -0.002324 0.209945
0.099436 0.001479 0.212895
0.103773 0.000701 0.207896
0.093309 -0.001392 0.212906
0.098772 -0.002403 0.204141
0.103081 -0.000155 0.206574
0.102914 0.001147 0.210858
0.101235 0.001009 0.212251
0.098145 -0.002868 0.203459
0.100513 -0.001506 0.204845
0.100581 0.000371 0.211962
0.096338 0.001954 0.213246
0.101392 -0.000861 0.206217
0.097377 -0.001911 0.206996
0.101697 0.000247 0.209248
0.104723 0.000546 0.206266
0.103084 -0.000325 0.205784
0.103658 0.001225 0.209799
0.100600 0.000070 0.210427
0.101981 0.002150 0.212398
0.098345 -0.001652 0.206460
0.095289 -0.002862 0.205238
0.105698 0.002412 0.210992
0.098507 -0.001969 0.205143
0.102388 -0.001677 0.202356
0.099337 0.000202 0.211864
0.099197 -0.001384 0.206353
0.103782 0.001461 0.210657
0.103355 0.001319 0.210930
0.103605 -0.000098 0.205620
0.103724 0.001625 0.211165
0.103122 0.000185 0.207461
0.098292 -0.002057 0.205225
0.101678 0.000387 0.210709
0.103234 0.002395 0.212212
0.106038 0.002293 0.210146
0.102211 0.002152 0.212352
0.099296 0.000035 0.211367
0.096025 -0.002059 0.210692
0.099653 0.000075 0.211428
0.102262 0.000395 0.209436
0.096984 0.000474 0.213058
0.098807 -0.003165 0.202577
0.100104 -0.001968 0.203906
0.103920 0.001600 0.210839
0.096164 -0.000705 0.212805
0.103005 0.000214 0.207638
0.104885 0.001922 0.210461
0.094087 0.000494 0.213604
0.103033 -0.000624 0.204711
0.096810 -0.001744 0.202629
0.105610 0.002316 0.210812
0.102538 0.000766 0.210185
0.100678 -0.001879 0.203654
0.095980 0.003204 0.212845
0.097568 -0.002280 0.204819
0.094396 -0.002713 0.210506
0.103736 0.000289 0.206910
0.097927 -0.002082 0.205528
0.094342 -0.002827 0.207569
0.099860 -0.001302 0.206129
0.105851 0.001904 0.209109
0.102939 -0.000912 0.203369
0.105758 0.002002 0.209699
0.102099 -0.000981 0.204786
0.099323 -0.000103 0.211124
0.100632 -0.000556 0.207438
0.104525 0.001303 0.208910
0.102817 0.002772 0.212376
0.098977 -0.001606 0.205976
0.096796 -0.002281 0.205969
0.099429 -0.001110 0.206474
0.098466 -0.003309 0.202452
0.096560 -0.002523 0.205431
0.098031 -0.001215 0.208493
0.103164 0.001129 0.210719
0.101367 0.003955 0.210319
0.100401 -0.000858 0.206980
0.105583 0.001854 0.209452
0.105948 0.002140 0.209672
0.095955 -0.002272 0.206577
0.105355 0.002237 0.210923
0.096566 -0.001752 0.208563
0.096836 -0.002079 0.209308
0.103018 0.001346 0.211300
0.097593 -0.000040 0.212175
0.102941 -0.000459 0.205631
0.097188 -0.002606 0.204472
0.093513 0.001666 0.213334
0.106054 0.002593 0.210752
0.100900 -0.001756 0.203755
0.100580 -0.000309 0.208160
0.100301 0.000317 0.211568
0.093327 0.001020 0.213350
0.103406 0.002196 0.211972
0.100398 -0.000320 0.208561
0.103903 0.002755 0.212229
0.098462 -0.001314 0.207573
0.096653 -0.002221 0.206492
0.101789 -0.000741 0.206229
0.100996 -0.000051 0.209184
0.104723 0.001925 0.210846
0.097320 0.004109 0.212435
0.098161 0.000630 0.212834
0.098841 -0.001711 0.205655
0.103699 0.002207 0.212019
0.105489 0.001918 0.209688
0.099030 -0.000935 0.207909
0.097615 -0.001850 0.207103
0.102421 -0.001126 0.203808
0.099834 -0.002593 0.202838
0.103665 -0.000550 0.203687
0.098858 -0.002127 0.204696
0.096234 0.002742 0.213157
0.094700 0.002396 0.213442
0.103471 0.000153 0.206881
0.095305 0.000976 0.213436
0.104478 0.003838 0.210523
0.102443 -0.000898 0.204532
0.099323 -0.001550 0.205959
0.098521 -0.002492 0.204175
0.102348 -0.000744 0.205148
0.100026 -0.002075 0.203653
0.097510 -0.001477 0.208417
0.095897 -0.003211 0.204000
0.095069 -0.003138 0.204703
0.097381 -0.003233 0.203085
0.103605 0.001003 0.209138
0.100228 0.003340 0.212553
0.105039 0.001297 0.208234
0.104121 0.002049 0.211711
0.098637 -0.002006 0.204938
0.097291 -0.001635 0.208650
0.098923 -0.000739 0.209324
0.098872 0.000553 0.212607
0.103340 0.001074 0.209691
0.101939 0.000301 0.208852
0.095044 -0.002338 0.206773
0.102274 0.001130 0.210918
0.101461 0.000155 0.209630
0.102055 -0.000252 0.207415
0.102911 0.000518 0.208617
0.104707 0.002648 0.212153
0.100401 -0.000238 0.209366
0.101101 -0.001062 0.205630
0.095646 -0.002217 0.206754
0.093112 0.000313 0.213576
0.104343 0.000647 0.207058
0.105280 0.001799 0.209545
0.099530 -0.000644 0.208203
0.098424 -0.000209 0.211578
0.101232 0.000144 0.209807
0.101081 0.000553 0.211672
0.100585 -0.002665 0.202289
0.102458 -0.000484 0.206268
0.100629 -0.000245 0.208423
0.097849 -0.002009 0.205907
0.101225 -0.001633 0.203513
0.100666 -0.001061 0.206323
0.102151 0.001708 0.212216
0.096037 -0.002882 0.204622
0.095470 -0.002528 0.209772
0.100392 0.000165 0.210994
0.099601 -0.000270 0.210439
0.096516 -0.003024 0.204026
0.101175 -0.000829 0.206620
0.095371 -0.001920 0.207884
0.099582 -0.000859 0.207455
0.103392 -0.000666 0.203272
0.096769 0.001861 0.213155
0.097365 -0.000063 0.212386
0.104730 0.001006 0.207735
0.100778 0.000977 0.212575
