0.075053 0.016125 0.254217
0.080886 0.014176 0.256495
0.081457 0.016900 0.251901
0.079514 0.011964 0.254589
0.080710 0.013692 0.257269
0.076943 0.013770 0.246697
0.080602 0.013033 0.256808
0.079954 0.020040 0.256118
0.074160 0.016011 0.253695
0.078226 0.019023 0.256794
0.079469 0.020012 0.254636
0.081200 0.020352 0.257280
0.078472 0.020285 0.257242
0.079529 0.014830 0.248882
0.083192 0.016951 0.256560
0.081634 0.019375 0.254930
0.076150 0.013152 0.247956
0.084577 0.018319 0.255219
0.078792 0.015389 0.256656
0.080145 0.013728 0.247930
0.074913 0.015639 0.254089
0.083317 0.017890 0.255528
0.083965 0.017989 0.255499
0.078051 0.021155 0.254999
0.079357 0.014318 0.257804
0.073943 0.015912 0.253627
0.079556 0.013124 0.254014
0.080962 0.013818 0.255477
0.081110 0.019650 0.253370
0.079195 0.013483 0.250600
0.079120 0.021253 0.257173
0.079408 0.014375 0.257989
0.078282 0.021026 0.257425
0.083547 0.017194 0.256808
0.078571 0.019290 0.257045
0.081507 0.020151 0.258381
0.075582 0.017356 0.254550
0.079130 0.011899 0.251679
0.073648 0.016750 0.253485
0.079309 0.013520 0.257377
0.079461 0.020847 0.257262
0.079165 0.011410 0.251130
0.084630 0.018710 0.250879
0.075662 0.019136 0.254770
0.079310 0.014163 0.257870
0.075386 0.015943 0.254382
0.079092 0.011800 0.252653
0.076079 0.017573 0.254953
0.083337 0.019594 0.254172
0.083024 0.017491 0.255539
0.081117 0.015016 0.255209
0.078458 0.018154 0.256881
0.081017 0.019644 0.253690
0.080668 0.016293 0.247868
0.077770 0.017315 0.256339
0.082078 0.016368 0.252885
0.081263 0.017397 0.250842
0.073822 0.017950 0.253495
0.082948 0.017417 0.254504
0.081888 0.017461 0.253726
0.079519 0.017177 0.257532
0.081130 0.017392 0.249634
0.078952 0.016659 0.257009
0.078271 0.012320 0.249203
0.076081 0.016947 0.254851
0.079194 0.011932 0.251003
0.080573 0.012976 0.257970
0.085050 0.018758 0.251382
0.080108 0.016034 0.254179
0.077299 0.015992 0.255655
0.080448 0.016673 0.258293
0.079786 0.014664 0.248652
0.080070 0.015861 0.250981
0.078974 0.012377 0.249041
0.076956 0.016622 0.255601
0.081485 0.015598 0.255656
0.079533 0.014800 0.257153
0.080488 0.013138 0.255740
0.084689 0.017919 0.257779
0.084298 0.018682 0.251475
0.078437 0.015076 0.256287
0.078003 0.019212 0.256718
0.077788 0.019976 0.256821
0.083409 0.018226 0.248910
0.079950 0.014490 0.252547
0.084867 0.018685 0.255677
0.080985 0.014451 0.258488
0.081007 0.013990 0.255380
0.086194 0.019129 0.250309
0.083895 0.018582 0.251318
0.082130 0.019562 0.253143
0.079427 0.014248 0.257045
0.077742 0.012252 0.249217
0.078506 0.014070 0.256026
0.081315 0.015311 0.257679
0.083068 0.017638 0.253972
0.080003 0.014537 0.247928
0.081064 0.017198 0.248743
0.076554 0.017795 0.255380
0.076110 0.013259 0.247549
0.085211 0.018883 0.255212
0.079212 0.011821 0.253834
0.080045 0.015238 0.258485
0.085506 0.019070 0.251840
0.082649 0.017722 0.253400
0.078726 0.016503 0.256862
0.083817 0.018495 0.250074
0.073859 0.016724 0.253635
0.079705 0.012579 0.249491
0.077452 0.017842 0.256128
0.079158 0.011361 0.250919
0.079189 0.011427 0.251034
0.079874 0.012581 0.254686
0.080809 0.019340 0.255410
0.085212 0.019667 0.250566
0.080568 0.012982 0.256455
0.079670 0.016166 0.257479
0.080360 0.016394 0.248552
0.079745 0.016287 0.257524
0.079225 0.021432 0.256887
0.074757 0.013829 0.253898
0.080234 0.015695 0.258515
0.083424 0.018178 0.252106
0.080310 0.012644 0.256883
0.081985 0.017760 0.251450
0.080380 0.014342 0.254752
0.081300 0.015746 0.255105
0.082646 0.016261 0.257388
0.084485 0.018719 0.252466
0.081359 0.015372 0.256248
0.079133 0.020478 0.255439
0.081659 0.016240 0.255027
0.080682 0.017805 0.247102
0.079488 0.013402 0.252720
0.081601 0.019444 0.254468
0.085025 0.018727 0.254949
0.084181 0.018459 0.253798
0.077783 0.019183 0.256464
0.076143 0.011234 0.248261
0.080098 0.012264 0.255849
0.080063 0.015744 0.248243
0.079191 0.012019 0.250382
0.084330 0.019280 0.249380
0.079423 0.012987 0.252613
0.079717 0.015292 0.248900
0.082350 0.016848 0.254572
0.079583 0.021074 0.256787
0.081558 0.015618 0.256711
0.077674 0.017969 0.256320
0.084557 0.019667 0.252778
0.083112 0.017357 0.256141
0.078938 0.014591 0.256560
0.073107 0.016477 0.253089
0.076776 0.014772 0.255179
0.079714 0.014462 0.248485
0.080357 0.016263 0.258354
0.079085 0.012976 0.251511
0.080331 0.015602 0.254833
0.084573 0.018528 0.250203
0.080727 0.018273 0.258551
0.080926 0.013981 0.256091
0.082468 0.015952 0.257424
0.079683 0.014345 0.249137
0.084950 0.018530 0.250233
0.080866 0.017612 0.247250
0.079093 0.012183 0.249274
0.080069 0.019253 0.257919
0.082111 0.016640 0.254655
0.080155 0.016133 0.249365
0.079964 0.013993 0.254058
0.084034 0.018020 0.256748
0.082281 0.017735 0.252685
0.075014 0.018852 0.254305
0.082303 0.016689 0.254000
0.079461 0.015126 0.250437
0.083411 0.019556 0.251781
0.084739 0.019105 0.254257
0.079574 0.014178 0.258119
0.075988 0.017968 0.254962
0.078003 0.015373 0.256016
0.083785 0.017675 0.256654
0.083296 0.017296 0.256449
0.078920 0.018972 0.257228
0.083190 0.018128 0.248960
0.079413 0.020615 0.257489
0.079311 0.020587 0.255725
0.080489 0.012912 0.256152
0.080426 0.016546 0.248851
0.084633 0.018756 0.252302
0.079216 0.014186 0.249857
0.077217 0.017823 0.255949
0.082986 0.019749 0.255473
0.079144 0.012079 0.252064
0.078132 0.014118 0.246559
0.074006 0.015000 0.253474
0.077332 0.014019 0.255428
0.076526 0.015895 0.255166
0.079411 0.013269 0.247600
0.084233 0.018664 0.256573
0.076744 0.015078 0.255207
0.077478 0.015236 0.255673
0.081235 0.019384 0.254997
0.078696 0.011516 0.249918
0.082551 0.018062 0.250934
0.080357 0.016676 0.250357
0.080837 0.014268 0.258307
0.082844 0.018016 0.252089
0.085114 0.019070 0.252405
0.081665 0.016658 0.252378
0.080224 0.020567 0.256632
0.081012 0.015070 0.256920
0.074816 0.014201 0.253925
0.077946 0.011796 0.249591
0.079266 0.012421 0.250366
0.082608 0.019460 0.254196
0.079097 0.013255 0.256826
0.084595 0.019343 0.254750
0.078288 0.020568 0.257285
0.077257 0.018701 0.255948
0.078194 0.015093 0.256125
0.080296 0.012535 0.256576
0.077927 0.013971 0.247400
0.079558 0.013767 0.249546
0.080855 0.013670 0.256716
0.082481 0.019536 0.253114
0.081966 0.017190 0.252930
0.084162 0.018514 0.248952
0.073205 0.015818 0.253100
0.080811 0.014334 0.257956
0.081388 0.017446 0.251012
0.076872 0.015726 0.255365
0.084645 0.018579 0.256003
0.079816 0.014034 0.248120
0.083373 0.019576 0.252125
0.079347 0.013760 0.252748
0.077022 0.020066 0.256112
0.082899 0.017320 0.255610
0.079462 0.019173 0.257539
0.084750 0.019037 0.253986
0.080172 0.016145 0.248543
0.078782 0.021111 0.257408
0.079032 0.018726 0.257325
0.078465 0.014924 0.256286
0.083346 0.019559 0.253775
0.084401 0.018201 0.255909
0.083836 0.018638 0.251150
0.084054 0.018554 0.253005
0.084192 0.018046 0.256983
0.083324 0.017913 0.253760
0.080443 0.019723 0.254935
0.079994 0.014516 0.253823
0.080473 0.016396 0.258556
0.077554 0.013889 0.247375
0.074154 0.015339 0.253581
0.077689 0.017558 0.256244
0.083665 0.017775 0.256258
0.081063 0.014543 0.255299
0.084958 0.019189 0.253029
0.078584 0.010600 0.250339
0.079986 0.016143 0.257776
0.079810 0.012748 0.253648
0.078975 0.015285 0.256784
0.077810 0.010930 0.249999
0.082980 0.017979 0.253467
0.076703 0.013717 0.246686
0.085013 0.019172 0.255005
0.080819 0.014242 0.256771
0.079507 0.013910 0.252695
0.085273 0.019745 0.252226
0.081892 0.015792 0.256235
0.082579 0.017187 0.254202
0.078533 0.015689 0.256496
0.079381 0.014060 0.257201
0.076124 0.014756 0.254725
0.078994 0.017154 0.257113
0.080924 0.017673 0.247542
0.080951 0.017055 0.248574
0.085792 0.019588 0.251687
0.074279 0.017775 0.253796
0.080138 0.015385 0.254879
0.077990 0.014111 0.246180
0.080384 0.016138 0.258564
0.079603 0.014693 0.257529
0.081949 0.017417 0.253159
0.077930 0.011356 0.249891
0.076450 0.016728 0.255207
0.081729 0.015084 0.258288
0.076085 0.018400 0.255051
0.085879 0.019175 0.251072
0.079807 0.012250 0.254810
0.082681 0.017701 0.253584
0.075716 0.018516 0.254690
0.078914 0.011575 0.253299
0.078877 0.011660 0.249858
0.075297 0.016789 0.254367
0.084053 0.018404 0.252241
0.080971 0.020338 0.257007
0.081829 0.020267 0.258118
0.079870 0.014876 0.248329
0.084517 0.019378 0.254325
0.079454 0.014680 0.249570
0.079334 0.012875 0.248206
0.078714 0.018941 0.248610
0.079126 0.011238 0.251702
0.080266 0.015834 0.247712
0.079971 0.014783 0.247947
0.079072 0.010946 0.250871
0.081791 0.019597 0.253063
0.079598 0.014097 0.249467
0.082196 0.016706 0.254497
0.075975 0.014503 0.254564
0.083429 0.017797 0.254022
0.080396 0.019225 0.258233
0.077304 0.013544 0.248299
0.079831 0.012850 0.249207
0.082508 0.017700 0.253318
0.082730 0.016802 0.256275
0.079635 0.014086 0.249280
0.076967 0.013344 0.255146
0.082725 0.019575 0.252795
0.075089 0.016650 0.254252
0.073990 0.018213 0.253628
0.081427 0.020199 0.256808
0.085017 0.019388 0.253129
0.083974 0.018290 0.256437
0.078912 0.018540 0.257249
0.082463 0.016506 0.255492
0.079372 0.012153 0.253443
0.085172 0.018945 0.251945
0.079291 0.013675 0.256903
0.081545 0.017528 0.251304
0.078402 0.012761 0.248861
0.076195 0.017971 0.255120
0.074436 0.015648 0.253771
0.077798 0.016908 0.256311
0.080183 0.012286 0.256208
0.079359 0.013842 0.256995
0.074639 0.019220 0.253970
0.079338 0.014891 0.249632
0.082727 0.017167 0.254870
0.073765 0.015144 0.253384
0.086312 0.019241 0.250011
0.080450 0.016326 0.254396
0.077309 0.015364 0.255577
0.085916 0.019480 0.251416
0.082254 0.019473 0.253807
0.082222 0.017675 0.252932
0.082605 0.017913 0.251323
0.081904 0.017878 0.250150
0.082477 0.016207 0.256844
0.079073 0.014402 0.249929
0.082539 0.017469 0.253910
0.077536 0.016132 0.255842
0.077261 0.014819 0.255506
0.080113 0.019867 0.256153
0.082691 0.017990 0.251246
0.083266 0.018064 0.252663
0.084244 0.018536 0.251760
0.076175 0.016852 0.254958
0.078085 0.012124 0.249386
0.082635 0.018072 0.249054
0.081205 0.016406 0.252004
0.080610 0.019053 0.258549
0.079515 0.015368 0.257223
0.079241 0.013594 0.251322
0.082094 0.017806 0.252102
0.082997 0.018081 0.253032
0.079752 0.015559 0.250328
0.080031 0.016662 0.257738
0.081589 0.015769 0.255316
0.079564 0.015226 0.249214
0.076638 0.016241 0.255315
0.073180 0.015348 0.253100
0.083929 0.017971 0.256227
0.076229 0.016970 0.255013
0.073655 0.018522 0.253495
0.074344 0.017322 0.253835
0.082312 0.016824 0.254766
0.074391 0.016566 0.253799
0.077383 0.013675 0.248220
0.079664 0.013537 0.249382
0.084562 0.018647 0.257687
0.083991 0.018496 0.252778
0.084851 0.018684 0.251437
0.083473 0.017853 0.254291
0.079638 0.014274 0.248198
0.075744 0.014383 0.254365
0.079843 0.018729 0.257765
0.080351 0.012621 0.256335
0.080004 0.014346 0.247949
0.078065 0.015658 0.256137
0.074704 0.019030 0.254024
0.077720 0.018518 0.247666
0.084347 0.018951 0.257393
0.083765 0.018371 0.249485
0.078631 0.012260 0.249209
0.079968 0.015010 0.254660
0.079751 0.013242 0.248666
0.080038 0.017621 0.246867
0.084526 0.018337 0.254991
0.073673 0.015598 0.253368
0.075393 0.018871 0.254465
0.085067 0.018751 0.255416
0.079899 0.015248 0.248324
0.082301 0.016475 0.255952
0.076726 0.013656 0.247384
0.080375 0.013523 0.247856
0.079984 0.015491 0.248139
0.084336 0.018608 0.252204
0.084709 0.019203 0.254529
0.073120 0.016124 0.252994
0.085581 0.019697 0.251979
0.074167 0.018618 0.253749
0.074577 0.015136 0.253816
0.084115 0.018502 0.251668
0.077580 0.019051 0.256214
0.079103 0.020182 0.257453
0.081773 0.017293 0.252733
0.080426 0.015894 0.254732
0.080668 0.020446 0.258084
0.075130 0.015746 0.254233
0.075862 0.017143 0.254758
0.086084 0.018700 0.250202
0.077600 0.018587 0.256212
0.075968 0.013006 0.247252
0.082610 0.017947 0.252320
0.080672 0.019673 0.254161
0.085416 0.019579 0.249324
0.084879 0.018737 0.251865
0.081982 0.015903 0.256429
0.079572 0.017596 0.246846
0.082688 0.018084 0.249764
0.081433 0.015683 0.255481
0.080988 0.017873 0.248152
0.079862 0.018874 0.248132
0.084094 0.018527 0.253247
0.080499 0.018889 0.258266
0.083587 0.019493 0.257386
0.077901 0.018460 0.256477
0.082390 0.019410 0.254422
0.077716 0.019632 0.256594
0.080421 0.013740 0.247833
0.081724 0.016392 0.254627
0.083827 0.018369 0.253326
0.081550 0.017686 0.249335
0.081129 0.014907 0.256349
0.075544 0.016398 0.254467
0.073819 0.017824 0.253535
0.084454 0.018740 0.257407
0.079820 0.020070 0.258035
0.077131 0.012663 0.248735
0.077668 0.011571 0.249684
0.079074 0.011272 0.250431
0.084093 0.017519 0.257284
0.076740 0.013662 0.247179
0.081226 0.020387 0.258136
0.082397 0.017887 0.251294
0.081089 0.014929 0.256543
0.081956 0.017237 0.253596
0.078032 0.019933 0.256950
0.074606 0.015895 0.253885
0.079952 0.019894 0.255685
0.077236 0.013848 0.247115
0.077008 0.017819 0.255782
0.082320 0.016553 0.253032
0.079678 0.015307 0.254542
0.080055 0.015998 0.249386
0.080118 0.016796 0.257899
0.081779 0.017809 0.250635
0.080353 0.015584 0.251651
0.084948 0.018777 0.254774
0.078211 0.015813 0.256283
0.078298 0.017777 0.256714
0.080753 0.013970 0.257590
0.078870 0.014176 0.256412
0.079067 0.010623 0.251575
0.077118 0.018174 0.255850
0.079416 0.021042 0.257059
0.080657 0.014449 0.254937
0.079102 0.012465 0.252011
0.080376 0.012939 0.255845
0.079372 0.013539 0.251854
0.079641 0.012991 0.253426
0.076769 0.013575 0.254972
0.079342 0.021295 0.256591
0.080190 0.016367 0.249830
0.082925 0.018075 0.251423
0.078428 0.014581 0.256160
0.079263 0.013098 0.250481
0.081005 0.014682 0.257879
0.076896 0.016285 0.255494
0.080030 0.015924 0.250532
0.075113 0.020421 0.251572
0.081720 0.019650 0.255583
0.076577 0.018871 0.255444
0.084576 0.019344 0.254565
0.085733 0.019449 0.251937
0.079906 0.014909 0.258422
0.076068 0.016577 0.254855
0.079728 0.014527 0.248913
0.081150 0.019336 0.255329
0.080109 0.014602 0.254514
0.073653 0.017116 0.253417
0.079224 0.012517 0.250644
0.078332 0.019355 0.256920
0.077333 0.018312 0.256049
0.080124 0.015968 0.248316
0.081597 0.015604 0.256361
0.080237 0.016312 0.249575
0.080374 0.015459 0.247322
0.082595 0.016865 0.256045
0.084115 0.018179 0.254208
0.079302 0.012071 0.249738
0.080032 0.015386 0.247879
0.079718 0.014190 0.251958
0.078674 0.014051 0.246568
0.082471 0.019571 0.252435
0.084190 0.019171 0.256446
0.080365 0.019650 0.255270
0.077212 0.019439 0.255912
0.078699 0.011005 0.250187
0.080498 0.019485 0.258515
0.079893 0.015085 0.258013
0.083520 0.016997 0.257101
0.080670 0.015806 0.247229
0.079553 0.015213 0.250626
0.082590 0.015993 0.258064
0.082118 0.019414 0.254231
0.080612 0.013449 0.258249
0.085077 0.018659 0.255242
0.081865 0.017876 0.249415
0.077115 0.015936 0.255541
0.073618 0.017924 0.253394
0.080436 0.018967 0.248648
0.080618 0.016751 0.258579
0.079220 0.012974 0.247994
0.084950 0.019266 0.253255
0.079303 0.013847 0.256823
0.083312 0.016902 0.257651
0.079468 0.014078 0.249663
0.079158 0.011741 0.250199
0.084516 0.018790 0.253244
0.082888 0.017322 0.255885
0.082241 0.016709 0.254828
0.080395 0.012872 0.256694
0.079403 0.014557 0.256905
0.082458 0.015780 0.258240
0.078987 0.011606 0.252946
0.079902 0.013330 0.254531
0.086390 0.019242 0.249729
0.075934 0.013072 0.247806
0.075856 0.014125 0.254440
0.083610 0.018073 0.253629
0.079344 0.014783 0.256826
0.080301 0.018754 0.247899
0.080458 0.019299 0.255930
0.084033 0.018214 0.253926
0.080543 0.013148 0.255899
0.075697 0.015959 0.254569
0.074956 0.014547 0.254001
0.080540 0.019256 0.250317
0.080840 0.018731 0.248736
0.079804 0.015826 0.254461
0.081004 0.017081 0.247569
0.082767 0.016931 0.255405
0.083808 0.017252 0.257220
0.082762 0.016317 0.257750
0.078272 0.018403 0.256769
0.082325 0.018006 0.249911
0.077918 0.019508 0.256746
0.083712 0.017941 0.254945
0.076533 0.013803 0.254786
0.080793 0.018616 0.248156
0.083192 0.018155 0.253236
0.080816 0.020339 0.258277
0.083972 0.017323 0.257534
0.080652 0.013640 0.257630
0.082086 0.016550 0.254277
0.080790 0.014254 0.257681
0.076901 0.014241 0.255106
0.080307 0.016377 0.249298
0.079657 0.012342 0.253653
0.077432 0.020454 0.256718
0.079089 0.010845 0.251798
0.079142 0.011715 0.252412
0.080374 0.013816 0.254941
0.084789 0.018678 0.250715
0.084087 0.018591 0.252673
0.075647 0.013589 0.254303
0.083522 0.018157 0.252495
0.078957 0.013140 0.256488
0.082994 0.017504 0.255791
0.082462 0.016368 0.256614
0.083798 0.018227 0.253515
0.081013 0.019541 0.254632
0.083673 0.018642 0.251011
0.084433 0.018863 0.257659
0.079806 0.015816 0.249721
0.073696 0.016155 0.253511
0.082325 0.017214 0.253986
0.081805 0.017227 0.252376
0.078324 0.018620 0.256815
0.079356 0.013721 0.257265
0.083465 0.017804 0.255924
0.080978 0.014525 0.258248
0.082553 0.020072 0.257916
0.077231 0.020298 0.256473
0.080794 0.014014 0.257362
0.080316 0.015996 0.251455
0.079692 0.012621 0.248741
0.082978 0.017444 0.254180
0.082401 0.017905 0.251805
0.073361 0.016177 0.253193
0.080061 0.020264 0.256232
0.077620 0.016873 0.256195
0.077591 0.013687 0.255522
0.083479 0.017884 0.255676
0.081631 0.016260 0.253831
0.080064 0.016058 0.249592
0.076720 0.013584 0.247604
0.081931 0.016433 0.254912
0.079295 0.013118 0.247716
0.083262 0.018313 0.248770
0.079685 0.014094 0.252193
0.078986 0.020818 0.255662
0.080325 0.018956 0.248271
0.077882 0.015010 0.255862
0.078877 0.012714 0.248689
0.081340 0.015156 0.255356
0.080480 0.019882 0.258660
0.083529 0.017812 0.254168
0.079397 0.012340 0.249905
0.083165 0.018330 0.250429
0.076401 0.014859 0.254931
0.079496 0.013318 0.253354
0.086423 0.019210 0.249604
0.079361 0.019260 0.249643
0.084760 0.018968 0.252915
0.085117 0.019462 0.252912
0.079974 0.019753 0.256162
0.076960 0.014536 0.255253
0.077909 0.015673 0.256029
0.080628 0.016573 0.248168
0.079993 0.019070 0.249078
0.075616 0.018661 0.254524
0.073870 0.016456 0.253611
0.079802 0.013857 0.253774
0.079045 0.011628 0.252070
0.080455 0.020211 0.256313
0.083138 0.019773 0.257492
0.079950 0.015349 0.254156
0.084633 0.018893 0.255910
0.076739 0.016036 0.255321
0.077983 0.014209 0.255728
0.082531 0.016111 0.257266
0.083141 0.018060 0.252826
0.086129 0.018376 0.249916
0.081059 0.020211 0.258388
0.080558 0.015940 0.247532
0.082861 0.018200 0.250383
0.083041 0.018093 0.251699
0.081898 0.017546 0.253614
0.080858 0.020482 0.257740
0.078554 0.013959 0.247503
0.082413 0.016378 0.256419
0.082571 0.016649 0.255378
0.076885 0.013185 0.248269
0.079084 0.013350 0.256517
0.084277 0.018265 0.257100
0.083574 0.019621 0.254215
0.074941 0.016765 0.254177
0.080830 0.019382 0.255719
0.079118 0.011471 0.252125
0.082197 0.017088 0.253812
0.081041 0.014728 0.255215
0.082248 0.015780 0.257311
0.080944 0.014535 0.258065
0.083945 0.018037 0.256498
0.078957 0.020458 0.257410
0.078864 0.013439 0.247749
0.084278 0.018692 0.250842
0.077352 0.013824 0.245981
0.084498 0.018486 0.248706
0.079632 0.015504 0.257374
0.085865 0.019618 0.251285
0.085965 0.019428 0.251083
0.080741 0.015712 0.254922
0.084597 0.018460 0.255039
0.083199 0.017631 0.254290
0.083408 0.018137 0.252706
0.082958 0.017429 0.254868
0.079685 0.013989 0.253156
0.074907 0.018640 0.254239
0.084576 0.018846 0.253798
0.072997 0.017079 0.253041
0.083564 0.018538 0.251111
0.079499 0.013260 0.253898
0.075106 0.017094 0.254262
0.082953 0.019574 0.252179
0.083955 0.018432 0.251752
0.073845 0.018632 0.253617
0.082228 0.017748 0.252502
0.079707 0.013523 0.248745
0.073380 0.018144 0.253263
0.079348 0.015256 0.249553
0.083929 0.019612 0.254267
0.082739 0.019515 0.253236
0.082586 0.019465 0.253738
0.082417 0.017675 0.253156
0.080602 0.020041 0.258525
0.084557 0.018613 0.254286
0.079263 0.012049 0.249926
0.080004 0.016511 0.257740
0.075986 0.013506 0.254487
0.082151 0.017859 0.251860
0.083247 0.016750 0.257036
0.081512 0.017688 0.250091
0.081532 0.015568 0.255277
0.079692 0.020727 0.257334
0.080084 0.015600 0.258214
0.082460 0.018133 0.248883
0.078107 0.020736 0.257230
0.079688 0.014977 0.257365
0.079077 0.014462 0.250159
0.073998 0.015704 0.253606
0.078047 0.016242 0.256265
0.078775 0.017346 0.257012
0.083708 0.019639 0.254890
0.078163 0.013761 0.248417
0.083591 0.018500 0.250451
0.079073 0.011855 0.253038
0.079425 0.017384 0.246454
0.084571 0.018644 0.251677
0.084557 0.018687 0.251372
0.081940 0.015824 0.256717
0.074812 0.014475 0.253923
0.077811 0.015380 0.255882
0.079832 0.019986 0.255073
0.077679 0.017066 0.256294
0.079635 0.012769 0.249778
0.081195 0.019594 0.254068
0.082397 0.019509 0.253383
0.073716 0.017483 0.253490
0.078246 0.014038 0.247274
0.082794 0.016452 0.257332
0.075050 0.017672 0.254202
0.078384 0.014090 0.247032
0.079523 0.012770 0.248510
0.078304 0.013449 0.248571
0.079489 0.013333 0.253017
0.080871 0.014537 0.256737
0.080446 0.015642 0.247164
0.080058 0.012344 0.255513
0.084447 0.019437 0.253927
0.080194 0.020552 0.257601
0.079938 0.020742 0.256823
0.082793 0.017974 0.251826
0.077719 0.014128 0.246222
0.074588 0.018053 0.253978
0.078578 0.013720 0.248090
0.073812 0.018041 0.253478
0.081029 0.014249 0.255449
0.085614 0.019305 0.252136
0.082307 0.016576 0.253768
0.084185 0.018363 0.256480
0.080430 0.019727 0.254206
0.079152 0.017186 0.257219
0.082219 0.019793 0.255604
0.079167 0.013175 0.247661
0.079762 0.012913 0.249516
0.080981 0.014780 0.256837
0.082576 0.019767 0.255346
0.073696 0.014878 0.253368
0.081906 0.019535 0.253535
0.082268 0.015969 0.256939
0.079589 0.019102 0.249074
0.081028 0.017234 0.249356
0.079183 0.013215 0.251713
0.075958 0.015795 0.254740
0.079760 0.014467 0.248731
0.081974 0.017775 0.252024
0.077790 0.020418 0.256957
0.076064 0.019834 0.255329
0.082175 0.017986 0.249540
0.076775 0.019641 0.255499
0.080877 0.013850 0.255951
0.079295 0.020366 0.257568
0.085585 0.019580 0.249304
0.078081 0.020296 0.257081
0.080910 0.017133 0.247906
0.080618 0.016765 0.249002
0.078633 0.019051 0.257067
0.078127 0.014701 0.255965
0.078212 0.015497 0.256218
0.079542 0.012508 0.249786
0.080478 0.016746 0.249773
0.082168 0.020186 0.257814
0.079816 0.012434 0.253808
0.080899 0.017843 0.247848
0.077617 0.020199 0.256751
0.080139 0.012628 0.255319
0.078060 0.013002 0.255577
0.080097 0.016156 0.250438
0.078390 0.020692 0.257374
0.080285 0.015861 0.258630
0.075930 0.016235 0.254761
0.080064 0.014939 0.247534
0.085391 0.019128 0.252123
0.078716 0.016122 0.256759
0.083033 0.018286 0.250798
0.079151 0.011970 0.249702
0.074652 0.017422 0.254024
0.084630 0.018334 0.257716
0.080258 0.020432 0.256426
0.084227 0.018959 0.257172
0.080239 0.012976 0.255188
0.080225 0.016356 0.258084
0.082556 0.017859 0.252700
0.081208 0.015914 0.252573
0.076591 0.013171 0.248126
0.080601 0.013430 0.258417
0.083035 0.019501 0.253772
0.079094 0.010872 0.251439
0.074459 0.018721 0.253857
0.085798 0.019636 0.250917
0.080722 0.016800 0.248557
0.085356 0.019095 0.254921
0.082792 0.019702 0.255079
0.079037 0.012085 0.249388
0.080737 0.014002 0.258294
0.074746 0.015342 0.253951
0.081845 0.017393 0.253440
0.079248 0.015079 0.256916
0.080986 0.017160 0.250893
0.079977 0.015211 0.247877
0.079316 0.013339 0.247360
0.080151 0.018213 0.258042
0.078404 0.014083 0.246510
0.083548 0.018214 0.253344
0.083321 0.017825 0.254438
0.079683 0.017402 0.257681
0.084209 0.019563 0.253925
0.082974 0.016595 0.257688
0.080985 0.016769 0.247702
0.079436 0.012797 0.252818
0.073514 0.014603 0.253313
0.080820 0.016853 0.248112
0.080902 0.013883 0.256337
0.080907 0.018961 0.249349
0.084526 0.018352 0.256184
0.074637 0.015546 0.253896
0.075960 0.012931 0.248202
0.081514 0.018028 0.248871
0.079305 0.012774 0.250378
0.084466 0.018217 0.255184
0.079098 0.012586 0.251139
0.081038 0.019556 0.251935
0.081441 0.017591 0.250391
0.080535 0.015547 0.253573
0.084128 0.018546 0.250349
0.084927 0.018632 0.250544
0.081386 0.019432 0.254683
0.077804 0.017803 0.256385
0.079776 0.012554 0.254342
0.079811 0.012616 0.253913
0.079036 0.018302 0.257257
0.079441 0.014490 0.257736
0.079828 0.020509 0.257717
0.082462 0.016990 0.254371
0.080198 0.016210 0.251069
0.080465 0.016517 0.248173
0.079189 0.015018 0.249735
0.080101 0.019869 0.254962
0.080154 0.015504 0.247638
0.080217 0.015945 0.248052
0.085024 0.018753 0.250716
0.083738 0.017921 0.255723
0.076849 0.017007 0.255534
0.081289 0.017624 0.248783
0.079501 0.015467 0.254481
0.079006 0.011716 0.252763
0.081095 0.015272 0.256996
0.079989 0.014951 0.247728
0.074387 0.013887 0.253732
0.076770 0.014099 0.254972
0.082245 0.017859 0.251610
0.082816 0.017130 0.255081
0.085479 0.018498 0.250148
0.076401 0.013451 0.247534
0.079628 0.019937 0.257816
0.080346 0.019370 0.255899
0.081513 0.017638 0.250552
0.083811 0.019605 0.253820
0.080215 0.019028 0.248809
0.079455 0.014961 0.249464
0.080574 0.017685 0.258257
0.083450 0.018226 0.249439
0.080931 0.016343 0.247559
0.079750 0.012865 0.248709
0.084767 0.019033 0.253250
0.080945 0.020112 0.256352
0.079808 0.014792 0.258102
0.076775 0.017734 0.255578
0.079495 0.014788 0.250771
0.085674 0.019566 0.249195
0.084965 0.018811 0.250918
0.079834 0.015195 0.257597
0.081441 0.015503 0.255342
0.076751 0.013432 0.247900
0.083474 0.018626 0.248896
0.078576 0.011415 0.249945
0.076137 0.015152 0.254790
0.076866 0.015429 0.255326
0.080638 0.013804 0.247616
0.079895 0.015535 0.257631
0.077018 0.013659 0.247750
0.080276 0.013481 0.247540
0.079037 0.012603 0.251437
0.078171 0.019323 0.256840
0.082359 0.016593 0.253290
0.078948 0.015780 0.256855
0.080979 0.017351 0.247991
0.082782 0.016591 0.256552
0.082248 0.018061 0.248984
0.081092 0.015094 0.257097
0.084389 0.018748 0.256283
0.080884 0.019640 0.254023
0.080987 0.014689 0.256537
0.083969 0.019608 0.253356
0.083572 0.017059 0.257415
0.079113 0.011746 0.249968
0.083616 0.018574 0.250833
0.079241 0.017361 0.246128
0.079134 0.017968 0.257322
0.082534 0.017703 0.253172
0.084317 0.018336 0.254346
0.081519 0.017696 0.249705
0.083741 0.018534 0.251307
0.081895 0.017504 0.253414
0.080085 0.015212 0.254833
0.080615 0.012990 0.257078
0.084474 0.018599 0.254077
0.079173 0.013579 0.257896
0.076584 0.014505 0.254963
0.084287 0.018612 0.253404
0.080850 0.016644 0.247912
0.080798 0.015942 0.254861
0.075783 0.019386 0.254958
0.080021 0.018913 0.257813
0.083482 0.017561 0.256420
0.079166 0.012625 0.250877
0.080483 0.016577 0.251191
0.074178 0.016822 0.253727
0.079297 0.019322 0.257472
0.075895 0.016457 0.254706
0.077136 0.013703 0.255272
0.080909 0.016574 0.251609
0.079422 0.013241 0.250121
0.080981 0.017486 0.247768
0.080506 0.013285 0.255269
0.080512 0.017734 0.246815
0.075845 0.018542 0.254839
0.082367 0.016905 0.254233
0.082569 0.017091 0.254498
0.077214 0.016801 0.255811
0.081128 0.014901 0.257953
0.079749 0.016597 0.257551
0.084698 0.019243 0.253981
0.079657 0.015145 0.254499
0.078682 0.015528 0.256589
0.079264 0.015197 0.249817
0.080852 0.014305 0.257513
0.080136 0.019866 0.254764
0.085679 0.019221 0.251882
0.074787 0.018832 0.254142
0.081643 0.015579 0.257027
0.079962 0.019843 0.254348
0.085839 0.019335 0.251620
0.081377 0.015499 0.256938
0.079108 0.011461 0.250293
0.082056 0.016484 0.255047
0.084556 0.018645 0.252013
0.079652 0.013171 0.254307
0.079027 0.011428 0.250165
0.079477 0.013148 0.252695
0.084254 0.019186 0.256178
0.082275 0.016800 0.253586
0.082606 0.016709 0.255509
0.074973 0.014171 0.253997
0.084273 0.018658 0.253657
0.081071 0.014371 0.256040
0.078517 0.018526 0.256975
0.082603 0.016992 0.254930
0.083184 0.018058 0.252385
0.078044 0.014149 0.246920
0.079176 0.019288 0.257391
0.079774 0.015728 0.254312
0.077324 0.019754 0.256219
0.075176 0.018576 0.254378
0.078878 0.019732 0.257263
0.080419 0.019563 0.256015
0.076944 0.019667 0.255736
0.078435 0.013226 0.255852
0.074073 0.017573 0.253675
0.077104 0.011819 0.249083
0.073368 0.015660 0.253240
0.086324 0.018741 0.249906
0.084280 0.017850 0.257243
0.084138 0.018508 0.252527
0.084957 0.018546 0.255521
0.078614 0.021489 0.256106
0.080202 0.016212 0.249082
0.079949 0.015577 0.251281
0.079242 0.016000 0.257102
0.079068 0.016238 0.257007
0.076880 0.018266 0.255634
0.083656 0.017886 0.254082
0.076383 0.018682 0.255286
0.084670 0.018490 0.249851
0.080435 0.013550 0.247711
0.079111 0.012288 0.251119
0.083780 0.019349 0.257060
0.079880 0.015717 0.250564
0.077037 0.017469 0.255779
0.083515 0.017376 0.256630
0.079304 0.020999 0.256159
0.079575 0.014679 0.257361
0.079080 0.012623 0.251798
0.080353 0.016644 0.250703
0.082122 0.015562 0.257647
0.080157 0.016154 0.257995
0.077919 0.018856 0.256449
0.078896 0.011346 0.252965
0.079060 0.010801 0.251152
0.078408 0.020928 0.257432
0.076232 0.017241 0.255045
0.079110 0.011815 0.253482
0.080227 0.012600 0.255977
0.084463 0.018584 0.251776
0.073958 0.015366 0.253497
0.077487 0.019907 0.256453
0.082804 0.019470 0.253801
0.074240 0.014273 0.253676
0.075745 0.012502 0.247469
0.077630 0.013569 0.248318
0.078809 0.020389 0.255018
0.081999 0.016138 0.255387
0.080555 0.020333 0.256455
0.080033 0.015903 0.248555
0.085362 0.018931 0.251664
0.079407 0.016065 0.257239
0.074596 0.014643 0.253830
0.078050 0.017551 0.256498
0.084694 0.018853 0.254139
0.081012 0.013959 0.255630
0.082414 0.017839 0.252411
0.080828 0.016955 0.248918
0.083014 0.016585 0.256809
0.077503 0.018748 0.256117
0.075584 0.017817 0.254610
0.085255 0.019263 0.252585
0.076522 0.015122 0.255069
0.079207 0.012200 0.250603
0.079212 0.019936 0.257464
0.079991 0.015161 0.247574
0.073267 0.017489 0.253256
0.083946 0.018692 0.250901
0.078341 0.011067 0.250071
0.077573 0.019690 0.256439
0.084778 0.018658 0.251601
0.076320 0.016704 0.255101
0.079710 0.020861 0.257052
0.081033 0.016660 0.247522
0.084839 0.018770 0.251177
0.080735 0.014091 0.258040
0.084251 0.018506 0.252034
0.082662 0.017943 0.251510
0.081987 0.017787 0.251723
0.082125 0.017515 0.253839
0.075749 0.012637 0.247823
0.080531 0.019644 0.255053
0.080267 0.016538 0.250055
0.078283 0.013593 0.255832
0.081854 0.017601 0.252136
0.078437 0.011619 0.249787
0.084660 0.018440 0.249059
0.079962 0.017230 0.257851
0.080311 0.018176 0.247364
0.082873 0.017136 0.256052
0.076131 0.013034 0.248109
0.080491 0.016651 0.249265
0.084832 0.018755 0.254625
0.081118 0.017340 0.248582
0.080647 0.013372 0.257304
0.076647 0.018368 0.255435
0.086301 0.019343 0.249539
0.080587 0.013163 0.258233
0.079642 0.013424 0.254003
0.080949 0.014702 0.257133
0.079468 0.020313 0.255482
0.080392 0.019358 0.255987
0.082710 0.017250 0.254482
0.081191 0.014835 0.256135
0.080922 0.016358 0.251788
0.076351 0.013455 0.246977
0.083414 0.018388 0.250145
0.079102 0.011159 0.251122
0.079254 0.013520 0.257088
0.079639 0.013720 0.253490
0.079494 0.014432 0.257221
0.078419 0.013748 0.248402
0.076428 0.020025 0.255529
0.079491 0.012671 0.253089
0.084812 0.018932 0.252638
0.083248 0.017756 0.255606
0.079172 0.012023 0.252597
0.076704 0.016664 0.255407
0.077054 0.015213 0.255418
0.079601 0.012353 0.249362
0.085310 0.018881 0.251376
0.079654 0.018484 0.257696
0.080953 0.013861 0.255728
0.081189 0.017433 0.248765
0.080097 0.015730 0.254681
0.080199 0.015886 0.258314
0.086302 0.019414 0.249652
0.084950 0.018688 0.251600
0.082358 0.017884 0.252106
0.082307 0.019575 0.252951
0.082390 0.016704 0.255912
0.078316 0.015390 0.256280
0.082829 0.017417 0.254075
0.085918 0.019545 0.250314
0.079814 0.015945 0.254281
0.079782 0.020450 0.256127
0.082076 0.017908 0.250764
0.079994 0.013497 0.247496
0.082332 0.016920 0.253937
0.079371 0.016578 0.257278
0.076367 0.013492 0.247284
0.074025 0.015873 0.253671
0.081297 0.016126 0.254956
0.080122 0.014146 0.254387
0.084747 0.019019 0.253521
0.078637 0.016959 0.256870
0.077491 0.019341 0.256182
0.081077 0.016446 0.251823
0.079620 0.015747 0.249407
0.078333 0.017403 0.256656
0.076515 0.018221 0.255366
0.080747 0.014150 0.256648
0.075520 0.014050 0.254247
0.075492 0.015140 0.254343
0.079655 0.014201 0.248845
0.084821 0.018875 0.252400
0.081291 0.017026 0.251494
0.079974 0.015918 0.248903
0.078451 0.016546 0.256672
0.080203 0.019488 0.258160
0.078642 0.017590 0.256941
0.077691 0.019341 0.256418
0.081300 0.017492 0.249174
0.080591 0.013544 0.257832
0.083843 0.017975 0.255938
0.076574 0.013612 0.246484
0.080414 0.016332 0.248190
0.081738 0.017067 0.252305
0.080344 0.020248 0.258282
0.084380 0.017808 0.257397
0.081457 0.015043 0.258147
0.074438 0.016310 0.253826
0.081736 0.019428 0.255196
0.077792 0.014026 0.247023
0.080795 0.017855 0.247471
0.078681 0.013679 0.256045
0.086140 0.018302 0.249765
0.078866 0.013738 0.247255
0.081492 0.015597 0.255237
0.079943 0.018600 0.257855
0.078929 0.011018 0.250331
0.075907 0.014927 0.254584
0.079522 0.013415 0.253637
0.079628 0.014548 0.258812
0.080140 0.018530 0.257972
0.080656 0.013276 0.255781
0.081818 0.017432 0.252617
0.082282 0.019663 0.255248
0.080522 0.017069 0.258329
0.082175 0.017938 0.250567
0.082771 0.016226 0.258180
0.081425 0.020379 0.257782
0.085022 0.019164 0.252746
0.075675 0.016256 0.254549
0.081811 0.017388 0.252321
0.083572 0.018021 0.254499
0.079574 0.020282 0.257757
0.083364 0.017792 0.254947
0.080834 0.013553 0.256091
0.082303 0.015565 0.258221
0.079989 0.016001 0.249854
0.081939 0.015494 0.257560
0.075975 0.018992 0.255011
0.082219 0.017962 0.250355
0.080732 0.019594 0.254823
0.080610 0.016096 0.254699
0.079226 0.013750 0.258038
0.083401 0.019221 0.249970
0.078780 0.015011 0.256564
0.083738 0.019620 0.255294
0.080698 0.013820 0.258507
0.072729 0.017433 0.253003
0.082039 0.020147 0.257192
0.078883 0.010387 0.250865
0.086344 0.019037 0.249970
0.077223 0.017550 0.255936
0.080474 0.018603 0.258328
0.078987 0.013620 0.256418
0.082606 0.016658 0.256309
0.075043 0.015274 0.254112
0.078003 0.013831 0.255732
0.082099 0.017724 0.252300
0.084388 0.018597 0.251667
0.082398 0.016587 0.256171
0.081282 0.019543 0.254348
0.080233 0.018974 0.258000
0.079642 0.014068 0.249084
0.082269 0.020168 0.258083
0.079775 0.014864 0.248660
0.077266 0.015083 0.255541
0.081234 0.015298 0.256211
0.074532 0.016475 0.253901
0.084446 0.018372 0.254665
0.080311 0.017682 0.246855
0.076485 0.016964 0.255253
0.077384 0.013898 0.246722
0.083583 0.017900 0.255459
0.077770 0.014081 0.255634
0.085213 0.018399 0.249731
0.077428 0.014473 0.255550
0.077267 0.017367 0.255951
0.079880 0.016043 0.257676
0.076141 0.013215 0.246931
0.082859 0.016480 0.257024
0.081738 0.015627 0.256175
0.084265 0.019530 0.254388
0.077882 0.016011 0.256091
0.079940 0.015861 0.250186
0.078756 0.013275 0.256045
0.081419 0.015366 0.257154
0.077520 0.016377 0.255916
0.079355 0.013998 0.258000
0.085358 0.019809 0.251648
0.077824 0.013597 0.248302
0.080081 0.016036 0.249167
0.079401 0.014279 0.257525
0.078645 0.013787 0.247633
0.082036 0.016378 0.255162
0.075831 0.019700 0.255194
0.080322 0.014723 0.254800
0.079839 0.012552 0.253690
0.083210 0.019528 0.253499
0.076185 0.016100 0.254964
0.080410 0.015317 0.254954
0.085225 0.018890 0.250755
0.082783 0.018007 0.253142
0.076453 0.017514 0.255261
0.078743 0.010484 0.250495
0.081221 0.014840 0.255378
0.083481 0.018241 0.252796
0.086057 0.019441 0.250234
0.079657 0.014473 0.258592
0.078116 0.018420 0.256650
0.079611 0.013797 0.249128
0.080618 0.019501 0.255240
0.080187 0.019770 0.254299
0.082267 0.016645 0.255048
0.081211 0.015214 0.256407
0.080676 0.016911 0.250944
0.076699 0.018643 0.255472
0.079198 0.011505 0.251034
0.080118 0.015663 0.247990
0.074637 0.018722 0.253973
0.080781 0.013563 0.255361
0.082009 0.018233 0.248998
0.077187 0.014344 0.255399
0.078906 0.010596 0.250669
0.079591 0.014668 0.257929
0.080782 0.013286 0.256346
0.084562 0.018783 0.252825
0.077405 0.019187 0.256028
0.081207 0.016315 0.254725
0.080923 0.016881 0.247822
0.079454 0.015282 0.250155
0.084005 0.018013 0.255685
0.080148 0.016278 0.254225
0.079586 0.020178 0.255342
0.076246 0.018810 0.255187
0.084208 0.018182 0.254715
0.083298 0.016824 0.256828
0.081528 0.015271 0.257827
0.079628 0.013853 0.248477
0.084177 0.018518 0.253616
0.080171 0.016389 0.250318
0.076142 0.013312 0.247349
0.079147 0.014026 0.256665
0.080420 0.016594 0.249548
0.074993 0.017296 0.254169
0.084887 0.019028 0.255471
0.080895 0.017069 0.249148
0.080842 0.013575 0.255695
0.081530 0.016002 0.255137
0.073060 0.017702 0.253176
0.075728 0.017431 0.254699
0.078142 0.013920 0.248028
0.084388 0.018323 0.256267
0.078849 0.020531 0.255298
0.081483 0.015293 0.255648
0.084184 0.018122 0.255743
0.079008 0.013124 0.247982
0.082490 0.016984 0.254743
0.080668 0.013317 0.255507
0.083258 0.017733 0.254501
0.083595 0.019570 0.252202
0.083263 0.019691 0.255031
0.079070 0.012286 0.251480
0.079061 0.011441 0.252565
0.080629 0.017562 0.258453
0.079405 0.012228 0.249624
0.078000 0.013418 0.255639
0.077529 0.017092 0.256167
0.085431 0.019277 0.252357
0.079804 0.015119 0.248625
0.083517 0.019645 0.254618
0.084161 0.018888 0.256806
0.079979 0.015413 0.254731
0.078204 0.018711 0.256716
0.076163 0.013357 0.247113
0.083458 0.017874 0.254666
0.079302 0.014063 0.258727
0.085115 0.018790 0.251648
0.075324 0.014338 0.254150
0.084144 0.018090 0.255325
0.077452 0.017395 0.256104
0.083392 0.019578 0.253125
0.078472 0.016109 0.256569
0.079125 0.011605 0.250378
0.081437 0.019357 0.255238
0.083378 0.018236 0.249676
0.079829 0.016924 0.257673
0.079598 0.014174 0.248440
0.079894 0.014981 0.258629
0.081165 0.017387 0.250609
0.080256 0.016188 0.254477
0.080042 0.019857 0.254073
0.081088 0.017267 0.248965
0.080848 0.014829 0.255117
0.082357 0.015690 0.257934
0.079108 0.011279 0.251350
0.083602 0.018262 0.249195
0.084709 0.018383 0.255797
0.085357 0.019496 0.252516
0.081715 0.017659 0.251270
0.082237 0.016491 0.253593
0.079366 0.013755 0.249934
0.081795 0.015782 0.256454
0.085292 0.019039 0.255051
0.081285 0.018617 0.249005
0.081833 0.015985 0.255357
0.085782 0.019062 0.250857
0.084599 0.018835 0.253069
0.082942 0.018197 0.250003
0.080977 0.017740 0.258568
0.074435 0.014827 0.253709
0.075446 0.014831 0.254281
0.083067 0.018116 0.249185
0.085911 0.018941 0.250521
0.084473 0.018459 0.256240
0.080011 0.020335 0.258108
0.080841 0.013938 0.256629
0.078569 0.013980 0.247325
0.083107 0.017602 0.255020
0.080074 0.015320 0.257644
0.082923 0.018163 0.248859
0.083363 0.018406 0.251287
0.079095 0.011114 0.252116
0.081827 0.019502 0.253845
0.079743 0.020094 0.255444
0.081832 0.015209 0.258137
0.079629 0.014955 0.248909
0.080499 0.020505 0.257827
0.077913 0.013774 0.248182
0.082992 0.016619 0.257350
0.080763 0.014106 0.257719
0.073021 0.018133 0.253146
0.086208 0.019414 0.249875
0.080860 0.019445 0.255058
0.082548 0.017816 0.253224
0.076238 0.013321 0.247724
0.082178 0.019383 0.251212
0.080096 0.012754 0.255089
0.079214 0.013672 0.258145
0.079168 0.012094 0.249490
0.081874 0.015922 0.255569
0.078817 0.018253 0.257148
0.080520 0.012768 0.257567
0.077190 0.016410 0.255713
0.079292 0.014630 0.250491
0.086209 0.018907 0.250208
0.086132 0.019377 0.250330
0.079301 0.012413 0.249015
0.081689 0.015406 0.257487
0.074972 0.018039 0.254117
0.077259 0.019119 0.255907
0.080700 0.017786 0.258426
0.084717 0.018565 0.254814
0.078456 0.018929 0.256956
0.080976 0.017240 0.249941
0.084299 0.018547 0.250024
0.080080 0.016234 0.250025
0.078814 0.010698 0.250411
0.074633 0.014235 0.253850
0.082115 0.015413 0.258028
0.082150 0.016054 0.256265
0.077957 0.014804 0.255821
0.079344 0.013650 0.257452
0.085797 0.019110 0.251275
0.078547 0.016855 0.256770
0.079396 0.017526 0.257474
0.077706 0.013916 0.247725
0.079622 0.014756 0.249135
0.073710 0.018228 0.253466
0.079928 0.015837 0.257754
0.081112 0.017581 0.248392
0.083851 0.018286 0.252437
0.077512 0.015707 0.255702
0.081890 0.017078 0.252615
0.078808 0.018019 0.257094
0.083424 0.016949 0.257228
0.081300 0.015416 0.256563
0.080851 0.017142 0.250322
0.078195 0.018180 0.256690
0.079555 0.013897 0.248724
0.077164 0.013783 0.247428
0.079417 0.016346 0.257247
0.081260 0.015088 0.256132
0.076301 0.014456 0.254758
0.080665 0.018809 0.248394
0.080156 0.015549 0.258514
0.079267 0.012195 0.249338
0.075595 0.018172 0.254641
0.083106 0.018101 0.252036
0.074122 0.016411 0.253621
0.080791 0.018124 0.247781
0.083931 0.018387 0.251975
0.080589 0.018790 0.248071
0.079615 0.014360 0.248264
0.083292 0.018383 0.251458
0.080686 0.016908 0.249401
0.083716 0.018002 0.253910
0.076018 0.012788 0.248202
0.079039 0.010523 0.251353
0.081709 0.017592 0.251603
0.080841 0.014267 0.257125
0.086404 0.019148 0.249811
0.074719 0.018429 0.254043
0.084022 0.018582 0.251431
0.083771 0.018306 0.252668
0.079201 0.016847 0.257220
0.079899 0.015675 0.248502
0.079644 0.013030 0.248492
0.079836 0.014993 0.254400
0.077715 0.015994 0.255923
0.081182 0.018006 0.248498
0.079752 0.012665 0.253492
0.076894 0.013697 0.247496
0.079472 0.014026 0.258179
0.079217 0.012641 0.248660
0.078033 0.017986 0.256555
0.077238 0.017108 0.255884
0.078825 0.017799 0.246791
0.084336 0.017638 0.257517
0.079659 0.020265 0.255664
0.080397 0.019231 0.255923
0.077020 0.014038 0.255205
0.082510 0.016721 0.255762
0.080562 0.013506 0.258613
0.079342 0.014297 0.250823
0.080598 0.013342 0.257668
0.073244 0.016890 0.253172
0.080253 0.017136 0.258062
0.078321 0.016907 0.256657
0.080930 0.016860 0.251270
0.081171 0.015289 0.257027
0.084752 0.019334 0.253595
0.077426 0.016751 0.255979
0.075382 0.016408 0.254380
0.079263 0.018418 0.257465
0.076248 0.015460 0.254926
0.080234 0.020431 0.258022
0.084281 0.018505 0.249319
0.082515 0.018291 0.248923
0.080614 0.018303 0.247631
0.083215 0.019716 0.256474
0.082623 0.017831 0.253066
0.078757 0.012485 0.248959
0.084300 0.019525 0.254107
0.079868 0.017164 0.257714
0.081013 0.014199 0.255833
0.081985 0.019578 0.252604
0.079597 0.015378 0.251088
0.082718 0.017858 0.253303
0.080509 0.016560 0.248422
0.079613 0.020739 0.256199
0.077771 0.019290 0.256507
0.079769 0.020889 0.256753
0.076308 0.013472 0.254651
0.075711 0.018809 0.254667
0.080603 0.016791 0.249231
0.080003 0.020176 0.258197
0.080304 0.019638 0.258407
0.079767 0.015642 0.250868
0.077012 0.018522 0.255585
0.079626 0.020989 0.256519
0.080179 0.019664 0.256064
0.082560 0.016259 0.257093
0.079262 0.014386 0.256787
0.080544 0.014841 0.254974
0.085150 0.019320 0.252849
0.080155 0.017473 0.258014
0.083873 0.018168 0.253705
0.083750 0.017202 0.257751
0.079265 0.012281 0.250101
0.079562 0.014816 0.248943
0.079885 0.015857 0.249342
0.073125 0.017210 0.253116
0.083237 0.018242 0.249824
0.078702 0.019999 0.257251
0.074991 0.019189 0.254330
0.080548 0.016740 0.249458
0.080928 0.014555 0.257609
0.080752 0.017384 0.258546
0.078469 0.013020 0.255949
0.080211 0.013502 0.247794
0.083065 0.017100 0.256294
0.079181 0.020789 0.255836
0.079930 0.020710 0.256646
0.083684 0.019617 0.252989
0.080601 0.012987 0.257339
0.078385 0.011958 0.249500
0.080493 0.016548 0.258370
0.078548 0.017880 0.256921
0.075336 0.015313 0.254282
0.080371 0.020539 0.257115
0.079743 0.015661 0.250044
0.081156 0.015201 0.256704
0.080761 0.017596 0.258544
0.080984 0.016192 0.254803
0.079778 0.018991 0.257674
0.084276 0.018641 0.252749
0.081592 0.018382 0.248998
0.080284 0.016302 0.254250
0.080842 0.019640 0.254335
0.079707 0.015219 0.254424
0.079880 0.014878 0.258287
0.077702 0.015690 0.255873
0.075936 0.013809 0.254482
0.080936 0.016533 0.247715
0.079589 0.013657 0.248870
0.082836 0.017597 0.253856
0.082259 0.016740 0.254266
0.074747 0.017775 0.254076
0.083073 0.018262 0.251189
0.084016 0.019645 0.252191
0.080989 0.014200 0.256187
0.084319 0.018621 0.252574
0.081197 0.014697 0.255907
0.082054 0.017627 0.252867
0.080883 0.014433 0.257806
0.084957 0.018908 0.252167
0.075758 0.011899 0.247699
0.083263 0.019591 0.252497
0.082929 0.018222 0.250972
0.081347 0.015734 0.255561
0.081388 0.015514 0.256480
0.081483 0.019538 0.253800
0.079424 0.012592 0.250070
0.081883 0.015359 0.257792
0.079146 0.011934 0.251328
0.078655 0.018692 0.257088
0.080626 0.013245 0.257475
0.075437 0.015487 0.254350
0.078501 0.015267 0.256385
0.083867 0.017980 0.255250
0.080912 0.014498 0.257298
0.080331 0.014690 0.247564
0.080185 0.016224 0.248799
0.081172 0.014736 0.258480
0.080490 0.019405 0.255551
0.080126 0.016254 0.254304
0.082648 0.017983 0.252518
0.075223 0.014647 0.254134
0.084391 0.018436 0.254403
0.077204 0.013857 0.246673
0.081174 0.014798 0.258201
0.079626 0.013289 0.248253
0.080515 0.019946 0.256185
0.081007 0.014868 0.257683
0.079179 0.012137 0.252325
0.079854 0.017409 0.246598
0.082234 0.016084 0.256608
0.084071 0.018098 0.255047
0.084021 0.018614 0.250635
0.084329 0.018559 0.257142
0.082902 0.017986 0.252697
0.083904 0.017462 0.257005
0.082048 0.016566 0.254652
0.083631 0.018440 0.251519
0.081247 0.017204 0.251147
0.080594 0.013314 0.257981
0.075811 0.016606 0.254628
0.079820 0.019884 0.254510
0.081205 0.015337 0.256895
0.075004 0.018404 0.254249
0.079119 0.011544 0.251514
0.076005 0.019454 0.255189
0.082891 0.018146 0.251186
0.080226 0.020603 0.256879
0.080978 0.017233 0.247220
0.080816 0.017107 0.250705
0.080877 0.019654 0.253859
0.079515 0.012096 0.253912
0.081595 0.019514 0.254115
0.079539 0.013150 0.253718
0.079576 0.020495 0.255885
0.078376 0.015134 0.256260
0.084790 0.019124 0.253699
0.074441 0.017742 0.253920
0.078333 0.013959 0.247534
0.079183 0.018793 0.257409
0.076277 0.017631 0.255147
0.083083 0.016726 0.256641
0.080226 0.017907 0.247110
0.079250 0.019661 0.257454
0.080446 0.017792 0.258219
0.083646 0.017195 0.257932
0.079087 0.013472 0.247300
0.076919 0.018796 0.255653
0.080320 0.013573 0.247899
0.082066 0.017315 0.253810
0.080009 0.019556 0.257982
0.081086 0.015984 0.254950
0.080876 0.013962 0.255208
0.081029 0.014026 0.255528
0.077185 0.015487 0.255516
0.075720 0.013003 0.247906
0.077555 0.011250 0.249769
0.079134 0.011795 0.252201
0.078882 0.012017 0.249462
0.079408 0.011939 0.254153
0.085286 0.018911 0.254978
0.081851 0.018460 0.249132
0.080785 0.013326 0.256667
0.078999 0.010581 0.250990
0.077432 0.017636 0.256105
0.078848 0.021547 0.257437
0.080062 0.014855 0.251823
0.079271 0.012376 0.252659
0.076558 0.013595 0.246757
0.083288 0.018159 0.252897
0.081728 0.017743 0.250903
0.079151 0.011681 0.250646
0.081705 0.016326 0.254903
0.080783 0.015163 0.255070
0.082046 0.017821 0.251135
0.083092 0.017550 0.255298
0.080218 0.013413 0.254882
0.081346 0.019630 0.252982
0.079157 0.013239 0.250924
0.079703 0.019585 0.251294
0.083529 0.019604 0.252916
0.083202 0.017628 0.255972
0.084175 0.018194 0.256246
0.077269 0.013231 0.248446
0.077999 0.015208 0.255934
0.082775 0.017039 0.255532
0.084599 0.018591 0.254495
0.080274 0.013914 0.254732
0.079086 0.019835 0.257373
0.079264 0.012638 0.252393
0.080950 0.018303 0.248155
0.082735 0.017269 0.254680
0.081067 0.015005 0.256792
0.082039 0.019433 0.254937
0.080888 0.016325 0.254539
0.077162 0.013639 0.248065
0.075515 0.018438 0.254530
0.080201 0.019810 0.254571
0.082936 0.017795 0.253676
0.080022 0.019891 0.253247
0.073208 0.017311 0.253199
0.079476 0.013843 0.249737
0.080365 0.017170 0.258157
0.084611 0.018392 0.256074
0.077343 0.013418 0.255381
0.080918 0.017010 0.248757
0.082255 0.019929 0.256240
0.075249 0.018248 0.254372
0.077910 0.014536 0.255764
0.083835 0.018399 0.249174
0.079377 0.014195 0.256899
0.079526 0.019069 0.248821
0.075653 0.016831 0.254577
0.078591 0.017285 0.256871
0.081820 0.017798 0.250445
0.074569 0.018969 0.253874
0.077944 0.013923 0.247782
0.086271 0.018381 0.249760
0.082256 0.016332 0.255459
0.075839 0.018126 0.254849
0.082881 0.016508 0.257900
0.077195 0.019727 0.255965
0.078600 0.020686 0.257368
0.080908 0.014596 0.257014
0.076423 0.016350 0.255177
0.083721 0.018443 0.248812
0.084230 0.018989 0.256481
0.081643 0.017208 0.252015
0.080032 0.015333 0.247591
0.083357 0.017791 0.255276
0.079434 0.018027 0.257562
0.082307 0.016314 0.255711
0.080016 0.016057 0.248737
0.076932 0.017675 0.255706
0.080831 0.013962 0.256917
0.077866 0.020186 0.256947
0.079294 0.020166 0.254461
0.083843 0.018044 0.254729
0.079623 0.020886 0.256348
0.075505 0.017177 0.254521
0.079292 0.013038 0.247855
0.073884 0.014560 0.253473
0.080721 0.016999 0.258508
0.084796 0.018894 0.254461
0.085421 0.019041 0.254919
0.081474 0.016287 0.254877
0.078611 0.014198 0.256162
0.084213 0.019629 0.253154
0.084196 0.018415 0.256827
0.075034 0.013704 0.254028
0.079117 0.011638 0.251899
0.085081 0.019045 0.252139
0.076735 0.013940 0.254872
0.080761 0.016056 0.251857
0.079612 0.012193 0.254349
0.074697 0.015992 0.253974
0.080213 0.014169 0.247859
0.083179 0.019563 0.252965
0.079471 0.015621 0.249389
0.075608 0.014731 0.254357
0.077394 0.013830 0.247717
0.078484 0.014055 0.246713
0.076929 0.013733 0.247043
0.085853 0.018303 0.249586
0.080030 0.016071 0.250112
0.081581 0.015772 0.255617
0.080180 0.015197 0.247464
0.077525 0.013905 0.247077
0.085645 0.019763 0.251668
0.079568 0.014077 0.251685
0.084349 0.018148 0.255436
0.080970 0.014717 0.257473
0.078141 0.014203 0.255828
0.079191 0.015527 0.257000
0.081440 0.016361 0.254733
0.075061 0.016482 0.254225
0.079068 0.016926 0.257131
0.081861 0.017937 0.249097
0.080709 0.020378 0.256712
0.084754 0.018377 0.255446
0.075935 0.015487 0.254619
0.083833 0.017906 0.256639
0.080934 0.020460 0.258129
0.075129 0.013979 0.254070
0.079703 0.013622 0.248345
0.080088 0.014617 0.247764
0.074279 0.014586 0.253616
0.078817 0.011348 0.250063
0.084050 0.018385 0.253569
0.082352 0.015759 0.257609
0.084765 0.018776 0.252140
0.082497 0.018029 0.249423
0.079443 0.013698 0.253000
0.081061 0.014512 0.255786
0.079938 0.015229 0.251445
0.080702 0.016033 0.247494
0.077498 0.020148 0.256594
0.079391 0.015174 0.249382
0.075252 0.017913 0.254361
0.076712 0.019226 0.255527
0.081020 0.016412 0.247367
0.079775 0.013511 0.247864
0.080216 0.015021 0.254860
0.080412 0.013030 0.255526
0.084274 0.019482 0.254956
0.076013 0.018673 0.255001
0.079202 0.011658 0.250905
0.080594 0.013088 0.257786
0.081781 0.017627 0.251880
0.079103 0.012225 0.251854
0.082615 0.016357 0.256742
0.080719 0.013281 0.257037
0.079577 0.014439 0.249434
0.079619 0.015426 0.254421
0.083169 0.017640 0.254656
0.080647 0.013706 0.258283
0.079936 0.015904 0.249630
0.080917 0.014318 0.255136
0.077869 0.019155 0.256543
0.081750 0.017454 0.253596
0.080693 0.013850 0.257762
0.080856 0.014591 0.255089
0.080892 0.014366 0.256608
0.072732 0.017789 0.253027
0.079859 0.018122 0.257850
0.079400 0.014011 0.258427
0.079144 0.017542 0.257240
0.076552 0.015414 0.255132
0.083625 0.019610 0.252597
0.078016 0.016610 0.256373
0.080157 0.019897 0.258282
0.081038 0.016778 0.247316
0.085664 0.019083 0.251521
0.076455 0.012693 0.248377
0.079240 0.013611 0.250315
0.081819 0.015692 0.256932
0.077711 0.013259 0.255488
0.080419 0.012777 0.256999
0.081226 0.015124 0.257761
0.076230 0.014037 0.254645
0.079577 0.014395 0.258173
0.079311 0.014929 0.250278
0.078311 0.013883 0.255866
0.084001 0.018493 0.249687
0.078664 0.013035 0.256137
0.076050 0.012251 0.248167
0.081261 0.015178 0.257284
0.080601 0.014193 0.247636
0.079731 0.012685 0.248716
0.082133 0.017587 0.253299
0.081026 0.014423 0.255702
0.079598 0.015596 0.249278
0.079513 0.015209 0.257190
0.083141 0.019616 0.254558
0.073414 0.016580 0.253274
0.079162 0.013607 0.256704
0.082930 0.018138 0.249696
0.081900 0.017749 0.251868
0.079194 0.012051 0.250196
0.082039 0.017597 0.253010
0.079777 0.012640 0.248936
0.083993 0.018481 0.251636
0.079598 0.012408 0.249127
0.074831 0.014920 0.253957
0.082019 0.016573 0.252760
0.079498 0.014521 0.258046
0.079605 0.013947 0.252082
0.084802 0.018434 0.249403
0.073786 0.014194 0.253472
0.077646 0.019956 0.256649
0.084947 0.019107 0.254713
0.080414 0.018121 0.258220
0.082622 0.017933 0.252021
0.081256 0.016333 0.254453
0.082927 0.018079 0.253252
0.081861 0.019582 0.253173
0.082276 0.017594 0.253638
0.079442 0.012992 0.248158
0.080688 0.018511 0.247868
0.079640 0.013078 0.249786
0.080116 0.012664 0.255740
0.084339 0.017442 0.257880
0.082536 0.019526 0.254749
0.082044 0.015767 0.257038
0.080944 0.017166 0.248263
0.081711 0.017441 0.251996
0.079386 0.015863 0.257210
0.081147 0.014624 0.255603
0.081501 0.019591 0.253413
0.078497 0.019593 0.257056
0.080144 0.012686 0.255574
0.079796 0.014981 0.257771
0.082185 0.016153 0.255990
0.079103 0.011193 0.250666
0.084080 0.017729 0.257001
0.080013 0.016162 0.254299
0.081001 0.017564 0.248080
0.084372 0.018521 0.249623
0.082965 0.019507 0.253343
0.083993 0.018116 0.254458
0.077916 0.014181 0.246857
0.081160 0.015352 0.255155
0.080789 0.017043 0.249792
0.082888 0.018377 0.248880
0.078933 0.010768 0.250488
0.083326 0.018418 0.250972
0.076670 0.012955 0.248322
0.079138 0.020286 0.255264
0.076457 0.019569 0.255394
0.080685 0.013662 0.257462
0.076519 0.014148 0.254759
0.084753 0.019754 0.251875
0.078882 0.020265 0.255244
0.076821 0.020091 0.255901
0.085267 0.019056 0.254853
0.079485 0.015579 0.249676
0.076401 0.013293 0.247882
0.081678 0.019902 0.256050
0.079386 0.020027 0.257616
0.081461 0.017325 0.251392
0.082509 0.018088 0.250613
0.079871 0.019802 0.257998
0.080332 0.018735 0.257999
0.078021 0.013680 0.255726
0.083968 0.019643 0.252832
0.080251 0.016216 0.248296
0.079483 0.013542 0.253286
0.083726 0.019460 0.250840
0.085947 0.018460 0.250049
0.079494 0.020112 0.255081
0.075734 0.013084 0.247934
0.082908 0.017217 0.255352
0.085185 0.019648 0.252599
0.079530 0.018864 0.257572
0.084433 0.019579 0.253280
0.077543 0.013821 0.247998
0.080462 0.019711 0.258636
0.079184 0.012161 0.250820
0.082421 0.015995 0.257192
0.078219 0.016160 0.256400
0.080813 0.013655 0.256927
0.085583 0.019491 0.252225
0.080804 0.013943 0.257092
0.079466 0.013496 0.252375
0.083586 0.018374 0.249794
0.082991 0.018045 0.251914
0.079632 0.020001 0.254365
0.084513 0.018231 0.255652
0.082540 0.020040 0.257314
0.082542 0.015985 0.257711
0.079876 0.020695 0.256482
0.079072 0.013751 0.256561
0.082436 0.016611 0.255261
0.080008 0.015457 0.257910
0.084349 0.018193 0.255063
0.079296 0.013194 0.252045
0.081002 0.020480 0.257986
0.079892 0.019955 0.254912
0.079699 0.012298 0.254015
0.075189 0.015604 0.254244
0.080546 0.015843 0.247387
0.084985 0.019740 0.252489
0.085509 0.018861 0.250598
0.077727 0.016456 0.256092
0.082966 0.017341 0.255260
0.073289 0.014913 0.253170
0.079626 0.013484 0.247335
0.080643 0.013734 0.258017
0.085489 0.019648 0.252261
0.079803 0.018307 0.247512
0.074191 0.018007 0.253751
0.083729 0.018273 0.252212
0.085859 0.019534 0.249554
0.080938 0.016211 0.247413
0.073480 0.015275 0.253256
0.084261 0.018371 0.254055
0.079655 0.014846 0.251189
0.080591 0.014069 0.254949
0.079202 0.011854 0.250808
0.080043 0.015354 0.258297
0.077240 0.013761 0.246284
0.079246 0.012141 0.253101
0.076362 0.018276 0.255254
0.079295 0.013809 0.257815
0.078350 0.013920 0.248086
0.076992 0.013422 0.248149
0.079615 0.014254 0.248631
0.080541 0.012844 0.257206
0.080563 0.019730 0.253807
0.077271 0.010613 0.249502
0.077417 0.013849 0.247440
0.082122 0.016370 0.253195
0.083373 0.017589 0.256233
0.084352 0.018666 0.253064
0.081764 0.015708 0.255946
0.083036 0.019525 0.254078
0.080280 0.016179 0.258254
0.078979 0.011184 0.252701
0.080593 0.016904 0.250501
0.077162 0.013446 0.255292
0.079519 0.015431 0.254497
0.081569 0.015468 0.256009
0.079474 0.016878 0.257436
0.075977 0.016774 0.254753
0.081360 0.015267 0.257498
0.079942 0.012921 0.254719
0.078356 0.017159 0.256711
0.080593 0.013020 0.257600
0.083339 0.017453 0.256391
0.079179 0.014800 0.249846
0.079189 0.013787 0.250666
0.081181 0.017445 0.249951
0.077108 0.013656 0.246065
0.083665 0.018326 0.251836
0.078288 0.019718 0.257003
0.082558 0.016850 0.255066
0.079963 0.020677 0.257219
0.076201 0.016422 0.255001
0.081339 0.019436 0.255482
0.080574 0.018105 0.247426
0.079456 0.015569 0.257219
0.085198 0.018888 0.251064
0.080540 0.016903 0.250730
0.086219 0.019442 0.249610
0.079449 0.013179 0.247881
0.079876 0.019286 0.257730
0.072643 0.017109 0.252949
0.080533 0.018697 0.247852
0.079788 0.015606 0.248955
0.082681 0.016924 0.255628
0.083366 0.018456 0.250664
0.078218 0.014181 0.246334
0.077638 0.014005 0.246337
0.076513 0.017955 0.255359
0.083993 0.019245 0.256607
0.078927 0.013863 0.246928
0.080606 0.020495 0.257417
0.080746 0.013678 0.257150
0.079641 0.013501 0.249520
0.084593 0.018597 0.250529
0.081577 0.017324 0.251718
0.079029 0.014892 0.256704
0.082173 0.016487 0.253901
0.081414 0.015144 0.255913
0.081536 0.017749 0.249045
0.076295 0.015757 0.254998
0.073441 0.015984 0.253322
0.080509 0.016285 0.251600
0.078300 0.014388 0.255996
