0.146691 0.086167 0.245312
0.144778 0.083980 0.246891
0.146513 0.086511 0.245590
0.145547 0.086278 0.248767
0.147633 0.090373 0.248052
0.147160 0.091254 0.247684
0.144258 0.083407 0.247315
0.144939 0.086283 0.249999
0.148473 0.086534 0.244157
0.145281 0.082997 0.245403
0.145581 0.086499 0.245642
0.147036 0.089241 0.247826
0.143532 0.083556 0.248424
0.146982 0.086505 0.244903
0.144285 0.083158 0.245162
0.147611 0.089844 0.245064
0.145534 0.084254 0.245790
0.146490 0.086806 0.244317
0.147333 0.088920 0.245323
0.147141 0.089779 0.248676
0.145622 0.085977 0.245084
0.146046 0.087414 0.247217
0.144876 0.085961 0.246222
0.145239 0.085170 0.246552
0.144943 0.084490 0.247480
0.145099 0.083152 0.244269
0.144347 0.082754 0.243701
0.146772 0.083819 0.244573
0.147047 0.089264 0.248358
0.146151 0.086966 0.246131
0.146337 0.083896 0.243548
0.143970 0.083929 0.246244
0.147057 0.088466 0.245292
0.143541 0.084331 0.247586
0.144282 0.086593 0.250138
0.144303 0.082236 0.246404
0.147938 0.091145 0.247634
0.145797 0.082186 0.244449
0.143561 0.082672 0.245529
0.148269 0.084973 0.243483
0.146051 0.084018 0.243821
0.147523 0.092039 0.248876
0.146532 0.086276 0.245465
0.147635 0.087938 0.245029
0.142683 0.083170 0.247251
0.145751 0.086165 0.247066
0.145583 0.085981 0.247202
0.147101 0.085682 0.244500
0.145356 0.089423 0.250046
0.147353 0.085641 0.244175
0.146264 0.084587 0.245052
0.147376 0.085106 0.244135
0.146143 0.087054 0.248421
0.145981 0.087120 0.249113
0.145220 0.083558 0.246039
0.145959 0.088244 0.250218
0.146285 0.087396 0.247444
0.144094 0.086834 0.249446
0.146933 0.085756 0.243781
0.143647 0.083286 0.248419
0.147218 0.083486 0.244115
0.146336 0.084819 0.245008
0.144909 0.085901 0.249750
0.145092 0.084794 0.245183
0.143570 0.083913 0.246828
0.145674 0.083507 0.245521
0.147025 0.091566 0.249030
0.146104 0.084172 0.243794
0.144569 0.083254 0.246668
0.147691 0.090887 0.248746
0.145232 0.084056 0.246087
0.145828 0.085848 0.246032
0.147081 0.089274 0.248177
0.145787 0.086243 0.246590
0.147545 0.084277 0.244045
0.146768 0.090024 0.247553
0.146873 0.088976 0.247791
0.144438 0.083258 0.246836
0.144117 0.085834 0.249583
0.146111 0.084956 0.245430
0.143695 0.084237 0.246890
0.147472 0.090673 0.249056
0.144259 0.084958 0.246468
0.146343 0.085481 0.245356
0.144371 0.087129 0.247628
0.146066 0.086699 0.244848
0.145985 0.086570 0.247123
0.146179 0.087326 0.245744
0.148457 0.085261 0.243457
0.146882 0.088099 0.244242
0.145016 0.085450 0.245794
0.144741 0.083557 0.246588
0.147731 0.090395 0.245437
0.145006 0.084855 0.248209
0.144286 0.085894 0.250012
0.145365 0.085757 0.247500
0.147170 0.084082 0.244212
0.145299 0.085066 0.245061
0.147426 0.085045 0.243009
0.146541 0.087324 0.244435
0.145940 0.086949 0.246583
0.146357 0.089572 0.249981
0.145019 0.085151 0.248623
0.145382 0.086033 0.248054
0.146269 0.083384 0.243381
0.145657 0.087821 0.247162
0.147790 0.084075 0.243784
0.145164 0.085666 0.245706
0.146391 0.090036 0.247901
0.144975 0.084974 0.248619
0.145373 0.082711 0.245051
0.146534 0.088331 0.248720
0.146283 0.089257 0.250215
0.144546 0.084043 0.248036
0.146537 0.083578 0.244730
0.144488 0.086951 0.250213
0.147027 0.086855 0.245151
0.146302 0.089724 0.247826
0.143510 0.082831 0.248447
0.146431 0.084711 0.244637
0.147303 0.088246 0.245314
0.147585 0.090697 0.248598
0.145643 0.084186 0.245513
0.146917 0.083254 0.244137
0.148008 0.091795 0.247824
0.144878 0.087860 0.250301
0.145131 0.086416 0.249874
0.144943 0.088782 0.249049
0.144640 0.082827 0.243636
0.145330 0.089258 0.249009
0.147840 0.087821 0.244850
0.145785 0.086369 0.245273
0.145455 0.083572 0.244092
0.147325 0.085857 0.244351
0.143961 0.083890 0.248425
0.143974 0.082626 0.247306
0.143984 0.083466 0.245802
0.145010 0.084367 0.246877
0.147782 0.086551 0.244347
0.148577 0.084407 0.243199
0.146518 0.087084 0.244363
0.143600 0.084304 0.247289
0.142646 0.083198 0.247005
0.148566 0.085516 0.243460
0.147044 0.088472 0.244374
0.144298 0.083241 0.247089
0.148493 0.086378 0.244039
0.147240 0.085990 0.243590
0.146800 0.087896 0.244383
0.145117 0.083969 0.246178
0.145703 0.088108 0.250334
0.143910 0.084565 0.246653
0.146928 0.089388 0.247677
0.145822 0.086145 0.245028
0.147333 0.083635 0.244081
0.145759 0.086075 0.246332
0.145693 0.086457 0.245447
0.144321 0.084570 0.246125
0.145716 0.085949 0.246636
0.144227 0.082762 0.243887
0.147363 0.090091 0.248345
0.145321 0.088810 0.250268
0.145447 0.086054 0.248251
0.144128 0.084190 0.246144
0.144056 0.084892 0.246838
0.144313 0.087618 0.248178
0.144590 0.087590 0.247606
0.146252 0.084828 0.243909
0.146630 0.088446 0.248152
0.146081 0.087369 0.245583
0.145302 0.085495 0.247080
0.143558 0.084461 0.247961
0.145515 0.083712 0.244153
0.147048 0.083331 0.244150
0.145305 0.086587 0.249696
0.147787 0.091895 0.248574
0.147545 0.089120 0.245293
0.147275 0.091280 0.247567
0.145899 0.085477 0.244556
0.146722 0.090655 0.247922
0.147438 0.090622 0.249424
0.143761 0.085159 0.247682
0.146445 0.085509 0.245075
0.147338 0.088980 0.244627
0.146211 0.084431 0.245022
0.146861 0.088336 0.244874
0.147280 0.086897 0.243499
0.144922 0.084747 0.245399
0.146848 0.089682 0.249482
0.146628 0.088094 0.247883
0.144414 0.083857 0.247863
0.144222 0.082438 0.246483
0.144060 0.083285 0.247676
0.143773 0.083893 0.248438
0.144555 0.082720 0.246017
0.146440 0.087513 0.244932
0.143862 0.083707 0.246295
0.146852 0.089523 0.249170
0.145889 0.083685 0.245213
0.142798 0.083160 0.246717
0.143380 0.083127 0.246208
0.147920 0.083644 0.243534
0.142694 0.083307 0.247862
0.145289 0.083291 0.243919
0.147967 0.090279 0.245658
0.144283 0.083372 0.246994
0.144898 0.087761 0.250332
0.145386 0.083256 0.245617
0.147740 0.085867 0.243942
0.142702 0.082991 0.248584
0.144647 0.088586 0.249433
0.145395 0.085472 0.246827
0.147019 0.089659 0.249005
0.145386 0.088190 0.250389
0.147319 0.083337 0.243817
0.145007 0.089010 0.249912
0.146591 0.088997 0.249493
0.147240 0.091847 0.249311
0.145773 0.084719 0.244317
0.145513 0.085400 0.246361
0.145714 0.089660 0.249357
0.145285 0.084375 0.244764
0.144183 0.083533 0.245605
0.146414 0.085939 0.245383
0.146182 0.084779 0.245219
0.146008 0.086770 0.248404
0.147675 0.089852 0.245522
0.146583 0.084393 0.244422
0.144841 0.084359 0.247878
0.143028 0.083329 0.248412
0.145171 0.085567 0.248916
0.144966 0.088552 0.247756
0.146372 0.090397 0.248827
0.145194 0.088383 0.250330
0.146086 0.085282 0.245669
0.144932 0.084241 0.247105
0.144685 0.086803 0.246977
0.145629 0.084988 0.246024
0.142459 0.083053 0.248026
0.147010 0.084035 0.244307
0.146779 0.090175 0.249586
0.146766 0.084936 0.244416
0.147788 0.087532 0.244813
0.147755 0.088646 0.245156
0.145258 0.085803 0.248814
0.145826 0.087078 0.249378
0.146040 0.089262 0.250312
0.147479 0.090664 0.247612
0.146567 0.089743 0.247577
0.145935 0.083095 0.244788
0.143710 0.082973 0.245637
0.145218 0.085758 0.248009
0.146007 0.084662 0.244059
0.147238 0.089078 0.245144
0.143993 0.084851 0.247014
0.146175 0.086727 0.246127
0.147165 0.089968 0.248965
0.145892 0.086353 0.247223
0.144040 0.082954 0.247670
0.145391 0.087880 0.250343
0.144977 0.084393 0.247139
0.145878 0.087417 0.249465
0.145274 0.086125 0.245800
0.147150 0.091520 0.248089
0.147617 0.091929 0.248352
0.146118 0.088299 0.249853
0.147689 0.084256 0.243913
0.146912 0.091336 0.249632
0.146603 0.086566 0.244150
0.146653 0.088251 0.247764
0.148159 0.087507 0.244555
0.146333 0.085081 0.245352
0.143210 0.082829 0.248579
0.147602 0.086084 0.244122
0.145540 0.085252 0.246203
0.147242 0.089938 0.248507
0.146464 0.087751 0.248255
0.145749 0.088240 0.247448
0.147008 0.091584 0.249461
0.143753 0.083514 0.246217
0.147738 0.085425 0.242054
0.147028 0.083153 0.244074
0.146076 0.088297 0.250109
0.144874 0.084248 0.247353
0.145871 0.085651 0.245990
0.144103 0.082119 0.246752
0.148494 0.086108 0.243877
0.146542 0.085480 0.244007
0.146933 0.083211 0.244233
0.145254 0.085227 0.245193
0.148074 0.089332 0.245212
0.144791 0.085619 0.246103
0.148253 0.086627 0.244274
0.147207 0.089745 0.247573
0.147455 0.086118 0.243419
0.144159 0.082928 0.244728
0.148717 0.084599 0.243139
0.147654 0.090561 0.248181
0.145184 0.087795 0.247027
0.144601 0.084000 0.245350
0.146344 0.088655 0.249788
0.146970 0.083632 0.244421
0.144721 0.083806 0.246730
0.147727 0.091285 0.249419
0.143510 0.082623 0.245073
0.145679 0.083402 0.245471
0.142547 0.083114 0.247861
0.145756 0.089375 0.250271
0.146468 0.083989 0.244851
0.145971 0.086408 0.247528
0.144122 0.084789 0.248724
0.144675 0.083625 0.245064
0.143953 0.082811 0.247756
0.145126 0.088226 0.247409
0.144183 0.083588 0.247977
0.145731 0.085727 0.244838
0.146672 0.088555 0.248334
0.145415 0.087026 0.249906
0.147334 0.086177 0.244485
0.144478 0.085609 0.249747
0.148568 0.085917 0.243726
0.144608 0.083375 0.246713
0.145762 0.086064 0.246774
0.144743 0.087902 0.247582
0.146815 0.089474 0.249350
0.143954 0.084916 0.248658
0.146194 0.087899 0.249246
0.146564 0.088333 0.248615
0.147360 0.089856 0.247689
0.144813 0.082659 0.245721
0.147438 0.089441 0.244830
0.145503 0.085762 0.245086
0.147404 0.085906 0.243418
0.146774 0.090514 0.249611
0.144354 0.083560 0.247286
0.145827 0.086262 0.246869
0.145614 0.083761 0.245641
0.144620 0.083721 0.247027
0.146869 0.091059 0.248146
0.146191 0.086750 0.247727
0.146404 0.085346 0.245071
0.145492 0.085938 0.245210
0.145391 0.087633 0.250248
0.146665 0.090241 0.247648
0.142917 0.083470 0.248271
0.146608 0.084396 0.243463
0.147044 0.091440 0.248426
0.147919 0.091745 0.248797
0.144800 0.084102 0.246730
0.143589 0.083810 0.248418
0.145173 0.081795 0.245044
0.147592 0.085620 0.243192
0.146453 0.089946 0.249707
0.146327 0.084082 0.245003
0.147152 0.088448 0.243938
0.145622 0.085675 0.246449
0.145106 0.086461 0.246350
0.146607 0.083798 0.244740
0.144163 0.087759 0.248917
0.144207 0.083207 0.247292
0.147346 0.091044 0.249655
0.145684 0.085850 0.246468
0.144772 0.083914 0.247055
0.145749 0.083923 0.244074
0.148088 0.091317 0.247764
0.146191 0.087306 0.248666
0.146380 0.087527 0.248325
0.144871 0.085487 0.249439
0.147024 0.091583 0.248835
0.144070 0.086326 0.249249
0.147166 0.090232 0.249102
0.145108 0.082563 0.245359
0.143315 0.082852 0.246029
0.143863 0.085189 0.248665
0.146560 0.085831 0.245182
0.147526 0.090775 0.249444
0.147546 0.090377 0.248251
0.146508 0.086570 0.245680
0.144848 0.082306 0.245564
0.145563 0.082160 0.244654
0.145793 0.087000 0.245854
0.143729 0.084637 0.247276
0.147656 0.091085 0.249410
0.144159 0.082821 0.247210
0.144256 0.084170 0.245989
0.144451 0.087525 0.247877
0.143549 0.083068 0.245967
0.145654 0.085730 0.244951
0.146402 0.089368 0.250068
0.144422 0.083000 0.246780
0.143915 0.085765 0.249148
0.144223 0.082791 0.244140
0.146549 0.087999 0.247734
0.144587 0.086463 0.250245
0.146298 0.090024 0.249584
0.144890 0.084262 0.245154
0.144753 0.088386 0.247927
0.146308 0.082453 0.244434
0.145875 0.086545 0.246288
0.143380 0.083919 0.248363
0.146004 0.086059 0.244527
0.147861 0.091795 0.248964
0.147977 0.091144 0.247858
0.143226 0.083790 0.247276
0.147550 0.089667 0.244905
0.147245 0.084852 0.243150
0.146370 0.086479 0.245823
0.142870 0.083391 0.246991
0.145883 0.086610 0.245263
0.146097 0.086505 0.246067
0.145456 0.088175 0.247303
0.144453 0.085100 0.246351
0.143661 0.085327 0.248463
0.145141 0.085461 0.245544
0.147321 0.091734 0.249385
0.145186 0.087614 0.250331
0.144830 0.082488 0.245642
0.147567 0.090291 0.247839
0.144214 0.084464 0.246180
0.145924 0.089565 0.250138
0.147099 0.089838 0.249056
0.145226 0.084227 0.244753
0.146906 0.086473 0.245227
0.145800 0.086482 0.248589
0.146179 0.087399 0.245273
0.146836 0.087416 0.245333
0.145884 0.089485 0.248510
0.143428 0.083038 0.248497
0.145909 0.085923 0.244706
0.147170 0.086247 0.244673
0.147931 0.090100 0.245702
0.145406 0.083807 0.244373
0.145392 0.087866 0.247079
0.144412 0.084439 0.248567
0.147178 0.089952 0.248821
0.143895 0.085110 0.247458
0.145858 0.087559 0.247131
0.147851 0.088900 0.245163
0.145930 0.087775 0.249787
0.144448 0.082435 0.246147
0.144443 0.086121 0.250177
0.144661 0.084704 0.248638
0.146262 0.089917 0.248353
0.146484 0.087782 0.245009
0.148062 0.086506 0.244259
0.148348 0.085785 0.243776
0.144118 0.086294 0.249715
0.143480 0.084147 0.248396
0.144932 0.084279 0.246560
0.146550 0.083005 0.244367
0.145128 0.085765 0.249308
0.147243 0.085576 0.244289
0.143704 0.082719 0.245040
0.145115 0.085085 0.247966
0.144630 0.085230 0.246115
0.146357 0.087025 0.247630
0.144135 0.086587 0.249739
0.145169 0.082784 0.245363
0.145453 0.089599 0.249581
0.144004 0.087090 0.248385
0.144033 0.083111 0.247837
0.145568 0.085496 0.244904
0.146827 0.090381 0.247642
0.145112 0.087182 0.246635
0.144953 0.086947 0.246694
0.143424 0.082605 0.245302
0.145284 0.085281 0.246699
0.147976 0.091594 0.248703
0.146364 0.089778 0.247675
0.146159 0.088866 0.247733
0.146989 0.091612 0.249256
0.145000 0.086207 0.246226
0.144606 0.082469 0.245919
0.143991 0.086836 0.249022
0.144347 0.086991 0.250059
0.146691 0.090913 0.248873
0.147022 0.084378 0.244195
0.147525 0.089130 0.244520
0.148014 0.089899 0.245689
0.145082 0.087530 0.246896
0.145899 0.089769 0.249156
0.144785 0.084408 0.248175
0.144494 0.083983 0.245480
0.143873 0.084947 0.247274
0.147863 0.089297 0.245318
0.144423 0.085472 0.246731
0.143003 0.083679 0.247751
0.145180 0.088023 0.247205
0.147260 0.089893 0.248288
0.146333 0.086975 0.245948
0.148462 0.085688 0.243609
0.144857 0.083750 0.244942
0.144518 0.086274 0.250227
0.144679 0.083767 0.245142
0.145699 0.084761 0.245881
0.146545 0.083758 0.243342
0.144457 0.082082 0.246058
0.145965 0.089267 0.248281
0.145204 0.085710 0.249044
0.144364 0.083307 0.245169
0.147915 0.084500 0.243597
0.146232 0.087238 0.245021
0.147742 0.090224 0.245568
0.147515 0.085036 0.244033
0.146046 0.086822 0.246377
0.143608 0.082556 0.244431
0.145433 0.084888 0.246224
0.145577 0.088305 0.250393
0.147204 0.088604 0.244170
0.143562 0.082428 0.248320
0.143466 0.082998 0.246056
0.143068 0.083412 0.246819
0.146299 0.088643 0.250015
0.146986 0.085378 0.244545
0.144975 0.084584 0.247738
0.144344 0.084913 0.246264
0.146482 0.086340 0.245602
0.146010 0.088750 0.250375
0.144810 0.088035 0.250207
0.144778 0.086179 0.246670
0.148405 0.084493 0.243349
0.146044 0.087238 0.245347
0.146499 0.088015 0.248312
0.146427 0.088791 0.249869
0.144013 0.082703 0.244126
0.144220 0.087442 0.249433
0.146519 0.088591 0.249123
0.144757 0.084933 0.245671
0.144715 0.082908 0.243732
0.148147 0.085762 0.243841
0.147379 0.090257 0.248582
0.145348 0.085159 0.246360
0.144029 0.084158 0.248507
0.144696 0.083949 0.247502
0.145929 0.082481 0.244524
0.148063 0.091677 0.248039
0.143763 0.082823 0.248224
0.147657 0.091890 0.249160
0.143714 0.082728 0.244962
0.146881 0.088806 0.247928
0.143640 0.084840 0.248091
0.143437 0.082569 0.244913
0.147584 0.090875 0.247540
0.147585 0.091555 0.249411
0.145149 0.085570 0.248740
0.146619 0.088872 0.247719
0.146291 0.088790 0.250201
0.146502 0.087143 0.245699
0.145806 0.082875 0.244741
0.147412 0.084699 0.242967
0.146492 0.086956 0.245751
0.145463 0.084452 0.246010
0.144722 0.085166 0.249054
0.145593 0.086182 0.248389
0.146068 0.090017 0.249059
0.145343 0.081842 0.244883
0.144717 0.084227 0.248051
0.146103 0.087106 0.248793
0.145760 0.087239 0.249615
0.147683 0.090464 0.247970
0.147175 0.091548 0.248321
0.145660 0.086504 0.248962
0.146535 0.088241 0.247652
0.147530 0.085767 0.244065
0.146452 0.087188 0.244533
0.147333 0.090464 0.249394
0.147133 0.091766 0.249319
0.146380 0.085728 0.245351
0.147095 0.088102 0.245351
0.145609 0.087034 0.246303
0.147437 0.085858 0.244165
0.147450 0.086065 0.244272
0.143635 0.084489 0.247805
0.146952 0.089643 0.249218
0.146370 0.087105 0.247781
0.144640 0.083099 0.246326
0.146822 0.086041 0.243979
0.146751 0.085899 0.244938
0.145352 0.084188 0.246000
0.145845 0.085510 0.245945
0.145213 0.084676 0.247060
0.143632 0.085757 0.247971
0.145413 0.088921 0.247916
0.145290 0.083720 0.244479
0.146971 0.088223 0.244045
0.145335 0.083366 0.245795
0.145713 0.086224 0.245246
0.145280 0.084463 0.244861
0.145226 0.089149 0.249271
0.145038 0.087840 0.250343
0.147197 0.088587 0.244427
0.147172 0.085985 0.244579
0.147027 0.090944 0.247775
0.144509 0.083894 0.247603
0.145380 0.087171 0.250049
0.145446 0.084510 0.244628
0.145898 0.084477 0.245334
0.146285 0.086852 0.244556
0.144365 0.084274 0.248482
0.145607 0.082781 0.244847
0.145403 0.085361 0.246527
0.143588 0.085726 0.248288
0.147329 0.085470 0.244147
0.143639 0.082975 0.245751
0.145185 0.083184 0.243907
0.144550 0.082848 0.243984
0.145618 0.083246 0.245157
0.147837 0.084984 0.243633
0.144265 0.083009 0.247139
0.146885 0.084628 0.243318
0.147105 0.086534 0.244797
0.144531 0.085276 0.246321
0.147319 0.084473 0.242842
0.147441 0.084586 0.242749
0.145452 0.085865 0.247270
0.145218 0.082649 0.245200
0.144533 0.082272 0.245986
0.146813 0.086405 0.245325
0.146463 0.090595 0.248639
0.145758 0.088824 0.250392
0.147608 0.090099 0.245462
0.144952 0.083026 0.244223
0.146417 0.084885 0.244802
0.146638 0.089543 0.249729
0.144859 0.084138 0.246940
0.147291 0.085282 0.243279
0.143411 0.083989 0.247214
0.145176 0.086823 0.246436
0.144221 0.086905 0.247759
0.146836 0.087935 0.244178
0.146966 0.086509 0.243933
0.142497 0.083081 0.248282
0.146228 0.089484 0.248210
0.145616 0.087139 0.249729
0.146114 0.082744 0.244527
0.143056 0.083574 0.248287
0.144996 0.084017 0.246368
0.146062 0.087305 0.245506
0.146681 0.088242 0.247894
0.143320 0.083361 0.246535
0.145789 0.085897 0.244864
0.147352 0.089778 0.247847
0.144809 0.083494 0.244834
0.145256 0.089090 0.250122
0.146879 0.091213 0.249091
0.146382 0.087949 0.248691
0.147066 0.089904 0.247507
0.146352 0.089228 0.247694
0.147240 0.091933 0.248835
0.146033 0.087173 0.247033
0.143645 0.084546 0.247541
0.144030 0.085807 0.249358
0.145149 0.089000 0.248470
0.146006 0.085532 0.245822
0.144605 0.085280 0.249201
0.145981 0.084811 0.245323
0.144919 0.083721 0.246395
0.146596 0.087308 0.244287
0.147103 0.090033 0.249235
0.145010 0.085268 0.248879
0.146827 0.090854 0.248026
0.146287 0.083833 0.245010
0.146488 0.090494 0.249334
0.146918 0.089029 0.248743
0.146692 0.083616 0.244647
0.144005 0.082482 0.247109
0.143481 0.083565 0.246560
0.145157 0.083285 0.244393
0.147993 0.087805 0.244687
0.146834 0.088130 0.244685
0.145981 0.087982 0.247467
0.145246 0.085610 0.245474
0.146852 0.091157 0.248375
0.144058 0.083090 0.247553
0.147296 0.090379 0.249087
0.145420 0.085515 0.245106
0.148230 0.088082 0.244695
0.145183 0.085293 0.247617
0.145151 0.084190 0.246266
0.145386 0.086098 0.248840
0.146097 0.088257 0.249686
0.146217 0.088423 0.247580
0.143846 0.086095 0.247765
0.144943 0.087084 0.250240
0.147049 0.089120 0.248187
0.145862 0.085140 0.245792
0.146920 0.083903 0.242993
0.147058 0.088550 0.244600
0.146372 0.087204 0.247561
0.145381 0.085728 0.245324
0.144633 0.081852 0.245717
0.147178 0.089700 0.248310
0.145423 0.086031 0.245509
0.147334 0.083453 0.243971
0.144650 0.084953 0.248878
0.148030 0.091609 0.248348
0.146857 0.085179 0.244519
0.145956 0.087153 0.245575
0.145829 0.086321 0.246259
0.143771 0.085621 0.247662
0.144351 0.086377 0.250228
0.147163 0.091670 0.248447
0.146432 0.089704 0.249824
0.147627 0.089416 0.245315
0.148124 0.091659 0.247876
0.147538 0.088156 0.245157
0.146203 0.088461 0.249804
0.145889 0.087847 0.250013
0.147511 0.083542 0.243868
0.145572 0.083329 0.245454
0.146195 0.089117 0.247789
0.146847 0.089775 0.247507
0.144712 0.088581 0.249162
0.147854 0.089757 0.245593
0.145776 0.088498 0.247561
0.146983 0.089017 0.247887
0.145501 0.088934 0.250319
0.145735 0.085759 0.246250
0.145234 0.083751 0.246044
0.147137 0.087822 0.245326
0.147655 0.090992 0.249196
0.144287 0.083905 0.245772
0.145896 0.089742 0.249570
0.146009 0.082946 0.244612
0.143767 0.085930 0.248898
0.147805 0.084778 0.243661
0.147158 0.085518 0.243475
0.146271 0.087148 0.247377
0.143556 0.084303 0.248387
0.146744 0.087266 0.244075
0.146108 0.086719 0.247214
0.145162 0.084550 0.246839
0.146243 0.085096 0.245469
0.147441 0.091880 0.248245
0.146522 0.089002 0.249716
0.147597 0.090803 0.248940
0.144043 0.085061 0.248752
0.146825 0.090529 0.247704
0.144384 0.085479 0.249481
0.144876 0.081912 0.245390
0.145675 0.083218 0.243509
0.146574 0.088003 0.244980
0.146732 0.089637 0.247535
0.147670 0.090020 0.245091
0.145128 0.084847 0.246493
0.145565 0.087182 0.246534
0.145046 0.084004 0.244849
0.147417 0.085604 0.243313
0.145763 0.085056 0.245909
0.147182 0.091504 0.247955
0.147383 0.090403 0.248722
0.144570 0.088370 0.248789
0.145073 0.084070 0.246243
0.145184 0.083237 0.244159
0.146287 0.089420 0.247788
0.146255 0.086669 0.244471
0.144237 0.086291 0.250203
0.147997 0.091341 0.248372
0.145749 0.087039 0.246145
0.144477 0.082815 0.243770
0.143519 0.082807 0.245722
0.146497 0.090271 0.248095
0.144243 0.087775 0.248559
0.145423 0.083134 0.245384
0.147260 0.085110 0.244217
0.144761 0.083750 0.246523
0.147090 0.088775 0.244812
0.146498 0.089162 0.249980
0.147049 0.085523 0.244544
0.142652 0.083281 0.248091
0.147260 0.087548 0.245201
0.146745 0.088487 0.247854
0.146267 0.086524 0.244394
0.145967 0.088988 0.250402
0.146634 0.087036 0.245585
0.145081 0.084994 0.245332
0.147410 0.087941 0.245147
0.145108 0.082937 0.245503
0.147046 0.091397 0.249622
0.142661 0.083145 0.247614
0.144370 0.085437 0.246896
0.146441 0.084460 0.244490
0.147697 0.083376 0.243666
0.146476 0.088794 0.249631
0.148241 0.086433 0.244157
0.146699 0.088183 0.244960
0.145241 0.084517 0.246384
0.148311 0.086243 0.243989
0.144041 0.084359 0.246340
0.146314 0.084634 0.243761
0.146781 0.088297 0.245210
0.147977 0.083990 0.243581
0.145030 0.088908 0.249424
0.144166 0.082644 0.247058
0.147666 0.089662 0.245410
0.148090 0.091646 0.247752
0.144865 0.084667 0.248369
0.145274 0.085055 0.246955
0.143326 0.083570 0.246775
0.147585 0.084769 0.243988
0.148697 0.084774 0.243089
0.146947 0.091332 0.248656
0.144951 0.082540 0.245543
0.146611 0.089780 0.249731
0.144084 0.083683 0.248287
0.146338 0.088963 0.247709
0.147141 0.084557 0.243061
0.145453 0.085165 0.244907
0.145953 0.084622 0.245367
0.147549 0.092025 0.249056
0.146716 0.088719 0.248761
0.146222 0.090255 0.248664
0.146825 0.091118 0.248765
0.146906 0.090352 0.247601
0.143893 0.082796 0.244646
0.146426 0.089206 0.250113
0.144110 0.083550 0.248159
0.145748 0.086140 0.247383
0.145547 0.086204 0.245503
0.144582 0.084303 0.245575
0.144988 0.084534 0.245166
0.148312 0.085999 0.243874
0.147662 0.087250 0.244798
0.145142 0.085666 0.248358
0.146006 0.086678 0.246455
0.147479 0.090567 0.248852
0.144908 0.083862 0.244941
0.146362 0.090055 0.248392
0.145897 0.083312 0.243389
0.143987 0.085327 0.247343
0.146655 0.089213 0.249531
0.144530 0.088444 0.249364
0.145103 0.088975 0.248776
0.147108 0.085562 0.244310
0.147968 0.088661 0.244992
0.144727 0.088216 0.247906
0.147878 0.091090 0.248329
0.146381 0.083136 0.244535
0.144951 0.083335 0.246133
0.145985 0.083659 0.245093
0.147375 0.084855 0.244111
0.144904 0.085247 0.245702
0.145797 0.084219 0.244133
0.143888 0.082569 0.244182
0.148666 0.086489 0.244024
0.147635 0.090719 0.248378
0.145098 0.088979 0.249080
0.144868 0.085023 0.245578
0.146981 0.086099 0.244740
0.147585 0.085480 0.242737
0.143579 0.084048 0.246925
0.147880 0.086984 0.244528
0.146525 0.090256 0.247990
0.143871 0.086461 0.248864
0.147820 0.083837 0.243667
0.144812 0.083106 0.244464
0.146336 0.087305 0.244955
0.144903 0.087565 0.250332
0.146731 0.089704 0.249645
0.147176 0.090272 0.249367
0.146274 0.084972 0.245325
0.146317 0.089873 0.248103
0.147651 0.090532 0.247790
0.145319 0.083523 0.244298
0.145182 0.085722 0.248582
0.144280 0.083615 0.247483
0.146575 0.090716 0.249406
0.142861 0.082842 0.248644
0.147422 0.089475 0.244979
0.144826 0.086092 0.249955
0.144117 0.085365 0.249139
0.145224 0.082150 0.245105
0.146199 0.086890 0.248071
0.144732 0.083127 0.246193
0.145223 0.084669 0.246953
0.143967 0.084518 0.246495
0.145208 0.088456 0.247507
0.144497 0.087173 0.250161
0.147041 0.088756 0.245066
0.145442 0.088407 0.250385
0.147342 0.091891 0.248437
0.147053 0.091585 0.248644
0.144978 0.085688 0.249537
0.143462 0.083811 0.246891
0.145958 0.085177 0.244340
0.144958 0.082077 0.245358
0.147336 0.088691 0.244304
0.145004 0.085521 0.249320
0.144270 0.085653 0.249654
0.145347 0.089211 0.248577
0.143865 0.084674 0.247039
0.147629 0.085973 0.242959
0.144770 0.082758 0.245808
0.144984 0.083046 0.245719
0.148039 0.089722 0.245622
0.146547 0.086125 0.244145
0.145241 0.084861 0.247060
0.147667 0.084490 0.243936
0.146412 0.090455 0.248517
0.147807 0.091316 0.249173
0.143852 0.082817 0.244858
0.145661 0.086787 0.245777
0.147155 0.091807 0.248694
0.145516 0.081920 0.244691
0.145836 0.086362 0.247044
0.147537 0.088538 0.245277
0.145432 0.088636 0.250345
0.147147 0.090024 0.249063
0.143274 0.084146 0.248063
0.148794 0.084321 0.243070
0.143008 0.083507 0.247579
0.145113 0.084809 0.247545
0.142807 0.082841 0.246416
0.147449 0.084552 0.244086
0.147037 0.090270 0.249508
0.145330 0.085918 0.248487
0.146556 0.087895 0.248020
0.146147 0.088076 0.249439
0.144544 0.084600 0.245833
0.147176 0.089743 0.248487
0.146838 0.085842 0.243914
0.144322 0.083778 0.247479
0.146804 0.089160 0.249076
0.144889 0.084399 0.247321
0.142759 0.083329 0.247116
0.147882 0.091820 0.248202
0.147610 0.090897 0.249030
0.146310 0.086813 0.245973
0.147221 0.090451 0.247595
0.146918 0.084609 0.244280
0.146773 0.088737 0.247794
0.146009 0.086816 0.248610
0.144736 0.088654 0.249767
0.144002 0.083615 0.245923
0.146251 0.085194 0.244106
0.144446 0.083631 0.247033
0.145836 0.089811 0.248915
0.147953 0.091388 0.247560
0.147712 0.088386 0.245123
0.144038 0.082825 0.247484
0.147768 0.085031 0.243739
0.145157 0.083578 0.244542
0.143719 0.084787 0.247483
0.146297 0.087155 0.245868
0.147189 0.083651 0.244174
0.147744 0.086900 0.244587
0.147451 0.091994 0.248531
0.144868 0.084297 0.246704
0.145740 0.085331 0.244654
0.148181 0.086944 0.244391
0.144085 0.087573 0.248694
0.148123 0.090096 0.245683
0.146682 0.083800 0.243247
0.143915 0.082626 0.243777
0.144941 0.083484 0.246300
0.145398 0.083445 0.245751
0.144779 0.083910 0.246559
0.146439 0.085592 0.245196
0.143349 0.082608 0.245573
0.146077 0.086767 0.246905
0.145146 0.086331 0.246175
0.147501 0.090588 0.248377
0.148413 0.087251 0.244340
0.145670 0.087872 0.250290
0.147364 0.086772 0.244729
0.144798 0.082042 0.245538
0.145931 0.086478 0.246743
0.147280 0.086431 0.244630
0.145844 0.085326 0.245895
0.147411 0.090068 0.247751
0.146536 0.090571 0.249062
0.145046 0.087341 0.250299
0.142839 0.083258 0.247463
0.143284 0.084068 0.248257
0.144133 0.084690 0.246422
0.145373 0.083581 0.245885
0.145000 0.083589 0.244697
0.148646 0.086241 0.243871
0.145650 0.089706 0.249632
0.147830 0.090925 0.247961
0.147262 0.091448 0.247693
0.145787 0.087938 0.250271
0.144504 0.083649 0.245266
0.144534 0.084841 0.245953
0.147703 0.091111 0.249261
0.144095 0.086654 0.247676
0.145673 0.084749 0.244450
0.144658 0.083651 0.246813
0.147673 0.085011 0.243889
0.144412 0.082896 0.246412
0.144139 0.086262 0.249913
0.145789 0.083576 0.245303
0.144651 0.083132 0.244655
0.146273 0.086211 0.245761
0.145481 0.087211 0.249895
0.147536 0.085110 0.242648
0.146548 0.090304 0.247827
0.145715 0.083662 0.245451
0.145762 0.087081 0.246485
0.146016 0.082309 0.244468
0.145136 0.086634 0.246470
0.144450 0.085896 0.250046
0.147396 0.091699 0.247816
0.147531 0.086937 0.244749
0.147026 0.089222 0.248534
0.142785 0.083310 0.248308
0.147383 0.090837 0.249638
0.147468 0.090454 0.248553
0.147332 0.090313 0.248791
0.145423 0.086534 0.245935
0.146769 0.088786 0.248460
0.146973 0.085564 0.243631
0.143484 0.082508 0.244438
0.145888 0.087105 0.245796
0.148502 0.086999 0.244248
0.145254 0.082813 0.245268
0.147466 0.084784 0.242446
0.147193 0.091059 0.247620
0.146174 0.087803 0.247474
0.146423 0.088358 0.249050
0.146603 0.089227 0.249724
0.147747 0.091154 0.249114
0.146698 0.088259 0.245113
0.144809 0.086447 0.246752
0.144058 0.083840 0.246048
0.147278 0.090398 0.249282
0.146531 0.089178 0.247658
0.144932 0.082980 0.243838
0.145518 0.089253 0.250239
0.145301 0.085912 0.245660
0.146620 0.090644 0.249528
0.144362 0.083472 0.246971
0.145255 0.086582 0.246226
0.144553 0.085644 0.246692
0.147140 0.091610 0.249501
0.146225 0.083534 0.244871
0.145825 0.085240 0.244499
0.147178 0.089550 0.248111
0.144960 0.086666 0.246669
0.147287 0.086930 0.244936
0.146335 0.085877 0.244293
0.144336 0.087858 0.249813
0.146664 0.086543 0.245496
0.146751 0.089884 0.249610
0.145274 0.083354 0.244189
0.143216 0.084040 0.247892
0.146513 0.089429 0.249886
0.146256 0.088281 0.247547
0.144004 0.082304 0.247030
0.143748 0.084972 0.247820
0.147611 0.086712 0.244549
0.145992 0.084375 0.245265
0.146312 0.082971 0.244481
0.143815 0.082663 0.244417
0.145872 0.083375 0.243740
0.146283 0.086612 0.245965
0.146249 0.089677 0.248223
0.143385 0.084232 0.248254
0.145522 0.085034 0.246158
0.146038 0.086922 0.246879
0.146631 0.088023 0.245176
0.146110 0.087168 0.245112
0.144704 0.084100 0.247770
0.145458 0.087410 0.250106
0.147609 0.086130 0.243104
0.145524 0.083542 0.245698
0.144718 0.084766 0.245658
0.147599 0.090899 0.249319
0.147597 0.084029 0.243963
0.147461 0.088878 0.244163
0.143762 0.086180 0.248846
0.146169 0.087491 0.248920
0.147035 0.089251 0.248712
0.144157 0.087474 0.248405
0.144381 0.084605 0.246020
0.145385 0.084577 0.246184
0.144876 0.085334 0.249149
0.145202 0.086295 0.249595
0.145012 0.083799 0.246335
0.144521 0.087859 0.247928
0.144894 0.084605 0.248049
0.144285 0.087979 0.249207
0.147262 0.086218 0.243665
0.146155 0.089692 0.249959
0.145086 0.083449 0.246095
0.147065 0.089242 0.248031
0.147519 0.089602 0.245155
0.145611 0.084198 0.244325
0.144451 0.085735 0.246904
0.144975 0.082739 0.245575
0.146470 0.084561 0.244576
0.147730 0.091433 0.249395
0.147034 0.083542 0.244315
0.146964 0.084253 0.243039
0.145849 0.084558 0.245533
0.146422 0.085682 0.244205
0.145932 0.086488 0.246954
0.146415 0.084707 0.244780
0.143632 0.082683 0.244864
0.148004 0.083747 0.243461
0.146135 0.089897 0.249484
0.143514 0.084419 0.248279
0.145860 0.086180 0.246039
0.147486 0.088901 0.244409
0.144334 0.082406 0.246401
0.148014 0.091523 0.248544
0.146409 0.088411 0.249257
0.146297 0.085264 0.245446
0.145558 0.089495 0.248973
0.147411 0.086243 0.244356
0.146062 0.087824 0.249538
0.145003 0.083231 0.245911
0.147937 0.088380 0.244986
0.145829 0.083778 0.245327
0.146009 0.088625 0.247644
0.142765 0.083083 0.248488
0.144854 0.082190 0.245484
0.144849 0.082853 0.244005
0.144112 0.086101 0.249681
0.144787 0.083291 0.244666
0.143081 0.083006 0.246377
0.146792 0.085030 0.243532
0.144702 0.082871 0.244171
0.147735 0.091061 0.247513
0.144277 0.085535 0.247128
0.145108 0.088111 0.250329
0.143286 0.082643 0.248559
0.146399 0.087835 0.248531
0.146124 0.088890 0.250372
0.145728 0.085329 0.246042
0.145449 0.084864 0.244803
0.144287 0.083497 0.245483
0.145871 0.084859 0.245675
0.148186 0.085226 0.243647
0.147569 0.089397 0.244621
0.145190 0.084384 0.246352
0.145082 0.084481 0.246630
0.144341 0.088045 0.248961
0.147216 0.086427 0.243771
0.144551 0.085520 0.246543
0.144314 0.082843 0.246624
0.146232 0.087731 0.248938
0.146315 0.088086 0.247563
0.146874 0.089378 0.249083
0.146145 0.084571 0.243923
0.145042 0.086179 0.249792
0.147797 0.091901 0.247788
0.146199 0.089479 0.250157
0.146249 0.088215 0.249352
0.147718 0.091322 0.247451
0.146031 0.084376 0.243928
0.147719 0.090798 0.247689
0.144743 0.084238 0.245327
0.143062 0.083855 0.247876
0.146931 0.086245 0.244860
0.146800 0.086019 0.244818
0.143746 0.084173 0.246760
0.146176 0.084248 0.245104
0.147786 0.087207 0.244645
0.147765 0.091651 0.249261
0.144094 0.083397 0.247799
0.147086 0.090629 0.249609
0.144115 0.087253 0.249430
0.145375 0.085604 0.246999
0.146334 0.086283 0.244288
0.145257 0.085074 0.246735
0.145413 0.086323 0.245773
0.145671 0.085528 0.246227
0.145677 0.089530 0.248652
0.147795 0.090869 0.248194
0.145214 0.085568 0.247826
0.145472 0.086303 0.248999
0.146150 0.089361 0.248187
0.144375 0.082042 0.246252
0.146471 0.085292 0.244836
0.145204 0.084936 0.247252
0.148532 0.084702 0.243290
0.145587 0.087452 0.250005
0.146194 0.087095 0.246024
0.145203 0.083218 0.245760
0.147144 0.086784 0.244966
0.147491 0.090414 0.247671
0.143775 0.082799 0.245126
0.143924 0.086055 0.249144
0.146354 0.084268 0.244881
0.145543 0.085518 0.246479
0.146605 0.086789 0.245617
0.145519 0.086608 0.245837
0.144659 0.087519 0.247391
0.145097 0.086914 0.250077
0.147096 0.089659 0.248842
0.145989 0.087246 0.245781
0.144702 0.086271 0.250144
0.145819 0.085024 0.244395
0.145262 0.086386 0.249347
0.146082 0.089878 0.248511
0.144682 0.083794 0.246888
0.144000 0.087256 0.248660
0.144401 0.086660 0.247206
0.145146 0.085299 0.247822
0.147908 0.083441 0.243512
0.147800 0.091129 0.248780
0.146323 0.088545 0.249596
0.145903 0.086741 0.248837
0.146145 0.086766 0.244711
0.147232 0.085756 0.243489
0.144410 0.082850 0.244230
0.145828 0.087139 0.246722
0.145018 0.086557 0.250038
0.143225 0.083804 0.247402
0.146127 0.083341 0.244810
0.144721 0.083725 0.246584
0.143912 0.082642 0.247524
0.143763 0.084437 0.246939
0.144999 0.081763 0.245240
0.147820 0.084329 0.243760
0.146095 0.088219 0.249525
0.146353 0.088150 0.249098
0.147198 0.084380 0.242680
0.148301 0.085517 0.243689
0.146415 0.087278 0.245690
0.146562 0.088278 0.248426
0.144096 0.082917 0.247384
0.146596 0.085198 0.244682
0.147116 0.089494 0.248393
0.146788 0.089176 0.247695
0.144694 0.085901 0.246709
0.145632 0.085070 0.244655
0.147540 0.090772 0.249220
0.145155 0.082031 0.245137
0.147775 0.083620 0.243678
0.145252 0.084788 0.244990
0.147139 0.084634 0.244179
0.144199 0.085094 0.246838
0.145324 0.084384 0.246070
0.144986 0.085595 0.245942
0.146588 0.087648 0.244778
0.144390 0.087924 0.248297
0.144894 0.088910 0.249676
0.147177 0.089913 0.248664
0.147509 0.085484 0.244059
0.145578 0.084013 0.244287
0.145965 0.086360 0.244868
0.147669 0.085251 0.243904
0.145144 0.083069 0.245515
0.147982 0.087600 0.244685
0.145792 0.086687 0.245469
0.146417 0.089506 0.247665
0.143287 0.083641 0.248369
0.143451 0.083379 0.246363
0.147061 0.091494 0.248550
0.145081 0.084991 0.248127
0.145441 0.089365 0.248783
0.146986 0.086682 0.244983
0.143827 0.082534 0.247522
0.146797 0.085367 0.244683
0.148237 0.087765 0.244562
0.147363 0.091986 0.248687
0.143432 0.083746 0.248389
0.144296 0.083439 0.247128
0.146726 0.090918 0.249463
0.146054 0.086909 0.245047
0.146878 0.090834 0.249633
0.147265 0.083216 0.243799
0.144427 0.088114 0.248632
0.146906 0.091396 0.249459
0.144550 0.087145 0.247295
0.146065 0.087565 0.249254
0.145702 0.083057 0.244922
0.147879 0.091043 0.247983
0.147506 0.086581 0.243414
0.146050 0.084942 0.244137
0.145517 0.085546 0.246672
0.144265 0.087712 0.249371
0.147923 0.091607 0.248890
0.146020 0.086619 0.245055
0.144185 0.085918 0.249861
0.145982 0.089957 0.248687
0.146077 0.085718 0.245786
0.147360 0.089973 0.248069
0.147901 0.089557 0.245483
0.143367 0.084215 0.247786
0.148192 0.085396 0.243739
0.143126 0.083701 0.247461
0.148100 0.091481 0.247710
0.147261 0.089194 0.244913
0.145668 0.083945 0.245467
0.144702 0.082912 0.244338
0.144886 0.086250 0.246603
0.147719 0.091953 0.249002
0.146643 0.087930 0.244808
0.146456 0.087446 0.245510
0.147796 0.089971 0.245641
0.146121 0.083623 0.243702
0.146194 0.087527 0.245424
0.147465 0.090137 0.247952
0.144560 0.085976 0.250086
0.145393 0.089589 0.249882
0.145620 0.085710 0.246640
0.147605 0.086317 0.244259
0.143904 0.086435 0.247874
0.144274 0.087183 0.247927
0.144676 0.083282 0.246527
0.147466 0.090171 0.248174
0.147195 0.090762 0.247610
0.145007 0.085281 0.245581
0.145323 0.081682 0.244869
0.144498 0.084088 0.245570
0.143693 0.084040 0.248463
0.148009 0.088112 0.244844
0.146077 0.088242 0.249952
0.147406 0.086361 0.243543
0.147426 0.090707 0.249559
0.146778 0.090898 0.249247
0.146283 0.087607 0.248677
0.146011 0.088061 0.249970
0.144173 0.082507 0.246891
0.147003 0.085133 0.243424
0.146328 0.087913 0.248866
0.146044 0.088290 0.247539
0.145604 0.087653 0.247025
0.147835 0.091225 0.248481
0.145327 0.084728 0.246340
0.143642 0.085086 0.247977
0.145137 0.084537 0.247024
0.144498 0.083748 0.247314
0.147471 0.091423 0.247496
0.147703 0.091012 0.248976
0.144123 0.086358 0.247453
0.144010 0.087077 0.249195
0.146558 0.084924 0.243676
0.146577 0.088342 0.248250
0.147361 0.091923 0.249180
0.148150 0.091486 0.247899
0.144308 0.083846 0.248116
0.145310 0.089049 0.248222
0.145847 0.087556 0.249672
0.146421 0.088186 0.248842
0.143733 0.083045 0.248331
0.145560 0.085283 0.244812
0.146414 0.085189 0.244914
0.146862 0.085616 0.244745
0.147891 0.091797 0.248435
0.146723 0.087558 0.244244
0.144883 0.088746 0.250002
0.148068 0.084052 0.243515
0.146555 0.088529 0.248929
0.147599 0.085157 0.242276
0.147521 0.090927 0.249543
0.144850 0.084044 0.245094
0.147209 0.085045 0.243243
0.146630 0.085656 0.244995
0.146729 0.087724 0.244547
0.144401 0.084847 0.246102
0.148306 0.084954 0.243413
0.147529 0.086422 0.243307
0.144028 0.082972 0.245099
0.144946 0.087948 0.247344
0.147672 0.091776 0.247656
0.143855 0.086683 0.248454
0.146033 0.083376 0.243548
0.147023 0.084165 0.242822
0.145562 0.084746 0.244591
0.146963 0.091110 0.247989
0.145703 0.084426 0.245606
0.147820 0.091436 0.249267
0.145194 0.086688 0.249928
0.144221 0.082656 0.246717
0.146783 0.084318 0.243293
0.144083 0.086072 0.249435
0.146701 0.090439 0.247731
0.147259 0.086685 0.243709
0.147409 0.089334 0.245148
0.145393 0.084097 0.244519
0.147488 0.091612 0.247588
0.146682 0.084574 0.244408
0.146200 0.085914 0.245664
0.145916 0.085802 0.244624
0.147257 0.088757 0.244546
0.146210 0.085585 0.245614
0.144352 0.082804 0.246821
0.143901 0.083482 0.246033
0.147565 0.090262 0.248044
0.145206 0.083121 0.245589
0.144417 0.084797 0.248784
0.144643 0.086459 0.246906
0.144528 0.083434 0.245055
0.145771 0.087644 0.249960
0.145879 0.088934 0.247859
0.145532 0.085952 0.247488
0.145098 0.089158 0.249586
0.143968 0.085319 0.248876
0.144905 0.085089 0.248832
0.144220 0.085300 0.247026
0.148201 0.084481 0.243473
0.145564 0.089530 0.249252
0.146155 0.089835 0.249705
0.147226 0.087141 0.245099
0.143292 0.083741 0.247029
0.145052 0.088893 0.248302
0.146834 0.083989 0.244415
0.146260 0.084273 0.243680
0.148101 0.091417 0.248131
0.147448 0.086448 0.244474
0.143791 0.083239 0.245831
0.144547 0.088299 0.248481
0.144393 0.083584 0.247137
0.147459 0.085313 0.243094
0.144795 0.083296 0.246329
0.146096 0.090149 0.248859
0.143501 0.084375 0.247835
0.146889 0.088942 0.248536
0.145435 0.083392 0.243916
0.144424 0.082920 0.246883
0.145595 0.089564 0.250071
0.144543 0.083512 0.246850
0.145573 0.086131 0.248009
0.147516 0.084876 0.242789
0.144291 0.086853 0.247477
0.147812 0.091797 0.249115
0.143845 0.085536 0.248882
0.145291 0.085868 0.248162
0.146377 0.084468 0.244823
0.146289 0.087602 0.247505
0.147033 0.086798 0.243827
0.147502 0.086642 0.243296
0.145916 0.087772 0.247299
0.146619 0.084163 0.244430
0.146527 0.087722 0.247805
0.145025 0.084285 0.244998
0.147106 0.090153 0.247540
0.147045 0.089749 0.247504
0.143925 0.083081 0.248133
0.145408 0.086066 0.248596
0.143545 0.084504 0.248196
0.146408 0.090182 0.248314
0.144994 0.083333 0.244556
0.147880 0.091447 0.249026
0.145398 0.085893 0.247833
0.146868 0.088182 0.245305
0.144475 0.085129 0.249070
0.145591 0.083273 0.243745
0.147013 0.088086 0.243936
0.146138 0.083616 0.244996
0.145897 0.087026 0.246314
0.144134 0.082177 0.246593
0.145560 0.086833 0.246029
0.145599 0.086896 0.249552
0.144743 0.083895 0.247275
0.145257 0.088646 0.247616
0.144825 0.087578 0.247181
0.145837 0.087761 0.249934
0.145836 0.086899 0.245627
0.146592 0.083236 0.244529
0.144831 0.086614 0.250161
0.145095 0.088741 0.247866
0.145389 0.086655 0.246080
0.146188 0.084014 0.245135
0.146278 0.090106 0.249168
0.146341 0.085069 0.245171
0.144293 0.085182 0.246673
0.146919 0.091369 0.249187
0.145642 0.083643 0.243998
0.147752 0.090692 0.247970
0.144727 0.082973 0.245994
0.142502 0.083068 0.247701
0.144525 0.085033 0.246092
0.147174 0.089433 0.247787
0.144313 0.088013 0.249543
0.147479 0.087412 0.245011
0.146691 0.086745 0.245460
0.144677 0.086945 0.250256
0.144142 0.086414 0.249509
0.146900 0.087924 0.245332
0.146359 0.084637 0.244941
0.148238 0.084683 0.243470
0.148020 0.086229 0.244024
0.145277 0.086385 0.245998
0.146530 0.084168 0.243449
0.144387 0.082743 0.246278
0.145380 0.083757 0.245929
0.143602 0.082633 0.244682
0.143184 0.083459 0.248411
0.145779 0.088489 0.250355
0.144783 0.087717 0.247348
0.145145 0.086529 0.249939
0.146221 0.088834 0.250311
0.146159 0.088429 0.250035
0.148053 0.084228 0.243542
0.145974 0.087132 0.246001
0.144653 0.082153 0.245768
0.143891 0.083948 0.246382
0.144732 0.088578 0.248695
0.145921 0.086375 0.245088
0.148451 0.083948 0.243217
0.148407 0.084219 0.243316
0.146950 0.091314 0.248939
0.145158 0.085245 0.245382
0.146524 0.086139 0.245435
0.146636 0.087696 0.245333
0.146770 0.085719 0.244879
0.144713 0.086671 0.250221
0.143226 0.083370 0.246681
0.145443 0.082121 0.244817
0.148673 0.086059 0.243755
0.145747 0.085937 0.246256
0.145543 0.084677 0.246052
0.147054 0.091375 0.248157
0.147321 0.089317 0.244999
0.145094 0.086521 0.246491
0.147624 0.085750 0.243069
0.148240 0.088729 0.244865
0.144665 0.088094 0.247865
0.146502 0.085252 0.243911
0.148662 0.085659 0.243481
0.146201 0.088975 0.247758
0.145126 0.085078 0.247645
0.146241 0.087305 0.248431
0.147542 0.086561 0.244390
0.146589 0.085424 0.244874
0.146720 0.090870 0.248213
0.144912 0.086182 0.246412
0.147823 0.086155 0.244038
0.143610 0.084581 0.248055
0.145943 0.089716 0.249336
0.144385 0.083207 0.244968
0.144210 0.086375 0.250128
0.147389 0.086609 0.244627
0.146562 0.085986 0.245289
0.147321 0.091467 0.249555
0.147453 0.090255 0.248382
0.146850 0.087796 0.244085
0.145557 0.084091 0.245608
0.145511 0.088505 0.247487
0.148419 0.084976 0.243380
0.144673 0.088500 0.248425
0.144175 0.082634 0.246567
0.147246 0.090492 0.249520
0.146740 0.089423 0.249549
0.144626 0.084458 0.248455
0.145173 0.084707 0.247204
0.146791 0.088942 0.248934
0.144317 0.083767 0.247642
0.146326 0.089885 0.247746
0.147837 0.090917 0.247790
0.144180 0.086956 0.249776
0.144423 0.088178 0.249784
0.146980 0.090411 0.249575
0.147188 0.086920 0.245059
0.146449 0.084778 0.244737
0.144031 0.086892 0.248110
0.148527 0.086739 0.244199
0.146358 0.087256 0.248080
0.145047 0.084550 0.247271
0.147754 0.091248 0.249342
0.146944 0.089595 0.247561
0.145783 0.083484 0.243852
0.147827 0.091259 0.248947
0.145990 0.085064 0.245625
0.145202 0.084738 0.246524
0.144343 0.084369 0.245932
0.145371 0.085342 0.245076
0.146709 0.083653 0.243107
0.146854 0.088811 0.248209
0.145066 0.086084 0.246037
0.148870 0.084633 0.242990
0.147639 0.090019 0.245534
0.145086 0.085479 0.249065
0.146101 0.089200 0.248020
0.146949 0.089221 0.248900
0.147425 0.087688 0.245116
0.146853 0.088048 0.244492
0.145024 0.087818 0.247133
0.144380 0.083529 0.245406
0.148327 0.088476 0.244775
0.147139 0.089393 0.247925
0.147124 0.091806 0.249015
0.147223 0.090200 0.248887
0.144989 0.083129 0.244395
0.145211 0.082331 0.245164
0.143250 0.083905 0.247462
0.144097 0.082280 0.246748
0.144654 0.085628 0.249781
0.146669 0.089080 0.249252
0.146992 0.090072 0.249436
0.146558 0.090567 0.248225
0.145821 0.084299 0.245384
0.144618 0.087060 0.247173
0.147336 0.091996 0.248963
0.146332 0.087590 0.245409
0.146121 0.084492 0.245181
0.143631 0.085420 0.247872
0.145741 0.083517 0.245411
0.145399 0.082943 0.245176
0.143630 0.085731 0.248546
0.144474 0.082892 0.244478
0.143312 0.082679 0.245859
0.144748 0.087752 0.250255
0.147547 0.091248 0.249537
0.147696 0.088928 0.245266
0.146121 0.088539 0.250230
0.143706 0.084745 0.248457
0.147755 0.088192 0.245046
0.147110 0.089507 0.248635
0.145204 0.085346 0.247237
0.146239 0.089514 0.248027
0.144620 0.087474 0.250211
0.144692 0.085695 0.246536
0.147377 0.089945 0.247844
0.143178 0.083918 0.247699
0.146353 0.087557 0.245135
0.145279 0.085450 0.245283
0.145010 0.085133 0.245461
0.147778 0.091918 0.248787
0.144844 0.088868 0.249863
0.144049 0.086102 0.247544
0.146640 0.083990 0.244633
0.143673 0.083812 0.246611
0.142734 0.083082 0.247412
0.146169 0.087286 0.247263
0.146733 0.084022 0.243253
0.144417 0.088302 0.249563
0.146980 0.089498 0.248997
0.145228 0.084790 0.246803
0.145308 0.086959 0.249992
0.144559 0.086116 0.246890
0.143761 0.084969 0.248536
0.145226 0.089376 0.249790
0.145726 0.089305 0.248399
0.147748 0.090937 0.248485
0.145102 0.086015 0.249543
0.144517 0.087884 0.250042
0.145066 0.085414 0.248557
0.148358 0.084802 0.243382
0.146140 0.085439 0.244325
0.146115 0.087319 0.249017
0.145394 0.086754 0.249640
0.146567 0.090763 0.248674
0.144884 0.088725 0.248211
0.143999 0.084665 0.246555
0.147465 0.088357 0.245274
0.146829 0.083323 0.244438
0.144357 0.085749 0.249891
0.143651 0.083557 0.246374
0.145898 0.086514 0.246462
0.144979 0.083000 0.244024
0.144000 0.082776 0.244360
0.145083 0.085383 0.248813
0.146405 0.090330 0.249113
0.147368 0.090215 0.247628
0.147988 0.091165 0.248108
0.144461 0.086732 0.250214
0.144609 0.083003 0.244536
0.143715 0.085753 0.248750
0.146090 0.086267 0.244480
0.143594 0.084158 0.247054
0.148906 0.084409 0.242987
0.145283 0.085278 0.246953
0.146972 0.088495 0.244785
0.146027 0.087971 0.249743
0.144434 0.083071 0.244756
0.146619 0.090742 0.249254
0.146946 0.083750 0.244422
0.143842 0.083083 0.245588
0.146626 0.087514 0.244467
0.147809 0.091138 0.248612
0.147643 0.083781 0.243859
0.147524 0.091844 0.247804
0.145479 0.085386 0.244954
0.147170 0.087570 0.243591
0.143839 0.084353 0.246722
0.147220 0.083029 0.243860
0.147335 0.088467 0.245346
0.145696 0.087474 0.246957
0.148028 0.084811 0.243578
0.143657 0.086027 0.248661
0.144116 0.086495 0.249315
0.146534 0.085021 0.244597
0.146148 0.085762 0.244430
0.146220 0.089010 0.250294
0.147154 0.089517 0.247687
0.145111 0.082406 0.245298
0.145507 0.082530 0.244785
0.146496 0.084191 0.244693
0.146859 0.091192 0.249582
0.145198 0.084882 0.246606
0.145720 0.085578 0.244781
0.145226 0.083385 0.245917
0.143859 0.082474 0.247350
0.146056 0.083824 0.245179
0.144783 0.084128 0.245215
0.144699 0.085845 0.249920
0.144522 0.082893 0.246193
0.146666 0.087217 0.245498
0.144119 0.083112 0.245252
0.144011 0.086710 0.247921
0.147002 0.082880 0.244093
0.146317 0.085781 0.245491
0.144930 0.088777 0.248564
0.146338 0.088639 0.247673
0.144244 0.085935 0.247175
0.147204 0.083277 0.243960
0.145399 0.087575 0.246889
0.143109 0.083257 0.246641
0.143634 0.082479 0.243825
0.146013 0.086722 0.246665
0.146950 0.087137 0.245266
0.146522 0.090259 0.249573
0.144732 0.083237 0.246408
0.143778 0.084962 0.247539
0.146928 0.086504 0.245077
0.145151 0.085649 0.248110
0.144321 0.082606 0.246412
0.143696 0.084027 0.246741
0.145716 0.083422 0.245354
0.145786 0.087818 0.250171
0.145671 0.087372 0.249816
0.147266 0.087068 0.245018
0.144533 0.088340 0.249104
0.144783 0.081816 0.245457
0.145905 0.083743 0.243883
0.148067 0.085458 0.243789
0.147438 0.092050 0.249027
0.146168 0.087004 0.247183
0.148115 0.089652 0.245542
0.145679 0.082488 0.244593
0.147093 0.087387 0.245208
0.146941 0.087334 0.245274
0.147565 0.091779 0.249286
0.144482 0.083091 0.246574
0.144246 0.083998 0.248363
0.147137 0.088989 0.244956
0.144576 0.085520 0.249620
0.145810 0.084573 0.244224
0.145978 0.089711 0.249704
0.145382 0.082430 0.244957
0.145754 0.089105 0.250365
0.144256 0.086127 0.250114
0.146721 0.090938 0.248666
0.147050 0.085173 0.244373
0.145845 0.082718 0.244628
0.143644 0.082491 0.247874
0.145847 0.089718 0.249841
0.147296 0.090691 0.249617
0.147719 0.084773 0.243836
0.146564 0.088828 0.249283
0.144211 0.083616 0.247744
0.145925 0.089023 0.248104
0.146639 0.089967 0.249670
0.146612 0.088701 0.248987
0.142523 0.083022 0.248504
0.145694 0.085880 0.246781
0.145959 0.084901 0.245480
0.143922 0.084280 0.246460
0.146683 0.089452 0.247606
0.145496 0.083028 0.245071
0.146180 0.089358 0.250259
0.145559 0.088726 0.247669
0.144888 0.088412 0.250135
0.144719 0.082478 0.245778
0.146737 0.085208 0.243663
0.143627 0.082762 0.245427
0.145339 0.086484 0.249468
0.145347 0.083883 0.245962
0.144265 0.083300 0.245379
0.146508 0.088980 0.249846
0.144855 0.084478 0.245343
0.146377 0.086046 0.245558
0.146038 0.086648 0.246934
0.142867 0.083558 0.248130
0.147193 0.086622 0.244696
0.145968 0.086820 0.245228
0.143625 0.084999 0.248298
0.146237 0.090100 0.248518
0.143686 0.086130 0.248174
0.145761 0.086284 0.248143
0.144768 0.088534 0.248062
0.146414 0.085049 0.244857
0.145265 0.082101 0.245020
0.146110 0.087719 0.249126
0.146414 0.083689 0.244843
0.147627 0.087625 0.244948
0.146462 0.090000 0.247679
0.145103 0.085424 0.248244
0.148209 0.089852 0.245604
0.147115 0.086114 0.243791
0.145811 0.087500 0.249723
0.145110 0.088882 0.248066
0.147376 0.089210 0.244727
0.144190 0.085124 0.248962
0.146814 0.082791 0.244222
0.147640 0.089942 0.245217
0.145814 0.083486 0.245105
0.147587 0.089894 0.245345
0.146642 0.086308 0.245429
0.146085 0.086516 0.244625
0.147915 0.091373 0.248693
0.147096 0.085438 0.244416
0.145678 0.084580 0.245763
0.147542 0.090990 0.247475
0.144552 0.085714 0.249895
0.147307 0.087917 0.245258
0.147952 0.091729 0.248607
0.144361 0.086024 0.247048
0.144326 0.082819 0.246981
0.146801 0.091104 0.249231
0.148700 0.084093 0.243087
0.145391 0.086476 0.249313
0.146955 0.087135 0.243815
0.143875 0.082566 0.243948
0.144892 0.088281 0.247677
0.147003 0.089082 0.248303
0.145828 0.084827 0.244299
0.143972 0.085550 0.249119
0.144145 0.087588 0.249202
0.145998 0.085874 0.245839
0.144012 0.082822 0.244510
0.144991 0.084920 0.248453
0.147925 0.091784 0.247686
0.143646 0.083339 0.246128
0.146631 0.088514 0.248607
0.144697 0.085559 0.246259
0.143829 0.086514 0.248178
0.146392 0.089040 0.250142
0.148106 0.091297 0.247954
0.147890 0.091877 0.247953
0.144775 0.086719 0.250166
0.144144 0.085565 0.249379
0.142779 0.083488 0.247944
0.147382 0.085295 0.244145
0.143750 0.084492 0.247113
0.147881 0.088131 0.244950
0.146706 0.089238 0.249387
0.144409 0.085558 0.249605
0.144133 0.084445 0.248592
0.144024 0.085844 0.247427
0.145114 0.088699 0.250192
0.144021 0.087364 0.248990
0.147440 0.084080 0.244099
0.145168 0.086065 0.249350
0.145242 0.089147 0.248870
0.146248 0.090229 0.248996
0.144434 0.085321 0.246532
0.146359 0.085437 0.244161
0.142920 0.083675 0.247915
0.147430 0.083827 0.244059
0.144057 0.082321 0.246667
0.145474 0.087011 0.249784
0.146157 0.086087 0.245755
0.146871 0.086659 0.245302
0.147495 0.091873 0.248023
0.147319 0.090376 0.248945
0.144344 0.086275 0.247128
0.144872 0.086792 0.250162
0.146193 0.086420 0.245935
0.144784 0.085613 0.249658
0.145451 0.086692 0.249522
0.143590 0.082664 0.245240
0.144822 0.087204 0.246951
0.144750 0.085119 0.245832
0.143570 0.082418 0.247657
0.146598 0.088177 0.248115
0.143510 0.083686 0.246714
0.146464 0.088632 0.249399
0.144555 0.084179 0.248250
0.145020 0.082363 0.245402
0.146087 0.088086 0.249667
0.147412 0.087127 0.244953
0.144583 0.083292 0.244845
0.146433 0.086742 0.245836
0.147929 0.085173 0.243692
0.143122 0.083857 0.248128
0.143804 0.082689 0.247975
0.147556 0.088378 0.245183
0.144529 0.085372 0.246384
0.145868 0.086013 0.246014
0.147681 0.085625 0.243984
0.143076 0.083056 0.248535
0.142849 0.083447 0.247715
0.147617 0.091910 0.247826
0.145260 0.084341 0.246194
0.144857 0.084064 0.247215
0.145350 0.087082 0.246437
0.144134 0.083375 0.247530
0.145238 0.085483 0.247482
0.147176 0.090065 0.248951
0.146369 0.087121 0.244643
0.147569 0.085867 0.243248
0.146431 0.088890 0.250018
0.146982 0.085900 0.243854
0.143608 0.086007 0.248446
0.147700 0.091934 0.248009
0.143817 0.082975 0.248240
0.147836 0.086033 0.243931
0.144392 0.082294 0.246285
0.147623 0.089661 0.244745
0.145865 0.087317 0.246986
0.144972 0.086402 0.246543
0.146749 0.088583 0.248047
0.143937 0.084717 0.246825
0.144651 0.082364 0.245832
0.146008 0.086628 0.246263
0.146118 0.085101 0.245567
0.146129 0.089900 0.249271
0.147214 0.086749 0.244809
0.146664 0.086315 0.244078
0.146813 0.091094 0.248525
0.147586 0.087739 0.245004
0.144873 0.084860 0.248632
0.145566 0.086093 0.245282
0.143689 0.084804 0.247792
0.146590 0.084716 0.243568
0.146007 0.086061 0.245801
0.144381 0.087525 0.249974
0.146825 0.086288 0.245195
0.146820 0.091088 0.248967
0.144611 0.086093 0.250097
0.145061 0.085151 0.248335
0.146766 0.083013 0.244321
0.143933 0.083346 0.248255
0.144836 0.084114 0.246892
0.147383 0.088770 0.243912
0.146717 0.083424 0.244575
0.145687 0.085988 0.246947
0.145529 0.089235 0.248386
0.145924 0.086498 0.248205
0.144253 0.083091 0.245004
0.145114 0.084332 0.246433
0.143917 0.086879 0.248653
0.146284 0.086971 0.247449
0.144954 0.084407 0.246627
0.147313 0.088685 0.245355
0.147059 0.089401 0.248793
0.147461 0.091153 0.247475
0.147792 0.084537 0.243757
0.146776 0.086892 0.244063
0.145624 0.087328 0.246763
0.143773 0.085468 0.248706
0.145551 0.089684 0.249820
0.144012 0.085660 0.249280
0.146927 0.088303 0.244484
0.145942 0.087634 0.249567
0.145005 0.086761 0.250033
0.146328 0.088441 0.249441
0.143680 0.082525 0.244183
0.144542 0.085431 0.246423
0.145581 0.084854 0.246066
0.144396 0.088249 0.249357
0.146995 0.088357 0.244185
0.145187 0.085908 0.245818
0.147162 0.088808 0.245276
0.145749 0.089615 0.249093
0.146279 0.084877 0.245150
0.144847 0.084291 0.247581
0.146112 0.087572 0.247332
0.145349 0.084607 0.244798
0.144984 0.083019 0.243582
0.147258 0.089584 0.247840
0.143759 0.082574 0.247686
0.146482 0.088146 0.248612
0.146081 0.085610 0.244440
0.145317 0.083368 0.244058
0.144256 0.087572 0.249637
0.145559 0.085723 0.246865
0.146369 0.087679 0.245260
0.146507 0.087386 0.244668
0.147686 0.085973 0.243993
0.147113 0.083991 0.244277
0.146848 0.088429 0.245056
0.147233 0.085780 0.244441
0.148154 0.088397 0.244852
0.143218 0.083211 0.246450
0.146290 0.083519 0.243495
0.144970 0.088132 0.247520
0.144813 0.088720 0.249379
0.144162 0.087230 0.248183
0.146865 0.086651 0.243990
0.144100 0.084864 0.246626
0.144283 0.086806 0.250038
0.146475 0.084364 0.244546
0.147014 0.089061 0.248067
0.147528 0.088814 0.245318
0.145899 0.086057 0.244828
0.145339 0.089390 0.249332
0.148010 0.089052 0.245106
0.146575 0.083430 0.244650
0.146165 0.088367 0.249566
0.144780 0.088584 0.248939
0.143556 0.083200 0.246087
0.144815 0.083183 0.246063
0.147132 0.083839 0.244261
0.143829 0.085697 0.248964
0.147262 0.091258 0.249653
0.144846 0.083123 0.245902
0.145080 0.082209 0.245257
0.145243 0.084946 0.246469
0.147184 0.085348 0.244292
0.144356 0.084957 0.248913
0.144505 0.087313 0.247583
0.146533 0.088446 0.248871
0.146025 0.086271 0.245962
0.144412 0.083820 0.245509
0.145744 0.087950 0.247338
0.145786 0.084635 0.245687
0.144620 0.088309 0.249946
0.146587 0.090460 0.248012
0.145663 0.089083 0.248152
0.147547 0.085475 0.243089
0.145724 0.083278 0.244970
0.145293 0.087376 0.250214
0.146864 0.083579 0.244497
0.143865 0.084768 0.248592
0.146655 0.085849 0.244041
0.143767 0.084311 0.248500
0.143885 0.082341 0.247120
0.147795 0.089083 0.245256
0.146445 0.084481 0.243599
0.142996 0.083089 0.246524
0.146411 0.087769 0.247615
0.144424 0.084214 0.245742
0.142580 0.083041 0.247397
0.146611 0.082710 0.244292
0.148184 0.087310 0.244479
0.148060 0.084505 0.243531
0.143409 0.084132 0.247495
0.146689 0.088358 0.247987
0.143446 0.084370 0.248064
0.145747 0.086750 0.249159
0.145155 0.084549 0.244985
0.142888 0.083197 0.248444
0.144636 0.085413 0.249412
0.146428 0.087454 0.247709
0.146176 0.088743 0.250318
0.145004 0.086394 0.250023
0.148175 0.083937 0.243393
0.147274 0.089726 0.248054
0.146209 0.087474 0.245546
0.143581 0.085390 0.248143
0.144821 0.085481 0.246013
0.147304 0.084323 0.244153
0.146511 0.084778 0.244599
0.147219 0.088983 0.244773
0.146210 0.083140 0.244628
0.145402 0.086845 0.246226
0.148345 0.088284 0.244715
0.145728 0.086991 0.245980
0.145885 0.087997 0.250183
0.144110 0.083048 0.247359
