0.051787 0.083895 0.205159
0.054819 0.080785 0.210419
0.054237 0.084292 0.200263
0.050571 0.085382 0.202704
0.052514 0.083928 0.204357
0.049407 0.081214 0.209673
0.051028 0.085217 0.201917
0.052609 0.080923 0.210901
0.054687 0.082991 0.204846
0.049624 0.085549 0.202678
0.046690 0.082957 0.208960
0.054017 0.081048 0.210321
0.048101 0.085850 0.204174
0.049799 0.084017 0.205923
0.054278 0.083963 0.201210
0.053538 0.084082 0.202235
0.052688 0.084365 0.202750
0.046946 0.084037 0.207515
0.052761 0.083569 0.205017
0.054297 0.082126 0.208440
0.053432 0.083832 0.203728
0.054998 0.080675 0.210698
0.048476 0.084105 0.206282
0.050227 0.081054 0.210059
0.047148 0.085827 0.205139
0.047590 0.084743 0.206358
0.052264 0.083363 0.205932
0.050549 0.081745 0.208931
0.054554 0.081890 0.208766
0.042432 0.084365 0.209114
0.053903 0.083851 0.202819
0.052414 0.081125 0.210503
0.049397 0.085277 0.203845
0.055701 0.080848 0.208898
0.052453 0.084972 0.199627
0.049993 0.085369 0.203241
0.052253 0.084851 0.201673
0.052656 0.081871 0.208963
0.053216 0.084049 0.203075
0.048494 0.081514 0.209607
0.051435 0.084475 0.204055
0.047895 0.084985 0.205758
0.054090 0.081985 0.209044
0.042991 0.084437 0.209470
0.050562 0.081257 0.209958
0.048157 0.085851 0.202784
0.051871 0.082667 0.207419
0.052672 0.084215 0.203228
0.048292 0.085034 0.205444
0.053352 0.082201 0.208282
0.046621 0.086357 0.204509
0.053430 0.082996 0.206475
0.048097 0.082390 0.208924
0.054399 0.080976 0.210627
0.053676 0.084096 0.201848
0.054251 0.081272 0.210002
0.053633 0.084415 0.199238
0.043322 0.084222 0.207733
0.050883 0.085249 0.199764
0.051311 0.081417 0.209648
0.054703 0.082101 0.208186
0.046007 0.085797 0.206118
0.050549 0.084195 0.205267
0.052424 0.084355 0.203068
0.055451 0.081997 0.205798
0.054273 0.079648 0.210577
0.046466 0.085391 0.206456
0.049214 0.085516 0.201385
0.044938 0.085239 0.205680
0.045796 0.085876 0.206172
0.051375 0.083643 0.205628
0.055131 0.081576 0.208872
0.054675 0.083147 0.202693
0.049676 0.082428 0.207958
0.045782 0.083365 0.208841
0.047916 0.082020 0.209374
0.054669 0.082973 0.201937
0.052052 0.082182 0.208307
0.052838 0.084663 0.201068
0.055032 0.081936 0.204009
0.048068 0.085219 0.205137
0.052807 0.080702 0.207279
0.050569 0.085387 0.202031
0.049985 0.082956 0.206859
0.055216 0.080254 0.210913
0.051218 0.081237 0.209867
0.051269 0.084107 0.204996
0.044048 0.085648 0.207541
0.053170 0.079498 0.210389
0.050165 0.083455 0.206278
0.053236 0.083487 0.205098
0.050279 0.085575 0.201096
0.052723 0.082208 0.208313
0.051124 0.085257 0.200933
0.043000 0.084502 0.209292
0.054493 0.083303 0.200827
0.051532 0.085072 0.201944
0.045250 0.085072 0.207708
0.048830 0.080951 0.209991
0.044744 0.084143 0.208816
0.051999 0.084664 0.203035
0.048219 0.085407 0.201965
0.054150 0.083625 0.202631
0.046500 0.085871 0.203230
0.051382 0.084378 0.204302
0.052468 0.081551 0.209495
0.051774 0.085007 0.202027
0.052491 0.081818 0.209125
0.053079 0.084561 0.200922
0.048507 0.085877 0.203571
0.053523 0.080718 0.211453
0.054473 0.082215 0.201333
0.053792 0.083790 0.203438
0.042468 0.084402 0.209458
0.051663 0.085085 0.201384
0.050411 0.080825 0.210512
0.049030 0.081025 0.209922
0.046508 0.082014 0.209858
0.049280 0.085232 0.204039
0.048716 0.085464 0.201501
0.046594 0.086207 0.204821
0.045945 0.085708 0.203649
0.055229 0.082201 0.206254
0.054365 0.083638 0.201746
0.052236 0.084493 0.203066
0.047537 0.085607 0.205162
0.055265 0.080947 0.209766
0.052408 0.082234 0.208317
0.046745 0.085398 0.206244
0.045682 0.085706 0.207013
0.054582 0.081251 0.204610
0.050123 0.082708 0.207291
0.049658 0.084914 0.204567
0.049044 0.082336 0.208505
0.049899 0.081835 0.208774
0.048918 0.083408 0.207184
0.050559 0.085394 0.202229
0.055126 0.082273 0.203732
0.049088 0.082971 0.207626
0.050629 0.080997 0.210244
0.051416 0.081381 0.209754
0.054210 0.081136 0.210234
0.051918 0.081081 0.210571
0.052952 0.084734 0.200327
0.052880 0.082936 0.206656
0.051699 0.085072 0.201560
0.048048 0.082917 0.208290
0.048394 0.084264 0.206181
0.046706 0.085536 0.205916
0.044241 0.085749 0.207432
0.047496 0.082708 0.209009
0.044374 0.085395 0.207940
0.055293 0.081585 0.205184
0.051643 0.083585 0.205607
0.053861 0.081669 0.209355
0.054599 0.083052 0.201197
0.047731 0.081717 0.209760
0.054565 0.080947 0.210451
0.048754 0.085769 0.203731
0.050603 0.084980 0.203444
0.053986 0.084054 0.201421
0.054300 0.082313 0.208190
0.051672 0.085077 0.199277
0.053790 0.080767 0.211270
0.046469 0.084355 0.207563
0.045725 0.083933 0.205808
0.053399 0.081009 0.210431
0.055209 0.081602 0.208285
0.049842 0.082534 0.207688
0.046155 0.082652 0.209457
0.051218 0.081814 0.208979
0.046619 0.084117 0.207574
0.051938 0.083826 0.205177
0.050169 0.081451 0.209366
0.055075 0.082266 0.207335
0.054108 0.083511 0.199707
0.049376 0.082184 0.208331
0.048780 0.083566 0.207022
0.051076 0.083555 0.205937
0.049234 0.081142 0.209763
0.052927 0.082460 0.207726
0.048587 0.084155 0.206084
0.046114 0.086213 0.204770
0.045286 0.084285 0.208340
0.048732 0.082883 0.207975
0.048403 0.082682 0.208449
0.049540 0.084596 0.200787
0.053993 0.083237 0.199849
0.045382 0.084183 0.208348
0.045468 0.083350 0.209248
0.051393 0.085078 0.199384
0.051823 0.083768 0.205312
0.044014 0.084095 0.209348
0.054990 0.082573 0.204633
0.048367 0.085847 0.202937
0.055093 0.080439 0.211447
0.046876 0.084926 0.206723
0.054490 0.083610 0.201594
0.045725 0.084137 0.208153
0.051486 0.081953 0.208812
0.054683 0.081453 0.209669
0.054292 0.080817 0.211118
0.045497 0.086055 0.206570
0.053990 0.082277 0.208309
0.044628 0.085627 0.207550
0.054895 0.080681 0.206594
0.049601 0.082827 0.207505
0.047155 0.086287 0.203775
0.050051 0.085656 0.200953
0.054846 0.081542 0.209583
0.043594 0.085263 0.208141
0.051831 0.081095 0.210705
0.048394 0.085805 0.202697
0.052939 0.081831 0.208910
0.051733 0.083575 0.205938
0.045665 0.083771 0.208386
0.049723 0.082745 0.207466
0.049760 0.081537 0.209216
0.053874 0.082320 0.208161
0.053219 0.082115 0.208525
0.051120 0.085071 0.199521
0.053392 0.084023 0.202717
0.053158 0.084101 0.202904
0.052011 0.085120 0.199394
0.050632 0.081282 0.209975
0.054879 0.082592 0.206403
0.048812 0.081092 0.209821
0.054636 0.082208 0.201588
0.053305 0.080771 0.211316
0.049255 0.083199 0.207181
0.048498 0.085584 0.204348
0.054501 0.083584 0.201072
0.050163 0.081983 0.205733
0.050100 0.085201 0.203567
0.050623 0.083139 0.206540
0.055024 0.081626 0.209324
0.047464 0.085421 0.205446
0.048319 0.085289 0.201640
0.050423 0.081947 0.208616
0.051013 0.085329 0.200340
0.047097 0.083417 0.208164
0.047166 0.083905 0.207608
0.050526 0.081403 0.209421
0.052069 0.082770 0.207182
0.052260 0.084715 0.199121
0.051262 0.082971 0.207062
0.054792 0.080412 0.207827
0.046076 0.084096 0.207973
0.053182 0.081574 0.209480
0.054501 0.082898 0.205825
0.053614 0.083064 0.206284
0.050700 0.080011 0.209468
0.053988 0.080933 0.210508
0.045059 0.083786 0.208908
0.052757 0.084827 0.200079
0.053383 0.083580 0.204753
0.050185 0.082183 0.208248
0.046468 0.084005 0.207874
0.054264 0.080622 0.211603
0.048359 0.082983 0.207962
0.050349 0.082936 0.206817
0.047799 0.086108 0.203637
0.052973 0.084799 0.199471
0.055092 0.082173 0.202905
0.049145 0.083796 0.206649
0.044538 0.083815 0.209286
0.043843 0.085249 0.208240
0.053231 0.082182 0.201499
0.049203 0.080986 0.209986
0.045069 0.084809 0.207994
0.048542 0.084858 0.205363
0.052032 0.082962 0.206780
0.043325 0.085091 0.208252
0.051172 0.080906 0.210396
0.051363 0.084983 0.202541
0.053720 0.084213 0.201218
0.054981 0.081527 0.209555
0.048011 0.084667 0.206115
0.048735 0.082981 0.207797
0.048677 0.084383 0.205794
0.053304 0.084288 0.201682
0.049469 0.083452 0.206821
0.053503 0.082890 0.206663
0.053029 0.081568 0.209363
0.053273 0.083547 0.204940
0.046848 0.084766 0.206854
0.048998 0.084806 0.205055
0.054349 0.084097 0.199678
0.046313 0.082319 0.209572
0.051465 0.085197 0.200509
0.052868 0.084071 0.203413
0.046785 0.086120 0.203392
0.053992 0.083438 0.204859
0.054849 0.083050 0.203574
0.055133 0.080097 0.211354
0.054148 0.082596 0.207381
0.051732 0.082005 0.208671
0.051652 0.084010 0.204810
0.049833 0.085640 0.200894
0.046752 0.082443 0.209402
0.054874 0.082743 0.202450
0.047371 0.085790 0.205051
0.049472 0.081459 0.209335
0.053402 0.081493 0.209849
0.051802 0.084374 0.203919
0.052370 0.083230 0.206499
0.050272 0.082311 0.208054
0.055227 0.080610 0.207377
0.054708 0.082922 0.201743
0.051750 0.083123 0.200975
0.050587 0.085388 0.200222
0.050109 0.084507 0.204970
0.051642 0.081302 0.209938
0.052207 0.083947 0.204593
0.046662 0.082598 0.209274
0.046202 0.083038 0.209125
0.047031 0.083582 0.208033
0.055458 0.081425 0.208540
0.047093 0.085597 0.205614
0.048571 0.085075 0.201377
0.054439 0.083649 0.199916
0.047874 0.083828 0.207265
0.045925 0.085925 0.205714
0.051796 0.083523 0.206155
0.053666 0.084440 0.199432
0.054701 0.082783 0.205362
0.053103 0.083758 0.199335
0.051087 0.084794 0.203698
0.055271 0.081884 0.204941
0.048180 0.083351 0.207653
0.047530 0.082504 0.209168
0.055718 0.081885 0.207105
0.049867 0.085390 0.203397
0.050659 0.085024 0.203187
0.051824 0.081063 0.210874
0.051599 0.085181 0.199751
0.045091 0.086130 0.206886
0.053636 0.081608 0.209481
0.049383 0.085620 0.203022
0.053529 0.080801 0.211241
0.054007 0.082725 0.207123
0.046046 0.086123 0.203883
0.047860 0.085100 0.202264
0.051520 0.084987 0.199238
0.045309 0.083504 0.209152
0.050766 0.085204 0.199810
0.050937 0.084952 0.202971
0.046216 0.085935 0.205668
0.050900 0.080946 0.210268
0.055402 0.081931 0.205220
0.049738 0.084583 0.205043
0.053871 0.081410 0.209732
0.052747 0.081414 0.209868
0.052562 0.081102 0.210500
0.050991 0.080604 0.207946
0.043887 0.085513 0.207364
0.051145 0.085218 0.201349
0.054045 0.079833 0.209868
0.050240 0.085495 0.202562
0.051672 0.080833 0.207396
0.054437 0.083789 0.201127
0.049624 0.084281 0.205477
0.047737 0.085522 0.205123
0.048422 0.081643 0.209434
0.049654 0.084214 0.205636
0.055476 0.081308 0.209242
0.053090 0.080490 0.207821
0.051595 0.084376 0.204149
0.053364 0.081242 0.205001
0.044036 0.084851 0.206870
0.047870 0.085332 0.205267
0.053145 0.081545 0.209743
0.053612 0.084062 0.199229
0.053688 0.083944 0.202609
0.054655 0.083198 0.201452
0.055231 0.082344 0.204190
0.045307 0.082958 0.209704
0.054132 0.080876 0.210967
0.052443 0.084185 0.203650
0.050855 0.081965 0.208589
0.053234 0.084528 0.200663
0.054640 0.082356 0.207847
0.052581 0.081339 0.209940
0.052887 0.081508 0.209768
0.049143 0.085727 0.203364
0.050456 0.081257 0.209787
0.043289 0.084216 0.209576
0.052537 0.083558 0.205292
0.050281 0.083258 0.206428
0.054294 0.082935 0.206047
0.046930 0.083284 0.208574
0.053142 0.082194 0.208369
0.051327 0.084715 0.203661
0.049247 0.081357 0.209505
0.050713 0.085338 0.202300
0.047206 0.085004 0.206287
0.049241 0.085755 0.201682
0.055535 0.080807 0.207892
0.051361 0.083421 0.206295
0.047400 0.083080 0.208697
0.054755 0.081071 0.210036
0.054778 0.082426 0.201855
0.047903 0.084349 0.206456
0.055050 0.080413 0.209987
0.054455 0.083866 0.200902
0.052700 0.084262 0.202998
0.050084 0.085442 0.202227
0.052948 0.082825 0.206896
0.054186 0.083633 0.203648
0.050639 0.082545 0.207607
0.055201 0.082309 0.205207
0.053820 0.084099 0.201556
0.044941 0.085742 0.206324
0.053426 0.082484 0.207741
0.053076 0.081961 0.208756
0.049922 0.084658 0.204870
0.049766 0.081962 0.205952
0.050959 0.080210 0.209077
0.052611 0.082046 0.208643
0.055389 0.080536 0.209317
0.052062 0.085060 0.199245
0.043757 0.085515 0.207809
0.049126 0.085625 0.202498
0.052805 0.083402 0.205606
0.045977 0.083031 0.209285
0.044838 0.085420 0.206058
0.053607 0.082547 0.207525
0.044759 0.084905 0.206023
0.052767 0.083684 0.204773
0.054080 0.083361 0.205026
0.051560 0.084887 0.199196
0.053153 0.084690 0.199123
0.051481 0.082347 0.208041
0.049513 0.081771 0.208958
0.054795 0.082780 0.205101
0.044427 0.085226 0.208047
0.050290 0.084004 0.205653
0.043539 0.084730 0.208767
0.049043 0.084537 0.205339
0.050634 0.084680 0.204266
0.049719 0.085045 0.203912
0.050721 0.085024 0.199723
0.052807 0.083749 0.204620
0.052844 0.081371 0.209990
0.053762 0.082599 0.207334
0.048651 0.081531 0.209384
0.047386 0.083938 0.207331
0.047793 0.082829 0.208568
0.046533 0.084090 0.207732
0.054412 0.082412 0.207803
0.053582 0.084126 0.202016
0.050866 0.080135 0.209255
0.049661 0.080847 0.210104
0.049543 0.085402 0.203642
0.046654 0.082253 0.209540
0.053146 0.083328 0.205665
0.049378 0.085554 0.202786
0.052036 0.084046 0.204509
0.051712 0.085121 0.200425
0.050275 0.085507 0.201635
0.052190 0.082083 0.208520
0.044875 0.084566 0.208371
0.045801 0.085649 0.203937
0.047535 0.081708 0.209813
0.055661 0.081242 0.207290
0.051227 0.081634 0.209228
0.052249 0.081284 0.210020
0.055222 0.081376 0.209604
0.053842 0.083425 0.204948
0.048778 0.084068 0.206162
0.052374 0.084333 0.203268
0.051708 0.085082 0.201105
0.050946 0.084322 0.204722
0.046282 0.085285 0.203534
0.054031 0.082093 0.201431
0.054533 0.080859 0.211012
0.048989 0.084854 0.201177
0.049942 0.081017 0.209982
0.054318 0.083598 0.203149
0.048923 0.082207 0.208617
0.044680 0.085913 0.206777
0.052870 0.083898 0.204031
0.053528 0.084521 0.200048
0.048751 0.085714 0.202492
0.044950 0.084306 0.208523
0.051047 0.082869 0.207196
0.053056 0.080759 0.211261
0.054883 0.082146 0.207956
0.049377 0.081327 0.209435
0.054879 0.081735 0.208662
0.053611 0.082688 0.207164
0.044548 0.085947 0.206962
0.047869 0.085229 0.205433
0.047448 0.081882 0.209679
0.048342 0.081771 0.209297
0.055204 0.081914 0.204633
0.045671 0.085867 0.205765
0.053692 0.083359 0.199662
0.049683 0.083274 0.206741
0.053048 0.083473 0.205294
0.046984 0.082594 0.209235
0.050665 0.084409 0.204790
0.049967 0.083132 0.206672
0.045253 0.083385 0.209322
0.055518 0.081161 0.206517
0.042680 0.084014 0.209856
0.049484 0.085583 0.202226
0.052454 0.084542 0.202523
0.053509 0.083859 0.203471
0.053863 0.083930 0.201866
0.046390 0.085583 0.203192
0.053292 0.083872 0.203700
0.052615 0.082150 0.208475
0.044027 0.084797 0.208598
0.049219 0.084709 0.205058
0.053410 0.084332 0.201166
0.053236 0.084649 0.200065
0.047035 0.084739 0.206784
0.055190 0.082177 0.203091
0.053115 0.083819 0.204169
0.047435 0.083804 0.207645
0.053522 0.084445 0.199050
0.047198 0.083104 0.205736
0.050263 0.079817 0.209521
0.048716 0.085411 0.204329
0.044616 0.083118 0.209896
0.044389 0.085743 0.206855
0.045806 0.085908 0.206641
0.053191 0.080850 0.211047
0.054526 0.083592 0.200723
0.048241 0.084759 0.205804
0.051867 0.084398 0.199276
0.043591 0.084373 0.209328
0.045518 0.083987 0.208367
0.053418 0.080638 0.206517
0.050034 0.083657 0.206214
0.045987 0.085570 0.206729
0.052970 0.084084 0.203286
0.046112 0.085597 0.203432
0.048340 0.081147 0.209949
0.052124 0.083458 0.206115
0.044757 0.083157 0.209783
0.052857 0.084279 0.202744
0.054687 0.080391 0.206479
0.047864 0.085963 0.204021
0.051398 0.085260 0.200054
0.054296 0.083299 0.200023
0.044435 0.084767 0.208483
0.049080 0.085063 0.204706
0.047963 0.084105 0.206873
0.053829 0.080352 0.208097
0.053312 0.083327 0.205526
0.055118 0.082574 0.203855
0.052148 0.084638 0.202823
0.052912 0.084683 0.200884
0.052618 0.084318 0.199125
0.055390 0.081160 0.209609
0.052699 0.082011 0.208757
0.045302 0.084926 0.207809
0.047463 0.085992 0.204563
0.054400 0.083517 0.203687
0.047207 0.081869 0.209727
0.048711 0.083446 0.207203
0.054915 0.082441 0.202507
0.055469 0.081982 0.205450
0.048650 0.085788 0.203006
0.052258 0.084454 0.199143
0.050433 0.085032 0.203272
0.044146 0.085657 0.207011
0.052229 0.083892 0.204682
0.044644 0.084822 0.208319
0.046372 0.086287 0.204002
0.042576 0.084303 0.208514
0.050389 0.085441 0.201860
0.053857 0.083949 0.199395
0.050922 0.081900 0.208745
0.051631 0.080416 0.208743
0.045613 0.086025 0.206721
0.046779 0.084176 0.207494
0.047201 0.084512 0.203531
0.048238 0.085982 0.203715
0.054408 0.083320 0.204679
0.053779 0.080588 0.211649
0.050892 0.085330 0.201412
0.052203 0.083758 0.204921
0.049557 0.082747 0.207655
0.054374 0.083100 0.200383
0.053869 0.083566 0.204417
0.053999 0.083586 0.204129
0.053238 0.084406 0.199056
0.049294 0.082784 0.207844
0.052299 0.083611 0.205301
0.051462 0.080553 0.208106
0.050316 0.084122 0.205493
0.046082 0.083913 0.208189
0.043664 0.083713 0.209870
0.049680 0.084094 0.205829
0.046357 0.083649 0.208354
0.042672 0.084521 0.208722
0.053409 0.084571 0.199760
0.052921 0.083233 0.199916
0.050387 0.084479 0.204857
0.049696 0.085679 0.201754
0.049030 0.082866 0.207778
0.052243 0.081768 0.209236
0.046174 0.082271 0.209760
0.045866 0.085860 0.206288
0.048460 0.082536 0.208590
0.050243 0.084359 0.200286
0.046719 0.085666 0.205718
0.055000 0.080690 0.210154
0.054555 0.083444 0.201705
0.051626 0.084097 0.199671
0.051808 0.081802 0.209076
0.051516 0.085017 0.202246
0.048936 0.083986 0.206267
0.048958 0.082729 0.208145
0.053488 0.084335 0.200974
0.054705 0.083091 0.203849
0.050434 0.085502 0.201368
0.043964 0.084033 0.209442
0.053958 0.083816 0.202544
0.051897 0.083592 0.205502
0.045041 0.083555 0.209268
0.054567 0.082931 0.205569
0.051799 0.081959 0.208768
0.047698 0.083690 0.207667
0.053093 0.080139 0.208961
0.051400 0.085135 0.201523
0.053035 0.084515 0.201153
0.052376 0.084978 0.200048
0.045915 0.086161 0.204655
0.050054 0.085563 0.201532
0.046545 0.083793 0.208100
0.047046 0.085962 0.204979
0.049391 0.085038 0.204303
0.055343 0.082126 0.206175
0.054335 0.083589 0.202862
0.055100 0.081944 0.207987
0.052281 0.082361 0.208041
0.050736 0.084015 0.205455
0.054461 0.083067 0.200850
0.054792 0.080508 0.211773
0.046416 0.085948 0.205518
0.053842 0.083954 0.201997
0.054889 0.080774 0.211293
0.048762 0.084492 0.205636
0.051986 0.084996 0.201092
0.054517 0.082714 0.206764
0.052595 0.083669 0.204865
0.044945 0.084017 0.208771
0.053540 0.081389 0.209942
0.053693 0.083272 0.205656
0.042880 0.084172 0.209755
0.046234 0.085499 0.206590
0.051668 0.084094 0.204585
0.048406 0.083790 0.206936
0.051560 0.083686 0.205467
0.049313 0.085661 0.201512
0.048975 0.085683 0.202243
0.054069 0.081379 0.209611
0.048983 0.085758 0.201749
0.051984 0.084665 0.199145
0.050577 0.085456 0.200768
0.055000 0.082727 0.204511
0.055100 0.080775 0.206627
0.042584 0.084465 0.209368
0.054492 0.081030 0.210270
0.049254 0.085481 0.203714
0.052004 0.084303 0.203801
0.053355 0.083387 0.205192
0.052805 0.080927 0.210725
0.054525 0.082903 0.200991
0.047911 0.084721 0.202478
0.050078 0.083763 0.201643
0.047362 0.083367 0.208240
0.049377 0.080261 0.208605
0.052910 0.080815 0.211129
0.049310 0.084987 0.200865
0.048732 0.085647 0.201710
0.045377 0.084877 0.205053
0.042647 0.084466 0.209244
0.055183 0.081735 0.208101
0.051581 0.083881 0.205286
0.047944 0.082779 0.208455
0.047127 0.084792 0.206666
0.051047 0.083304 0.206435
0.044626 0.083923 0.209128
0.054858 0.080357 0.211882
0.051460 0.083254 0.206656
0.045927 0.086094 0.204948
0.054959 0.082244 0.207530
0.054749 0.080330 0.207021
0.054562 0.083731 0.200126
0.044787 0.083866 0.206722
0.053588 0.081681 0.209315
0.053405 0.084016 0.202954
0.050403 0.084817 0.203822
0.050017 0.080933 0.210105
0.053997 0.084382 0.200076
0.054910 0.082760 0.202682
0.051182 0.084892 0.203296
0.050050 0.081939 0.208593
0.051244 0.082280 0.208086
0.047701 0.082688 0.208890
0.048472 0.084874 0.205464
0.047368 0.084860 0.206391
0.046859 0.083461 0.208271
0.049655 0.084927 0.204154
0.050081 0.082264 0.208149
0.054781 0.081519 0.209608
0.052758 0.082876 0.206820
0.054477 0.082166 0.208337
0.049607 0.081948 0.208612
0.048435 0.085516 0.201995
0.052381 0.084069 0.203991
0.050499 0.084684 0.204343
0.054021 0.080717 0.205698
0.053494 0.082127 0.208526
0.049813 0.085470 0.203284
0.052993 0.083725 0.204579
0.051105 0.084886 0.202897
0.046471 0.086106 0.205019
0.053062 0.082895 0.200259
0.046605 0.084916 0.206884
0.051962 0.084986 0.201658
0.052816 0.080863 0.211016
0.045562 0.083556 0.208591
0.043168 0.084788 0.207894
0.048070 0.083891 0.207059
0.054117 0.083746 0.201935
0.049121 0.085338 0.204136
0.054420 0.083456 0.204105
0.049608 0.083886 0.206388
0.053540 0.081901 0.208836
0.054617 0.079775 0.210789
0.047263 0.082607 0.209173
0.046380 0.083342 0.208637
0.043440 0.085117 0.207693
0.049554 0.082296 0.205346
0.044836 0.082984 0.209902
0.044023 0.084156 0.209214
0.053266 0.084091 0.202530
0.053488 0.084292 0.199120
0.049490 0.082616 0.207940
0.055827 0.080994 0.208365
0.050768 0.084733 0.204062
0.054733 0.081793 0.208761
0.053995 0.084211 0.200851
0.048070 0.085785 0.204385
0.052752 0.080750 0.211282
0.048385 0.085092 0.201525
0.050397 0.081115 0.210057
0.050347 0.083400 0.206237
0.054861 0.082838 0.202532
0.055165 0.082667 0.203379
0.051655 0.084710 0.199210
0.047825 0.085561 0.202441
0.053025 0.080900 0.210887
0.051813 0.084210 0.204307
0.054905 0.081074 0.205229
0.053466 0.083783 0.204039
0.052691 0.083196 0.206377
0.046936 0.083995 0.207596
0.045270 0.085333 0.205020
0.047587 0.084395 0.206719
0.055249 0.081803 0.207869
0.048009 0.085301 0.202154
0.052830 0.081746 0.209102
0.048359 0.085889 0.203956
0.054292 0.083506 0.204191
0.049561 0.082128 0.208404
0.052779 0.084563 0.201651
0.048661 0.084751 0.201598
0.044765 0.083662 0.209298
0.055226 0.080515 0.210891
0.044770 0.085438 0.207613
0.055025 0.081992 0.203067
0.048412 0.085614 0.202202
0.051671 0.083216 0.206653
0.053386 0.081558 0.209684
0.055635 0.081339 0.208659
0.051799 0.081444 0.209746
0.054791 0.082932 0.202504
0.048674 0.085581 0.204182
0.051762 0.082978 0.206781
0.043289 0.085078 0.208038
0.047809 0.084805 0.206063
0.047193 0.081250 0.207919
0.047876 0.084295 0.206661
0.051350 0.082620 0.207553
0.053470 0.083277 0.205698
0.048606 0.082665 0.208411
0.048261 0.082411 0.208835
0.048903 0.081447 0.209451
0.050835 0.081135 0.210087
0.049417 0.082974 0.207201
0.048721 0.085692 0.202310
0.055163 0.082095 0.203263
0.052146 0.085051 0.199621
0.048218 0.085135 0.201722
0.051692 0.081048 0.210862
0.053424 0.082599 0.207297
0.051560 0.080396 0.209115
0.046500 0.083663 0.208231
0.052195 0.085032 0.199899
0.052272 0.084321 0.203432
0.054753 0.081781 0.203055
0.051406 0.084790 0.203386
0.053207 0.082808 0.206817
0.052598 0.082410 0.207901
0.047524 0.082306 0.209308
0.050797 0.083268 0.206389
0.053957 0.084369 0.199550
0.054553 0.082202 0.208207
0.055700 0.080902 0.208190
0.050090 0.085092 0.200205
0.054231 0.083656 0.203415
0.052695 0.084787 0.200807
0.049011 0.085631 0.201558
0.054887 0.082940 0.203322
0.042171 0.084162 0.209198
0.051504 0.080316 0.209613
0.055183 0.082657 0.203631
0.053286 0.084173 0.202260
0.050461 0.084782 0.199865
0.050826 0.081407 0.209526
0.054515 0.079628 0.211175
0.053874 0.083505 0.199575
0.049976 0.085516 0.202690
0.051277 0.085266 0.200384
0.050353 0.082656 0.207339
0.047375 0.085350 0.205770
0.053487 0.083164 0.206120
0.047708 0.083182 0.208368
0.051893 0.085109 0.199270
0.052276 0.081633 0.209409
0.048701 0.082533 0.208546
0.055008 0.080289 0.209675
0.052184 0.082657 0.201322
0.049301 0.081451 0.209412
0.051658 0.081057 0.210390
0.052812 0.081220 0.210214
0.042832 0.084380 0.209568
0.054718 0.082117 0.208089
0.051889 0.081114 0.210314
0.053904 0.082796 0.206903
0.054638 0.083071 0.202318
0.049772 0.085338 0.203579
0.048929 0.085661 0.202598
0.052452 0.083594 0.205110
0.046733 0.083993 0.207667
0.047550 0.085883 0.204680
0.053484 0.084210 0.201836
0.045689 0.085851 0.204340
0.054773 0.082643 0.205948
0.050848 0.084187 0.205075
0.048268 0.085558 0.204547
0.052534 0.084793 0.201090
0.054771 0.082858 0.204933
0.050412 0.084955 0.203656
0.054665 0.083086 0.201749
0.055205 0.080265 0.210735
0.047329 0.083608 0.207878
0.045506 0.085611 0.204704
0.047697 0.083490 0.207961
0.046940 0.085676 0.205581
0.044600 0.083402 0.209649
0.049646 0.081684 0.209072
0.052676 0.082544 0.207573
0.048892 0.084493 0.205471
0.047827 0.083716 0.207475
0.054973 0.082575 0.204834
0.055862 0.081700 0.207051
0.049626 0.083790 0.206515
0.050071 0.082613 0.207490
0.051680 0.081708 0.209248
0.049147 0.084310 0.205631
0.053308 0.083256 0.199752
0.053801 0.083601 0.204073
0.051089 0.082689 0.207464
0.052114 0.085008 0.200479
0.048582 0.084518 0.205702
0.051062 0.085281 0.201125
0.055249 0.082225 0.206439
0.051631 0.081497 0.209618
0.045807 0.084504 0.207867
0.048479 0.083032 0.207826
0.049315 0.081970 0.208866
0.049632 0.082535 0.207807
0.051205 0.085301 0.199990
0.044609 0.083589 0.209446
0.048833 0.085025 0.204903
0.050854 0.084302 0.199912
0.047322 0.082325 0.209365
0.053723 0.083373 0.205156
0.052624 0.084088 0.203706
0.044741 0.085744 0.206515
0.046208 0.085645 0.206248
0.054922 0.080864 0.205732
0.044492 0.084468 0.208627
0.054619 0.080898 0.210688
0.048429 0.084547 0.205827
0.045608 0.083387 0.208749
0.052124 0.084092 0.204259
0.049254 0.085183 0.204212
0.047432 0.085913 0.202939
0.050583 0.082379 0.207894
0.052728 0.082819 0.207033
0.054369 0.082613 0.207169
0.054530 0.083939 0.200286
0.052392 0.081055 0.210699
0.051420 0.081581 0.209360
0.052070 0.080793 0.211116
0.051820 0.084945 0.202263
0.053676 0.082859 0.200033
0.050570 0.082649 0.207418
0.054522 0.083448 0.202980
0.051493 0.083500 0.206108
0.052560 0.084923 0.199880
0.050358 0.084711 0.204468
0.054898 0.081986 0.208135
0.053559 0.083647 0.204429
0.047261 0.083190 0.208607
0.054826 0.082400 0.207274
0.052993 0.084312 0.202248
0.050124 0.085534 0.200548
0.054495 0.083600 0.201696
0.042308 0.084155 0.209782
0.055005 0.080353 0.211671
0.053188 0.084380 0.201377
0.053697 0.083293 0.205509
0.051839 0.085049 0.200997
0.051264 0.085035 0.202274
0.051274 0.085217 0.201057
0.043905 0.083719 0.209818
0.055896 0.081471 0.206872
0.045134 0.085764 0.207304
0.052828 0.084492 0.201872
0.046617 0.083614 0.208256
0.051831 0.085017 0.201844
0.051227 0.083142 0.206770
0.050139 0.083156 0.206559
0.049675 0.085218 0.203781
0.045507 0.083129 0.209404
0.055525 0.081933 0.207312
0.048587 0.083631 0.207038
0.045466 0.085742 0.205594
0.045478 0.084915 0.207705
0.053496 0.084416 0.200664
0.054617 0.081836 0.208989
0.043649 0.083966 0.209711
0.046677 0.085469 0.202939
0.050951 0.084761 0.203872
0.054488 0.083355 0.204285
0.050066 0.083354 0.206455
0.046152 0.085828 0.205855
0.048098 0.083192 0.207906
0.050937 0.080296 0.208690
0.051443 0.080357 0.209375
0.048505 0.083786 0.206884
0.053646 0.082285 0.208243
0.049734 0.083068 0.206861
0.052476 0.082481 0.207799
0.047370 0.084310 0.206888
0.046647 0.084554 0.207205
0.050686 0.085423 0.201308
0.046876 0.082130 0.209538
0.050761 0.082310 0.208058
0.051555 0.084245 0.204412
0.047305 0.082867 0.208899
0.046751 0.085843 0.205395
0.054207 0.082336 0.201031
0.054397 0.082670 0.206968
0.049870 0.081069 0.209894
0.048961 0.085101 0.201133
0.053315 0.082698 0.207126
0.053240 0.083408 0.205277
0.055201 0.080451 0.211225
0.043293 0.083926 0.209806
0.050469 0.082083 0.208396
0.053028 0.084756 0.199234
0.048031 0.081841 0.209477
0.053470 0.083353 0.205380
0.053534 0.083687 0.199419
0.054730 0.080839 0.211070
0.052468 0.082373 0.208051
0.055081 0.081393 0.209700
0.054834 0.082821 0.204698
0.055438 0.081217 0.206181
0.054432 0.081945 0.208602
0.046812 0.081908 0.209814
0.053292 0.083711 0.204467
0.045056 0.084606 0.208195
0.045201 0.084134 0.208503
0.044630 0.084579 0.208462
0.055221 0.080401 0.210751
0.049953 0.081579 0.209163
0.054174 0.084213 0.200580
0.054535 0.083266 0.201080
0.047027 0.081792 0.209837
0.053824 0.082829 0.206687
0.054027 0.083924 0.201558
0.054499 0.081437 0.209615
0.051267 0.085288 0.200171
0.050626 0.081207 0.210042
0.044830 0.084898 0.208093
0.051898 0.081008 0.206850
0.052639 0.081506 0.209673
0.055292 0.082157 0.207226
0.054794 0.080685 0.206069
0.052386 0.082780 0.207137
0.051990 0.084503 0.203383
0.053533 0.082721 0.207066
0.050414 0.084772 0.204045
0.047731 0.086100 0.203429
0.043861 0.083960 0.209575
0.046929 0.084281 0.207298
0.053347 0.082003 0.208699
0.047942 0.085858 0.202828
0.054949 0.082581 0.205003
0.051239 0.083632 0.205772
0.050758 0.085227 0.202699
0.050128 0.084783 0.200085
0.046952 0.081945 0.209761
0.046698 0.085500 0.206102
0.054510 0.083261 0.202512
0.045311 0.086109 0.206800
0.049942 0.085511 0.202071
0.051668 0.081876 0.208911
0.049369 0.084367 0.205490
0.053781 0.082002 0.208820
0.045731 0.085981 0.204708
0.048538 0.083904 0.206631
0.054889 0.082067 0.202697
0.046733 0.086348 0.204097
0.049893 0.085647 0.201228
0.047644 0.086045 0.203171
0.050821 0.085359 0.200625
0.054308 0.083097 0.205669
0.053971 0.082487 0.207826
0.053808 0.081187 0.210252
0.046944 0.086252 0.203719
0.048575 0.083375 0.207302
0.052930 0.079621 0.210087
0.051920 0.085078 0.200395
0.046786 0.085928 0.203075
0.047229 0.085918 0.204975
0.049885 0.083628 0.206446
0.051301 0.082105 0.208386
0.051112 0.081952 0.208709
0.047114 0.084942 0.206512
0.048067 0.085161 0.205392
0.052734 0.083776 0.199384
0.051890 0.085015 0.201415
0.046587 0.085140 0.206741
0.055135 0.082617 0.204313
0.050814 0.085278 0.202128
0.055294 0.080592 0.209624
0.047057 0.082059 0.209612
0.047636 0.082998 0.208606
0.044010 0.084546 0.206913
0.053986 0.079510 0.210638
0.052482 0.082883 0.200672
0.054495 0.079843 0.210229
0.049804 0.085639 0.201550
0.053105 0.081582 0.209286
0.045299 0.085907 0.207177
0.054116 0.083535 0.204374
0.054023 0.080531 0.211734
0.053753 0.084275 0.200877
0.051944 0.083541 0.206066
0.054052 0.079477 0.210850
0.044760 0.085209 0.207839
0.054988 0.079896 0.211582
0.055775 0.080842 0.208456
0.053823 0.080947 0.210654
0.052449 0.084857 0.199190
0.047820 0.081431 0.209960
0.050389 0.081680 0.208985
0.048139 0.082563 0.208542
0.044295 0.085635 0.207665
0.046700 0.085971 0.205168
0.051442 0.080987 0.210452
0.051077 0.084903 0.203139
0.050382 0.081649 0.209078
0.050312 0.081563 0.209250
0.055161 0.082154 0.203478
0.050163 0.085591 0.201346
0.054066 0.083694 0.203519
0.049978 0.085570 0.201796
0.044227 0.084853 0.208519
0.042052 0.084062 0.209431
0.055605 0.081140 0.207607
0.051002 0.085326 0.200062
0.045591 0.084778 0.207781
0.055710 0.081620 0.207249
0.049476 0.085070 0.204018
0.052558 0.083807 0.204643
0.044414 0.085108 0.206445
0.046452 0.085498 0.206323
0.053549 0.082793 0.200210
0.052307 0.081149 0.210382
0.052201 0.082883 0.206961
0.048974 0.084381 0.205645
0.049930 0.085229 0.203659
0.048324 0.083489 0.207268
0.051312 0.085107 0.202053
0.053454 0.084258 0.201393
0.054210 0.083017 0.205881
0.054545 0.083348 0.203093
0.043392 0.083842 0.209848
0.049614 0.084844 0.200559
0.049374 0.083909 0.206288
0.050380 0.081292 0.209562
0.049926 0.084932 0.204037
0.053124 0.084645 0.200523
0.054245 0.083865 0.201533
0.049688 0.081842 0.208821
0.047551 0.083842 0.207471
0.050206 0.083601 0.206070
0.051420 0.085152 0.201217
0.044388 0.083970 0.209211
0.055519 0.081414 0.208274
0.049965 0.082358 0.207958
0.046644 0.086242 0.203774
0.051537 0.083060 0.206821
0.055338 0.081704 0.207636
0.051360 0.081721 0.209147
0.044047 0.085077 0.208353
0.051894 0.084779 0.202868
0.053050 0.084439 0.201553
0.046496 0.085322 0.206598
0.051950 0.080335 0.209385
0.047046 0.085300 0.202758
0.047934 0.081821 0.209585
0.052333 0.084690 0.202284
0.051360 0.083561 0.205930
0.052886 0.081605 0.209421
0.050017 0.085368 0.200415
0.052935 0.080710 0.211414
0.052946 0.084649 0.200962
0.051493 0.085111 0.201717
0.051816 0.085149 0.199392
0.055039 0.080529 0.210448
0.055545 0.081397 0.207817
0.050660 0.081629 0.209181
0.042704 0.084475 0.209050
0.050994 0.084090 0.205194
0.049617 0.085482 0.200870
0.049350 0.085602 0.203464
0.051322 0.084549 0.199452
0.047687 0.084486 0.206538
0.051633 0.082911 0.207020
0.054763 0.080079 0.209966
0.049815 0.084566 0.200478
0.053192 0.081781 0.209012
0.055157 0.082041 0.204284
0.043959 0.085558 0.207825
0.053981 0.080783 0.211120
0.049566 0.082387 0.208149
0.054152 0.084346 0.200135
0.049530 0.080890 0.210023
0.051162 0.085214 0.199700
0.047130 0.082678 0.209169
0.049827 0.083823 0.206307
0.049856 0.082198 0.208255
0.045216 0.085196 0.207616
0.051972 0.083191 0.206620
0.049911 0.084896 0.204341
0.045945 0.084667 0.207652
0.046401 0.085066 0.206963
0.048867 0.081573 0.209282
0.054990 0.082809 0.203291
0.049606 0.080845 0.210233
0.054737 0.082478 0.201453
0.046223 0.085721 0.205984
0.049954 0.085505 0.200526
0.051060 0.081332 0.209801
0.049225 0.085659 0.202199
0.045873 0.083425 0.208598
0.047805 0.083323 0.208147
0.047272 0.083993 0.207182
0.050450 0.083487 0.206122
0.052437 0.081224 0.210186
0.046171 0.083216 0.208977
0.049825 0.085504 0.202841
0.051534 0.081982 0.208723
0.046262 0.084936 0.207174
0.055818 0.081138 0.208520
0.044748 0.084045 0.208923
0.055366 0.082177 0.205328
0.052581 0.083054 0.206617
0.050465 0.085337 0.200177
0.045136 0.085439 0.207463
0.049652 0.084786 0.204816
0.055696 0.080944 0.209183
0.046457 0.085653 0.205868
0.049479 0.081947 0.208754
0.051989 0.081746 0.209212
0.045096 0.086054 0.207079
0.044945 0.083117 0.209734
0.052833 0.080999 0.210566
0.043113 0.084266 0.209621
0.053088 0.083605 0.204810
0.054283 0.083429 0.204517
0.055652 0.081131 0.207930
0.048988 0.085415 0.201403
0.055784 0.081762 0.206697
0.053184 0.082263 0.208139
0.042621 0.084475 0.208887
0.052138 0.084939 0.201370
0.049529 0.083967 0.206066
0.052861 0.083485 0.205371
0.055210 0.082151 0.204504
0.046299 0.083260 0.208801
0.047907 0.085911 0.204229
0.049924 0.080870 0.210207
0.054672 0.083228 0.202977
0.051968 0.082592 0.207618
0.053113 0.082615 0.207309
0.048836 0.083130 0.207567
0.050336 0.085454 0.202347
0.054491 0.083300 0.200560
0.055096 0.080896 0.206124
0.046562 0.086375 0.204193
0.051116 0.081724 0.209081
0.047490 0.085128 0.202504
0.053432 0.084174 0.202121
0.048401 0.083253 0.207597
0.051348 0.084921 0.202815
0.047368 0.085909 0.204856
0.052274 0.083985 0.204428
0.049929 0.079727 0.209512
0.046137 0.084447 0.204806
0.050825 0.081571 0.209287
0.054430 0.082021 0.201781
0.051531 0.083611 0.205760
0.054498 0.083230 0.202113
0.042793 0.084482 0.209399
0.052051 0.084182 0.204041
0.049239 0.083064 0.207314
0.047487 0.082916 0.208804
0.043443 0.085021 0.208406
0.051452 0.083441 0.206262
0.049879 0.081404 0.209424
0.054582 0.082069 0.201744
0.051074 0.080121 0.209684
0.046284 0.082771 0.209297
0.047065 0.085969 0.203034
0.055037 0.082384 0.202772
0.049654 0.085490 0.203431
0.047049 0.086120 0.203266
0.051792 0.081093 0.210785
0.052700 0.084820 0.200504
0.054177 0.083392 0.204801
0.050145 0.084798 0.204480
0.053851 0.082649 0.200471
0.047335 0.085671 0.205198
0.055469 0.082055 0.206659
0.046716 0.086375 0.204321
0.051454 0.084139 0.204748
0.054093 0.082382 0.208045
0.047200 0.085481 0.205754
0.055303 0.082103 0.205129
0.050921 0.085176 0.199688
0.054887 0.081669 0.203975
0.045126 0.083659 0.209082
0.052961 0.084688 0.200679
0.054893 0.081829 0.208289
0.046063 0.082365 0.209631
0.046771 0.083232 0.208710
0.047127 0.086256 0.204249
0.052303 0.080026 0.209739
0.046168 0.085780 0.203432
0.047711 0.082197 0.209313
0.051892 0.082032 0.208603
0.049002 0.085709 0.203522
0.054572 0.083241 0.204498
0.054294 0.083292 0.205000
0.051369 0.083981 0.205223
0.045983 0.084768 0.207508
0.044294 0.084090 0.209117
0.045691 0.084334 0.208044
0.052320 0.084532 0.202649
0.044853 0.083899 0.208908
0.046952 0.086300 0.204444
0.049209 0.085182 0.201012
0.047190 0.086191 0.203498
0.045571 0.085797 0.205278
0.052301 0.084977 0.200208
0.053743 0.082778 0.207030
0.052110 0.082392 0.207892
0.044105 0.085707 0.207231
0.048515 0.085128 0.204969
0.052396 0.084928 0.200404
0.046945 0.085311 0.206243
0.054528 0.082481 0.207329
0.046373 0.086027 0.203516
0.050765 0.084571 0.199731
0.047933 0.085426 0.205022
0.051234 0.084487 0.204215
0.050530 0.081846 0.208760
0.054842 0.079987 0.210459
0.049822 0.082931 0.207028
0.044300 0.084335 0.208864
0.046101 0.086232 0.204524
0.045043 0.085684 0.206095
0.051906 0.080561 0.208054
0.054111 0.082876 0.206508
0.053442 0.081594 0.209495
0.051055 0.081538 0.209382
0.047804 0.085596 0.204906
0.055126 0.080647 0.206980
0.054030 0.083805 0.202119
0.049802 0.081338 0.206958
0.052185 0.083247 0.206571
0.053367 0.084585 0.200207
0.048518 0.085734 0.202462
0.052386 0.083235 0.206049
0.052305 0.081968 0.203875
0.051726 0.081595 0.209442
0.049057 0.082810 0.207961
0.051130 0.081070 0.210133
0.053596 0.082009 0.208710
0.052970 0.082201 0.208331
0.051249 0.080326 0.208983
0.047523 0.082115 0.209378
0.047889 0.084041 0.207008
0.053576 0.082400 0.207977
0.050140 0.085476 0.201938
0.051019 0.082963 0.206995
0.054408 0.083346 0.202357
0.048337 0.083949 0.206769
0.047205 0.084207 0.207067
0.043746 0.085460 0.207941
0.047986 0.085724 0.204542
0.055226 0.082498 0.203186
0.054204 0.084376 0.199915
0.047536 0.085270 0.205627
0.052743 0.084412 0.202431
0.053534 0.084470 0.200343
0.053084 0.082245 0.201101
0.055077 0.082377 0.204896
0.055728 0.080784 0.208617
0.055198 0.082485 0.204173
0.050125 0.081621 0.209104
0.048629 0.080113 0.208902
0.044612 0.084969 0.206278
0.043789 0.085127 0.207229
0.047815 0.083024 0.208401
0.055054 0.080629 0.211284
0.043594 0.085357 0.207806
0.051590 0.084793 0.203170
0.047619 0.083335 0.208223
0.054801 0.082209 0.202268
0.055163 0.080698 0.209904
0.045642 0.085948 0.206358
0.047428 0.085652 0.202697
0.049927 0.084815 0.204631
0.048907 0.085692 0.202429
0.054834 0.082519 0.206927
0.051849 0.085148 0.199565
0.049480 0.085600 0.203274
0.045368 0.083006 0.209601
0.047933 0.086023 0.203259
0.048118 0.085938 0.204006
0.043964 0.084460 0.208850
0.046053 0.084400 0.207790
0.053921 0.082456 0.200747
0.055508 0.081717 0.207455
0.043662 0.085294 0.207502
0.051954 0.083865 0.205010
0.052012 0.081049 0.210796
0.048913 0.083877 0.206537
0.043055 0.084546 0.209092
0.051407 0.085177 0.200806
0.053711 0.081945 0.202282
0.055751 0.081165 0.208816
0.051633 0.082584 0.207622
0.050409 0.083157 0.206509
0.044842 0.085950 0.207263
0.047326 0.083929 0.207475
0.054786 0.080535 0.206532
0.046472 0.085820 0.205683
0.051251 0.084246 0.204691
0.044152 0.083688 0.209689
0.050749 0.081290 0.209894
0.043323 0.084073 0.209713
0.047711 0.082789 0.208732
0.046719 0.082105 0.209668
0.051546 0.084532 0.203884
0.054373 0.084083 0.200699
0.050702 0.082868 0.207018
0.054470 0.082460 0.207636
0.049543 0.085602 0.201340
0.050709 0.085138 0.202961
0.054695 0.082380 0.207534
0.054361 0.084241 0.200103
0.049062 0.085595 0.202780
0.050203 0.080009 0.209013
0.047753 0.085733 0.204720
0.053873 0.082701 0.207199
0.052202 0.084689 0.202534
0.052317 0.080950 0.210949
0.053608 0.082233 0.200998
0.051409 0.081030 0.210254
0.052661 0.084009 0.203939
0.054099 0.082761 0.206778
0.048753 0.085005 0.201264
0.055082 0.080121 0.210732
0.048097 0.083994 0.206834
0.049266 0.085612 0.202376
0.048184 0.084975 0.205616
0.050940 0.084630 0.204198
0.050267 0.082390 0.207862
0.055459 0.080589 0.209010
0.053782 0.082564 0.207533
0.044318 0.083737 0.209480
0.045492 0.085058 0.207583
0.044904 0.083782 0.209084
0.055675 0.081309 0.208447
0.054022 0.082058 0.208881
0.051919 0.081850 0.208949
0.053663 0.083037 0.199919
0.045298 0.085976 0.206424
0.054546 0.080520 0.206032
0.052818 0.083525 0.205236
0.052459 0.083356 0.205650
0.042387 0.084310 0.208935
0.052713 0.084902 0.199563
0.052897 0.080982 0.205990
0.052706 0.082503 0.207676
0.045807 0.084879 0.207491
0.045705 0.085918 0.206829
0.054553 0.080746 0.205449
0.050840 0.085227 0.202431
0.054764 0.082947 0.201583
0.051913 0.082497 0.207791
0.043760 0.084111 0.209538
0.050504 0.081533 0.209321
0.052980 0.083340 0.205721
0.052805 0.081070 0.210422
0.054770 0.082635 0.206200
0.054257 0.082420 0.207935
0.050850 0.084885 0.203622
0.045427 0.085622 0.205080
0.050591 0.084558 0.204581
0.050270 0.081746 0.208936
0.052845 0.084435 0.201986
0.052821 0.084003 0.199209
0.052524 0.080201 0.209151
0.047975 0.082224 0.209147
0.049974 0.084390 0.205190
0.052985 0.084746 0.200027
0.049429 0.084862 0.204726
0.054775 0.082754 0.202025
0.055507 0.081859 0.206170
0.052058 0.080891 0.211035
0.050600 0.080047 0.209204
0.054231 0.082036 0.208918
0.050638 0.084895 0.203643
0.046878 0.084620 0.207038
0.044315 0.085031 0.208320
0.054749 0.083102 0.204320
0.050506 0.083637 0.205968
0.051767 0.081689 0.209319
0.053097 0.081339 0.210102
0.045489 0.085824 0.205933
0.048772 0.082716 0.208230
0.051364 0.081945 0.208812
0.047603 0.083897 0.207260
0.050017 0.085267 0.203451
0.045237 0.085818 0.206150
0.046160 0.085211 0.206961
0.049373 0.083862 0.206487
0.047343 0.083520 0.208015
0.047313 0.085148 0.206101
0.053231 0.083953 0.203426
0.046130 0.082487 0.209548
0.054769 0.082766 0.201693
0.055196 0.082349 0.203006
0.052415 0.083509 0.205490
0.047661 0.085362 0.205386
0.055010 0.081952 0.203720
0.049831 0.085092 0.200402
0.054263 0.081517 0.209505
0.053033 0.084416 0.201692
0.047042 0.086166 0.204654
0.046424 0.083094 0.208952
0.049572 0.081324 0.209501
0.053617 0.081471 0.209826
0.053099 0.083915 0.203779
0.055566 0.080769 0.209295
0.052837 0.082705 0.207239
0.052997 0.082831 0.206762
0.049645 0.084435 0.205287
0.049512 0.085563 0.202372
0.055516 0.080878 0.207420
0.051859 0.085092 0.200177
0.054222 0.082720 0.206958
0.045763 0.085986 0.204922
0.050937 0.084841 0.199567
0.053016 0.082758 0.207106
0.052035 0.081034 0.210666
0.043158 0.083981 0.209826
0.045828 0.082423 0.209914
0.051227 0.084193 0.204826
0.050635 0.084823 0.203853
0.054547 0.083831 0.200674
0.046107 0.086010 0.205446
0.055627 0.081964 0.207180
0.045827 0.084988 0.207383
0.047288 0.084696 0.206579
0.054143 0.084175 0.200743
0.053738 0.083686 0.203984
0.049079 0.083345 0.207200
0.053050 0.084208 0.199110
0.054830 0.080824 0.211254
0.050819 0.082211 0.208207
0.055080 0.082710 0.203159
0.052031 0.081562 0.209515
0.054026 0.083076 0.206036
0.053559 0.082535 0.207399
0.053041 0.083898 0.203947
0.052410 0.084901 0.200656
0.049606 0.084965 0.204375
0.054329 0.083512 0.203939
0.054370 0.083149 0.205457
0.052496 0.083293 0.205855
0.048725 0.083935 0.206391
0.052765 0.084464 0.202097
0.046804 0.082675 0.209092
0.048820 0.083285 0.207397
0.052274 0.084272 0.203590
0.055116 0.082035 0.207810
0.051819 0.080024 0.210040
0.052409 0.084878 0.200881
0.049784 0.082310 0.208069
0.049434 0.083756 0.206613
0.043346 0.084836 0.208621
0.051392 0.084227 0.204550
0.045459 0.085641 0.207227
0.047112 0.085184 0.206218
0.052284 0.080799 0.211105
0.053936 0.082564 0.207557
0.050291 0.085567 0.200784
0.053336 0.082557 0.207476
0.052962 0.079799 0.209677
0.054496 0.083413 0.200238
0.054566 0.083775 0.200511
0.047975 0.082589 0.208719
0.054277 0.081987 0.208571
0.054325 0.082802 0.206563
0.051928 0.082354 0.208049
0.055420 0.082175 0.205544
0.054266 0.081001 0.210455
0.044197 0.084582 0.208708
0.046684 0.085311 0.203025
0.051352 0.080458 0.208405
0.052465 0.083874 0.204542
0.055124 0.080187 0.211526
0.044897 0.083457 0.209435
0.045645 0.085207 0.207351
0.051586 0.085152 0.199483
0.054600 0.083133 0.204755
0.051005 0.083902 0.205456
0.045536 0.083425 0.208962
0.047164 0.086012 0.204822
0.051236 0.084636 0.203919
0.049853 0.085384 0.200518
0.053738 0.084398 0.199630
0.054805 0.081732 0.209119
0.050883 0.083051 0.206770
0.047313 0.086027 0.204660
0.052263 0.084212 0.203772
0.054878 0.082259 0.207743
0.045405 0.083785 0.208551
0.043562 0.084613 0.208952
0.047729 0.085012 0.205851
0.045945 0.085094 0.207185
0.054148 0.082507 0.207721
0.050150 0.084133 0.205557
0.050489 0.082218 0.208188
0.048974 0.081236 0.209650
0.054229 0.083240 0.205243
0.047617 0.085402 0.202478
0.049172 0.084906 0.204852
0.046918 0.085903 0.205144
0.048274 0.082236 0.209026
0.050819 0.080836 0.210453
0.052019 0.083525 0.205895
0.051741 0.082783 0.207228
0.051698 0.085154 0.199966
0.048001 0.085528 0.204718
0.043813 0.084242 0.209334
0.046116 0.086090 0.205162
0.049670 0.085615 0.201081
0.053542 0.083792 0.203805
0.047486 0.084064 0.207048
0.049233 0.083594 0.206852
0.054622 0.082595 0.207013
0.055225 0.082443 0.203502
0.054370 0.082868 0.206295
0.046829 0.086025 0.204951
0.047912 0.083379 0.207941
0.050951 0.085155 0.202251
0.050987 0.081666 0.209125
0.053707 0.083340 0.205289
0.051953 0.081693 0.209322
0.053484 0.083876 0.199282
0.052702 0.079757 0.209919
0.054076 0.082107 0.208629
0.054519 0.083972 0.200542
0.048707 0.085812 0.203278
0.055333 0.082233 0.205698
0.053381 0.082310 0.208043
0.052580 0.082647 0.207369
0.045950 0.082454 0.209759
0.047488 0.086204 0.203891
0.053239 0.082215 0.200940
0.045546 0.085362 0.207290
0.054583 0.082808 0.206036
0.052701 0.081709 0.209264
0.053561 0.083920 0.203162
0.055392 0.081594 0.207982
0.054547 0.083844 0.199952
0.053230 0.084407 0.201097
0.051938 0.083488 0.206250
0.050847 0.082413 0.207851
0.051493 0.082884 0.207153
0.053934 0.080674 0.211456
0.048187 0.081358 0.209898
0.051223 0.080869 0.210683
0.047229 0.081956 0.209611
0.048323 0.083160 0.207787
0.048704 0.085278 0.204500
0.052375 0.081405 0.209859
0.045849 0.085746 0.206764
0.055247 0.082466 0.204245
0.054754 0.081564 0.209511
0.053608 0.081334 0.210116
0.048309 0.084706 0.202099
0.052580 0.083945 0.204158
0.054364 0.084227 0.199801
0.052872 0.083558 0.199546
0.053651 0.083514 0.199532
0.052896 0.082347 0.207994
0.054662 0.082801 0.201189
0.048301 0.085243 0.204960
0.055622 0.081775 0.206421
0.048256 0.083880 0.206924
0.050798 0.085373 0.200189
0.053231 0.084581 0.199065
0.054773 0.079763 0.211285
0.048299 0.085702 0.204317
0.055748 0.081269 0.206831
0.049985 0.084633 0.200230
0.048014 0.085039 0.205589
0.051524 0.084934 0.202708
0.051225 0.083296 0.201225
0.049671 0.085583 0.202089
0.052508 0.080731 0.211225
0.053945 0.083019 0.206291
0.047523 0.085991 0.204436
0.052398 0.081990 0.208805
0.049057 0.083499 0.207032
0.054180 0.083592 0.202407
0.050130 0.081130 0.209911
0.053868 0.082415 0.207987
0.055110 0.082794 0.203596
0.047711 0.085122 0.205661
0.053380 0.083972 0.203156
0.054232 0.084093 0.200931
0.052408 0.083769 0.204819
0.053155 0.084175 0.202430
0.048430 0.084983 0.205291
0.047102 0.084035 0.207396
0.052641 0.081003 0.210621
0.053265 0.083996 0.199188
0.047513 0.083386 0.208117
0.048261 0.083442 0.207453
0.044946 0.085324 0.207644
0.045607 0.082914 0.209551
0.045772 0.086076 0.204515
0.054977 0.081688 0.204251
0.048160 0.085993 0.203881
0.051686 0.082901 0.206914
0.054429 0.081953 0.208923
0.053907 0.083320 0.205205
0.054406 0.080946 0.210795
0.052091 0.081139 0.210403
0.051478 0.080929 0.210934
0.055446 0.082041 0.206448
0.048901 0.083032 0.207666
0.055380 0.080789 0.207173
0.055257 0.081401 0.209188
0.054664 0.083259 0.201591
0.051288 0.081524 0.209475
0.053686 0.081026 0.210434
0.049378 0.084385 0.201359
0.049396 0.081797 0.209036
0.051517 0.085214 0.199965
0.053117 0.084709 0.199734
0.052103 0.084830 0.202268
0.051695 0.085105 0.200782
0.053643 0.083545 0.204708
0.049659 0.083904 0.206231
0.052183 0.081202 0.210226
0.053286 0.083839 0.203941
0.054702 0.082382 0.207725
0.052501 0.083651 0.204965
0.052492 0.082929 0.206863
0.052523 0.081672 0.209369
0.044516 0.085431 0.207789
0.048197 0.081681 0.209578
0.049122 0.082108 0.208744
0.052798 0.080898 0.210871
0.053912 0.083662 0.199520
0.052875 0.083977 0.203763
0.048478 0.085842 0.203316
0.053233 0.083087 0.199949
0.049152 0.084033 0.206104
0.051502 0.081872 0.208946
0.052777 0.084028 0.203523
0.050541 0.084315 0.205017
0.051042 0.083242 0.206548
0.050984 0.085258 0.201657
0.051899 0.082102 0.208446
0.053779 0.084436 0.199959
0.050906 0.085009 0.202815
0.053176 0.082899 0.206634
0.048722 0.085804 0.203485
0.045760 0.085929 0.206492
0.054153 0.084196 0.199556
0.052287 0.082733 0.207251
0.055178 0.081244 0.205456
0.054543 0.081896 0.202433
0.045876 0.083271 0.209073
0.047786 0.085877 0.204420
0.046957 0.084640 0.206916
0.044004 0.084087 0.207131
0.054740 0.082681 0.205737
0.053726 0.080815 0.211127
0.050801 0.081823 0.208825
0.053770 0.083877 0.202852
0.051097 0.085146 0.202119
0.046700 0.085275 0.206459
0.049445 0.085744 0.201826
0.047219 0.085325 0.205997
0.049929 0.084873 0.200239
0.050906 0.085039 0.199596
0.051853 0.084669 0.203192
0.044669 0.084162 0.208867
0.047706 0.085725 0.202684
0.051135 0.085257 0.200660
0.054338 0.079569 0.210987
0.049990 0.081090 0.209923
0.048319 0.081515 0.209739
0.051404 0.082228 0.208244
0.047569 0.081520 0.209935
0.049082 0.083215 0.207332
0.052763 0.079985 0.209439
0.045357 0.085596 0.205363
0.051185 0.084366 0.204485
0.053731 0.083631 0.204213
0.043912 0.083849 0.209660
0.054788 0.082626 0.206653
0.048587 0.085801 0.203920
0.054911 0.080772 0.211134
0.049474 0.083154 0.206993
0.046461 0.082183 0.209706
0.050253 0.080912 0.210292
0.053573 0.084359 0.200783
0.053034 0.081583 0.209578
0.045851 0.086115 0.204361
0.050278 0.081419 0.209428
0.054869 0.082986 0.203935
0.054279 0.080391 0.206391
0.055218 0.080465 0.208836
0.045504 0.083398 0.208817
0.055418 0.081644 0.205553
0.048320 0.085104 0.205120
0.046797 0.083705 0.208036
0.054946 0.082474 0.206674
0.054811 0.081695 0.209329
0.048418 0.083416 0.207360
0.053483 0.083732 0.204185
0.050003 0.081358 0.209513
0.047205 0.084579 0.206787
0.049873 0.081224 0.209695
0.050203 0.080950 0.210176
0.044808 0.085797 0.207376
0.051336 0.084864 0.203103
0.052852 0.084822 0.199745
0.048639 0.085233 0.204749
0.054469 0.083346 0.203251
0.055694 0.081111 0.209102
0.045555 0.082683 0.209844
0.048209 0.085129 0.205274
0.052091 0.085054 0.200150
0.044039 0.085652 0.207106
0.051153 0.084050 0.205192
0.052013 0.082638 0.207506
0.053599 0.081544 0.209644
0.045231 0.083210 0.209492
0.050963 0.080788 0.210726
0.045286 0.086093 0.206618
0.055203 0.080429 0.209178
0.052349 0.084875 0.201213
0.042236 0.084206 0.209599
0.045505 0.084509 0.208020
0.055333 0.082135 0.206909
0.044211 0.083950 0.209331
0.050225 0.084644 0.204716
0.053909 0.083731 0.203583
0.050585 0.085454 0.201063
0.053149 0.084030 0.203223
0.047671 0.081994 0.209512
0.045146 0.084403 0.208326
0.046979 0.083874 0.207713
0.051111 0.085034 0.202483
0.053216 0.082334 0.200819
0.055223 0.082360 0.205471
0.054593 0.082748 0.206457
0.054851 0.082669 0.205292
0.055822 0.081485 0.206712
0.053300 0.081824 0.208913
0.052840 0.083856 0.204290
0.055560 0.081394 0.208058
0.053987 0.084414 0.199784
0.054543 0.083186 0.202378
0.052942 0.081664 0.209217
0.054510 0.083390 0.203512
0.045600 0.085813 0.204888
0.050027 0.081528 0.209259
0.049996 0.082799 0.207160
0.047541 0.086148 0.203551
0.054014 0.082945 0.200175
0.055217 0.080515 0.208257
0.047017 0.086316 0.204198
0.052145 0.083570 0.205478
0.050987 0.085277 0.199846
0.049247 0.082644 0.208087
0.055220 0.082233 0.206659
0.050279 0.085448 0.202102
0.048227 0.085965 0.203432
0.046214 0.085609 0.206421
0.053845 0.079452 0.210687
0.053758 0.083549 0.204553
0.051003 0.083108 0.206730
0.048903 0.085192 0.204588
0.050546 0.083008 0.206758
0.054184 0.081376 0.209763
0.047962 0.086047 0.203809
0.044859 0.084159 0.208669
0.048499 0.085282 0.201465
0.053515 0.080868 0.211019
0.052318 0.083365 0.205749
0.050853 0.081542 0.209356
0.048898 0.085500 0.204108
0.054351 0.084173 0.200415
0.053563 0.080952 0.210749
0.049493 0.083637 0.202683
0.050463 0.085472 0.200546
0.053393 0.081323 0.210165
0.051305 0.081986 0.208708
0.055222 0.081466 0.209377
0.055526 0.081505 0.206172
0.048517 0.083324 0.207466
0.048664 0.085625 0.202078
0.044341 0.083460 0.209810
0.048523 0.084304 0.205957
0.052425 0.082342 0.208139
0.051924 0.083953 0.204730
0.051384 0.082466 0.207798
0.044516 0.085639 0.206623
0.055049 0.082422 0.205763
0.051267 0.083329 0.206499
0.050849 0.083156 0.206583
0.050350 0.084533 0.200008
0.054944 0.082887 0.204368
0.049111 0.081577 0.209273
0.053844 0.080887 0.210922
0.054632 0.083268 0.203761
0.050700 0.085382 0.201528
0.055230 0.082106 0.207474
0.049224 0.085697 0.203217
0.046662 0.085220 0.206590
0.053249 0.084609 0.200350
0.052326 0.085004 0.199360
0.054887 0.080466 0.211733
0.048740 0.085689 0.203975
0.055022 0.080892 0.210002
0.055093 0.081598 0.204698
0.049410 0.084809 0.200754
0.055154 0.080560 0.210730
0.052804 0.083236 0.206127
0.047521 0.086019 0.204196
0.048433 0.085290 0.204830
0.050195 0.085506 0.201820
0.048339 0.085791 0.204161
0.051253 0.085150 0.201804
0.051617 0.082093 0.208489
0.052020 0.081339 0.209953
0.053164 0.080713 0.211446
0.051848 0.083577 0.205722
0.046322 0.085298 0.206784
0.054147 0.083214 0.205503
0.046033 0.085949 0.203680
0.050392 0.085460 0.202714
0.051231 0.083722 0.205564
0.051536 0.082726 0.207358
0.049774 0.085511 0.202341
0.052907 0.081542 0.209656
0.054545 0.081809 0.209205
0.047441 0.083249 0.208424
0.055003 0.080012 0.211040
0.050258 0.084963 0.200014
0.045523 0.084177 0.208243
0.047966 0.085813 0.204452
0.045756 0.085279 0.204312
0.054859 0.082562 0.202218
0.049170 0.085146 0.204454
0.051617 0.081045 0.210665
0.052105 0.084347 0.203598
0.048348 0.083693 0.207092
0.052571 0.083244 0.206063
0.047941 0.083157 0.208163
0.048952 0.085770 0.203226
0.050280 0.083868 0.205819
0.055168 0.081233 0.209746
0.045053 0.082922 0.209845
0.053429 0.081741 0.209124
0.046980 0.085682 0.202842
0.051563 0.085186 0.200190
0.049929 0.085491 0.203030
0.054040 0.083770 0.202293
0.054578 0.082538 0.201135
0.046238 0.084602 0.207485
0.048358 0.084834 0.205633
0.049453 0.082908 0.207421
0.054372 0.082749 0.206684
0.046199 0.086166 0.204925
0.051840 0.084493 0.203636
0.054322 0.080908 0.210920
0.053549 0.082467 0.200649
0.048359 0.082239 0.206142
0.043743 0.085118 0.208345
0.052775 0.082446 0.207772
0.053589 0.081214 0.210270
0.043192 0.084501 0.209336
0.051902 0.085162 0.199444
0.053936 0.083507 0.204643
0.048504 0.085385 0.204605
0.053452 0.084535 0.199060
0.048259 0.084937 0.201770
0.047828 0.086087 0.203538
0.041907 0.083792 0.209264
0.048536 0.085578 0.201879
0.054669 0.083112 0.203200
0.052103 0.084973 0.200799
0.054057 0.083165 0.205750
0.048645 0.084703 0.205438
0.047673 0.086120 0.203812
0.045210 0.085460 0.205397
0.046008 0.082850 0.209404
0.051423 0.081201 0.209980
0.050014 0.082089 0.208408
0.050291 0.082805 0.207117
0.054961 0.082840 0.204118
0.051799 0.081236 0.210049
0.048786 0.084826 0.205127
0.047514 0.085153 0.205903
0.045162 0.084709 0.205394
0.053647 0.082848 0.206840
0.051074 0.082365 0.207979
0.045716 0.083192 0.209276
0.050510 0.082734 0.207243
0.054240 0.083549 0.202172
0.053341 0.084634 0.199175
0.047986 0.085737 0.202576
0.053607 0.081812 0.208981
0.047713 0.084189 0.206904
0.050087 0.085648 0.201146
0.045448 0.083484 0.208737
0.054038 0.081483 0.209462
0.046856 0.086085 0.204851
0.053288 0.080931 0.210815
0.042881 0.084561 0.208917
0.053808 0.082953 0.206447
0.045444 0.082854 0.209729
0.049534 0.085546 0.201103
0.044672 0.085038 0.208006
0.051059 0.080200 0.209371
0.045633 0.084595 0.207900
0.050487 0.083777 0.205827
0.050802 0.082131 0.208321
0.049227 0.082324 0.208362
0.050585 0.083306 0.206292
0.048531 0.081303 0.209801
0.054078 0.083867 0.201734
0.047125 0.083313 0.208414
0.053113 0.083052 0.206474
0.049555 0.082960 0.207067
0.052110 0.084909 0.199173
0.051201 0.083881 0.200239
0.051771 0.083347 0.200600
0.052265 0.082399 0.202262
0.052258 0.081484 0.209681
0.055407 0.081303 0.209470
0.046389 0.086337 0.204343
0.051761 0.084906 0.199168
0.050132 0.085104 0.203663
0.045696 0.084869 0.207618
0.054529 0.081666 0.209394
0.051104 0.082800 0.207325
0.050977 0.080779 0.210586
0.055259 0.080404 0.211016
0.048179 0.084280 0.206397
0.052588 0.082334 0.208117
0.052125 0.079956 0.209978
0.048571 0.084821 0.205277
0.051117 0.082497 0.207754
0.052554 0.081156 0.210359
0.051755 0.080419 0.209312
0.047487 0.084623 0.206551
0.053606 0.084167 0.201664
0.047862 0.082469 0.208986
0.053699 0.083858 0.203144
0.044592 0.084991 0.208176
0.052596 0.084873 0.200211
0.054153 0.082636 0.207199
0.053904 0.084267 0.200597
0.049284 0.085581 0.202647
0.053697 0.082464 0.207861
0.052967 0.083153 0.206368
0.051663 0.081150 0.210163
0.054767 0.082352 0.207790
0.046454 0.085597 0.206059
0.045365 0.084675 0.207952
0.050706 0.085337 0.201813
0.045834 0.085960 0.203981
0.052791 0.084388 0.202228
0.053289 0.082212 0.208127
0.049152 0.085784 0.201886
0.047378 0.086125 0.204316
0.054362 0.083543 0.203439
