0.087776 -0.031472 0.200199
0.084806 -0.029497 0.205818
0.087173 -0.034616 0.198162
0.084851 -0.030938 0.205767
0.083790 -0.036372 0.204980
0.085330 -0.035796 0.202174
0.083762 -0.032247 0.207658
0.086046 -0.034916 0.197433
0.086629 -0.033082 0.201057
0.084009 -0.039369 0.200166
0.084352 -0.039775 0.198634
0.082927 -0.032750 0.208181
0.088001 -0.029394 0.202000
0.087047 -0.033064 0.199974
0.084370 -0.031610 0.206665
0.083849 -0.033494 0.206904
0.086476 -0.036752 0.197963
0.083882 -0.030119 0.207693
0.083979 -0.040420 0.198484
0.083699 -0.028459 0.207077
0.086660 -0.028580 0.203509
0.082869 -0.037420 0.204662
0.084537 -0.037285 0.202733
0.087401 -0.031741 0.200608
0.085495 -0.034421 0.203823
0.083510 -0.038926 0.201591
0.082428 -0.040944 0.200015
0.087585 -0.032247 0.199927
0.083591 -0.027530 0.206142
0.086110 -0.035059 0.196840
0.082415 -0.038738 0.203881
0.086615 -0.031298 0.202246
0.086520 -0.036726 0.197698
0.087398 -0.028620 0.202869
0.085309 -0.034218 0.204366
0.086502 -0.031095 0.202532
0.083704 -0.033047 0.207279
0.085826 -0.032042 0.204023
0.086894 -0.030718 0.198305
0.083969 -0.028714 0.207127
0.086772 -0.034615 0.198988
0.086293 -0.032670 0.202439
0.087971 -0.030518 0.201008
0.082946 -0.031090 0.205579
0.081513 -0.036209 0.205406
0.086479 -0.029113 0.203396
0.085191 -0.035703 0.202709
0.083038 -0.040533 0.199786
0.086787 -0.030043 0.200012
0.084706 -0.033482 0.206076
0.085637 -0.038486 0.197861
0.081919 -0.040340 0.201722
0.086955 -0.027680 0.203485
0.081385 -0.038192 0.204711
0.085974 -0.033248 0.202492
0.082539 -0.040511 0.200627
0.083156 -0.040898 0.198965
0.082635 -0.036053 0.206326
0.084286 -0.035628 0.205008
0.087229 -0.031723 0.200860
0.083595 -0.030449 0.208403
0.082004 -0.032729 0.206765
0.087470 -0.029897 0.201733
0.086022 -0.036747 0.198659
0.082521 -0.041102 0.199674
0.082270 -0.040875 0.200231
0.086670 -0.036340 0.197723
0.085493 -0.036526 0.200883
0.084767 -0.033122 0.206120
0.086744 -0.032809 0.200782
0.085508 -0.035153 0.202336
0.081912 -0.034794 0.206772
0.087523 -0.029364 0.202226
0.083051 -0.038662 0.202891
0.085677 -0.033623 0.203747
0.081611 -0.036971 0.205521
0.084960 -0.032497 0.205825
0.085930 -0.028556 0.204399
0.085969 -0.036182 0.199782
0.084148 -0.033752 0.206429
0.083154 -0.039790 0.200979
0.087335 -0.029864 0.201949
0.082691 -0.034606 0.207356
0.083632 -0.036376 0.205127
0.086918 -0.030971 0.198134
0.083016 -0.036287 0.205887
0.086840 -0.032972 0.200507
0.085682 -0.037376 0.199257
0.083688 -0.038100 0.202767
0.083177 -0.038048 0.203633
0.081596 -0.039327 0.203182
0.086695 -0.035576 0.198339
0.087463 -0.034258 0.197985
0.083217 -0.028930 0.207314
0.082993 -0.039044 0.202543
0.085944 -0.033448 0.202711
0.083902 -0.032065 0.207562
0.082200 -0.033685 0.207552
0.086012 -0.028857 0.204232
0.085526 -0.032542 0.204719
0.083254 -0.028191 0.206447
0.088005 -0.033677 0.197846
0.087605 -0.030588 0.201149
0.086744 -0.034624 0.199149
0.085763 -0.034192 0.203004
0.086218 -0.028411 0.204036
0.085532 -0.027869 0.205012
0.082488 -0.039802 0.202113
0.085431 -0.032928 0.204529
0.084332 -0.027805 0.206700
0.087208 -0.033097 0.199474
0.083065 -0.038555 0.203072
0.083479 -0.040152 0.199951
0.083735 -0.030448 0.208086
0.085034 -0.036214 0.202638
0.087853 -0.031612 0.200056
0.085575 -0.031524 0.204715
0.083509 -0.035419 0.206255
0.084384 -0.032647 0.206578
0.086113 -0.028111 0.204190
0.084898 -0.032435 0.206131
0.084273 -0.030095 0.206955
0.085276 -0.035341 0.203328
0.085983 -0.035328 0.200448
0.084006 -0.031840 0.207441
0.084037 -0.038063 0.202024
0.084886 -0.033564 0.205421
0.084155 -0.039355 0.199839
0.082637 -0.031321 0.208320
0.083196 -0.034603 0.206977
0.085663 -0.038040 0.198481
0.081400 -0.036723 0.204877
0.085690 -0.035556 0.201287
0.084778 -0.029961 0.205845
0.081690 -0.036283 0.205854
0.083534 -0.039768 0.200249
0.085044 -0.030085 0.205241
0.085709 -0.034174 0.198949
0.083178 -0.033300 0.207701
0.082716 -0.034091 0.207763
0.084270 -0.038254 0.201077
0.085629 -0.034624 0.203270
0.085125 -0.029290 0.205359
0.085927 -0.030681 0.204044
0.084575 -0.030782 0.206189
0.083616 -0.032175 0.207807
0.085224 -0.033248 0.204795
0.085407 -0.027323 0.205237
0.088191 -0.031876 0.199613
0.083695 -0.030423 0.208283
0.084221 -0.030606 0.206948
0.083919 -0.033739 0.206596
0.086750 -0.030951 0.198590
0.085921 -0.032301 0.203848
0.084596 -0.035644 0.204711
0.086635 -0.030682 0.202647
0.085855 -0.034672 0.202104
0.086583 -0.034655 0.199713
0.085534 -0.038461 0.198449
0.085695 -0.032200 0.204430
0.082974 -0.040169 0.200618
0.087695 -0.028123 0.202952
0.085695 -0.037260 0.199319
0.086068 -0.033315 0.202316
0.086158 -0.029181 0.203919
0.085014 -0.032373 0.205366
0.084253 -0.037892 0.202099
0.082544 -0.040111 0.201294
0.084993 -0.028692 0.205775
0.084850 -0.027982 0.203605
0.084498 -0.032235 0.206537
0.083236 -0.038274 0.203193
0.083208 -0.031994 0.208377
0.083965 -0.039779 0.199357
0.084767 -0.031523 0.206004
0.082631 -0.039546 0.202241
0.084181 -0.035840 0.204965
0.083338 -0.030014 0.208125
0.085050 -0.036682 0.202465
0.084367 -0.030644 0.206689
0.087090 -0.034333 0.198680
0.083959 -0.030086 0.207375
0.085393 -0.035275 0.202560
0.082201 -0.035909 0.206573
0.083572 -0.032109 0.203492
0.084658 -0.035012 0.205021
0.083910 -0.032889 0.207179
0.082782 -0.039765 0.201499
0.084589 -0.033018 0.206405
0.085680 -0.029600 0.204508
0.085451 -0.037997 0.199282
0.083189 -0.039500 0.201396
0.087839 -0.029955 0.201411
0.082739 -0.038690 0.203447
0.082667 -0.035214 0.206922
0.084729 -0.032205 0.206281
0.085490 -0.031156 0.204700
0.086725 -0.030258 0.202632
0.081639 -0.038331 0.204634
0.081873 -0.035214 0.206714
0.083550 -0.039203 0.201055
0.084841 -0.035952 0.203350
0.084190 -0.039867 0.199015
0.083843 -0.040237 0.199288
0.082687 -0.036500 0.205899
0.084155 -0.030077 0.207063
0.082307 -0.037981 0.204856
0.085834 -0.031681 0.204091
0.084113 -0.036768 0.204128
0.082142 -0.036569 0.205771
0.085710 -0.036309 0.200519
0.086969 -0.029708 0.202471
0.088368 -0.032484 0.198713
0.081888 -0.038781 0.204042
0.085585 -0.038531 0.198081
0.084167 -0.038173 0.201307
0.087205 -0.033058 0.199636
0.083070 -0.039349 0.201832
0.086062 -0.036189 0.199064
0.084571 -0.038751 0.200099
0.085800 -0.035653 0.201035
0.087145 -0.034982 0.197831
0.088110 -0.032694 0.198694
0.085814 -0.032293 0.204175
0.084951 -0.030384 0.205319
0.082093 -0.041404 0.198714
0.084514 -0.029054 0.206535
0.083471 -0.038246 0.202902
0.084536 -0.033328 0.206384
0.086150 -0.031493 0.203324
0.087010 -0.030474 0.201992
0.083658 -0.040093 0.199793
0.085409 -0.035893 0.201862
0.084926 -0.037641 0.200676
0.082654 -0.035523 0.206778
0.083411 -0.038802 0.202077
0.086632 -0.029102 0.203309
0.083202 -0.040105 0.200463
0.084830 -0.035729 0.203780
0.081758 -0.040219 0.201884
0.084662 -0.036213 0.203872
0.083834 -0.038585 0.201232
0.084590 -0.034116 0.205856
0.084731 -0.027854 0.206342
0.084480 -0.038369 0.200658
0.086536 -0.032233 0.201879
0.083690 -0.040709 0.198480
0.087011 -0.032089 0.200856
0.084655 -0.030059 0.206163
0.083787 -0.039053 0.200757
0.086861 -0.030218 0.202462
0.085288 -0.031729 0.200461
0.084340 -0.030935 0.206722
0.086873 -0.035039 0.198326
0.087171 -0.029229 0.202608
0.086539 -0.029608 0.203140
0.085872 -0.029852 0.204203
0.086061 -0.029311 0.200505
0.086527 -0.031765 0.202194
0.087008 -0.029535 0.199829
0.085088 -0.037403 0.201467
0.083630 -0.033710 0.207061
0.085553 -0.034586 0.203570
0.085382 -0.036897 0.200452
0.084537 -0.036934 0.203279
0.082105 -0.036357 0.205948
0.085058 -0.037410 0.200526
0.085668 -0.036335 0.200732
0.082811 -0.039086 0.202713
0.082421 -0.035998 0.206455
0.087502 -0.032822 0.197130
0.086043 -0.035974 0.199758
0.086385 -0.029703 0.203319
0.084782 -0.031227 0.205946
0.083134 -0.036670 0.205217
0.085580 -0.029206 0.204660
0.083067 -0.028955 0.207104
0.084320 -0.028414 0.206864
0.081803 -0.035083 0.206453
0.083749 -0.034779 0.206465
0.082336 -0.035281 0.206959
0.083763 -0.030182 0.208070
0.085975 -0.034113 0.202175
0.081921 -0.033395 0.206983
0.084293 -0.038343 0.200825
0.086084 -0.030224 0.203562
0.083469 -0.035940 0.205849
0.084476 -0.035294 0.205036
0.081817 -0.036617 0.204015
0.082684 -0.037084 0.205253
0.086520 -0.027781 0.204006
0.086970 -0.034156 0.198981
0.083030 -0.038174 0.203663
0.082409 -0.038926 0.203619
0.084863 -0.032749 0.206091
0.085598 -0.034498 0.202725
0.085707 -0.034435 0.202448
0.086812 -0.032393 0.198467
0.083441 -0.030679 0.208468
0.084435 -0.037339 0.202997
0.085287 -0.027406 0.205482
0.088423 -0.031679 0.199590
0.087328 -0.035369 0.197287
0.082064 -0.037027 0.205527
0.086062 -0.030416 0.203511
0.086554 -0.033373 0.201058
0.086965 -0.029387 0.202773
0.087193 -0.032860 0.197435
0.087468 -0.033112 0.196778
0.085741 -0.028931 0.204496
0.086159 -0.032556 0.203238
0.085243 -0.035387 0.203048
0.081765 -0.039629 0.202796
0.083568 -0.036667 0.204890
0.084542 -0.028729 0.206526
0.084646 -0.037374 0.202438
0.085072 -0.033743 0.200010
0.083231 -0.032758 0.208073
0.087257 -0.031180 0.201093
0.085088 -0.030433 0.205038
0.083614 -0.034720 0.206695
0.083901 -0.040588 0.198329
0.087476 -0.032285 0.200095
0.083790 -0.040349 0.199199
0.084533 -0.034033 0.206056
0.083079 -0.037027 0.204857
0.087658 -0.032314 0.199649
0.084982 -0.034817 0.204634
0.084520 -0.037781 0.201646
0.084996 -0.037518 0.201125
0.082500 -0.041614 0.198223
0.084023 -0.035261 0.205693
0.081715 -0.037315 0.205375
0.083939 -0.036413 0.204734
0.086805 -0.030018 0.202535
0.086108 -0.030983 0.203336
0.084872 -0.034706 0.204912
0.083774 -0.040587 0.198689
0.084050 -0.032165 0.207248
0.086722 -0.032375 0.201318
0.085955 -0.033730 0.202670
0.083287 -0.038388 0.202968
0.086946 -0.031187 0.201626
0.083154 -0.032622 0.208201
0.083717 -0.029204 0.207551
0.083164 -0.035481 0.206529
0.086323 -0.028587 0.200163
0.083030 -0.032493 0.208283
0.086696 -0.033442 0.197261
0.084323 -0.029861 0.206924
0.084584 -0.034674 0.205363
0.085180 -0.034288 0.204599
0.084708 -0.032624 0.206294
0.082091 -0.041204 0.199462
0.085524 -0.034978 0.202824
0.086696 -0.032665 0.201084
0.086745 -0.031236 0.202006
0.084059 -0.036377 0.204576
0.086720 -0.031007 0.202284
0.086738 -0.033589 0.196972
0.086737 -0.028922 0.203285
0.085599 -0.035654 0.201484
0.082306 -0.040035 0.201960
0.085439 -0.029719 0.204809
0.087570 -0.032616 0.199399
0.086318 -0.031492 0.203010
0.086967 -0.028114 0.203370
0.085797 -0.034417 0.198558
0.084628 -0.039643 0.198333
0.086328 -0.029250 0.203531
0.085885 -0.033546 0.203254
0.082925 -0.038950 0.202727
0.085389 -0.038465 0.198765
0.087139 -0.032879 0.199916
0.083796 -0.039633 0.200061
0.082684 -0.039280 0.202513
0.085608 -0.034271 0.203609
0.081078 -0.037622 0.205044
0.083783 -0.035402 0.205939
0.085127 -0.027281 0.205827
0.084579 -0.027724 0.206515
0.083353 -0.036937 0.204762
0.086777 -0.030981 0.202141
0.087091 -0.029056 0.202847
0.084064 -0.037894 0.202600
0.082869 -0.031008 0.208379
0.083703 -0.030642 0.208204
0.084691 -0.034178 0.205446
0.086263 -0.034694 0.200531
0.085876 -0.035362 0.201073
0.086808 -0.035426 0.198191
0.087063 -0.034835 0.198057
0.083710 -0.040493 0.199073
0.083369 -0.029723 0.205179
0.085264 -0.035118 0.203679
0.087312 -0.033536 0.198846
0.087381 -0.029589 0.202154
0.086113 -0.036005 0.199526
0.085945 -0.035021 0.201405
0.084140 -0.040250 0.198287
0.085928 -0.033980 0.202591
0.085721 -0.033639 0.199057
0.088245 -0.033360 0.197944
0.086048 -0.030701 0.203636
0.086858 -0.030674 0.202125
0.084926 -0.027297 0.206124
0.087767 -0.034103 0.197715
0.084910 -0.036288 0.202904
0.082576 -0.034404 0.204140
0.085759 -0.037789 0.198533
0.086257 -0.035075 0.200032
0.084217 -0.036302 0.204305
0.084645 -0.036146 0.204043
0.083275 -0.039568 0.201128
0.082135 -0.034947 0.207028
0.086607 -0.031237 0.198759
0.083283 -0.038490 0.202801
0.083634 -0.035958 0.205665
0.084043 -0.033534 0.206673
0.088192 -0.033000 0.198345
0.083405 -0.028819 0.207343
0.084344 -0.037022 0.203637
0.086720 -0.030435 0.202665
0.081973 -0.039513 0.202991
0.086518 -0.035631 0.198613
0.084558 -0.038153 0.200984
0.082082 -0.032922 0.206430
0.087899 -0.031272 0.200314
0.083687 -0.029595 0.207761
0.087141 -0.032605 0.200369
0.085740 -0.029826 0.204403
0.085508 -0.033354 0.199527
0.085300 -0.028146 0.205335
0.087048 -0.033287 0.199738
0.085076 -0.033517 0.204927
0.082290 -0.034615 0.207295
0.083666 -0.037530 0.203885
0.086006 -0.037618 0.198286
0.084888 -0.033016 0.205569
0.086324 -0.031691 0.202843
0.081291 -0.037182 0.205315
0.084372 -0.035988 0.204561
0.084148 -0.029050 0.207057
0.087817 -0.033430 0.198288
0.086980 -0.033324 0.196990
0.084603 -0.034130 0.205687
0.086883 -0.031677 0.201447
0.085845 -0.030096 0.204186
0.088445 -0.032724 0.198471
0.082860 -0.036015 0.206272
0.086812 -0.035011 0.198565
0.083234 -0.038940 0.202329
0.081918 -0.033053 0.206940
0.087129 -0.030274 0.201947
0.084499 -0.037832 0.201501
0.083391 -0.034125 0.207222
0.083798 -0.029493 0.207578
0.083004 -0.033297 0.207925
0.083500 -0.037313 0.204264
0.084610 -0.037640 0.201864
0.084984 -0.032635 0.205405
0.084645 -0.030647 0.206050
0.085000 -0.037420 0.200847
0.085996 -0.036275 0.199545
0.085192 -0.038612 0.199104
0.082853 -0.038619 0.203306
0.081579 -0.036006 0.205828
0.083199 -0.036445 0.205389
0.086529 -0.030199 0.202989
0.085347 -0.034801 0.203774
0.084976 -0.034561 0.199709
0.085255 -0.037143 0.200472
0.086610 -0.035301 0.198754
0.084125 -0.035400 0.205287
0.086425 -0.034340 0.196960
0.086057 -0.030104 0.203696
0.083053 -0.039159 0.202275
0.086863 -0.034111 0.199339
0.085505 -0.038393 0.198594
0.083973 -0.029623 0.207375
0.087107 -0.031329 0.201058
0.083305 -0.035643 0.206265
0.084954 -0.031461 0.205748
0.084699 -0.028106 0.206280
0.083587 -0.037624 0.203387
0.081979 -0.034031 0.207146
0.082215 -0.036781 0.205662
0.082746 -0.040588 0.200349
0.084777 -0.037369 0.202043
0.086316 -0.027452 0.202397
0.085882 -0.032910 0.203895
0.082061 -0.035309 0.206893
0.081619 -0.038980 0.203703
0.083131 -0.031435 0.208586
0.086037 -0.032114 0.203633
0.084218 -0.031195 0.206959
0.085904 -0.033438 0.203075
0.083096 -0.034456 0.207281
0.088252 -0.033883 0.197404
0.086030 -0.034608 0.201742
0.087118 -0.027796 0.203339
0.083810 -0.030710 0.207930
0.081788 -0.038183 0.204801
0.083916 -0.031577 0.207613
0.088440 -0.032277 0.198796
0.082515 -0.034761 0.207239
0.084234 -0.039338 0.199602
0.082383 -0.032348 0.207900
0.088263 -0.030643 0.200697
0.083227 -0.028243 0.206809
0.084244 -0.039175 0.200144
0.085529 -0.033606 0.204254
0.081237 -0.037876 0.204971
0.083913 -0.038031 0.202377
0.083467 -0.036233 0.205503
0.085164 -0.034913 0.204053
0.086190 -0.032281 0.203118
0.086868 -0.027833 0.203578
0.086212 -0.032147 0.203006
0.087020 -0.032316 0.200665
0.085121 -0.029789 0.205274
0.087317 -0.034432 0.198085
0.084616 -0.037045 0.202928
0.085885 -0.035363 0.197316
0.086087 -0.033085 0.202339
0.087045 -0.032512 0.200555
0.085348 -0.035289 0.203167
0.085383 -0.033775 0.199699
0.084122 -0.038155 0.201620
0.084800 -0.028898 0.206162
0.083920 -0.038820 0.200840
0.084335 -0.037138 0.203459
0.084922 -0.035909 0.203161
0.086355 -0.032992 0.201999
0.087544 -0.032040 0.197323
0.084585 -0.035471 0.204832
0.083028 -0.040015 0.200725
0.086227 -0.031221 0.203200
0.086639 -0.030926 0.202451
0.083830 -0.030369 0.207885
0.084644 -0.030912 0.206079
0.082833 -0.040903 0.199598
0.083559 -0.033397 0.207269
0.083252 -0.034821 0.206862
0.082784 -0.036551 0.205787
0.082387 -0.031775 0.207937
0.086368 -0.034330 0.200474
0.087926 -0.032316 0.199193
0.085781 -0.036106 0.200265
0.082827 -0.036750 0.205525
0.084203 -0.033323 0.206634
0.084158 -0.031481 0.207097
0.085724 -0.028725 0.204590
0.083643 -0.035220 0.206204
0.084887 -0.037555 0.201592
0.086934 -0.033854 0.199352
0.083099 -0.031171 0.208565
0.085417 -0.038324 0.198956
0.086461 -0.031308 0.202713
0.081822 -0.040204 0.201553
0.081209 -0.037513 0.204520
0.086241 -0.029130 0.203753
0.088365 -0.031576 0.199776
0.083615 -0.031537 0.207965
0.086536 -0.033338 0.201244
0.085770 -0.033489 0.203687
0.086387 -0.035879 0.198677
0.083814 -0.032569 0.207300
0.085686 -0.036607 0.200170
0.081662 -0.035989 0.206029
0.086377 -0.033694 0.201356
0.082043 -0.039976 0.202163
0.086440 -0.027529 0.201927
0.087195 -0.035502 0.197481
0.085610 -0.032259 0.204673
0.085140 -0.039063 0.198685
0.084705 -0.038829 0.199692
0.087118 -0.032591 0.197735
0.085930 -0.032614 0.203750
0.084046 -0.040463 0.198163
0.082888 -0.036171 0.206071
0.084901 -0.033240 0.205385
0.084888 -0.035515 0.203930
0.087193 -0.031499 0.201031
0.084278 -0.034054 0.206226
0.087329 -0.033139 0.199119
0.085417 -0.035172 0.202957
0.084356 -0.039021 0.199984
0.083728 -0.038433 0.201887
0.087749 -0.032680 0.199039
0.084850 -0.028667 0.206012
0.086335 -0.032091 0.198926
0.084827 -0.035913 0.203614
0.083501 -0.034507 0.206891
0.085697 -0.033175 0.204056
0.085101 -0.037644 0.200247
0.083248 -0.032914 0.207929
0.085767 -0.037326 0.199006
0.084714 -0.037885 0.201289
0.085848 -0.037037 0.198847
0.084055 -0.032762 0.207044
0.086015 -0.033619 0.202459
0.084756 -0.034457 0.205193
0.085347 -0.038732 0.198650
0.083117 -0.040451 0.200033
0.084379 -0.038936 0.200297
0.088246 -0.033501 0.197776
0.087105 -0.029393 0.202518
0.083083 -0.033122 0.207989
0.081310 -0.038381 0.204306
0.082120 -0.036040 0.206319
0.086890 -0.027944 0.203450
0.083486 -0.037789 0.203427
0.082125 -0.041414 0.199335
0.085189 -0.037388 0.200371
0.085661 -0.034608 0.198854
0.081541 -0.038398 0.203500
0.086533 -0.027184 0.202148
0.084909 -0.036572 0.202768
0.088161 -0.033675 0.197661
0.084286 -0.032339 0.206794
0.085554 -0.035202 0.202124
0.082878 -0.033846 0.207860
0.087976 -0.030738 0.200821
0.086736 -0.032478 0.201115
0.083064 -0.037400 0.204476
0.086809 -0.032339 0.200988
0.084926 -0.027952 0.205984
0.085494 -0.035023 0.203240
0.086424 -0.033522 0.197865
0.084645 -0.037537 0.202151
0.087887 -0.034213 0.197519
0.082982 -0.041255 0.198531
0.083778 -0.031104 0.207923
0.084952 -0.035142 0.204437
0.083917 -0.032279 0.207464
0.086452 -0.033981 0.200830
0.082516 -0.037861 0.204730
0.084186 -0.037167 0.203752
0.085534 -0.034450 0.199130
0.084478 -0.029458 0.206576
0.084994 -0.036482 0.197643
0.084164 -0.028104 0.206850
0.085313 -0.036904 0.201576
0.084186 -0.029255 0.203862
0.083532 -0.039094 0.201214
0.086228 -0.033910 0.201835
0.085498 -0.033931 0.199363
0.084735 -0.037026 0.202619
0.083954 -0.040201 0.198840
0.084064 -0.032278 0.207084
0.084388 -0.036116 0.204381
0.087905 -0.029867 0.201566
0.082883 -0.030591 0.208148
0.084856 -0.039398 0.198506
0.084036 -0.028419 0.206998
0.084085 -0.030654 0.207259
0.085319 -0.033663 0.199782
0.084022 -0.038400 0.201088
0.086867 -0.033792 0.199608
0.084059 -0.031970 0.207313
0.084784 -0.036476 0.203018
0.084299 -0.031449 0.206800
0.084479 -0.030648 0.206350
0.084107 -0.032444 0.207001
0.083581 -0.027688 0.206563
0.086480 -0.032999 0.201772
0.084105 -0.029945 0.207191
0.084385 -0.028744 0.206705
0.084254 -0.037428 0.203158
0.085702 -0.037574 0.198843
0.083326 -0.030958 0.208535
0.086848 -0.036057 0.197690
0.086134 -0.034455 0.201526
0.084352 -0.030346 0.206776
0.082854 -0.038449 0.203556
0.083207 -0.039132 0.201955
0.087062 -0.031958 0.200933
0.084006 -0.038338 0.201404
0.086454 -0.027238 0.202375
0.083543 -0.031058 0.208409
0.083400 -0.032516 0.208010
0.084958 -0.038891 0.199341
0.083523 -0.031641 0.208120
0.084787 -0.038679 0.199829
0.083028 -0.036461 0.205650
0.086523 -0.035241 0.199085
0.083011 -0.034096 0.207660
0.086067 -0.034788 0.201279
0.085475 -0.036098 0.201666
0.085898 -0.031328 0.203939
0.086552 -0.033363 0.200946
0.083701 -0.039261 0.200792
0.086186 -0.036256 0.198810
0.085985 -0.033722 0.198603
0.084892 -0.028927 0.205854
0.086321 -0.035955 0.198867
0.086796 -0.029792 0.202742
0.086782 -0.033334 0.200329
0.084690 -0.028794 0.206301
0.084183 -0.037897 0.202356
0.087903 -0.031096 0.200457
0.083215 -0.037539 0.204216
0.084167 -0.027622 0.206704
0.083784 -0.036987 0.204454
0.084077 -0.029418 0.207177
0.083865 -0.028954 0.207320
0.086340 -0.031026 0.203045
0.085580 -0.034774 0.202959
0.085457 -0.035644 0.201967
0.086526 -0.033017 0.198168
0.086257 -0.031839 0.202689
0.086339 -0.031837 0.202551
0.085261 -0.034384 0.199506
0.081958 -0.034161 0.206962
0.084734 -0.036759 0.203006
0.081912 -0.040295 0.201186
0.083349 -0.040988 0.198295
0.085292 -0.037908 0.199829
0.084462 -0.030333 0.206531
0.086770 -0.030205 0.199409
0.084039 -0.037254 0.203898
0.085739 -0.038284 0.198088
0.083770 -0.031934 0.207705
0.086179 -0.032784 0.202991
0.084494 -0.031624 0.206420
0.086488 -0.028480 0.203772
0.088223 -0.030308 0.201093
0.083741 -0.031412 0.207861
0.087281 -0.027839 0.203259
0.082835 -0.031929 0.208489
0.084897 -0.039456 0.197991
0.087298 -0.035191 0.197524
0.085854 -0.032615 0.204057
0.086739 -0.028370 0.203539
0.086697 -0.035021 0.198753
0.086124 -0.035360 0.200098
0.086274 -0.034918 0.200174
0.085300 -0.032225 0.205075
0.086999 -0.033970 0.199153
0.086211 -0.035837 0.199335
0.085587 -0.035946 0.201324
0.086462 -0.036893 0.197859
0.085635 -0.038436 0.198283
0.086961 -0.030312 0.202218
0.085267 -0.038442 0.199351
0.087005 -0.029923 0.202310
0.085212 -0.035307 0.203527
0.083411 -0.031550 0.208220
0.086758 -0.033462 0.200186
0.086042 -0.032422 0.203563
0.084887 -0.037656 0.201358
0.084228 -0.036190 0.204474
0.082236 -0.041260 0.199573
0.082949 -0.038068 0.203878
0.083420 -0.035708 0.206099
0.087607 -0.031209 0.200688
0.085111 -0.035325 0.203810
0.087127 -0.032028 0.198134
0.085428 -0.037870 0.199458
0.083747 -0.034889 0.206338
0.085765 -0.036822 0.199251
0.083479 -0.029437 0.207715
0.084794 -0.036297 0.203221
0.088287 -0.032194 0.199057
0.084944 -0.034746 0.204764
0.083298 -0.036338 0.205503
0.086161 -0.035722 0.199657
0.086395 -0.035535 0.199158
0.083403 -0.033199 0.207458
0.085807 -0.029333 0.204356
0.084872 -0.033935 0.205258
0.086635 -0.032430 0.201617
0.082979 -0.039967 0.200909
0.085926 -0.030909 0.203941
0.085964 -0.030723 0.200339
0.086140 -0.035153 0.200266
0.086511 -0.035072 0.199486
0.086635 -0.032916 0.201294
0.082367 -0.040403 0.201028
0.083234 -0.032452 0.208210
0.082297 -0.041150 0.197841
0.086307 -0.033822 0.197821
0.087330 -0.033011 0.199377
0.084303 -0.029206 0.206851
0.084683 -0.034751 0.205157
0.085323 -0.034401 0.204240
0.086710 -0.027505 0.203948
0.086010 -0.033135 0.198898
0.084851 -0.034177 0.205127
0.086382 -0.028118 0.200294
0.082859 -0.039328 0.202256
0.086538 -0.029354 0.203292
0.082740 -0.040056 0.201040
0.085255 -0.038070 0.199737
0.084863 -0.030331 0.205596
0.085636 -0.028262 0.202283
0.086001 -0.035243 0.200881
0.086469 -0.034138 0.200313
0.082069 -0.041324 0.199181
0.081694 -0.039296 0.203493
0.084886 -0.035757 0.203516
0.084037 -0.034384 0.206260
0.086309 -0.028617 0.203920
0.083655 -0.031283 0.208132
0.087614 -0.034258 0.197834
0.087557 -0.033601 0.198478
0.087498 -0.030517 0.201310
0.084623 -0.031120 0.206225
0.085054 -0.028920 0.205656
0.085982 -0.033246 0.203303
0.083801 -0.038194 0.202103
0.087378 -0.031520 0.200815
0.087739 -0.032215 0.199532
0.083397 -0.033260 0.203150
0.083608 -0.035039 0.206451
0.083198 -0.036766 0.204997
0.085152 -0.034045 0.204731
0.085806 -0.030847 0.204210
0.081475 -0.038430 0.204465
0.085197 -0.033005 0.204952
0.083644 -0.028718 0.207255
0.083177 -0.040301 0.200278
0.085669 -0.031656 0.204518
0.087369 -0.034218 0.198272
0.085006 -0.035513 0.203636
0.085567 -0.031301 0.204559
0.085884 -0.030630 0.204151
0.083952 -0.037385 0.203771
0.085222 -0.027935 0.205505
0.085115 -0.029142 0.205477
0.085596 -0.034090 0.203830
0.085656 -0.038244 0.198423
0.084785 -0.029283 0.205903
0.084664 -0.034433 0.205339
0.086424 -0.027038 0.202421
0.085838 -0.037386 0.198670
0.083124 -0.039996 0.200573
0.082593 -0.032727 0.208059
0.086237 -0.034762 0.200657
0.086667 -0.027638 0.203903
0.083957 -0.035477 0.205686
0.085898 -0.034878 0.201777
0.083828 -0.037996 0.202647
0.082787 -0.041294 0.198804
0.086136 -0.034825 0.200927
0.085004 -0.035826 0.202999
0.085626 -0.027841 0.204841
0.082487 -0.038497 0.204023
0.088478 -0.033115 0.197960
0.083441 -0.029134 0.207536
0.087739 -0.032375 0.199409
0.086525 -0.030417 0.202935
0.083065 -0.032229 0.208370
0.087349 -0.034572 0.197902
0.083009 -0.028780 0.206615
0.085988 -0.033140 0.203140
0.085509 -0.028476 0.204822
0.087337 -0.032464 0.200171
0.083903 -0.039741 0.199681
0.086495 -0.034352 0.200140
0.087722 -0.031939 0.199990
0.087257 -0.028065 0.203186
0.084117 -0.031833 0.207159
0.085524 -0.036337 0.201270
0.086536 -0.028688 0.203619
0.082978 -0.040367 0.200440
0.082826 -0.040154 0.200831
0.085059 -0.034879 0.204468
0.085355 -0.032986 0.204708
0.083711 -0.029414 0.207691
0.082928 -0.039928 0.201110
0.085643 -0.036092 0.201167
0.085877 -0.035183 0.201275
0.085188 -0.039064 0.198251
0.086869 -0.032677 0.200638
0.086432 -0.031558 0.202625
0.083850 -0.038499 0.201571
0.085905 -0.037828 0.197873
0.087004 -0.035863 0.197511
0.086097 -0.033070 0.202603
0.086132 -0.027316 0.202626
0.083038 -0.039507 0.201577
0.083715 -0.039889 0.199903
0.083885 -0.034889 0.205902
0.085144 -0.037267 0.201670
0.085682 -0.037737 0.198700
0.084836 -0.033757 0.205504
0.082161 -0.039581 0.200931
0.084834 -0.033516 0.205683
0.087653 -0.033712 0.198237
0.085132 -0.036201 0.202507
0.084169 -0.040045 0.198489
0.086470 -0.034900 0.199667
0.083653 -0.038240 0.202439
0.088540 -0.033463 0.197567
0.086659 -0.034113 0.199940
0.082723 -0.041154 0.199433
0.087909 -0.034490 0.197138
0.084387 -0.036583 0.203801
0.086937 -0.030096 0.199008
0.081747 -0.035597 0.206298
0.085006 -0.034257 0.204832
0.086184 -0.036047 0.199051
0.085065 -0.027726 0.205781
0.086559 -0.036550 0.197828
0.085972 -0.027494 0.204672
0.083509 -0.034014 0.207118
0.085020 -0.028048 0.205711
0.086289 -0.027510 0.204327
0.088020 -0.030225 0.201225
0.085268 -0.031249 0.205044
0.088042 -0.031721 0.199867
0.086025 -0.032900 0.203532
0.084382 -0.039572 0.199019
0.085256 -0.028609 0.205308
0.085890 -0.028931 0.204376
0.084582 -0.037024 0.203108
0.084442 -0.035873 0.204623
0.085389 -0.031853 0.205122
0.084088 -0.035365 0.205493
0.082757 -0.032348 0.208281
0.084416 -0.028310 0.206758
0.084742 -0.036863 0.202787
0.085879 -0.034364 0.202270
0.085024 -0.030997 0.205417
0.082527 -0.035674 0.206762
0.082830 -0.041491 0.198257
0.083454 -0.034944 0.206700
0.085640 -0.028616 0.204701
0.087139 -0.027506 0.203477
0.083322 -0.034336 0.202587
0.085197 -0.037981 0.199908
0.085334 -0.027721 0.205306
0.083916 -0.036146 0.204983
0.085470 -0.038012 0.199071
0.086177 -0.033112 0.198678
0.087125 -0.035262 0.197759
0.086115 -0.028605 0.204152
0.083729 -0.039460 0.200560
0.086211 -0.037079 0.198240
0.086678 -0.032896 0.200957
0.082563 -0.031990 0.208291
0.087261 -0.028272 0.203079
0.082834 -0.034874 0.207052
0.082531 -0.041302 0.199388
0.085213 -0.035054 0.203922
0.084942 -0.031850 0.205746
0.087072 -0.030561 0.201839
0.086890 -0.035845 0.197844
0.086727 -0.033266 0.200615
0.083020 -0.039750 0.201293
0.083846 -0.034514 0.206492
0.083478 -0.037674 0.203837
0.084771 -0.039348 0.198798
0.086824 -0.029585 0.202871
0.085465 -0.037645 0.199672
0.084444 -0.030097 0.206688
0.086206 -0.032383 0.202969
0.082513 -0.033770 0.207825
0.084590 -0.027907 0.206457
0.085595 -0.030489 0.204381
0.083643 -0.030240 0.208303
0.085277 -0.034652 0.204088
0.086396 -0.029004 0.203600
0.085193 -0.032673 0.205100
0.088510 -0.033317 0.197737
0.083821 -0.028159 0.206922
0.083381 -0.031495 0.208434
0.085842 -0.033759 0.203028
0.085552 -0.036552 0.200607
0.087508 -0.028235 0.202972
0.086055 -0.029603 0.203851
0.084582 -0.039582 0.198564
0.083057 -0.034631 0.207127
0.083440 -0.031292 0.208483
0.087419 -0.032830 0.199495
0.086426 -0.034892 0.199861
0.085778 -0.036096 0.200618
0.087521 -0.032917 0.199078
0.088248 -0.030445 0.200920
0.088003 -0.033462 0.198091
0.087589 -0.030027 0.201632
0.084153 -0.039153 0.200400
0.082933 -0.037257 0.204738
0.081787 -0.039452 0.203212
0.087534 -0.032437 0.199795
0.085783 -0.037030 0.199120
0.084821 -0.029045 0.206045
0.085160 -0.033798 0.204777
0.086229 -0.035610 0.199529
0.083593 -0.032463 0.207764
0.085159 -0.028253 0.205533
0.086618 -0.033367 0.197541
0.086424 -0.032525 0.202071
0.085895 -0.033183 0.203729
0.087842 -0.034360 0.197396
0.086086 -0.033365 0.198676
0.086348 -0.027311 0.202500
0.085435 -0.028279 0.205057
0.084483 -0.028495 0.206630
0.083936 -0.040425 0.198682
0.083978 -0.033021 0.207054
0.082719 -0.033822 0.207919
0.084979 -0.033246 0.205110
0.082900 -0.040630 0.200108
0.084279 -0.028317 0.206873
0.085525 -0.036147 0.201479
0.083864 -0.030450 0.207717
0.083893 -0.027584 0.206681
0.085588 -0.027262 0.205052
0.083715 -0.038765 0.201340
0.085669 -0.036198 0.200967
0.084800 -0.035423 0.204421
0.082745 -0.036670 0.201978
0.084085 -0.036612 0.204321
0.085385 -0.036422 0.201663
0.083196 -0.033034 0.207818
0.086296 -0.036574 0.198455
0.086979 -0.031293 0.201383
0.083039 -0.038296 0.203450
0.087219 -0.033101 0.197036
0.085134 -0.037216 0.201032
0.083282 -0.038062 0.203422
0.085555 -0.033189 0.204319
0.085548 -0.033884 0.204082
0.082725 -0.038898 0.203159
0.084579 -0.037075 0.202781
0.083127 -0.030581 0.208404
0.087818 -0.033969 0.197830
0.084712 -0.029158 0.206255
0.086033 -0.037255 0.198409
0.086534 -0.033517 0.197547
0.083766 -0.040212 0.199475
0.084804 -0.034964 0.204839
0.084424 -0.030230 0.206641
0.086629 -0.032737 0.201483
0.085507 -0.027579 0.205056
0.086236 -0.034800 0.200330
0.082683 -0.037440 0.204900
0.085954 -0.034573 0.201949
0.082500 -0.031441 0.208174
0.081933 -0.034188 0.206776
0.085269 -0.028361 0.205316
0.083369 -0.037645 0.203998
0.087486 -0.032034 0.200290
0.083159 -0.040982 0.198745
0.087479 -0.029188 0.202320
0.082883 -0.034371 0.207500
0.086654 -0.029745 0.202991
0.084744 -0.030469 0.205833
0.085497 -0.033533 0.199570
0.082432 -0.037177 0.205359
0.083165 -0.030214 0.208215
0.085437 -0.031399 0.204888
0.088120 -0.034209 0.197245
0.086095 -0.035018 0.200476
0.084491 -0.027017 0.204542
0.087272 -0.032863 0.199756
0.082994 -0.040492 0.200264
0.087197 -0.029566 0.202304
0.082772 -0.033098 0.208072
0.085538 -0.038175 0.198698
0.085656 -0.033521 0.203994
0.082716 -0.036304 0.206051
0.086538 -0.035727 0.198496
0.086017 -0.036470 0.198874
0.082907 -0.038869 0.202896
0.082969 -0.029896 0.206076
0.081821 -0.035917 0.206239
0.086660 -0.034726 0.199415
0.086003 -0.034795 0.201558
0.082964 -0.037529 0.204366
0.086500 -0.031414 0.202432
0.082653 -0.039776 0.201710
0.085802 -0.038151 0.197815
0.084536 -0.039515 0.198835
0.087108 -0.027127 0.203702
0.087676 -0.029527 0.202031
0.085025 -0.037103 0.202068
0.085884 -0.037553 0.198495
0.083868 -0.034649 0.206238
0.087228 -0.032672 0.200148
0.082242 -0.039008 0.203716
0.082184 -0.040240 0.201733
0.086935 -0.035187 0.198040
0.084425 -0.031818 0.206599
0.085381 -0.028585 0.205076
0.086724 -0.036229 0.197509
0.083602 -0.038685 0.201796
0.085706 -0.035855 0.201103
0.086577 -0.035216 0.198931
0.083785 -0.034998 0.206117
0.083605 -0.032689 0.207579
0.088116 -0.029683 0.201693
0.083237 -0.034159 0.207369
0.086484 -0.033658 0.200983
0.086871 -0.029287 0.202984
0.087796 -0.033130 0.198530
0.086409 -0.035324 0.199350
0.087184 -0.033375 0.199073
0.086304 -0.029479 0.203453
0.085146 -0.036866 0.201968
0.088335 -0.031900 0.199368
0.084561 -0.034370 0.205499
0.084062 -0.039574 0.199341
0.087585 -0.028027 0.203097
0.085546 -0.028985 0.204698
0.084555 -0.038462 0.200540
0.084853 -0.029901 0.205686
0.084433 -0.031358 0.206553
0.085791 -0.036481 0.199963
0.086639 -0.034364 0.199863
0.085676 -0.037015 0.199448
0.087052 -0.028512 0.203088
0.087477 -0.033097 0.198932
0.085027 -0.031668 0.205637
0.086838 -0.028775 0.203175
0.087636 -0.029053 0.202366
0.084638 -0.035954 0.204213
0.083212 -0.036119 0.205847
0.083479 -0.032241 0.207904
0.085196 -0.032349 0.205149
0.083936 -0.038652 0.200989
0.086435 -0.031018 0.202818
0.085171 -0.034831 0.204260
0.085690 -0.034395 0.202995
0.085685 -0.032558 0.204424
0.087030 -0.035705 0.197663
0.087532 -0.031400 0.200680
0.087180 -0.033898 0.198762
0.086518 -0.031574 0.202310
0.088446 -0.033648 0.197462
0.088335 -0.032932 0.198312
0.086532 -0.034153 0.196635
0.083129 -0.030890 0.208531
0.084585 -0.035908 0.204427
0.083677 -0.038743 0.201560
0.084891 -0.037714 0.200425
0.084266 -0.027395 0.204728
0.083716 -0.030931 0.208183
0.083410 -0.038913 0.201814
0.082913 -0.038733 0.203107
0.084653 -0.030211 0.206077
0.085313 -0.032019 0.205174
0.085745 -0.035157 0.201797
0.085762 -0.036746 0.199731
0.084451 -0.029769 0.206682
0.083100 -0.035830 0.206282
0.087260 -0.032353 0.200406
0.083590 -0.039899 0.200092
0.083697 -0.036051 0.205450
0.086252 -0.027729 0.204224
0.086385 -0.033807 0.201108
0.085337 -0.029281 0.201805
0.087276 -0.029364 0.202376
0.083468 -0.039375 0.200978
0.084923 -0.037640 0.200897
0.083442 -0.037230 0.204419
0.086297 -0.033857 0.201621
0.082507 -0.040001 0.201636
0.083595 -0.040374 0.199536
0.084089 -0.035649 0.200150
0.086226 -0.035385 0.199766
0.085612 -0.033711 0.204077
0.085921 -0.030241 0.204020
0.085448 -0.035112 0.202707
0.086722 -0.029451 0.203084
0.085372 -0.036669 0.201458
0.087095 -0.030950 0.201473
0.085796 -0.034049 0.203072
0.082917 -0.033244 0.208040
0.086225 -0.037442 0.198091
0.086606 -0.033905 0.196936
0.087687 -0.032642 0.196788
0.087262 -0.032017 0.197739
0.083592 -0.035636 0.206003
0.088097 -0.034067 0.197422
0.083928 -0.033260 0.206946
0.087491 -0.032310 0.197485
0.085789 -0.034234 0.202711
0.084774 -0.035617 0.204236
0.084188 -0.037312 0.203342
0.085165 -0.029928 0.205135
0.087652 -0.032912 0.198915
0.084503 -0.037490 0.202506
0.083374 -0.038685 0.202319
0.084749 -0.036167 0.203584
0.083427 -0.030281 0.208345
0.083351 -0.040550 0.199549
0.085089 -0.036414 0.202521
0.083853 -0.036635 0.204668
0.083770 -0.035742 0.205710
0.084538 -0.033197 0.201022
0.084981 -0.029494 0.205561
0.086157 -0.028871 0.204012
0.085991 -0.030467 0.203805
0.087453 -0.029719 0.201950
0.085786 -0.029212 0.204433
0.083475 -0.037972 0.203223
0.082930 -0.040679 0.199852
0.084849 -0.037830 0.200882
0.087005 -0.031711 0.201248
0.085735 -0.036408 0.200162
0.084816 -0.027587 0.206276
0.087532 -0.032578 0.199601
0.085945 -0.037805 0.197686
0.085157 -0.029488 0.205272
0.082837 -0.034679 0.207240
0.085326 -0.038190 0.199465
0.086952 -0.035535 0.197899
0.086610 -0.031584 0.198674
0.083490 -0.038408 0.202587
0.085925 -0.030490 0.204060
0.083252 -0.040399 0.199782
0.082540 -0.033091 0.207951
0.087759 -0.028520 0.202738
0.085017 -0.038212 0.199935
0.088043 -0.032930 0.198518
0.086548 -0.035851 0.198360
0.085863 -0.027250 0.204814
0.088013 -0.029972 0.201368
0.086369 -0.035123 0.199758
0.085995 -0.028315 0.204329
0.084552 -0.027463 0.206481
0.084997 -0.029874 0.205413
0.085835 -0.034811 0.201969
0.083150 -0.041198 0.198360
0.082772 -0.038011 0.204128
0.088124 -0.032115 0.199310
0.083601 -0.038851 0.201475
0.086097 -0.033574 0.202244
0.086377 -0.035287 0.199518
0.082166 -0.033128 0.207502
0.085992 -0.029626 0.204028
0.087289 -0.027607 0.203318
0.084450 -0.039826 0.198316
0.088318 -0.033522 0.197625
0.082317 -0.041443 0.199233
0.083970 -0.038881 0.200700
0.085905 -0.035810 0.200140
0.083499 -0.038533 0.202091
0.088012 -0.031295 0.200128
0.087486 -0.032839 0.199235
0.084501 -0.035027 0.205149
0.082973 -0.035694 0.206502
0.085354 -0.037898 0.199699
0.084859 -0.030676 0.205637
0.082671 -0.035830 0.206561
0.084025 -0.034670 0.206005
0.083252 -0.037138 0.204629
0.085991 -0.035293 0.197062
0.087246 -0.034309 0.198494
0.083294 -0.038992 0.202095
0.084911 -0.032724 0.205755
0.086262 -0.032536 0.202816
0.085365 -0.034012 0.199638
0.084040 -0.036169 0.204868
0.081108 -0.037291 0.205010
0.086332 -0.034111 0.201134
0.082326 -0.040253 0.201443
0.084018 -0.039626 0.199546
0.082927 -0.039385 0.202075
0.087915 -0.029290 0.202141
0.085411 -0.035443 0.202199
0.082361 -0.032803 0.207827
0.083779 -0.032518 0.207483
0.082263 -0.034395 0.207425
0.086190 -0.036492 0.198565
0.083339 -0.034432 0.207064
0.086200 -0.034163 0.201614
0.083642 -0.030697 0.208364
0.086598 -0.030838 0.198986
0.083297 -0.040302 0.199959
0.086870 -0.033101 0.197450
0.081969 -0.040179 0.201958
0.082291 -0.040046 0.199973
0.083888 -0.038257 0.201909
0.081975 -0.032814 0.207105
0.083531 -0.039596 0.200587
0.087519 -0.033394 0.198682
0.082145 -0.041524 0.199004
0.085232 -0.036998 0.201244
0.087388 -0.030927 0.201111
0.085121 -0.031033 0.205105
0.084687 -0.039198 0.199110
0.085591 -0.029943 0.200897
0.085218 -0.032829 0.205031
0.084474 -0.039979 0.198031
0.085565 -0.035318 0.201963
0.083166 -0.036011 0.206033
0.086451 -0.036963 0.197518
0.083283 -0.032994 0.207613
0.085292 -0.035603 0.202470
0.087214 -0.029726 0.202193
0.082297 -0.038189 0.204566
0.086285 -0.032347 0.202678
0.086465 -0.035972 0.198516
0.086528 -0.036108 0.198374
0.086027 -0.029127 0.204145
0.084495 -0.036299 0.204036
0.086215 -0.029515 0.203579
0.085950 -0.032787 0.199104
0.085962 -0.037065 0.198606
0.085374 -0.037450 0.199992
0.086018 -0.034481 0.197937
0.084888 -0.037937 0.200435
0.085405 -0.028012 0.205207
0.085116 -0.036810 0.202212
0.082732 -0.033474 0.207955
0.086988 -0.033529 0.199280
0.087234 -0.034423 0.198238
0.086664 -0.033457 0.200546
0.084130 -0.035169 0.205561
0.085720 -0.034387 0.198981
0.086749 -0.033895 0.199863
0.083916 -0.031240 0.207684
0.085275 -0.036783 0.201763
0.086378 -0.034032 0.197421
0.085977 -0.027878 0.204465
0.083613 -0.028933 0.207430
0.085224 -0.036586 0.202009
0.082229 -0.041020 0.199950
0.088272 -0.031273 0.200079
0.084712 -0.033813 0.205874
0.086350 -0.034702 0.197007
0.083247 -0.039865 0.200671
0.085341 -0.035416 0.202414
0.087857 -0.032785 0.198779
0.085066 -0.035586 0.203049
0.081708 -0.039751 0.202400
0.085599 -0.035624 0.197805
0.083769 -0.032740 0.207322
0.087709 -0.033460 0.198384
0.086354 -0.030368 0.200258
0.082828 -0.037747 0.204296
0.084457 -0.028044 0.206662
0.085122 -0.031385 0.205387
0.085805 -0.035883 0.200852
0.087039 -0.034103 0.198765
0.086107 -0.028323 0.204179
0.086746 -0.030004 0.202681
0.085587 -0.029944 0.204613
0.084245 -0.036074 0.204656
0.087379 -0.028969 0.202596
0.082598 -0.041369 0.199087
0.082617 -0.037647 0.204824
0.086594 -0.036234 0.198196
0.087959 -0.032234 0.199332
0.085927 -0.035544 0.200783
0.087551 -0.033875 0.198287
0.085272 -0.029846 0.205002
0.086775 -0.033675 0.199905
0.084288 -0.037718 0.202618
0.084852 -0.031809 0.205993
0.084931 -0.030108 0.205453
0.084691 -0.036671 0.203181
0.086270 -0.029949 0.203349
0.085335 -0.032670 0.204924
0.087403 -0.031304 0.200902
0.082286 -0.040644 0.200638
0.085852 -0.030299 0.200541
0.086309 -0.032754 0.202150
0.086820 -0.029101 0.203134
0.084994 -0.032172 0.205693
0.084531 -0.030017 0.206463
0.087032 -0.028278 0.203235
0.085286 -0.030941 0.204838
0.081888 -0.039805 0.202443
0.086384 -0.031401 0.199054
0.086421 -0.029979 0.203155
0.084932 -0.038846 0.199497
0.086452 -0.028235 0.203898
0.085263 -0.028820 0.205287
0.083947 -0.032522 0.207236
0.086364 -0.036229 0.198576
0.086080 -0.031805 0.203524
0.084864 -0.037748 0.201143
0.086479 -0.035560 0.198858
0.086022 -0.033833 0.202306
0.085507 -0.033615 0.199487
0.084558 -0.039835 0.198141
0.084978 -0.036923 0.202414
0.086291 -0.027204 0.204377
0.086773 -0.030639 0.202507
0.084338 -0.037524 0.197515
0.087012 -0.031380 0.197971
0.087281 -0.027247 0.203527
0.083257 -0.033813 0.207543
0.083774 -0.040756 0.198172
0.086490 -0.030829 0.202716
0.086203 -0.028122 0.201209
0.082883 -0.034555 0.207349
0.086556 -0.033781 0.200654
0.081133 -0.038000 0.204600
0.087809 -0.032976 0.198677
0.086738 -0.028154 0.203599
0.081963 -0.033379 0.206700
0.086224 -0.031929 0.199082
0.081924 -0.034492 0.206478
0.086285 -0.035845 0.199091
0.084938 -0.031962 0.205877
0.085843 -0.035045 0.201623
0.086685 -0.030301 0.199983
0.085176 -0.028884 0.205488
0.085220 -0.027598 0.205604
0.083340 -0.039570 0.200822
0.086179 -0.030202 0.203338
0.084997 -0.035634 0.203366
0.086694 -0.034798 0.198882
0.081972 -0.035801 0.206509
0.087388 -0.033772 0.198590
0.087130 -0.030008 0.202098
0.086549 -0.033089 0.201522
0.083452 -0.036503 0.205131
0.084336 -0.029028 0.206750
0.087696 -0.032544 0.199245
0.087375 -0.032578 0.199954
0.085319 -0.036843 0.200758
0.082748 -0.041234 0.199260
0.086924 -0.028465 0.203245
0.084664 -0.035220 0.204866
0.084604 -0.031936 0.206370
0.086273 -0.033351 0.202018
0.088512 -0.033801 0.197224
0.083030 -0.033021 0.208077
0.084595 -0.029514 0.206321
0.085771 -0.037976 0.198329
0.086582 -0.031790 0.201960
0.082567 -0.039113 0.203061
0.084778 -0.035936 0.203844
0.085200 -0.036232 0.202330
0.084977 -0.031199 0.205645
0.085537 -0.035841 0.201631
0.083399 -0.039897 0.200434
0.082110 -0.034210 0.207371
0.083090 -0.033870 0.207708
0.085214 -0.035983 0.202416
0.084665 -0.031671 0.206215
0.085960 -0.036379 0.199211
0.087847 -0.029144 0.202264
0.081696 -0.037842 0.205065
0.086814 -0.033192 0.200412
0.085512 -0.031747 0.204915
0.082541 -0.034441 0.207499
0.084806 -0.028277 0.206047
0.082317 -0.038414 0.204290
0.085888 -0.037822 0.198145
0.085399 -0.030050 0.204822
0.085586 -0.037866 0.198849
0.087179 -0.030982 0.201314
0.087425 -0.028429 0.202952
0.084061 -0.031344 0.207493
0.087205 -0.031567 0.197629
0.083586 -0.040677 0.198877
0.086402 -0.031923 0.202410
0.082764 -0.037161 0.205011
0.086073 -0.028725 0.200627
0.084625 -0.028430 0.206347
0.082689 -0.040822 0.199979
0.085376 -0.033522 0.204502
0.086564 -0.036426 0.198018
0.083407 -0.031336 0.208239
0.087084 -0.035636 0.197537
0.084761 -0.029659 0.205942
0.084443 -0.034859 0.205378
0.084718 -0.035989 0.204022
0.087331 -0.030087 0.201805
0.085638 -0.030759 0.204332
0.085710 -0.027581 0.204868
0.086761 -0.031685 0.201657
0.083904 -0.035117 0.205834
0.082664 -0.038546 0.203719
0.084154 -0.036605 0.204120
0.086083 -0.034610 0.201355
0.082876 -0.036865 0.205316
0.082587 -0.037265 0.205165
0.088242 -0.031450 0.199885
0.086867 -0.030448 0.202437
0.086821 -0.032551 0.198163
0.082146 -0.035736 0.206722
0.083222 -0.035586 0.206393
0.086737 -0.027989 0.203700
0.087379 -0.032806 0.199646
0.086784 -0.030473 0.198923
0.086407 -0.036604 0.198281
0.083459 -0.040823 0.198698
0.082184 -0.037780 0.205053
0.087269 -0.032712 0.197600
0.081893 -0.039092 0.203762
0.086124 -0.032137 0.203285
0.086628 -0.029614 0.200138
0.085143 -0.039160 0.198441
0.082115 -0.040653 0.200352
0.085242 -0.038986 0.198476
0.081866 -0.035543 0.205027
0.083515 -0.039027 0.201371
0.088223 -0.031072 0.200300
0.085793 -0.033663 0.203371
0.083502 -0.031862 0.208073
0.083171 -0.033633 0.207672
0.084476 -0.038891 0.199799
0.083566 -0.036899 0.204673
0.083060 -0.028633 0.206825
0.086548 -0.033872 0.200542
0.085816 -0.031264 0.204050
0.085161 -0.038650 0.199301
0.084929 -0.039105 0.199021
0.084385 -0.031195 0.206650
0.084146 -0.031258 0.207278
0.085329 -0.038369 0.199194
0.084997 -0.030724 0.205280
0.084397 -0.033604 0.206366
0.085773 -0.028391 0.204599
0.081979 -0.033661 0.207185
0.086121 -0.033853 0.202086
0.085252 -0.036940 0.200976
0.087007 -0.034763 0.198267
0.083328 -0.031237 0.208549
0.085337 -0.030318 0.204804
0.082547 -0.038790 0.203640
0.085854 -0.035832 0.200641
0.084100 -0.031552 0.207347
0.082994 -0.035364 0.206700
0.085762 -0.035319 0.201496
0.085788 -0.030463 0.204231
0.082521 -0.039881 0.201903
0.083210 -0.033997 0.207528
0.082943 -0.032623 0.204503
0.082050 -0.034461 0.207122
0.087152 -0.034515 0.198422
0.085268 -0.036285 0.202012
0.086189 -0.032746 0.203164
0.082457 -0.035036 0.207066
0.083589 -0.034229 0.206951
0.087091 -0.033400 0.199288
0.084689 -0.039034 0.199296
0.083716 -0.037227 0.204258
0.083263 -0.030767 0.208526
0.082476 -0.037711 0.204945
0.087659 -0.031756 0.200136
0.081941 -0.040461 0.201284
0.086958 -0.034775 0.198502
0.085021 -0.034542 0.204750
0.086858 -0.030148 0.199854
0.087984 -0.032544 0.198914
0.083091 -0.029039 0.206193
0.085564 -0.032827 0.204411
0.084356 -0.028471 0.206798
0.087733 -0.031326 0.200496
0.082400 -0.036984 0.205507
0.085705 -0.033902 0.203494
0.084022 -0.037030 0.204135
0.085288 -0.035381 0.202720
0.085257 -0.037792 0.199951
0.087024 -0.031880 0.201066
0.082544 -0.037967 0.204456
0.082286 -0.040620 0.199120
0.086032 -0.035641 0.199961
0.085896 -0.036719 0.198868
0.086290 -0.033510 0.198275
0.086371 -0.036797 0.198175
0.085606 -0.032166 0.199795
0.087176 -0.032806 0.200042
0.086115 -0.037434 0.197610
0.084730 -0.035437 0.204625
0.085115 -0.039176 0.198024
0.083561 -0.031901 0.207937
0.085589 -0.036844 0.200174
0.083682 -0.027889 0.206781
0.086482 -0.027623 0.204097
0.084643 -0.035747 0.204564
0.085603 -0.037654 0.199215
0.085690 -0.034765 0.202311
0.086554 -0.032648 0.198486
0.081821 -0.039258 0.202029
0.082081 -0.033947 0.207401
0.087077 -0.033657 0.199165
0.085373 -0.033853 0.204329
0.083955 -0.040200 0.199041
0.083004 -0.036621 0.205393
0.086199 -0.034482 0.201123
0.085882 -0.027766 0.204632
0.083937 -0.034122 0.206488
0.084981 -0.027685 0.206038
0.086626 -0.034957 0.199330
0.086446 -0.034134 0.200614
0.084337 -0.037913 0.201811
0.081007 -0.037649 0.204848
0.086079 -0.034256 0.201887
0.087451 -0.027840 0.203232
0.082152 -0.038877 0.203937
0.085614 -0.035501 0.201728
0.084222 -0.037595 0.202954
0.086861 -0.031357 0.198286
0.083356 -0.040690 0.199377
0.087548 -0.033208 0.198768
0.087850 -0.028710 0.202533
0.085890 -0.036402 0.199761
0.086444 -0.032695 0.201900
0.086345 -0.032451 0.202308
0.083690 -0.028125 0.205345
0.084181 -0.032127 0.206987
0.086713 -0.033824 0.196644
0.082633 -0.038080 0.204239
0.085882 -0.036059 0.199977
0.081958 -0.033851 0.206768
0.084230 -0.034401 0.206091
0.084312 -0.034569 0.205865
0.085194 -0.034576 0.204425
0.084292 -0.039149 0.199731
0.086197 -0.029870 0.203493
0.084475 -0.036793 0.203537
0.086058 -0.027798 0.202231
0.085117 -0.038863 0.199092
0.086864 -0.031257 0.201812
0.083741 -0.034348 0.206726
0.087568 -0.028704 0.202688
0.083527 -0.032886 0.207442
0.084579 -0.038223 0.200735
0.087242 -0.030416 0.201710
0.086900 -0.032235 0.200854
0.085939 -0.034992 0.197736
0.083369 -0.040814 0.198930
0.083994 -0.030382 0.207390
0.083721 -0.033458 0.207056
0.086222 -0.028953 0.203904
0.085270 -0.030463 0.204820
0.086668 -0.035976 0.198179
0.083936 -0.029266 0.207364
0.084276 -0.036456 0.204107
0.082407 -0.039640 0.202357
0.086045 -0.031035 0.203601
0.083188 -0.037876 0.203858
0.084446 -0.037693 0.202302
0.085141 -0.028633 0.205525
0.082352 -0.032649 0.205945
0.088040 -0.030835 0.200652
0.085062 -0.032673 0.205232
0.083860 -0.040411 0.198840
0.083276 -0.039195 0.201597
0.082038 -0.038031 0.204926
0.084484 -0.029644 0.206526
0.087587 -0.032465 0.197133
0.085399 -0.035126 0.203420
0.082117 -0.041549 0.198290
0.086636 -0.031967 0.201784
0.087139 -0.030710 0.201613
0.087295 -0.028777 0.202794
0.083334 -0.031604 0.208361
0.086029 -0.027963 0.204357
0.084251 -0.040213 0.198048
0.085597 -0.035004 0.202187
0.086251 -0.032815 0.198725
0.086417 -0.036992 0.197738
0.085531 -0.034853 0.203430
0.088314 -0.034102 0.197127
0.084713 -0.033963 0.205576
0.086672 -0.033633 0.200409
0.083371 -0.037846 0.203662
0.083281 -0.041020 0.198516
0.082604 -0.040252 0.200947
0.082926 -0.029594 0.206841
0.085298 -0.029473 0.205041
0.085419 -0.038692 0.197868
0.086087 -0.034806 0.201074
0.086751 -0.032575 0.200921
0.081986 -0.033060 0.206653
0.087980 -0.033966 0.197600
0.082996 -0.041065 0.198802
0.082323 -0.033265 0.207702
0.081782 -0.035260 0.205906
0.084650 -0.036583 0.203360
0.083429 -0.038139 0.203060
0.085005 -0.028407 0.205736
0.084564 -0.036453 0.203679
0.082229 -0.041603 0.198530
0.085490 -0.032085 0.204925
0.084367 -0.029344 0.206730
0.085082 -0.032945 0.205103
0.085165 -0.037261 0.201270
0.086496 -0.032173 0.202053
0.085536 -0.030223 0.204641
0.086875 -0.036060 0.197534
0.084381 -0.032050 0.206715
0.085519 -0.028088 0.205005
0.086614 -0.035462 0.198598
0.086801 -0.035290 0.198305
0.082283 -0.039400 0.202909
0.084715 -0.035690 0.204441
0.086039 -0.031451 0.203645
0.085003 -0.035452 0.203751
0.083243 -0.041202 0.198120
0.086440 -0.034065 0.197215
0.085130 -0.037145 0.200781
0.083885 -0.029817 0.207557
0.085423 -0.034221 0.204080
0.082378 -0.041521 0.198860
0.085968 -0.032339 0.199242
0.087458 -0.030264 0.201587
0.083799 -0.033647 0.206844
0.085428 -0.029373 0.204828
0.086622 -0.033242 0.197719
0.086325 -0.030379 0.203170
0.086902 -0.033126 0.200158
0.084145 -0.030724 0.203129
0.085352 -0.036743 0.200926
0.084858 -0.037202 0.202301
0.083995 -0.032052 0.207425
0.085597 -0.028149 0.204842
0.084446 -0.037779 0.202023
0.084194 -0.039629 0.199204
0.085029 -0.029691 0.205420
0.086371 -0.033561 0.201608
0.085433 -0.032389 0.204891
0.085495 -0.037095 0.200101
0.087405 -0.032231 0.200281
0.084251 -0.031774 0.206895
0.087133 -0.033837 0.198967
0.086658 -0.034909 0.199085
0.087381 -0.027411 0.203425
0.087391 -0.029165 0.202437
0.085417 -0.029118 0.204899
0.083191 -0.029377 0.207476
0.085509 -0.033017 0.204403
0.084018 -0.027859 0.206765
0.084671 -0.037759 0.201494
0.084522 -0.034355 0.205729
0.083511 -0.039404 0.200813
0.086526 -0.030605 0.202827
0.087803 -0.033757 0.198042
0.081901 -0.038458 0.204412
0.081966 -0.035534 0.206708
0.082158 -0.033878 0.205893
0.083284 -0.032596 0.208137
0.084767 -0.038903 0.199517
0.085729 -0.031424 0.204318
0.082962 -0.035090 0.206846
0.085018 -0.039297 0.198315
0.084346 -0.039705 0.198822
0.083818 -0.036135 0.205164
0.085505 -0.030529 0.204564
0.083091 -0.031730 0.208532
0.085125 -0.032111 0.205338
0.085740 -0.028042 0.204691
0.082457 -0.036279 0.206078
0.082385 -0.035801 0.206695
0.084507 -0.030162 0.206556
0.085719 -0.027676 0.202777
0.084433 -0.037947 0.201479
0.082346 -0.034109 0.207613
0.083362 -0.040763 0.199152
0.083984 -0.040001 0.199275
0.086903 -0.029967 0.199753
0.083827 -0.039758 0.199824
0.083650 -0.039000 0.201116
0.086253 -0.033636 0.201963
0.087037 -0.032819 0.200281
0.086858 -0.027638 0.203729
0.087594 -0.034841 0.197264
0.087199 -0.033189 0.199393
0.084475 -0.038671 0.200448
0.086200 -0.037318 0.198203
0.081810 -0.036792 0.205633
0.084141 -0.034924 0.205673
0.087060 -0.032141 0.200706
0.085670 -0.036469 0.200352
0.085195 -0.031780 0.205363
0.084700 -0.038486 0.200292
0.085301 -0.036040 0.202117
0.087691 -0.033613 0.198267
0.086200 -0.034414 0.197517
0.084765 -0.038227 0.200462
0.082421 -0.039242 0.203051
0.082151 -0.039756 0.202411
0.085559 -0.029471 0.204601
0.085320 -0.031585 0.205147
0.086715 -0.035224 0.198603
0.086309 -0.034526 0.200549
0.086483 -0.036372 0.198325
0.087707 -0.030380 0.201245
0.082303 -0.039881 0.202179
0.083593 -0.030020 0.208152
0.087761 -0.031445 0.200333
0.081861 -0.036570 0.205748
0.085873 -0.036712 0.199083
0.084889 -0.036796 0.202580
0.085651 -0.033790 0.203875
0.086206 -0.034695 0.197231
0.084532 -0.030342 0.206220
0.085351 -0.036681 0.201125
0.084732 -0.029846 0.206055
0.087957 -0.032131 0.199499
0.085974 -0.035448 0.200607
0.084424 -0.034288 0.206003
0.084342 -0.032954 0.206653
0.085050 -0.036008 0.202792
0.084538 -0.032403 0.206451
0.086082 -0.036117 0.199269
0.086378 -0.035739 0.198996
0.082586 -0.041436 0.198790
0.084725 -0.037606 0.201708
0.088441 -0.032582 0.198563
0.084227 -0.028645 0.206908
0.085780 -0.031132 0.204220
0.088202 -0.032415 0.198896
0.083463 -0.031393 0.208336
0.085573 -0.034826 0.202638
0.082184 -0.039624 0.202579
0.084764 -0.037955 0.201065
0.085380 -0.036139 0.201853
0.084968 -0.032806 0.205440
0.086733 -0.031541 0.201854
0.086236 -0.032004 0.202843
0.084886 -0.035396 0.204255
0.086819 -0.030715 0.202314
0.085523 -0.036436 0.201061
0.085508 -0.028782 0.204814
0.086309 -0.034421 0.200674
0.085313 -0.038821 0.198192
0.083569 -0.040262 0.199680
0.086319 -0.033940 0.201384
0.084979 -0.032403 0.205959
0.086737 -0.032330 0.198684
0.086797 -0.035697 0.198063
0.082881 -0.039580 0.201724
0.084529 -0.036407 0.203840
0.085454 -0.033282 0.204478
0.082464 -0.040762 0.200337
0.082065 -0.039613 0.202684
0.086440 -0.033412 0.201468
0.086886 -0.033458 0.199917
0.082367 -0.039452 0.202642
0.084158 -0.030924 0.207170
0.086064 -0.031285 0.203442
0.086139 -0.027342 0.204544
0.082760 -0.037607 0.204576
0.087011 -0.034557 0.198639
0.086465 -0.031683 0.202405
0.084265 -0.039354 0.199412
0.083930 -0.030319 0.207554
0.085693 -0.030168 0.204407
0.084212 -0.038885 0.200567
0.084845 -0.034492 0.205040
0.085172 -0.030107 0.204981
0.084841 -0.027938 0.206172
0.086044 -0.033165 0.202897
0.087053 -0.032272 0.198097
0.082223 -0.038624 0.204136
0.082175 -0.037282 0.205366
0.082904 -0.041055 0.199308
0.087400 -0.030743 0.201225
0.082110 -0.038160 0.204773
0.081951 -0.034401 0.206836
0.083819 -0.039966 0.199608
0.081873 -0.036128 0.206081
0.088086 -0.033143 0.198277
0.085985 -0.031775 0.199470
0.086489 -0.031415 0.202692
0.086425 -0.034681 0.200055
0.086833 -0.034706 0.198722
0.083566 -0.037440 0.204118
0.086076 -0.027708 0.204429
0.084147 -0.039993 0.198797
0.084764 -0.038577 0.200045
0.083900 -0.035817 0.205420
0.083074 -0.040965 0.199180
0.087671 -0.034319 0.197692
0.084905 -0.036056 0.203003
0.085204 -0.035489 0.202901
0.085390 -0.038652 0.198026
0.082161 -0.032312 0.207181
0.082640 -0.036990 0.205419
0.084563 -0.033797 0.206146
0.086185 -0.031849 0.203111
0.084633 -0.029747 0.206291
0.085572 -0.036705 0.200343
0.084555 -0.039352 0.199006
0.084849 -0.034560 0.199805
0.085492 -0.032734 0.204623
0.082711 -0.039662 0.201953
0.086899 -0.034431 0.198856
0.082958 -0.038434 0.203364
0.086668 -0.032621 0.201360
0.082032 -0.033225 0.207266
0.083289 -0.028564 0.207084
0.087510 -0.031093 0.200868
0.082085 -0.040993 0.199784
0.084299 -0.035482 0.205081
0.085942 -0.031545 0.203885
0.085137 -0.034042 0.199891
0.084938 -0.032150 0.206002
0.084822 -0.033198 0.205781
0.086113 -0.032902 0.203242
0.087379 -0.032649 0.197474
0.087227 -0.032192 0.200533
0.082073 -0.040700 0.199894
0.085687 -0.036829 0.199939
0.084824 -0.037874 0.200646
0.083041 -0.041355 0.198247
0.086181 -0.034851 0.200636
0.086418 -0.033287 0.201747
0.087625 -0.031620 0.200374
0.085947 -0.031239 0.203851
0.082604 -0.039179 0.202842
0.084733 -0.028584 0.206140
0.086622 -0.029964 0.202895
0.086192 -0.036868 0.198418
0.087081 -0.028777 0.202972
0.086003 -0.033792 0.202486
0.083171 -0.038763 0.202633
0.084259 -0.036835 0.203884
0.084204 -0.030893 0.206981
0.085218 -0.029709 0.205154
0.085279 -0.038655 0.198950
0.085564 -0.037346 0.199645
0.083383 -0.039302 0.201273
0.082383 -0.031762 0.206788
0.085117 -0.035072 0.204206
0.084441 -0.039285 0.199253
0.083942 -0.039588 0.199844
0.084824 -0.032924 0.206042
0.083397 -0.027983 0.206721
0.087646 -0.034031 0.198033
0.087277 -0.034785 0.197825
0.083318 -0.031467 0.208506
0.083338 -0.033539 0.207488
0.086271 -0.032076 0.202612
0.084482 -0.038087 0.201226
0.086444 -0.030500 0.199973
0.086105 -0.034703 0.197488
0.085038 -0.031887 0.205559
0.084759 -0.038042 0.200760
0.086363 -0.031191 0.202954
0.087032 -0.027341 0.203663
0.084976 -0.038719 0.199552
0.085404 -0.034960 0.203559
0.082589 -0.031652 0.208396
0.087160 -0.035648 0.197358
0.086543 -0.035163 0.199255
0.085626 -0.032699 0.199546
0.085091 -0.030738 0.205022
0.086706 -0.032064 0.201519
0.082404 -0.037465 0.205160
0.086025 -0.035032 0.201085
0.085856 -0.035848 0.200361
0.084949 -0.035686 0.198781
0.086884 -0.027276 0.203873
0.086578 -0.033918 0.200371
0.085620 -0.037453 0.199458
0.086879 -0.027018 0.203959
0.085007 -0.029330 0.205578
0.083067 -0.040659 0.199635
0.085036 -0.033904 0.204951
0.083300 -0.040234 0.200095
0.087033 -0.033424 0.199560
0.086418 -0.027118 0.204195
0.086219 -0.034315 0.201305
0.085638 -0.037956 0.198590
0.083042 -0.032002 0.208496
0.085380 -0.034523 0.203956
0.087410 -0.034816 0.197600
0.085117 -0.027512 0.205845
0.086225 -0.033081 0.202143
0.086601 -0.027898 0.203901
0.085916 -0.035644 0.200522
0.083701 -0.037713 0.203227
0.085952 -0.034340 0.202024
0.088064 -0.031471 0.199986
0.084093 -0.027317 0.206642
0.086236 -0.032908 0.202329
0.087072 -0.031381 0.201228
0.083788 -0.038863 0.200993
0.085057 -0.030885 0.205191
0.084599 -0.031357 0.206287
0.085578 -0.030841 0.204486
0.084591 -0.028138 0.206447
0.081965 -0.039274 0.203507
0.086445 -0.031470 0.202770
0.085634 -0.031072 0.204452
0.085143 -0.035215 0.204023
0.086720 -0.034441 0.199510
0.086668 -0.033146 0.200823
0.085592 -0.035009 0.198475
0.083375 -0.034241 0.207173
0.084647 -0.036451 0.203482
0.083308 -0.035203 0.206602
0.083557 -0.036277 0.205269
0.083320 -0.032251 0.208166
0.083957 -0.037816 0.202879
0.086330 -0.028800 0.203773
0.086780 -0.036041 0.197919
0.085212 -0.030803 0.201078
0.082190 -0.036188 0.206124
0.087486 -0.034984 0.197334
0.084017 -0.037555 0.203244
0.085615 -0.037018 0.199862
0.086182 -0.030690 0.203231
0.084999 -0.027455 0.206054
0.082599 -0.041487 0.198554
0.086065 -0.029369 0.203987
0.084233 -0.035167 0.205338
0.085114 -0.035567 0.203168
0.085318 -0.036835 0.201373
0.086120 -0.030617 0.203387
0.086809 -0.034407 0.199238
0.084158 -0.029703 0.207141
0.086752 -0.032929 0.197838
0.086684 -0.032021 0.198660
0.085894 -0.029523 0.204221
0.083534 -0.040882 0.198336
0.083375 -0.040070 0.200242
0.085141 -0.038993 0.198850
0.084650 -0.039720 0.198097
0.086547 -0.033680 0.197331
0.083883 -0.036481 0.204595
0.085221 -0.033608 0.204664
0.087275 -0.034087 0.198546
0.083615 -0.029356 0.207698
0.085598 -0.037087 0.199804
0.086349 -0.034450 0.200312
0.083035 -0.030070 0.207840
0.086769 -0.034291 0.199556
0.085227 -0.038868 0.198005
0.084089 -0.037356 0.203541
0.084248 -0.029346 0.206958
0.085032 -0.038011 0.200139
0.086530 -0.032486 0.201875
0.083646 -0.031688 0.207785
0.087658 -0.028833 0.202467
0.087642 -0.030792 0.200977
0.082139 -0.040451 0.201240
0.082297 -0.039105 0.203477
0.083285 -0.036240 0.205704
0.083462 -0.028194 0.206911
0.086599 -0.028902 0.203428
0.084061 -0.031021 0.207443
0.084934 -0.033604 0.205224
0.084215 -0.032678 0.206809
0.083900 -0.039343 0.200487
0.082754 -0.038323 0.203842
0.083114 -0.040838 0.199404
0.084247 -0.040053 0.198230
0.087726 -0.033314 0.198486
0.087661 -0.034628 0.197366
0.084591 -0.029273 0.206383
0.084995 -0.037417 0.201695
0.085842 -0.036645 0.199449
