0.044161 0.041901 0.204450
0.042966 0.045253 0.208548
0.040410 0.033485 0.206009
0.042592 0.043309 0.211598
0.039793 0.035058 0.203266
0.047746 0.036800 0.211180
0.043004 0.045188 0.208844
0.048044 0.037055 0.211822
0.042747 0.040149 0.202371
0.041065 0.035580 0.204034
0.042676 0.043720 0.209233
0.043141 0.041071 0.201438
0.043731 0.042389 0.202930
0.042359 0.034689 0.206884
0.043555 0.042863 0.202129
0.043340 0.040561 0.202623
0.040901 0.036471 0.202547
0.041576 0.033590 0.207191
0.043663 0.037387 0.207539
0.043035 0.040865 0.201742
0.042920 0.041853 0.209662
0.042625 0.042873 0.210051
0.043841 0.043155 0.213202
0.043539 0.038286 0.208086
0.044350 0.044818 0.213009
0.043979 0.037595 0.209616
0.039788 0.034878 0.203577
0.043725 0.044155 0.204890
0.043420 0.038369 0.204438
0.042680 0.039940 0.202484
0.043975 0.046465 0.211926
0.047478 0.036519 0.210537
0.040726 0.034935 0.204545
0.042833 0.041434 0.211851
0.043081 0.045879 0.208050
0.043647 0.040010 0.208534
0.046946 0.040517 0.213124
0.040865 0.036063 0.203047
0.043679 0.044083 0.212940
0.043800 0.042796 0.213170
0.043627 0.037236 0.209065
0.044240 0.037958 0.207015
0.044597 0.043660 0.213360
0.043820 0.042889 0.204217
0.043807 0.038702 0.207738
0.044134 0.040563 0.212835
0.044584 0.041848 0.213389
0.043090 0.040453 0.210173
0.042492 0.040213 0.201796
0.044440 0.043541 0.213375
0.043159 0.037325 0.204707
0.042793 0.046757 0.210991
0.040600 0.033220 0.206374
0.040754 0.032676 0.206886
0.043951 0.041603 0.203972
0.047030 0.037436 0.210435
0.044770 0.041193 0.213276
0.044241 0.041849 0.204716
0.043433 0.043923 0.206490
0.042089 0.036787 0.203795
0.047188 0.037867 0.211789
0.042935 0.046816 0.207833
0.039995 0.032417 0.204277
0.042784 0.035334 0.206726
0.043275 0.044360 0.203862
0.042680 0.044660 0.209629
0.042037 0.046896 0.208855
0.042675 0.045560 0.203046
0.043477 0.041677 0.212857
0.040972 0.037980 0.201347
0.043062 0.046395 0.207954
0.042544 0.038948 0.202813
0.041597 0.038449 0.201800
0.042742 0.041241 0.208943
0.039980 0.035849 0.202309
0.041392 0.034609 0.205835
0.039972 0.033588 0.205278
0.043688 0.039863 0.209747
0.044597 0.039290 0.205866
0.044359 0.042572 0.213518
0.044470 0.041281 0.205795
0.043004 0.035945 0.206422
0.043127 0.045181 0.207364
0.040150 0.033264 0.205632
0.043804 0.044275 0.205859
0.043534 0.046422 0.206118
0.044722 0.038405 0.210147
0.042618 0.044279 0.209529
0.042638 0.043315 0.209597
0.042731 0.042858 0.209514
0.042844 0.040689 0.210757
0.042559 0.046028 0.209740
0.042640 0.043187 0.209423
0.043050 0.046847 0.206993
0.042887 0.046856 0.205039
0.042967 0.046724 0.208034
0.045305 0.043549 0.213613
0.045881 0.035666 0.209849
0.042423 0.044314 0.211030
0.043661 0.041840 0.207151
0.044196 0.040851 0.212941
0.043337 0.044128 0.203737
0.043634 0.045990 0.204911
0.047170 0.038288 0.211872
0.044347 0.042044 0.213390
0.043623 0.043085 0.206367
0.043124 0.042311 0.212440
0.043984 0.041218 0.204007
0.043569 0.042740 0.201956
0.043763 0.043660 0.213085
0.045406 0.041292 0.213450
0.043125 0.040561 0.209036
0.040936 0.034354 0.205708
0.043224 0.045660 0.209691
0.043054 0.045513 0.207593
0.041801 0.033257 0.207764
0.043351 0.042758 0.207417
0.046280 0.036506 0.209837
0.044511 0.038366 0.206717
0.042873 0.047262 0.206858
0.042778 0.041774 0.211755
0.043408 0.043703 0.212837
0.043855 0.043118 0.205235
0.040130 0.034196 0.205131
0.043533 0.043990 0.206240
0.042389 0.035420 0.206017
0.045784 0.038650 0.211158
0.043453 0.038855 0.208571
0.043701 0.045142 0.206760
0.042869 0.040309 0.202379
0.043238 0.042570 0.208405
0.041947 0.035281 0.205605
0.041626 0.038760 0.201653
0.047582 0.036049 0.210071
0.043705 0.037117 0.206470
0.047793 0.037030 0.211414
0.046946 0.040517 0.213124
0.044336 0.043124 0.213455
0.043555 0.043390 0.213011
0.042406 0.046033 0.202957
0.043739 0.043483 0.205909
0.042647 0.044475 0.209207
0.042870 0.045262 0.203413
0.043102 0.039876 0.203187
0.040916 0.033256 0.206724
0.043604 0.042699 0.206527
0.043996 0.039594 0.211917
0.045099 0.039050 0.210729
0.043459 0.034140 0.209437
0.043883 0.037897 0.205595
0.041215 0.036069 0.203612
0.041059 0.035422 0.204325
0.044048 0.042013 0.206283
0.043035 0.045915 0.209024
0.042186 0.033272 0.208189
0.041756 0.047378 0.209446
0.043880 0.039573 0.204743
0.043848 0.042491 0.213203
0.043598 0.040035 0.209367
0.042625 0.044385 0.209640
0.043935 0.040907 0.203989
0.043530 0.042328 0.206711
0.040148 0.033739 0.205509
0.043479 0.035816 0.207738
0.043864 0.037579 0.205638
0.042833 0.043871 0.212214
0.043469 0.036011 0.207750
0.042677 0.043938 0.209945
0.042504 0.036389 0.204853
0.044743 0.039329 0.211069
0.043496 0.040211 0.203633
0.040925 0.034861 0.204865
0.041837 0.047551 0.208806
0.043979 0.040219 0.207970
0.042784 0.040877 0.211064
0.042876 0.040281 0.211202
0.043699 0.045801 0.211924
0.048166 0.036969 0.211922
0.043800 0.042796 0.213170
0.044963 0.038775 0.207162
0.043321 0.041403 0.201475
0.043061 0.046981 0.206550
0.039365 0.034077 0.204041
0.043901 0.042856 0.205274
0.042703 0.044082 0.210047
0.042697 0.042808 0.211870
0.044149 0.042841 0.213375
0.045808 0.037894 0.210083
0.043327 0.046756 0.205462
0.044625 0.038480 0.207233
0.043497 0.034408 0.209178
0.043570 0.042089 0.207552
0.043368 0.045788 0.204666
0.043718 0.038018 0.205235
0.045602 0.035522 0.209905
0.043422 0.040114 0.210099
0.042317 0.035973 0.205148
0.042436 0.047787 0.208270
0.043890 0.042885 0.204540
0.043800 0.044674 0.205031
0.040312 0.035451 0.203368
0.042832 0.037345 0.204218
0.042948 0.045704 0.203900
0.043564 0.035422 0.208826
0.043622 0.037530 0.207677
0.043052 0.041000 0.208537
0.042692 0.045175 0.210080
0.044053 0.041799 0.204182
0.043894 0.038483 0.207659
0.043357 0.042704 0.201398
0.044546 0.040601 0.206537
0.043030 0.045435 0.203997
0.043429 0.034674 0.208628
0.047420 0.036861 0.210654
0.042720 0.042598 0.211073
0.042734 0.041371 0.210319
0.044652 0.039889 0.206805
0.044187 0.041773 0.206265
0.041628 0.032034 0.205938
0.042629 0.043823 0.209543
0.043842 0.037971 0.209469
0.043373 0.045521 0.211640
0.041904 0.047198 0.209842
0.040849 0.035543 0.203858
0.044254 0.045197 0.212826
0.041320 0.031994 0.205588
0.043521 0.041925 0.212896
0.043608 0.044426 0.212782
0.043551 0.035802 0.209000
0.043515 0.036558 0.208147
0.044022 0.038999 0.207609
0.044265 0.045883 0.212515
0.043071 0.040264 0.210770
0.041055 0.036203 0.203192
0.042077 0.036142 0.204576
0.043152 0.037577 0.204620
0.041216 0.035752 0.203832
0.043885 0.041571 0.203766
0.044448 0.038329 0.206453
0.045045 0.045666 0.213281
0.042970 0.041922 0.209176
0.043211 0.045684 0.209367
0.041513 0.036833 0.203004
0.042901 0.034020 0.208395
0.046641 0.038522 0.211575
0.043640 0.045048 0.212364
0.044075 0.037369 0.205935
0.042663 0.043601 0.209926
0.043673 0.043063 0.203172
0.043591 0.040033 0.209910
0.044506 0.040689 0.205541
0.043384 0.044789 0.212341
0.047733 0.036414 0.210827
0.042678 0.043051 0.212031
0.043738 0.039726 0.209547
0.043624 0.046244 0.207236
0.043401 0.041596 0.212672
0.043401 0.042710 0.206803
0.042890 0.046615 0.204682
0.042467 0.046251 0.210200
0.042867 0.042924 0.212199
0.042935 0.042049 0.212267
0.041813 0.039818 0.201066
0.047395 0.036654 0.210400
0.041825 0.047209 0.208987
0.043837 0.043291 0.204913
0.042741 0.045574 0.203262
0.043539 0.043473 0.206294
0.044003 0.040287 0.212764
0.043549 0.043163 0.202693
0.042754 0.035603 0.206383
0.042892 0.041536 0.209771
0.044972 0.039174 0.211069
0.047967 0.038584 0.212403
0.044720 0.043051 0.213601
0.039231 0.034107 0.203860
0.043625 0.037191 0.209380
0.043750 0.044576 0.206380
0.043125 0.045503 0.209096
0.042912 0.046921 0.207671
0.043617 0.039414 0.208489
0.044291 0.037229 0.209776
0.041536 0.032212 0.206166
0.042983 0.037762 0.204282
0.040255 0.033265 0.205848
0.041838 0.047041 0.209507
0.043279 0.043448 0.212780
0.042743 0.046452 0.204180
0.043926 0.040732 0.212793
0.043334 0.039390 0.203913
0.042898 0.035873 0.206295
0.040193 0.036251 0.202026
0.043009 0.045300 0.211389
0.047980 0.037040 0.211654
0.043778 0.046003 0.205445
0.043549 0.036346 0.208758
0.043969 0.045722 0.212304
0.043743 0.046313 0.207374
0.039577 0.034364 0.204012
0.044225 0.037778 0.209808
0.043746 0.038958 0.207823
0.043619 0.042095 0.202225
0.040750 0.035979 0.203090
0.043418 0.041642 0.201775
0.047849 0.037619 0.212016
0.044726 0.039545 0.205998
0.042275 0.046424 0.209029
0.042963 0.044859 0.203391
0.043966 0.042179 0.213239
0.043640 0.046286 0.211152
0.044405 0.040745 0.205227
0.045011 0.040213 0.213005
0.043594 0.042015 0.207289
0.042903 0.037051 0.204498
0.042549 0.046298 0.208960
0.043491 0.036377 0.207699
0.043072 0.039507 0.203366
0.046621 0.036633 0.209905
0.043680 0.042500 0.202638
0.043159 0.040458 0.202613
0.043324 0.043001 0.201583
0.043529 0.041661 0.212975
0.043929 0.045250 0.205668
0.041287 0.037161 0.202346
0.043964 0.045045 0.205961
0.043194 0.042805 0.208225
0.043814 0.043880 0.204644
0.043865 0.045631 0.206430
0.043627 0.046231 0.206045
0.040727 0.035217 0.204181
0.045733 0.043945 0.213619
0.047521 0.037655 0.211787
0.043138 0.038107 0.204315
0.044891 0.039073 0.210300
0.043212 0.045297 0.204351
0.043507 0.041382 0.212758
0.042741 0.046969 0.208227
0.043415 0.041964 0.201501
0.041013 0.032952 0.207042
0.043362 0.034128 0.209044
0.042576 0.044237 0.210215
0.043009 0.040505 0.202303
0.044099 0.042446 0.205010
0.041049 0.034289 0.205896
0.043810 0.037800 0.207647
0.044127 0.042279 0.204755
0.043465 0.042957 0.201857
0.044147 0.040542 0.206749
0.042246 0.047633 0.208418
0.043733 0.039753 0.210868
0.045352 0.040426 0.213086
0.043968 0.039970 0.207998
0.043688 0.039989 0.204233
0.040729 0.032156 0.206949
0.039390 0.033519 0.204013
0.040980 0.036678 0.202437
0.043696 0.039407 0.208133
0.044755 0.040200 0.206564
0.043373 0.044824 0.204306
0.043723 0.043056 0.206096
0.047402 0.038223 0.212033
0.045190 0.039113 0.211267
0.043321 0.042505 0.212617
0.043361 0.040918 0.202362
0.042184 0.036106 0.204860
0.042925 0.033742 0.208702
0.040090 0.033269 0.205338
0.043488 0.039977 0.210640
0.040542 0.034483 0.205235
0.043656 0.043456 0.203985
0.043846 0.044538 0.206084
0.043584 0.035285 0.209285
0.044102 0.039413 0.207654
0.042745 0.038745 0.203315
0.047332 0.036003 0.210025
0.042243 0.037645 0.203292
0.042250 0.036318 0.204527
0.044516 0.045109 0.213008
0.042940 0.040637 0.210417
0.042765 0.043788 0.208342
0.043943 0.039157 0.207684
0.042620 0.041161 0.210665
0.043364 0.041896 0.201308
0.039817 0.034271 0.204473
0.042664 0.041102 0.209159
0.046664 0.039731 0.212676
0.044464 0.038713 0.205929
0.042740 0.042676 0.211721
0.044869 0.039222 0.206324
0.043375 0.037196 0.205123
0.042674 0.043442 0.210428
0.044183 0.038646 0.207502
0.043797 0.045942 0.206186
0.043250 0.046097 0.207687
0.043516 0.046332 0.205259
0.043365 0.044221 0.206673
0.043693 0.046760 0.211206
0.045800 0.039416 0.212292
0.044384 0.039583 0.212629
0.040196 0.035131 0.203694
0.044216 0.037291 0.206074
0.043546 0.045144 0.204585
0.045177 0.038534 0.210388
0.042955 0.047106 0.205587
0.040631 0.037666 0.201011
0.044980 0.039887 0.206251
0.043549 0.039685 0.204120
0.044125 0.037354 0.206105
0.039576 0.033426 0.204291
0.043907 0.037372 0.206299
0.043967 0.042786 0.204854
0.043480 0.036465 0.207210
0.041566 0.037829 0.202151
0.044965 0.039003 0.207316
0.043724 0.038405 0.207836
0.043287 0.042407 0.208165
0.042910 0.041057 0.211906
0.046181 0.038729 0.211432
0.043758 0.041582 0.203168
0.041538 0.039460 0.200993
0.043796 0.045822 0.205155
0.041490 0.036351 0.203654
0.042637 0.043214 0.209821
0.043772 0.043196 0.204276
0.043975 0.040378 0.207310
0.043648 0.041758 0.202643
0.044824 0.042751 0.213641
0.042837 0.045475 0.203473
0.047257 0.036417 0.209959
0.044024 0.040196 0.206994
0.043958 0.040728 0.207360
0.042683 0.041874 0.210596
0.044224 0.041881 0.206005
0.043968 0.045279 0.206275
0.043067 0.041085 0.201112
0.042411 0.046865 0.208574
0.043106 0.038354 0.204104
0.042654 0.043818 0.210237
0.042623 0.044285 0.208878
0.044425 0.041375 0.213246
0.043110 0.045421 0.209553
0.041839 0.039001 0.201818
0.045496 0.039528 0.212589
0.043880 0.040236 0.208088
0.039622 0.034716 0.203615
0.042872 0.041716 0.212127
0.046340 0.039200 0.211839
0.044284 0.041345 0.204721
0.041420 0.039191 0.201117
0.044703 0.043305 0.213541
0.042484 0.035291 0.206261
0.044032 0.040046 0.212742
0.044537 0.040273 0.212965
0.042907 0.040720 0.211405
0.043717 0.040019 0.212340
0.043893 0.045419 0.205564
0.044995 0.042637 0.213647
0.042884 0.036028 0.206065
0.045436 0.043615 0.213649
0.040815 0.037783 0.201241
0.044091 0.041424 0.206969
0.040111 0.034368 0.204829
0.044824 0.042751 0.213641
0.043253 0.035505 0.207325
0.043997 0.041755 0.206662
0.046156 0.037923 0.210614
0.043972 0.042222 0.206263
0.044703 0.043947 0.213292
0.041961 0.035752 0.205054
0.041561 0.034613 0.206017
0.043661 0.040755 0.203439
0.043536 0.035584 0.208461
0.043641 0.038287 0.209283
0.041726 0.047497 0.209149
0.043719 0.042706 0.203315
0.043043 0.043927 0.207389
0.043019 0.040325 0.211603
0.045629 0.037899 0.209972
0.043895 0.042804 0.205395
0.040783 0.033487 0.206399
0.043717 0.041530 0.203060
0.039966 0.034367 0.204592
0.044374 0.041776 0.205415
0.042927 0.045386 0.203648
0.042984 0.036277 0.205912
0.039718 0.034648 0.203831
0.043967 0.044778 0.206015
0.043510 0.044307 0.206487
0.044130 0.040996 0.204379
0.045001 0.045786 0.213260
0.042621 0.043095 0.211804
0.046344 0.038260 0.211321
0.043611 0.042864 0.202486
0.043107 0.041081 0.212256
0.043823 0.042646 0.204016
0.041994 0.037559 0.203020
0.043205 0.046963 0.205958
0.042725 0.042387 0.211330
0.043408 0.042263 0.206844
0.043645 0.037101 0.206960
0.045696 0.040604 0.213227
0.043824 0.037455 0.206924
0.043014 0.045638 0.210954
0.041748 0.039455 0.201395
0.044791 0.039976 0.206007
0.043931 0.039912 0.212596
0.044322 0.039566 0.205347
0.043983 0.038542 0.209943
0.043102 0.039876 0.203187
0.043592 0.043635 0.206039
0.043736 0.039574 0.209382
0.043806 0.041735 0.203337
0.042866 0.034947 0.207302
0.042489 0.038018 0.203412
0.044343 0.041550 0.205014
0.043686 0.042693 0.202812
0.043065 0.046140 0.204482
0.043800 0.043908 0.204914
0.043538 0.036725 0.207746
0.043476 0.042742 0.212858
0.041245 0.033900 0.206568
0.043747 0.045993 0.205671
0.042550 0.044793 0.210976
0.043435 0.040621 0.202847
0.043537 0.037571 0.208888
0.043669 0.039426 0.204423
0.040280 0.032104 0.204581
0.042287 0.039864 0.201911
0.047143 0.037677 0.210953
0.042716 0.036481 0.205036
0.043797 0.043009 0.205576
0.042715 0.039180 0.202933
0.044207 0.046144 0.212409
0.042648 0.045139 0.202538
0.042218 0.036610 0.204184
0.042675 0.043615 0.209555
0.042686 0.042895 0.211561
0.041513 0.036185 0.203952
0.043171 0.046561 0.206680
0.039520 0.034607 0.203628
0.042883 0.045007 0.211518
0.042725 0.045813 0.210735
0.043835 0.041701 0.203541
0.042915 0.043332 0.212335
0.047828 0.037343 0.211728
0.042784 0.040877 0.211064
0.044310 0.045530 0.212692
0.043716 0.039789 0.208500
0.043510 0.044307 0.206487
0.046553 0.037880 0.211134
0.040802 0.034644 0.205107
0.047816 0.038169 0.212284
0.047553 0.037289 0.211084
0.044667 0.038867 0.207391
0.043938 0.042403 0.206228
0.045331 0.036903 0.209742
0.044041 0.038102 0.207523
0.043609 0.037022 0.207695
0.040793 0.032365 0.205159
0.043554 0.037453 0.208511
0.043888 0.044855 0.212774
0.045325 0.039301 0.212093
0.042085 0.038214 0.202671
0.043802 0.039264 0.207866
0.043611 0.038353 0.204817
0.047724 0.036960 0.211266
0.043800 0.043908 0.204914
0.043199 0.046383 0.204815
0.042529 0.047407 0.208255
0.043193 0.035227 0.207436
0.046242 0.035877 0.209940
0.043575 0.037333 0.207829
0.041630 0.039540 0.201081
0.041970 0.036545 0.203943
0.043144 0.043356 0.212631
0.044467 0.043047 0.213534
0.043821 0.043344 0.204780
0.042197 0.046992 0.208674
0.041026 0.032316 0.205461
0.043606 0.044178 0.206298
0.043380 0.040314 0.209217
0.043309 0.042925 0.207090
0.044032 0.040831 0.206789
0.047896 0.036695 0.211395
0.046004 0.037015 0.209780
0.043171 0.043400 0.207183
0.044057 0.039606 0.210718
0.043429 0.042091 0.201648
0.043146 0.044963 0.212101
0.041363 0.033220 0.207272
0.043906 0.039623 0.207932
0.043676 0.045677 0.204927
0.042757 0.040805 0.209575
0.042929 0.041704 0.208819
0.044902 0.040050 0.206311
0.043407 0.040504 0.203108
0.039675 0.032956 0.203974
0.044492 0.039472 0.210770
0.043431 0.044860 0.206925
0.047301 0.039889 0.212727
0.044873 0.039349 0.212397
0.046279 0.039598 0.212575
0.041829 0.035844 0.204794
0.043844 0.040112 0.204462
0.043187 0.039518 0.203580
0.043111 0.044526 0.207212
0.043205 0.044189 0.207027
0.044089 0.039459 0.205042
0.042654 0.045429 0.202844
0.044886 0.038808 0.210266
0.043548 0.040884 0.202816
0.040831 0.032623 0.205745
0.043760 0.037772 0.205424
0.044549 0.039894 0.205625
0.040060 0.034796 0.204071
0.044539 0.043338 0.213482
0.043035 0.046109 0.203665
0.044944 0.039199 0.210425
0.042811 0.039133 0.203101
0.045500 0.045360 0.213541
0.043835 0.043491 0.204831
0.042986 0.041239 0.208561
0.043674 0.044247 0.206186
0.041602 0.035237 0.205204
0.043558 0.037999 0.205002
0.042999 0.040659 0.202008
0.043622 0.046254 0.206873
0.043856 0.040843 0.207715
0.042290 0.035531 0.205674
0.042801 0.043929 0.207925
0.043943 0.040442 0.204353
0.040245 0.034027 0.205422
0.045523 0.044147 0.213518
0.043616 0.040055 0.203973
0.042428 0.038694 0.202805
0.045470 0.037964 0.209967
0.045884 0.039014 0.211509
0.046322 0.038005 0.210969
0.043340 0.041253 0.212502
0.043868 0.044131 0.205267
0.044177 0.041213 0.213132
0.039719 0.034374 0.204216
0.047652 0.036412 0.209973
0.043014 0.046574 0.208289
0.042136 0.036226 0.204441
0.043992 0.042003 0.204121
0.044111 0.043261 0.213331
0.043744 0.043797 0.205603
0.045013 0.045413 0.213248
0.045032 0.039023 0.207036
0.047980 0.036782 0.211555
0.042909 0.045008 0.209163
0.043413 0.046298 0.206494
0.042251 0.046389 0.209754
0.046121 0.037855 0.210430
0.039622 0.034716 0.203615
0.042902 0.043035 0.209019
0.041870 0.033078 0.208002
0.042409 0.044141 0.210779
0.040770 0.036261 0.202612
0.043279 0.041377 0.201183
0.042750 0.042806 0.212053
0.043309 0.044043 0.212656
0.042792 0.046020 0.210777
0.044082 0.039618 0.212353
0.042750 0.042806 0.212053
0.043541 0.046268 0.210894
0.042760 0.044962 0.211322
0.042475 0.037651 0.203580
0.043085 0.046596 0.207695
0.044049 0.046163 0.212249
0.043166 0.043743 0.207129
0.044039 0.045507 0.206170
0.043698 0.037861 0.205263
0.041755 0.033804 0.207256
0.044565 0.039280 0.209971
0.040591 0.036859 0.201410
0.041491 0.033009 0.207596
0.042932 0.040679 0.209186
0.043779 0.045971 0.206408
0.046935 0.038444 0.211777
0.042823 0.040620 0.211100
0.041491 0.033009 0.207596
0.043385 0.039794 0.203770
0.043159 0.034633 0.208083
0.043172 0.046500 0.207468
0.043787 0.042421 0.203686
0.043534 0.041839 0.202046
0.047633 0.036265 0.210650
0.043580 0.040188 0.208995
0.043489 0.037373 0.205218
0.044282 0.041995 0.205544
0.039207 0.034221 0.203683
0.043693 0.046760 0.211206
0.044754 0.040524 0.206305
0.043840 0.041845 0.206942
0.040348 0.032785 0.205003
0.040715 0.034228 0.205682
0.044382 0.039871 0.212808
0.043577 0.035862 0.209482
0.043500 0.036363 0.208050
0.043125 0.043701 0.201847
0.044340 0.041811 0.205771
0.043652 0.040323 0.203858
0.043540 0.038633 0.208058
0.041628 0.033321 0.207492
0.041049 0.037136 0.202023
0.043713 0.046308 0.207399
0.042974 0.045458 0.207703
0.043746 0.039178 0.209530
0.045069 0.039477 0.212585
0.043318 0.042639 0.207009
0.043593 0.038953 0.204493
0.043057 0.046616 0.204938
0.047650 0.037878 0.212062
0.044081 0.044816 0.212903
0.041883 0.038194 0.202307
0.045494 0.037621 0.209826
0.043762 0.045980 0.205882
0.043778 0.041381 0.213014
0.042404 0.047221 0.208405
0.042365 0.046605 0.210330
0.043208 0.038942 0.203917
0.042702 0.043211 0.211055
0.043679 0.039902 0.209028
0.039663 0.034410 0.204097
0.043614 0.034395 0.209770
0.039993 0.033863 0.205197
0.043587 0.041764 0.213010
0.044246 0.040957 0.206601
0.044208 0.040263 0.212855
0.042752 0.042930 0.211053
0.042246 0.047633 0.208418
0.043373 0.035164 0.207881
0.044518 0.040430 0.205537
0.042700 0.041905 0.210289
0.043039 0.045464 0.208247
0.044257 0.035333 0.210128
0.043579 0.046323 0.205585
0.044626 0.045328 0.212998
0.044349 0.039428 0.212211
0.043187 0.044678 0.203960
0.044919 0.039246 0.210709
0.040584 0.036898 0.201525
0.042955 0.045762 0.208714
0.041783 0.036553 0.203717
0.043208 0.044206 0.203404
0.043333 0.046016 0.210974
0.042630 0.044469 0.211436
0.042566 0.044545 0.210091
0.039815 0.033656 0.204905
0.043732 0.038273 0.209606
0.042959 0.041294 0.212102
0.043546 0.043116 0.202254
0.043004 0.045613 0.208810
0.042105 0.033566 0.207865
0.044042 0.040141 0.207208
0.041249 0.036884 0.202601
0.042725 0.040655 0.201413
0.043024 0.042388 0.209183
0.041693 0.037747 0.202388
0.042030 0.039180 0.202008
0.044206 0.037926 0.206572
0.044340 0.038096 0.210012
0.043181 0.044270 0.202851
0.043126 0.034043 0.208670
0.043536 0.035845 0.208604
0.043789 0.040945 0.203570
0.045119 0.038895 0.210541
0.043521 0.041925 0.212896
0.043549 0.037421 0.208131
0.043547 0.042081 0.206993
0.044782 0.040329 0.206089
0.043751 0.039911 0.208525
0.043004 0.040609 0.209536
0.043500 0.043575 0.203232
0.041520 0.037202 0.202670
0.043759 0.042176 0.202931
0.043589 0.045916 0.211328
0.047039 0.038036 0.211780
0.042472 0.043870 0.211190
0.040572 0.036909 0.201271
0.043820 0.041488 0.203357
0.043719 0.042706 0.203315
0.043643 0.037261 0.208781
0.043540 0.043114 0.213001
0.042891 0.036487 0.205319
0.043356 0.040679 0.212484
0.043931 0.044329 0.205562
0.043986 0.042425 0.205950
0.041741 0.047514 0.208975
0.044953 0.043421 0.213548
0.046680 0.035592 0.210215
0.043632 0.037705 0.207854
0.043593 0.036605 0.208902
0.043156 0.047037 0.206275
0.047945 0.039166 0.212466
0.043500 0.038868 0.208894
0.044118 0.040477 0.204667
0.043403 0.038341 0.208607
0.043727 0.039736 0.204452
0.044346 0.040487 0.205113
0.041592 0.039070 0.201450
0.043113 0.042960 0.212355
0.044722 0.038405 0.210147
0.045824 0.040984 0.213368
0.042673 0.037985 0.203707
0.045102 0.038889 0.207317
0.047697 0.036314 0.210041
0.039256 0.033858 0.203939
0.044904 0.042014 0.213518
0.044691 0.039452 0.212576
0.042044 0.034450 0.206788
0.043627 0.038654 0.204602
0.043604 0.041181 0.202863
0.043421 0.038666 0.208757
0.042867 0.046226 0.203594
0.042963 0.046428 0.210875
0.043783 0.038627 0.204923
0.044101 0.034861 0.210228
0.045445 0.043214 0.213641
0.047799 0.039600 0.212612
0.039921 0.035519 0.202701
0.043227 0.037465 0.204769
0.043210 0.045625 0.211181
0.044428 0.041969 0.213421
0.042665 0.043143 0.211338
0.042614 0.044084 0.209274
0.043498 0.036030 0.208023
0.044635 0.039102 0.206000
0.043660 0.037071 0.206760
0.047540 0.036015 0.210505
0.041722 0.034171 0.206785
0.043594 0.046157 0.204979
0.045800 0.039416 0.212292
0.046913 0.036933 0.210016
0.043389 0.037047 0.205354
0.045803 0.043797 0.213635
0.047529 0.036285 0.210319
0.044102 0.042110 0.206030
0.044207 0.039557 0.210360
0.040397 0.036297 0.202192
0.043776 0.039841 0.208300
0.046880 0.038735 0.211833
0.041305 0.037666 0.201941
0.043596 0.035468 0.209669
0.042439 0.038360 0.203101
0.043065 0.045320 0.208005
0.040155 0.035973 0.202346
0.043878 0.041914 0.203877
0.047439 0.036625 0.210127
0.044206 0.037926 0.206572
0.043520 0.036292 0.208311
0.041112 0.032294 0.206380
0.043017 0.042053 0.209307
0.043793 0.038969 0.204768
0.039867 0.033036 0.204365
0.043312 0.037421 0.204907
0.040241 0.033584 0.205752
0.042631 0.044372 0.209828
0.044670 0.045788 0.212900
0.047373 0.038382 0.211987
0.043983 0.044922 0.205502
0.043727 0.042024 0.206756
0.043467 0.037825 0.208677
0.041828 0.037971 0.202411
0.043504 0.043648 0.203567
0.043372 0.036145 0.207077
0.039762 0.033418 0.204627
0.048060 0.037218 0.211920
0.044130 0.041264 0.206703
0.042484 0.043799 0.210934
0.042945 0.046420 0.204514
0.043546 0.040532 0.203441
0.043169 0.045424 0.209319
0.047471 0.036989 0.210803
0.047579 0.036855 0.210890
0.047255 0.038665 0.212038
0.044329 0.041726 0.205097
0.042953 0.044865 0.208047
0.046893 0.037612 0.210696
0.042872 0.034698 0.207593
0.046513 0.039500 0.212326
0.043396 0.046281 0.210843
0.043013 0.042120 0.208996
0.043688 0.046275 0.207411
0.046175 0.037710 0.210173
0.043575 0.034656 0.209573
0.041108 0.034545 0.205609
0.042721 0.046421 0.203834
0.042469 0.044379 0.210502
0.043688 0.045456 0.212199
0.043675 0.044269 0.204668
0.040576 0.036025 0.202759
0.042746 0.047308 0.207483
0.047438 0.036471 0.210416
0.044123 0.038202 0.205756
0.042888 0.047086 0.207474
0.042890 0.041514 0.212103
0.043857 0.044516 0.212919
0.044215 0.036510 0.209836
0.039854 0.034133 0.204731
0.043672 0.037607 0.209325
0.043039 0.044106 0.207321
0.042023 0.047243 0.208707
0.043788 0.038265 0.209822
0.047301 0.039889 0.212727
0.043218 0.041483 0.212480
0.042917 0.043547 0.208081
0.042782 0.041675 0.210118
0.040433 0.034872 0.204356
0.043809 0.042680 0.206257
0.040464 0.036558 0.201936
0.043693 0.040600 0.203705
0.043735 0.042825 0.203653
0.043847 0.045981 0.211975
0.044251 0.041576 0.204642
0.043520 0.040227 0.212319
0.043854 0.043519 0.205096
0.043885 0.039653 0.211552
0.040635 0.032451 0.206676
0.042897 0.043984 0.207737
0.043205 0.043060 0.207461
0.042976 0.046133 0.203746
0.043434 0.039877 0.211114
0.043689 0.041798 0.207531
0.043967 0.044778 0.206015
0.042470 0.045749 0.202664
0.042671 0.042973 0.210497
0.043614 0.035025 0.209701
0.043789 0.041654 0.207217
0.042709 0.040504 0.201673
0.042870 0.041430 0.209569
0.042658 0.042627 0.210208
0.041815 0.037184 0.203053
0.043045 0.043193 0.208250
0.043828 0.037229 0.209625
0.043561 0.044104 0.204140
0.041551 0.035745 0.204582
0.045134 0.044649 0.213330
0.046315 0.041173 0.213389
0.045169 0.035276 0.210192
0.044049 0.042633 0.205072
0.044091 0.043522 0.213267
0.043592 0.034864 0.209264
0.039888 0.035253 0.203046
0.043393 0.046299 0.206880
0.044736 0.040466 0.206537
0.042731 0.036114 0.205659
0.047362 0.037521 0.211036
0.044802 0.039910 0.212887
0.040776 0.032205 0.206768
0.043907 0.041215 0.203769
0.042966 0.042292 0.212196
0.043828 0.046129 0.211874
0.047318 0.037631 0.210860
0.044361 0.044050 0.213182
0.042818 0.034183 0.208118
0.045237 0.039277 0.211786
0.042595 0.036227 0.205250
0.043768 0.037319 0.206621
0.042602 0.045420 0.210337
0.043314 0.046593 0.206317
0.043832 0.038838 0.209701
0.044393 0.039587 0.207461
0.045348 0.041746 0.213526
0.043753 0.042000 0.203094
0.045542 0.039016 0.211354
0.047776 0.036321 0.211215
0.044129 0.037796 0.206133
0.043788 0.044901 0.206505
0.043152 0.037577 0.204620
0.042925 0.034466 0.207919
0.043252 0.042642 0.207998
0.040774 0.036863 0.201914
0.040987 0.031959 0.205247
0.042978 0.044444 0.212201
0.043830 0.041055 0.212873
0.043877 0.044858 0.206269
0.043691 0.046140 0.206955
0.043105 0.045138 0.204071
0.043712 0.040271 0.208258
0.043578 0.044681 0.206662
0.042769 0.041605 0.211612
0.043713 0.036898 0.209637
0.042094 0.035170 0.205911
0.043573 0.035600 0.209419
0.047866 0.037775 0.212128
0.042576 0.036907 0.204233
0.042628 0.040117 0.202183
0.044571 0.041037 0.206064
0.041723 0.034555 0.206262
0.039576 0.033426 0.204291
0.042549 0.043763 0.211536
0.042600 0.046499 0.210577
0.045411 0.044906 0.213464
0.042973 0.046147 0.208853
0.044622 0.038288 0.207068
0.042747 0.042594 0.211500
0.043789 0.041344 0.207551
0.043960 0.042678 0.205351
0.042943 0.039337 0.203201
0.042810 0.040822 0.201126
0.043657 0.039637 0.208821
0.044016 0.045864 0.212308
0.042977 0.039139 0.203412
0.042124 0.034267 0.207118
0.043597 0.041586 0.212986
0.042963 0.035272 0.207117
0.042936 0.045931 0.204057
0.043898 0.042350 0.204062
0.042841 0.037622 0.204102
0.043651 0.045442 0.204759
0.040299 0.035883 0.202659
0.043235 0.045632 0.204545
0.042988 0.035667 0.206764
0.042700 0.044611 0.208855
0.044037 0.037615 0.206002
0.040871 0.032558 0.206071
0.042832 0.041223 0.209884
0.043600 0.036889 0.207537
0.041460 0.034054 0.206641
0.044696 0.039246 0.207355
0.047106 0.037716 0.211536
0.043755 0.042387 0.203466
0.043672 0.034663 0.209915
0.043489 0.037373 0.205218
0.043029 0.040772 0.212079
0.042644 0.042996 0.209766
0.043280 0.039946 0.211440
0.040519 0.032847 0.206061
0.043024 0.044989 0.207747
0.042841 0.036714 0.204825
0.043412 0.035536 0.207566
0.043443 0.036148 0.207497
0.043547 0.036915 0.208049
0.039937 0.033460 0.205112
0.042064 0.047526 0.208567
0.042910 0.041809 0.209027
0.046597 0.038256 0.211438
0.042779 0.044714 0.211594
0.043675 0.044269 0.204668
0.045358 0.045755 0.213532
0.044297 0.039127 0.205410
0.043742 0.042495 0.203434
0.043231 0.046382 0.206742
0.044325 0.038150 0.206696
0.043824 0.043672 0.205358
0.043286 0.040302 0.209867
0.044218 0.038378 0.210039
0.047255 0.039265 0.212245
0.043998 0.040480 0.207581
0.044435 0.041083 0.205372
0.043143 0.037862 0.204501
0.043661 0.037000 0.206205
0.039600 0.033701 0.204527
0.043829 0.043561 0.205514
0.043551 0.034649 0.208965
0.042912 0.044754 0.211962
0.043100 0.046835 0.205256
0.043572 0.035002 0.208884
0.043234 0.040255 0.210437
0.042775 0.042264 0.209916
0.043619 0.037078 0.208322
0.042916 0.045082 0.211525
0.043696 0.039407 0.208133
0.041760 0.036026 0.204517
0.040670 0.031968 0.204953
0.044768 0.042340 0.213592
0.043818 0.045143 0.204826
0.046578 0.038010 0.211296
0.040765 0.032316 0.207004
0.044343 0.041550 0.205014
0.043036 0.042595 0.208865
0.043523 0.035115 0.208552
0.043782 0.046502 0.211491
0.044787 0.040496 0.206164
0.045119 0.041368 0.213399
0.044717 0.039273 0.210115
0.043426 0.035162 0.208104
0.045200 0.040896 0.213291
0.044526 0.039450 0.205693
0.043910 0.039884 0.204711
0.044089 0.040255 0.206883
0.044119 0.039771 0.212664
0.044076 0.045478 0.206102
0.043856 0.045687 0.205501
0.046184 0.038266 0.211218
0.043243 0.040405 0.202865
0.043628 0.041711 0.207780
0.043549 0.043820 0.203913
0.045600 0.039239 0.211771
0.043501 0.041147 0.202541
0.043008 0.040124 0.211422
0.043787 0.045586 0.205183
0.042747 0.044853 0.202473
0.043692 0.046114 0.206320
0.040455 0.036105 0.202466
0.040102 0.035551 0.202905
0.042841 0.037622 0.204102
0.040672 0.037221 0.201392
0.043496 0.043331 0.202719
0.043035 0.046109 0.203665
0.043023 0.044234 0.207399
0.044921 0.038827 0.206848
0.043452 0.040124 0.209942
0.042253 0.037980 0.203098
0.043567 0.040911 0.208025
0.043116 0.040140 0.202967
0.043948 0.042785 0.205176
0.043679 0.039743 0.211269
0.042394 0.044025 0.210977
0.042846 0.043809 0.207924
0.044067 0.037720 0.206257
0.040983 0.037610 0.201568
0.043549 0.043363 0.203034
0.043152 0.041673 0.208405
0.043418 0.041642 0.201775
0.042766 0.043500 0.209052
0.047964 0.037839 0.212246
0.041945 0.037828 0.202760
0.043141 0.043600 0.207306
0.043258 0.037086 0.205023
0.043522 0.034530 0.209358
0.042981 0.045756 0.208509
0.042793 0.043629 0.208666
0.043573 0.041797 0.202322
0.043290 0.043950 0.202834
0.042649 0.043087 0.209489
0.042880 0.040751 0.209877
0.044701 0.039533 0.207054
0.043794 0.037883 0.207768
0.042733 0.040868 0.209260
0.043338 0.045476 0.204554
0.043630 0.036165 0.209631
0.040905 0.035935 0.203379
0.044107 0.035860 0.209975
0.043579 0.046323 0.205585
0.047630 0.037119 0.211173
0.040591 0.036859 0.201410
0.042427 0.039678 0.202304
0.041807 0.037466 0.202790
0.042577 0.045843 0.210232
0.040243 0.032477 0.204569
0.043516 0.041078 0.212670
0.042516 0.035125 0.206494
0.047226 0.037108 0.210400
0.042199 0.039465 0.202115
0.046501 0.037439 0.210010
0.039704 0.033889 0.204698
0.042548 0.043861 0.210541
0.042849 0.040976 0.210194
0.043585 0.040739 0.212650
0.046568 0.039284 0.211997
0.043508 0.038494 0.209023
0.043691 0.041988 0.202738
0.042754 0.041964 0.210048
0.043606 0.036536 0.209282
0.043926 0.040732 0.212793
0.042727 0.043214 0.212148
0.043161 0.036659 0.205578
0.045360 0.044035 0.213458
0.043984 0.040314 0.207833
0.043546 0.046254 0.207462
0.041174 0.033275 0.207018
0.043004 0.045225 0.207598
0.041855 0.033547 0.207582
0.042850 0.044599 0.202348
0.043490 0.037930 0.208266
0.043368 0.043640 0.202659
0.042919 0.036317 0.205704
0.042489 0.045828 0.202855
0.043266 0.043482 0.201911
0.044975 0.039300 0.211984
0.041153 0.034148 0.206176
0.042711 0.042018 0.211406
0.042740 0.044111 0.211961
0.042294 0.039162 0.202382
0.043894 0.045978 0.212070
0.040560 0.037228 0.201140
0.044107 0.040709 0.204510
0.043530 0.040276 0.208721
0.043589 0.042356 0.212923
0.040525 0.032374 0.204856
0.042800 0.043973 0.208077
0.044131 0.044396 0.213044
0.043065 0.045320 0.208005
0.043089 0.044408 0.203198
0.043047 0.045516 0.204212
0.044019 0.042504 0.205507
0.040813 0.037243 0.201600
0.042573 0.039945 0.202292
0.043904 0.038866 0.204953
0.042664 0.041102 0.209159
0.040448 0.034273 0.205419
0.044415 0.039472 0.211629
0.042517 0.045904 0.203065
0.044478 0.038167 0.207161
0.042596 0.046007 0.203255
0.043009 0.045207 0.203757
0.043174 0.035746 0.207036
0.040772 0.034476 0.205406
0.043347 0.040906 0.212488
0.042239 0.033908 0.207721
0.043080 0.040078 0.211130
0.044606 0.037944 0.210000
0.041339 0.038873 0.201265
0.044435 0.038946 0.210026
0.044803 0.039292 0.211211
0.043837 0.039906 0.212442
0.043632 0.045844 0.207072
0.043744 0.042387 0.203268
0.043155 0.043220 0.207314
0.044629 0.043437 0.213466
0.045911 0.043861 0.213633
0.043552 0.039855 0.211676
0.042206 0.036198 0.204524
0.045229 0.038913 0.210926
0.043057 0.044153 0.212369
0.041710 0.034982 0.205754
0.042705 0.042253 0.210496
0.041320 0.035603 0.204084
0.041576 0.035414 0.204929
0.043765 0.035051 0.210043
0.039629 0.033971 0.204493
0.043740 0.039499 0.209123
0.043979 0.040219 0.207970
0.047353 0.037625 0.211623
0.043111 0.034879 0.207738
0.043378 0.043209 0.201891
0.041782 0.034876 0.205941
0.047582 0.036049 0.210071
0.042672 0.041519 0.211040
0.043763 0.045477 0.206732
0.042520 0.034033 0.207932
0.042174 0.046629 0.208893
0.042746 0.040359 0.202038
0.044323 0.041794 0.213325
0.043841 0.043155 0.213202
0.042708 0.042456 0.211176
0.041568 0.038117 0.201968
0.040111 0.035772 0.202582
0.042610 0.042943 0.210249
0.044255 0.038031 0.206239
0.043235 0.036054 0.206706
0.042237 0.040093 0.201472
0.042853 0.040407 0.210945
0.043305 0.043428 0.206926
0.043431 0.042275 0.212783
0.043898 0.039422 0.209727
0.042039 0.046561 0.209165
0.043334 0.040094 0.211864
0.041508 0.033890 0.206865
0.042876 0.043234 0.208825
0.040111 0.035279 0.203362
0.044215 0.042154 0.205293
0.043845 0.040524 0.203990
0.043072 0.044448 0.202592
0.042621 0.038752 0.203100
0.043555 0.036249 0.208984
0.045920 0.045056 0.213598
0.043964 0.040711 0.204191
0.041123 0.038596 0.201174
0.043253 0.041198 0.201738
0.039547 0.035013 0.203029
0.042800 0.044470 0.211930
0.041463 0.034206 0.206420
0.046708 0.037450 0.210083
0.043534 0.036170 0.208612
0.042002 0.039779 0.201478
0.044664 0.038417 0.206910
0.043758 0.041582 0.203168
0.044671 0.039342 0.212159
0.042927 0.044174 0.202137
0.040985 0.032611 0.207224
0.046190 0.040626 0.213227
0.042575 0.044997 0.210426
0.043220 0.043075 0.212625
0.043843 0.042136 0.203800
0.043279 0.042729 0.212565
0.044111 0.042380 0.205359
0.041791 0.047103 0.209261
0.043093 0.043226 0.207821
0.044985 0.041405 0.213334
0.041900 0.036285 0.204263
0.045923 0.040664 0.213269
0.048115 0.037588 0.212217
0.042811 0.047264 0.207238
0.043100 0.043688 0.212536
0.043106 0.038354 0.204104
0.046729 0.036056 0.210012
0.045923 0.036258 0.209744
0.043960 0.037217 0.206029
0.043561 0.036642 0.208450
0.042622 0.046755 0.210754
0.044148 0.041671 0.206421
0.043426 0.041399 0.208061
0.043524 0.035763 0.208228
0.042059 0.036959 0.203557
0.042735 0.042895 0.211240
0.042675 0.047505 0.207179
0.044345 0.043353 0.213416
0.043624 0.041391 0.202713
0.043656 0.037134 0.207264
0.043672 0.046053 0.206655
0.042351 0.035634 0.205445
0.040835 0.035688 0.203606
0.044944 0.039663 0.206356
0.043359 0.041504 0.201382
0.044657 0.040639 0.205948
0.043812 0.041254 0.203343
0.042541 0.044723 0.210281
0.043024 0.046543 0.208484
0.042221 0.046589 0.210038
0.042730 0.043165 0.209301
0.042821 0.038972 0.203250
0.043780 0.041947 0.203261
0.042945 0.038869 0.203553
0.046292 0.039861 0.212856
0.043700 0.043293 0.205874
0.040726 0.032348 0.206522
0.047641 0.036208 0.209957
0.043528 0.046100 0.207435
0.039592 0.033207 0.204064
0.043898 0.044978 0.205131
0.042755 0.042615 0.209772
0.041333 0.034919 0.205264
0.043562 0.036764 0.206905
0.046400 0.037908 0.210924
0.041064 0.036920 0.202266
0.045323 0.039213 0.211561
0.041230 0.037977 0.201670
0.045316 0.044408 0.213412
0.043934 0.039287 0.204856
0.043362 0.041112 0.202190
0.044767 0.039634 0.212741
0.043332 0.044084 0.206805
0.042058 0.038932 0.202151
0.041430 0.034335 0.206213
0.048060 0.037218 0.211920
0.043752 0.038437 0.209777
0.043163 0.034376 0.208376
0.044326 0.039402 0.210024
0.044372 0.039119 0.207476
0.043623 0.043085 0.206367
0.043254 0.043848 0.206970
0.042955 0.041747 0.209393
0.043609 0.042587 0.202366
0.044125 0.042019 0.206070
0.042698 0.042467 0.210589
0.043968 0.040476 0.207008
0.040347 0.034382 0.205216
0.043151 0.042248 0.208538
0.041304 0.036343 0.203404
0.043609 0.042587 0.202366
0.044105 0.038768 0.205290
0.044150 0.039867 0.207652
0.043647 0.042088 0.213022
0.043770 0.045749 0.206718
0.044280 0.041037 0.204733
0.043187 0.044678 0.203960
0.046827 0.038119 0.211565
0.043212 0.043206 0.207187
0.041652 0.038982 0.201561
0.047587 0.037389 0.211497
0.043009 0.043607 0.207681
0.041165 0.036646 0.202784
0.043569 0.036208 0.209287
0.044428 0.041131 0.213211
0.043591 0.042434 0.202134
0.040329 0.035605 0.203215
0.046749 0.037722 0.210900
0.042646 0.043534 0.211930
0.044645 0.039371 0.211911
0.041139 0.032459 0.207511
0.042723 0.042827 0.210838
0.044293 0.039900 0.205241
0.041335 0.038592 0.201429
0.043373 0.041235 0.201983
0.042941 0.043107 0.208679
0.041360 0.038281 0.201647
0.044900 0.035840 0.209878
0.043971 0.040883 0.207003
0.043277 0.040988 0.208288
0.043928 0.045181 0.205439
0.043467 0.040382 0.208543
0.042013 0.040038 0.201120
0.042548 0.039418 0.202620
0.043379 0.043790 0.202948
0.043097 0.042779 0.208540
0.046231 0.039479 0.212335
0.043792 0.045339 0.205005
0.042615 0.044055 0.209700
0.041957 0.033331 0.207895
0.042666 0.041868 0.211096
0.047614 0.039417 0.212434
0.043851 0.036716 0.209771
0.043400 0.043766 0.203176
0.043713 0.042447 0.213079
0.042911 0.042662 0.209358
0.045884 0.038024 0.210395
0.044820 0.044840 0.213200
0.044428 0.041443 0.205486
0.044477 0.039422 0.212407
0.046146 0.035412 0.210131
0.042667 0.043977 0.209117
0.039995 0.033204 0.204879
0.041548 0.036034 0.204262
0.042632 0.041353 0.210675
0.043629 0.043309 0.203563
0.045455 0.038606 0.210790
0.044508 0.042584 0.213570
0.041029 0.033593 0.206614
0.045772 0.040223 0.213046
0.042055 0.034671 0.206515
0.040509 0.033900 0.205796
0.043255 0.041263 0.201542
0.044288 0.040713 0.212926
0.046406 0.037107 0.209888
0.044531 0.041253 0.206119
0.043256 0.040638 0.208650
0.043472 0.040360 0.208861
0.043139 0.043000 0.208041
0.043858 0.037631 0.207331
0.045189 0.038083 0.210101
0.042743 0.044354 0.208239
0.042889 0.046620 0.208456
0.043800 0.039606 0.209499
0.043295 0.043500 0.202279
0.044500 0.040998 0.205702
0.043104 0.044431 0.203460
0.040911 0.036283 0.202858
0.043457 0.046552 0.205984
0.042503 0.043770 0.211075
0.041860 0.036953 0.203310
0.044375 0.040200 0.206767
0.042571 0.043464 0.211355
0.043456 0.044405 0.204254
0.042863 0.039572 0.202962
0.040557 0.032812 0.206476
0.045992 0.041471 0.213490
0.042715 0.037661 0.203909
0.042723 0.042827 0.210838
0.043439 0.042262 0.207788
0.044254 0.042441 0.213433
0.042047 0.039527 0.201819
0.043049 0.044498 0.207381
0.047331 0.037555 0.211369
0.042360 0.037098 0.203794
0.044240 0.040009 0.207001
0.042381 0.038975 0.202572
0.041835 0.038430 0.202057
0.042844 0.042063 0.212017
0.043783 0.043452 0.204401
0.044364 0.042777 0.213505
0.043229 0.036369 0.206261
0.040633 0.035920 0.202926
0.043671 0.041606 0.202879
0.042557 0.045433 0.202557
0.042553 0.037266 0.203917
0.043803 0.039769 0.212180
0.043372 0.040418 0.208965
0.044988 0.039303 0.211634
0.043653 0.039022 0.209271
0.043519 0.035968 0.208313
0.043338 0.038713 0.204214
0.042159 0.035617 0.205350
0.041641 0.036633 0.203417
0.044001 0.042588 0.204653
0.047625 0.038543 0.212246
0.043535 0.035649 0.208114
0.043054 0.044794 0.207410
0.043767 0.044347 0.204993
0.044434 0.041487 0.205886
0.039876 0.035642 0.202476
0.043955 0.045207 0.212583
0.041885 0.046840 0.209109
0.043412 0.043343 0.202402
0.045955 0.037502 0.209875
0.041596 0.034972 0.205587
0.044256 0.039872 0.207340
0.044273 0.046245 0.212496
0.042686 0.043906 0.208945
0.044051 0.040196 0.207532
0.044361 0.041463 0.206263
0.041802 0.034382 0.206572
0.042782 0.046104 0.209118
0.041317 0.035411 0.204621
0.042067 0.046539 0.209453
0.043845 0.041719 0.213144
0.041305 0.037666 0.201941
0.039954 0.034154 0.204920
0.043140 0.043965 0.212500
0.044517 0.038443 0.206577
0.041386 0.034525 0.205928
0.044077 0.037807 0.206776
0.043032 0.046050 0.208227
0.042644 0.034501 0.207565
0.043463 0.041439 0.202191
0.044552 0.039653 0.207144
0.044118 0.041767 0.204305
0.041743 0.036313 0.203980
0.043239 0.036617 0.205912
0.043585 0.040677 0.203331
0.043802 0.044033 0.205579
0.046584 0.040958 0.213303
0.042707 0.045636 0.209980
0.043260 0.040033 0.211674
0.042653 0.033756 0.208326
0.043819 0.036134 0.209864
0.042278 0.034849 0.206543
0.043556 0.039002 0.208159
0.043221 0.046895 0.205722
0.042958 0.040146 0.202712
0.045281 0.045307 0.213428
0.042849 0.044931 0.202785
0.042573 0.044269 0.211409
0.043153 0.041261 0.208337
0.043006 0.042637 0.209078
0.044426 0.038984 0.205685
0.043937 0.045229 0.205882
0.046645 0.037538 0.210282
0.043038 0.047154 0.206364
0.043367 0.034349 0.208780
0.040735 0.037439 0.201331
0.042008 0.046793 0.209736
0.043786 0.040295 0.212610
0.043283 0.046364 0.207438
0.043028 0.047216 0.206112
0.043735 0.036545 0.209668
0.044797 0.039318 0.211320
0.044408 0.040137 0.205367
0.044114 0.039171 0.205138
0.048265 0.037605 0.212362
0.044366 0.040884 0.205028
0.042610 0.045115 0.210709
0.043501 0.039346 0.204187
0.043475 0.042741 0.206745
0.043108 0.036810 0.205151
0.042699 0.044419 0.208509
0.043025 0.036791 0.204955
0.043212 0.043994 0.202507
0.044627 0.040340 0.205771
0.043054 0.045125 0.211767
0.044380 0.039809 0.207489
0.043023 0.046725 0.207460
0.044810 0.038626 0.207025
0.042526 0.046559 0.208705
0.043907 0.044585 0.205315
0.042990 0.045571 0.207745
0.044651 0.040840 0.206322
0.042738 0.043113 0.210842
0.044496 0.042131 0.213479
0.043112 0.044150 0.207185
0.039961 0.034571 0.204315
0.041693 0.037747 0.202388
0.040745 0.032974 0.206696
0.040398 0.034476 0.205057
0.043521 0.041925 0.212896
0.043410 0.039977 0.210908
0.043393 0.046694 0.205777
0.043495 0.037921 0.208960
0.045843 0.043817 0.213644
0.043122 0.044425 0.203001
0.039773 0.034542 0.204083
0.043710 0.043595 0.205759
0.043568 0.039982 0.212070
0.043677 0.042264 0.202335
0.040891 0.038273 0.201057
0.042093 0.038507 0.202446
0.043819 0.036134 0.209864
0.043623 0.036879 0.209356
0.042546 0.047837 0.207949
0.043142 0.044250 0.202572
0.042617 0.035782 0.205921
0.041709 0.037630 0.202529
0.043437 0.042569 0.201672
0.040191 0.034624 0.204524
0.043894 0.042689 0.205654
0.042727 0.041757 0.210383
0.042847 0.038544 0.203626
0.044965 0.039577 0.206635
0.043089 0.044217 0.202411
0.046777 0.037310 0.210093
0.043303 0.041637 0.201044
0.042617 0.035782 0.205921
0.042573 0.044598 0.211248
0.043854 0.043625 0.204636
0.043731 0.043804 0.204335
0.042979 0.036135 0.206103
0.043542 0.037649 0.205141
0.043602 0.044529 0.204539
0.046708 0.037450 0.210083
0.044780 0.037572 0.209862
0.042696 0.042285 0.211040
0.043722 0.041321 0.203077
0.040593 0.035759 0.203303
0.045948 0.038227 0.210804
0.044707 0.038722 0.206449
0.041731 0.035187 0.205458
0.043406 0.045165 0.207121
0.044104 0.040003 0.207443
0.041423 0.037483 0.202260
0.041954 0.038305 0.202356
0.042689 0.042194 0.210290
0.042868 0.040937 0.208877
0.041091 0.037392 0.201855
0.041538 0.039460 0.200993
0.042616 0.043690 0.210422
0.041596 0.032155 0.206527
0.043728 0.035649 0.209901
0.043705 0.037117 0.206470
0.042361 0.035718 0.205324
0.047255 0.038665 0.212038
0.043360 0.043931 0.203519
0.043299 0.044336 0.206900
0.042955 0.045762 0.208714
0.043841 0.038382 0.205199
0.044884 0.040496 0.213094
0.046889 0.037771 0.211229
0.043293 0.043973 0.203063
0.047975 0.036760 0.211800
0.042817 0.044709 0.208301
0.043787 0.043390 0.205544
0.040580 0.035557 0.203555
0.042662 0.041778 0.210833
0.042727 0.041029 0.209509
0.041783 0.038075 0.202245
0.044443 0.038420 0.206148
0.040093 0.033464 0.205579
0.045542 0.041975 0.213584
0.043789 0.043613 0.205552
0.042695 0.041056 0.210891
0.039762 0.033418 0.204627
0.040974 0.033862 0.206306
0.042964 0.045881 0.208748
0.043370 0.045365 0.211983
0.043441 0.039067 0.204212
0.044966 0.044198 0.213319
0.040738 0.036285 0.202519
0.041815 0.034040 0.207091
0.042688 0.046802 0.210912
0.044899 0.039834 0.206586
0.042852 0.043535 0.208368
0.042101 0.037301 0.203334
0.043896 0.038315 0.209934
0.043101 0.042604 0.212305
0.044774 0.041491 0.213294
0.040368 0.035878 0.202798
0.043755 0.040283 0.204116
0.042513 0.044780 0.210809
0.042679 0.041866 0.211339
0.043698 0.041279 0.207830
0.042813 0.044609 0.208190
0.043623 0.035303 0.209888
0.043408 0.040488 0.212430
0.042606 0.045756 0.203102
0.041837 0.039222 0.201702
0.041199 0.037274 0.202111
0.043627 0.038057 0.209128
0.042814 0.047162 0.207906
0.040073 0.032764 0.204488
0.045674 0.041472 0.213500
0.043522 0.036957 0.205810
0.042727 0.043214 0.212148
0.043615 0.037000 0.208599
0.042044 0.034819 0.206270
0.043226 0.044125 0.203191
0.047762 0.036520 0.211011
0.039343 0.034314 0.203807
0.043997 0.044938 0.205689
0.044622 0.039424 0.210283
0.040673 0.032541 0.206356
0.043156 0.046488 0.207067
0.044977 0.039324 0.206691
0.042684 0.044730 0.211362
0.043013 0.042212 0.209375
0.044974 0.041653 0.213398
0.042907 0.045877 0.210860
0.042723 0.041658 0.211441
0.047472 0.037168 0.210867
0.043515 0.042921 0.206617
0.046777 0.037310 0.210093
0.042833 0.044431 0.208053
0.043274 0.042756 0.207714
0.043549 0.041578 0.202348
0.043573 0.041562 0.202510
0.043381 0.040768 0.208285
0.042633 0.034291 0.207801
0.042049 0.038701 0.202243
0.042794 0.043541 0.208915
0.044594 0.039388 0.210006
0.042668 0.045616 0.203086
0.039867 0.033968 0.204934
0.042909 0.045792 0.203664
0.045541 0.035932 0.209682
0.043299 0.034878 0.208095
0.043358 0.046179 0.204768
0.044045 0.042211 0.204351
0.043474 0.043749 0.206269
0.043981 0.037665 0.206543
0.042047 0.039527 0.201819
0.046155 0.039266 0.211911
0.043839 0.041838 0.203683
0.043869 0.038152 0.205416
0.043554 0.037498 0.209134
0.042362 0.036909 0.203996
0.039870 0.032842 0.204192
0.046495 0.038962 0.211708
0.040930 0.038603 0.200921
0.042836 0.042524 0.211959
0.042674 0.047449 0.207397
0.043735 0.043046 0.203952
0.042998 0.044719 0.203057
0.042884 0.038025 0.203993
0.044530 0.046199 0.212773
0.043379 0.035826 0.207369
0.041020 0.034679 0.205285
0.047604 0.036617 0.210784
0.043979 0.038132 0.209841
0.043381 0.040493 0.202939
0.046395 0.038504 0.211431
0.047332 0.036003 0.210025
0.042898 0.041350 0.208713
0.040862 0.034053 0.205993
0.043118 0.043326 0.207449
0.043662 0.044773 0.212592
0.043435 0.043628 0.202909
0.042665 0.044784 0.209864
0.043431 0.036416 0.206688
0.043402 0.042990 0.206804
0.042847 0.044859 0.208598
0.044949 0.039016 0.206618
0.043645 0.040906 0.203172
0.045021 0.039077 0.210453
0.043817 0.039742 0.210100
0.041847 0.035449 0.205273
0.043504 0.036587 0.207929
0.043489 0.046569 0.210982
0.040670 0.031968 0.204953
0.046946 0.037886 0.211612
0.043874 0.045359 0.205345
0.041309 0.035720 0.204309
0.043550 0.036046 0.209155
0.044312 0.040670 0.212981
0.042990 0.045493 0.209821
0.043693 0.040600 0.203705
0.043545 0.039970 0.210405
0.047269 0.037494 0.210751
0.043060 0.044597 0.202769
0.043985 0.044649 0.205748
0.042597 0.034967 0.206856
0.043363 0.041673 0.201360
0.043165 0.039268 0.203693
0.043700 0.044751 0.204758
0.045595 0.043654 0.213653
0.040922 0.035766 0.203571
0.042757 0.045539 0.210812
0.043412 0.035678 0.207410
0.043653 0.040022 0.208779
0.042904 0.045174 0.209768
0.045598 0.044492 0.213534
0.042731 0.041532 0.211335
0.040725 0.036385 0.202384
0.043638 0.038562 0.209452
0.043379 0.043790 0.202948
0.043362 0.037927 0.204737
0.046853 0.039474 0.212314
0.043423 0.036763 0.206079
0.042728 0.040833 0.209659
0.043662 0.042244 0.202472
0.043639 0.045484 0.207007
0.041335 0.035872 0.204019
0.039289 0.034473 0.203465
0.039529 0.034832 0.203284
0.043467 0.036692 0.206321
0.044104 0.039577 0.211170
0.041999 0.036517 0.204034
0.042819 0.045282 0.211027
0.039969 0.035174 0.203276
0.044503 0.039443 0.211161
0.042923 0.039171 0.203273
0.042955 0.039882 0.202891
0.044126 0.039806 0.205026
0.043240 0.040644 0.202383
0.043804 0.042840 0.205883
0.042135 0.046877 0.210132
0.045583 0.038096 0.210171
0.043573 0.036749 0.207360
0.042473 0.035841 0.205475
0.042571 0.043464 0.211355
0.040640 0.032681 0.205345
0.046356 0.041572 0.213481
0.044236 0.042031 0.205035
0.040439 0.035839 0.202989
0.041244 0.036489 0.203097
0.042794 0.042201 0.211624
0.043980 0.042538 0.213289
0.043471 0.041863 0.201804
0.042730 0.035343 0.206485
0.042936 0.040847 0.201488
0.044836 0.039586 0.206842
0.042827 0.044923 0.209524
0.042658 0.047524 0.207710
0.043752 0.040582 0.207999
0.043389 0.034768 0.208401
0.043923 0.041016 0.207493
0.044095 0.040192 0.204819
0.042214 0.036194 0.204557
0.045259 0.039799 0.212830
0.042687 0.044595 0.209486
0.042954 0.046731 0.208249
0.043473 0.040784 0.202601
0.042721 0.044035 0.208364
0.043243 0.040405 0.202865
0.042856 0.045181 0.203148
0.043216 0.041274 0.200942
0.043837 0.039906 0.212442
0.043592 0.039180 0.208883
0.043061 0.047111 0.206442
0.043710 0.037630 0.207581
0.043486 0.043324 0.206587
0.043008 0.044591 0.203232
0.042807 0.041477 0.209160
0.043941 0.044017 0.213074
0.043380 0.043300 0.212893
0.041018 0.032166 0.205310
0.042674 0.041016 0.209045
0.040574 0.037876 0.200777
0.043471 0.043652 0.206667
0.042975 0.042088 0.209485
0.042728 0.041021 0.210538
0.042919 0.046253 0.208606
0.042876 0.040281 0.211202
0.044063 0.041587 0.204190
0.042997 0.043865 0.201967
0.044546 0.040711 0.205668
0.043427 0.045169 0.212195
0.045253 0.042269 0.213607
0.042487 0.044696 0.210632
0.043240 0.040644 0.202383
0.042046 0.034000 0.207396
0.043271 0.047099 0.206061
0.042502 0.040446 0.201333
0.040698 0.033687 0.206152
0.043777 0.042397 0.206443
0.043203 0.040691 0.212310
0.040241 0.035735 0.202846
0.043827 0.042431 0.203870
0.044505 0.042829 0.213585
0.044291 0.040743 0.204846
0.041234 0.032336 0.205876
0.043220 0.040968 0.201931
0.047593 0.038973 0.212260
0.044205 0.043764 0.213219
0.043311 0.043193 0.212799
0.040945 0.035666 0.203748
0.044350 0.041247 0.206500
0.042680 0.046059 0.210580
0.045477 0.043775 0.213593
0.041984 0.046692 0.209008
0.042663 0.047500 0.208065
0.041897 0.046792 0.209359
0.043038 0.047073 0.207084
0.043550 0.035493 0.207887
0.042902 0.040234 0.211001
0.043918 0.042585 0.204336
0.042730 0.035343 0.206485
0.046574 0.040119 0.212976
0.046919 0.039090 0.212008
0.040128 0.035455 0.203103
0.044298 0.038148 0.206002
0.043339 0.044420 0.212539
0.047526 0.037400 0.211210
0.043314 0.041387 0.201661
0.044376 0.041363 0.205103
0.043747 0.039732 0.211870
0.043778 0.042119 0.203419
0.043031 0.044911 0.203751
0.043320 0.045517 0.207319
0.042627 0.043192 0.210070
0.043787 0.042421 0.203686
0.044524 0.044367 0.213166
0.039569 0.034089 0.204276
0.042606 0.036689 0.204511
0.043125 0.045689 0.204412
0.042684 0.044072 0.208617
0.047724 0.036235 0.210920
0.042943 0.040729 0.211775
0.045414 0.038850 0.211091
0.043882 0.043017 0.204883
0.044106 0.041310 0.204273
0.041591 0.032817 0.207885
0.043723 0.037284 0.205613
0.042973 0.041469 0.212217
0.040537 0.034686 0.204784
0.042963 0.045101 0.208239
0.043410 0.038632 0.208336
0.043015 0.039858 0.203001
0.040519 0.032847 0.206061
0.045816 0.037253 0.209748
0.043748 0.044049 0.204600
0.042684 0.044730 0.211362
0.043397 0.040256 0.209571
0.046438 0.037718 0.210571
0.042650 0.038392 0.203417
0.043402 0.040066 0.203465
0.042625 0.034717 0.207263
0.043647 0.040010 0.208534
0.041145 0.038289 0.201356
0.048269 0.037087 0.212323
0.043672 0.042833 0.202877
0.041277 0.034744 0.205521
0.043288 0.043490 0.202118
0.041187 0.031624 0.205366
0.043964 0.041144 0.207207
0.043579 0.046323 0.205585
0.048230 0.037227 0.212151
0.045859 0.039714 0.212735
0.042648 0.043458 0.210836
0.046348 0.038053 0.211138
0.043441 0.041149 0.202365
0.043367 0.042408 0.206917
0.042737 0.044325 0.211723
0.041015 0.035169 0.204584
0.040737 0.038008 0.200986
0.043081 0.038573 0.203927
0.046627 0.037255 0.209929
0.043382 0.041956 0.208086
0.043182 0.043771 0.202299
0.044123 0.037926 0.205954
0.044858 0.039313 0.207088
0.044199 0.042120 0.205687
0.042237 0.035025 0.206186
0.042553 0.037266 0.203917
0.043217 0.040398 0.212091
0.044313 0.039461 0.211987
0.045198 0.045562 0.213391
0.040419 0.035073 0.204024
0.042841 0.038315 0.203764
0.046115 0.038465 0.211277
0.039876 0.035642 0.202476
0.043209 0.044860 0.207153
0.043833 0.042120 0.206529
0.042778 0.041189 0.211388
0.042285 0.038329 0.202878
0.043806 0.039756 0.210485
0.043661 0.040755 0.203439
0.043283 0.041945 0.212623
0.046132 0.038996 0.211571
0.041125 0.038869 0.200985
0.039432 0.033792 0.204229
0.040729 0.036601 0.202197
0.043078 0.045751 0.207771
0.043717 0.045992 0.211778
0.042413 0.040312 0.201417
0.043296 0.044457 0.206910
0.043274 0.039893 0.203469
0.041940 0.039551 0.201619
0.043596 0.036805 0.206524
0.043402 0.042458 0.207293
0.040619 0.035386 0.203834
0.043397 0.040156 0.209947
0.040404 0.033123 0.206167
0.041224 0.035074 0.204935
0.041255 0.033547 0.206902
0.041818 0.035063 0.205767
0.043341 0.042887 0.206901
0.044524 0.044367 0.213166
0.042388 0.033681 0.208081
0.042997 0.045776 0.209567
0.042847 0.044859 0.208598
0.044705 0.046032 0.212889
0.043086 0.036993 0.204813
0.042421 0.034508 0.207242
0.046981 0.037921 0.211740
0.042517 0.047859 0.208143
0.042581 0.040605 0.201057
0.047625 0.038543 0.212246
0.043858 0.043374 0.213197
0.042254 0.040316 0.201026
0.042357 0.037337 0.203587
0.043674 0.046007 0.211579
0.042687 0.044022 0.211674
0.043417 0.038369 0.208290
0.043250 0.046097 0.207687
0.043260 0.040894 0.202121
0.047228 0.035784 0.210299
0.044511 0.041069 0.206353
0.045977 0.044354 0.213600
0.043063 0.046188 0.203664
0.041185 0.032789 0.207382
0.043032 0.041836 0.212388
0.045052 0.039297 0.212223
0.043516 0.042087 0.201884
0.045563 0.038284 0.210462
0.042775 0.039775 0.202739
0.042427 0.044504 0.210791
0.043072 0.044620 0.203627
0.042969 0.044405 0.207726
0.040372 0.032981 0.205599
0.040932 0.036467 0.202616
0.045719 0.037350 0.209744
0.042571 0.043554 0.211110
0.044140 0.038482 0.205568
0.042253 0.038618 0.202600
0.043661 0.043941 0.205897
0.044664 0.038417 0.206910
0.042376 0.034198 0.207542
0.043694 0.037601 0.205358
0.044446 0.041599 0.205606
0.042644 0.045644 0.210576
0.043964 0.041144 0.207207
0.042952 0.042276 0.209551
0.044564 0.040820 0.213146
0.043614 0.035025 0.209701
0.039870 0.032842 0.204192
0.040726 0.032348 0.206522
0.043627 0.036939 0.208986
0.043805 0.046003 0.205224
0.041018 0.036171 0.203116
0.043026 0.045485 0.207864
0.042329 0.046298 0.209314
0.045979 0.042037 0.213563
0.043105 0.040085 0.211581
0.043836 0.043261 0.204646
0.046126 0.038234 0.211055
0.042635 0.041219 0.210541
0.045292 0.039361 0.212373
0.043270 0.045819 0.207537
0.043934 0.036917 0.209773
0.043861 0.041470 0.203557
0.045062 0.043750 0.213451
0.042332 0.046909 0.210439
0.043148 0.040471 0.209307
0.043686 0.038037 0.207908
0.043941 0.045556 0.205964
0.044549 0.039894 0.205625
0.044941 0.038783 0.207342
0.042754 0.035603 0.206383
0.043327 0.040203 0.203302
0.043486 0.035227 0.208220
0.042549 0.044534 0.210277
0.042389 0.035420 0.206017
0.044792 0.043591 0.213425
0.043751 0.039235 0.204593
0.043520 0.040530 0.208299
0.042889 0.047305 0.206390
