0.129314 0.063566 0.287683
0.127821 0.071130 0.288513
0.127989 0.065662 0.286687
0.127058 0.070237 0.289527
0.127018 0.071232 0.284104
0.127623 0.066165 0.285662
0.127152 0.068301 0.284733
0.127026 0.066141 0.293349
0.125882 0.067848 0.292635
0.129333 0.063803 0.287532
0.127280 0.066034 0.287883
0.126809 0.071560 0.291252
0.127708 0.070765 0.289195
0.128247 0.065252 0.285587
0.125889 0.070502 0.285273
0.125994 0.068948 0.288651
0.125133 0.066610 0.292597
0.126635 0.068893 0.287552
0.125649 0.067255 0.294045
0.128538 0.064061 0.288848
0.126610 0.068706 0.287235
0.127110 0.070787 0.291119
0.126186 0.070781 0.288013
0.128718 0.072572 0.286341
0.127235 0.068908 0.285673
0.128887 0.064011 0.290062
0.130055 0.061835 0.289413
0.128224 0.063843 0.291614
0.127237 0.072357 0.290346
0.125593 0.065848 0.291682
0.128382 0.064390 0.291579
0.130457 0.071846 0.287450
0.127707 0.065953 0.286326
0.127351 0.071593 0.285534
0.126461 0.068147 0.287611
0.127447 0.065798 0.287151
0.126599 0.064621 0.288039
0.129398 0.062760 0.288800
0.127581 0.065154 0.288901
0.128135 0.072184 0.286105
0.127003 0.066235 0.291632
0.127664 0.062102 0.288471
0.127737 0.071037 0.288554
0.127497 0.065495 0.290485
0.128047 0.064882 0.289009
0.127762 0.070919 0.290010
0.125557 0.067332 0.288867
0.128371 0.072310 0.286056
0.127625 0.066116 0.285431
0.126597 0.066912 0.290981
0.128296 0.071232 0.290994
0.127167 0.066194 0.289679
0.126279 0.070987 0.287800
0.127060 0.066376 0.288760
0.128825 0.063864 0.291017
0.125638 0.068301 0.289994
0.126823 0.068909 0.287275
0.127522 0.066366 0.284687
0.126809 0.070362 0.289605
0.127133 0.068452 0.284810
0.127181 0.067217 0.283984
0.129371 0.063439 0.287596
0.127406 0.067148 0.283363
0.126476 0.071593 0.288422
0.127725 0.070128 0.287049
0.127574 0.072364 0.287352
0.126832 0.066912 0.287240
0.126429 0.067669 0.288874
0.127957 0.065611 0.286873
0.126615 0.068096 0.286380
0.126867 0.071494 0.287153
0.127071 0.072002 0.288330
0.129463 0.062708 0.288083
0.127896 0.063319 0.291027
0.127517 0.070313 0.288728
0.126294 0.070865 0.283205
0.127473 0.065738 0.288414
0.126624 0.067261 0.287899
0.126215 0.070695 0.288413
0.127162 0.069022 0.285060
0.125641 0.067948 0.292441
0.126702 0.071298 0.290305
0.127148 0.067721 0.284633
0.127033 0.063524 0.286368
0.125985 0.066338 0.294074
0.127890 0.065214 0.287873
0.127722 0.071922 0.284557
0.127082 0.066222 0.289867
0.126471 0.067213 0.293930
0.126916 0.069451 0.288395
0.126707 0.071631 0.289975
0.127083 0.065965 0.291133
0.126113 0.070777 0.283076
0.127617 0.065980 0.284635
0.126188 0.068337 0.289153
0.126835 0.066654 0.288956
0.126678 0.066989 0.293219
0.127997 0.064092 0.291744
0.127476 0.070102 0.282045
0.129616 0.062256 0.288594
0.125532 0.068278 0.291741
0.126615 0.067192 0.288420
0.127901 0.071265 0.289308
0.128288 0.065422 0.284152
0.129251 0.062950 0.288576
0.126714 0.065996 0.293619
0.125804 0.068844 0.288873
0.126270 0.065146 0.290120
0.126899 0.071169 0.284397
0.128450 0.072519 0.287244
0.129308 0.064653 0.286320
0.127299 0.072076 0.287751
0.126231 0.070574 0.284489
0.125982 0.069903 0.287924
0.126444 0.067361 0.292415
0.127618 0.062685 0.289152
0.128058 0.066774 0.282694
0.128652 0.063894 0.289314
0.127214 0.066921 0.285211
0.128276 0.072236 0.285883
0.126954 0.066608 0.290148
0.129011 0.064345 0.287553
0.126268 0.068193 0.289235
0.126241 0.066442 0.294128
0.129215 0.064062 0.287344
0.127163 0.065900 0.290571
0.126395 0.067767 0.289330
0.125599 0.069894 0.286559
0.125397 0.066798 0.293666
0.127638 0.072158 0.286741
0.127073 0.069055 0.283726
0.126902 0.071972 0.289256
0.126612 0.067441 0.286934
0.127240 0.065856 0.291619
0.127290 0.071926 0.287491
0.127441 0.070088 0.288657
0.127008 0.063520 0.287775
0.127040 0.072092 0.288644
0.129041 0.063408 0.290464
0.127899 0.070322 0.287362
0.126887 0.066469 0.293037
0.125811 0.065815 0.292985
0.127355 0.069514 0.287194
0.126763 0.071886 0.289178
0.127945 0.065018 0.290925
0.126426 0.070877 0.286217
0.127149 0.068185 0.284635
0.126393 0.071345 0.289000
0.126532 0.066978 0.291630
0.127167 0.067582 0.284519
0.127658 0.065246 0.290343
0.127520 0.070522 0.288799
0.129128 0.063151 0.288558
0.128406 0.065206 0.285540
0.129199 0.063199 0.289363
0.127459 0.065585 0.292343
0.127314 0.065713 0.292946
0.128001 0.062856 0.290500
0.126292 0.067767 0.291088
0.126039 0.067465 0.293583
0.127969 0.071369 0.289184
0.126034 0.066544 0.294207
0.126442 0.067563 0.288856
0.126622 0.071651 0.289565
0.129249 0.062999 0.289774
0.127653 0.070650 0.289101
0.127754 0.071852 0.285799
0.127269 0.063075 0.286569
0.126024 0.070327 0.286973
0.127472 0.069841 0.288193
0.126413 0.067286 0.292135
0.125309 0.067344 0.292810
0.128085 0.069728 0.285682
0.127900 0.065625 0.284895
0.125357 0.068360 0.288690
0.126178 0.066224 0.293989
0.127031 0.066260 0.288544
0.126828 0.071071 0.283902
0.128576 0.065021 0.286779
0.127611 0.071952 0.286504
0.127446 0.066304 0.284902
0.126681 0.066708 0.293905
0.126398 0.070684 0.284326
0.129624 0.062235 0.289031
0.126231 0.067827 0.292001
0.127957 0.065716 0.286551
0.125905 0.069983 0.287515
0.126411 0.067245 0.290294
0.127954 0.072046 0.285989
0.126885 0.066468 0.291101
0.127327 0.065667 0.288789
0.129585 0.062302 0.289321
0.128385 0.065184 0.284843
0.127202 0.072266 0.290566
0.127297 0.068324 0.282887
0.126636 0.071581 0.289739
0.128532 0.064271 0.291304
0.127541 0.065179 0.288773
0.127034 0.071630 0.287242
0.126665 0.066846 0.293770
0.126470 0.068241 0.286726
0.127189 0.067469 0.284640
0.127773 0.065819 0.284426
0.126445 0.067452 0.292750
0.127905 0.066136 0.283749
0.127355 0.070462 0.289919
0.127337 0.065778 0.292403
0.128639 0.064969 0.286900
0.126991 0.066963 0.286804
0.127084 0.066163 0.291460
0.127492 0.069740 0.288004
0.127267 0.065970 0.289018
0.125701 0.070290 0.286019
0.127127 0.068250 0.284097
0.127387 0.067745 0.282550
0.127619 0.072558 0.288031
0.126993 0.066366 0.290322
0.127537 0.071729 0.286099
0.127724 0.065359 0.287400
0.127451 0.066540 0.284754
0.128976 0.063722 0.288420
0.127049 0.066048 0.292707
0.127132 0.068859 0.282120
0.127011 0.066498 0.287247
0.125304 0.068404 0.289328
0.129155 0.063339 0.289896
0.127585 0.066221 0.285845
0.127407 0.069613 0.283568
0.126993 0.071349 0.286262
0.129125 0.063077 0.288639
0.127878 0.064787 0.291935
0.125356 0.067054 0.293397
0.125659 0.067214 0.286217
0.127257 0.065835 0.289816
0.126468 0.067807 0.287302
0.126677 0.069024 0.288136
0.126022 0.068316 0.289585
0.126367 0.070968 0.289465
0.126676 0.068953 0.287853
0.129024 0.070587 0.284667
0.126554 0.067236 0.293125
0.126128 0.067409 0.293784
0.128604 0.073095 0.287965
0.127662 0.065950 0.286771
0.128059 0.065397 0.287182
0.128875 0.073075 0.287854
0.127123 0.068934 0.284824
0.126186 0.070191 0.288455
0.126381 0.066833 0.294180
0.129154 0.064680 0.286577
0.127183 0.071450 0.285673
0.126373 0.067554 0.292417
0.126629 0.068550 0.286917
0.127030 0.068719 0.284058
0.125078 0.067879 0.291720
0.127554 0.070504 0.289621
0.126737 0.066892 0.288863
0.128652 0.062175 0.290133
0.128022 0.065611 0.286396
0.126181 0.067939 0.291231
0.126578 0.071397 0.289891
0.127354 0.068105 0.283000
0.127313 0.066107 0.287175
0.127135 0.066063 0.290006
0.126292 0.068148 0.288971
0.129231 0.063023 0.288829
0.127095 0.066951 0.286327
0.127196 0.065789 0.290667
0.127637 0.064897 0.292359
0.125416 0.068871 0.287609
0.128040 0.065538 0.284481
0.127714 0.069874 0.284273
0.128260 0.064092 0.291739
0.129016 0.063486 0.288659
0.127115 0.068490 0.283935
0.125427 0.066691 0.293371
0.127357 0.072235 0.287907
0.127849 0.070089 0.286981
0.128357 0.064558 0.289389
0.128561 0.064601 0.287861
0.128696 0.065142 0.285965
0.126426 0.067820 0.288463
0.127991 0.065590 0.284354
0.129158 0.064641 0.285558
0.128999 0.065015 0.286211
0.125855 0.070389 0.284450
0.126829 0.071453 0.286914
0.126667 0.064313 0.286915
0.126576 0.071015 0.286089
0.128706 0.063786 0.289102
0.127909 0.065727 0.286333
0.126395 0.067678 0.288981
0.127794 0.066345 0.283888
0.129127 0.063546 0.289972
0.127708 0.071870 0.286080
0.127421 0.067713 0.283024
0.126966 0.067411 0.286475
0.128253 0.064402 0.290681
0.129687 0.062237 0.289411
0.126337 0.070715 0.285140
0.126880 0.064845 0.292573
0.127287 0.069302 0.282771
0.127233 0.068447 0.283440
0.127069 0.066473 0.287456
0.126535 0.067285 0.292842
0.127859 0.072684 0.287809
0.127221 0.062927 0.287712
0.126433 0.071054 0.286673
0.128719 0.064861 0.285184
0.129519 0.063011 0.287626
0.126557 0.067170 0.290868
0.126621 0.066849 0.292298
0.129453 0.062554 0.289702
0.126031 0.068098 0.290094
0.126269 0.070903 0.286748
0.127337 0.064865 0.292543
0.126418 0.068392 0.288056
0.125807 0.068003 0.290771
0.127547 0.072439 0.287759
0.128129 0.065989 0.283334
0.126890 0.068913 0.286832
0.127971 0.064836 0.288158
0.128378 0.065280 0.285406
0.127140 0.072323 0.289991
0.127328 0.067240 0.285669
0.127208 0.066144 0.289384
0.126695 0.070955 0.284435
0.126536 0.067199 0.293517
0.125880 0.068252 0.289967
0.126709 0.064473 0.291623
0.127111 0.068733 0.283717
0.126388 0.071152 0.287331
0.127413 0.072580 0.288605
0.126816 0.071211 0.286147
0.127180 0.066538 0.286881
0.127864 0.072724 0.288042
0.127077 0.069043 0.282230
0.127467 0.069656 0.283237
0.126985 0.066330 0.291291
0.128688 0.064105 0.289626
0.126445 0.068747 0.287683
0.127016 0.065246 0.292912
0.126360 0.067630 0.289975
0.129103 0.063424 0.290285
0.129288 0.063237 0.287906
0.125651 0.068778 0.282964
0.126849 0.066560 0.289917
0.129615 0.062414 0.289518
0.127297 0.065790 0.292140
0.129646 0.062222 0.289131
0.126839 0.070904 0.282973
0.129525 0.071543 0.287892
0.129072 0.062771 0.290258
0.127323 0.065985 0.288015
0.128503 0.065233 0.286061
0.128731 0.063991 0.291242
0.126445 0.071495 0.288750
0.126928 0.066377 0.289735
0.127081 0.068760 0.285817
0.126006 0.065916 0.285458
0.128425 0.064952 0.287447
0.126853 0.071184 0.284620
0.126116 0.070410 0.287873
0.127259 0.066267 0.287014
0.126558 0.067543 0.287821
0.127434 0.065411 0.289065
0.127369 0.065795 0.287888
0.127771 0.071900 0.284728
0.127303 0.067764 0.283482
0.129162 0.063177 0.289575
0.126698 0.067842 0.286369
0.128441 0.064457 0.289672
0.126484 0.070669 0.289452
0.127000 0.066206 0.293151
0.126596 0.070995 0.285802
0.129294 0.063880 0.287659
0.128878 0.064521 0.287345
0.126434 0.067535 0.289299
0.127140 0.066129 0.288627
0.127357 0.070844 0.291241
0.129402 0.061990 0.289924
0.128458 0.072536 0.286578
0.127915 0.065599 0.284623
0.126970 0.066272 0.292459
0.126371 0.067517 0.292079
0.127436 0.066585 0.284351
0.127791 0.071204 0.288901
0.126684 0.070710 0.290398
0.127128 0.066711 0.286333
0.126573 0.070843 0.290135
0.127411 0.069594 0.282663
0.127907 0.065568 0.287062
0.126308 0.067461 0.290548
0.126703 0.071068 0.285509
0.126857 0.066983 0.287060
0.126286 0.067592 0.291882
0.126757 0.066792 0.288910
0.127164 0.069531 0.288306
0.127457 0.062560 0.288426
0.128396 0.064427 0.291423
0.129930 0.062148 0.289698
0.127761 0.065700 0.285116
0.126700 0.071199 0.290950
0.126874 0.070542 0.290407
0.125739 0.067506 0.293407
0.126090 0.067523 0.293312
0.126388 0.067249 0.291591
0.128676 0.072616 0.286561
0.127302 0.069207 0.286503
0.129587 0.062076 0.288876
0.127330 0.065950 0.288528
0.126794 0.070179 0.289325
0.127910 0.071208 0.289443
0.127747 0.065804 0.285043
0.126368 0.064893 0.286300
0.126645 0.067060 0.293438
0.126034 0.070811 0.282360
0.125578 0.068847 0.288788
0.126454 0.070933 0.283374
0.127229 0.066145 0.289208
0.126322 0.070850 0.286282
0.126978 0.066283 0.291110
0.127883 0.070967 0.290302
0.126636 0.064720 0.292145
0.127633 0.065357 0.291264
0.126169 0.070454 0.288348
0.128257 0.065157 0.287566
0.127056 0.072125 0.288844
0.126534 0.068140 0.287192
0.126400 0.067809 0.288106
0.126386 0.068063 0.287828
0.128441 0.072281 0.285732
0.127583 0.065381 0.287593
0.127604 0.071787 0.285922
0.126998 0.065049 0.292769
0.126502 0.067751 0.287408
0.126077 0.068087 0.291508
0.127848 0.066117 0.283968
0.128643 0.064241 0.290138
0.126798 0.066566 0.290618
0.129302 0.064076 0.286878
0.126999 0.072128 0.289862
0.126438 0.065983 0.293723
0.126259 0.065375 0.292654
0.126907 0.069105 0.282105
0.125230 0.066346 0.292857
0.125999 0.068075 0.291215
0.125262 0.068154 0.291862
0.127515 0.069699 0.287645
0.125889 0.069139 0.288473
0.127154 0.067824 0.284849
0.127034 0.071677 0.287419
0.127201 0.068897 0.283123
0.128188 0.064754 0.289800
0.126768 0.071133 0.285881
0.128214 0.072566 0.287390
0.126632 0.070427 0.289488
0.125363 0.067355 0.293115
0.126919 0.069025 0.283871
0.127954 0.066882 0.282719
0.128105 0.064742 0.289926
0.127192 0.071464 0.283330
0.126805 0.071726 0.290171
0.126579 0.067208 0.290981
0.126340 0.071073 0.287190
0.127300 0.069426 0.283612
0.127377 0.065662 0.290281
0.126369 0.067492 0.291228
0.127318 0.066154 0.287440
0.127088 0.068307 0.284958
0.127928 0.065047 0.291150
0.128441 0.072590 0.286738
0.126526 0.065140 0.283575
0.126524 0.068125 0.286845
0.126761 0.066552 0.291625
0.129482 0.063165 0.287402
0.127284 0.065801 0.291325
0.126483 0.067097 0.291745
0.128475 0.064802 0.287412
0.126709 0.071360 0.290727
0.127378 0.071623 0.285162
0.127888 0.072538 0.287314
0.127205 0.068974 0.282558
0.128038 0.064543 0.291822
0.126500 0.070778 0.284672
0.127402 0.072193 0.287545
0.126528 0.067624 0.287135
0.125760 0.065479 0.292491
0.125346 0.067768 0.292396
0.127694 0.065909 0.285418
0.127496 0.070302 0.288918
0.127526 0.070050 0.288155
0.126977 0.072047 0.289043
0.127046 0.067870 0.285652
0.127713 0.064951 0.290180
0.128361 0.065207 0.286637
0.126282 0.070451 0.288875
0.127709 0.064950 0.288645
0.127154 0.067123 0.285088
0.127435 0.067842 0.282718
0.128187 0.073132 0.288479
0.126993 0.066457 0.289085
0.128926 0.064412 0.287561
0.127396 0.065702 0.287657
0.128596 0.072648 0.286699
0.126275 0.070896 0.287613
0.127652 0.065164 0.289340
0.129837 0.062026 0.289783
0.128094 0.072893 0.287948
0.127654 0.066610 0.283920
0.127169 0.070116 0.289307
0.126184 0.068138 0.289678
0.129018 0.063817 0.288261
0.125375 0.068189 0.291513
0.125788 0.068355 0.289743
0.126536 0.068796 0.288102
0.126878 0.066495 0.291324
0.126430 0.071241 0.288816
0.126266 0.070741 0.285513
0.126340 0.068527 0.288558
0.127412 0.066708 0.284499
0.129067 0.063711 0.289714
0.126347 0.071002 0.282654
0.127107 0.066064 0.291262
0.125797 0.066995 0.294246
0.128859 0.072665 0.286636
0.126848 0.071635 0.290988
0.126150 0.067838 0.292425
0.126885 0.067102 0.286858
0.127197 0.069311 0.287050
0.127227 0.069173 0.283528
0.126699 0.067009 0.289874
0.127439 0.069659 0.283690
0.126903 0.066711 0.290380
0.127219 0.067456 0.283750
0.126428 0.071467 0.289193
0.126948 0.066744 0.288052
0.127435 0.066856 0.284220
0.128297 0.065267 0.285091
0.128548 0.064268 0.289525
0.126254 0.070598 0.284288
0.128131 0.064484 0.290838
0.126517 0.070899 0.285528
0.127394 0.066809 0.284387
0.126498 0.065507 0.293072
0.127306 0.066579 0.285537
0.127534 0.070254 0.288109
0.127224 0.066265 0.287372
0.127712 0.070164 0.287148
0.127482 0.065473 0.290259
0.127229 0.066550 0.286511
0.127738 0.070890 0.288424
0.126940 0.070932 0.283039
0.127745 0.071913 0.286331
0.126777 0.071138 0.285699
0.128278 0.064575 0.291489
0.128324 0.062536 0.290323
0.127084 0.068772 0.285464
0.128466 0.062007 0.289917
0.126366 0.070649 0.284568
0.127833 0.065211 0.290968
0.126024 0.070647 0.283598
0.127105 0.068382 0.284164
0.127052 0.069304 0.282116
0.126928 0.071047 0.282895
0.126922 0.066358 0.292603
0.126520 0.068246 0.286965
0.129120 0.063545 0.288250
0.127044 0.069973 0.289070
0.126106 0.065863 0.288749
0.126666 0.067094 0.289680
0.127528 0.065230 0.288529
0.128482 0.071541 0.288948
0.126354 0.067866 0.288992
0.126292 0.070186 0.288607
0.126833 0.066471 0.292045
0.128010 0.062005 0.289376
0.127804 0.065740 0.285683
0.126582 0.067209 0.288887
0.127194 0.071099 0.291454
0.126421 0.067950 0.288622
0.126444 0.067048 0.294102
0.129074 0.064246 0.287489
0.128679 0.072957 0.287768
0.128377 0.064278 0.289071
0.126382 0.066988 0.294156
0.127021 0.071027 0.291296
0.129033 0.064925 0.286012
0.126610 0.069442 0.288486
0.129403 0.062775 0.288206
0.126774 0.066629 0.291233
0.126557 0.070690 0.289891
0.127857 0.071237 0.288694
0.125447 0.067363 0.293415
0.129140 0.073177 0.287903
0.126174 0.070789 0.287674
0.127986 0.065835 0.283834
0.127637 0.065229 0.292355
0.126741 0.065230 0.292909
0.129427 0.062660 0.289254
0.126604 0.071158 0.286599
0.126480 0.067189 0.291289
0.126626 0.066834 0.291231
0.128699 0.063816 0.291398
0.126568 0.067147 0.289518
0.125095 0.067633 0.291850
0.126895 0.065392 0.293070
0.125517 0.068191 0.291962
0.125983 0.069567 0.288272
0.126913 0.066580 0.287387
0.127133 0.072336 0.289830
0.127393 0.071668 0.284800
0.126065 0.065147 0.292047
0.127235 0.065227 0.292827
0.128078 0.065465 0.287019
0.127172 0.067598 0.285659
0.127896 0.066420 0.283418
0.127139 0.072312 0.289532
0.126458 0.069155 0.288377
0.127392 0.071648 0.285032
0.126439 0.071166 0.287042
0.127170 0.067172 0.284924
0.128770 0.063640 0.291166
0.127162 0.066241 0.288884
0.127582 0.065265 0.292016
0.129184 0.063515 0.287917
0.128660 0.064180 0.288380
0.128667 0.072671 0.287431
0.129049 0.063597 0.290337
0.127719 0.070984 0.289021
0.127278 0.069262 0.284605
0.129406 0.064357 0.286524
0.129029 0.063524 0.288494
0.127174 0.068486 0.283260
0.126175 0.070393 0.288450
0.128364 0.064513 0.290076
0.127400 0.067323 0.283391
0.127225 0.064482 0.292065
0.127429 0.071930 0.286653
0.126185 0.070652 0.285203
0.126496 0.070828 0.285072
0.128091 0.066617 0.282631
0.126571 0.067143 0.289228
0.127396 0.071990 0.286835
0.127359 0.071595 0.285734
0.126935 0.068607 0.285118
0.126511 0.067080 0.292255
0.126897 0.066714 0.287284
0.128386 0.064280 0.290493
0.126373 0.067896 0.289442
0.129199 0.064163 0.286968
0.126229 0.070942 0.287952
0.127739 0.065215 0.290599
0.127397 0.065873 0.287623
0.128513 0.072368 0.285880
0.128601 0.065029 0.285138
0.129056 0.063574 0.289419
0.128054 0.066697 0.282805
0.126237 0.067866 0.291183
0.127153 0.067729 0.284359
0.128283 0.072247 0.285582
0.127387 0.068002 0.282509
0.127196 0.067433 0.284067
0.127032 0.063507 0.286883
0.126896 0.071555 0.291506
0.126394 0.067272 0.291879
0.127254 0.065772 0.289120
0.127172 0.068416 0.283687
0.127361 0.066883 0.284487
0.126802 0.071253 0.286412
0.127159 0.068733 0.282785
0.127602 0.065628 0.287307
0.126349 0.071169 0.288021
0.126937 0.071834 0.290858
0.125345 0.068231 0.291780
0.126646 0.066784 0.291755
0.126188 0.068602 0.288905
0.126872 0.067993 0.285862
0.126111 0.070530 0.286279
0.125828 0.065610 0.292781
0.127553 0.069900 0.282712
0.127768 0.065477 0.287263
0.126483 0.071262 0.287202
0.126814 0.066808 0.288610
0.127711 0.065955 0.285720
0.127970 0.071973 0.285743
0.126168 0.070461 0.288067
0.127651 0.065838 0.286897
0.127991 0.065979 0.283652
0.129363 0.062736 0.288372
0.126382 0.070831 0.289152
0.127867 0.061887 0.288679
0.127955 0.064566 0.290248
0.126886 0.066336 0.291812
0.127576 0.070518 0.289035
0.128048 0.070360 0.282696
0.129221 0.064019 0.287583
0.126540 0.067034 0.291254
0.127111 0.065997 0.290821
0.127343 0.065813 0.289420
0.128326 0.064473 0.289006
0.125658 0.066688 0.294132
0.126528 0.066971 0.291751
0.127696 0.069611 0.284726
0.126184 0.070262 0.288127
0.128314 0.073087 0.288060
0.127545 0.065499 0.288500
0.127151 0.071592 0.286504
0.127112 0.068004 0.284632
0.128281 0.064468 0.290266
0.125498 0.067097 0.294089
0.126468 0.071436 0.288011
0.126385 0.067681 0.289402
0.125454 0.068387 0.289648
0.128749 0.072901 0.287606
0.126361 0.067208 0.292011
0.127683 0.065824 0.284728
0.127015 0.071636 0.286992
0.127251 0.065778 0.290077
0.126895 0.066625 0.288862
0.126363 0.070838 0.286061
0.126577 0.068514 0.287126
0.128962 0.073085 0.287637
0.128491 0.064304 0.290259
0.125348 0.066978 0.293103
0.127392 0.064103 0.291626
0.126261 0.067525 0.293068
0.127743 0.065910 0.284274
0.126638 0.071782 0.288751
0.125453 0.067183 0.293844
0.127056 0.069799 0.288740
0.126358 0.067622 0.290243
0.126273 0.070934 0.287345
0.127378 0.071630 0.286031
0.127189 0.067488 0.285616
0.128168 0.065390 0.285556
0.129498 0.062589 0.288917
0.128025 0.064885 0.291103
0.129424 0.062694 0.289453
0.129014 0.064313 0.287629
0.127810 0.065794 0.286126
0.127139 0.066525 0.288015
0.127229 0.068181 0.283950
0.128073 0.065772 0.283754
0.128078 0.069776 0.286304
0.127065 0.066162 0.290249
0.127247 0.071288 0.291653
0.127323 0.069418 0.287373
0.126565 0.067950 0.287071
0.126740 0.068601 0.286635
0.127001 0.068850 0.283938
0.128534 0.064310 0.290829
0.126352 0.071104 0.289222
0.125966 0.067663 0.292985
0.129659 0.062092 0.289001
0.127606 0.070043 0.287292
0.126694 0.067065 0.289753
0.127771 0.064813 0.292163
0.126766 0.066558 0.292189
0.129393 0.062853 0.288191
0.127483 0.065455 0.291462
0.127816 0.071175 0.289138
0.126987 0.071284 0.285281
0.126542 0.066857 0.294063
0.128556 0.065216 0.286337
0.127159 0.069069 0.284483
0.127204 0.066843 0.285446
0.125268 0.067553 0.292425
0.127666 0.070681 0.289642
0.126293 0.067447 0.291464
0.127637 0.069661 0.286771
0.126742 0.071279 0.290523
0.125155 0.068026 0.291524
0.126942 0.071674 0.287599
0.126048 0.068187 0.289829
0.126136 0.066963 0.294227
0.129067 0.064436 0.287140
0.127918 0.066619 0.283190
0.127364 0.070080 0.289029
0.127056 0.071397 0.286062
0.125403 0.066146 0.293045
0.129321 0.063004 0.289423
0.128987 0.062650 0.290336
0.126021 0.070585 0.283813
0.128009 0.065560 0.286999
0.126138 0.070720 0.287442
0.126820 0.066822 0.288166
0.128093 0.064864 0.289608
0.127714 0.066816 0.283288
0.127557 0.069246 0.285687
0.127798 0.065236 0.290818
0.128560 0.065094 0.285293
0.126033 0.065940 0.293199
0.128374 0.064458 0.291105
0.128634 0.061888 0.289862
0.128955 0.072831 0.287228
0.126486 0.067341 0.292652
0.126962 0.066707 0.290279
0.128690 0.064170 0.291111
0.126910 0.068136 0.285720
0.126442 0.068641 0.288071
0.127502 0.070268 0.289120
0.125691 0.068138 0.283455
0.125820 0.066642 0.287812
0.126805 0.066593 0.289604
0.128778 0.064042 0.291026
0.127462 0.067389 0.282383
0.126696 0.068533 0.286665
0.128448 0.062100 0.290000
0.127407 0.065952 0.287502
0.126559 0.067098 0.290298
0.127754 0.065050 0.292065
0.126865 0.066780 0.287054
0.127208 0.069058 0.286351
0.127297 0.068302 0.283086
0.127384 0.065593 0.292091
0.129389 0.063503 0.287420
0.129089 0.073152 0.287597
0.127501 0.071703 0.285856
0.126581 0.066895 0.289417
0.126958 0.066522 0.288633
0.127258 0.071402 0.283796
0.126768 0.068724 0.286752
0.128119 0.065774 0.283629
0.126436 0.071239 0.287279
0.126095 0.070527 0.284697
0.128116 0.072744 0.287680
0.127481 0.072724 0.289723
0.129204 0.063313 0.288319
0.127292 0.067134 0.285710
0.127143 0.070616 0.290893
0.128840 0.072739 0.286912
0.128458 0.065085 0.286874
0.125960 0.070255 0.286755
0.127921 0.065593 0.285175
0.128400 0.065321 0.284307
0.125366 0.066514 0.293128
0.127227 0.069357 0.287880
0.127125 0.066004 0.290509
0.127680 0.066335 0.284322
0.127164 0.068548 0.282776
0.126219 0.070702 0.286255
0.127631 0.063694 0.291293
0.127436 0.069179 0.285159
0.128329 0.070687 0.287408
0.126377 0.067631 0.290777
0.127252 0.068383 0.282709
0.126230 0.070495 0.288541
0.126291 0.070609 0.288755
0.127892 0.065047 0.291344
0.125669 0.068098 0.292195
0.127095 0.070382 0.289831
0.127276 0.066697 0.286004
0.126744 0.065525 0.293233
0.126635 0.069789 0.288761
0.127153 0.067693 0.285222
0.126518 0.067871 0.287169
0.129022 0.062920 0.290439
0.126202 0.067823 0.291779
0.129265 0.063030 0.288970
0.126734 0.070579 0.290129
0.127189 0.072115 0.288453
0.127629 0.069994 0.287083
0.128593 0.063328 0.291153
0.128372 0.064190 0.291758
0.126385 0.071075 0.289708
0.126238 0.065818 0.293314
0.127571 0.069801 0.283993
0.125863 0.069685 0.287948
0.125737 0.069006 0.282324
0.127001 0.066262 0.290598
0.127600 0.069979 0.282546
0.127664 0.065392 0.287347
0.126567 0.070880 0.283922
0.126813 0.068433 0.286124
0.126631 0.071085 0.290183
0.127125 0.068487 0.284610
0.127482 0.069972 0.282236
0.126013 0.069867 0.288150
0.127166 0.067611 0.284156
0.126697 0.066873 0.290550
0.127224 0.068815 0.283486
0.126974 0.066410 0.290161
0.127245 0.067341 0.285723
0.127153 0.068820 0.282997
0.126494 0.067535 0.288717
0.126521 0.067744 0.287889
0.126661 0.071750 0.288987
0.128303 0.064551 0.288488
0.125374 0.068434 0.287701
0.126668 0.066911 0.290692
0.126368 0.071002 0.286575
0.126164 0.067970 0.291656
0.126799 0.071841 0.289875
0.127193 0.065889 0.290051
0.127789 0.066403 0.283652
0.129434 0.062735 0.289136
0.128200 0.064293 0.291774
0.127750 0.070853 0.289800
0.128294 0.065318 0.286333
0.128567 0.064147 0.288733
0.126639 0.067053 0.293066
0.127232 0.067015 0.285602
0.126519 0.067477 0.288487
0.125444 0.069257 0.286736
0.128652 0.063605 0.291377
0.127016 0.069075 0.286867
0.128796 0.063777 0.289281
0.127414 0.067234 0.283116
0.127704 0.066423 0.284085
0.129011 0.064782 0.285650
0.127688 0.069786 0.284465
0.127668 0.067154 0.282416
0.126825 0.071440 0.291345
0.127769 0.070843 0.289385
0.126950 0.071255 0.285717
0.127934 0.072034 0.285198
0.128100 0.065479 0.286659
0.127295 0.070633 0.290960
0.126359 0.070345 0.289009
0.126867 0.066345 0.291633
0.126444 0.070915 0.289896
0.128411 0.061396 0.288873
0.128544 0.065132 0.285785
0.127113 0.071808 0.287742
0.126201 0.065397 0.286563
0.128515 0.070968 0.287661
0.126394 0.068495 0.287664
0.127136 0.066542 0.287876
0.126349 0.070658 0.284834
0.126920 0.066378 0.291033
0.127393 0.065470 0.288812
0.128624 0.064041 0.289334
0.127670 0.065159 0.290374
0.126969 0.065611 0.293264
0.127633 0.065050 0.288477
0.126071 0.070441 0.286521
0.126817 0.066618 0.293155
0.125836 0.070430 0.283501
0.127763 0.071853 0.285150
0.128263 0.064710 0.289245
0.127372 0.069925 0.282014
0.126775 0.066728 0.293540
0.125955 0.067345 0.293998
0.129107 0.072872 0.287192
0.126079 0.070643 0.286040
0.128829 0.064738 0.285257
0.127396 0.066390 0.285143
0.125939 0.068020 0.292284
0.126203 0.070522 0.286429
0.126506 0.068361 0.286816
0.126383 0.071023 0.289002
0.126042 0.070291 0.287733
0.127485 0.066151 0.286706
0.128868 0.063404 0.290882
0.127462 0.071023 0.291432
0.129237 0.064627 0.286415
0.130054 0.072003 0.288609
0.127461 0.070192 0.288412
0.126503 0.065694 0.293369
0.128476 0.064378 0.288583
0.127372 0.070038 0.281966
0.126320 0.067636 0.290643
0.127378 0.067925 0.282907
0.126012 0.067164 0.294225
0.127011 0.067370 0.286244
0.127862 0.065873 0.284090
0.126257 0.070975 0.282205
0.126558 0.067281 0.288102
0.127195 0.065896 0.292964
0.127195 0.071513 0.284893
0.127351 0.068216 0.282320
0.129187 0.063111 0.289788
0.128775 0.063085 0.290812
0.127188 0.071472 0.285107
0.126346 0.070892 0.283039
0.128445 0.065246 0.284435
0.126719 0.066755 0.290852
0.126630 0.066777 0.292066
0.126434 0.070991 0.286361
0.126669 0.067564 0.286727
0.126619 0.071256 0.286854
0.126435 0.068204 0.288199
0.126446 0.067900 0.287959
0.126313 0.069915 0.288596
0.127535 0.067000 0.283199
0.129973 0.062122 0.289546
0.127314 0.067205 0.284436
0.127195 0.071756 0.287469
0.128150 0.072233 0.285400
0.126428 0.071266 0.287806
0.128817 0.064814 0.287031
0.128182 0.065597 0.283834
0.126792 0.068224 0.285929
0.128056 0.072418 0.286839
0.126722 0.068655 0.286858
0.127221 0.067885 0.282202
0.127218 0.067180 0.285347
0.128095 0.072134 0.285913
0.127955 0.066799 0.282373
0.126431 0.070824 0.289691
0.127000 0.066250 0.291881
0.127404 0.069961 0.288589
0.127721 0.065383 0.288027
0.128601 0.064222 0.288518
0.126566 0.068018 0.286971
0.127291 0.065702 0.291698
0.127228 0.067442 0.284390
0.126437 0.068648 0.287907
0.129367 0.062867 0.289362
0.128379 0.064995 0.287608
0.128985 0.064681 0.285404
0.127667 0.066110 0.284488
0.126556 0.068418 0.286993
0.127280 0.069649 0.282122
0.127494 0.070741 0.290953
0.128804 0.064048 0.289859
0.127611 0.065196 0.290006
0.126042 0.070697 0.283329
0.127116 0.069069 0.286596
0.126323 0.067407 0.293518
0.128789 0.071354 0.288145
0.126654 0.071768 0.288481
0.126944 0.071264 0.285955
0.128416 0.064397 0.288802
0.126924 0.068849 0.286274
0.127626 0.069358 0.286138
0.127955 0.064873 0.290794
0.126284 0.067787 0.290836
0.128913 0.063328 0.290761
0.126162 0.070658 0.286677
0.127167 0.065981 0.292233
0.126388 0.067340 0.293714
0.127356 0.067012 0.283734
0.129739 0.062126 0.289276
0.126767 0.066527 0.291802
0.125979 0.069334 0.288390
0.127201 0.065946 0.291866
0.127350 0.068381 0.282537
0.129690 0.061718 0.289708
0.126504 0.066274 0.293945
0.125785 0.069758 0.287571
0.126497 0.070774 0.284158
0.127581 0.062148 0.288004
0.125935 0.066158 0.286669
0.126473 0.068013 0.287548
0.125658 0.069747 0.283177
0.126400 0.070843 0.285745
0.128597 0.072654 0.286886
0.126720 0.066929 0.293355
0.126891 0.067220 0.286771
0.127726 0.067066 0.282737
0.126623 0.067111 0.288931
0.128824 0.065104 0.286363
0.127245 0.062960 0.287173
0.125603 0.066036 0.293118
0.125136 0.067403 0.291569
0.126593 0.070960 0.282891
0.128167 0.064803 0.289372
0.127663 0.065117 0.289766
0.129318 0.063831 0.287293
0.128857 0.063707 0.288769
0.127733 0.066630 0.283535
0.127324 0.066183 0.287866
0.127400 0.066294 0.286473
0.128375 0.064569 0.289859
0.127010 0.068850 0.285206
0.126527 0.070168 0.289119
0.127312 0.069496 0.288069
0.126381 0.070827 0.289293
0.126485 0.070856 0.285365
0.126225 0.067833 0.291524
0.127894 0.064588 0.290749
0.127425 0.070618 0.290211
0.127498 0.064976 0.292532
0.127196 0.065948 0.290343
0.126740 0.071089 0.284771
0.126348 0.067817 0.289589
0.128370 0.072555 0.287097
0.128877 0.064646 0.287179
0.126824 0.064121 0.288935
0.126207 0.067822 0.290617
0.126528 0.068781 0.288238
0.125713 0.067375 0.293733
0.126255 0.067436 0.293659
0.127677 0.065968 0.286126
0.127603 0.065404 0.290708
0.127093 0.066351 0.289134
0.126596 0.071535 0.287893
0.127246 0.066615 0.286153
0.127390 0.072062 0.287135
0.127583 0.071777 0.284768
0.126600 0.067228 0.289753
0.127381 0.064720 0.292330
0.127809 0.070836 0.287974
0.129074 0.064140 0.287769
0.127262 0.066786 0.285100
0.127987 0.072270 0.286666
0.125950 0.067996 0.290557
0.126410 0.068283 0.288558
0.126504 0.067588 0.286893
0.128499 0.064133 0.290405
0.129386 0.062836 0.288975
0.126522 0.068041 0.286625
0.126128 0.070593 0.285057
0.127805 0.064939 0.288211
0.127129 0.065955 0.292666
0.125647 0.069780 0.286995
0.127288 0.068279 0.283382
0.127694 0.065880 0.285258
0.127432 0.066204 0.285093
0.127860 0.065594 0.285858
0.125750 0.066377 0.293987
0.126848 0.067078 0.286972
0.128046 0.066420 0.283139
0.128108 0.065362 0.285766
0.128811 0.064857 0.285443
0.126520 0.071516 0.289449
0.127845 0.065296 0.287585
0.126642 0.066774 0.291538
0.127204 0.069024 0.283221
0.126540 0.071112 0.286490
0.125263 0.068008 0.291982
0.126968 0.066194 0.293541
0.127786 0.066082 0.284152
0.126972 0.068379 0.285187
0.127256 0.072476 0.289105
0.125689 0.068264 0.291561
0.126771 0.068797 0.287008
0.126048 0.066650 0.294250
0.126562 0.068308 0.286626
0.125874 0.070521 0.285841
0.128381 0.065102 0.287374
0.127161 0.066712 0.286715
0.127120 0.065988 0.292775
0.125883 0.070587 0.283213
0.125685 0.066303 0.293710
0.126457 0.067704 0.288557
0.127370 0.072399 0.288521
0.126683 0.066086 0.293741
0.126436 0.067311 0.290031
0.127103 0.066921 0.286636
0.127291 0.063334 0.289998
0.126083 0.067281 0.294132
0.128637 0.065033 0.285567
0.128839 0.065094 0.286045
0.127482 0.067504 0.282712
0.125438 0.066898 0.293957
0.127024 0.067136 0.286541
0.128974 0.063532 0.289154
0.126268 0.065949 0.293735
0.127231 0.068698 0.282135
0.129004 0.064996 0.286398
0.127351 0.069504 0.283789
0.126364 0.067277 0.291407
0.127542 0.065342 0.292182
0.128070 0.065247 0.287507
0.127323 0.067265 0.283222
0.126969 0.069004 0.282052
0.126041 0.068118 0.291783
0.128206 0.071212 0.290057
0.128055 0.065418 0.285843
0.127314 0.067969 0.283052
0.126212 0.070812 0.283326
0.127931 0.072043 0.285397
0.129326 0.062970 0.289135
0.127701 0.070202 0.287704
0.127667 0.065267 0.291593
0.126960 0.067802 0.285909
0.127638 0.070222 0.282215
0.127219 0.065925 0.291468
0.128036 0.063036 0.290794
0.127597 0.071840 0.284376
0.127860 0.061808 0.288325
0.126536 0.067136 0.293801
0.126059 0.070519 0.287372
0.127214 0.069378 0.283914
0.129347 0.063330 0.287743
0.127297 0.065567 0.289754
0.126701 0.070983 0.283795
0.127236 0.067860 0.283864
0.125826 0.070246 0.286547
0.127690 0.065204 0.291845
0.125707 0.066914 0.289003
0.129712 0.061898 0.288965
0.129280 0.063162 0.288241
0.127211 0.067739 0.283708
0.127734 0.070168 0.282433
0.126772 0.071143 0.286016
0.130505 0.072054 0.287934
0.126590 0.070914 0.284897
0.126666 0.071014 0.285183
0.126377 0.070721 0.284061
0.125356 0.067062 0.293673
0.126545 0.067082 0.289346
0.128286 0.064620 0.291371
0.129961 0.062114 0.289460
0.129584 0.062350 0.288955
0.128468 0.064388 0.289500
0.127545 0.066434 0.284479
0.127801 0.071943 0.285382
0.126760 0.065726 0.293384
0.126794 0.070483 0.289836
0.127358 0.066967 0.284496
0.127229 0.065815 0.291136
0.127854 0.064774 0.290663
0.128482 0.064185 0.289202
0.127674 0.065237 0.288395
0.126753 0.066907 0.288452
0.125863 0.070398 0.284034
0.128633 0.063941 0.288972
0.126564 0.067150 0.290047
0.127996 0.064945 0.291277
0.129279 0.064437 0.286721
0.127505 0.070381 0.289440
0.127920 0.064849 0.288744
0.127330 0.070098 0.289178
0.127725 0.071864 0.285307
0.126374 0.067527 0.290263
0.126859 0.071669 0.291373
0.127557 0.067240 0.282856
0.127102 0.067117 0.286170
0.127169 0.070519 0.290387
0.126829 0.071177 0.285468
0.126931 0.071940 0.290359
0.127102 0.063574 0.288865
0.126604 0.067694 0.286760
0.126692 0.066728 0.289238
0.127371 0.069720 0.282351
0.126295 0.067540 0.291621
0.129110 0.064228 0.287174
0.127058 0.069636 0.288520
0.127218 0.063203 0.288574
0.128887 0.063849 0.288491
0.127476 0.065417 0.287779
0.127111 0.067616 0.285806
0.129588 0.062240 0.288820
0.126089 0.070547 0.287647
0.126470 0.071130 0.282353
0.127764 0.071877 0.285437
0.127204 0.069247 0.287406
0.128625 0.064632 0.287603
0.125628 0.070058 0.286310
0.126758 0.066806 0.293097
0.127169 0.071532 0.286208
0.127334 0.071601 0.285381
0.127084 0.068728 0.284590
0.128070 0.064904 0.289182
0.127340 0.068442 0.282285
0.126742 0.066727 0.292667
0.126399 0.068490 0.288434
0.126186 0.067908 0.290212
0.126597 0.067139 0.293288
0.128086 0.071334 0.289461
0.127200 0.071380 0.284206
0.125625 0.070137 0.285360
0.127749 0.070602 0.287944
0.127097 0.068659 0.284179
0.126550 0.071596 0.288226
0.127365 0.072650 0.289238
0.126102 0.068012 0.292025
0.126714 0.066828 0.289030
0.126579 0.067181 0.292993
0.126030 0.068754 0.288912
0.127459 0.066212 0.286588
0.127239 0.067978 0.283989
0.126857 0.071099 0.283720
0.126569 0.071595 0.288055
0.127280 0.067947 0.283510
0.126229 0.068264 0.289363
0.127252 0.069767 0.288470
0.129011 0.063221 0.290562
0.126925 0.066376 0.291478
0.127736 0.063930 0.291597
0.128953 0.063948 0.289978
0.128951 0.063689 0.289341
0.126369 0.068780 0.288432
0.126455 0.068647 0.288273
0.126231 0.068191 0.289449
0.127507 0.066352 0.285500
0.126180 0.070734 0.287844
0.125402 0.068027 0.290845
0.126234 0.068723 0.288654
0.128088 0.066079 0.283367
0.126696 0.071166 0.282605
0.127043 0.072040 0.290271
0.126156 0.070634 0.286926
0.125817 0.067601 0.293219
0.127112 0.067860 0.285058
0.125999 0.065483 0.292653
0.127175 0.065734 0.293153
0.127564 0.066593 0.284230
0.125200 0.068151 0.291720
0.127326 0.068131 0.283287
0.126682 0.071057 0.283315
0.127470 0.065502 0.291327
0.126774 0.071017 0.284232
0.125195 0.067701 0.292106
0.127570 0.072263 0.287012
0.127631 0.071830 0.286218
0.125445 0.067613 0.292973
0.127770 0.071900 0.285040
0.127443 0.065452 0.289214
0.125779 0.068265 0.291792
0.127751 0.066299 0.284141
0.127904 0.065111 0.291036
0.127221 0.067025 0.285906
0.127032 0.069074 0.287374
0.125139 0.067115 0.292206
0.127381 0.067687 0.283278
0.127188 0.067472 0.285297
0.125478 0.065701 0.292611
0.126397 0.067351 0.290410
0.126840 0.066544 0.290868
0.127232 0.066434 0.286287
0.127941 0.071384 0.288807
0.126357 0.068221 0.288724
0.128151 0.064707 0.288902
0.126706 0.071776 0.289444
0.127185 0.068512 0.282850
0.127546 0.066954 0.283351
0.126748 0.066628 0.291440
0.126874 0.071832 0.290579
0.126953 0.066313 0.289978
0.127860 0.072462 0.287073
0.127329 0.067662 0.282441
0.129752 0.071071 0.286177
0.126807 0.071738 0.290368
0.127545 0.066190 0.286060
0.127064 0.069324 0.288130
0.127834 0.072585 0.287554
0.126080 0.070165 0.287992
0.129252 0.063384 0.287071
0.126984 0.066276 0.290879
0.125278 0.067519 0.290651
0.126906 0.066377 0.292856
0.127417 0.069934 0.288421
0.126648 0.066712 0.289446
0.126422 0.068243 0.288071
0.129638 0.062384 0.288411
0.127722 0.071038 0.288761
0.125849 0.066497 0.294158
0.127817 0.064649 0.290260
0.129550 0.062453 0.288679
0.127598 0.070737 0.288951
0.129354 0.064676 0.286151
0.126711 0.066933 0.290102
0.127433 0.063955 0.291481
0.127366 0.065614 0.290963
0.128099 0.072145 0.286283
0.127266 0.071714 0.286562
0.127458 0.067498 0.282941
0.127444 0.069419 0.284678
0.127463 0.069589 0.284423
0.127252 0.066134 0.289011
0.127195 0.068948 0.282889
0.127464 0.071691 0.285348
0.127210 0.065773 0.290879
0.129131 0.063722 0.288128
0.127603 0.069976 0.287852
0.126978 0.071858 0.288107
0.126587 0.067091 0.292796
0.126687 0.066872 0.292844
0.127082 0.066028 0.293303
0.129360 0.062784 0.289649
0.127793 0.070505 0.287733
0.126093 0.067949 0.290807
0.126506 0.070769 0.284457
0.128155 0.071326 0.288521
0.125904 0.070668 0.282530
0.127295 0.065550 0.289491
0.126554 0.070908 0.285285
0.128779 0.064404 0.287854
0.127424 0.065372 0.289653
0.127978 0.064508 0.290659
0.127153 0.064351 0.291849
0.126843 0.071701 0.287865
0.126197 0.070781 0.283513
0.125741 0.067749 0.292897
0.128506 0.064127 0.289015
0.127278 0.069012 0.285391
0.127562 0.066122 0.286480
0.127374 0.066452 0.285970
0.127289 0.065586 0.293023
0.127246 0.066830 0.285962
0.128438 0.064081 0.291676
0.129808 0.062202 0.289776
0.126720 0.067702 0.286564
0.129110 0.063343 0.288505
0.128845 0.063517 0.290962
0.126546 0.067281 0.290955
0.126780 0.066609 0.292808
0.129127 0.063373 0.289660
0.127679 0.070573 0.288325
0.129447 0.063248 0.287575
0.127956 0.065539 0.285641
0.127432 0.065481 0.291642
0.127962 0.065317 0.287338
0.127936 0.072070 0.286419
0.126781 0.071765 0.288307
0.127750 0.065933 0.286570
0.128087 0.072098 0.285563
0.126781 0.069224 0.288238
0.128043 0.070130 0.283716
0.127239 0.066962 0.284973
0.126409 0.071210 0.288128
0.126654 0.071350 0.287103
0.126524 0.067391 0.287981
0.128401 0.062938 0.290778
0.126173 0.067856 0.290418
0.127892 0.064935 0.289840
0.127006 0.068104 0.285128
0.127357 0.065621 0.291482
0.128289 0.064512 0.288747
0.129554 0.062454 0.288867
0.126727 0.066607 0.289348
0.126281 0.065148 0.292496
0.127183 0.064861 0.292590
0.128954 0.063856 0.290250
0.127488 0.069739 0.287125
0.127124 0.069294 0.287720
0.127788 0.071937 0.286004
0.127142 0.066070 0.291674
0.126466 0.064705 0.285867
0.128869 0.073187 0.288212
0.127271 0.065760 0.291956
0.127429 0.070090 0.288870
0.127062 0.067907 0.285319
0.127128 0.071225 0.282935
0.126769 0.067151 0.287314
0.126338 0.068649 0.288418
0.126208 0.070834 0.286660
0.127295 0.065631 0.289010
0.126427 0.067357 0.290164
0.128574 0.064674 0.287736
0.128491 0.065134 0.285124
0.126074 0.070437 0.286795
0.127026 0.066668 0.287819
0.126279 0.067629 0.290467
0.128845 0.064212 0.288030
0.126741 0.066933 0.288332
0.125560 0.066962 0.294175
0.127751 0.064770 0.290403
0.128586 0.072453 0.286116
0.127483 0.069691 0.283530
0.126784 0.066703 0.290621
0.128050 0.072183 0.285302
0.127562 0.065363 0.292526
0.126143 0.070705 0.285732
0.127165 0.065975 0.292079
0.128576 0.064319 0.288340
0.127249 0.068645 0.283462
0.125918 0.070559 0.285567
0.129252 0.064016 0.287087
0.127036 0.066155 0.292948
0.126271 0.070731 0.283869
0.126438 0.068348 0.288350
0.126281 0.067801 0.289831
0.127237 0.062960 0.288117
0.126441 0.067525 0.289572
0.126490 0.067611 0.288067
0.129521 0.062889 0.287831
0.127556 0.071754 0.285159
0.126291 0.067576 0.292804
0.127563 0.066128 0.284717
0.126865 0.066124 0.293647
0.127557 0.071722 0.285453
0.126729 0.070975 0.284087
0.127131 0.071421 0.285903
0.126170 0.065567 0.292862
0.127500 0.069712 0.282916
0.127282 0.066380 0.287873
0.126473 0.067028 0.292056
0.126667 0.064838 0.292439
0.127826 0.065101 0.291434
0.129007 0.063875 0.290059
0.127139 0.068941 0.284616
0.128895 0.063936 0.288353
0.127021 0.066758 0.286927
0.126716 0.067141 0.287728
0.128828 0.063957 0.289637
0.127569 0.065667 0.288279
0.127073 0.066377 0.288236
0.129998 0.062016 0.289622
0.126586 0.067090 0.290603
0.126324 0.065104 0.284772
0.126574 0.067535 0.287510
0.129227 0.063322 0.288071
0.127538 0.071720 0.285682
0.127496 0.069768 0.282761
0.127054 0.068960 0.284231
0.129232 0.063212 0.287975
0.128279 0.064650 0.289132
0.128431 0.072697 0.287567
0.127281 0.065755 0.290477
0.127396 0.065911 0.287184
0.129158 0.064549 0.286887
0.125609 0.069444 0.287610
0.126970 0.071318 0.284790
0.127834 0.066861 0.282986
0.126465 0.067383 0.292971
0.126124 0.070151 0.288238
0.129855 0.062024 0.289198
0.128779 0.072720 0.287074
0.125835 0.068204 0.290169
0.125415 0.068487 0.286651
0.127058 0.072219 0.289684
0.126148 0.070427 0.287078
0.129452 0.064521 0.286145
0.127445 0.066177 0.284851
0.127664 0.070486 0.288138
0.127351 0.065718 0.287993
0.127772 0.070797 0.288151
0.125196 0.066475 0.292178
0.126818 0.066419 0.289846
0.129219 0.064792 0.286108
0.125876 0.068201 0.291421
0.125413 0.067736 0.292596
0.125929 0.070476 0.286214
0.126134 0.069838 0.288388
0.125697 0.066533 0.290097
0.126981 0.071098 0.283093
0.126557 0.067792 0.286944
0.127804 0.064861 0.292103
0.127634 0.065190 0.289589
0.126694 0.066904 0.289649
0.126697 0.070906 0.290820
0.126362 0.067638 0.292214
0.127456 0.065858 0.287050
0.129079 0.062986 0.290194
0.125941 0.070160 0.287356
0.127391 0.065763 0.288622
0.125989 0.068026 0.290964
0.127843 0.065815 0.286722
0.128877 0.072816 0.287410
0.125606 0.067794 0.292760
0.127167 0.067620 0.283931
0.128154 0.061618 0.288649
0.127408 0.065385 0.289488
0.126516 0.071212 0.286946
0.127978 0.070990 0.287996
0.127291 0.068079 0.283791
0.126580 0.066945 0.293904
0.129345 0.062321 0.289946
0.127276 0.069955 0.288868
0.126201 0.070549 0.287866
0.127275 0.066028 0.288793
0.126907 0.066362 0.292186
0.125833 0.070503 0.282913
0.126453 0.071021 0.282018
0.127786 0.069748 0.286695
0.125979 0.068061 0.290334
0.128175 0.065332 0.284907
0.127793 0.072345 0.286889
0.127491 0.066826 0.283976
0.128183 0.065442 0.284463
0.126277 0.068947 0.288491
0.126430 0.067956 0.288208
0.125911 0.068236 0.291614
0.125635 0.067131 0.294200
0.127417 0.065549 0.292789
0.127515 0.063185 0.290330
0.127690 0.072755 0.288307
0.129069 0.063310 0.288788
0.126457 0.071289 0.289710
0.129081 0.063132 0.290344
0.127414 0.071634 0.284224
0.126900 0.067591 0.286366
0.127767 0.065743 0.285374
0.126580 0.065841 0.293521
0.126687 0.066846 0.289114
0.125535 0.069080 0.288194
0.127447 0.069752 0.282541
0.127363 0.072623 0.289596
0.128945 0.063066 0.290628
0.126806 0.066584 0.292443
0.129039 0.072797 0.286997
0.127420 0.069533 0.287842
0.127191 0.071981 0.287958
0.127200 0.072201 0.288717
0.126943 0.068713 0.286132
0.127505 0.066103 0.284931
0.127021 0.068786 0.285007
0.126594 0.070576 0.289663
0.127448 0.072367 0.288017
0.128343 0.064531 0.291250
0.127945 0.064317 0.291825
0.127324 0.072173 0.288072
0.129177 0.063229 0.289113
0.128563 0.065016 0.284998
0.125495 0.069262 0.284538
0.127121 0.068519 0.284370
0.126684 0.071827 0.289081
0.128651 0.064658 0.287342
0.127286 0.068188 0.283564
0.127508 0.069732 0.284298
0.126687 0.071413 0.290082
0.126106 0.070656 0.285431
0.129485 0.062557 0.288742
0.127963 0.069845 0.284722
0.126933 0.064115 0.291057
0.128244 0.064522 0.288897
0.128779 0.064018 0.288442
0.127406 0.072079 0.287370
0.126988 0.070567 0.290659
0.127489 0.069745 0.287333
0.127990 0.066190 0.283485
0.125132 0.067774 0.291387
0.126475 0.067117 0.293997
0.126803 0.071628 0.290742
0.125125 0.067864 0.291902
0.127462 0.065334 0.288652
0.126903 0.068995 0.287420
0.127409 0.067876 0.282579
0.127956 0.064981 0.289138
0.129302 0.063769 0.287714
0.128850 0.072717 0.286780
0.126464 0.067970 0.287345
0.127668 0.064777 0.292226
0.126419 0.068198 0.287754
0.125203 0.067143 0.292621
0.129312 0.063937 0.286946
0.127358 0.065599 0.289292
0.127741 0.066105 0.284317
0.127097 0.071281 0.283676
0.126656 0.070994 0.290408
0.127825 0.065183 0.288197
0.127069 0.066020 0.291027
0.125230 0.066832 0.292856
0.128164 0.065339 0.286832
0.127151 0.069159 0.286714
0.128183 0.064788 0.289121
0.128770 0.062503 0.290359
0.125389 0.067617 0.289553
0.127625 0.070626 0.288571
0.127701 0.065965 0.285916
0.127581 0.070760 0.290021
0.126980 0.063910 0.290239
0.127648 0.070915 0.291171
0.127033 0.069218 0.284106
0.126557 0.067107 0.292517
0.126690 0.070976 0.284549
0.128219 0.065304 0.287075
0.126799 0.067185 0.287024
0.127606 0.069760 0.286905
0.127285 0.069292 0.283342
0.126245 0.070763 0.285964
0.127234 0.068361 0.283247
0.127266 0.067977 0.283658
0.127602 0.070767 0.290289
0.126391 0.070758 0.288998
0.128347 0.065293 0.284591
0.128295 0.072284 0.286232
0.127215 0.071817 0.287030
0.126910 0.071952 0.288470
0.126434 0.067893 0.288417
0.128769 0.072727 0.287282
0.127571 0.066071 0.286031
0.127230 0.071620 0.286399
0.127321 0.070623 0.290857
0.127251 0.068265 0.283774
0.126767 0.068609 0.286528
0.127565 0.066267 0.285441
0.126783 0.071303 0.286675
0.128237 0.062287 0.290013
0.129517 0.062596 0.288304
0.127402 0.063631 0.290907
0.127675 0.066083 0.285783
0.127489 0.072633 0.288505
0.126687 0.068180 0.286184
0.126511 0.067373 0.288917
0.126287 0.070347 0.288770
0.129991 0.062022 0.289395
0.129264 0.063085 0.289455
0.129123 0.063573 0.289792
0.128620 0.064259 0.289736
0.128300 0.061942 0.289675
0.128269 0.064646 0.289929
0.128987 0.063484 0.288783
0.127902 0.065686 0.284310
0.128880 0.063762 0.290808
0.126226 0.066329 0.282492
0.128168 0.072440 0.286829
0.127403 0.069585 0.284043
0.125644 0.070105 0.284363
0.129121 0.063359 0.289363
0.127111 0.069250 0.284340
0.125478 0.069684 0.286242
0.127607 0.071798 0.284924
0.127814 0.064861 0.288407
0.125794 0.070381 0.284883
0.126544 0.071384 0.289738
0.126475 0.070904 0.285914
0.126761 0.071552 0.290499
0.126913 0.066356 0.292271
0.127962 0.071002 0.290727
0.127721 0.065030 0.288883
0.125898 0.068734 0.289037
0.126705 0.071747 0.289668
0.126481 0.067378 0.291046
0.126949 0.066352 0.293474
0.126367 0.067902 0.288866
0.126797 0.066485 0.289768
0.125289 0.066807 0.291461
0.128465 0.064794 0.287738
0.127288 0.065995 0.289544
0.126975 0.066602 0.290276
0.129355 0.064188 0.286692
0.126239 0.070628 0.284970
0.126693 0.071546 0.287682
0.127401 0.071681 0.284455
0.128136 0.063484 0.291315
0.128086 0.065466 0.286242
0.126630 0.071132 0.286302
0.125666 0.065598 0.292664
0.126652 0.071098 0.290759
0.126656 0.070893 0.290616
0.129088 0.073155 0.287722
0.127078 0.068083 0.284447
0.127447 0.065514 0.287690
0.126582 0.066909 0.291384
0.129083 0.062495 0.290159
0.128105 0.072551 0.287157
0.126409 0.070897 0.288802
0.127660 0.065188 0.290255
0.127334 0.069431 0.287605
0.127725 0.070652 0.288066
0.125539 0.065659 0.292348
0.126168 0.067952 0.291355
0.127041 0.066090 0.292368
0.128821 0.064990 0.285817
0.126393 0.068490 0.287475
0.127090 0.071539 0.286490
0.128955 0.064321 0.287752
0.127615 0.065413 0.290985
0.126407 0.068143 0.287996
0.128462 0.064303 0.289310
0.126900 0.071240 0.285097
0.125908 0.070402 0.281969
0.127029 0.068891 0.286323
0.127874 0.066268 0.283699
0.127340 0.065904 0.288684
0.125946 0.069805 0.287746
0.129342 0.062913 0.288302
0.127648 0.065200 0.292209
0.127363 0.066184 0.286911
0.129036 0.062168 0.290094
0.128851 0.064057 0.288217
0.128080 0.065190 0.287707
0.126831 0.066614 0.289091
0.127653 0.070303 0.287962
0.127298 0.071522 0.285651
0.125482 0.067816 0.287714
0.128157 0.072224 0.286466
0.127115 0.064723 0.292451
0.127000 0.070461 0.290125
0.126551 0.066956 0.291885
0.126987 0.071551 0.286736
0.127270 0.066560 0.285716
0.126318 0.068465 0.288732
0.125619 0.068063 0.290512
0.127566 0.064664 0.292167
0.126058 0.065824 0.293020
0.128930 0.063600 0.290683
0.127770 0.070960 0.289239
0.126544 0.068352 0.287128
0.128111 0.071448 0.289067
0.127691 0.070957 0.288596
0.127099 0.068080 0.284871
0.130035 0.062012 0.289504
0.125708 0.068162 0.290304
0.127000 0.066118 0.288619
0.128530 0.072464 0.286390
0.128715 0.064329 0.287999
0.128167 0.064670 0.288229
0.127279 0.067811 0.282343
0.127473 0.065569 0.287528
0.126865 0.066705 0.288743
0.125790 0.066089 0.293231
0.127005 0.072118 0.289540
0.128410 0.064369 0.290765
0.127890 0.065013 0.289617
0.126823 0.071609 0.290902
0.127540 0.070594 0.289837
0.127550 0.066806 0.283757
0.127007 0.066438 0.288386
0.128458 0.063573 0.291439
0.128194 0.064585 0.288831
0.127351 0.066832 0.284754
0.126583 0.067306 0.288703
0.126454 0.068662 0.287486
0.127391 0.072649 0.289474
0.126804 0.066735 0.293297
0.128115 0.065452 0.285043
0.127437 0.065756 0.288077
0.125781 0.069853 0.287353
0.126972 0.068556 0.285557
0.127459 0.066397 0.285702
0.127541 0.070735 0.290678
0.126620 0.070954 0.283677
0.127001 0.066232 0.292142
0.126251 0.070880 0.282882
0.127950 0.065595 0.285438
0.127001 0.066651 0.287643
0.127539 0.069914 0.287221
0.126240 0.065920 0.293613
0.127750 0.065333 0.288274
0.129449 0.064193 0.286484
0.127823 0.071939 0.284899
0.128092 0.065505 0.285291
0.126504 0.071639 0.288590
0.128531 0.073170 0.288163
0.129416 0.062683 0.288567
0.127352 0.067390 0.283505
0.126370 0.068395 0.287854
0.128603 0.065073 0.284676
0.127617 0.072938 0.289022
0.127263 0.069001 0.285983
0.126943 0.069093 0.287626
0.127456 0.065611 0.292547
0.127969 0.073119 0.288786
0.127202 0.071466 0.285381
0.126418 0.070733 0.284916
0.127366 0.069050 0.285691
0.126751 0.067021 0.288012
0.127238 0.068917 0.283309
0.126255 0.070846 0.286515
0.127748 0.072607 0.287899
0.127153 0.067644 0.285485
0.128420 0.064483 0.288474
0.127403 0.069179 0.286167
0.126765 0.070685 0.290643
0.127410 0.069556 0.283371
0.125969 0.066148 0.293830
0.127597 0.072836 0.288639
0.128605 0.065124 0.286472
0.125440 0.068205 0.290156
0.128914 0.065023 0.286016
0.127683 0.065515 0.288297
0.127262 0.071542 0.285936
0.129374 0.063341 0.287164
0.128028 0.072998 0.288238
0.128715 0.061386 0.289271
0.126609 0.066988 0.289228
0.129081 0.073028 0.287436
0.127229 0.068690 0.283311
0.127647 0.064234 0.291806
0.126911 0.068539 0.285847
0.128020 0.066806 0.282575
0.127189 0.071456 0.284415
0.127984 0.072079 0.285019
0.125136 0.068032 0.291802
0.129286 0.063071 0.289288
0.126885 0.070733 0.290894
0.126438 0.067712 0.288314
0.127162 0.066014 0.290211
0.127270 0.072490 0.290026
0.127066 0.066545 0.287046
0.126888 0.071734 0.291130
0.126499 0.071600 0.288968
0.127522 0.066202 0.286299
0.126450 0.065263 0.292788
0.126089 0.070802 0.282017
0.125863 0.068170 0.292022
0.126753 0.071472 0.290911
0.126510 0.071143 0.289964
0.129334 0.063909 0.286780
0.128153 0.072140 0.285728
0.128162 0.064760 0.287986
0.127029 0.065890 0.293325
0.129295 0.063539 0.286994
0.126106 0.070406 0.286684
0.127516 0.065292 0.289941
0.128106 0.065889 0.283518
0.126027 0.068564 0.289133
0.127239 0.066383 0.287662
0.129289 0.062620 0.289912
0.129646 0.061981 0.289876
0.127831 0.065720 0.285950
0.127683 0.070634 0.289435
0.127418 0.066470 0.284975
0.126343 0.067592 0.292544
0.126740 0.071551 0.290265
0.129286 0.063795 0.287024
0.126541 0.067224 0.288244
0.128476 0.064240 0.291560
0.126672 0.071130 0.290621
0.128897 0.064951 0.286523
0.125373 0.067562 0.292876
0.127253 0.069440 0.284444
0.127234 0.067401 0.285514
0.127110 0.066104 0.291980
0.126988 0.066232 0.290411
0.126429 0.068695 0.288005
0.125667 0.068146 0.291248
0.127373 0.072591 0.288836
0.126850 0.071991 0.288962
0.126141 0.067731 0.292641
0.127568 0.070311 0.288266
0.125550 0.065742 0.292782
0.127800 0.070864 0.289565
0.127592 0.066089 0.286222
0.127504 0.065417 0.291766
0.127209 0.069138 0.283097
0.127231 0.069062 0.283368
0.127385 0.067455 0.282230
0.127733 0.064701 0.292077
0.127360 0.066032 0.287373
0.127685 0.065021 0.288771
0.126944 0.071195 0.283304
0.128756 0.065164 0.286171
0.127709 0.069438 0.285201
0.126329 0.070818 0.283662
0.126861 0.067535 0.286553
0.127345 0.067929 0.283337
0.126759 0.067312 0.286917
0.126243 0.070959 0.288168
0.127483 0.063055 0.289840
0.128553 0.064315 0.291028
0.127449 0.065355 0.289824
0.126742 0.066439 0.293873
0.126197 0.070631 0.286494
0.126351 0.068084 0.288766
0.127686 0.065893 0.284900
0.125998 0.070253 0.287503
0.127451 0.070580 0.290030
0.127344 0.066273 0.287749
0.126905 0.070909 0.291110
0.126736 0.066891 0.290420
0.126198 0.070724 0.288245
0.127893 0.065959 0.283842
0.125850 0.070084 0.287085
0.127258 0.068698 0.282355
0.127324 0.065737 0.289562
0.128412 0.072377 0.286298
0.129292 0.063952 0.287440
0.126957 0.066776 0.287889
0.126205 0.070972 0.282484
0.127278 0.069392 0.283114
0.127721 0.065085 0.292274
0.126904 0.071637 0.287499
0.126705 0.066701 0.292233
0.127159 0.068341 0.284537
0.126402 0.064739 0.291153
0.128284 0.061652 0.289230
0.128458 0.064285 0.288862
0.127504 0.070559 0.288907
0.126514 0.067334 0.289578
0.127340 0.065074 0.292692
0.129150 0.063061 0.290024
0.126858 0.071993 0.288737
0.127130 0.066844 0.286506
0.128476 0.065153 0.285659
0.127239 0.069424 0.284203
0.129347 0.064061 0.286637
0.126390 0.070604 0.289167
0.127695 0.069906 0.283232
0.128232 0.064617 0.291125
0.126356 0.067954 0.289268
0.126389 0.071099 0.287546
0.127258 0.069109 0.284788
0.128147 0.064609 0.290109
0.127913 0.071924 0.285550
0.126868 0.066541 0.293374
0.127257 0.065828 0.290219
0.127100 0.066008 0.293185
0.127392 0.062484 0.287587
0.127173 0.069262 0.287224
0.127567 0.067277 0.282611
0.125620 0.067032 0.289354
0.127120 0.068823 0.284408
0.128469 0.064286 0.290683
0.126313 0.067657 0.290307
0.126940 0.067626 0.286087
0.126673 0.067355 0.287134
0.128624 0.064361 0.288122
0.126780 0.071449 0.291120
0.127234 0.065750 0.289922
0.129160 0.061619 0.289702
0.126335 0.067670 0.290158
0.127228 0.066051 0.289818
0.126344 0.065331 0.287716
0.129536 0.064020 0.286413
0.128744 0.071576 0.289444
0.127389 0.067441 0.283238
0.127770 0.066975 0.282280
0.126193 0.067894 0.292204
0.126671 0.070013 0.289048
0.126745 0.071900 0.288911
0.127717 0.071792 0.285576
0.127620 0.069826 0.283466
0.127290 0.066990 0.284045
0.129519 0.062490 0.289131
0.127340 0.070366 0.289675
0.128862 0.064843 0.286758
0.127288 0.065932 0.289285
0.126514 0.070379 0.289284
0.126873 0.066458 0.290690
0.126729 0.071698 0.288084
0.127355 0.066649 0.285008
0.127843 0.071845 0.285657
0.126678 0.066862 0.292586
0.125512 0.066534 0.293632
0.128045 0.064750 0.291714
0.126536 0.071349 0.287668
0.127433 0.070232 0.289280
0.126572 0.065013 0.292628
0.127455 0.071664 0.283979
0.127570 0.071818 0.284131
0.127297 0.070223 0.289434
0.127346 0.065986 0.287782
0.127155 0.065883 0.290688
0.129255 0.064663 0.285788
0.127203 0.066290 0.288108
0.125500 0.068310 0.285075
0.128100 0.064739 0.291102
0.127041 0.066261 0.288674
0.127187 0.064032 0.291371
0.127365 0.066346 0.286593
0.127289 0.071501 0.284059
0.128391 0.064274 0.291707
0.129229 0.064281 0.286918
0.128518 0.064981 0.287176
0.126896 0.066736 0.290173
0.127791 0.065057 0.289122
0.128738 0.064074 0.290259
0.127302 0.066399 0.286743
0.126044 0.070803 0.282766
0.127709 0.066508 0.283782
0.126271 0.067158 0.294136
0.127519 0.069909 0.282404
0.127376 0.072218 0.288231
0.129581 0.062663 0.287999
0.127268 0.070484 0.290102
0.126993 0.069044 0.287095
0.126477 0.067494 0.289149
0.125731 0.068995 0.288628
0.128774 0.063969 0.290796
0.128600 0.064038 0.291487
0.127140 0.071314 0.283445
0.127754 0.064932 0.292238
0.126894 0.066509 0.289274
0.127209 0.068606 0.283573
0.128528 0.064387 0.290029
0.128242 0.072434 0.286681
0.127373 0.067230 0.283531
0.126132 0.070706 0.283708
0.127286 0.065702 0.290045
