0.061605 0.087567 0.231742
0.067706 0.085844 0.226717
0.066158 0.086388 0.228028
0.065177 0.086356 0.229599
0.062307 0.087657 0.236845
0.066005 0.085917 0.235376
0.059558 0.087760 0.231047
0.069357 0.081826 0.232016
0.066335 0.085724 0.233874
0.067689 0.085448 0.229486
0.062087 0.087045 0.227652
0.068003 0.085298 0.229523
0.062881 0.087890 0.235350
0.067747 0.085193 0.230140
0.062378 0.087891 0.234442
0.065141 0.086447 0.228302
0.061264 0.088426 0.236382
0.065439 0.086080 0.230807
0.061379 0.086987 0.227818
0.069201 0.082734 0.230914
0.068156 0.084464 0.233755
0.068526 0.085039 0.229396
0.066065 0.086260 0.228736
0.068057 0.084594 0.233504
0.061696 0.088005 0.234560
0.060667 0.088433 0.234093
0.064872 0.086342 0.229181
0.064731 0.086840 0.225464
0.067115 0.085195 0.232910
0.069710 0.082168 0.234233
0.061852 0.087583 0.232014
0.061656 0.088096 0.236691
0.070097 0.082989 0.234990
0.060034 0.088777 0.234450
0.064761 0.086657 0.233877
0.067654 0.084439 0.236427
0.068773 0.083955 0.234186
0.064705 0.086650 0.236843
0.064935 0.086815 0.225627
0.067311 0.086132 0.227159
0.068252 0.085235 0.229399
0.066656 0.086311 0.227247
0.065622 0.085997 0.232868
0.066576 0.085502 0.235748
0.062242 0.084986 0.228937
0.070087 0.083050 0.234499
0.064924 0.086200 0.230164
0.070051 0.083099 0.232961
0.064053 0.086601 0.237081
0.061983 0.087650 0.232347
0.063664 0.086458 0.229770
0.064712 0.086526 0.227933
0.068164 0.085479 0.228607
0.062165 0.087907 0.234118
0.065617 0.086020 0.232419
0.066008 0.085742 0.236471
0.068712 0.084029 0.234508
0.064146 0.086688 0.232571
0.068094 0.084039 0.236358
0.060570 0.086834 0.228147
0.061496 0.086830 0.229054
0.063081 0.086724 0.228563
0.069320 0.083525 0.235145
0.067774 0.084628 0.235118
0.063187 0.087703 0.235959
0.063183 0.087480 0.236727
0.062697 0.087138 0.227025
0.062862 0.086593 0.229994
0.066095 0.085619 0.236430
0.061636 0.088344 0.236006
0.065097 0.086294 0.232861
0.059749 0.087266 0.229664
0.059815 0.087032 0.228782
0.067661 0.085209 0.230363
0.066655 0.085556 0.233471
0.064257 0.086462 0.231825
0.063128 0.086576 0.236871
0.063418 0.087580 0.236050
0.067487 0.084962 0.232772
0.060583 0.087261 0.230180
0.059603 0.088125 0.232018
0.066983 0.086139 0.227758
0.065144 0.086499 0.227450
0.069983 0.083214 0.232851
0.060765 0.087101 0.229682
0.062832 0.087744 0.234135
0.060308 0.087273 0.230033
0.063408 0.087585 0.234545
0.064244 0.086858 0.233406
0.065771 0.086439 0.227449
0.068807 0.083941 0.235386
0.066170 0.086370 0.228205
0.066880 0.084864 0.236701
0.063814 0.087045 0.236838
0.068135 0.084510 0.233270
0.063262 0.086725 0.230847
0.067334 0.085040 0.234647
0.063744 0.086898 0.237006
0.068087 0.085638 0.227900
0.064917 0.086462 0.228117
0.065137 0.086569 0.227244
0.059792 0.087990 0.231724
0.068754 0.084351 0.231533
0.061573 0.087646 0.231977
0.066185 0.085883 0.230590
0.060623 0.086952 0.229078
0.064182 0.086442 0.229958
0.063954 0.086864 0.226356
0.066707 0.085582 0.230866
0.064036 0.086807 0.226511
0.065159 0.086383 0.236191
0.063876 0.087445 0.235385
0.062534 0.087232 0.231863
0.067368 0.085090 0.231965
0.068233 0.084766 0.230686
0.064245 0.086282 0.230353
0.069084 0.083724 0.235192
0.068486 0.085189 0.228936
0.059896 0.088308 0.232572
0.064544 0.086901 0.234419
0.063659 0.087493 0.235708
0.069888 0.083176 0.235057
0.069169 0.084131 0.230741
0.069849 0.083400 0.232023
0.065846 0.086469 0.227191
0.062128 0.087846 0.233661
0.060074 0.087950 0.231726
0.067618 0.085660 0.229096
0.065592 0.086022 0.231207
0.062137 0.088099 0.235265
0.065021 0.086547 0.236512
0.062317 0.086670 0.228673
0.063657 0.086798 0.231953
0.069977 0.083117 0.233216
0.062427 0.087781 0.233690
0.066277 0.086376 0.227555
0.063590 0.087280 0.233813
0.067566 0.084733 0.236067
0.068880 0.084414 0.229791
0.065188 0.086421 0.233422
0.064107 0.087298 0.235169
0.063842 0.086372 0.230203
0.066057 0.085916 0.230808
0.064092 0.086562 0.229510
0.066626 0.085498 0.231622
0.063317 0.087043 0.226347
0.062724 0.087383 0.232651
0.065771 0.086539 0.226596
0.065973 0.086651 0.225783
0.067437 0.084654 0.236173
0.062501 0.087235 0.231731
0.063982 0.086353 0.230407
0.068985 0.084342 0.230356
0.062188 0.087967 0.234379
0.070061 0.083073 0.234734
0.062381 0.088004 0.235921
0.069281 0.083492 0.235827
0.067626 0.084719 0.235043
0.060988 0.088298 0.236656
0.061829 0.088251 0.235574
0.061775 0.087797 0.232791
0.062877 0.086724 0.228643
0.069326 0.083934 0.231377
0.067816 0.084493 0.236270
0.066140 0.086571 0.226382
0.066705 0.086349 0.227106
0.062162 0.087151 0.230849
0.061506 0.087918 0.232848
0.068946 0.084404 0.230181
0.066488 0.085505 0.236298
0.063108 0.087133 0.232310
0.060531 0.088482 0.233836
0.065938 0.085848 0.236190
0.062058 0.087656 0.232527
0.059903 0.088473 0.233031
0.064561 0.086964 0.236183
0.066519 0.085888 0.229633
0.068343 0.085030 0.229812
0.063064 0.087473 0.233412
0.062695 0.087310 0.236972
0.061644 0.087977 0.233763
0.066322 0.085880 0.230426
0.064433 0.086723 0.227010
0.062705 0.086603 0.229689
0.065906 0.085984 0.234361
0.059649 0.088208 0.232226
0.067088 0.085889 0.229108
0.066683 0.086189 0.227936
0.059739 0.087599 0.230727
0.068146 0.084829 0.230761
0.063120 0.086640 0.229348
0.063235 0.086520 0.229746
0.064639 0.086560 0.228436
0.064035 0.086682 0.227794
0.063078 0.087657 0.236557
0.066620 0.086485 0.225835
0.060218 0.088791 0.236196
0.066690 0.085437 0.235454
0.061699 0.087886 0.233326
0.065108 0.086453 0.233937
0.062663 0.087958 0.235386
0.061377 0.086786 0.228753
0.064405 0.086281 0.230806
0.068192 0.084483 0.233504
0.061321 0.087544 0.231561
0.064601 0.086421 0.232149
0.061212 0.087224 0.230440
0.061525 0.088327 0.235406
0.062057 0.086927 0.230198
0.059722 0.087109 0.229287
0.063722 0.087237 0.233736
0.063696 0.087153 0.236705
0.068659 0.084455 0.231191
0.069474 0.083367 0.235681
0.067080 0.085139 0.235667
0.062602 0.087520 0.232847
0.063694 0.087488 0.234987
0.066459 0.085591 0.231872
0.068307 0.084369 0.232644
0.067740 0.085854 0.227737
0.065573 0.086132 0.236314
0.060492 0.088530 0.236529
0.063924 0.087298 0.235990
0.067474 0.085218 0.230494
0.062329 0.088011 0.236090
0.063279 0.086581 0.230359
0.066411 0.085698 0.231201
0.068143 0.084763 0.231331
0.066662 0.085249 0.236617
0.066437 0.085458 0.236570
0.060899 0.087391 0.230697
0.064769 0.086709 0.226620
0.068813 0.084279 0.231727
0.068711 0.083948 0.235800
0.060745 0.088287 0.233935
0.059983 0.088355 0.232729
0.067359 0.085514 0.229964
0.066648 0.085466 0.235274
0.067455 0.086041 0.227397
0.061742 0.086804 0.229307
0.067163 0.085322 0.231016
0.066572 0.086025 0.229251
0.062443 0.087414 0.232220
0.066540 0.085603 0.233888
0.061401 0.087989 0.233377
0.064500 0.086986 0.235928
0.062723 0.086761 0.228543
0.060720 0.086889 0.228912
0.065476 0.086512 0.227312
0.066448 0.086515 0.226121
0.063950 0.087330 0.235701
0.069730 0.083467 0.231700
0.061824 0.087884 0.233132
0.067441 0.086053 0.226344
0.067231 0.086117 0.227556
0.064871 0.086500 0.228725
0.063819 0.087337 0.236416
0.069288 0.083920 0.231706
0.066521 0.085785 0.230316
0.069616 0.083314 0.234582
0.067973 0.084671 0.232538
0.062239 0.087073 0.230745
0.066408 0.086513 0.226425
0.063059 0.087210 0.236963
0.067824 0.085628 0.228859
0.063735 0.086583 0.231168
0.067519 0.084816 0.235842
0.065521 0.086228 0.234473
0.064238 0.086951 0.226083
0.066191 0.086277 0.228573
0.065096 0.086437 0.228843
0.060980 0.088347 0.234958
0.068143 0.084379 0.235639
0.067735 0.084798 0.233251
0.067456 0.085124 0.230816
0.060984 0.088024 0.232593
0.067512 0.084855 0.235073
0.066245 0.084154 0.229083
0.066958 0.085254 0.235472
0.059852 0.087042 0.229008
0.060963 0.087207 0.230220
0.064993 0.086238 0.229926
0.067057 0.085278 0.231749
0.068104 0.085184 0.229683
0.068695 0.084196 0.232822
0.061454 0.087595 0.231749
0.067758 0.085840 0.227424
0.068406 0.084591 0.231363
0.064727 0.086552 0.227740
0.065269 0.086022 0.231470
0.065622 0.086763 0.225298
0.064103 0.087214 0.235864
0.059647 0.087608 0.230687
0.066852 0.085763 0.229491
0.061727 0.087010 0.227566
0.068856 0.084534 0.229979
0.061333 0.088148 0.234458
0.061575 0.086876 0.229536
0.064825 0.086157 0.230951
0.062576 0.086640 0.229885
0.067319 0.085232 0.231171
0.064752 0.086280 0.231756
0.065323 0.086072 0.232157
0.067390 0.085873 0.228555
0.060552 0.088644 0.235112
0.066253 0.085733 0.235289
0.069419 0.083402 0.234319
0.061012 0.088571 0.235941
0.067330 0.084943 0.236060
0.065780 0.086104 0.235432
0.061517 0.088347 0.236430
0.065360 0.086145 0.232749
0.065229 0.086616 0.226995
0.060909 0.088115 0.232838
0.062041 0.087715 0.232749
0.061785 0.087061 0.230417
0.064328 0.086594 0.228780
0.066001 0.086143 0.229559
0.062517 0.086913 0.230621
0.065022 0.086579 0.235872
0.065631 0.086119 0.233320
0.068802 0.084161 0.232410
0.063145 0.086985 0.227092
0.064857 0.086494 0.233038
0.067533 0.085936 0.228017
0.063951 0.086834 0.226680
0.065175 0.086055 0.231281
0.066814 0.085346 0.232060
0.060723 0.088231 0.233469
0.065345 0.086196 0.230396
0.059524 0.087466 0.230290
0.068510 0.084237 0.232697
0.065885 0.086573 0.226475
0.064809 0.086377 0.232450
0.064912 0.086588 0.233944
0.067257 0.085100 0.234126
0.062896 0.087052 0.226982
0.067745 0.084586 0.234961
0.068925 0.083880 0.234512
0.067880 0.084593 0.235413
0.065636 0.086142 0.235670
0.068326 0.084771 0.230501
0.066864 0.085670 0.230103
0.065521 0.086005 0.231335
0.069307 0.081921 0.231436
0.066744 0.085435 0.231408
0.064929 0.086335 0.229709
0.067317 0.085243 0.230825
0.064068 0.086890 0.236906
0.061344 0.087477 0.231314
0.063261 0.086715 0.228561
0.064053 0.087021 0.233538
0.068163 0.085590 0.228032
0.066500 0.085564 0.235298
0.065534 0.086631 0.226487
0.068471 0.084324 0.233006
0.064277 0.086994 0.233965
0.060045 0.088139 0.232164
0.068002 0.084812 0.231249
0.063479 0.087342 0.233718
0.066925 0.085409 0.231293
0.062457 0.086891 0.236889
0.063580 0.087326 0.233909
0.065151 0.086461 0.234432
0.067985 0.084819 0.231573
0.064961 0.086643 0.235659
0.064734 0.086699 0.236730
0.066600 0.085034 0.236745
0.063709 0.086731 0.227581
0.068367 0.084444 0.232108
0.067859 0.084595 0.235535
0.060728 0.087497 0.230920
0.062952 0.087025 0.231601
0.063217 0.086634 0.228855
0.065170 0.086522 0.227908
0.063811 0.086649 0.231609
0.066227 0.086571 0.226239
0.066385 0.085628 0.232723
0.067152 0.086098 0.227897
0.064591 0.086224 0.230805
0.067131 0.084626 0.236646
0.062987 0.084843 0.226951
0.063640 0.087134 0.236821
0.067478 0.086008 0.227700
0.061517 0.088092 0.234495
0.063795 0.086722 0.227413
0.062636 0.087271 0.232071
0.065291 0.086433 0.234846
0.062139 0.087170 0.230877
0.067414 0.084858 0.235730
0.065838 0.086239 0.229237
0.062294 0.086657 0.229211
0.060480 0.088549 0.234257
0.065452 0.086725 0.225887
0.067036 0.084902 0.236583
0.060175 0.087135 0.229585
0.066163 0.085716 0.235542
0.067762 0.085513 0.226941
0.063005 0.087564 0.233664
0.065399 0.086863 0.224917
0.069112 0.081729 0.231846
0.064103 0.086869 0.233129
0.065418 0.086318 0.235703
0.059611 0.087258 0.229627
0.060466 0.086991 0.229041
0.069523 0.083320 0.233879
0.066246 0.085712 0.232495
0.063559 0.087141 0.233139
0.065872 0.086485 0.228203
0.065029 0.086517 0.236665
0.059723 0.087207 0.229506
0.067305 0.085870 0.228892
0.068917 0.083896 0.233573
0.065536 0.086202 0.233558
0.069087 0.083676 0.235672
0.065258 0.086529 0.235299
0.060168 0.088507 0.236636
0.066688 0.085408 0.236060
0.067631 0.085563 0.229324
0.069154 0.083888 0.232656
0.064378 0.086947 0.225867
0.069923 0.083202 0.231944
0.064484 0.086834 0.233857
0.061629 0.086807 0.228313
0.062476 0.087171 0.227110
0.067765 0.084642 0.234816
0.060189 0.087446 0.230468
0.066872 0.085081 0.236594
0.063319 0.087339 0.233412
0.066527 0.086283 0.227528
0.067573 0.084896 0.232931
0.061166 0.087331 0.230693
0.064276 0.086408 0.231551
0.064472 0.086760 0.233557
0.068062 0.084512 0.233971
0.066265 0.085737 0.231320
0.065259 0.086379 0.234293
0.064576 0.086313 0.231637
0.063047 0.086750 0.230759
0.064086 0.087001 0.225987
0.068719 0.084746 0.229474
0.061307 0.086765 0.228494
0.061197 0.088487 0.235723
0.063773 0.087273 0.234028
0.062887 0.086856 0.230950
0.064893 0.086716 0.226421
0.064007 0.086394 0.230748
0.064427 0.086756 0.233346
0.066324 0.086257 0.228441
0.063954 0.086778 0.227203
0.065380 0.086105 0.232425
0.064893 0.086588 0.236770
0.064997 0.086517 0.227965
0.067412 0.084631 0.236472
0.059773 0.087312 0.229908
0.069848 0.083211 0.234753
0.064900 0.086544 0.227847
0.065775 0.086359 0.228692
0.060759 0.088575 0.235164
0.069640 0.083332 0.234855
0.070095 0.083033 0.232483
0.061374 0.088179 0.234803
0.068685 0.083981 0.233614
0.063307 0.087639 0.236137
0.060413 0.088188 0.232567
0.065189 0.086761 0.225983
0.065993 0.086331 0.228570
0.062016 0.087175 0.230854
0.064755 0.086684 0.234141
0.063834 0.086659 0.229022
0.067058 0.085964 0.228934
0.066771 0.085426 0.234178
0.059482 0.087074 0.229080
0.065889 0.086443 0.227810
0.060984 0.086763 0.228453
0.067010 0.085309 0.231469
0.069753 0.083483 0.231832
0.061623 0.086949 0.229744
0.065409 0.086497 0.227545
0.065837 0.086090 0.235154
0.064519 0.086958 0.236421
0.064343 0.086621 0.232691
0.068972 0.084068 0.232321
0.069230 0.083803 0.232982
0.068187 0.084636 0.231940
0.063706 0.086681 0.228869
0.063206 0.087699 0.235733
0.067089 0.085794 0.229350
0.060154 0.087071 0.229283
0.068311 0.084622 0.231522
0.069550 0.083401 0.235426
0.059975 0.087501 0.230529
0.065953 0.085885 0.235900
0.061182 0.087123 0.230172
0.064486 0.086390 0.231867
0.064563 0.086406 0.229141
0.064711 0.086387 0.229363
0.063600 0.086947 0.232457
0.062267 0.087756 0.233339
0.066960 0.085287 0.233917
0.065959 0.085486 0.236767
0.060474 0.088722 0.236230
0.061584 0.088371 0.235877
0.066186 0.085987 0.224653
0.063288 0.087292 0.236852
0.066846 0.085362 0.235210
0.064413 0.086377 0.230032
0.067157 0.086176 0.225949
0.064326 0.086640 0.228514
0.065246 0.086359 0.233727
0.065864 0.085789 0.232251
0.064621 0.086727 0.233690
0.062653 0.087592 0.233141
0.061392 0.088026 0.233897
0.068916 0.084080 0.232606
0.065631 0.086483 0.227886
0.064153 0.086625 0.228110
0.064361 0.087112 0.235153
0.066002 0.086417 0.226859
0.061156 0.087542 0.231469
0.060425 0.088623 0.235464
0.064240 0.086328 0.230758
0.064929 0.086186 0.232030
0.066736 0.086413 0.226103
0.063766 0.087318 0.234290
0.063195 0.087010 0.232050
0.067163 0.084377 0.236691
0.069484 0.083662 0.232257
0.067211 0.085098 0.233191
0.063223 0.087712 0.234814
0.063957 0.086752 0.237059
0.063114 0.087695 0.236378
0.060921 0.086721 0.228164
0.062862 0.087276 0.232455
0.066132 0.086217 0.229112
0.068103 0.085588 0.228239
0.065546 0.085440 0.225328
0.069944 0.083043 0.233442
0.068014 0.085409 0.229253
0.062374 0.087363 0.231984
0.069732 0.083496 0.232149
0.070306 0.082774 0.234058
0.062701 0.086730 0.230334
0.068635 0.084957 0.229212
0.067980 0.084860 0.231355
0.068973 0.084315 0.230785
0.069602 0.083324 0.233437
0.066852 0.085378 0.232751
0.066502 0.086434 0.225102
0.062100 0.087407 0.231715
0.064623 0.086968 0.235149
0.068410 0.084228 0.235403
0.065455 0.086301 0.229675
0.064436 0.086638 0.227536
0.067973 0.084607 0.233654
0.060414 0.088745 0.236036
0.060072 0.088759 0.235004
0.067004 0.085254 0.234203
0.064605 0.086629 0.227308
0.067108 0.085539 0.229742
0.060097 0.088231 0.232430
0.063595 0.087574 0.235437
0.068434 0.084209 0.235095
0.059762 0.088730 0.233702
0.065699 0.085910 0.232179
0.065878 0.086469 0.227987
0.063271 0.087255 0.232997
0.068779 0.083852 0.235968
0.068533 0.084427 0.231788
0.060000 0.088797 0.234854
0.061647 0.086980 0.229937
0.068278 0.084303 0.235697
0.060676 0.087473 0.230773
0.068122 0.083775 0.236405
0.069861 0.082919 0.235456
0.067729 0.085077 0.231031
0.066732 0.085444 0.233924
0.068302 0.084209 0.235982
0.063638 0.087345 0.236545
0.065877 0.086308 0.228968
0.061347 0.086996 0.229728
0.067699 0.085298 0.229905
0.064837 0.086818 0.235271
0.067401 0.084789 0.236269
0.061428 0.086836 0.228906
0.067806 0.085799 0.228022
0.067896 0.084985 0.230990
0.064980 0.086167 0.231852
0.064623 0.086813 0.225432
0.065843 0.085997 0.230965
0.060857 0.087044 0.229428
0.062580 0.087103 0.231298
0.068941 0.084225 0.231433
0.066980 0.085261 0.235043
0.060773 0.086799 0.228335
0.065547 0.086279 0.235473
0.067490 0.084920 0.234101
0.060914 0.088291 0.234679
0.062256 0.087833 0.233871
0.060096 0.088763 0.235422
0.063332 0.087147 0.236953
0.066015 0.085893 0.231039
0.065035 0.086476 0.233301
0.064413 0.086284 0.231171
0.061558 0.087335 0.231015
0.062445 0.086632 0.228978
0.064981 0.086529 0.227697
0.063770 0.086959 0.226246
0.065313 0.086451 0.235465
0.063605 0.086587 0.230872
0.063996 0.086660 0.228475
0.065311 0.084558 0.228058
0.066034 0.085886 0.233805
0.064835 0.086740 0.234729
0.065759 0.085829 0.236767
0.065060 0.086603 0.234867
0.060969 0.088470 0.236444
0.061841 0.087849 0.236818
0.061380 0.088453 0.236048
0.060894 0.088152 0.233157
0.064130 0.087053 0.236706
0.069829 0.083132 0.235457
0.063621 0.086432 0.230252
0.067185 0.086209 0.226847
0.062971 0.087477 0.233254
0.065305 0.086397 0.229202
0.060216 0.086976 0.228644
0.061749 0.088297 0.236304
0.059439 0.087279 0.229752
0.068176 0.084396 0.234369
0.066140 0.085578 0.236663
0.067022 0.085237 0.232628
0.063689 0.086636 0.229212
0.069834 0.083301 0.233015
0.067905 0.084995 0.230721
0.066950 0.085316 0.233213
0.067594 0.085952 0.227502
0.061151 0.087028 0.227785
0.063270 0.086612 0.229456
0.062215 0.087779 0.233551
0.070083 0.082272 0.234438
0.061911 0.087822 0.232926
0.069400 0.083511 0.235323
0.065544 0.086367 0.228748
0.059687 0.087049 0.229104
0.064561 0.086579 0.232860
0.066101 0.086419 0.227346
0.065075 0.086430 0.228687
0.062866 0.086735 0.230551
0.069313 0.083539 0.234254
0.065885 0.086053 0.230359
0.061806 0.087991 0.233914
0.065371 0.086319 0.233564
0.064634 0.086336 0.229876
0.066404 0.086280 0.227863
0.063551 0.086696 0.231309
0.065125 0.086388 0.233125
0.060863 0.087711 0.231662
0.061694 0.087909 0.232960
0.062008 0.086756 0.229349
0.064568 0.086920 0.234680
0.060191 0.087649 0.236525
0.061825 0.087134 0.230643
0.065253 0.086060 0.231040
0.063824 0.087121 0.233464
0.069355 0.083596 0.233492
0.067309 0.085140 0.231756
0.068332 0.084380 0.233263
0.065204 0.086499 0.235692
0.065166 0.086156 0.232322
0.066604 0.083687 0.230395
0.068365 0.085326 0.228368
0.064018 0.086650 0.228640
0.062157 0.088027 0.236580
0.067926 0.084589 0.234228
0.064374 0.086560 0.228101
0.067099 0.085151 0.233693
0.067234 0.085102 0.233785
0.063560 0.087078 0.236935
0.070137 0.082966 0.233808
0.062379 0.086751 0.229899
0.067334 0.084208 0.236655
0.061898 0.086974 0.227879
0.066512 0.085684 0.231046
0.062807 0.086737 0.228153
0.062231 0.086592 0.229037
0.067418 0.084861 0.235628
0.063043 0.086938 0.231494
0.068654 0.084580 0.230509
0.063456 0.086636 0.229344
0.065015 0.086196 0.236906
0.069361 0.083347 0.235870
0.065174 0.086519 0.227605
0.062755 0.087243 0.232169
0.069472 0.083614 0.232960
0.062498 0.086852 0.227896
0.068412 0.084191 0.235822
0.060724 0.087263 0.230273
0.066406 0.085803 0.230614
0.063294 0.087676 0.235335
0.064809 0.086186 0.230017
0.065878 0.085945 0.233295
0.060900 0.088511 0.235732
0.060694 0.088561 0.236424
0.066551 0.085753 0.230434
0.062796 0.086808 0.227978
0.061161 0.088075 0.233058
0.064110 0.086556 0.231898
0.061825 0.086826 0.229450
0.068638 0.084071 0.235487
0.067582 0.084820 0.234783
0.070016 0.082604 0.234996
0.067206 0.086211 0.226440
0.061083 0.088122 0.236767
0.063255 0.086668 0.228972
0.063047 0.087778 0.235706
0.068750 0.084432 0.230725
0.065729 0.086191 0.229772
0.067094 0.085169 0.235220
0.065190 0.086182 0.232572
0.059597 0.087653 0.230793
0.060645 0.087411 0.230579
0.065699 0.086512 0.227024
0.062300 0.086857 0.230253
0.065023 0.086174 0.230774
0.064800 0.086299 0.232032
0.065559 0.086282 0.235136
0.066923 0.085443 0.230720
0.070172 0.082703 0.233336
0.068051 0.084383 0.235123
0.068743 0.084701 0.229878
0.063718 0.086486 0.230608
0.066350 0.086408 0.224678
0.062645 0.087720 0.233641
0.067101 0.085477 0.230312
0.066344 0.085618 0.235654
0.066084 0.085682 0.236346
0.065615 0.083917 0.230701
0.062913 0.087858 0.235140
0.066440 0.085612 0.235123
0.066346 0.086235 0.224494
0.067512 0.086002 0.227005
0.064220 0.086771 0.226568
0.068418 0.084225 0.234843
0.067394 0.085187 0.231039
0.069111 0.083734 0.234880
0.062471 0.086633 0.229333
0.062693 0.086864 0.230803
0.060460 0.087513 0.230826
0.063906 0.086876 0.232867
0.062336 0.087103 0.227535
0.069289 0.082963 0.235775
0.062644 0.087940 0.235115
0.066367 0.085702 0.235008
0.064376 0.086453 0.229699
0.061734 0.086996 0.230199
0.065877 0.085713 0.236758
0.066955 0.086039 0.228308
0.062425 0.087837 0.234092
0.066514 0.086528 0.225520
0.065343 0.086397 0.228694
0.062190 0.086818 0.228375
0.069532 0.083048 0.235803
0.064149 0.086533 0.232072
0.066398 0.086237 0.228281
0.060997 0.088280 0.234328
0.063749 0.086893 0.226805
0.069067 0.084238 0.230543
0.060325 0.087043 0.229215
0.066146 0.085777 0.232750
0.065253 0.086779 0.225637
0.060921 0.087606 0.236655
0.068292 0.084626 0.230986
0.065871 0.086613 0.226144
0.069774 0.083078 0.235582
0.060489 0.088548 0.234041
0.068917 0.084169 0.231929
0.066136 0.085771 0.231580
0.067968 0.084643 0.233389
0.068817 0.084030 0.233369
0.065046 0.086534 0.234566
0.067769 0.085157 0.230314
0.059668 0.087006 0.228888
0.064010 0.086601 0.229133
0.064342 0.087111 0.235715
0.066723 0.085734 0.229946
0.066009 0.086414 0.228339
0.061008 0.086795 0.228160
0.065395 0.086499 0.227985
0.065188 0.086053 0.231987
0.068553 0.084105 0.235673
0.063082 0.086689 0.228750
0.069090 0.081812 0.231492
0.060147 0.087017 0.228944
0.067650 0.085852 0.228254
0.068430 0.084309 0.233467
0.065496 0.086173 0.235826
0.060409 0.086897 0.228557
0.059949 0.088788 0.234258
0.069117 0.083724 0.234574
0.061253 0.088090 0.234032
0.062549 0.086797 0.230385
0.068795 0.084620 0.229687
0.068521 0.084160 0.234071
0.065727 0.085971 0.236486
0.068223 0.084985 0.230078
0.060430 0.088245 0.232935
0.062681 0.087313 0.232314
0.064773 0.086737 0.234428
0.063467 0.087024 0.232463
0.069903 0.083075 0.235342
0.065118 0.086471 0.236345
0.069669 0.082640 0.231691
0.066225 0.085670 0.236198
0.065035 0.086481 0.233725
0.061731 0.087579 0.236848
0.062381 0.088041 0.235684
0.062124 0.087795 0.236796
0.066535 0.085596 0.231349
0.069311 0.083871 0.231889
0.067472 0.086049 0.226709
0.069614 0.083548 0.232718
0.062452 0.086755 0.228512
0.069011 0.084236 0.231168
0.060806 0.088373 0.234497
0.066268 0.085785 0.234755
0.059982 0.088278 0.236784
0.061042 0.087536 0.231256
0.063404 0.087501 0.236511
0.064257 0.086536 0.229245
0.064502 0.084414 0.229328
0.064494 0.086432 0.229281
0.068757 0.084509 0.230427
0.063678 0.086396 0.229913
0.062071 0.087204 0.227213
0.062886 0.087756 0.234296
0.068993 0.083724 0.235516
0.064078 0.087253 0.236389
0.061699 0.087243 0.230863
0.068430 0.085248 0.228323
0.063485 0.086565 0.229562
0.067908 0.085153 0.229875
0.067018 0.085184 0.233362
0.062355 0.087151 0.231135
0.065490 0.086153 0.236492
0.064161 0.087249 0.235606
0.068441 0.084373 0.232182
0.060269 0.088315 0.232901
0.069399 0.083443 0.234497
0.065249 0.084194 0.229560
0.064753 0.086423 0.229048
0.065683 0.085913 0.236718
0.066600 0.086252 0.224827
0.065888 0.085969 0.234002
0.067543 0.083509 0.230204
0.062414 0.087818 0.236668
0.067768 0.085326 0.229635
0.063785 0.087022 0.226060
0.064713 0.086827 0.236237
0.060180 0.087521 0.230714
0.061959 0.087925 0.233804
0.064408 0.087087 0.236261
0.066670 0.085513 0.233170
0.062681 0.086673 0.230099
0.061038 0.087262 0.230449
0.069754 0.083245 0.233312
0.063875 0.087185 0.236641
0.066185 0.085736 0.235801
0.064155 0.086648 0.227855
0.068210 0.084512 0.233056
0.060731 0.087565 0.231157
0.068077 0.085496 0.228865
0.069566 0.083370 0.233643
0.064064 0.086443 0.231109
0.063264 0.084749 0.231707
0.066526 0.085614 0.234493
0.068174 0.084731 0.231153
0.065025 0.086245 0.232450
0.068665 0.084873 0.229322
0.065556 0.086759 0.225483
0.063986 0.086694 0.227976
0.065780 0.086092 0.234892
0.060928 0.087128 0.229937
0.064505 0.086960 0.235516
0.062430 0.087527 0.232652
0.062142 0.088009 0.234704
0.066663 0.086109 0.228420
0.063528 0.086955 0.226697
0.064600 0.086495 0.232594
0.068606 0.083095 0.235966
0.063413 0.087647 0.234946
0.060571 0.088215 0.236749
0.060954 0.087090 0.229749
0.060434 0.087695 0.231289
0.063121 0.087718 0.236167
0.062921 0.087022 0.227219
0.066100 0.086334 0.228464
0.064571 0.086795 0.236671
0.063240 0.086935 0.226560
0.061386 0.087390 0.231032
0.063038 0.086782 0.230891
0.064319 0.087170 0.235397
0.065355 0.086292 0.233233
0.068563 0.084104 0.235286
0.065630 0.085930 0.231834
0.060665 0.087123 0.229771
0.060510 0.087985 0.232085
0.069181 0.084083 0.231265
0.068040 0.084650 0.232918
0.068498 0.085159 0.228815
0.064268 0.086915 0.233697
0.064161 0.086380 0.230999
0.063218 0.087464 0.233694
0.066264 0.084982 0.236779
0.063848 0.087363 0.234703
0.064299 0.087032 0.234239
0.068678 0.084709 0.230086
0.066514 0.085609 0.233624
0.066019 0.085948 0.234887
0.064612 0.086791 0.226317
0.065856 0.085885 0.232452
0.064992 0.086378 0.229493
0.064977 0.086812 0.225227
0.060377 0.088718 0.235619
0.063007 0.087018 0.231711
0.061795 0.087500 0.231725
0.068272 0.084526 0.232170
0.065054 0.086650 0.226892
0.063009 0.087261 0.232615
0.066536 0.085612 0.234788
0.063578 0.087545 0.234826
0.061807 0.088265 0.235820
0.065870 0.085876 0.231613
0.060556 0.087173 0.229885
0.060455 0.087333 0.230319
0.063341 0.086672 0.229165
0.064814 0.086421 0.232737
0.069909 0.083352 0.232310
0.070009 0.082169 0.233825
0.063881 0.086824 0.232586
0.062325 0.086801 0.230108
0.059975 0.087112 0.229428
0.068275 0.085386 0.228747
0.059994 0.088205 0.232283
0.066086 0.085837 0.231285
0.064327 0.087118 0.236422
0.061818 0.086739 0.228658
0.069352 0.083653 0.230803
0.067643 0.085914 0.226929
0.065109 0.086383 0.236782
0.067145 0.085173 0.234372
0.068664 0.084060 0.235173
0.064752 0.086244 0.231463
0.062811 0.087871 0.235811
0.064096 0.087321 0.235428
0.065197 0.086770 0.225787
0.070195 0.082920 0.233657
0.065633 0.086299 0.229431
0.066971 0.085206 0.232433
0.064198 0.086573 0.232323
0.060784 0.086820 0.228021
0.069212 0.083791 0.230551
0.066392 0.085856 0.230242
0.063618 0.086610 0.229431
0.067716 0.084725 0.234370
0.060719 0.088552 0.235541
0.062072 0.088050 0.234986
0.065963 0.085779 0.232097
0.066067 0.086591 0.226212
0.064535 0.086408 0.229770
0.065755 0.086693 0.225745
0.067697 0.085118 0.230578
0.063257 0.086812 0.231314
0.065360 0.086321 0.233358
0.068700 0.083800 0.236116
0.061154 0.088198 0.234424
0.068330 0.084416 0.229071
0.062979 0.086932 0.226540
0.067974 0.084412 0.236192
0.062767 0.086908 0.230970
0.060653 0.088637 0.235744
0.064003 0.086959 0.226163
0.062892 0.087468 0.233131
0.060069 0.088813 0.235953
0.066109 0.085995 0.230269
0.069193 0.083464 0.235971
0.059708 0.088274 0.232390
0.060055 0.087891 0.231523
0.064317 0.087087 0.234794
0.062562 0.087135 0.231517
0.060551 0.088276 0.233231
0.069000 0.083891 0.233363
0.059885 0.087543 0.230653
0.064000 0.086648 0.228834
0.063149 0.086503 0.230018
0.061499 0.088387 0.236295
0.063870 0.086673 0.228218
0.062752 0.087503 0.232990
0.066680 0.086044 0.229047
0.062645 0.087881 0.234683
0.064154 0.086380 0.230160
0.060211 0.088286 0.232753
0.060612 0.087529 0.230983
0.067786 0.084885 0.231608
0.061835 0.087268 0.231030
0.064059 0.086497 0.229765
0.063647 0.086991 0.232735
0.060924 0.086795 0.228329
0.062318 0.087204 0.231315
0.066331 0.085632 0.235935
0.064690 0.086877 0.225612
0.066706 0.085592 0.230561
0.065932 0.085976 0.230559
0.069264 0.083553 0.234740
0.069236 0.083874 0.232345
0.067355 0.084941 0.235430
0.063014 0.086798 0.228134
0.065087 0.086642 0.235145
0.065676 0.086057 0.230474
0.061590 0.088369 0.236167
0.070106 0.082770 0.235159
0.067567 0.083928 0.236524
0.066724 0.085436 0.232190
0.062504 0.087880 0.236533
0.064700 0.086204 0.231196
0.070215 0.082810 0.234931
0.066765 0.085410 0.232475
0.064172 0.086326 0.230534
0.068606 0.084367 0.231902
0.064605 0.086784 0.233961
0.067278 0.085084 0.233972
0.064978 0.086266 0.232594
0.069038 0.083930 0.232459
0.068030 0.085566 0.227406
0.066667 0.086173 0.228220
0.064528 0.086395 0.229552
0.065400 0.086389 0.228968
0.061755 0.088234 0.236514
0.066949 0.085198 0.236211
0.068908 0.083781 0.235834
0.066011 0.086515 0.226659
0.061993 0.086721 0.228737
0.062059 0.088018 0.234500
0.066117 0.085879 0.235078
0.066959 0.086286 0.226169
0.066841 0.086003 0.228841
0.069423 0.083426 0.234671
0.065541 0.086234 0.234851
0.069453 0.083771 0.231706
0.067272 0.085093 0.232492
0.065534 0.086351 0.229206
0.059919 0.087223 0.229668
0.060953 0.086941 0.227882
0.063598 0.086837 0.227311
0.065572 0.085776 0.236819
0.059799 0.088826 0.235602
0.063986 0.086598 0.231731
0.060979 0.087474 0.231025
0.068622 0.084259 0.232282
0.066905 0.086316 0.225518
0.066667 0.085735 0.230107
0.064574 0.086554 0.228171
0.064655 0.086850 0.234863
0.067693 0.085756 0.228566
0.069649 0.083224 0.233986
0.060403 0.088462 0.233580
0.064657 0.086443 0.232333
0.061888 0.086712 0.228847
0.063626 0.086635 0.228274
0.061088 0.086736 0.228608
0.063430 0.086746 0.228120
0.062616 0.087919 0.236056
0.064533 0.086930 0.235700
0.065753 0.086084 0.234596
0.062112 0.086724 0.228590
0.060299 0.087084 0.229443
0.069084 0.084068 0.231770
0.063747 0.086910 0.226678
0.065223 0.086214 0.232915
0.063435 0.087579 0.235834
0.062358 0.088061 0.235437
0.068769 0.084205 0.232217
0.065007 0.086192 0.230039
0.070224 0.082936 0.234770
0.069386 0.083845 0.230939
0.067722 0.084687 0.234678
0.069373 0.083434 0.234920
0.065054 0.086133 0.230938
0.063584 0.087330 0.234118
0.068478 0.084530 0.231089
0.068695 0.084195 0.232982
0.066760 0.085455 0.233751
0.061215 0.087466 0.231139
0.065637 0.086802 0.224936
0.064022 0.086481 0.231295
0.064045 0.086734 0.232703
0.065274 0.086400 0.234597
0.064916 0.086607 0.234237
0.062572 0.086806 0.228077
0.064018 0.087151 0.233985
0.062957 0.086624 0.230235
0.062459 0.087470 0.232440
0.060160 0.087827 0.231417
0.063447 0.086398 0.229914
0.067229 0.084974 0.236282
0.065151 0.086432 0.233542
0.061640 0.088093 0.234764
0.066721 0.086401 0.226418
0.069377 0.083886 0.231157
0.063165 0.086650 0.230552
0.066065 0.085758 0.232325
0.069380 0.083716 0.232747
0.061574 0.087018 0.227705
0.064643 0.086775 0.235806
0.061135 0.088171 0.234692
0.064428 0.086925 0.225626
0.068697 0.084443 0.230829
0.065739 0.086031 0.230759
0.062081 0.087795 0.233199
0.068168 0.084361 0.234505
0.069473 0.083399 0.233411
0.068878 0.082318 0.233229
0.065915 0.086013 0.234743
0.066220 0.086472 0.224573
0.066875 0.085367 0.231628
0.065067 0.086635 0.235435
0.064416 0.086285 0.230560
0.069571 0.083253 0.234280
0.068511 0.084167 0.233595
0.062011 0.086635 0.228980
0.063299 0.087618 0.236282
0.069643 0.083200 0.234155
0.066398 0.085649 0.232868
0.068166 0.085073 0.229893
0.062592 0.087933 0.234875
0.065821 0.086130 0.229883
0.065276 0.086692 0.226387
0.062856 0.087881 0.235547
0.063412 0.086961 0.227040
0.061838 0.088194 0.235276
0.063846 0.086686 0.231872
0.059817 0.087388 0.230183
0.068406 0.084241 0.234234
0.065072 0.086410 0.229074
0.067669 0.085267 0.230145
0.061798 0.086933 0.229917
0.066420 0.085567 0.235477
0.064059 0.086528 0.231611
0.068632 0.084783 0.228902
0.070287 0.082912 0.234369
0.065227 0.086128 0.230840
0.061245 0.086741 0.228632
0.064341 0.086621 0.228280
0.061667 0.086938 0.228013
0.067585 0.085821 0.226323
0.061541 0.088036 0.234013
0.067157 0.085919 0.228422
0.063851 0.086651 0.228483
0.066646 0.085547 0.234382
0.068591 0.082332 0.231172
0.065808 0.086705 0.225558
0.064359 0.086746 0.233139
0.064964 0.086810 0.225874
0.065649 0.086238 0.235322
0.069219 0.083559 0.234949
0.069746 0.082282 0.232766
0.063323 0.087667 0.235574
0.067707 0.085065 0.230852
0.070050 0.083012 0.233621
0.064306 0.086693 0.227482
0.064834 0.086533 0.233308
0.064140 0.086651 0.228397
0.069166 0.083611 0.235468
0.063798 0.086797 0.232355
0.061372 0.086856 0.229517
0.070043 0.083209 0.232463
0.062350 0.087998 0.236436
0.067544 0.085986 0.227258
0.068699 0.084650 0.229220
0.067339 0.085039 0.232956
0.068227 0.083512 0.236426
0.066753 0.085073 0.236701
0.063404 0.087151 0.232882
0.067565 0.084862 0.234463
0.069194 0.083742 0.233340
0.066866 0.085412 0.233453
0.063590 0.087211 0.233420
0.060616 0.087038 0.229278
0.062997 0.087052 0.231933
0.063458 0.086675 0.230958
0.063686 0.087429 0.234543
0.067737 0.084797 0.232756
0.062945 0.086567 0.229758
0.067535 0.085432 0.229840
0.063028 0.086542 0.229897
0.064603 0.086364 0.231990
0.064619 0.086618 0.233080
0.066890 0.085239 0.236059
0.062118 0.087473 0.231993
0.063831 0.086483 0.230954
0.063641 0.086659 0.228516
0.065936 0.084747 0.227507
0.066717 0.086454 0.225662
0.060793 0.087085 0.229542
0.068800 0.084202 0.232041
0.066210 0.085608 0.236448
0.068121 0.084404 0.235297
0.061910 0.087902 0.233654
0.065082 0.086376 0.229316
0.067261 0.085569 0.229717
0.069323 0.083539 0.235519
0.067833 0.085742 0.227131
0.062905 0.087160 0.232159
0.060373 0.088654 0.235213
0.060667 0.088687 0.236031
0.061906 0.088037 0.234705
0.064276 0.086667 0.237005
0.062056 0.087041 0.230561
0.069168 0.083701 0.234039
0.061169 0.087632 0.231723
0.068065 0.084423 0.235953
0.067963 0.084553 0.234551
0.067707 0.084769 0.233576
0.061836 0.087720 0.232457
0.061618 0.087731 0.232270
0.067814 0.084627 0.235796
0.065720 0.086221 0.229588
0.063399 0.086732 0.228324
0.067764 0.084791 0.232959
0.062558 0.087551 0.236859
0.062828 0.087016 0.227443
0.067268 0.085128 0.232181
0.061003 0.087744 0.231865
0.061193 0.088259 0.234963
0.060805 0.087147 0.230012
0.067821 0.085544 0.229117
0.063672 0.087419 0.235960
0.061532 0.087221 0.230699
0.063213 0.086922 0.231803
0.069838 0.083156 0.234062
0.060262 0.088710 0.234759
0.064741 0.086614 0.233542
0.066619 0.085513 0.232768
0.061291 0.088442 0.235506
0.060322 0.087950 0.231869
0.061294 0.087735 0.232126
0.067076 0.085603 0.229949
0.064374 0.084632 0.228049
0.065426 0.086101 0.236712
0.060082 0.087235 0.229880
0.062384 0.087984 0.235265
0.062173 0.087345 0.231552
0.068352 0.085308 0.228915
0.067425 0.085109 0.231541
0.069127 0.083784 0.233518
0.062746 0.087102 0.227204
0.062665 0.087894 0.236251
0.066674 0.086387 0.225259
0.066421 0.085682 0.233463
0.059877 0.087728 0.231084
0.068417 0.084968 0.228353
0.062889 0.087435 0.236874
0.060520 0.088661 0.236357
0.069855 0.083372 0.231870
0.068447 0.083497 0.236344
0.069214 0.083714 0.233629
0.061399 0.087924 0.236795
0.068698 0.084835 0.229123
0.065215 0.086182 0.230616
0.063647 0.086892 0.227159
0.065789 0.086755 0.225143
0.064404 0.086553 0.232437
0.064631 0.086515 0.236964
0.062076 0.087329 0.231431
0.061462 0.087986 0.233121
0.060072 0.086984 0.228589
0.070211 0.082929 0.234076
0.066660 0.083508 0.233747
0.067253 0.083518 0.235273
0.063242 0.087617 0.236496
0.063295 0.086814 0.227999
0.068287 0.085307 0.229148
0.066152 0.086652 0.224965
0.066775 0.085468 0.233587
0.069838 0.083005 0.231762
0.061554 0.087948 0.233343
0.062024 0.087252 0.231164
0.067968 0.085624 0.228550
0.065809 0.085986 0.235635
0.062986 0.086886 0.231188
0.069689 0.083243 0.235537
0.061171 0.088445 0.235363
0.067382 0.085259 0.230588
0.065332 0.084383 0.228622
0.064090 0.087236 0.236525
0.066376 0.086370 0.227262
0.068615 0.084042 0.233905
0.065925 0.086702 0.225294
0.062864 0.086668 0.229173
0.061341 0.088256 0.236612
0.060546 0.086821 0.228408
0.063578 0.086678 0.228696
0.067671 0.084825 0.232052
0.066264 0.085683 0.232162
0.069067 0.083823 0.233688
0.064176 0.087160 0.236560
0.065931 0.086054 0.230035
0.060556 0.088516 0.234407
0.060081 0.088718 0.236494
0.065599 0.086388 0.228558
0.067761 0.085241 0.229943
0.064146 0.087045 0.233844
0.064463 0.086619 0.228424
0.070182 0.082983 0.234335
0.067739 0.084680 0.234075
0.063353 0.086484 0.230138
0.062858 0.086706 0.228874
0.067482 0.084918 0.233482
0.065713 0.086103 0.234273
0.060143 0.088393 0.233007
0.061221 0.088020 0.232843
0.066147 0.086491 0.224487
0.064321 0.086708 0.227293
0.063034 0.086962 0.227360
0.059819 0.087797 0.231228
0.067033 0.086178 0.225630
0.066855 0.086278 0.225333
0.068381 0.084509 0.231947
0.060082 0.088771 0.234605
0.060570 0.087212 0.230042
0.063282 0.086870 0.231591
0.063832 0.086844 0.227132
0.065599 0.086039 0.231010
0.062676 0.086784 0.228321
0.063874 0.087432 0.235080
0.068908 0.084235 0.229896
0.063869 0.086660 0.228709
0.063804 0.087007 0.233151
0.066006 0.085873 0.231316
0.068234 0.084502 0.232818
0.068923 0.082810 0.235535
0.060983 0.087814 0.232072
0.067499 0.085509 0.229575
0.068222 0.085539 0.228097
0.062151 0.087587 0.232488
0.067449 0.085842 0.228718
0.060249 0.088508 0.233511
0.062444 0.087663 0.233116
0.067003 0.085619 0.229603
0.068164 0.084374 0.234204
0.062876 0.087732 0.236453
0.060237 0.088156 0.232345
0.066484 0.085814 0.229989
0.062362 0.087998 0.235073
0.067146 0.086215 0.226234
0.069240 0.084056 0.230972
0.069995 0.082997 0.235221
0.065669 0.086123 0.233908
0.064873 0.086669 0.236304
0.069083 0.084152 0.230372
0.063758 0.086599 0.231396
0.067015 0.085261 0.234500
0.063939 0.086583 0.229317
0.067529 0.084951 0.232055
0.066166 0.085968 0.230141
0.067203 0.085090 0.233488
0.068029 0.084728 0.231782
0.068177 0.085283 0.227700
0.061546 0.086807 0.228898
0.065343 0.086546 0.227116
0.067257 0.085215 0.231499
0.061287 0.088320 0.235163
0.064180 0.086755 0.232866
0.064755 0.086694 0.226992
0.066238 0.085938 0.229956
0.065244 0.086352 0.236571
0.062464 0.087981 0.236262
0.064620 0.086387 0.229704
0.066777 0.085459 0.233336
0.067503 0.084953 0.232318
0.066512 0.085564 0.232158
0.066363 0.085607 0.235765
0.065081 0.086697 0.226367
0.068739 0.084431 0.230950
0.061971 0.087849 0.233426
0.068211 0.084500 0.232404
0.067093 0.085118 0.235945
0.067061 0.085360 0.231189
0.064456 0.086312 0.230261
0.068665 0.083269 0.236198
0.061657 0.086763 0.228779
0.064423 0.086545 0.228981
0.067397 0.085359 0.230330
0.065581 0.086471 0.227742
0.062558 0.087825 0.234512
0.060937 0.088481 0.235282
0.069653 0.083229 0.234447
0.062866 0.087795 0.236243
0.068948 0.084346 0.230021
0.062956 0.087822 0.234828
0.066478 0.085559 0.236058
0.064473 0.086540 0.232583
0.068566 0.084934 0.229614
0.068646 0.084935 0.229017
0.069479 0.083655 0.231105
0.060702 0.088116 0.232635
0.068124 0.084415 0.235470
0.060141 0.087691 0.231112
0.069082 0.084231 0.230935
0.061306 0.087913 0.232590
0.065548 0.086206 0.233717
0.061559 0.088210 0.235094
0.067215 0.085122 0.234923
0.064164 0.086741 0.226957
0.065156 0.086464 0.228599
0.063619 0.087065 0.232965
0.060679 0.088261 0.233406
0.061513 0.088381 0.235725
0.062038 0.088167 0.235851
0.061082 0.086958 0.229434
0.068338 0.085341 0.228520
0.067166 0.085087 0.235415
0.066503 0.085637 0.234154
0.066601 0.085540 0.235069
0.069317 0.081723 0.231641
0.066522 0.085613 0.233316
0.069121 0.083405 0.230556
0.060592 0.087835 0.231823
0.067150 0.085372 0.230509
0.069046 0.083645 0.235927
0.061091 0.088538 0.236186
0.066269 0.085773 0.231043
0.066593 0.086436 0.226692
0.063156 0.087713 0.234557
0.062237 0.087451 0.232151
0.064373 0.086705 0.232954
0.064335 0.087056 0.234518
0.067878 0.084738 0.232182
0.067361 0.085023 0.234362
0.059960 0.087035 0.229187
0.061925 0.086841 0.229607
0.069624 0.083584 0.231649
0.065630 0.086063 0.233073
0.069179 0.083790 0.232796
0.068912 0.082370 0.233864
0.064885 0.086490 0.236888
0.061386 0.087236 0.230595
0.065644 0.086002 0.236080
0.065242 0.086294 0.229829
0.067268 0.085505 0.230134
0.059952 0.088825 0.236316
0.063991 0.087099 0.233705
0.070299 0.082845 0.234716
0.063519 0.086541 0.230500
0.065574 0.086511 0.228293
0.067602 0.085952 0.226799
0.061170 0.088060 0.233572
0.070099 0.082843 0.232797
0.069113 0.084098 0.231523
0.063473 0.087278 0.236766
0.064814 0.086706 0.235714
0.065495 0.086027 0.231154
0.067901 0.084967 0.231144
0.066499 0.085594 0.233033
0.060127 0.088743 0.235174
0.064956 0.086282 0.232309
0.063822 0.086609 0.229420
0.066102 0.085969 0.230429
0.065502 0.086228 0.234149
0.059786 0.088868 0.234983
0.059801 0.088639 0.233418
0.064442 0.086911 0.234029
0.061231 0.088175 0.234191
0.066915 0.086323 0.226733
0.064425 0.086993 0.234636
0.068024 0.085079 0.230031
0.067155 0.085931 0.228731
0.066308 0.086463 0.226762
0.060545 0.088096 0.232371
0.064755 0.086856 0.225959
0.066867 0.085375 0.234361
0.069068 0.083910 0.232908
0.066642 0.085513 0.234049
0.065488 0.086000 0.232051
0.065776 0.086658 0.225924
0.060698 0.088455 0.234401
0.062798 0.087665 0.233705
0.066719 0.085542 0.231204
0.062782 0.086998 0.226668
0.061653 0.087917 0.233523
0.059839 0.088718 0.236539
0.069504 0.082566 0.235240
0.063282 0.086840 0.227656
0.061277 0.086949 0.229604
0.064819 0.086661 0.235888
0.061171 0.086892 0.227920
0.068207 0.084743 0.230924
0.060294 0.088106 0.232217
0.068294 0.083651 0.236368
0.060207 0.087381 0.230262
0.063293 0.086849 0.227812
0.065270 0.086346 0.234011
0.064133 0.086624 0.228926
0.061709 0.087347 0.231191
0.060008 0.088710 0.233844
0.066493 0.086511 0.225286
0.065432 0.086266 0.233856
0.067908 0.085716 0.227398
0.069872 0.083033 0.235475
0.059832 0.088817 0.234584
0.066763 0.085462 0.234614
0.066444 0.086123 0.229055
0.064872 0.086231 0.230560
0.063057 0.087798 0.235394
0.059933 0.088535 0.233229
0.064912 0.086562 0.233605
0.060558 0.088553 0.234710
0.069260 0.083545 0.234471
0.060265 0.086928 0.228410
0.061946 0.086869 0.228211
0.063501 0.086787 0.227754
0.061824 0.086763 0.228316
0.060836 0.088372 0.234267
0.062528 0.086958 0.230769
0.067251 0.085093 0.232733
0.066309 0.083825 0.230115
0.065879 0.085817 0.236667
0.063477 0.086698 0.231162
0.068437 0.084360 0.232327
0.067860 0.085740 0.228281
0.064034 0.087192 0.234286
0.070091 0.082878 0.235168
0.068151 0.085413 0.229033
0.065267 0.086486 0.228161
0.061179 0.086706 0.228768
0.068044 0.084945 0.230557
0.060827 0.088510 0.235035
0.064848 0.086791 0.226090
0.067301 0.084318 0.228794
0.062277 0.086874 0.228114
0.065505 0.086114 0.230582
0.067420 0.084956 0.234913
0.060536 0.088181 0.232737
0.062180 0.086736 0.229461
0.063179 0.087749 0.235107
0.064196 0.086631 0.228655
0.067925 0.084554 0.235946
0.066264 0.085768 0.234168
0.062595 0.086645 0.229183
0.065050 0.086527 0.236127
0.063148 0.087644 0.234245
0.065003 0.086134 0.231481
0.063797 0.086566 0.229586
0.061584 0.088073 0.234229
0.066047 0.086067 0.229794
0.067222 0.085177 0.231970
0.065063 0.086818 0.225469
0.061524 0.086867 0.228150
0.066956 0.085320 0.232896
0.062612 0.087816 0.234269
0.067105 0.086260 0.226620
0.065088 0.086685 0.226624
0.063422 0.086894 0.232000
0.060253 0.088710 0.235007
0.067599 0.084732 0.235663
0.069805 0.083301 0.231726
0.067489 0.084927 0.233160
0.063318 0.086802 0.228147
0.066161 0.085810 0.231143
0.064975 0.086115 0.231162
0.060378 0.087457 0.230603
0.068542 0.084477 0.231593
0.065349 0.086789 0.225425
0.063700 0.087537 0.235194
0.064543 0.086843 0.234170
0.065325 0.086460 0.235134
0.068518 0.084152 0.233766
0.064703 0.086801 0.236045
0.067610 0.084771 0.235320
0.067777 0.084835 0.231924
0.062651 0.087802 0.236546
0.060217 0.088628 0.233836
0.067955 0.085718 0.227775
0.069212 0.083608 0.235358
0.065691 0.086009 0.236183
0.065845 0.086381 0.228461
0.069346 0.083687 0.233183
0.065212 0.086476 0.228467
0.062464 0.086661 0.229660
0.067163 0.085292 0.231321
0.065276 0.086375 0.235990
0.062016 0.087940 0.233942
0.060662 0.088596 0.234974
0.065053 0.086731 0.226214
0.066873 0.085301 0.235788
0.061286 0.086840 0.229000
0.066118 0.085816 0.233946
0.066752 0.085483 0.230620
0.065328 0.086513 0.227753
0.069258 0.083272 0.235982
0.062666 0.086625 0.229442
0.062808 0.085122 0.233130
0.068259 0.084363 0.234029
0.065395 0.086002 0.231875
0.063534 0.087580 0.235627
0.065736 0.085996 0.231178
0.068890 0.083920 0.235084
0.061393 0.086896 0.228022
0.063639 0.086383 0.230054
0.067331 0.085664 0.229466
0.064866 0.086176 0.231301
0.068296 0.085447 0.228165
0.062009 0.087649 0.236897
0.068160 0.084735 0.231531
0.066611 0.086061 0.228610
0.066986 0.085273 0.226688
0.067997 0.084902 0.230874
0.062567 0.087090 0.227436
0.068807 0.084429 0.229571
0.061131 0.087077 0.229917
0.062942 0.086601 0.229523
0.067036 0.085580 0.230145
0.064525 0.086888 0.226062
0.069768 0.083247 0.235326
0.063101 0.086821 0.231115
0.067692 0.084750 0.234243
0.070023 0.083062 0.234019
0.062324 0.087833 0.234036
0.070277 0.082724 0.234655
0.067953 0.084696 0.232747
0.068417 0.084231 0.234544
0.069156 0.083840 0.233202
0.066889 0.085957 0.228564
0.066879 0.085997 0.229039
0.064829 0.086340 0.232215
0.062234 0.086767 0.229659
0.065832 0.086732 0.224653
0.066889 0.084037 0.236041
0.068757 0.084157 0.233160
0.067280 0.086178 0.226618
0.068542 0.084723 0.230321
0.064578 0.086231 0.230984
0.064350 0.086490 0.232140
0.063533 0.086740 0.231469
0.068225 0.084335 0.234949
0.060675 0.088193 0.232922
0.067893 0.085124 0.230206
0.069285 0.083636 0.233693
0.064279 0.086838 0.226311
0.066986 0.086267 0.227129
0.069578 0.083524 0.231341
0.065537 0.085963 0.231609
0.067850 0.084744 0.232427
0.068097 0.084989 0.230315
0.060275 0.088654 0.234116
0.059877 0.087875 0.231463
0.064086 0.087210 0.234590
0.065847 0.086586 0.226282
0.065741 0.085964 0.231412
0.069964 0.082861 0.232203
0.064398 0.086742 0.226711
0.066859 0.086358 0.225631
0.069330 0.083837 0.232069
0.062811 0.087595 0.233410
0.061958 0.088204 0.236142
0.063534 0.086794 0.231722
0.067658 0.084720 0.235513
0.065033 0.086511 0.234287
0.064268 0.087188 0.236250
0.064055 0.086695 0.232396
0.068827 0.083896 0.235643
0.062638 0.087865 0.236406
0.067478 0.084927 0.233773
0.068367 0.085286 0.227989
0.059290 0.085977 0.231618
0.062520 0.088019 0.235547
0.063973 0.086650 0.227608
0.064571 0.086988 0.235330
0.060656 0.088565 0.235316
0.066705 0.085345 0.236321
0.064848 0.086618 0.227226
0.067860 0.085103 0.230403
0.061337 0.088043 0.233751
0.062370 0.087881 0.234278
0.066580 0.086055 0.228838
0.069674 0.083375 0.231503
0.066025 0.086419 0.227030
0.060809 0.086758 0.228173
0.065887 0.086081 0.230215
0.067777 0.084666 0.233703
0.070142 0.082932 0.233458
0.068350 0.084331 0.233753
0.060916 0.087613 0.231392
0.063040 0.087731 0.234384
0.067735 0.085026 0.231331
0.068690 0.084789 0.229713
0.064706 0.086231 0.230285
0.060920 0.086733 0.228716
0.064193 0.086995 0.225775
0.067715 0.085091 0.230711
0.067422 0.086064 0.226962
0.065299 0.086649 0.226748
0.062384 0.087897 0.234599
0.066050 0.085817 0.232555
0.069097 0.083783 0.233840
0.065698 0.086009 0.232596
0.068142 0.084547 0.232598
0.065941 0.086719 0.224984
0.068805 0.084542 0.230301
0.069475 0.083180 0.231129
0.066768 0.085439 0.233011
0.069577 0.083632 0.231972
0.065986 0.085881 0.235662
0.065393 0.086463 0.228441
0.069034 0.083517 0.236086
0.062143 0.087716 0.232870
0.068645 0.084082 0.234758
0.068198 0.085471 0.228379
0.063774 0.087448 0.235652
0.065673 0.086131 0.230194
0.061031 0.086883 0.229158
0.065343 0.085976 0.231661
0.066492 0.085585 0.232461
0.063801 0.086716 0.227849
0.064893 0.086650 0.236043
0.069350 0.083501 0.234065
0.065532 0.086115 0.230371
0.068910 0.082583 0.234759
0.068574 0.084237 0.232465
0.066857 0.084521 0.236679
0.067368 0.085738 0.229232
0.060516 0.087078 0.229483
0.059452 0.087192 0.229422
0.065527 0.086086 0.232586
0.063502 0.086502 0.230328
0.067027 0.085787 0.225787
0.062419 0.085930 0.234964
0.061587 0.086811 0.229201
0.063467 0.087634 0.235114
0.064357 0.086304 0.230942
0.064461 0.085603 0.236316
0.066258 0.085742 0.233316
0.064334 0.086848 0.236810
0.065508 0.086783 0.225410
0.061744 0.086748 0.229050
0.060396 0.088555 0.233887
0.069290 0.083924 0.230741
0.065609 0.086040 0.232718
0.060666 0.088321 0.233667
0.064877 0.086557 0.227443
0.066322 0.086535 0.224928
0.062750 0.086924 0.227739
0.066751 0.086245 0.225071
0.069300 0.083926 0.231571
0.063711 0.086997 0.232935
0.068704 0.084361 0.229396
0.062234 0.087975 0.234572
0.067948 0.083220 0.235512
0.062323 0.087269 0.231539
0.067972 0.084663 0.233093
0.062635 0.087937 0.235712
0.067704 0.084767 0.232259
0.065748 0.086513 0.226718
0.069584 0.083384 0.235150
0.062904 0.087804 0.234531
0.065350 0.086302 0.236301
0.066127 0.086396 0.227816
0.063539 0.087449 0.234285
0.061865 0.087986 0.234090
0.066671 0.085801 0.229685
0.063311 0.086905 0.227356
0.066054 0.085826 0.232905
0.067717 0.084922 0.227872
0.065888 0.085906 0.233014
0.062883 0.087383 0.232872
0.063149 0.087341 0.233129
0.060789 0.088624 0.236228
0.059605 0.087572 0.230599
0.061235 0.087697 0.231940
0.066508 0.086373 0.224878
0.062770 0.087897 0.234909
0.069896 0.083138 0.234555
0.066105 0.086610 0.224718
0.062001 0.087787 0.233042
0.066203 0.086573 0.225767
0.066772 0.085363 0.235591
0.060379 0.087148 0.229738
0.061598 0.087152 0.230533
0.061094 0.087892 0.232335
0.065730 0.086026 0.235817
0.062120 0.087193 0.227341
0.061997 0.088154 0.236535
0.066241 0.085738 0.233017
0.066809 0.085624 0.230288
0.068990 0.084183 0.230169
0.067597 0.084634 0.236257
0.061452 0.087118 0.230403
0.069352 0.083559 0.233812
0.063854 0.086747 0.232153
0.066234 0.086618 0.225235
0.066155 0.086407 0.227183
0.066300 0.086153 0.228852
0.064643 0.086265 0.230470
0.065148 0.085719 0.236890
0.069604 0.082110 0.233544
0.067250 0.086088 0.227785
0.068569 0.084080 0.234381
0.065386 0.086290 0.234237
0.063535 0.087491 0.236257
0.064332 0.086401 0.229875
0.066684 0.086233 0.227392
0.069496 0.083186 0.235829
0.069072 0.083906 0.230326
0.062235 0.087415 0.236918
0.064818 0.086671 0.236591
0.062510 0.087941 0.235870
0.062464 0.086878 0.230524
0.063493 0.086775 0.227490
0.061902 0.087151 0.227374
0.062608 0.087776 0.233936
0.060769 0.088409 0.236581
0.066416 0.086277 0.228106
0.063452 0.087060 0.232590
0.064303 0.087074 0.235019
0.067963 0.084513 0.235249
0.061056 0.087052 0.229647
0.062778 0.087091 0.231580
0.064496 0.086317 0.231420
0.061145 0.087715 0.232028
0.059887 0.088094 0.232011
0.069669 0.083446 0.232953
0.065323 0.086373 0.229427
0.069084 0.084035 0.232081
0.062201 0.086663 0.228829
0.066091 0.086248 0.228922
0.068197 0.084381 0.234694
0.066837 0.085223 0.236444
0.062859 0.086875 0.227876
0.063044 0.086859 0.227865
0.065321 0.086812 0.225152
0.066343 0.085426 0.236700
0.062253 0.087608 0.232598
0.068305 0.085402 0.228281
0.062666 0.086672 0.228993
0.066959 0.085274 0.232274
0.070261 0.082886 0.234498
0.066943 0.086197 0.227437
0.062757 0.087161 0.231869
0.065638 0.086372 0.228887
0.066415 0.085697 0.234357
0.068850 0.083473 0.236165
0.065193 0.086549 0.235004
0.062446 0.086828 0.228275
0.067452 0.085165 0.231336
0.069655 0.083528 0.232429
0.065661 0.086142 0.229965
0.068490 0.084623 0.230659
0.065813 0.085826 0.231897
0.065517 0.086565 0.226855
0.063894 0.087251 0.234494
0.066335 0.085797 0.230797
0.060350 0.088165 0.232385
0.067596 0.085124 0.231151
0.067754 0.084709 0.234502
0.063094 0.086675 0.229026
0.061363 0.087808 0.232338
0.066272 0.086135 0.229317
0.067915 0.084256 0.236369
0.068054 0.084669 0.232095
0.061047 0.087627 0.231558
0.060756 0.088450 0.234772
0.066375 0.086165 0.228664
0.066550 0.085710 0.230733
0.069894 0.083126 0.234314
0.060064 0.088741 0.234029
0.061761 0.088030 0.234316
0.068608 0.084078 0.234206
0.059843 0.088417 0.232867
0.063790 0.086905 0.226516
0.060453 0.088671 0.234938
0.063812 0.087334 0.236164
0.062360 0.087627 0.232838
0.062337 0.087964 0.234808
0.062790 0.087019 0.237021
0.068939 0.083859 0.234087
0.065232 0.086232 0.230124
0.064114 0.086708 0.227445
0.066749 0.085426 0.231892
0.063443 0.086691 0.228532
0.065733 0.085964 0.236007
0.067054 0.086162 0.227572
0.068293 0.084603 0.231729
0.062234 0.087691 0.233086
0.065658 0.086340 0.229058
0.067302 0.084958 0.235812
0.066086 0.086565 0.226515
0.060920 0.088285 0.234090
0.069629 0.083174 0.235697
0.062019 0.086692 0.229162
0.067239 0.086147 0.227341
0.061124 0.088371 0.236556
0.063296 0.086942 0.226824
0.069172 0.084031 0.230526
0.059676 0.087406 0.230153
0.066886 0.085659 0.229727
0.065477 0.086200 0.230213
0.067465 0.084850 0.235497
0.062164 0.087153 0.227460
0.064746 0.086365 0.229577
0.064027 0.087227 0.236552
0.065004 0.086645 0.227086
0.069189 0.083659 0.234264
0.068801 0.082868 0.230652
0.059892 0.087639 0.230933
0.061970 0.087916 0.234127
0.066810 0.085890 0.229314
0.067176 0.085061 0.235668
0.062194 0.087554 0.232341
0.064895 0.086463 0.228384
0.070257 0.082812 0.233782
0.069384 0.082384 0.231299
0.061820 0.087889 0.233605
0.061463 0.087075 0.230259
0.061437 0.087012 0.229937
0.066989 0.086293 0.226452
0.067613 0.084882 0.232508
0.065419 0.086369 0.234997
0.067521 0.085402 0.230056
0.067525 0.084953 0.231664
0.066079 0.085829 0.233226
0.062899 0.087793 0.235993
0.068869 0.083685 0.236094
0.065457 0.086383 0.235313
0.070060 0.083134 0.232702
0.060799 0.087970 0.232338
0.069484 0.083741 0.231407
0.069470 0.082038 0.231742
0.066280 0.086527 0.226568
0.066551 0.085773 0.230199
0.063574 0.086687 0.229025
0.066298 0.086003 0.229580
0.069787 0.082330 0.234798
0.061885 0.088017 0.234438
0.062317 0.087173 0.227300
0.066382 0.086395 0.227019
0.062105 0.088145 0.235548
0.066536 0.086429 0.226862
0.065541 0.086146 0.236059
0.065292 0.086680 0.226573
0.066641 0.085388 0.236196
0.068034 0.085660 0.228053
0.059701 0.087500 0.230406
0.069856 0.083155 0.233797
0.063688 0.086612 0.237004
0.067834 0.084577 0.236077
0.065712 0.084448 0.228297
0.069848 0.083347 0.232727
0.060268 0.088707 0.236408
0.064097 0.086618 0.232209
0.066250 0.085768 0.233623
0.067598 0.085021 0.231500
0.059462 0.087364 0.230036
0.066762 0.085966 0.229192
0.068069 0.084855 0.231016
0.061112 0.088146 0.233883
0.068307 0.084797 0.230345
0.068981 0.083992 0.233144
0.067129 0.085080 0.236165
0.063396 0.087451 0.234002
0.061796 0.087413 0.231440
0.067412 0.085757 0.229015
0.064492 0.086588 0.228691
0.062861 0.086685 0.230361
0.066746 0.085373 0.234042
0.066486 0.085861 0.229783
0.067537 0.084980 0.231822
0.063017 0.086661 0.230429
0.059842 0.088794 0.233990
0.068566 0.085069 0.228924
0.065409 0.086323 0.234638
0.065528 0.086018 0.232243
0.061301 0.088488 0.235865
0.068071 0.084638 0.232323
0.063978 0.087008 0.233377
0.066383 0.085633 0.231594
0.060409 0.086964 0.228863
0.068528 0.084021 0.235978
0.069992 0.083286 0.232450
0.064761 0.086490 0.228291
0.061780 0.087055 0.236537
0.067925 0.085386 0.229391
0.064224 0.086647 0.227664
0.061021 0.088215 0.234493
0.065865 0.085916 0.232740
0.064817 0.086807 0.235003
0.063631 0.086927 0.226960
0.062646 0.087122 0.226855
0.065943 0.086219 0.229385
0.070009 0.083182 0.232226
0.065924 0.086440 0.227640
0.068441 0.084231 0.233956
0.061544 0.087830 0.232751
0.063596 0.086877 0.232176
0.061173 0.088065 0.233284
0.063961 0.087027 0.236776
0.060177 0.088033 0.232013
0.062925 0.086766 0.228402
0.061300 0.086772 0.228258
0.060369 0.088344 0.233164
0.064253 0.086390 0.231254
0.068383 0.085091 0.229591
0.066907 0.085452 0.230477
0.068683 0.084183 0.232599
0.065948 0.085903 0.234142
0.062418 0.086976 0.227715
0.067154 0.085186 0.234653
0.062736 0.087821 0.234454
0.060026 0.087355 0.230123
0.065750 0.086054 0.233596
0.064397 0.086555 0.227883
0.062201 0.088096 0.236170
0.063125 0.087257 0.232850
0.065468 0.086254 0.233386
0.068885 0.084352 0.231069
0.066135 0.085738 0.231846
0.063571 0.086703 0.228020
0.067044 0.086225 0.225768
0.067726 0.084820 0.232670
0.066722 0.086375 0.226948
0.061425 0.087964 0.233588
0.059880 0.088204 0.232261
0.062721 0.086843 0.230703
0.066976 0.085285 0.233577
0.060008 0.088091 0.236807
0.060867 0.087310 0.230425
0.060792 0.087786 0.231926
0.067562 0.082865 0.231586
0.064676 0.086884 0.225799
0.063043 0.086873 0.227613
0.063793 0.086411 0.230396
0.066093 0.085866 0.234270
0.066883 0.086338 0.225842
0.067453 0.085893 0.228325
0.062821 0.086996 0.231294
0.059973 0.087021 0.228697
0.068059 0.084459 0.235683
0.066037 0.086672 0.225436
0.063901 0.086430 0.229981
