0.033921 -0.010133 0.224221
0.034948 -0.010940 0.219356
0.036645 -0.014886 0.220323
0.036204 -0.017550 0.224436
0.033261 -0.011585 0.224953
0.037196 -0.005593 0.217914
0.036958 -0.011517 0.219290
0.037212 -0.006708 0.218547
0.038088 -0.015510 0.224187
0.037321 -0.005078 0.217806
0.034527 -0.014343 0.220528
0.038253 -0.014416 0.223927
0.033661 -0.010836 0.217234
0.033869 -0.010902 0.218248
0.036157 -0.004980 0.216626
0.037762 -0.008010 0.220478
0.028101 -0.010512 0.222756
0.037829 -0.012955 0.221330
0.038216 -0.004017 0.217933
0.037234 -0.012947 0.219959
0.035056 -0.013756 0.220414
0.035414 -0.003875 0.219640
0.038119 -0.008120 0.221663
0.038317 -0.005742 0.220219
0.031865 -0.015785 0.216955
0.035324 -0.012162 0.223257
0.037308 -0.012658 0.219894
0.036956 -0.012604 0.219542
0.037876 -0.011868 0.222390
0.033077 -0.012647 0.216737
0.037682 -0.013364 0.221347
0.035695 -0.009620 0.217798
0.032800 -0.010533 0.216344
0.029733 -0.012742 0.224502
0.036148 -0.005914 0.216708
0.038104 -0.007448 0.221608
0.030800 -0.010604 0.215099
0.035820 -0.007055 0.223513
0.033482 -0.012012 0.216979
0.037854 -0.011186 0.222180
0.036791 -0.017639 0.223285
0.033210 -0.008569 0.223731
0.037778 -0.013120 0.221539
0.036675 -0.007225 0.218041
0.035870 -0.017063 0.224616
0.034334 -0.010470 0.218609
0.036518 -0.009637 0.224061
0.037109 -0.016993 0.223501
0.030801 -0.011306 0.215075
0.034653 -0.014450 0.213828
0.037434 -0.010053 0.224120
0.038779 -0.006502 0.222688
0.033747 -0.006221 0.222035
0.031969 -0.012320 0.223403
0.031287 -0.013918 0.223706
0.037654 -0.013297 0.221707
0.030132 -0.013048 0.223230
0.033336 -0.015881 0.224686
0.033728 -0.008978 0.216594
0.035495 -0.008422 0.216656
0.035982 -0.012071 0.222947
0.033474 -0.010068 0.222979
0.037977 -0.012029 0.222608
0.035540 -0.012705 0.222953
0.035668 -0.011601 0.218256
0.035223 -0.009611 0.216591
0.036381 -0.004843 0.221366
0.038552 -0.005081 0.220764
0.032733 -0.013920 0.213040
0.033910 -0.013906 0.224946
0.037177 -0.009292 0.219605
0.032535 -0.007649 0.223622
0.031519 -0.007886 0.222546
0.038333 -0.006290 0.221377
0.032556 -0.008305 0.223704
0.036328 -0.016153 0.220501
0.030077 -0.011006 0.224191
0.036368 -0.008879 0.222232
0.038060 -0.004790 0.218303
0.029393 -0.012588 0.224379
0.036929 -0.017314 0.220181
0.035956 -0.015746 0.224635
0.037772 -0.011733 0.223996
0.029357 -0.010922 0.224028
0.036633 -0.014867 0.222315
0.031479 -0.015542 0.215423
0.034521 -0.012679 0.223454
0.037232 -0.013282 0.220105
0.031206 -0.009464 0.222926
0.035336 -0.010202 0.224318
0.031869 -0.012452 0.215729
0.037290 -0.014857 0.224392
0.037867 -0.013683 0.223189
0.035319 -0.009884 0.216943
0.036638 -0.008564 0.221394
0.036546 -0.012977 0.218859
0.035606 -0.013153 0.221380
0.037972 -0.008001 0.221258
0.034024 -0.010677 0.223139
0.036682 -0.006496 0.217297
0.033342 -0.014638 0.224839
0.035887 -0.014406 0.224654
0.037775 -0.013746 0.224341
0.033358 -0.014175 0.224882
0.028769 -0.012321 0.224152
0.038037 -0.010407 0.221231
0.029999 -0.011825 0.224273
0.037194 -0.014144 0.222048
0.039052 -0.006404 0.222350
0.036494 -0.013543 0.218458
0.030332 -0.010068 0.222849
0.036729 -0.006229 0.221504
0.037479 -0.012435 0.224240
0.035387 -0.010116 0.217330
0.033303 -0.014651 0.218746
0.030447 -0.011986 0.214850
0.034949 -0.012424 0.219770
0.038164 -0.015759 0.223519
0.037826 -0.012431 0.220476
0.037916 -0.008294 0.221274
0.032654 -0.012236 0.216256
0.032516 -0.007286 0.222396
0.036435 -0.015320 0.221238
0.032206 -0.008219 0.223791
0.035092 -0.003666 0.221591
0.035217 -0.010948 0.217175
0.034949 -0.009841 0.216240
0.037944 -0.012275 0.220825
0.037638 -0.008745 0.220362
0.035619 -0.012121 0.217378
0.033675 -0.009113 0.222839
0.036628 -0.017596 0.220807
0.032477 -0.012880 0.224803
0.033391 -0.012907 0.217117
0.035695 -0.010314 0.220352
0.030944 -0.013328 0.224688
0.033341 -0.012344 0.216969
0.031422 -0.010753 0.222965
0.037679 -0.014864 0.224342
0.031128 -0.015618 0.224683
0.030791 -0.011704 0.224504
0.032206 -0.013415 0.216006
0.036822 -0.014599 0.221812
0.032791 -0.014928 0.224802
0.035131 -0.007869 0.216298
0.035456 -0.009393 0.217276
0.038380 -0.015401 0.223814
0.038300 -0.006805 0.222892
0.034815 -0.013279 0.223043
0.031578 -0.014265 0.215507
0.034641 -0.010343 0.219197
0.036901 -0.005888 0.221170
0.034750 -0.009479 0.219039
0.037987 -0.008878 0.221689
0.037870 -0.009489 0.221288
0.033901 -0.010227 0.223037
0.037828 -0.009295 0.221031
0.037884 -0.008191 0.221127
0.038094 -0.010776 0.221388
0.036736 -0.017633 0.222924
0.037724 -0.012560 0.220388
0.031596 -0.006949 0.222511
0.036712 -0.008874 0.219152
0.035615 -0.009269 0.217676
0.032204 -0.014506 0.223741
0.036946 -0.007584 0.218861
0.036419 -0.009858 0.222338
0.029285 -0.014792 0.224664
0.037750 -0.013405 0.222330
0.034945 -0.008113 0.222615
0.037747 -0.013631 0.222922
0.037011 -0.009617 0.219365
0.030529 -0.011010 0.215015
0.034486 -0.013281 0.223368
0.033791 -0.012969 0.223817
0.028894 -0.010064 0.222769
0.033798 -0.011085 0.223253
0.037451 -0.009845 0.220008
0.037877 -0.012658 0.220995
0.031766 -0.015591 0.222373
0.033240 -0.011508 0.217971
0.036440 -0.011582 0.218797
0.038605 -0.008664 0.223309
0.033489 -0.010352 0.217108
0.037505 -0.014304 0.224418
0.032105 -0.015286 0.224735
0.038044 -0.006823 0.220999
0.037684 -0.009620 0.220422
0.032997 -0.013608 0.224886
0.031332 -0.008234 0.222782
0.035963 -0.011155 0.221334
0.036515 -0.006711 0.221679
0.032956 -0.009528 0.215965
0.037135 -0.007521 0.219064
0.032948 -0.015536 0.224787
0.031627 -0.010113 0.222930
0.035731 -0.016688 0.224660
0.031162 -0.009702 0.222910
0.036460 -0.005973 0.216921
0.037757 -0.012830 0.224224
0.038626 -0.005161 0.221039
0.036648 -0.013619 0.224545
0.036961 -0.013238 0.219398
0.037051 -0.010692 0.224223
0.029313 -0.010145 0.222810
0.034590 -0.009300 0.218645
0.034014 -0.011940 0.217631
0.035563 -0.013201 0.224656
0.032203 -0.014574 0.215933
0.029570 -0.011513 0.224082
0.038223 -0.006404 0.221200
0.037285 -0.013928 0.221850
0.034264 -0.013271 0.218878
0.034657 -0.016831 0.224720
0.035012 -0.010459 0.216922
0.034895 -0.013290 0.215069
0.038306 -0.004746 0.218413
0.035431 -0.013002 0.216766
0.034951 -0.013126 0.219669
0.036159 -0.016492 0.221643
0.034379 -0.007299 0.222367
0.037895 -0.012394 0.222051
0.034940 -0.013428 0.219968
0.031435 -0.016015 0.215619
0.037328 -0.004938 0.217729
0.032911 -0.014472 0.216895
0.030077 -0.014212 0.224837
0.035947 -0.016007 0.221075
0.030218 -0.011708 0.214745
0.037483 -0.013686 0.220524
0.029455 -0.008996 0.222717
0.034813 -0.012549 0.219381
0.033659 -0.014027 0.223482
0.035364 -0.008473 0.223604
0.037093 -0.016637 0.223393
0.037989 -0.013027 0.223215
0.033788 -0.007277 0.223790
0.035462 -0.007177 0.223541
0.037231 -0.006164 0.218282
0.036617 -0.017470 0.221087
0.034426 -0.010235 0.218821
0.037886 -0.007064 0.220196
0.037172 -0.014264 0.220924
0.038405 -0.005023 0.218921
0.035417 -0.017156 0.224611
0.033187 -0.014001 0.223747
0.033547 -0.011834 0.218308
0.030805 -0.013952 0.223564
0.036088 -0.010696 0.218488
0.036533 -0.015114 0.223009
0.037968 -0.016237 0.223591
0.038924 -0.005422 0.222404
0.038757 -0.004399 0.219022
0.035549 -0.008624 0.217231
0.034303 -0.015301 0.224683
0.038240 -0.006201 0.221052
0.034213 -0.009869 0.224041
0.033923 -0.010146 0.217715
0.029538 -0.014483 0.224839
0.038119 -0.013542 0.223643
0.033173 -0.014192 0.217096
0.037590 -0.004472 0.217787
0.034088 -0.011615 0.224838
0.033278 -0.006532 0.222130
0.033302 -0.014174 0.217795
0.036558 -0.008723 0.218801
0.038193 -0.008033 0.222036
0.037913 -0.010475 0.222754
0.036267 -0.015378 0.220433
0.029507 -0.014286 0.223323
0.028244 -0.015085 0.224305
0.032028 -0.005939 0.222382
0.034424 -0.004212 0.221813
0.033739 -0.014189 0.224889
0.036345 -0.007554 0.223581
0.034833 -0.010861 0.223259
0.035978 -0.014818 0.224633
0.036347 -0.006783 0.216965
0.031664 -0.009330 0.224384
0.037775 -0.007731 0.220151
0.036179 -0.014110 0.224579
0.032134 -0.008462 0.222720
0.030933 -0.009351 0.222919
0.036495 -0.008652 0.220994
0.038059 -0.012692 0.223741
0.038013 -0.007683 0.221312
0.037794 -0.011887 0.220191
0.029698 -0.011340 0.214626
0.037027 -0.013523 0.219618
0.032967 -0.012087 0.224889
0.031369 -0.016043 0.224686
0.032722 -0.005417 0.222295
0.036685 -0.016906 0.224422
0.037715 -0.007109 0.219620
0.036610 -0.014918 0.223016
0.035392 -0.012450 0.216834
0.028586 -0.013509 0.224575
0.030909 -0.015541 0.215141
0.034660 -0.009595 0.222976
0.034304 -0.011794 0.223456
0.036861 -0.014858 0.220112
0.032238 -0.012406 0.224772
0.038712 -0.004515 0.220250
0.037258 -0.011750 0.219479
0.036407 -0.015355 0.222574
0.030820 -0.008527 0.224021
0.032436 -0.010266 0.224611
0.037322 -0.006857 0.218878
0.035235 -0.011065 0.224617
0.032559 -0.011679 0.223340
0.036896 -0.007362 0.218558
0.037057 -0.012191 0.219293
0.028367 -0.011509 0.222887
0.034825 -0.011519 0.223382
0.036948 -0.012310 0.224325
0.032060 -0.012743 0.223518
0.037984 -0.012609 0.223983
0.034904 -0.014053 0.220417
0.034097 -0.012987 0.223787
0.030113 -0.009371 0.222783
0.029667 -0.010396 0.222814
0.036364 -0.005172 0.221492
0.036703 -0.010863 0.219060
0.030515 -0.015318 0.214945
0.030448 -0.015510 0.223215
0.028637 -0.013545 0.223120
0.038636 -0.007991 0.222749
0.034734 -0.007729 0.222614
0.037304 -0.011043 0.224185
0.038071 -0.012179 0.223208
0.030394 -0.012140 0.223069
0.038832 -0.006073 0.221941
0.033335 -0.013798 0.217255
0.031910 -0.015448 0.215930
0.033593 -0.010518 0.217649
0.035319 -0.016719 0.224673
0.037538 -0.013629 0.221427
0.032996 -0.014016 0.224863
0.033572 -0.013303 0.225001
0.033888 -0.011895 0.217801
0.037821 -0.004308 0.217784
0.035704 -0.006631 0.216555
0.038999 -0.005910 0.222025
0.033198 -0.016300 0.224704
0.036618 -0.007922 0.218618
0.036078 -0.009408 0.220420
0.027503 -0.013742 0.223081
0.035631 -0.010180 0.222767
0.034754 -0.011958 0.219520
0.037385 -0.008970 0.219866
0.032436 -0.015762 0.219251
0.029585 -0.007639 0.222541
0.035605 -0.004954 0.221641
0.032686 -0.010335 0.222984
0.036661 -0.007848 0.220880
0.036198 -0.013295 0.217889
0.032422 -0.012100 0.223444
0.037803 -0.011563 0.221515
0.031441 -0.011692 0.224670
0.037569 -0.013326 0.224414
0.031037 -0.010930 0.215221
0.036927 -0.012927 0.219569
0.035242 -0.012761 0.220225
0.036239 -0.007694 0.217742
0.031867 -0.014419 0.223771
0.037416 -0.013827 0.220601
0.033126 -0.014579 0.223477
0.032315 -0.012294 0.223476
0.030721 -0.007348 0.222562
0.036204 -0.007115 0.222018
0.037974 -0.012113 0.221036
0.031643 -0.012155 0.223276
0.037024 -0.004708 0.222102
0.029341 -0.011437 0.214442
0.033020 -0.011409 0.216552
0.032798 -0.007136 0.222338
0.033028 -0.006516 0.222184
0.037886 -0.012571 0.221323
0.033806 -0.010482 0.215395
0.037603 -0.013641 0.220807
0.034884 -0.013682 0.222398
0.029068 -0.013721 0.223214
0.030198 -0.015528 0.224698
0.030676 -0.013607 0.223443
0.036426 -0.015082 0.222345
0.031753 -0.013976 0.215693
0.032763 -0.012309 0.213951
0.031989 -0.014773 0.223620
0.032603 -0.014720 0.216378
0.037911 -0.012486 0.222318
0.028564 -0.013199 0.224502
0.035413 -0.007539 0.222524
0.038073 -0.010758 0.223030
0.033012 -0.014843 0.223257
0.032754 -0.014130 0.216608
0.032516 -0.011599 0.216118
0.035653 -0.008676 0.217665
0.036924 -0.016357 0.223233
0.037003 -0.015914 0.220043
0.030445 -0.006781 0.222483
0.037148 -0.007598 0.223556
0.036865 -0.012882 0.219262
0.038339 -0.005592 0.220023
0.035052 -0.007443 0.222560
0.031810 -0.010417 0.222961
0.036232 -0.008980 0.220541
0.029429 -0.011294 0.214474
0.035261 -0.010809 0.223134
0.038246 -0.015282 0.224051
0.037929 -0.010929 0.220804
0.034751 -0.015832 0.224673
0.033031 -0.008374 0.222617
0.036228 -0.009377 0.223835
0.037853 -0.011794 0.221701
0.038640 -0.004706 0.219281
0.031254 -0.009035 0.224239
0.031757 -0.013936 0.223800
0.034159 -0.008825 0.222833
0.032539 -0.011899 0.216063
0.036743 -0.007583 0.223570
0.036476 -0.010053 0.222088
0.037904 -0.007020 0.219944
0.034096 -0.009295 0.222891
0.036620 -0.007970 0.221324
0.033275 -0.006105 0.222112
0.037872 -0.012827 0.221535
0.038035 -0.012163 0.222813
0.031699 -0.013538 0.223684
0.031880 -0.011101 0.224715
0.036824 -0.011845 0.219070
0.037693 -0.016701 0.224055
0.037051 -0.015077 0.222892
0.036310 -0.010534 0.222080
0.036051 -0.010680 0.224466
0.036585 -0.013341 0.224607
0.032514 -0.014265 0.216303
0.037116 -0.010001 0.219341
0.034538 -0.012792 0.224969
0.035057 -0.010674 0.224545
0.037495 -0.005078 0.217975
0.038360 -0.008759 0.222759
0.029547 -0.015532 0.224537
0.034642 -0.008417 0.222666
0.035980 -0.005148 0.220566
0.036613 -0.017412 0.221706
0.037967 -0.011098 0.223908
0.037850 -0.011544 0.222363
0.034296 -0.012556 0.218653
0.033468 -0.009613 0.224044
0.035715 -0.010383 0.218000
0.033735 -0.014256 0.219088
0.032762 -0.014708 0.223536
0.036584 -0.016711 0.224470
0.032871 -0.016120 0.224719
0.037873 -0.007033 0.219798
0.038202 -0.006118 0.220518
0.030161 -0.008352 0.222691
0.034789 -0.013293 0.219360
0.036043 -0.010608 0.222544
0.031681 -0.012247 0.215600
0.036786 -0.007754 0.218858
0.031743 -0.009116 0.224294
0.035264 -0.006949 0.222356
0.032371 -0.014470 0.216135
0.033241 -0.009267 0.216098
0.035363 -0.011485 0.223316
0.033090 -0.008904 0.223858
0.032871 -0.013938 0.216731
0.038008 -0.016510 0.223886
0.037442 -0.013816 0.221339
0.038235 -0.010417 0.223643
0.035454 -0.008173 0.216435
0.038474 -0.006564 0.221652
0.036862 -0.017278 0.223362
0.039176 -0.005422 0.222355
0.029404 -0.009219 0.222738
0.027926 -0.014278 0.223136
0.036282 -0.011798 0.218697
0.036899 -0.008333 0.223738
0.033660 -0.011039 0.218171
0.036569 -0.009554 0.218783
0.032112 -0.013723 0.224782
0.036109 -0.010606 0.221263
0.033268 -0.009968 0.224312
0.030199 -0.007272 0.222515
0.037044 -0.015632 0.219334
0.033781 -0.012272 0.218137
0.035986 -0.007502 0.216912
0.036711 -0.012827 0.218993
0.033054 -0.012315 0.216594
0.028113 -0.009861 0.222741
0.033809 -0.012052 0.218436
0.036552 -0.008224 0.221828
0.036801 -0.005869 0.221000
0.036061 -0.008248 0.218020
0.033622 -0.016289 0.224642
0.037941 -0.012854 0.222699
0.037862 -0.009511 0.221611
0.032749 -0.009556 0.224267
0.035090 -0.010875 0.216807
0.031614 -0.008719 0.224124
0.037402 -0.016261 0.224291
0.029958 -0.010919 0.222849
0.029197 -0.012130 0.222934
0.036266 -0.006211 0.216774
0.037908 -0.013366 0.223221
0.035824 -0.012850 0.217402
0.029391 -0.007989 0.222595
0.032768 -0.013779 0.224852
0.034822 -0.014049 0.220176
0.028734 -0.014242 0.224755
0.030236 -0.013777 0.224727
0.030694 -0.007734 0.222628
0.038347 -0.005494 0.219842
0.036307 -0.007250 0.217155
0.037717 -0.007577 0.223424
0.036665 -0.017144 0.222186
0.036411 -0.015018 0.222235
0.030395 -0.014092 0.223486
0.031822 -0.008558 0.222806
0.036258 -0.003450 0.222074
0.036211 -0.007327 0.217071
0.037872 -0.009441 0.223863
0.033906 -0.016659 0.224608
0.035098 -0.010882 0.219174
0.034105 -0.004956 0.222014
0.034114 -0.004386 0.221959
0.034830 -0.012232 0.219361
0.033839 -0.009891 0.222998
0.035398 -0.011240 0.223210
0.037037 -0.004174 0.217111
0.038026 -0.008980 0.222404
0.032626 -0.011478 0.216217
0.037606 -0.013078 0.220519
0.036376 -0.008701 0.218460
0.037521 -0.013560 0.220572
0.028096 -0.011136 0.222839
0.037767 -0.015230 0.224263
0.037927 -0.012959 0.222984
0.037919 -0.009262 0.222258
0.036525 -0.010487 0.218840
0.038150 -0.005998 0.219817
0.032996 -0.005566 0.222216
0.038045 -0.011003 0.221140
0.033637 -0.011119 0.217171
0.030069 -0.013450 0.224720
0.037505 -0.014193 0.222919
0.038014 -0.011013 0.221014
0.035077 -0.010526 0.219826
0.036270 -0.013096 0.218492
0.034475 -0.014558 0.224678
0.033715 -0.007831 0.222510
0.035271 -0.010072 0.222948
0.029886 -0.014296 0.224857
0.030326 -0.015117 0.223555
0.036550 -0.016030 0.222449
0.031986 -0.012818 0.215805
0.036995 -0.004558 0.217212
0.038861 -0.004230 0.219294
0.029106 -0.011227 0.223850
0.037591 -0.010126 0.220123
0.033973 -0.013872 0.219016
0.036016 -0.005432 0.216704
0.034698 -0.013877 0.219892
0.038504 -0.006066 0.221590
0.031310 -0.011206 0.215310
0.037762 -0.013107 0.221697
0.033946 -0.014205 0.223009
0.036270 -0.011218 0.218709
0.038153 -0.011081 0.223278
0.037635 -0.011971 0.219943
0.037105 -0.006086 0.217949
0.036126 -0.012518 0.222697
0.033980 -0.006586 0.222070
0.035518 -0.009262 0.223784
0.035622 -0.012194 0.223089
0.029019 -0.008140 0.222575
0.038362 -0.015652 0.223674
0.036008 -0.015736 0.221222
0.038623 -0.004834 0.220530
0.031216 -0.006309 0.222491
0.034271 -0.013510 0.224918
0.028837 -0.015243 0.223298
0.034652 -0.013832 0.224809
0.037375 -0.013674 0.222135
0.036534 -0.016839 0.222012
0.033001 -0.014501 0.224858
0.037315 -0.004601 0.217608
0.038070 -0.010776 0.221092
0.034843 -0.012980 0.219456
0.030428 -0.011559 0.224307
0.036219 -0.015016 0.221949
0.036611 -0.009392 0.221759
0.036494 -0.012049 0.218848
0.038342 -0.003292 0.217741
0.036383 -0.008584 0.218428
0.030818 -0.008410 0.222818
0.037183 -0.005148 0.217727
0.032868 -0.011651 0.223355
0.036301 -0.017289 0.224427
0.034992 -0.010566 0.223152
0.033812 -0.011823 0.214693
0.036697 -0.009978 0.218848
0.037977 -0.012852 0.222973
0.033830 -0.012611 0.217751
0.029941 -0.013891 0.223342
0.029018 -0.013389 0.224653
0.029802 -0.008905 0.222719
0.032876 -0.009062 0.215832
0.037409 -0.013645 0.221973
0.029372 -0.013521 0.223257
0.036246 -0.014501 0.224502
0.033340 -0.012677 0.224992
0.036612 -0.009331 0.223880
0.031790 -0.008886 0.224173
0.033026 -0.007458 0.223594
0.036928 -0.010898 0.219327
0.037731 -0.013252 0.222135
0.036459 -0.017219 0.224326
0.033446 -0.008701 0.222699
0.038158 -0.009892 0.222758
0.038161 -0.010892 0.223653
0.029115 -0.011173 0.222935
0.035824 -0.008357 0.217808
0.033876 -0.012363 0.218265
0.035952 -0.006172 0.216636
0.035297 -0.008568 0.219153
0.036293 -0.015339 0.220923
0.032996 -0.007987 0.222568
0.034554 -0.006611 0.223611
0.036132 -0.012779 0.217996
0.038036 -0.013565 0.224112
0.038030 -0.011446 0.223721
0.036489 -0.006122 0.221706
0.037852 -0.004581 0.217985
0.031252 -0.011327 0.223000
0.032754 -0.007890 0.222482
0.035690 -0.006856 0.222218
0.035087 -0.012582 0.216680
0.038662 -0.004643 0.220761
0.033431 -0.011206 0.218061
0.036298 -0.016701 0.221713
0.032674 -0.010609 0.224722
0.037695 -0.010446 0.220233
0.035601 -0.012150 0.224733
0.034060 -0.007206 0.222273
0.036624 -0.017621 0.221360
0.038052 -0.005886 0.219420
0.033636 -0.014904 0.224756
0.032180 -0.014139 0.223787
0.029763 -0.012621 0.214574
0.035178 -0.013073 0.220256
0.035440 -0.009379 0.219600
0.033412 -0.008478 0.216344
0.029566 -0.012352 0.214504
0.035054 -0.012950 0.219788
0.029728 -0.013057 0.214602
0.027459 -0.013228 0.223008
0.028799 -0.013131 0.223064
0.036036 -0.009668 0.222532
0.033135 -0.007875 0.223628
0.038168 -0.005126 0.218666
0.036048 -0.004348 0.221006
0.037750 -0.008549 0.220687
0.037814 -0.008951 0.220931
0.031397 -0.009969 0.224459
0.036799 -0.004571 0.216989
0.033547 -0.012207 0.223577
0.036318 -0.009549 0.223966
0.036214 -0.015047 0.224576
0.036120 -0.013061 0.222362
0.036460 -0.008702 0.223733
0.036966 -0.007401 0.223501
0.032135 -0.010461 0.215678
0.036319 -0.013331 0.218256
0.036196 -0.009252 0.222395
0.038060 -0.004145 0.217832
0.038370 -0.010197 0.223212
0.038385 -0.005982 0.221284
0.029928 -0.010097 0.222824
0.036701 -0.017084 0.222527
0.037227 -0.016303 0.223349
0.037833 -0.006210 0.219239
0.037448 -0.013866 0.222627
0.035813 -0.008070 0.222378
0.030773 -0.012467 0.224650
0.034103 -0.015712 0.224628
0.033654 -0.010340 0.217471
0.036012 -0.015327 0.224638
0.028402 -0.012603 0.222913
0.036131 -0.015764 0.221561
0.036491 -0.004701 0.216734
0.034186 -0.006681 0.223647
0.036765 -0.016065 0.223103
0.035920 -0.015792 0.221000
0.036558 -0.016395 0.222301
0.034663 -0.012905 0.219202
0.035367 -0.011854 0.223375
0.036313 -0.016330 0.221906
0.035202 -0.005998 0.222012
0.030786 -0.009670 0.222887
0.034612 -0.008744 0.222718
0.035616 -0.011646 0.220776
0.037823 -0.012004 0.223985
0.034276 -0.009834 0.217848
0.035504 -0.010965 0.223078
0.034277 -0.013865 0.219289
0.035850 -0.015637 0.220803
0.035918 -0.009271 0.222525
0.033242 -0.005381 0.222177
0.037107 -0.004400 0.217365
0.034185 -0.014388 0.224805
0.036295 -0.016632 0.221021
0.032716 -0.009074 0.224047
0.031005 -0.012565 0.215179
0.036589 -0.015008 0.222493
0.036433 -0.007274 0.221661
0.028570 -0.014123 0.223180
0.030440 -0.012981 0.224622
0.033424 -0.010736 0.216991
0.033350 -0.009323 0.222845
0.036190 -0.008293 0.222196
0.037344 -0.011440 0.219604
0.036497 -0.017094 0.221602
0.036139 -0.012599 0.222284
0.031976 -0.014948 0.224705
0.036009 -0.012825 0.221975
0.028956 -0.012496 0.222950
0.036713 -0.015754 0.224408
0.036251 -0.009116 0.223740
0.033677 -0.011581 0.223394
0.038523 -0.004361 0.218268
0.033632 -0.012731 0.217244
0.036357 -0.007403 0.217612
0.036945 -0.006829 0.220721
0.034619 -0.010208 0.219163
0.036358 -0.007902 0.223643
0.037926 -0.006762 0.219790
0.034792 -0.011733 0.219701
0.035486 -0.006550 0.222159
0.034211 -0.011173 0.223298
0.037164 -0.008764 0.219571
0.032856 -0.006722 0.222271
0.033538 -0.011812 0.218093
0.035114 -0.011552 0.216403
0.033583 -0.007699 0.223697
0.033788 -0.015248 0.224698
0.033640 -0.009951 0.217128
0.038297 -0.006101 0.221148
0.035105 -0.009250 0.219271
0.033691 -0.008382 0.216647
0.035427 -0.013328 0.215986
0.029758 -0.011175 0.214648
0.037263 -0.012122 0.219510
0.033605 -0.014636 0.222868
0.036511 -0.007542 0.218075
0.034152 -0.006049 0.223528
0.035710 -0.015751 0.220711
0.036838 -0.006760 0.220585
0.029836 -0.011586 0.214634
0.035159 -0.014474 0.224681
0.034045 -0.007683 0.223732
0.032491 -0.012169 0.224801
0.036403 -0.005216 0.221329
0.030944 -0.010918 0.224386
0.031594 -0.015795 0.215561
0.037040 -0.013687 0.219951
0.032702 -0.010029 0.215965
0.031620 -0.008639 0.222872
0.034629 -0.004226 0.221752
0.031532 -0.009128 0.224324
0.034273 -0.012509 0.224984
0.036902 -0.006840 0.218049
0.033741 -0.009579 0.223944
0.036436 -0.008956 0.220932
0.035336 -0.009863 0.219740
0.031513 -0.013012 0.215516
0.035543 -0.012166 0.217160
0.035416 -0.010647 0.217684
0.036504 -0.015028 0.222680
0.034316 -0.011237 0.224728
0.037787 -0.010781 0.220460
0.035623 -0.016906 0.224631
0.032330 -0.013883 0.216166
0.034459 -0.009763 0.218342
0.037105 -0.016104 0.224366
0.029698 -0.010043 0.224059
0.031634 -0.010974 0.215432
0.035760 -0.008390 0.223638
0.037053 -0.017349 0.224229
0.037268 -0.009017 0.223879
0.037829 -0.012202 0.220355
0.038202 -0.003813 0.217869
0.033482 -0.013309 0.223847
0.036831 -0.011223 0.219208
0.032252 -0.008294 0.222643
0.035560 -0.008529 0.216945
0.032836 -0.010876 0.216422
0.036450 -0.015269 0.220877
0.036777 -0.007093 0.218225
0.031552 -0.016054 0.216081
0.032825 -0.006391 0.223523
0.037172 -0.007231 0.218859
0.035201 -0.014866 0.224688
0.034643 -0.009750 0.224001
0.032424 -0.013643 0.224825
0.037367 -0.006124 0.218518
0.034212 -0.008396 0.216125
0.038155 -0.006406 0.220876
0.038816 -0.007431 0.222554
0.032363 -0.014871 0.216285
0.034972 -0.012723 0.219710
0.033908 -0.012154 0.217632
0.035781 -0.012635 0.221293
0.038750 -0.005411 0.221462
0.035916 -0.008006 0.217618
0.036196 -0.006367 0.221921
0.034345 -0.009819 0.218652
0.033585 -0.009152 0.216437
0.033860 -0.011721 0.217573
0.031433 -0.010512 0.224539
0.029613 -0.011447 0.222886
0.037851 -0.013115 0.222359
0.037197 -0.010329 0.219368
0.029683 -0.011098 0.222842
0.036853 -0.017701 0.224231
0.035606 -0.003769 0.221285
0.032986 -0.011144 0.223208
0.033162 -0.009957 0.216539
0.035288 -0.005193 0.221763
0.037891 -0.011859 0.220508
0.033387 -0.010860 0.217733
0.036633 -0.017339 0.221917
0.037514 -0.014670 0.224393
0.037018 -0.007102 0.218537
0.036482 -0.009204 0.221129
0.033614 -0.011348 0.217457
0.036192 -0.013018 0.218019
0.038098 -0.008458 0.221823
0.037651 -0.013537 0.221053
0.030680 -0.014889 0.224624
0.035319 -0.003439 0.221505
0.031793 -0.015631 0.215741
0.030266 -0.008853 0.222755
0.033955 -0.012892 0.218033
0.033724 -0.011310 0.218317
0.036257 -0.008343 0.218244
0.030973 -0.011073 0.222982
0.031750 -0.013147 0.215669
0.034060 -0.013710 0.223436
0.037457 -0.009375 0.223963
0.035168 -0.010698 0.219946
0.036876 -0.014573 0.220303
0.031442 -0.008054 0.222728
0.038084 -0.014022 0.224133
0.036710 -0.014946 0.222880
0.035673 -0.008082 0.216887
0.034617 -0.016495 0.224653
0.037982 -0.005610 0.219046
0.030023 -0.014583 0.223503
0.036410 -0.008842 0.218618
0.034994 -0.004727 0.221724
0.034341 -0.015006 0.224669
0.030013 -0.014946 0.223564
0.033029 -0.005006 0.222261
0.035450 -0.011811 0.217186
0.036463 -0.009822 0.221401
0.037838 -0.007364 0.220043
0.032410 -0.005923 0.222338
0.032290 -0.006398 0.222432
0.037960 -0.010017 0.221254
0.037722 -0.015539 0.223237
0.032717 -0.015429 0.224786
0.035366 -0.012147 0.216777
0.035285 -0.008915 0.222610
0.032050 -0.013246 0.215829
0.033511 -0.014858 0.222200
0.029408 -0.011287 0.214514
0.031731 -0.011484 0.215503
0.037619 -0.016491 0.223530
0.034376 -0.016517 0.224626
0.038125 -0.010006 0.223770
0.031662 -0.015820 0.215757
0.036534 -0.015015 0.224506
0.036613 -0.007125 0.221258
0.035150 -0.007785 0.223582
0.037492 -0.011826 0.219712
0.035375 -0.010000 0.217165
0.032625 -0.012513 0.224748
0.029522 -0.010817 0.222805
0.031389 -0.015300 0.224699
0.037540 -0.010671 0.224151
0.036271 -0.011021 0.218679
0.030626 -0.013690 0.224640
0.036060 -0.012399 0.218425
0.031775 -0.013204 0.224785
0.033389 -0.009725 0.222928
0.037946 -0.011865 0.221073
0.036943 -0.012119 0.219155
0.035139 -0.015313 0.224658
0.030113 -0.012700 0.224531
0.037896 -0.012847 0.222385
0.031144 -0.009480 0.224298
0.036053 -0.012580 0.218101
0.028205 -0.014662 0.223251
0.039192 -0.005572 0.222289
0.035961 -0.011175 0.218380
0.035719 -0.009210 0.219877
0.034289 -0.010690 0.218549
0.036959 -0.013192 0.219711
0.036717 -0.009315 0.219077
0.032556 -0.013859 0.216412
0.037995 -0.009605 0.222454
0.033306 -0.007843 0.222532
0.038041 -0.011701 0.222923
0.035896 -0.014158 0.224669
0.037023 -0.013684 0.224535
0.038258 -0.004390 0.218083
0.031248 -0.010530 0.215281
0.037983 -0.012076 0.220926
0.032687 -0.008457 0.222685
0.035753 -0.007716 0.216657
0.037972 -0.008679 0.221450
0.031100 -0.012111 0.215198
0.037162 -0.008308 0.219547
0.034283 -0.013263 0.223814
0.036141 -0.012120 0.222263
0.034058 -0.011731 0.223446
0.032534 -0.011107 0.216109
0.034792 -0.004155 0.222828
0.034711 -0.015467 0.224691
0.037528 -0.013858 0.220795
0.031051 -0.012048 0.224665
0.038126 -0.013426 0.223896
0.031933 -0.014695 0.215593
0.035807 -0.013420 0.224648
0.034029 -0.013422 0.218677
0.034436 -0.009906 0.218151
0.029427 -0.014093 0.224883
0.035875 -0.008754 0.219961
0.031288 -0.009115 0.222943
0.034019 -0.012968 0.218177
0.035001 -0.012813 0.223175
0.038336 -0.007914 0.222272
0.032459 -0.010846 0.224810
0.037972 -0.006498 0.219673
0.032724 -0.013682 0.216576
0.037059 -0.013050 0.219855
0.033982 -0.013111 0.225026
0.037548 -0.009617 0.220209
0.028207 -0.014979 0.223372
0.035950 -0.012605 0.217739
0.034497 -0.013110 0.224961
0.031581 -0.009653 0.224425
0.036948 -0.014407 0.220034
0.029432 -0.009889 0.222827
0.028355 -0.009099 0.222746
0.034899 -0.016146 0.224640
0.032032 -0.013759 0.215921
0.031467 -0.014738 0.223688
0.036204 -0.004574 0.221379
0.034474 -0.014888 0.224695
0.031525 -0.008919 0.224231
0.034248 -0.009202 0.217602
0.038071 -0.015821 0.224176
0.031949 -0.013903 0.215862
0.036280 -0.004842 0.216635
0.035347 -0.003845 0.222514
0.038195 -0.006010 0.220085
0.029496 -0.013018 0.224541
0.036536 -0.012416 0.218874
0.033622 -0.010950 0.217424
0.031692 -0.008337 0.223950
0.030777 -0.015827 0.224673
0.035086 -0.010844 0.219270
0.035135 -0.013587 0.220567
0.037942 -0.011181 0.221774
0.035834 -0.012285 0.221346
0.035909 -0.009374 0.218150
0.032411 -0.014964 0.223330
0.031274 -0.006713 0.222526
0.036346 -0.007697 0.217900
0.036243 -0.007394 0.217223
0.037528 -0.008407 0.223764
0.037392 -0.016806 0.223569
0.037881 -0.011200 0.221414
0.035769 -0.009898 0.222654
0.037023 -0.015164 0.219887
0.032679 -0.009555 0.215812
0.039101 -0.005953 0.222229
0.028459 -0.015072 0.223307
0.032508 -0.013553 0.216357
0.037449 -0.015557 0.224352
0.038761 -0.004359 0.220359
0.037223 -0.013645 0.224548
0.038327 -0.016050 0.223753
0.034641 -0.011763 0.223420
0.037537 -0.013829 0.222759
0.034840 -0.009182 0.222807
0.032764 -0.013027 0.223681
0.034009 -0.012007 0.223520
0.037835 -0.016070 0.224222
0.038529 -0.008092 0.222632
0.037806 -0.006619 0.219435
0.035571 -0.012917 0.220943
0.034368 -0.010898 0.224626
0.036530 -0.009737 0.221675
0.033470 -0.012988 0.225013
0.037039 -0.014416 0.220531
0.033665 -0.008310 0.216359
0.036714 -0.006072 0.217238
0.029819 -0.015298 0.223431
0.031554 -0.014816 0.215412
0.035452 -0.012387 0.224709
0.036610 -0.017238 0.220788
0.030900 -0.013405 0.215196
0.036820 -0.013817 0.224435
0.038062 -0.006383 0.219929
0.032241 -0.013056 0.223614
0.034497 -0.012047 0.218809
0.032246 -0.013024 0.215981
0.037205 -0.005836 0.218018
0.030134 -0.013123 0.214799
0.035291 -0.014183 0.224685
0.036379 -0.009550 0.222395
0.030711 -0.012696 0.215025
0.038094 -0.010931 0.221262
0.038104 -0.005941 0.219596
0.028028 -0.014831 0.224252
0.035067 -0.010969 0.219221
0.033766 -0.006961 0.222176
0.029267 -0.013185 0.224591
0.038453 -0.007501 0.222212
0.037110 -0.014396 0.224436
0.032010 -0.009664 0.215545
0.027583 -0.012740 0.222835
0.037691 -0.008886 0.223832
0.035914 -0.013880 0.224641
0.037644 -0.012246 0.220134
0.033089 -0.015136 0.224814
0.037713 -0.013568 0.222454
0.037723 -0.013119 0.221850
0.032843 -0.008511 0.223726
0.037177 -0.017069 0.219534
0.038672 -0.003934 0.218191
0.032235 -0.013608 0.223765
0.032886 -0.008093 0.223623
0.034411 -0.015737 0.224657
0.036129 -0.007677 0.217559
0.038654 -0.004771 0.220975
0.033467 -0.012200 0.217081
0.034548 -0.009356 0.218349
0.032986 -0.010667 0.223063
0.036126 -0.010953 0.222360
0.029992 -0.014482 0.214821
0.037774 -0.005731 0.218829
0.038606 -0.008544 0.222891
0.029717 -0.008040 0.222628
0.037478 -0.013641 0.221637
0.033719 -0.014555 0.219388
0.031220 -0.012656 0.223320
0.032524 -0.015089 0.217408
0.037303 -0.005752 0.218159
0.037862 -0.004887 0.218248
0.034124 -0.007061 0.223688
0.036924 -0.009178 0.219376
0.038089 -0.014457 0.224176
0.031807 -0.012586 0.215686
0.032964 -0.012626 0.223629
0.034305 -0.013601 0.219050
0.033824 -0.015624 0.224656
0.038243 -0.005258 0.222361
0.032807 -0.014741 0.217188
0.036208 -0.015956 0.220561
0.034318 -0.009491 0.223870
0.029995 -0.009745 0.222809
0.036125 -0.006420 0.216711
0.033238 -0.014319 0.223588
0.036196 -0.014957 0.221921
0.036592 -0.008364 0.221887
0.034507 -0.009021 0.222820
0.029251 -0.011382 0.214415
0.035697 -0.008118 0.217273
0.036747 -0.013228 0.218965
0.036070 -0.016975 0.224585
0.036242 -0.015293 0.220464
0.036905 -0.015310 0.220066
0.036841 -0.012904 0.224494
0.037433 -0.015724 0.224362
0.031465 -0.010852 0.224574
0.032837 -0.011062 0.223183
0.036820 -0.014616 0.221490
0.030146 -0.012524 0.214729
0.034531 -0.014379 0.224666
0.035819 -0.013272 0.217107
0.035543 -0.013236 0.216473
0.036043 -0.012933 0.217735
0.036089 -0.011689 0.222123
0.030652 -0.012835 0.224638
0.037919 -0.011165 0.221072
0.031729 -0.013491 0.224775
0.028692 -0.008120 0.222510
0.035452 -0.003684 0.221422
0.035830 -0.008898 0.222450
0.035749 -0.015727 0.220767
0.037217 -0.010428 0.224186
0.037108 -0.014074 0.220426
0.029731 -0.011942 0.214559
0.033804 -0.012838 0.217677
0.031323 -0.007946 0.222673
0.033535 -0.014484 0.223244
0.033221 -0.012379 0.223602
0.038207 -0.008308 0.222279
0.036815 -0.009061 0.223830
0.036595 -0.007334 0.218190
0.037742 -0.009074 0.221604
0.035770 -0.011947 0.223049
0.035183 -0.010445 0.217081
0.033491 -0.011236 0.216886
0.031508 -0.013999 0.215489
0.032026 -0.010092 0.222941
0.034686 -0.011949 0.218854
0.035423 -0.005262 0.218387
0.037094 -0.014291 0.221415
0.033414 -0.013449 0.217313
0.028376 -0.009415 0.222742
0.037969 -0.007573 0.221109
0.035971 -0.011935 0.221750
0.036992 -0.014698 0.222439
0.029622 -0.014812 0.223445
0.028015 -0.010827 0.222802
0.034169 -0.014045 0.224894
0.033872 -0.008378 0.222664
0.030997 -0.011780 0.223046
0.038065 -0.010940 0.221054
0.033509 -0.008910 0.216320
0.037241 -0.004067 0.217307
0.037220 -0.017172 0.219913
0.037269 -0.009032 0.219671
0.034604 -0.011681 0.218932
0.037775 -0.013571 0.222692
0.033045 -0.010412 0.216671
0.031867 -0.010635 0.215541
0.031011 -0.015229 0.215185
0.038640 -0.007755 0.222828
0.031125 -0.012676 0.224712
0.036686 -0.015212 0.220209
0.036251 -0.008084 0.218089
0.034633 -0.007329 0.223652
0.036803 -0.005719 0.221202
0.033699 -0.013215 0.217578
0.035113 -0.008514 0.216323
0.033288 -0.011219 0.223254
0.036913 -0.009885 0.219097
0.033639 -0.011654 0.218395
0.036496 -0.010682 0.218873
0.032065 -0.011402 0.224774
0.037855 -0.007076 0.220509
0.031295 -0.010142 0.215274
0.030388 -0.010333 0.222861
0.033219 -0.011337 0.214575
0.036128 -0.016605 0.224583
0.028773 -0.010533 0.222778
0.035392 -0.010790 0.223063
0.037121 -0.017527 0.219846
0.037775 -0.013119 0.221140
0.037956 -0.014790 0.224246
0.036609 -0.016232 0.220350
0.035762 -0.011292 0.218198
0.033148 -0.009139 0.222780
0.038296 -0.010518 0.223344
0.032836 -0.016507 0.224687
0.034625 -0.011190 0.223314
0.036313 -0.005607 0.216759
0.037069 -0.016919 0.220111
0.033477 -0.013724 0.217513
0.028519 -0.013852 0.224690
0.037937 -0.010616 0.223945
0.036041 -0.009532 0.218346
0.036259 -0.009645 0.220865
0.031258 -0.014762 0.215312
0.033742 -0.007357 0.223774
0.035020 -0.008806 0.223711
0.036722 -0.010684 0.224289
0.037876 -0.009032 0.221595
0.034948 -0.010654 0.219652
0.035995 -0.011850 0.222860
0.036979 -0.005196 0.217351
0.037072 -0.014406 0.222199
0.038008 -0.013052 0.224019
0.030230 -0.014198 0.224753
0.033446 -0.010821 0.217805
0.036837 -0.011660 0.224315
0.038026 -0.010428 0.221575
0.033042 -0.006010 0.222166
0.035186 -0.011623 0.223404
0.035648 -0.013421 0.222210
0.031186 -0.015106 0.223430
0.035517 -0.005994 0.221985
0.037567 -0.017074 0.223904
0.028651 -0.008432 0.222604
0.032599 -0.008780 0.222764
0.027495 -0.013076 0.222912
0.036624 -0.006479 0.221791
0.035957 -0.008561 0.218120
0.032034 -0.009399 0.224353
0.030011 -0.012932 0.224568
0.033061 -0.015250 0.221254
0.027994 -0.011801 0.222845
0.033497 -0.009692 0.216753
0.036604 -0.007086 0.223407
0.036662 -0.014747 0.224467
0.035694 -0.005754 0.221868
0.036466 -0.016769 0.220758
0.033626 -0.011627 0.217801
0.032062 -0.007430 0.222447
0.032688 -0.014337 0.223746
0.030424 -0.013140 0.214923
0.032679 -0.013936 0.223800
0.030254 -0.014128 0.214895
0.036888 -0.006035 0.221285
0.038563 -0.004484 0.218460
0.035038 -0.010539 0.216679
0.037099 -0.014335 0.221899
0.036374 -0.015345 0.214821
0.033706 -0.011821 0.217274
0.032998 -0.010231 0.224528
0.036630 -0.005785 0.221398
0.032342 -0.010000 0.222929
0.035206 -0.012390 0.216296
0.037528 -0.007321 0.219548
0.033977 -0.012006 0.217727
0.036322 -0.015031 0.221767
0.031307 -0.008547 0.224093
0.029797 -0.012755 0.223179
0.034636 -0.005607 0.223341
0.036768 -0.007562 0.218585
0.036727 -0.007049 0.217841
0.035908 -0.005958 0.221887
0.038948 -0.005056 0.221540
0.031872 -0.006653 0.222483
0.038238 -0.015565 0.224126
0.036114 -0.009846 0.224144
0.033396 -0.012174 0.224935
0.034291 -0.008359 0.222731
0.035235 -0.012526 0.216689
0.035793 -0.006348 0.219701
0.034629 -0.012304 0.223421
0.033598 -0.013913 0.224934
0.039006 -0.006781 0.222305
0.035486 -0.013801 0.224648
0.038696 -0.004121 0.218490
0.033365 -0.010122 0.216890
0.036402 -0.007926 0.218181
0.037491 -0.013551 0.221778
0.030352 -0.012832 0.224595
0.034791 -0.009871 0.219273
0.030510 -0.011011 0.222919
0.030764 -0.010550 0.222910
0.031934 -0.014238 0.224714
0.037980 -0.011026 0.221303
0.037230 -0.014525 0.224416
0.036442 -0.010554 0.218734
0.034441 -0.014189 0.219859
0.037866 -0.010261 0.222281
0.038184 -0.008204 0.222136
0.033574 -0.014896 0.219975
0.037843 -0.007432 0.220410
0.030009 -0.012064 0.223011
0.032627 -0.008691 0.223892
0.034009 -0.013038 0.218320
0.032265 -0.009110 0.222874
0.034933 -0.016713 0.224703
0.035530 -0.008440 0.217429
0.037898 -0.012224 0.220558
0.030766 -0.015058 0.215076
0.031951 -0.008627 0.224029
0.037509 -0.012586 0.220204
0.032879 -0.008762 0.222716
0.036164 -0.012743 0.218532
0.032669 -0.006974 0.222360
0.031408 -0.012263 0.215404
0.035077 -0.009482 0.222929
0.037517 -0.009731 0.220145
0.033148 -0.012876 0.216916
0.035091 -0.012937 0.219967
0.036011 -0.011497 0.221623
0.035580 -0.009187 0.222588
0.037334 -0.006389 0.218627
0.033600 -0.010631 0.217309
0.034381 -0.013442 0.224923
0.035716 -0.006043 0.216663
0.031875 -0.011953 0.224759
0.034070 -0.012683 0.218420
0.029463 -0.013025 0.223186
0.034070 -0.011719 0.218589
0.035984 -0.010860 0.221180
0.031197 -0.012075 0.223150
0.028423 -0.011773 0.222888
0.037682 -0.013321 0.221517
0.036619 -0.008308 0.221331
0.036425 -0.016308 0.224542
0.033803 -0.007413 0.223770
0.036590 -0.007609 0.218352
0.033348 -0.011423 0.217812
0.035396 -0.006697 0.223495
0.030032 -0.014065 0.224835
0.034204 -0.007821 0.222586
0.032372 -0.011540 0.215966
0.037581 -0.005173 0.218130
0.038737 -0.009018 0.223285
0.037244 -0.014069 0.221378
0.037346 -0.012865 0.220123
0.031702 -0.015042 0.223386
0.035782 -0.009875 0.220224
0.038005 -0.011001 0.222847
0.028976 -0.011050 0.222899
0.029959 -0.007668 0.222574
0.034537 -0.009073 0.223794
0.032197 -0.016275 0.224749
0.038598 -0.004819 0.220365
0.036485 -0.005545 0.221139
0.037609 -0.005480 0.218428
0.029092 -0.009690 0.222818
0.037858 -0.010326 0.222490
0.038011 -0.012010 0.223696
0.036551 -0.016504 0.220477
0.028755 -0.014863 0.224594
0.029021 -0.010832 0.222807
0.034372 -0.007525 0.223702
0.035205 -0.016088 0.224689
0.035642 -0.006648 0.222159
0.036360 -0.007024 0.221825
0.036520 -0.009540 0.221374
0.031756 -0.006237 0.222447
0.035686 -0.009856 0.224129
0.030680 -0.015655 0.215021
0.038514 -0.005141 0.220343
0.036459 -0.012707 0.218815
0.028209 -0.012186 0.222863
0.033079 -0.013337 0.223812
0.037796 -0.011537 0.220292
0.032646 -0.008117 0.222571
0.030482 -0.014458 0.224651
0.033630 -0.010835 0.224684
0.035946 -0.012380 0.222908
0.030330 -0.009665 0.222840
0.036205 -0.007207 0.216970
0.038170 -0.014829 0.224073
0.036387 -0.015159 0.222856
0.034201 -0.012802 0.225030
0.032486 -0.013880 0.223796
0.034203 -0.009087 0.223792
0.035394 -0.012440 0.220374
0.032559 -0.011607 0.216036
0.033079 -0.010865 0.216673
0.032025 -0.014938 0.215640
0.033689 -0.012723 0.217477
0.034386 -0.016069 0.224647
0.037533 -0.007946 0.219808
0.036245 -0.011442 0.218647
0.034022 -0.005265 0.222032
0.036966 -0.013480 0.219221
0.035804 -0.005958 0.223157
0.037706 -0.009067 0.220691
0.038407 -0.004908 0.218717
0.036341 -0.007653 0.221811
0.030977 -0.012393 0.223197
0.029294 -0.011186 0.222865
0.031584 -0.012533 0.215518
0.036400 -0.014978 0.222881
0.029395 -0.013352 0.223242
0.036081 -0.007512 0.222096
0.031401 -0.008503 0.222844
0.034347 -0.010001 0.218580
0.032026 -0.014033 0.215902
0.036036 -0.013218 0.217608
0.033553 -0.011545 0.224885
0.036654 -0.017505 0.220482
0.037906 -0.011228 0.221879
0.035127 -0.007764 0.222611
0.032412 -0.011198 0.223172
0.037814 -0.012989 0.221851
0.035964 -0.012875 0.224645
0.035990 -0.009999 0.218266
0.038680 -0.008029 0.222899
0.037370 -0.009475 0.219928
0.034829 -0.012294 0.219606
0.032893 -0.015793 0.224758
0.035236 -0.004679 0.221661
0.033925 -0.008176 0.223721
0.037947 -0.007119 0.220780
0.033603 -0.011511 0.217103
0.035262 -0.013010 0.222945
0.038785 -0.005127 0.221301
0.036045 -0.016165 0.220961
0.034471 -0.009832 0.218847
0.033263 -0.013266 0.217094
0.032758 -0.009931 0.224445
0.028514 -0.010330 0.222734
0.030150 -0.014485 0.224743
0.037908 -0.012553 0.221722
0.031924 -0.014385 0.215718
0.035928 -0.017450 0.224542
0.037017 -0.006831 0.218292
0.035748 -0.011359 0.220959
0.036940 -0.015473 0.224401
0.031629 -0.015037 0.224671
0.036524 -0.015746 0.222626
0.033090 -0.013586 0.223840
0.037209 -0.009839 0.224078
0.030279 -0.007896 0.222662
0.031771 -0.008963 0.222923
0.033908 -0.008173 0.216827
0.038223 -0.006687 0.221384
0.032263 -0.009179 0.224225
0.035665 -0.012054 0.217985
0.038852 -0.004029 0.219111
0.030637 -0.014340 0.215024
0.037443 -0.007309 0.219408
0.033375 -0.011542 0.218154
0.035307 -0.012501 0.224698
0.037918 -0.016232 0.224128
0.031405 -0.013666 0.224747
0.034464 -0.009491 0.218060
0.036414 -0.015783 0.222209
0.032542 -0.011241 0.224854
0.028622 -0.012783 0.224330
0.036268 -0.013624 0.224593
0.035766 -0.009651 0.217943
0.037609 -0.004787 0.217923
0.037978 -0.010488 0.221762
0.033567 -0.010286 0.224412
0.035911 -0.004852 0.222627
0.032240 -0.014227 0.216018
0.035872 -0.010734 0.218295
0.034806 -0.007865 0.223655
0.038414 -0.015792 0.223853
0.034833 -0.007143 0.222381
0.037598 -0.009152 0.220345
0.035417 -0.004477 0.221590
0.028466 -0.009816 0.222724
0.035790 -0.013227 0.221876
0.036954 -0.009487 0.223989
0.032944 -0.012998 0.216666
0.035497 -0.003584 0.221102
0.036106 -0.004778 0.220954
0.035953 -0.012548 0.221659
0.036121 -0.011274 0.222023
0.035494 -0.014578 0.224680
0.038181 -0.008832 0.223634
0.036209 -0.004883 0.221530
0.035114 -0.009206 0.216371
0.034915 -0.015462 0.224690
0.035948 -0.007288 0.216696
0.028000 -0.012526 0.222857
0.033648 -0.006020 0.223513
0.035861 -0.007785 0.223610
0.035662 -0.009565 0.222680
0.033931 -0.010482 0.223082
0.038734 -0.008821 0.223114
0.036609 -0.006371 0.217170
0.032292 -0.009979 0.215725
0.036268 -0.015614 0.221727
0.033381 -0.008207 0.223688
0.038762 -0.004478 0.219457
0.037977 -0.014001 0.223389
0.037304 -0.014865 0.222790
0.029950 -0.011503 0.214696
0.037861 -0.011451 0.220703
0.037527 -0.006133 0.218739
0.033635 -0.004791 0.223178
0.037716 -0.011349 0.224048
0.029357 -0.012713 0.214447
0.037904 -0.005885 0.219182
0.037902 -0.009694 0.221413
0.029942 -0.011397 0.224194
0.035654 -0.009056 0.217663
0.037271 -0.004195 0.217421
0.031567 -0.012569 0.223364
0.035888 -0.009145 0.218235
0.037976 -0.004421 0.217928
0.035050 -0.013837 0.220566
0.037552 -0.006944 0.219306
0.034950 -0.007278 0.218093
0.029730 -0.014011 0.224883
0.033376 -0.016741 0.224670
0.035588 -0.008071 0.216590
0.032333 -0.008915 0.224086
0.036248 -0.008786 0.218435
0.035870 -0.004644 0.221526
0.037184 -0.014191 0.222257
0.038511 -0.006903 0.221817
0.031656 -0.010114 0.224527
0.028837 -0.011894 0.222902
0.036440 -0.004660 0.221465
0.037011 -0.014522 0.219763
0.031723 -0.010093 0.215475
0.036147 -0.010982 0.221759
0.034152 -0.014488 0.220074
0.031326 -0.013211 0.224736
0.032237 -0.006964 0.222463
0.037212 -0.012484 0.219665
0.033167 -0.011479 0.224941
0.034579 -0.013323 0.219090
0.035664 -0.014257 0.224687
0.031872 -0.011829 0.223226
0.033976 -0.016251 0.224618
0.036061 -0.016151 0.221569
0.031700 -0.008000 0.222554
0.035760 -0.008638 0.217931
0.034859 -0.015068 0.224687
0.035699 -0.011903 0.218372
0.033908 -0.012571 0.223708
0.037460 -0.010504 0.219735
0.036715 -0.010471 0.218986
0.035000 -0.011463 0.219838
0.036394 -0.016488 0.224511
0.036468 -0.009891 0.224180
0.032244 -0.014889 0.215937
0.036916 -0.016496 0.220199
0.036435 -0.008678 0.218542
0.038557 -0.004627 0.218647
0.029147 -0.014310 0.223273
0.028171 -0.013055 0.222976
0.035843 -0.004721 0.220468
0.037590 -0.014060 0.224424
0.036779 -0.017228 0.223006
0.035836 -0.008466 0.217940
0.038440 -0.005292 0.220036
0.034907 -0.008674 0.222651
0.032634 -0.010727 0.223064
0.035704 -0.003927 0.221254
0.033060 -0.014467 0.217437
0.029395 -0.013119 0.214524
0.030562 -0.013220 0.224639
0.033777 -0.008832 0.222817
0.031834 -0.012378 0.224781
0.035154 -0.010976 0.219937
0.035372 -0.013519 0.221788
0.031034 -0.009890 0.224332
0.030680 -0.009476 0.224171
0.036598 -0.015089 0.220666
0.031186 -0.011548 0.224581
0.037823 -0.012655 0.220645
0.035479 -0.012727 0.216970
0.036847 -0.011160 0.224294
0.035588 -0.007517 0.216449
0.030616 -0.014239 0.223575
0.036661 -0.008592 0.221703
0.035696 -0.012031 0.220968
0.036076 -0.017214 0.224548
0.037561 -0.012875 0.220361
0.031477 -0.012976 0.224757
0.036559 -0.014946 0.220460
0.035402 -0.008941 0.219443
0.036169 -0.012275 0.222691
0.032787 -0.012125 0.223483
0.030639 -0.008443 0.222768
0.036026 -0.008244 0.222269
0.036020 -0.011311 0.222690
0.036909 -0.006244 0.221286
0.036494 -0.007682 0.221514
0.036890 -0.014602 0.222136
0.034971 -0.007153 0.223594
0.035240 -0.011306 0.220085
0.035865 -0.015645 0.224651
0.036689 -0.017566 0.222590
0.034039 -0.009359 0.217284
0.033543 -0.010923 0.218001
0.032700 -0.012979 0.216365
0.035254 -0.013082 0.224737
0.037486 -0.005864 0.218498
0.033534 -0.013036 0.217305
0.036401 -0.016988 0.224488
0.028662 -0.009408 0.222755
0.034988 -0.010526 0.216844
0.037700 -0.010636 0.220236
0.033587 -0.006673 0.222106
0.037953 -0.011997 0.220777
0.034781 -0.014641 0.224621
0.032997 -0.012898 0.224912
0.034197 -0.009711 0.222975
0.038775 -0.006756 0.222043
0.036023 -0.015902 0.221520
0.037060 -0.014448 0.221055
0.033220 -0.006942 0.222215
0.036303 -0.017173 0.224481
0.029231 -0.010476 0.222789
0.036796 -0.015377 0.224447
0.037796 -0.009852 0.220615
0.038126 -0.015122 0.223449
0.032100 -0.009427 0.222956
0.035742 -0.004341 0.221460
0.036707 -0.008446 0.219069
0.038417 -0.007449 0.223048
0.037717 -0.013318 0.220951
0.036934 -0.014571 0.220477
0.038472 -0.005136 0.219695
0.035041 -0.004253 0.221651
0.035698 -0.011080 0.220735
0.034584 -0.012449 0.219024
0.037693 -0.008215 0.220537
0.033336 -0.012936 0.223762
0.032639 -0.010390 0.216048
0.031156 -0.015633 0.215254
0.036486 -0.005606 0.216875
0.033789 -0.009725 0.217162
0.037444 -0.008543 0.219914
0.037652 -0.011514 0.219946
0.033234 -0.011983 0.216674
0.035690 -0.008309 0.217584
0.027654 -0.011837 0.222811
0.037619 -0.008511 0.220187
0.034368 -0.009657 0.215870
0.036699 -0.013500 0.218845
0.037879 -0.007685 0.220761
0.032291 -0.008502 0.223891
0.034189 -0.010700 0.218438
0.036387 -0.010211 0.218601
0.029633 -0.009532 0.222776
0.033580 -0.011170 0.223265
0.032636 -0.010886 0.216179
0.038010 -0.014555 0.223338
0.036112 -0.013289 0.224660
0.037528 -0.013576 0.222217
0.038030 -0.010092 0.222770
0.035076 -0.011117 0.216539
0.031015 -0.014918 0.215183
0.030001 -0.012412 0.223093
0.034717 -0.011014 0.224637
0.035018 -0.013958 0.220574
0.037900 -0.010178 0.221914
0.034491 -0.008285 0.223723
0.038136 -0.016298 0.223986
0.036440 -0.010925 0.218793
0.037449 -0.010951 0.219713
0.030321 -0.010886 0.214877
0.035380 -0.010966 0.217679
0.036009 -0.004186 0.221246
0.034457 -0.010599 0.223168
0.034564 -0.008927 0.222777
0.036220 -0.016650 0.221414
0.035537 -0.011744 0.218274
0.036725 -0.013871 0.218583
0.031533 -0.012687 0.224766
0.036108 -0.015496 0.220882
0.036199 -0.010895 0.222135
0.034459 -0.008054 0.222650
0.038845 -0.004148 0.219578
0.031574 -0.011635 0.223101
0.033755 -0.014526 0.224816
0.032179 -0.013337 0.224813
0.035355 -0.009402 0.216935
0.032150 -0.011748 0.223312
0.036105 -0.010827 0.221479
0.036796 -0.006963 0.220994
0.034711 -0.004865 0.221817
0.033145 -0.011724 0.216622
0.036073 -0.012985 0.222188
0.033720 -0.011828 0.218469
0.037032 -0.005368 0.217530
0.036653 -0.007561 0.221138
0.028654 -0.008761 0.222686
0.038401 -0.003856 0.217955
0.037913 -0.011227 0.222561
0.037890 -0.004770 0.218169
0.037727 -0.014790 0.223095
0.035409 -0.011450 0.217489
0.037829 -0.013328 0.224247
0.032467 -0.010498 0.215879
0.038281 -0.016060 0.223975
0.033845 -0.013366 0.213917
0.034616 -0.005905 0.221976
0.037066 -0.014051 0.224463
0.037873 -0.009892 0.220967
0.038374 -0.008393 0.222647
0.036415 -0.004697 0.221487
0.035811 -0.010456 0.224443
0.030622 -0.011163 0.224312
0.037198 -0.013742 0.220276
0.034400 -0.013090 0.223630
0.035857 -0.016212 0.224649
0.036146 -0.007248 0.223529
0.036018 -0.010420 0.218346
0.034620 -0.013672 0.219353
0.038013 -0.013549 0.223394
0.033589 -0.013637 0.224969
0.035178 -0.013740 0.224723
0.036541 -0.008137 0.220668
0.037731 -0.014381 0.223164
0.037493 -0.012281 0.220015
0.038420 -0.005459 0.220333
0.035492 -0.012693 0.220604
0.035871 -0.009054 0.223667
0.035773 -0.009269 0.217930
0.038173 -0.008725 0.222520
0.034749 -0.012040 0.219130
0.035112 -0.013179 0.222959
0.037943 -0.007402 0.220918
0.034049 -0.008847 0.217164
0.034223 -0.008319 0.217337
0.033057 -0.014507 0.217184
0.034798 -0.011506 0.219451
0.036496 -0.007332 0.221473
0.035271 -0.013461 0.220982
0.029713 -0.012037 0.224269
0.037904 -0.013103 0.222815
0.035867 -0.007622 0.222260
0.033163 -0.007487 0.222336
0.035866 -0.009602 0.218063
0.035959 -0.011448 0.222833
0.028216 -0.013485 0.223069
0.038064 -0.016034 0.224145
0.032735 -0.013251 0.216510
0.037490 -0.014526 0.222893
0.030039 -0.010599 0.222840
0.038098 -0.006422 0.220248
0.029757 -0.013402 0.223264
0.037172 -0.010665 0.219418
0.036583 -0.009116 0.218882
0.036042 -0.005404 0.221650
0.036240 -0.011469 0.224456
0.036001 -0.008950 0.218322
0.036234 -0.008223 0.220129
0.037420 -0.012444 0.220029
0.035459 -0.011720 0.220487
0.030179 -0.012315 0.214747
0.030691 -0.013735 0.215096
0.033837 -0.016829 0.224619
0.035526 -0.011479 0.220559
0.032421 -0.009324 0.224252
0.038098 -0.005608 0.219255
0.037835 -0.013398 0.222591
0.030061 -0.014865 0.214844
0.033705 -0.010558 0.217867
0.034574 -0.004607 0.221823
0.036128 -0.011054 0.218568
0.033850 -0.013018 0.217780
0.033978 -0.012861 0.218206
0.036290 -0.012987 0.218714
0.034759 -0.004453 0.221744
0.035768 -0.012128 0.218287
0.034944 -0.010301 0.219589
0.038058 -0.012430 0.223477
0.034993 -0.013549 0.224780
0.034697 -0.013745 0.219541
0.038728 -0.004023 0.218820
0.032987 -0.011990 0.216445
0.030754 -0.011860 0.223043
0.029103 -0.014319 0.224804
0.036115 -0.009190 0.218467
0.031636 -0.013805 0.215523
0.035548 -0.011784 0.217673
0.037078 -0.014488 0.220715
0.033353 -0.015273 0.224764
0.038063 -0.006673 0.220715
0.029877 -0.011667 0.222932
0.036063 -0.010473 0.221040
0.034253 -0.014376 0.221579
0.035427 -0.005653 0.217096
0.038475 -0.009337 0.223466
0.037983 -0.012316 0.222613
0.035475 -0.010221 0.217611
0.035405 -0.007998 0.219173
0.037999 -0.010834 0.221727
0.029919 -0.014709 0.224788
0.035154 -0.006632 0.222215
0.037833 -0.009734 0.222172
0.035651 -0.007323 0.222353
0.034581 -0.010467 0.219004
0.034691 -0.015234 0.224712
0.036650 -0.010308 0.218853
0.034278 -0.010213 0.218332
0.033205 -0.011880 0.216550
0.032257 -0.014274 0.224708
0.036407 -0.006408 0.216948
0.036663 -0.008980 0.221832
0.035922 -0.013134 0.222466
0.031333 -0.012731 0.215373
0.036639 -0.014870 0.221344
0.034945 -0.008612 0.218783
0.037404 -0.014017 0.222681
0.038590 -0.004753 0.218943
0.037061 -0.013921 0.219260
0.036571 -0.009453 0.221981
0.038918 -0.007046 0.222315
0.035374 -0.011749 0.216909
0.036529 -0.014903 0.221552
0.033306 -0.014104 0.217375
0.033965 -0.012116 0.224930
0.035313 -0.010152 0.217111
0.038125 -0.006636 0.221127
0.032586 -0.013370 0.223747
0.029531 -0.008420 0.223795
0.034340 -0.004771 0.221927
0.028660 -0.015393 0.224410
0.036416 -0.016051 0.224543
0.038208 -0.005581 0.219463
0.032709 -0.012378 0.223532
0.033380 -0.009499 0.216433
0.036606 -0.017422 0.221542
0.031877 -0.013245 0.223604
0.036701 -0.010135 0.224207
0.035052 -0.013195 0.224784
0.036925 -0.010390 0.219131
0.035478 -0.015508 0.224677
0.031079 -0.010752 0.222948
0.029290 -0.012765 0.223066
0.036751 -0.012133 0.219014
0.036661 -0.014679 0.222053
0.037479 -0.005317 0.218148
0.031022 -0.014746 0.223693
0.035503 -0.005461 0.221814
0.034891 -0.010748 0.219131
0.029163 -0.008515 0.222677
0.035194 -0.012704 0.216728
0.031488 -0.006215 0.222479
0.038777 -0.005915 0.221789
0.032997 -0.011655 0.216481
0.037079 -0.011940 0.219284
0.033473 -0.009219 0.223883
0.031332 -0.007182 0.222531
0.034777 -0.011471 0.224726
0.031237 -0.014304 0.215335
0.036172 -0.007729 0.223617
0.034462 -0.012172 0.224898
0.037603 -0.004213 0.217656
0.037721 -0.007639 0.219905
0.035933 -0.007845 0.217358
0.033319 -0.011639 0.214401
0.036018 -0.006909 0.223462
0.029165 -0.011658 0.222908
0.032883 -0.005802 0.222225
0.039024 -0.006788 0.222495
0.038187 -0.010627 0.223149
0.029437 -0.013734 0.224812
0.036717 -0.006660 0.221303
0.038593 -0.005770 0.221536
0.035582 -0.010699 0.224533
0.038020 -0.011039 0.221493
0.038575 -0.007020 0.222004
0.035766 -0.011239 0.223013
0.028520 -0.014655 0.223240
0.037241 -0.013952 0.220586
0.037433 -0.004145 0.217545
0.035389 -0.004115 0.221542
0.033880 -0.009454 0.223889
0.035094 -0.016439 0.224683
0.037796 -0.011210 0.220465
0.037057 -0.014386 0.221271
0.036407 -0.008468 0.222172
0.035990 -0.012038 0.218523
0.033530 -0.008588 0.216444
0.031235 -0.010218 0.222920
0.030065 -0.013354 0.223273
0.035832 -0.008547 0.219784
0.036394 -0.009796 0.218610
0.035893 -0.010261 0.222621
0.032218 -0.011374 0.215824
0.031724 -0.007822 0.223779
0.034388 -0.012881 0.218924
0.037425 -0.017071 0.224065
0.031215 -0.011449 0.215221
0.038177 -0.008002 0.221841
0.036674 -0.015986 0.220269
0.037030 -0.007970 0.219250
0.037482 -0.013820 0.221109
0.035959 -0.004966 0.216713
0.034736 -0.006378 0.222080
0.030339 -0.010693 0.224212
0.036567 -0.008092 0.221626
0.035622 -0.012746 0.220861
0.037528 -0.013830 0.220940
0.034927 -0.013917 0.221084
0.036673 -0.017500 0.222176
0.036313 -0.015639 0.220424
0.035790 -0.008896 0.218028
0.036339 -0.007300 0.217381
0.035632 -0.010694 0.220465
0.037555 -0.007556 0.219659
0.037700 -0.010988 0.224092
0.034337 -0.007628 0.216830
0.032346 -0.011671 0.224816
0.034872 -0.014049 0.220775
0.037240 -0.014129 0.221178
0.038361 -0.007270 0.221916
0.030399 -0.013600 0.214945
0.038249 -0.016280 0.223834
0.036847 -0.012428 0.219184
0.035321 -0.012628 0.223139
0.035696 -0.012482 0.217315
0.036723 -0.007716 0.220597
0.027633 -0.014022 0.223091
0.036957 -0.006042 0.217634
0.036158 -0.008273 0.223668
0.035869 -0.012759 0.222741
0.035242 -0.015672 0.224677
0.035970 -0.011540 0.218424
0.037816 -0.008147 0.220885
0.032354 -0.014694 0.224678
0.036471 -0.011962 0.224491
0.029853 -0.012345 0.224399
0.035333 -0.009165 0.216683
0.037867 -0.009071 0.222040
0.036080 -0.010007 0.222514
0.031995 -0.012847 0.224798
0.037136 -0.006471 0.218232
0.037950 -0.011739 0.222649
0.029886 -0.013689 0.224789
0.034901 -0.012461 0.223311
0.035880 -0.015680 0.220697
0.037146 -0.017008 0.224272
0.037594 -0.010690 0.219956
0.038686 -0.006306 0.221875
0.030258 -0.013652 0.223361
0.035995 -0.010976 0.222707
0.028925 -0.012793 0.223005
0.036573 -0.014835 0.220402
0.038222 -0.006072 0.220307
0.032101 -0.011447 0.223177
0.030999 -0.011703 0.215107
0.038463 -0.005011 0.219159
0.031349 -0.010292 0.224484
0.029567 -0.013381 0.224683
0.029571 -0.011878 0.222938
0.037655 -0.013894 0.223007
0.034182 -0.012889 0.218681
0.036311 -0.015409 0.221550
0.037152 -0.016066 0.219782
0.036062 -0.011441 0.222639
0.037891 -0.009011 0.221804
0.029080 -0.011406 0.222930
0.036275 -0.012149 0.218701
0.036299 -0.016376 0.220687
0.032702 -0.011371 0.223259
0.033444 -0.016351 0.224656
0.031783 -0.013868 0.224758
0.036109 -0.015632 0.221250
0.037834 -0.011104 0.220667
0.036194 -0.012890 0.218290
0.037869 -0.008852 0.221126
0.033954 -0.010869 0.223188
0.037894 -0.012128 0.221874
0.032023 -0.011755 0.215756
0.035683 -0.011189 0.224589
0.035238 -0.009930 0.216679
0.036585 -0.007019 0.220303
0.032982 -0.015056 0.222745
0.032329 -0.007839 0.222478
0.036472 -0.006352 0.221834
0.037530 -0.008811 0.220115
0.031719 -0.011348 0.224690
0.036848 -0.007941 0.223657
0.032993 -0.009084 0.223960
0.035878 -0.009889 0.218098
0.035938 -0.010270 0.220676
0.033136 -0.008800 0.216087
0.034665 -0.010404 0.223143
0.033851 -0.007269 0.223731
0.036958 -0.008413 0.219307
0.034014 -0.007971 0.222620
0.030510 -0.012909 0.223245
0.035400 -0.009682 0.217187
0.036329 -0.015392 0.221107
0.033557 -0.012159 0.217186
0.038374 -0.009915 0.223060
0.035895 -0.011823 0.218456
0.037962 -0.010616 0.220839
0.037403 -0.015210 0.222979
0.036520 -0.006174 0.220625
0.036985 -0.014622 0.220810
0.033280 -0.015590 0.224747
0.037868 -0.009735 0.221825
0.036807 -0.014952 0.222619
0.037909 -0.011617 0.220895
0.031460 -0.014195 0.224723
0.036258 -0.010279 0.222372
0.034908 -0.008254 0.223654
0.029555 -0.013801 0.223270
0.038688 -0.009187 0.223195
0.034393 -0.010476 0.224428
0.028766 -0.014717 0.223270
0.036553 -0.007005 0.221418
0.035363 -0.007982 0.222556
0.036642 -0.016780 0.222320
0.032172 -0.015684 0.224784
0.036745 -0.012051 0.224353
0.032925 -0.012782 0.216508
0.034443 -0.012468 0.223465
0.036557 -0.011377 0.218912
0.035292 -0.016514 0.224697
0.038042 -0.012782 0.223424
0.031233 -0.016006 0.215365
0.035219 -0.010163 0.216812
0.029311 -0.015302 0.223345
0.032979 -0.007771 0.222449
0.037244 -0.014371 0.222545
0.037165 -0.005437 0.217821
0.038548 -0.004946 0.219694
0.029254 -0.011973 0.224123
0.035356 -0.010888 0.220179
0.030324 -0.014823 0.224687
0.031176 -0.013791 0.215333
0.038037 -0.012368 0.223782
0.037444 -0.013174 0.220384
0.034074 -0.007527 0.222416
0.032204 -0.012552 0.215967
0.038034 -0.012547 0.222909
0.030719 -0.015057 0.223583
0.037535 -0.006537 0.219016
0.033516 -0.010710 0.217626
0.038068 -0.010442 0.222975
0.031301 -0.009881 0.222915
0.034674 -0.008953 0.222757
0.038379 -0.005669 0.220717
0.037456 -0.012013 0.224170
0.038093 -0.004577 0.218139
0.036478 -0.005183 0.216803
0.031463 -0.011561 0.215354
0.036256 -0.008734 0.220543
0.036151 -0.008665 0.220351
0.032440 -0.012011 0.224810
0.035756 -0.003831 0.220862
0.033221 -0.016632 0.224718
0.035671 -0.012497 0.224698
0.034253 -0.012660 0.223628
0.033884 -0.013369 0.218210
0.030424 -0.012537 0.224574
0.029944 -0.015550 0.224643
0.036582 -0.017308 0.221333
0.031299 -0.014647 0.224635
0.037429 -0.013968 0.220836
0.034050 -0.011376 0.223349
0.038019 -0.008312 0.221481
0.036225 -0.010628 0.222303
0.036131 -0.006004 0.221852
0.035267 -0.011334 0.216946
0.031499 -0.007952 0.222594
0.036420 -0.007560 0.220072
0.037268 -0.007971 0.219564
0.035575 -0.009326 0.217499
0.038402 -0.009998 0.223389
0.037022 -0.004871 0.217347
0.036720 -0.007668 0.220379
0.031823 -0.016323 0.224740
0.037864 -0.009685 0.221114
0.033388 -0.010362 0.223019
