0.118873 0.055379 0.281650
0.116172 0.063705 0.280341
0.118926 0.056035 0.282900
0.116086 0.065553 0.279525
0.116481 0.062773 0.283130
0.117053 0.063697 0.281079
0.116333 0.063626 0.283259
0.116874 0.063753 0.282379
0.119447 0.056777 0.282107
0.117227 0.062502 0.284144
0.116828 0.061930 0.279430
0.118815 0.054296 0.284014
0.119101 0.054735 0.280895
0.117628 0.062235 0.281366
0.116878 0.061611 0.283464
0.116146 0.063537 0.281219
0.118171 0.061386 0.278706
0.117988 0.059822 0.280088
0.115291 0.066133 0.279238
0.115786 0.064719 0.280928
0.117782 0.061891 0.280802
0.116887 0.063240 0.284547
0.118288 0.061256 0.279936
0.116959 0.064054 0.279935
0.115774 0.064637 0.281211
0.118718 0.060515 0.280506
0.120252 0.054503 0.281806
0.118791 0.054930 0.283718
0.116838 0.064117 0.281333
0.116441 0.062925 0.283385
0.118800 0.060376 0.280708
0.116933 0.064091 0.279686
0.117173 0.062642 0.284569
0.115788 0.065949 0.278561
0.118783 0.059850 0.278620
0.117694 0.062597 0.279165
0.117885 0.061700 0.280548
0.119078 0.058877 0.281501
0.116959 0.064061 0.280174
0.115311 0.066671 0.278459
0.116716 0.064195 0.282249
0.118850 0.057368 0.282274
0.118672 0.056995 0.281612
0.119429 0.059518 0.280473
0.116323 0.063925 0.283348
0.119487 0.056850 0.279613
0.117274 0.061973 0.283482
0.117012 0.061662 0.279710
0.116610 0.061812 0.283862
0.116481 0.064653 0.278004
0.121333 0.054856 0.281276
0.115355 0.066605 0.278572
0.120212 0.055390 0.279857
0.119090 0.059739 0.281046
0.116770 0.064027 0.282437
0.119451 0.058784 0.278952
0.119070 0.055590 0.282975
0.120300 0.054426 0.280066
0.119512 0.059259 0.279716
0.116621 0.063945 0.278100
0.118179 0.054487 0.281772
0.117084 0.063413 0.278402
0.119470 0.055928 0.280495
0.119623 0.058496 0.279019
0.116418 0.063033 0.282667
0.118534 0.055728 0.283523
0.119721 0.058744 0.279457
0.117673 0.062356 0.280908
0.118725 0.055829 0.281878
0.118283 0.061335 0.279242
0.118366 0.061163 0.279284
0.118683 0.057890 0.281039
0.119319 0.059587 0.279741
0.117810 0.060294 0.280514
0.117395 0.061804 0.284066
0.117358 0.061300 0.281227
0.117107 0.063832 0.279383
0.119572 0.057067 0.279376
0.117566 0.055089 0.282684
0.119081 0.059667 0.279010
0.118528 0.054890 0.284024
0.119836 0.056965 0.279281
0.115925 0.065803 0.278073
0.117374 0.061425 0.281388
0.116544 0.064341 0.282644
0.117547 0.062752 0.280825
0.116372 0.064850 0.281952
0.119266 0.059435 0.281162
0.118661 0.057136 0.281902
0.119430 0.058042 0.279047
0.115856 0.064385 0.281607
0.119094 0.055800 0.281181
0.114966 0.066988 0.279189
0.117227 0.063650 0.280339
0.118171 0.060873 0.278390
0.119077 0.059315 0.278775
0.120026 0.054352 0.282193
0.115115 0.066962 0.278564
0.117012 0.063347 0.282748
0.119381 0.059144 0.281195
0.117670 0.060663 0.280132
0.117164 0.061646 0.281414
0.120136 0.055269 0.281822
0.118137 0.059337 0.280601
0.117744 0.062581 0.279683
0.119148 0.056586 0.280755
0.116967 0.063201 0.283764
0.116441 0.063037 0.283581
0.117480 0.061003 0.280324
0.116281 0.065258 0.279668
0.119181 0.056064 0.281006
0.120940 0.056434 0.280231
0.116963 0.063872 0.278751
0.120951 0.054020 0.279210
0.118814 0.057117 0.281164
0.115877 0.065922 0.279232
0.120287 0.055991 0.279419
0.118346 0.061287 0.279736
0.117099 0.062970 0.283705
0.118573 0.060830 0.279557
0.117285 0.062264 0.284037
0.119247 0.059420 0.279203
0.119409 0.055690 0.282550
0.118537 0.054438 0.281348
0.120481 0.055923 0.279355
0.115829 0.064463 0.280985
0.118703 0.060004 0.281139
0.119330 0.058290 0.279004
0.116649 0.064535 0.278839
0.118171 0.060873 0.278390
0.117539 0.056102 0.284169
0.119201 0.057321 0.281995
0.116621 0.063945 0.278100
0.117095 0.063803 0.280038
0.116007 0.065670 0.279822
0.118250 0.060850 0.280979
0.116421 0.063438 0.283571
0.116525 0.064767 0.281133
0.119109 0.054869 0.283306
0.117073 0.061834 0.283172
0.117993 0.061373 0.280871
0.116783 0.062487 0.284846
0.118528 0.054890 0.284024
0.116594 0.064471 0.282086
0.117226 0.062432 0.283205
0.117868 0.062296 0.279588
0.118987 0.057970 0.281627
0.116809 0.063402 0.284265
0.120255 0.056146 0.281929
0.115734 0.064896 0.280689
0.119011 0.059878 0.279314
0.117905 0.062144 0.279041
0.120683 0.055864 0.281646
0.116654 0.064539 0.278661
0.119329 0.055797 0.280803
0.118738 0.060544 0.280127
0.116689 0.064364 0.277999
0.118432 0.059089 0.279232
0.118635 0.058179 0.280951
0.116511 0.064755 0.281552
0.120814 0.055164 0.279228
0.119696 0.055053 0.282408
0.117423 0.056191 0.284106
0.117215 0.061996 0.283241
0.117777 0.055815 0.284275
0.116812 0.062351 0.280424
0.116743 0.063651 0.283603
0.115299 0.065525 0.278640
0.115631 0.065471 0.280023
0.116173 0.063524 0.281732
0.117071 0.063880 0.279911
0.115649 0.066114 0.278127
0.116156 0.065441 0.277943
0.117211 0.061765 0.283379
0.117411 0.061756 0.281774
0.118070 0.061864 0.279363
0.116738 0.064208 0.281983
0.120119 0.054934 0.280241
0.116689 0.064364 0.277999
0.115856 0.064385 0.281607
0.119741 0.054587 0.282591
0.116918 0.063529 0.282346
0.119513 0.057445 0.279240
0.116281 0.065258 0.279668
0.116832 0.064246 0.280718
0.118366 0.061163 0.279284
0.117659 0.062704 0.279967
0.116488 0.064604 0.282273
0.119774 0.058823 0.279683
0.116599 0.063552 0.283745
0.117686 0.061646 0.281349
0.119448 0.055654 0.280635
0.117320 0.063041 0.278724
0.117566 0.061691 0.281587
0.117958 0.055768 0.284150
0.116469 0.062821 0.281588
0.118090 0.061410 0.280211
0.118740 0.060303 0.278954
0.117752 0.060492 0.281029
0.116250 0.065293 0.279468
0.115429 0.065917 0.279438
0.117176 0.062653 0.283021
0.119183 0.056723 0.280562
0.116506 0.062638 0.283443
0.116505 0.064917 0.279589
0.117145 0.062866 0.282843
0.118170 0.055454 0.282273
0.119029 0.057382 0.280572
0.118845 0.058180 0.281560
0.118125 0.059319 0.279791
0.120879 0.056887 0.281180
0.117239 0.063566 0.280558
0.117089 0.063717 0.280790
0.116798 0.064007 0.277998
0.118275 0.055456 0.284001
0.120485 0.055148 0.281725
0.119292 0.058552 0.281454
0.120252 0.056532 0.281969
0.117686 0.062081 0.281132
0.115512 0.065328 0.279200
0.119381 0.059144 0.281195
0.117005 0.063658 0.278288
0.117349 0.063324 0.279289
0.119138 0.059842 0.279593
0.118812 0.057439 0.282154
0.116940 0.063240 0.283982
0.118334 0.060988 0.278453
0.117309 0.063205 0.281037
0.115875 0.065031 0.281098
0.119912 0.057885 0.281407
0.115543 0.066264 0.278193
0.116911 0.064072 0.278897
0.116806 0.064208 0.278060
0.118997 0.055597 0.281437
0.119409 0.056526 0.282151
0.116670 0.064244 0.282453
0.115624 0.065264 0.279374
0.116736 0.063816 0.283476
0.116064 0.065498 0.278252
0.119867 0.054925 0.280411
0.117051 0.062169 0.282761
0.115692 0.065368 0.280213
0.115784 0.065961 0.278202
0.117882 0.060992 0.278544
0.118657 0.060450 0.278657
0.116738 0.064280 0.281665
0.118156 0.055216 0.284246
0.116917 0.063909 0.278367
0.118177 0.059166 0.279978
0.120413 0.057723 0.281132
0.118043 0.059613 0.280394
0.117029 0.063155 0.283553
0.118688 0.060396 0.278808
0.117152 0.062759 0.284111
0.116176 0.064687 0.282383
0.115202 0.066720 0.278410
0.117237 0.062315 0.284547
0.116906 0.063596 0.278062
0.117559 0.062820 0.280273
0.117164 0.061562 0.283602
0.119068 0.060035 0.280757
0.115910 0.065780 0.278359
0.117230 0.063532 0.280003
0.119116 0.058356 0.279092
0.117308 0.061816 0.281896
0.116230 0.065150 0.280809
0.118722 0.060169 0.278597
0.119035 0.058767 0.278869
0.120288 0.053875 0.280072
0.118297 0.056596 0.282795
0.117256 0.062861 0.281671
0.116752 0.061650 0.284151
0.117970 0.060026 0.280375
0.116665 0.061799 0.283514
0.119611 0.057599 0.279111
0.116657 0.064530 0.280984
0.120619 0.057215 0.279967
0.120514 0.056839 0.279433
0.120867 0.057156 0.281041
0.119801 0.054000 0.282797
0.117008 0.063264 0.283373
0.118961 0.054693 0.283639
0.116615 0.062554 0.282187
0.120973 0.054461 0.281366
0.119241 0.054836 0.283123
0.116507 0.063147 0.284646
0.116967 0.064034 0.280487
0.119244 0.056865 0.282234
0.117214 0.062487 0.282474
0.118706 0.058903 0.281525
0.117384 0.063242 0.280631
0.118000 0.060534 0.278698
0.117946 0.059954 0.280678
0.116429 0.065051 0.278048
0.116809 0.063402 0.284265
0.115567 0.065699 0.279827
0.117206 0.056130 0.284248
0.116426 0.063174 0.280220
0.119904 0.058593 0.279637
0.118702 0.059921 0.278609
0.116277 0.063708 0.279933
0.115952 0.064496 0.282084
0.119982 0.058135 0.281180
0.118799 0.060464 0.280337
0.120679 0.057585 0.281020
0.119658 0.058708 0.279154
0.119102 0.060015 0.280337
0.117374 0.061425 0.281388
0.117398 0.062260 0.281992
0.116389 0.062908 0.284550
0.115907 0.064390 0.281883
0.115649 0.066117 0.278289
0.118225 0.061058 0.278326
0.116462 0.063097 0.284324
0.116733 0.064457 0.280620
0.117175 0.061578 0.280587
0.116695 0.064529 0.279679
0.117983 0.055275 0.284417
0.116707 0.063197 0.284830
0.121062 0.054378 0.279150
0.118642 0.060580 0.279167
0.117896 0.061190 0.281119
0.118091 0.061255 0.280741
0.120071 0.054903 0.281909
0.118815 0.057799 0.280720
0.115631 0.065471 0.280023
0.115808 0.065968 0.279531
0.118581 0.060681 0.280226
0.120576 0.057866 0.280917
0.115814 0.065997 0.278847
0.120355 0.054703 0.279829
0.117357 0.062285 0.278320
0.116636 0.064656 0.278095
0.115115 0.066962 0.278564
0.116072 0.065478 0.280377
0.117110 0.062960 0.283105
0.116320 0.065174 0.278845
0.115753 0.064606 0.281423
0.120464 0.054020 0.279750
0.117606 0.062792 0.279390
0.119175 0.059055 0.278822
0.119175 0.059055 0.278822
0.116012 0.063943 0.282027
0.117328 0.063302 0.279154
0.118305 0.056533 0.283148
0.119673 0.055523 0.280393
0.117661 0.062402 0.280589
0.116819 0.064290 0.279801
0.116833 0.063831 0.283031
0.116441 0.063037 0.283581
0.116818 0.063886 0.282686
0.117804 0.060211 0.279494
0.118835 0.055574 0.281796
0.117210 0.063320 0.278837
0.115620 0.066179 0.278455
0.117248 0.061449 0.284218
0.116554 0.064737 0.280170
0.119712 0.057583 0.281613
0.116332 0.064982 0.281733
0.117165 0.063583 0.279018
0.116542 0.064229 0.282915
0.116176 0.065310 0.278171
0.117604 0.062560 0.280870
0.120619 0.057215 0.279967
0.116467 0.063561 0.279729
0.118689 0.056847 0.282664
0.120479 0.056626 0.281707
0.116502 0.064008 0.283565
0.117116 0.063294 0.281945
0.119121 0.059464 0.278855
0.118654 0.055314 0.283630
0.114755 0.067155 0.279201
0.117974 0.061515 0.280441
0.114892 0.067124 0.279089
0.119373 0.059064 0.278910
0.116649 0.064535 0.278839
0.115685 0.066032 0.279892
0.120477 0.054395 0.281616
0.118256 0.056572 0.283102
0.119256 0.057288 0.279850
0.118528 0.054890 0.284024
0.120394 0.054361 0.279813
0.119327 0.055102 0.282882
0.115420 0.066506 0.278374
0.118966 0.059926 0.279143
0.119241 0.054836 0.283123
0.119063 0.059104 0.281448
0.115672 0.066218 0.279197
0.116318 0.063504 0.282413
0.116105 0.065340 0.280637
0.118722 0.057426 0.281972
0.116446 0.064912 0.280388
0.116630 0.061679 0.283925
0.116265 0.065145 0.280528
0.116332 0.062771 0.284430
0.115567 0.065113 0.278646
0.118946 0.057454 0.282073
0.117079 0.063251 0.278187
0.118662 0.058229 0.281428
0.115088 0.066961 0.278954
0.118526 0.060641 0.280664
0.118445 0.059023 0.281290
0.115115 0.066962 0.278564
0.119549 0.059050 0.280991
0.116418 0.063033 0.282667
0.118904 0.057237 0.280970
0.118001 0.061998 0.279588
0.119558 0.058688 0.281231
0.121514 0.054996 0.281008
0.118275 0.055456 0.284001
0.118831 0.057531 0.281942
0.119758 0.055518 0.282066
0.117912 0.062130 0.279823
0.115620 0.066179 0.278455
0.116219 0.065126 0.280640
0.116686 0.062740 0.280106
0.117598 0.062418 0.281140
0.117913 0.056281 0.283065
0.118671 0.057508 0.281384
0.118961 0.057347 0.282202
0.118873 0.058854 0.281544
0.115910 0.064277 0.278832
0.117243 0.063589 0.280150
0.118732 0.056722 0.282744
0.116824 0.062112 0.284679
0.115649 0.065085 0.279762
0.121177 0.056327 0.280847
0.116403 0.063791 0.283546
0.116300 0.063287 0.281961
0.120694 0.055563 0.279299
0.118581 0.060681 0.280226
0.117426 0.063084 0.279106
0.117987 0.061935 0.279845
0.117243 0.063589 0.280150
0.116484 0.064074 0.283403
0.117358 0.061300 0.281227
0.118891 0.057415 0.280821
0.119224 0.059433 0.278994
0.117119 0.062852 0.284266
0.119580 0.058237 0.281385
0.115453 0.066454 0.278564
0.121159 0.054530 0.281283
0.118715 0.055042 0.281923
0.119121 0.059464 0.278855
0.116297 0.065141 0.278152
0.115465 0.066461 0.278879
0.116198 0.063766 0.282568
0.119422 0.059145 0.279090
0.119063 0.059104 0.281448
0.116903 0.063959 0.281466
0.116136 0.063630 0.282015
0.116666 0.063272 0.284708
0.119870 0.058001 0.279080
0.118088 0.061161 0.280965
0.117478 0.062639 0.278460
0.120663 0.056288 0.281529
0.117547 0.062752 0.280825
0.116861 0.063382 0.283750
0.118777 0.058585 0.281526
0.119319 0.059587 0.279741
0.116263 0.063440 0.280526
0.116097 0.063649 0.281459
0.119391 0.057850 0.281583
0.116332 0.062827 0.279077
0.117454 0.062981 0.280895
0.116963 0.062075 0.280292
0.120014 0.058065 0.279214
0.116799 0.064251 0.280997
0.118539 0.060082 0.278608
0.116969 0.062085 0.281824
0.117688 0.062243 0.281026
0.116031 0.064666 0.282219
0.121295 0.055970 0.281588
0.118101 0.061618 0.280005
0.116738 0.064476 0.280448
0.119611 0.054175 0.280625
0.120641 0.056792 0.281371
0.117210 0.062948 0.278247
0.118562 0.058594 0.281342
0.118030 0.055587 0.284163
0.120323 0.058037 0.280971
0.115543 0.066264 0.278193
0.116921 0.063595 0.282576
0.117596 0.060778 0.279871
0.116485 0.062362 0.284557
0.119429 0.059518 0.280473
0.116933 0.064091 0.279686
0.117483 0.062759 0.281075
0.115987 0.064082 0.281556
0.119462 0.055222 0.282668
0.118325 0.060885 0.280735
0.117468 0.063101 0.279345
0.116483 0.064889 0.278477
0.116186 0.065203 0.278312
0.116186 0.065203 0.278312
0.116641 0.062623 0.281249
0.120694 0.055563 0.279299
0.119697 0.059052 0.279934
0.118801 0.059724 0.281251
0.116999 0.062590 0.284869
0.115863 0.064563 0.280070
0.118715 0.059523 0.281351
0.117989 0.053529 0.281608
0.115257 0.066719 0.278843
0.116457 0.062655 0.284696
0.116735 0.064446 0.278068
0.115955 0.064238 0.279301
0.119423 0.059354 0.280970
0.118804 0.057645 0.280921
0.116488 0.064604 0.282273
0.115962 0.064233 0.282049
0.118405 0.061195 0.279618
0.116711 0.064360 0.281528
0.117660 0.054175 0.282086
0.118446 0.060809 0.280335
0.116458 0.062447 0.284085
0.117636 0.062571 0.278897
0.117180 0.062355 0.282925
0.117785 0.062417 0.279854
0.115846 0.065904 0.279777
0.119422 0.059167 0.279242
0.117601 0.062624 0.280419
0.119576 0.054787 0.282734
0.119716 0.057859 0.281500
0.116046 0.064326 0.282356
0.116712 0.064519 0.279431
0.117226 0.062432 0.283205
0.120975 0.056098 0.281506
0.118652 0.058519 0.279795
0.118135 0.059786 0.281012
0.115947 0.065577 0.278030
0.116988 0.061494 0.284149
0.116807 0.064317 0.279980
0.116120 0.063768 0.281032
0.116156 0.065441 0.277943
0.117277 0.063094 0.281356
0.117646 0.062767 0.279557
0.119396 0.054574 0.283049
0.116217 0.063557 0.279427
0.117730 0.060388 0.280776
0.118447 0.061062 0.279497
0.120227 0.054046 0.281979
0.117066 0.063538 0.281627
0.117876 0.060052 0.279817
0.116818 0.063886 0.282686
0.117394 0.061180 0.281007
0.116673 0.064559 0.280007
0.116847 0.062000 0.282958
0.116754 0.064388 0.278255
0.119109 0.054869 0.283306
0.119251 0.057776 0.279352
0.118760 0.056397 0.282923
0.118715 0.059523 0.281351
0.117411 0.061756 0.281774
0.117843 0.061927 0.278450
0.119373 0.059064 0.278910
0.115811 0.066103 0.279112
0.118174 0.061626 0.279276
0.117376 0.061610 0.284192
0.118876 0.060159 0.279417
0.116504 0.064845 0.279228
0.116631 0.063348 0.284481
0.116716 0.064195 0.282249
0.117925 0.062090 0.279395
0.116464 0.062884 0.283779
0.117395 0.061804 0.284066
0.117322 0.062900 0.278393
0.116509 0.062267 0.284330
0.117946 0.059954 0.280678
0.115208 0.065614 0.278834
0.120824 0.054558 0.279272
0.117309 0.062137 0.282130
0.118777 0.058585 0.281526
0.117565 0.062430 0.278425
0.114772 0.067207 0.279290
0.116411 0.062933 0.281991
0.119466 0.058477 0.278962
0.116545 0.064790 0.279902
0.115844 0.065224 0.280831
0.118050 0.059571 0.279473
0.118970 0.060031 0.279518
0.117653 0.056212 0.283573
0.117050 0.063565 0.281365
0.115942 0.065668 0.280173
0.118414 0.055137 0.284021
0.116519 0.063252 0.283860
0.118799 0.060464 0.280337
0.119537 0.054950 0.282698
0.116396 0.064957 0.281190
0.118004 0.055413 0.284243
0.118043 0.059613 0.280394
0.114785 0.067003 0.279113
0.116600 0.064655 0.280712
0.121176 0.056312 0.281306
0.118052 0.061719 0.278812
0.115991 0.064057 0.282230
0.119319 0.056139 0.282402
0.117470 0.062355 0.278317
0.117139 0.063034 0.282362
0.118076 0.061560 0.278636
0.115978 0.064108 0.281049
0.117876 0.060052 0.279817
0.118555 0.060656 0.280444
0.118604 0.060807 0.279797
0.116388 0.063253 0.283349
0.117308 0.061816 0.281896
0.115494 0.066404 0.278772
0.117283 0.062065 0.284451
0.114989 0.066993 0.278655
0.119406 0.059132 0.278961
0.116631 0.062211 0.283348
0.120516 0.056477 0.281682
0.120788 0.055095 0.281665
0.115835 0.064508 0.279488
0.116392 0.062708 0.284255
0.116383 0.064607 0.282445
0.119845 0.055190 0.282081
0.118469 0.056043 0.283460
0.118306 0.061188 0.278950
0.117715 0.056096 0.283126
0.119462 0.055222 0.282668
0.115632 0.065927 0.279880
0.118331 0.055809 0.283707
0.115264 0.066701 0.279155
0.115224 0.065814 0.279082
0.116632 0.062135 0.284561
0.118432 0.059089 0.279232
0.119930 0.054280 0.282436
0.118576 0.055578 0.282028
0.119019 0.055374 0.283136
0.115044 0.066784 0.279222
0.119237 0.058071 0.279149
0.118833 0.060107 0.278788
0.118766 0.054755 0.281821
0.118908 0.058415 0.279339
0.115604 0.066253 0.278747
0.120879 0.056887 0.281180
0.119650 0.054850 0.282591
0.117116 0.063294 0.281945
0.119845 0.055190 0.282081
0.118753 0.056539 0.281589
0.118932 0.055781 0.281533
0.118861 0.057926 0.280492
0.118696 0.057492 0.281684
0.120350 0.055334 0.279639
0.116619 0.062659 0.280925
0.118772 0.060307 0.279295
0.119202 0.059865 0.280290
0.120319 0.056936 0.279270
0.116884 0.064180 0.279172
0.116942 0.063513 0.283008
0.117260 0.062226 0.283383
0.118171 0.061386 0.278706
0.116677 0.064375 0.281816
0.119569 0.059057 0.279560
0.116086 0.065553 0.279525
0.120323 0.058037 0.280971
0.118945 0.060283 0.280525
0.117403 0.061972 0.281927
0.116621 0.062829 0.284869
0.116847 0.062000 0.282958
0.118455 0.060614 0.280865
0.121140 0.055322 0.281646
0.115504 0.066414 0.279113
0.115866 0.064893 0.281726
0.116670 0.064244 0.282453
0.119029 0.057382 0.280572
0.117830 0.062107 0.280199
0.117210 0.062577 0.283891
0.119576 0.053935 0.283144
0.117868 0.062296 0.279588
0.119110 0.055036 0.283189
0.118007 0.061496 0.278362
0.118911 0.056624 0.282673
0.117063 0.063160 0.282920
0.118814 0.058196 0.280178
0.115534 0.065431 0.279476
0.117766 0.062202 0.280347
0.117974 0.061515 0.280441
0.115076 0.066868 0.279234
0.118811 0.055669 0.283245
0.120515 0.054618 0.279579
0.119077 0.057869 0.279868
0.117126 0.061684 0.280443
0.117454 0.062981 0.280895
0.119239 0.055302 0.282902
0.120515 0.054618 0.279579
0.117227 0.062700 0.282333
0.119651 0.055819 0.282086
0.117211 0.063098 0.278355
0.116022 0.065670 0.279251
0.117640 0.062664 0.280180
0.116175 0.063426 0.281480
0.118570 0.056867 0.282322
0.116493 0.063003 0.280383
0.120129 0.056703 0.279295
0.115861 0.064348 0.281083
0.117176 0.063087 0.282079
0.120730 0.057067 0.281219
0.120485 0.055148 0.281725
0.119955 0.058325 0.279306
0.116944 0.064005 0.280772
0.117372 0.061854 0.284237
0.117370 0.063324 0.280486
0.116755 0.063375 0.284545
0.119742 0.056131 0.279838
0.116609 0.064652 0.280450
0.118821 0.060188 0.280930
0.120172 0.057269 0.279215
0.117165 0.063583 0.279018
0.116432 0.063043 0.284680
0.117417 0.061116 0.280700
0.116900 0.063289 0.284211
0.116462 0.063097 0.284324
0.118827 0.058877 0.278963
0.119285 0.055638 0.282724
0.119904 0.058593 0.279637
0.116380 0.064979 0.281065
0.118071 0.059524 0.279751
0.120428 0.055301 0.279511
0.117390 0.062455 0.281831
0.118279 0.059423 0.281069
0.118861 0.057926 0.280492
0.115398 0.066376 0.279236
0.117636 0.062571 0.278897
0.118418 0.054885 0.284157
0.120136 0.055269 0.281822
0.114827 0.067094 0.279000
0.115767 0.066187 0.279117
0.116671 0.062587 0.280635
0.118048 0.061308 0.280513
0.119181 0.056064 0.281006
0.119949 0.057087 0.281851
0.117687 0.060483 0.279263
0.117214 0.063271 0.281314
0.115930 0.065736 0.278534
0.117380 0.063304 0.280065
0.117879 0.061746 0.280341
0.118455 0.060614 0.280865
0.116507 0.062693 0.282666
0.119550 0.056359 0.279904
0.120101 0.054880 0.280329
0.119835 0.058536 0.279321
0.118500 0.058642 0.280799
0.119208 0.059590 0.279352
0.116610 0.061812 0.283862
0.119063 0.053954 0.283845
0.117152 0.061699 0.284475
0.120350 0.057339 0.279400
0.119758 0.055518 0.282066
0.119220 0.055976 0.282600
0.119465 0.057986 0.281512
0.116207 0.064854 0.282312
0.119867 0.054925 0.280411
0.116557 0.062543 0.282920
0.116578 0.064420 0.282382
0.117466 0.062853 0.278858
0.117200 0.061970 0.282019
0.117896 0.061190 0.281119
0.114907 0.066795 0.279135
0.120690 0.054933 0.279333
0.117415 0.062987 0.281031
0.115986 0.065745 0.279092
0.118184 0.059280 0.279397
0.114987 0.067150 0.278714
0.118855 0.055787 0.281695
0.117152 0.061699 0.284475
0.119830 0.058426 0.281142
0.114866 0.066809 0.278852
0.115649 0.065072 0.279273
0.117222 0.062215 0.283131
0.117329 0.063419 0.279868
0.121423 0.055876 0.281241
0.118683 0.057890 0.281039
0.115958 0.064801 0.281991
0.116286 0.063205 0.281664
0.118221 0.059546 0.279101
0.118143 0.061323 0.278458
0.116943 0.063767 0.281546
0.120650 0.054181 0.281452
0.121364 0.055707 0.281701
0.116050 0.064063 0.280267
0.119416 0.057660 0.281660
0.117048 0.063759 0.278919
0.115726 0.064708 0.281356
0.116665 0.061799 0.283514
0.118678 0.057866 0.281515
0.116575 0.062566 0.284815
0.116390 0.063203 0.283038
0.118155 0.059385 0.280815
0.118702 0.056992 0.282472
0.115058 0.067075 0.278734
0.118692 0.060644 0.279714
0.118450 0.058707 0.280493
0.116192 0.065113 0.281218
0.119157 0.055801 0.282784
0.116343 0.064152 0.282943
0.119857 0.056293 0.279587
0.116353 0.063638 0.279643
0.119341 0.057348 0.279539
0.117366 0.061598 0.281586
0.117362 0.056102 0.284310
0.116707 0.063197 0.284830
0.120619 0.057215 0.279967
0.119800 0.054779 0.282345
0.117576 0.062698 0.280635
0.116717 0.064031 0.283170
0.117244 0.062470 0.284459
0.118179 0.054487 0.281772
0.116281 0.065258 0.279668
0.116757 0.063067 0.284888
0.117390 0.062543 0.281547
0.120975 0.056098 0.281506
0.116428 0.062873 0.284037
0.118353 0.058915 0.280873
0.121444 0.055407 0.281524
0.117218 0.063484 0.280790
0.116644 0.061886 0.284188
0.119959 0.055335 0.281902
0.114962 0.066451 0.278908
0.118184 0.055780 0.283919
0.117178 0.062209 0.278490
0.117490 0.062979 0.280708
0.118653 0.059207 0.278897
0.118692 0.058737 0.279289
0.118861 0.057926 0.280492
0.115409 0.066479 0.278276
0.115960 0.064366 0.279945
0.115800 0.064869 0.281423
0.118812 0.057439 0.282154
0.116233 0.065290 0.278746
0.115554 0.065090 0.279057
0.116870 0.063741 0.282534
0.116074 0.063813 0.278758
0.118181 0.056439 0.282666
0.116896 0.062138 0.282621
0.119144 0.057814 0.279615
0.119143 0.055138 0.280913
0.117885 0.061700 0.280548
0.116538 0.064735 0.281381
0.119365 0.054913 0.280714
0.118814 0.056072 0.281662
0.118079 0.061754 0.279098
0.119027 0.058662 0.281542
0.118688 0.057207 0.281428
0.117330 0.063444 0.280310
0.119239 0.054055 0.283599
0.116298 0.063626 0.282940
0.117476 0.063149 0.279906
0.116446 0.064912 0.280388
0.117553 0.062843 0.279122
0.116621 0.064543 0.281561
0.118439 0.056708 0.282534
0.117081 0.061678 0.280053
0.118827 0.058877 0.278963
0.120683 0.055864 0.281646
0.117423 0.056191 0.284106
0.117450 0.063077 0.280417
0.115861 0.064348 0.281083
0.116244 0.065136 0.280987
0.116369 0.065039 0.278644
0.117796 0.062378 0.279089
0.116654 0.064539 0.278661
0.119959 0.055335 0.281902
0.117211 0.063098 0.278355
0.116496 0.064923 0.278006
0.118400 0.056558 0.282295
0.116895 0.063623 0.281443
0.120040 0.055932 0.279710
0.117404 0.063218 0.280309
0.119728 0.056223 0.281918
0.120976 0.056725 0.281130
0.115529 0.066149 0.279386
0.119843 0.057358 0.279163
0.116320 0.065174 0.278845
0.118603 0.054692 0.281697
0.117701 0.060484 0.279674
0.117224 0.063554 0.279196
0.115187 0.066716 0.279203
0.117125 0.062510 0.284767
0.117361 0.061787 0.283922
0.119623 0.054683 0.280562
0.118455 0.056450 0.283176
0.119441 0.055848 0.282335
0.118487 0.060856 0.278779
0.116542 0.064773 0.279072
0.120393 0.058180 0.280791
0.116887 0.063240 0.284547
0.118246 0.056022 0.283713
0.116396 0.064957 0.281190
0.119801 0.058051 0.281380
0.117551 0.060792 0.280859
0.117752 0.062279 0.278642
0.118544 0.060812 0.279261
0.118421 0.058827 0.281169
0.116637 0.063998 0.283413
0.115388 0.065627 0.279300
0.117005 0.063658 0.278288
0.118657 0.058251 0.280790
0.117666 0.061915 0.281430
0.119623 0.058496 0.279019
0.119343 0.056585 0.280214
0.116374 0.064283 0.282809
0.121314 0.055135 0.281451
0.117158 0.063722 0.279380
0.119124 0.059777 0.279410
0.116925 0.063971 0.281039
0.116545 0.064778 0.278690
0.115693 0.065018 0.280335
0.117686 0.061646 0.281349
0.120690 0.054933 0.279333
0.118125 0.059319 0.279791
0.117176 0.063087 0.282079
0.118583 0.056795 0.282067
0.117370 0.063324 0.280486
0.118005 0.056325 0.283653
0.119220 0.055976 0.282600
0.118418 0.054885 0.284157
0.116549 0.064762 0.278916
0.115028 0.067120 0.278655
0.116396 0.064957 0.281190
0.118300 0.059026 0.279653
0.117050 0.063519 0.281892
0.119028 0.058448 0.281543
0.117891 0.060148 0.279097
0.116827 0.063214 0.284745
0.117636 0.062571 0.278897
0.116616 0.064694 0.279462
0.117617 0.061745 0.278414
0.118904 0.059314 0.278738
0.117273 0.061416 0.280867
0.117542 0.060829 0.279402
0.115547 0.065885 0.279712
0.117983 0.061701 0.278518
0.116612 0.062350 0.279068
0.117982 0.061942 0.278956
0.116874 0.063753 0.282379
0.119936 0.058746 0.280336
0.117887 0.056037 0.284006
0.118720 0.057329 0.282121
0.116984 0.063150 0.284372
0.118121 0.059323 0.280255
0.115757 0.066011 0.278715
0.120091 0.057028 0.279221
0.118626 0.060534 0.278885
0.119110 0.054139 0.283671
0.117164 0.063556 0.280939
0.118500 0.060904 0.279978
0.117119 0.061511 0.279494
0.115897 0.065919 0.278954
0.115991 0.064057 0.282230
0.117062 0.061891 0.284576
0.116072 0.065478 0.280377
0.116973 0.061983 0.280778
0.118084 0.061353 0.280355
0.115398 0.066376 0.279236
0.117565 0.062430 0.278425
0.116918 0.063037 0.284859
0.117300 0.062762 0.281918
0.115325 0.065489 0.279022
0.118232 0.061486 0.279749
0.116769 0.061945 0.284476
0.117259 0.062822 0.282107
0.118351 0.055059 0.284133
0.120360 0.055160 0.279683
0.118384 0.060785 0.278423
0.119376 0.055468 0.282708
0.119302 0.054301 0.283428
0.116655 0.062052 0.283220
0.118090 0.061410 0.280211
0.119891 0.054637 0.280428
0.116311 0.064825 0.282227
0.117184 0.062648 0.283312
0.119870 0.054133 0.282629
0.119070 0.059927 0.279721
0.116650 0.062377 0.282486
0.118873 0.058854 0.281544
0.120254 0.054354 0.280245
0.116655 0.064217 0.282806
0.118579 0.055163 0.283832
0.120718 0.054498 0.281508
0.119836 0.058735 0.280893
0.118335 0.061071 0.278656
0.116461 0.064918 0.280122
0.120516 0.056477 0.281682
0.119819 0.058464 0.279191
0.117140 0.061658 0.280860
0.117076 0.062972 0.284361
0.116110 0.065141 0.281783
0.118215 0.060019 0.281158
0.118860 0.059662 0.278676
0.117612 0.060704 0.280449
0.118156 0.061715 0.279526
0.119489 0.058978 0.279000
0.115857 0.064631 0.281831
0.116727 0.061596 0.283940
0.115761 0.065954 0.278428
0.118305 0.056533 0.283148
0.115882 0.065561 0.280308
0.117300 0.063504 0.279653
0.116860 0.063628 0.283296
0.116419 0.065014 0.278763
0.118811 0.055669 0.283245
0.116603 0.064733 0.279726
0.119197 0.057601 0.279767
0.116833 0.063831 0.283031
0.116429 0.064972 0.279187
0.117993 0.061373 0.280871
0.118555 0.056710 0.282769
0.119164 0.056464 0.282485
0.118635 0.058179 0.280951
0.118388 0.055247 0.282135
0.117596 0.060993 0.278874
0.120252 0.056532 0.281969
0.116691 0.064476 0.278558
0.118156 0.055216 0.284246
0.117720 0.062441 0.280159
0.116925 0.063971 0.281039
0.116839 0.064055 0.281700
0.118909 0.057185 0.282340
0.118868 0.055894 0.283077
0.116743 0.063651 0.283603
0.116554 0.064612 0.281836
0.117071 0.063880 0.279911
0.118150 0.056483 0.283115
0.117599 0.060909 0.281101
0.118591 0.059058 0.281454
0.119779 0.053685 0.280693
0.117985 0.061987 0.279238
0.118935 0.058138 0.279767
0.119616 0.054162 0.282959
0.118989 0.056296 0.281220
0.120198 0.057828 0.281220
0.120400 0.056579 0.281811
0.117028 0.063328 0.282472
0.118997 0.055597 0.281437
0.117108 0.062073 0.283020
0.117921 0.059987 0.279309
0.118384 0.060785 0.278423
0.116624 0.064659 0.278397
0.119696 0.055053 0.282408
0.115113 0.066882 0.279157
0.118993 0.060008 0.279875
0.116329 0.063129 0.281303
0.117988 0.059822 0.280088
0.118918 0.057688 0.281757
0.120026 0.054352 0.282193
0.115108 0.066119 0.279027
0.118641 0.057879 0.281301
0.119099 0.054473 0.283595
0.117303 0.061312 0.280426
0.118073 0.060973 0.281083
0.116902 0.061886 0.279786
0.116244 0.065136 0.280987
0.116649 0.064535 0.278839
0.118838 0.060381 0.279880
0.118937 0.055107 0.283408
0.118962 0.055176 0.281139
0.117046 0.063918 0.279613
0.119001 0.060076 0.280180
0.115659 0.066025 0.279683
0.117210 0.062948 0.278247
0.117113 0.063820 0.280253
0.116461 0.064918 0.280122
0.118558 0.056541 0.283002
0.117173 0.062769 0.282592
0.117049 0.062996 0.284547
0.118211 0.061058 0.280814
0.116277 0.065079 0.281509
0.117758 0.062530 0.279405
0.116464 0.064922 0.279428
0.117055 0.063380 0.282173
0.115311 0.066671 0.278459
0.117297 0.061735 0.283589
0.119162 0.057109 0.280386
0.117853 0.060935 0.281143
0.117226 0.062432 0.283205
0.118439 0.056708 0.282534
0.119284 0.059727 0.280033
0.115662 0.065057 0.279494
0.116933 0.064091 0.279686
0.116435 0.064326 0.282759
0.116434 0.064993 0.278928
0.116648 0.064573 0.280305
0.116895 0.063668 0.282740
0.118654 0.058366 0.280558
0.117480 0.061003 0.280324
0.115972 0.064141 0.281800
0.116507 0.062693 0.282666
0.116180 0.065006 0.282006
0.115941 0.064348 0.279729
0.117327 0.063288 0.280867
0.118050 0.059571 0.279473
0.117843 0.061927 0.278450
0.120414 0.056197 0.279342
0.116506 0.062638 0.283443
0.117987 0.061935 0.279845
0.116730 0.063422 0.284356
0.119632 0.056457 0.279677
0.119256 0.057288 0.279850
0.116300 0.063287 0.281961
0.117175 0.061578 0.280587
0.120540 0.054726 0.281653
0.118558 0.056541 0.283002
0.118741 0.060289 0.278717
0.116435 0.065017 0.278173
0.115420 0.066506 0.278374
0.118459 0.060085 0.281172
0.117777 0.055815 0.284275
0.118717 0.056176 0.283128
0.120235 0.054947 0.281772
0.116412 0.064928 0.281329
0.116330 0.063483 0.282757
0.116828 0.062277 0.280201
0.120287 0.055991 0.279419
0.116712 0.063441 0.284476
0.116580 0.062838 0.280392
0.117877 0.055600 0.284295
0.117139 0.063034 0.282362
0.119199 0.055517 0.280948
0.118934 0.056230 0.281354
0.119548 0.054502 0.282903
0.119619 0.056415 0.282022
0.119225 0.059767 0.279769
0.116183 0.064022 0.282709
0.116653 0.064140 0.283081
0.116358 0.065143 0.279554
0.115693 0.065018 0.280335
0.117176 0.063087 0.282079
0.118602 0.060731 0.280035
0.119237 0.058071 0.279149
0.116959 0.064061 0.280174
0.117082 0.063540 0.278739
0.116430 0.063224 0.282395
0.116981 0.061931 0.281476
0.116653 0.064140 0.283081
0.116555 0.062396 0.283535
0.119758 0.055518 0.282066
0.117283 0.062065 0.284451
0.117042 0.063046 0.284167
0.116554 0.064737 0.280170
0.116379 0.065117 0.279671
0.119005 0.054839 0.283495
0.119094 0.055800 0.281181
0.119090 0.059739 0.281046
0.119857 0.056293 0.279587
0.120485 0.055148 0.281725
0.117265 0.063381 0.279085
0.116488 0.064604 0.282273
0.119425 0.057803 0.279135
0.119029 0.057382 0.280572
0.116218 0.065329 0.279350
0.117832 0.060226 0.280036
0.115945 0.064207 0.280794
0.119290 0.053695 0.280836
0.118715 0.055042 0.281923
0.118414 0.054841 0.281974
0.119232 0.054347 0.280796
0.117983 0.061701 0.278518
0.116100 0.063835 0.280770
0.118210 0.060040 0.278799
0.116822 0.062246 0.280938
0.119187 0.057558 0.281789
0.118555 0.060509 0.278521
0.116952 0.063102 0.278222
0.120490 0.054318 0.279647
0.118354 0.060452 0.278536
0.116822 0.064299 0.280143
0.118365 0.061004 0.280142
0.114760 0.067205 0.279280
0.115846 0.065904 0.279777
0.120400 0.056579 0.281811
0.116920 0.063827 0.278105
0.118797 0.060370 0.279612
0.119358 0.059288 0.279434
0.118076 0.061560 0.278636
0.116875 0.063708 0.282889
0.120026 0.054352 0.282193
0.120186 0.054700 0.280260
0.117176 0.063087 0.282079
0.117559 0.055965 0.284339
0.117937 0.060122 0.281000
0.118288 0.061256 0.279936
0.120490 0.054318 0.279647
0.117063 0.063160 0.282920
0.120539 0.055930 0.281682
0.116841 0.063944 0.282134
0.118021 0.061277 0.278333
0.117505 0.062921 0.280497
0.119429 0.059518 0.280473
0.116649 0.064535 0.278839
0.116638 0.061703 0.284013
0.119549 0.055555 0.282392
0.116113 0.064890 0.282166
0.117205 0.061532 0.281159
0.119447 0.056777 0.282107
0.121273 0.055310 0.280188
0.117064 0.063105 0.283321
0.116575 0.062616 0.281868
0.118190 0.061459 0.279013
0.117003 0.063984 0.279409
0.118649 0.060587 0.280333
0.118405 0.061195 0.279618
0.116393 0.063250 0.282642
0.116959 0.064054 0.279935
0.118876 0.060159 0.279417
0.117745 0.062092 0.280607
0.118007 0.061496 0.278362
0.117830 0.062237 0.280022
0.116561 0.062812 0.280621
0.118990 0.059531 0.278762
0.118815 0.055381 0.283361
0.117366 0.062494 0.282002
0.117152 0.061699 0.284475
0.117979 0.061958 0.279712
0.116027 0.063913 0.281309
0.116190 0.065392 0.278947
0.117551 0.062279 0.281536
0.116650 0.062377 0.282486
0.118100 0.060740 0.281134
0.114830 0.067162 0.279247
0.117182 0.061569 0.284367
0.117890 0.062032 0.278701
0.118594 0.056294 0.283186
0.117867 0.055503 0.284362
0.116253 0.062942 0.279278
0.117099 0.062970 0.283705
0.117398 0.062260 0.281992
0.118305 0.061157 0.280036
0.116741 0.062168 0.279739
0.117139 0.062884 0.283425
0.116606 0.064610 0.281321
0.116728 0.064082 0.282927
0.116370 0.065102 0.279424
0.116832 0.064220 0.279515
0.119015 0.057554 0.280404
0.119429 0.059518 0.280473
0.117021 0.063505 0.278157
0.118446 0.060809 0.280335
0.118786 0.054939 0.281399
0.117205 0.061391 0.279901
0.116421 0.063438 0.283571
0.116514 0.063075 0.278631
0.116635 0.063879 0.283589
0.119078 0.056450 0.280990
0.116431 0.064976 0.278324
0.118890 0.060328 0.280152
0.119658 0.059098 0.280769
0.116081 0.065537 0.278722
0.116330 0.065049 0.278390
0.117988 0.059822 0.280088
0.120164 0.058249 0.280902
0.116607 0.063110 0.284825
0.116799 0.064251 0.280997
0.119742 0.056131 0.279838
0.119783 0.054260 0.282704
0.119409 0.055690 0.282550
0.116305 0.063311 0.282209
0.117516 0.063003 0.280093
0.118651 0.054862 0.283915
0.119523 0.056197 0.280172
0.116509 0.062267 0.284330
0.115269 0.066551 0.279221
0.116527 0.064898 0.278201
0.118166 0.061078 0.278273
0.118565 0.060323 0.278530
0.116414 0.064922 0.280684
0.117366 0.061155 0.279593
0.115529 0.066334 0.278614
0.114772 0.067168 0.279265
0.116105 0.063757 0.282270
0.120944 0.056932 0.280701
0.118300 0.055229 0.284088
0.118717 0.056176 0.283128
0.117227 0.062502 0.284144
0.117925 0.062090 0.279395
0.119947 0.056319 0.281999
0.117303 0.062405 0.282204
0.117804 0.056242 0.283805
0.118767 0.055157 0.283600
0.116666 0.063272 0.284708
0.116034 0.065665 0.278991
0.119547 0.055811 0.282188
0.119199 0.055517 0.280948
0.117327 0.061887 0.283719
0.116701 0.064509 0.280275
0.119201 0.057321 0.281995
0.116871 0.062832 0.284911
0.118718 0.060594 0.279979
0.119904 0.058593 0.279637
0.117904 0.061921 0.280204
0.118088 0.059583 0.280766
0.117209 0.061426 0.283877
0.116307 0.065143 0.280251
0.116940 0.063814 0.281317
0.118614 0.060686 0.279391
0.118666 0.054739 0.281893
0.120400 0.056579 0.281811
0.119698 0.057807 0.279070
0.118675 0.057115 0.282209
0.118669 0.056578 0.281792
0.118782 0.057853 0.281637
0.116717 0.064031 0.283170
0.115962 0.064233 0.282049
0.116176 0.065310 0.278171
0.118325 0.060885 0.280735
0.117316 0.061554 0.284336
0.116783 0.062487 0.284846
0.119845 0.055190 0.282081
0.117551 0.062279 0.281536
0.118527 0.060334 0.281044
0.119262 0.059259 0.278897
0.117278 0.063007 0.278557
0.116987 0.063712 0.278539
0.119158 0.058245 0.281524
0.116701 0.064509 0.280275
0.116333 0.063407 0.280085
0.116281 0.065258 0.279668
0.121000 0.054838 0.281487
0.120531 0.057806 0.281011
0.119790 0.056689 0.282021
0.116429 0.064972 0.279187
0.116967 0.061465 0.283812
0.117528 0.056171 0.283961
0.118706 0.058903 0.281525
0.116353 0.063638 0.279643
0.116538 0.064735 0.281381
0.117357 0.062921 0.281296
0.116938 0.063158 0.284653
0.117019 0.062109 0.282103
0.115945 0.064207 0.280794
0.119576 0.053935 0.283144
0.115982 0.065730 0.278801
0.116757 0.063067 0.284888
0.118232 0.061486 0.279749
0.120514 0.056839 0.279433
0.116625 0.062301 0.282831
0.117287 0.061780 0.284424
0.118628 0.055986 0.283315
0.118604 0.060807 0.279797
0.119281 0.058009 0.281552
0.117210 0.062948 0.278247
0.119179 0.057300 0.280153
0.116028 0.065669 0.278030
0.117628 0.062235 0.281366
0.118208 0.056346 0.283490
0.115982 0.065730 0.278801
0.116015 0.065023 0.281887
0.119425 0.057803 0.279135
0.115620 0.065327 0.279944
0.115345 0.066587 0.279125
0.116074 0.063813 0.278758
0.119261 0.057066 0.280103
0.118937 0.055107 0.283408
0.118752 0.053970 0.281078
0.116727 0.061596 0.283940
0.117064 0.061658 0.283339
0.117145 0.063368 0.281505
0.117324 0.062825 0.281454
0.117302 0.061433 0.284057
0.116603 0.064733 0.279726
0.117177 0.063239 0.278579
0.119441 0.055848 0.282335
0.120405 0.056521 0.279314
0.119463 0.056638 0.279817
0.117953 0.055664 0.282499
0.115865 0.064414 0.280804
0.117333 0.062044 0.283907
0.116510 0.064794 0.280892
0.118171 0.061386 0.278706
0.117661 0.062402 0.280589
0.118455 0.056450 0.283176
0.118121 0.056173 0.282484
0.115726 0.064863 0.280091
0.117216 0.056109 0.284411
0.116146 0.063537 0.281219
0.115346 0.065368 0.278809
0.118224 0.061097 0.280546
0.118324 0.061361 0.279612
0.116545 0.064790 0.279902
0.121176 0.056312 0.281306
0.120377 0.058124 0.280389
0.115619 0.065216 0.279632
0.116908 0.064116 0.280604
0.117843 0.061932 0.280392
0.117071 0.063880 0.279911
0.118297 0.056596 0.282795
0.116071 0.063857 0.281717
0.116137 0.065464 0.278047
0.119728 0.056223 0.281918
0.118873 0.055379 0.281650
0.120235 0.054947 0.281772
0.116110 0.065141 0.281783
0.118306 0.060554 0.281092
0.116204 0.065352 0.279103
0.116921 0.063595 0.282576
0.119129 0.059890 0.280030
0.117892 0.054772 0.282226
0.117114 0.063778 0.280493
0.117312 0.063135 0.278959
0.115767 0.066187 0.279117
0.116253 0.062942 0.279278
0.117721 0.062167 0.280849
0.116600 0.062339 0.284709
0.118408 0.061018 0.278827
0.121457 0.055163 0.281341
0.120008 0.057548 0.281530
0.116636 0.064656 0.278095
0.118023 0.060298 0.281151
0.117058 0.063864 0.279117
0.118904 0.057237 0.280970
0.116390 0.063410 0.279714
0.121273 0.055310 0.280188
0.118471 0.059753 0.281219
0.118783 0.059850 0.278620
0.120099 0.054521 0.280344
0.116356 0.065012 0.280928
0.116264 0.064797 0.282371
0.115713 0.066088 0.279418
0.116312 0.065170 0.279115
0.117123 0.061649 0.279055
0.120440 0.057171 0.281376
0.119793 0.055793 0.280124
0.117333 0.062044 0.283907
0.117458 0.063195 0.279727
0.117624 0.055747 0.282931
0.116838 0.064117 0.281333
0.119671 0.054383 0.282805
0.119910 0.054388 0.280430
0.118405 0.061195 0.279618
0.118498 0.056383 0.282022
0.115950 0.064304 0.280234
0.119658 0.059098 0.280769
0.116108 0.065170 0.281525
0.119922 0.055760 0.281972
0.119912 0.057885 0.281407
0.117273 0.061416 0.280867
0.117353 0.063035 0.281189
0.117315 0.062611 0.282102
0.119175 0.059055 0.278822
0.120071 0.054903 0.281909
0.120129 0.056703 0.279295
0.117480 0.061003 0.280324
0.119148 0.056586 0.280755
0.118720 0.057329 0.282121
0.115726 0.064708 0.281356
0.119099 0.054473 0.283595
0.116031 0.064666 0.282219
0.118455 0.056450 0.283176
0.119444 0.054753 0.282905
0.115893 0.064381 0.280516
0.117162 0.063745 0.279570
0.118511 0.054594 0.284207
0.116580 0.062838 0.280392
0.120479 0.056626 0.281707
0.115984 0.065497 0.280526
0.117893 0.056344 0.283487
0.117003 0.063297 0.283186
0.116071 0.063857 0.281717
0.116470 0.063098 0.284033
0.118689 0.056847 0.282664
0.116812 0.062351 0.280424
0.116833 0.063971 0.281932
0.117776 0.062320 0.278813
0.119610 0.058198 0.279013
0.120335 0.054571 0.281717
0.119434 0.054285 0.283188
0.117112 0.063777 0.279254
0.115947 0.065577 0.278030
0.118852 0.059923 0.278659
0.117171 0.062438 0.284662
0.117528 0.056171 0.283961
0.118984 0.058626 0.279019
0.119037 0.056954 0.280807
0.118600 0.058225 0.281195
0.118596 0.058821 0.281465
0.118517 0.060965 0.279655
0.118933 0.059819 0.278784
0.116370 0.064056 0.283242
0.117076 0.062972 0.284361
0.117248 0.061449 0.284218
0.117723 0.062212 0.278513
0.115863 0.065786 0.280038
0.116396 0.064040 0.283481
0.116031 0.063850 0.279142
0.116292 0.064363 0.282641
0.115862 0.064310 0.281299
0.115765 0.065036 0.280845
0.119463 0.056638 0.279817
0.119079 0.058105 0.279369
0.117075 0.061861 0.280340
0.115115 0.066962 0.278564
0.118070 0.061864 0.279363
0.117003 0.063297 0.283186
0.118623 0.060463 0.280815
0.118097 0.056412 0.283427
0.119857 0.056293 0.279587
0.119855 0.054940 0.282174
0.117896 0.061190 0.281119
0.116275 0.065143 0.277991
0.115227 0.066797 0.278685
0.120445 0.055010 0.279594
0.120266 0.054921 0.279974
0.119906 0.054555 0.282283
0.120174 0.054176 0.280229
0.120186 0.054700 0.280260
0.117314 0.062030 0.284273
0.116860 0.064073 0.278210
0.118614 0.060686 0.279391
0.116789 0.064314 0.279014
0.116539 0.064124 0.283189
0.116118 0.065498 0.279231
0.116738 0.064280 0.281665
0.117019 0.062109 0.282103
0.119239 0.055302 0.282902
0.115767 0.064684 0.278715
0.116477 0.062975 0.279817
0.120666 0.054209 0.279448
0.119870 0.058001 0.279080
0.116137 0.065464 0.278047
0.121527 0.055674 0.281531
0.117053 0.063846 0.280642
0.115238 0.066751 0.279059
0.117595 0.062536 0.278631
0.118165 0.056244 0.283644
0.120940 0.056434 0.280231
0.118163 0.055848 0.282347
0.118359 0.056591 0.283015
0.115753 0.066146 0.278975
0.119154 0.059989 0.280528
0.119090 0.059739 0.281046
0.117379 0.055941 0.284494
0.120406 0.055668 0.281799
0.120705 0.057608 0.280724
0.119510 0.057407 0.281767
0.118354 0.060452 0.278536
0.119186 0.059801 0.279847
0.118777 0.058585 0.281526
0.117071 0.063010 0.283923
0.115913 0.065808 0.278718
0.119152 0.057804 0.281674
0.118890 0.056510 0.281308
0.120188 0.058034 0.279631
0.116813 0.064173 0.278467
0.115942 0.065668 0.280173
0.119537 0.054950 0.282698
0.118001 0.061998 0.279588
0.115593 0.066324 0.278999
0.118865 0.054811 0.281113
0.118526 0.058516 0.281068
0.118502 0.060752 0.278603
0.116411 0.062933 0.281991
0.118935 0.059950 0.278961
0.116578 0.064420 0.282382
0.117361 0.061787 0.283922
0.117961 0.059881 0.279686
0.116390 0.063410 0.279714
0.115985 0.064167 0.281401
0.115491 0.065639 0.278369
0.116937 0.063795 0.281858
0.115555 0.065469 0.279707
0.116938 0.064097 0.279156
0.117853 0.060935 0.281143
0.118814 0.058196 0.280178
0.117119 0.062852 0.284266
0.119597 0.056072 0.282102
0.119870 0.058001 0.279080
0.115346 0.065368 0.278809
0.115364 0.066591 0.278699
0.117682 0.062077 0.278373
0.119822 0.057348 0.281713
0.115507 0.066181 0.278181
0.117604 0.061213 0.281234
0.116441 0.063037 0.283581
0.117879 0.061746 0.280341
0.118605 0.060515 0.280723
0.116712 0.063441 0.284476
0.118537 0.054438 0.281348
0.117974 0.061515 0.280441
0.115679 0.065676 0.280026
0.120824 0.054558 0.279272
0.117164 0.061646 0.281414
0.116510 0.064794 0.280892
0.116665 0.061799 0.283514
0.120594 0.055310 0.279340
0.118388 0.056221 0.283436
0.116276 0.063902 0.283066
0.118558 0.056541 0.283002
0.117796 0.062378 0.279089
0.116462 0.063097 0.284324
0.120188 0.058034 0.279631
0.115800 0.064869 0.281423
0.120911 0.055595 0.281700
0.116311 0.063097 0.279496
0.118769 0.056853 0.281360
0.117468 0.063101 0.279345
0.120385 0.055642 0.279468
0.116820 0.062292 0.281975
0.117907 0.061427 0.281023
0.117418 0.061656 0.284075
0.118692 0.058737 0.279289
0.116411 0.062933 0.281991
0.117636 0.062571 0.278897
0.115028 0.067120 0.278655
0.115865 0.064414 0.280804
0.118354 0.060452 0.278536
0.116765 0.061795 0.283251
0.117071 0.063880 0.279911
0.116012 0.065676 0.278192
0.116176 0.064687 0.282383
0.116471 0.064690 0.282075
0.117206 0.056130 0.284248
0.118610 0.059662 0.278731
0.119289 0.056617 0.282283
0.116058 0.064610 0.278311
0.117237 0.063506 0.279395
0.117979 0.061958 0.279712
0.116311 0.064825 0.282227
0.119651 0.055819 0.282086
0.119343 0.056585 0.280214
0.117392 0.063287 0.279492
0.117863 0.061708 0.278357
0.121067 0.054867 0.279329
0.116064 0.064126 0.280000
0.115708 0.064859 0.279512
0.117350 0.062036 0.284102
0.118649 0.060587 0.280333
0.116426 0.063017 0.281095
0.119443 0.053990 0.283367
0.116441 0.062931 0.282882
0.117209 0.062598 0.284341
0.117639 0.062107 0.281523
0.119330 0.056978 0.279908
0.116952 0.063661 0.282136
0.115494 0.066404 0.278772
0.118076 0.061806 0.279777
0.118890 0.060194 0.279653
0.116985 0.061963 0.280063
0.117174 0.062297 0.284699
0.117617 0.061745 0.278414
0.119811 0.055229 0.280349
0.118696 0.057492 0.281684
0.117182 0.061569 0.284367
0.116198 0.065125 0.281796
0.117595 0.062897 0.279781
0.121493 0.055892 0.281628
0.116913 0.064137 0.279325
0.119984 0.053937 0.280434
0.117639 0.062107 0.281523
0.118614 0.060686 0.279391
0.117003 0.063984 0.279409
0.118918 0.060167 0.279824
0.117248 0.062638 0.278270
0.118923 0.055993 0.281461
0.118305 0.054864 0.284343
0.119613 0.057092 0.281953
0.114957 0.067124 0.278856
0.118450 0.056020 0.282071
0.116432 0.064887 0.281525
0.116224 0.065055 0.281885
0.116390 0.063410 0.279714
0.116834 0.064298 0.280406
0.118601 0.055527 0.283545
0.117860 0.061649 0.280818
0.119416 0.057660 0.281660
0.118718 0.060594 0.279979
0.116750 0.062381 0.279989
0.116911 0.062083 0.281594
0.115269 0.066551 0.279221
0.117442 0.062623 0.281314
0.117748 0.061432 0.281224
0.119281 0.056227 0.280686
0.118933 0.059819 0.278784
0.118743 0.060568 0.279952
0.117124 0.062200 0.282371
0.117950 0.061476 0.280697
0.118890 0.060328 0.280152
0.119774 0.058823 0.279683
0.116742 0.062189 0.282632
0.121000 0.054838 0.281487
0.117072 0.063888 0.279750
0.120138 0.056330 0.279403
0.115087 0.066966 0.278511
0.116207 0.065254 0.278512
0.116672 0.064541 0.279202
0.120378 0.055854 0.279388
0.116370 0.065102 0.279424
0.117576 0.062698 0.280635
0.116473 0.062975 0.284748
0.120259 0.058283 0.280851
0.118370 0.060865 0.280505
0.116896 0.062138 0.282621
0.118163 0.055848 0.282347
0.119404 0.056300 0.282242
0.116268 0.065246 0.279878
0.117759 0.060473 0.280264
0.120292 0.056774 0.281901
0.116559 0.064754 0.279285
0.117352 0.061616 0.283902
0.118752 0.057515 0.281113
0.115935 0.065788 0.279529
0.119035 0.058767 0.278869
0.118300 0.055229 0.284088
0.117210 0.062904 0.282207
0.116654 0.064549 0.279044
0.117509 0.062472 0.281362
0.117640 0.062664 0.280180
0.119079 0.058105 0.279369
0.116417 0.063115 0.280800
0.117937 0.060122 0.281000
0.119292 0.058552 0.281454
0.115780 0.064696 0.281609
0.118246 0.056022 0.283713
0.116370 0.064056 0.283242
0.118396 0.058828 0.281000
0.118292 0.056423 0.283300
0.118870 0.054437 0.281027
0.120730 0.057067 0.281219
0.119293 0.056403 0.280506
0.116828 0.062277 0.280201
0.114957 0.067124 0.278856
0.119836 0.056965 0.279281
0.115511 0.066348 0.278328
0.117442 0.062623 0.281314
0.117271 0.062300 0.284312
0.118005 0.056199 0.283815
0.117892 0.060625 0.281150
0.117191 0.063061 0.281845
0.118579 0.055163 0.283832
0.115903 0.065384 0.280641
0.115734 0.064896 0.280689
0.120618 0.057374 0.281178
0.117419 0.062809 0.278564
0.114760 0.067205 0.279280
0.117467 0.062220 0.281756
0.118206 0.059074 0.280157
0.117210 0.062066 0.284605
0.118827 0.058877 0.278963
0.118596 0.058821 0.281465
0.115765 0.065036 0.280845
0.117604 0.061213 0.281234
0.116217 0.065317 0.280124
0.117598 0.062418 0.281140
0.118184 0.059280 0.279397
0.115649 0.066117 0.278289
0.115961 0.065088 0.281612
0.120914 0.054846 0.279202
0.118359 0.056591 0.283015
0.118815 0.060170 0.279041
0.118017 0.055327 0.284280
0.118129 0.060490 0.281178
0.116728 0.061615 0.283702
0.119489 0.058978 0.279000
0.116425 0.063982 0.283584
0.118688 0.057207 0.281428
0.117066 0.063538 0.281627
0.118855 0.055787 0.281695
0.116586 0.062373 0.283141
0.116554 0.064612 0.281836
0.116988 0.061494 0.284149
0.117071 0.063010 0.283923
0.120255 0.056146 0.281929
0.118670 0.060556 0.280437
0.117877 0.055600 0.284295
0.119811 0.055229 0.280349
0.118351 0.055059 0.284133
0.117050 0.062835 0.284795
0.116378 0.062618 0.284474
0.120723 0.056140 0.279537
0.116963 0.061953 0.281195
0.118681 0.056138 0.281835
0.115746 0.065188 0.280583
0.119835 0.058536 0.279321
0.118069 0.059535 0.279941
0.116631 0.063348 0.284481
0.119594 0.055527 0.282241
0.119487 0.056850 0.279613
0.117062 0.061891 0.284576
0.118396 0.060924 0.280233
0.118458 0.060979 0.279338
0.117653 0.056212 0.283573
0.118240 0.059052 0.280378
0.116842 0.063352 0.284393
0.116593 0.064666 0.280302
0.120325 0.054117 0.279976
0.119984 0.053937 0.280434
0.119206 0.058656 0.278906
0.119855 0.054940 0.282174
0.118490 0.060886 0.279017
0.115352 0.066613 0.278920
0.119773 0.056646 0.279461
0.118939 0.056707 0.281142
0.119144 0.057814 0.279615
0.118774 0.057289 0.282285
0.116454 0.064987 0.279761
0.119223 0.054594 0.283343
0.116255 0.063571 0.280125
0.116589 0.063308 0.284191
0.118218 0.061182 0.280214
0.119517 0.059368 0.279986
0.118355 0.058834 0.280085
0.119029 0.057382 0.280572
0.118306 0.058990 0.280701
0.120012 0.055254 0.280175
0.116464 0.064922 0.279428
0.116783 0.062487 0.284846
0.119025 0.056260 0.282707
0.118578 0.058514 0.280237
0.116333 0.065123 0.279272
0.118987 0.057970 0.281627
0.119566 0.055379 0.282499
0.119022 0.057808 0.280131
0.117697 0.061804 0.281148
0.117366 0.061598 0.281586
0.120216 0.057093 0.281689
0.117393 0.062696 0.278350
0.117019 0.063502 0.278543
0.117176 0.062653 0.283021
0.116420 0.063112 0.280525
0.118882 0.057010 0.282447
0.118359 0.056591 0.283015
0.119152 0.057804 0.281674
0.116469 0.062821 0.281588
0.117394 0.061180 0.281007
0.115484 0.065690 0.279592
0.116180 0.065405 0.279715
0.116275 0.065143 0.277991
0.117182 0.063701 0.279828
0.116489 0.062573 0.283827
0.116615 0.062554 0.282187
0.119184 0.057089 0.282185
0.119415 0.057230 0.281887
0.116695 0.064529 0.279679
0.117667 0.055716 0.284447
0.116771 0.064282 0.278747
0.119541 0.058997 0.279338
0.117205 0.061532 0.281159
0.115862 0.064310 0.281299
0.116657 0.064530 0.280984
0.117184 0.062648 0.283312
0.116275 0.065143 0.277991
0.118642 0.060580 0.279167
0.117279 0.062242 0.283737
0.116720 0.064428 0.280863
0.115755 0.065988 0.279906
0.120174 0.054176 0.280229
0.118135 0.059786 0.281012
0.116655 0.064217 0.282806
0.120155 0.058512 0.280696
0.117152 0.062759 0.284111
0.120252 0.054503 0.281806
0.116803 0.062272 0.281349
0.116175 0.063301 0.279104
0.116766 0.064402 0.279581
0.116765 0.061795 0.283251
0.117524 0.062986 0.279546
0.119330 0.056978 0.279908
0.116916 0.061734 0.283212
0.117341 0.062655 0.281722
0.118753 0.056539 0.281589
0.116429 0.064972 0.279187
0.116493 0.063003 0.280383
0.116057 0.064000 0.282427
0.115988 0.064137 0.280540
0.116963 0.061953 0.281195
0.115555 0.065469 0.279707
0.115641 0.064881 0.278924
0.116878 0.061611 0.283464
0.116672 0.064541 0.279202
0.117983 0.061685 0.280223
0.115986 0.065745 0.279092
0.120060 0.057690 0.279203
0.116870 0.064020 0.278620
0.116062 0.065541 0.280078
0.116938 0.061704 0.284377
0.116135 0.063948 0.279578
0.115925 0.065803 0.278073
0.116172 0.063705 0.280341
0.116984 0.063150 0.284372
0.117767 0.060447 0.280052
0.115118 0.066419 0.278538
0.117758 0.062530 0.279405
0.119021 0.060164 0.280407
0.116022 0.065670 0.279251
0.116940 0.063814 0.281317
0.116357 0.063962 0.283509
0.114789 0.067179 0.279210
0.116135 0.063948 0.279578
0.116357 0.063962 0.283509
0.119381 0.059144 0.281195
0.118474 0.055511 0.283727
0.114772 0.067168 0.279265
0.120100 0.058417 0.280915
0.117989 0.053529 0.281608
0.117453 0.061000 0.280094
0.117171 0.062438 0.284662
0.117781 0.061662 0.281066
0.118986 0.054360 0.283761
0.116185 0.065323 0.280426
0.116468 0.062605 0.279475
0.119812 0.058314 0.279106
0.116843 0.062233 0.282326
0.119484 0.055307 0.280622
0.115131 0.066483 0.279173
0.115679 0.065676 0.280026
0.120323 0.058037 0.280971
0.120481 0.055923 0.279355
0.118835 0.055574 0.281796
0.116135 0.063948 0.279578
0.116718 0.064387 0.281272
0.118972 0.055374 0.281302
0.121457 0.055163 0.281341
0.116709 0.064153 0.282653
0.119266 0.059435 0.281162
0.117987 0.061935 0.279845
0.120477 0.054395 0.281616
0.115715 0.065941 0.279976
0.118184 0.055780 0.283919
0.117564 0.061965 0.281679
0.119277 0.058935 0.281383
0.118335 0.061071 0.278656
0.118288 0.060279 0.281167
0.116385 0.065071 0.279968
0.118278 0.059120 0.280944
0.117878 0.062233 0.279327
0.120060 0.057828 0.281333
0.117234 0.063081 0.281515
0.116108 0.065170 0.281525
0.116060 0.065507 0.278442
0.118530 0.059348 0.281341
0.116180 0.065405 0.279715
0.115817 0.064651 0.279798
0.115972 0.064141 0.281800
0.120138 0.056330 0.279403
0.116592 0.062102 0.283634
0.117099 0.062970 0.283705
0.116979 0.063075 0.284744
0.116049 0.065247 0.280901
0.117164 0.061562 0.283602
0.116775 0.063876 0.283271
0.116059 0.063964 0.280492
0.119025 0.056260 0.282707
0.117159 0.061808 0.281719
0.117125 0.062510 0.284767
0.120207 0.055154 0.281763
0.115770 0.065960 0.278053
0.120299 0.057526 0.281335
0.120175 0.054386 0.281948
0.114827 0.066761 0.278997
0.119409 0.055690 0.282550
0.117152 0.063259 0.281727
0.116832 0.064220 0.279515
0.117670 0.060663 0.280132
0.118876 0.060159 0.279417
0.119836 0.056965 0.279281
0.116185 0.065323 0.280426
0.119112 0.059711 0.279231
0.120016 0.054650 0.282063
0.116870 0.063741 0.282534
0.117209 0.055954 0.283792
0.116559 0.064754 0.279285
0.117230 0.063662 0.279689
0.117189 0.062586 0.282755
0.116423 0.064033 0.283580
0.117182 0.063701 0.279828
0.118821 0.056861 0.282589
0.118100 0.060740 0.281134
0.116541 0.063828 0.283648
0.116748 0.063384 0.284056
0.118421 0.058827 0.281169
0.119674 0.057191 0.279238
0.118982 0.058960 0.278815
0.119290 0.053695 0.280836
0.118414 0.054841 0.281974
0.116931 0.063405 0.283461
0.116389 0.062902 0.279604
0.117487 0.062921 0.279024
0.120594 0.055310 0.279340
0.117231 0.062497 0.283571
0.115409 0.066479 0.278276
0.117021 0.063505 0.278157
0.117237 0.063506 0.279395
0.116438 0.062980 0.282383
0.117109 0.063045 0.282642
0.117595 0.062897 0.279781
0.117640 0.062664 0.280180
0.116712 0.064519 0.279431
0.115803 0.064626 0.280645
0.119566 0.055379 0.282499
0.119070 0.059927 0.279721
0.115973 0.065106 0.281365
0.114833 0.067064 0.279225
0.116708 0.062456 0.281606
0.115142 0.065921 0.278742
0.116534 0.062232 0.283951
0.119376 0.055468 0.282708
0.118452 0.061034 0.279852
0.118289 0.061396 0.279451
0.117169 0.062348 0.282648
0.118474 0.055511 0.283727
0.119018 0.057509 0.281914
0.117175 0.063452 0.281109
0.121444 0.055407 0.281524
0.116286 0.063205 0.281664
0.118807 0.054921 0.281698
0.118797 0.060370 0.279612
0.120468 0.056753 0.281597
0.118188 0.061367 0.280024
0.119341 0.057348 0.279539
0.119441 0.055848 0.282335
0.120973 0.054461 0.281366
0.115915 0.065800 0.278230
0.117558 0.061476 0.281427
0.116105 0.063757 0.282270
0.116494 0.064747 0.281716
0.120859 0.056518 0.281321
0.116539 0.064124 0.283189
0.120040 0.055651 0.280057
0.119058 0.059381 0.281318
0.118573 0.060830 0.279557
0.117686 0.062081 0.281132
0.117047 0.062251 0.284760
0.117155 0.061384 0.284031
0.118809 0.059164 0.281467
0.115987 0.064082 0.281556
0.116192 0.065150 0.281683
0.116307 0.065143 0.280251
0.117174 0.062769 0.283619
0.117466 0.062853 0.278858
0.117596 0.060778 0.279871
0.118710 0.054616 0.283979
0.116828 0.061930 0.279430
0.116236 0.063415 0.280948
0.117158 0.062799 0.283833
0.116797 0.064327 0.279286
0.120472 0.056141 0.281763
0.119047 0.056860 0.282416
0.117209 0.061426 0.283877
0.116435 0.064326 0.282759
0.118009 0.059826 0.280351
0.120066 0.056808 0.281952
0.116426 0.063017 0.281095
0.117961 0.061924 0.280035
0.118073 0.060973 0.281083
0.119680 0.055313 0.282302
0.115799 0.065340 0.280487
0.117636 0.062571 0.278897
0.115755 0.064628 0.279121
