0.064496 0.077856 0.184944
0.067992 0.079056 0.179792
0.070616 0.079853 0.180812
0.062777 0.076449 0.179691
0.060650 0.076059 0.180293
0.070198 0.079568 0.183180
0.063808 0.077990 0.177931
0.064279 0.078293 0.176813
0.065684 0.078274 0.183907
0.064513 0.077815 0.182062
0.063437 0.077857 0.178130
0.064057 0.078308 0.176944
0.067613 0.078913 0.177758
0.062795 0.077105 0.185181
0.063720 0.077518 0.182701
0.060172 0.076535 0.182368
0.064021 0.077793 0.180014
0.068881 0.079375 0.179854
0.066048 0.077270 0.184586
0.063533 0.077511 0.182001
0.070442 0.079603 0.182534
0.063659 0.076708 0.178319
0.065181 0.078046 0.182126
0.070656 0.079504 0.182351
0.064968 0.077999 0.182462
0.070772 0.079633 0.179429
0.067700 0.078836 0.184572
0.067222 0.078894 0.181368
0.067454 0.078951 0.181237
0.068825 0.079497 0.176914
0.064334 0.077820 0.183060
0.066306 0.077182 0.184519
0.069702 0.079571 0.182568
0.065923 0.076920 0.182058
0.070294 0.079486 0.183987
0.068470 0.079041 0.184807
0.066753 0.078846 0.176478
0.067379 0.078912 0.180481
0.067674 0.078825 0.184278
0.067825 0.079003 0.177934
0.067553 0.078793 0.184607
0.066288 0.077030 0.185484
0.068616 0.079079 0.184782
0.069048 0.079578 0.178136
0.061904 0.076722 0.183521
0.064989 0.077947 0.185376
0.067061 0.078783 0.179891
0.068078 0.077742 0.181638
0.065326 0.078248 0.178908
0.063446 0.077596 0.179704
0.061950 0.077606 0.178041
0.060479 0.076771 0.181205
0.067937 0.079136 0.177029
0.064720 0.078065 0.180707
0.070527 0.079410 0.178545
0.066083 0.078421 0.178097
0.069063 0.079259 0.184517
0.061869 0.077474 0.178593
0.067995 0.079058 0.178551
0.063010 0.076958 0.177211
0.068155 0.079107 0.181462
0.063885 0.076994 0.177093
0.069876 0.079759 0.181179
0.062069 0.077344 0.179338
0.062955 0.077112 0.176400
0.064293 0.077868 0.180118
0.070890 0.079097 0.180130
0.066554 0.078563 0.181686
0.060831 0.075928 0.180746
0.062594 0.077092 0.183185
0.068712 0.079453 0.177835
0.064196 0.076474 0.181321
0.068637 0.079352 0.179503
0.066985 0.077432 0.183483
0.060633 0.075236 0.182927
0.063261 0.077319 0.182438
0.064940 0.078127 0.181415
0.069618 0.079857 0.177923
0.062898 0.077291 0.181323
0.065015 0.078029 0.184860
0.064594 0.077847 0.183961
0.070082 0.079424 0.184766
0.062241 0.076939 0.182174
0.062864 0.077056 0.176670
0.070604 0.078872 0.184689
0.068554 0.079377 0.177352
0.061252 0.076557 0.183083
0.070784 0.079316 0.182515
0.063517 0.077428 0.184231
0.065517 0.076907 0.182764
0.061941 0.076790 0.182939
0.064926 0.078147 0.181136
0.069757 0.079919 0.176569
0.066212 0.078476 0.184031
0.069406 0.079598 0.181763
0.069669 0.079687 0.181738
0.064462 0.076980 0.178043
0.065734 0.078474 0.180484
0.064386 0.076430 0.182823
0.062280 0.077629 0.178022
0.062948 0.076447 0.179245
0.066286 0.078429 0.181468
0.065568 0.078156 0.183517
0.064115 0.078017 0.178111
0.063190 0.077447 0.180110
0.069723 0.079514 0.183792
0.063173 0.077401 0.180810
0.060098 0.076731 0.181488
0.063491 0.077466 0.184669
0.068690 0.079258 0.182059
0.063967 0.077823 0.178611
0.066980 0.078640 0.178544
0.062971 0.076685 0.177857
0.070466 0.079964 0.179241
0.065994 0.078326 0.183039
0.063219 0.077432 0.180362
0.070241 0.079441 0.176372
0.066699 0.078590 0.177985
0.063031 0.077195 0.185664
0.065588 0.077308 0.177888
0.061299 0.076335 0.179201
0.063736 0.077541 0.182075
0.064526 0.077847 0.183160
0.067878 0.079014 0.180118
0.065357 0.078147 0.183207
0.062934 0.077107 0.184786
0.065805 0.077030 0.183670
0.069032 0.079446 0.179774
0.065945 0.078494 0.177172
0.062262 0.076773 0.184898
0.067108 0.078669 0.184212
0.067812 0.079064 0.182597
0.070698 0.079757 0.179989
0.061518 0.076960 0.180734
0.065121 0.078220 0.181274
0.069051 0.079416 0.182939
0.065297 0.078365 0.177185
0.064011 0.077673 0.184005
0.066464 0.078509 0.177928
0.066921 0.078792 0.181219
0.069534 0.079690 0.179500
0.064746 0.078349 0.176762
0.063889 0.077725 0.179893
0.069879 0.079791 0.180574
0.063001 0.077350 0.180155
0.061901 0.077154 0.180175
0.069543 0.079789 0.177365
0.070151 0.079182 0.185756
0.063093 0.078108 0.176519
0.070406 0.079628 0.177036
0.065721 0.078414 0.177472
0.060331 0.076924 0.180622
0.070601 0.079141 0.178903
0.070423 0.079895 0.179050
0.065160 0.078136 0.184352
0.065530 0.078314 0.178459
0.064112 0.076253 0.184366
0.067059 0.077505 0.182734
0.064131 0.077709 0.183192
0.068225 0.079056 0.181845
0.068234 0.078993 0.184479
0.060594 0.075673 0.181859
0.069068 0.079608 0.177390
0.061721 0.076603 0.184478
0.070216 0.079327 0.185211
0.065343 0.076882 0.183753
0.067496 0.078960 0.177093
0.064087 0.077778 0.181101
0.062112 0.077377 0.178853
0.067996 0.077740 0.181355
0.066115 0.077002 0.181919
0.067949 0.079021 0.178152
0.066379 0.078609 0.177073
0.063331 0.077319 0.182897
0.063779 0.078102 0.177550
0.063824 0.076638 0.179161
0.066799 0.078720 0.181730
0.068089 0.079151 0.177583
0.063669 0.077674 0.179540
0.060716 0.076635 0.182587
0.064159 0.077752 0.182964
0.068047 0.079051 0.182299
0.070577 0.079628 0.182013
0.070409 0.079385 0.184143
0.062724 0.077932 0.177456
0.068632 0.079251 0.181081
0.063018 0.076385 0.179852
0.064384 0.077760 0.183821
0.068833 0.079432 0.179128
0.069325 0.079687 0.178637
0.062329 0.076993 0.176896
0.063792 0.078201 0.177066
0.062789 0.077206 0.182182
0.064986 0.078344 0.177865
0.065654 0.077152 0.184675
0.070865 0.079026 0.182727
0.065256 0.078030 0.182694
0.069412 0.079348 0.184868
0.063499 0.077537 0.181481
0.062548 0.077464 0.178882
0.066566 0.077147 0.184329
0.066255 0.078592 0.180524
0.065343 0.078413 0.176805
0.070406 0.078461 0.185045
0.060798 0.075368 0.182710
0.068398 0.079310 0.177524
0.062009 0.076200 0.180697
0.066743 0.077431 0.183596
0.068339 0.079179 0.182706
0.068712 0.079360 0.179951
0.061656 0.076322 0.185127
0.061974 0.077707 0.177561
0.061541 0.076545 0.184177
0.067989 0.079116 0.177457
0.069299 0.079683 0.177301
0.066081 0.078440 0.183864
0.065696 0.078438 0.179851
0.064059 0.077010 0.176837
0.060819 0.076441 0.183193
0.064628 0.077101 0.177337
0.070889 0.079638 0.180533
0.067330 0.077516 0.183060
0.062106 0.077661 0.177921
0.069372 0.079588 0.179794
0.069637 0.079712 0.180183
0.066796 0.078582 0.183339
0.070965 0.079306 0.180656
0.068008 0.079083 0.179536
0.061610 0.076453 0.178777
0.062322 0.076932 0.182490
0.065144 0.078372 0.177285
0.064874 0.078165 0.179166
0.061995 0.076686 0.185607
0.066297 0.078653 0.180109
0.062768 0.078024 0.176994
0.065539 0.078231 0.184179
0.063180 0.077530 0.179585
0.069875 0.080047 0.177092
0.066766 0.078621 0.183789
0.060425 0.075532 0.182532
0.069634 0.079555 0.183007
0.062894 0.077126 0.184089
0.068780 0.079497 0.177701
0.065757 0.078266 0.182693
0.067862 0.079050 0.177544
0.063623 0.078159 0.177076
0.068466 0.079281 0.178746
0.064969 0.078359 0.176501
0.061578 0.077551 0.178242
0.063483 0.077427 0.183761
0.062069 0.076532 0.178379
0.063146 0.078063 0.177107
0.067482 0.077500 0.183343
0.064998 0.076789 0.183477
0.062932 0.077183 0.184310
0.066091 0.078366 0.182270
0.067881 0.078999 0.179175
0.068786 0.079107 0.185286
0.061727 0.076230 0.179990
0.068072 0.079113 0.177897
0.069015 0.079331 0.183518
0.067943 0.079166 0.181068
0.067870 0.078948 0.183675
0.063372 0.077512 0.180764
0.066360 0.078480 0.181944
0.069028 0.077963 0.183245
0.066112 0.078597 0.179744
0.070476 0.079830 0.181222
0.065687 0.078451 0.176986
0.065245 0.077310 0.177675
0.064920 0.078136 0.180864
0.069171 0.079482 0.180716
0.064972 0.076745 0.184241
0.065083 0.078195 0.181026
0.064996 0.077967 0.183792
0.064550 0.078340 0.176592
0.062808 0.078111 0.176397
0.066891 0.078630 0.184041
0.066048 0.078337 0.185689
0.061153 0.076786 0.181488
0.062950 0.078057 0.177037
0.065723 0.076884 0.182221
0.062584 0.077117 0.182151
0.060912 0.076722 0.181684
0.063291 0.077149 0.176306
0.066306 0.078471 0.181657
0.064711 0.078102 0.179002
0.067354 0.077318 0.184067
0.068375 0.079062 0.184301
0.063440 0.077373 0.182690
0.064998 0.077980 0.185133
0.066852 0.078653 0.177772
0.067336 0.077557 0.182603
0.065624 0.076923 0.182616
0.064129 0.077655 0.184300
0.069604 0.079803 0.178635
0.063036 0.076111 0.181959
0.063911 0.077940 0.178086
0.069784 0.079905 0.178041
0.069962 0.079278 0.185652
0.064606 0.078086 0.178717
0.062108 0.076895 0.182555
0.064129 0.076263 0.184656
0.069277 0.079503 0.180304
0.065077 0.078077 0.184116
0.062804 0.077003 0.176903
0.067114 0.078666 0.184540
0.061508 0.075791 0.181938
0.062675 0.077187 0.181910
0.061139 0.076773 0.181601
0.064926 0.078160 0.178947
0.068668 0.079455 0.176741
0.070532 0.079840 0.179672
0.064122 0.078095 0.177825
0.065764 0.077176 0.184508
0.065125 0.076801 0.184047
0.063641 0.077470 0.183363
0.070107 0.079833 0.181007
0.070564 0.078844 0.185531
0.065386 0.077332 0.177649
0.069654 0.079778 0.178829
0.061661 0.075977 0.181282
0.067954 0.079211 0.176537
0.069118 0.079217 0.184663
0.062207 0.077782 0.177427
0.067453 0.078900 0.177380
0.066469 0.078662 0.180352
0.065532 0.076973 0.183446
0.063910 0.077697 0.180633
0.063518 0.077471 0.184835
0.061040 0.075886 0.181033
0.066294 0.078641 0.179908
0.066835 0.078738 0.180843
0.070126 0.079636 0.182746
0.065419 0.078131 0.183605
0.064277 0.077868 0.180920
0.061230 0.077245 0.179380
0.069866 0.079958 0.177774
0.065509 0.076850 0.182540
0.068992 0.079276 0.184318
0.064079 0.077875 0.178747
0.070444 0.079470 0.178273
0.060568 0.077026 0.180233
0.061759 0.076704 0.182948
0.061464 0.077087 0.180203
0.066333 0.078409 0.185275
0.068202 0.078929 0.185001
0.070528 0.078780 0.181610
0.069434 0.079624 0.180338
0.064264 0.076335 0.185448
0.066692 0.078480 0.185337
0.065443 0.077368 0.177120
0.070928 0.079564 0.180162
0.066739 0.077098 0.184810
0.068233 0.079035 0.182202
0.064362 0.077005 0.177733
0.065542 0.076847 0.185455
0.069154 0.079431 0.180201
0.061094 0.076987 0.180342
0.066705 0.078497 0.184635
0.066464 0.078636 0.180775
0.070492 0.078563 0.184221
0.065292 0.078115 0.183930
0.067515 0.077616 0.181975
0.065964 0.078295 0.182868
0.065896 0.078340 0.178526
0.062800 0.077288 0.180556
0.062544 0.076321 0.180090
0.067170 0.078689 0.184828
0.065897 0.077241 0.184449
0.062237 0.076481 0.178694
0.070487 0.079151 0.177517
0.067740 0.079193 0.176398
0.068455 0.079278 0.179445
0.065448 0.078169 0.183388
0.070134 0.079952 0.179317
0.063841 0.077609 0.184606
0.068533 0.079412 0.176704
0.067563 0.079098 0.176535
0.070000 0.079920 0.179183
0.064625 0.077848 0.182790
0.066624 0.078588 0.183033
0.062585 0.077889 0.177450
0.067464 0.078696 0.185319
0.066956 0.078702 0.178978
0.066624 0.078629 0.181958
0.068021 0.078913 0.184034
0.067538 0.079023 0.180768
0.070295 0.078800 0.178510
0.064412 0.078295 0.177303
0.068816 0.079501 0.177520
0.068130 0.079268 0.176596
0.067209 0.078884 0.180385
0.065759 0.078443 0.179550
0.066168 0.077102 0.183685
0.064481 0.076432 0.183917
0.062396 0.077211 0.180254
0.062712 0.077063 0.184697
0.060723 0.076554 0.182085
0.064527 0.077991 0.181156
0.064018 0.076205 0.185051
0.065072 0.076902 0.179108
0.069289 0.079655 0.178319
0.067045 0.077552 0.182429
0.068744 0.079428 0.178673
0.061432 0.076635 0.182887
0.063016 0.077164 0.182959
0.064286 0.078302 0.177031
0.061187 0.076440 0.183902
0.069593 0.079521 0.183535
0.070696 0.078821 0.183632
0.063026 0.077289 0.182289
0.063937 0.077714 0.179634
0.067112 0.078677 0.178419
0.062806 0.078064 0.176725
0.066084 0.078309 0.182133
0.069286 0.079485 0.183062
0.063100 0.077270 0.185244
0.060736 0.075522 0.182490
0.070270 0.079944 0.177512
0.068585 0.079327 0.180267
0.064889 0.077955 0.183415
0.061126 0.075802 0.181602
0.061164 0.076466 0.183589
0.063457 0.077340 0.182435
0.063136 0.077258 0.183817
0.063532 0.077206 0.176141
0.066525 0.078650 0.177303
0.069049 0.079452 0.181514
0.069747 0.079476 0.184351
0.069795 0.079742 0.179394
0.062111 0.077357 0.179190
0.064658 0.077955 0.184413
0.062144 0.076752 0.185383
0.062858 0.077073 0.183900
0.060918 0.075977 0.180624
0.069407 0.079623 0.181290
0.067059 0.078684 0.177764
0.067677 0.078839 0.184853
0.068534 0.079025 0.185431
0.064402 0.076407 0.185015
0.061014 0.077238 0.179334
0.064035 0.078273 0.176456
0.065953 0.077168 0.184284
0.068326 0.079163 0.181753
0.064913 0.077960 0.183972
0.069127 0.079482 0.181281
0.063188 0.077399 0.181487
0.066310 0.077590 0.178032
0.065787 0.078233 0.184736
0.066681 0.078603 0.183965
0.061255 0.076415 0.184244
0.068776 0.079472 0.177008
0.066812 0.078764 0.180080
0.070055 0.079482 0.184423
0.062532 0.077996 0.176828
0.064200 0.077672 0.182014
0.068240 0.079268 0.177059
0.067675 0.078943 0.178840
0.065541 0.078291 0.181625
0.063273 0.077346 0.185531
0.066176 0.078360 0.181991
0.064170 0.078240 0.177125
0.067174 0.078821 0.179185
0.066736 0.078705 0.181316
0.061157 0.076681 0.182102
0.063883 0.077594 0.183263
0.063996 0.078255 0.177129
0.065138 0.076842 0.184301
0.061242 0.076514 0.183310
0.065015 0.078346 0.177139
0.065895 0.077211 0.184884
0.063180 0.077158 0.176250
0.067512 0.078945 0.181527
0.070185 0.079907 0.178819
0.064481 0.077948 0.180380
0.065535 0.077018 0.179287
0.062704 0.077221 0.181218
0.062684 0.077781 0.177794
0.067721 0.078940 0.183531
0.070334 0.079430 0.184350
0.062026 0.076458 0.178784
0.063373 0.076709 0.177881
0.064135 0.077799 0.180633
0.064739 0.078320 0.177689
0.065494 0.078168 0.183750
0.067563 0.078788 0.181918
0.067819 0.078977 0.181661
0.065106 0.076816 0.184485
0.070060 0.078599 0.176076
0.064250 0.077814 0.181600
0.063489 0.076403 0.180166
0.063247 0.077520 0.179842
0.061643 0.076334 0.179412
0.065477 0.078366 0.180710
0.062674 0.077492 0.179215
0.069293 0.079378 0.184393
0.067547 0.078981 0.182388
0.068934 0.079544 0.177146
0.060540 0.076533 0.182065
0.065302 0.077298 0.177779
0.063794 0.078246 0.176754
0.066384 0.077160 0.181553
0.065210 0.078406 0.177753
0.068814 0.079339 0.180559
0.064635 0.077186 0.176725
0.070088 0.079904 0.178664
0.062236 0.076810 0.184678
0.062028 0.076732 0.177544
0.067823 0.079012 0.178634
0.070428 0.079062 0.185478
0.064884 0.077207 0.177148
0.061745 0.077049 0.180546
0.070040 0.079706 0.182349
0.067765 0.078976 0.183269
0.059914 0.075727 0.181492
0.064912 0.078235 0.178379
0.068111 0.078980 0.183697
0.069330 0.079816 0.176466
0.067181 0.078657 0.184046
0.066524 0.078526 0.181262
0.067857 0.079077 0.181486
0.061896 0.075612 0.182392
0.064099 0.076819 0.178300
0.066874 0.078589 0.184645
0.065510 0.078523 0.176474
0.062973 0.077185 0.184616
0.069457 0.079639 0.179994
0.062899 0.077295 0.181761
0.066811 0.078735 0.177025
0.070513 0.079222 0.183970
0.066772 0.078607 0.182432
0.062068 0.076615 0.177901
0.069838 0.079905 0.178459
0.066482 0.078515 0.184239
0.061833 0.076126 0.180902
0.066791 0.077398 0.181914
0.062051 0.076694 0.183918
0.067625 0.078898 0.178938
0.069794 0.078459 0.178270
0.065918 0.078515 0.176939
0.061393 0.076436 0.184501
0.070189 0.078653 0.176907
0.070932 0.079427 0.179370
0.069487 0.079569 0.182149
0.062362 0.077262 0.179999
0.060931 0.076375 0.183734
0.061290 0.077375 0.178809
0.068696 0.079414 0.178354
0.067115 0.078822 0.180956
0.070235 0.079829 0.181226
0.068099 0.078951 0.184204
0.070218 0.079914 0.179766
0.064512 0.076702 0.179739
0.069677 0.079936 0.177158
0.067013 0.078685 0.177960
0.063093 0.075800 0.183462
0.068524 0.079317 0.178393
0.065006 0.077417 0.176319
0.069632 0.079857 0.177610
0.067598 0.078763 0.185209
0.061821 0.076682 0.183256
0.064685 0.077109 0.177642
0.063646 0.077790 0.178721
0.064338 0.077791 0.184152
0.069713 0.078023 0.175941
0.069282 0.079433 0.183506
0.060781 0.076626 0.181933
0.065490 0.076786 0.185606
0.070298 0.079880 0.177644
0.065846 0.077353 0.178075
0.060431 0.076552 0.182617
0.070429 0.079421 0.183286
0.070095 0.079540 0.183717
0.068715 0.079127 0.184666
0.062125 0.076090 0.181175
0.061406 0.076795 0.181658
0.067234 0.078808 0.177520
0.067852 0.079005 0.178309
0.070801 0.079469 0.181829
0.062449 0.076529 0.178542
0.060060 0.076408 0.182730
0.062377 0.077912 0.177068
0.066479 0.078486 0.178503
0.063022 0.077481 0.179452
0.067177 0.078750 0.178774
0.068454 0.079299 0.177851
0.065214 0.078280 0.178471
0.066045 0.078389 0.181801
0.069380 0.079312 0.185077
0.063910 0.076760 0.178344
0.066736 0.078491 0.184798
0.064082 0.077737 0.182429
0.068055 0.077688 0.182463
0.065127 0.077947 0.182895
0.062093 0.076873 0.183024
0.062875 0.077166 0.185300
0.064196 0.077678 0.185576
0.062886 0.077705 0.178058
0.068324 0.079028 0.184115
0.062691 0.077036 0.184169
0.069891 0.079812 0.180146
0.070400 0.079959 0.179388
0.062178 0.076963 0.181597
0.060883 0.075877 0.180974
0.065551 0.078359 0.177963
0.061335 0.076511 0.183190
0.061388 0.076486 0.183711
0.068719 0.079414 0.178226
0.063332 0.077301 0.183955
0.060665 0.077073 0.179909
0.068980 0.079576 0.176779
0.066680 0.078687 0.179506
0.068239 0.078940 0.183882
0.062590 0.077382 0.179651
0.067166 0.077584 0.182176
0.060983 0.075758 0.181950
0.062468 0.077053 0.183360
0.066246 0.078438 0.182679
0.064171 0.077735 0.183830
0.065502 0.078115 0.182876
0.065753 0.077059 0.185173
0.067102 0.078680 0.184374
0.065783 0.077091 0.184033
0.064087 0.077865 0.179465
0.065857 0.078439 0.181160
0.066871 0.078625 0.184359
0.066567 0.078585 0.181463
0.069662 0.079363 0.185028
0.068964 0.079447 0.180815
0.065772 0.077066 0.183239
0.065749 0.078368 0.178019
0.067783 0.078982 0.182215
0.070299 0.079523 0.183132
0.070236 0.079683 0.182515
0.068558 0.079389 0.177679
0.068585 0.079204 0.183622
0.061969 0.076612 0.185373
0.067797 0.079006 0.183047
0.061671 0.076918 0.181178
0.070210 0.079545 0.183293
0.066291 0.078433 0.184475
0.067361 0.078797 0.182021
0.062375 0.076819 0.184301
0.067924 0.079262 0.176310
0.065227 0.077369 0.176566
0.068965 0.079577 0.177833
0.066673 0.077274 0.183845
0.070740 0.079758 0.180351
0.061465 0.076755 0.181828
0.069379 0.079731 0.177933
0.065459 0.078158 0.182482
0.068181 0.078965 0.184062
0.068364 0.079282 0.180687
0.069630 0.079566 0.183315
0.065849 0.078174 0.185415
0.064561 0.077395 0.176124
0.067777 0.078857 0.181960
0.067104 0.078661 0.183871
0.069905 0.079977 0.177598
0.067616 0.078902 0.182707
0.070327 0.079907 0.177383
0.062557 0.077992 0.176939
0.061079 0.076067 0.180308
0.068979 0.079407 0.181850
0.062371 0.076848 0.177394
0.063405 0.077497 0.181326
0.061813 0.077555 0.178319
0.069794 0.079786 0.179581
0.067148 0.078792 0.177050
0.070308 0.079775 0.176894
0.067137 0.078785 0.179363
0.066495 0.078546 0.183629
0.069386 0.078320 0.179035
0.066690 0.078566 0.178679
0.064310 0.077925 0.179621
0.067006 0.078817 0.180117
0.063425 0.077607 0.179160
0.067260 0.078967 0.176652
0.064401 0.077972 0.178876
0.066711 0.077493 0.178555
0.068615 0.079401 0.177272
0.061241 0.077288 0.179160
0.062981 0.077965 0.177442
0.068328 0.079156 0.182417
0.061398 0.076542 0.183491
0.060837 0.076257 0.183845
0.064399 0.077777 0.185273
0.068875 0.079477 0.179021
0.065451 0.078393 0.177836
0.062007 0.077379 0.178693
0.061833 0.075942 0.181560
0.060611 0.075399 0.182702
0.066230 0.078375 0.182902
0.065465 0.077164 0.178333
0.062181 0.077181 0.180239
0.067964 0.079082 0.180217
0.066798 0.077427 0.182581
0.060697 0.075654 0.182104
0.067133 0.078709 0.179662
0.067873 0.078893 0.184713
0.061814 0.076970 0.181129
0.062718 0.077247 0.180850
0.065404 0.078105 0.182227
0.067611 0.078855 0.183750
0.070591 0.078676 0.184702
0.060479 0.076394 0.183122
0.064448 0.077960 0.181050
0.067318 0.077582 0.181713
0.065272 0.076844 0.184944
0.067508 0.078953 0.179889
0.069529 0.079817 0.177775
0.061939 0.076643 0.184694
0.064615 0.076919 0.178490
0.065573 0.077024 0.184986
0.064162 0.077875 0.178568
0.061154 0.076306 0.184378
0.064679 0.077951 0.182345
0.068525 0.078990 0.185677
0.064206 0.076886 0.178070
0.061686 0.077152 0.179960
0.067638 0.078803 0.185001
0.067658 0.078970 0.177390
0.063420 0.077517 0.180315
0.064896 0.077900 0.185664
0.061802 0.076574 0.178132
0.064868 0.078003 0.184727
0.064008 0.077696 0.182734
0.064288 0.077080 0.176662
0.064088 0.077827 0.179769
0.065547 0.077015 0.183925
0.062184 0.077741 0.177691
0.063190 0.078038 0.177347
0.067686 0.079051 0.176973
0.061196 0.075876 0.181239
0.069054 0.079567 0.178346
0.066395 0.077232 0.183556
0.069627 0.079826 0.178436
0.069211 0.077868 0.176037
0.066036 0.077251 0.185132
0.070766 0.079477 0.182105
0.067219 0.078751 0.178109
0.067435 0.078868 0.178904
0.060811 0.076651 0.182326
0.063836 0.078209 0.176311
0.070009 0.079924 0.178320
0.063337 0.077718 0.178536
0.063643 0.077624 0.179930
0.065429 0.076935 0.183194
0.067321 0.078872 0.182298
0.063506 0.077381 0.182978
0.067794 0.079057 0.180378
0.068033 0.079198 0.180776
0.065234 0.078301 0.180302
0.061460 0.077129 0.179862
0.063474 0.077522 0.181215
0.063483 0.076613 0.179048
0.071064 0.079314 0.180156
0.063417 0.077370 0.183488
0.062687 0.076378 0.179918
0.068276 0.079154 0.181580
0.060759 0.076777 0.181232
0.069833 0.079830 0.179226
0.062665 0.077080 0.183811
0.069399 0.079502 0.182810
0.067234 0.078870 0.181644
0.064147 0.077720 0.181821
0.063123 0.077385 0.181910
0.066602 0.078521 0.183403
0.070898 0.079325 0.181389
0.069925 0.079933 0.178016
0.066794 0.078622 0.178889
0.066068 0.077039 0.182519
0.069015 0.079548 0.178803
0.061453 0.076572 0.183351
0.069735 0.079675 0.182046
0.066418 0.077160 0.181820
0.066027 0.078594 0.176746
0.067789 0.078769 0.185294
0.069724 0.079670 0.181873
0.066616 0.078469 0.185611
0.065684 0.078267 0.182476
0.062482 0.078036 0.176705
0.066113 0.078698 0.176289
0.063805 0.077590 0.183847
0.066822 0.078631 0.183199
0.066215 0.078455 0.181295
0.065575 0.078151 0.184867
0.061412 0.076664 0.182443
0.068884 0.079235 0.183640
0.060975 0.076325 0.184073
0.060313 0.075818 0.181124
0.068316 0.079226 0.180502
0.063965 0.076985 0.177462
0.069322 0.079569 0.181067
0.061572 0.076829 0.181517
0.064091 0.077776 0.180203
0.068285 0.079219 0.180291
0.066271 0.078633 0.180278
0.068042 0.079095 0.179999
0.063557 0.076944 0.177321
0.067492 0.078912 0.179594
0.068763 0.079473 0.177433
0.066012 0.078362 0.184356
0.064307 0.077808 0.183480
0.069551 0.079911 0.176945
0.070220 0.079928 0.179549
0.061430 0.076217 0.179789
0.068709 0.079360 0.180714
0.066603 0.077569 0.177776
0.065199 0.078344 0.177957
0.067982 0.078941 0.181797
0.067300 0.078897 0.182573
0.062876 0.078043 0.176822
0.069081 0.079430 0.183086
0.063999 0.077721 0.180411
0.059549 0.076544 0.182244
0.059821 0.076400 0.182565
0.062914 0.077518 0.179291
0.070126 0.079410 0.185029
0.064720 0.078054 0.181277
0.068487 0.079223 0.181627
0.061316 0.077031 0.180343
0.065116 0.078241 0.180483
0.060857 0.077157 0.179613
0.062900 0.077805 0.177908
0.065952 0.078354 0.178355
0.066055 0.078440 0.177640
0.061520 0.076876 0.181238
0.063087 0.076595 0.178736
0.066006 0.078411 0.183593
0.066441 0.078514 0.182885
0.063532 0.077782 0.178592
0.068138 0.079129 0.178598
0.064083 0.078304 0.176739
0.067721 0.078982 0.180223
0.062829 0.077706 0.178163
0.069627 0.079768 0.179007
0.070290 0.079527 0.182946
0.063245 0.077315 0.184230
0.066366 0.077166 0.181134
0.070403 0.079024 0.185694
0.069941 0.078186 0.176276
0.069476 0.079455 0.183568
0.070865 0.079624 0.181138
0.063921 0.077554 0.184356
0.063916 0.077215 0.176093
0.066054 0.078589 0.179913
0.065283 0.078468 0.176471
0.066193 0.078554 0.176948
0.070635 0.078648 0.183669
0.064730 0.077920 0.185042
0.060597 0.076504 0.182921
0.067656 0.078931 0.178159
0.062819 0.077152 0.182474
0.060319 0.076889 0.180763
0.069835 0.079443 0.184516
0.061480 0.077300 0.178748
0.060637 0.076364 0.183332
0.070400 0.079366 0.184462
0.065560 0.078322 0.179068
0.066354 0.077145 0.184196
0.068342 0.078932 0.185728
0.065889 0.077450 0.177547
0.069338 0.079716 0.177779
0.066421 0.077161 0.183950
0.070145 0.079515 0.183968
0.066482 0.078616 0.179004
0.067108 0.077448 0.183220
0.061523 0.076589 0.183182
0.069051 0.079104 0.185747
0.064409 0.076471 0.184614
0.062974 0.077316 0.182043
0.066156 0.077009 0.182193
0.070142 0.080018 0.177010
0.069282 0.079519 0.180122
0.062560 0.076629 0.177961
0.069932 0.079524 0.184001
0.066990 0.078611 0.178804
0.065181 0.078404 0.176686
0.062875 0.077302 0.181153
0.067986 0.079012 0.183487
0.065374 0.078364 0.180268
0.060960 0.076657 0.182094
0.070065 0.079716 0.181882
0.067494 0.078777 0.183911
0.062790 0.077122 0.182626
0.060823 0.076886 0.180765
0.066257 0.078452 0.182397
0.061143 0.075961 0.180834
0.061729 0.076190 0.180356
0.063351 0.077119 0.176451
0.069567 0.079413 0.184499
0.065281 0.078050 0.185451
0.067054 0.078710 0.179465
0.063185 0.077564 0.179255
0.061524 0.076547 0.183624
0.061034 0.076538 0.182925
0.063304 0.077360 0.184716
0.063001 0.077006 0.177019
0.065695 0.078129 0.185084
0.063487 0.077023 0.176954
0.062830 0.077889 0.177609
0.062266 0.076808 0.185169
0.066281 0.078469 0.178075
0.068475 0.079340 0.180855
0.069100 0.079415 0.183246
0.060607 0.076546 0.182760
0.062021 0.076944 0.181519
0.065591 0.077364 0.177427
0.070493 0.079513 0.177408
0.061281 0.076718 0.182108
0.069236 0.079381 0.184128
0.068260 0.078919 0.185589
0.068118 0.078877 0.185059
0.067457 0.078746 0.184494
0.065185 0.078081 0.183791
0.066994 0.077091 0.185216
0.068520 0.079311 0.179294
0.066461 0.078660 0.179336
0.062201 0.077618 0.178168
0.069232 0.079549 0.180885
0.067349 0.079037 0.176511
0.070538 0.079686 0.181728
0.069600 0.079708 0.179296
0.064424 0.078074 0.178182
0.064834 0.078133 0.179451
0.065713 0.078522 0.176806
0.065680 0.078308 0.178277
0.063349 0.076519 0.179241
0.063759 0.077560 0.184119
0.068713 0.079309 0.181863
0.061433 0.076518 0.183952
0.061052 0.075680 0.182283
0.066162 0.078561 0.180780
0.064465 0.077042 0.177475
0.066564 0.077215 0.182121
0.061447 0.076140 0.180215
0.070816 0.078980 0.183003
0.069002 0.079193 0.184797
0.067249 0.078733 0.183709
0.059756 0.075672 0.181818
0.067042 0.078774 0.182716
0.062982 0.078074 0.176881
0.065304 0.077500 0.176156
0.068925 0.079537 0.178037
0.070038 0.079886 0.179638
0.060994 0.076835 0.180915
0.068610 0.079346 0.179081
0.070266 0.079485 0.183560
0.068505 0.079090 0.184468
0.068029 0.079047 0.183000
0.065761 0.078227 0.182968
0.064561 0.077843 0.185152
0.061861 0.077315 0.179320
0.062035 0.076877 0.182334
0.061571 0.077331 0.179035
0.069961 0.079851 0.179475
0.063159 0.078121 0.176764
0.066031 0.078542 0.179479
0.069363 0.079695 0.178219
0.066404 0.077192 0.183715
0.068647 0.079427 0.177001
0.062207 0.076902 0.182762
0.066985 0.078905 0.176524
0.070034 0.079727 0.182090
0.068804 0.079130 0.184870
0.070308 0.079587 0.182738
0.065375 0.078060 0.185185
0.062644 0.077708 0.178041
0.068104 0.079044 0.182842
0.065463 0.078185 0.183983
0.061209 0.076337 0.184452
0.069228 0.079661 0.178016
0.067101 0.078545 0.185793
0.068897 0.079565 0.176666
0.067001 0.078822 0.180388
0.061002 0.075817 0.181327
0.061117 0.076680 0.182288
0.062745 0.077093 0.185438
0.070839 0.079140 0.182260
0.068798 0.079032 0.185821
0.065064 0.078220 0.179701
0.067062 0.078566 0.185508
0.062102 0.077066 0.180993
0.067474 0.078917 0.182750
0.064166 0.077807 0.182578
0.067677 0.078994 0.177284
0.065464 0.078095 0.185022
0.060789 0.077125 0.179755
0.069984 0.079947 0.177908
0.069442 0.079623 0.179657
0.060337 0.076667 0.181712
0.069816 0.079583 0.183394
0.062186 0.077019 0.181372
0.061376 0.076500 0.178602
0.067786 0.079109 0.180910
0.068883 0.079349 0.183085
0.066137 0.078441 0.178965
0.066657 0.078671 0.180801
0.062275 0.077975 0.176833
0.061203 0.076828 0.181300
0.065668 0.078249 0.184313
0.061423 0.076699 0.182261
0.066342 0.078427 0.185654
0.067339 0.078775 0.183197
0.066980 0.078680 0.183363
0.064360 0.078306 0.176408
0.063602 0.077897 0.178047
0.066517 0.078401 0.184959
0.064810 0.077861 0.183821
0.062679 0.077030 0.185692
0.066704 0.078669 0.182164
0.065278 0.076799 0.185213
0.065514 0.078316 0.179620
0.068216 0.079195 0.177764
0.065912 0.078536 0.179739
0.063942 0.077645 0.181889
0.069781 0.078286 0.182494
0.066575 0.078468 0.184563
0.069606 0.079736 0.179167
0.068659 0.079281 0.182252
0.066263 0.077170 0.183423
0.062983 0.077222 0.185432
0.065611 0.077000 0.183000
0.060690 0.076320 0.183606
0.064640 0.077821 0.183723
0.065187 0.076831 0.183538
0.061041 0.076811 0.181211
0.064380 0.077812 0.183309
0.068750 0.079276 0.182909
0.065301 0.076932 0.183975
0.069986 0.078606 0.180003
0.065030 0.078206 0.178609
0.063163 0.077656 0.178755
0.070096 0.079694 0.176368
0.070666 0.079802 0.181045
0.070542 0.079164 0.184179
0.063671 0.077531 0.183782
0.070312 0.079694 0.177958
0.060838 0.076586 0.182781
0.063368 0.077668 0.178832
0.067026 0.078763 0.177290
0.065538 0.078315 0.178811
0.063843 0.076712 0.178858
0.069461 0.079231 0.185725
0.063957 0.077858 0.178888
0.064697 0.078238 0.177975
0.069246 0.079466 0.181966
0.068812 0.079088 0.185556
0.061477 0.076761 0.182008
0.065543 0.078371 0.179879
0.065812 0.078314 0.184200
0.067747 0.078850 0.184002
0.070288 0.079725 0.181982
0.067335 0.078690 0.183986
0.068204 0.078968 0.184321
0.070499 0.079871 0.180008
0.064688 0.078075 0.180345
0.065846 0.078403 0.181343
0.063471 0.077547 0.180564
0.068214 0.078920 0.185370
0.063992 0.077604 0.183055
0.059919 0.075685 0.181670
0.069457 0.079415 0.184050
0.066645 0.078592 0.182699
0.065886 0.078522 0.180292
0.070386 0.079783 0.181482
0.063597 0.076487 0.179560
0.068225 0.079022 0.182041
0.068283 0.078958 0.184671
0.063867 0.076782 0.178177
0.063779 0.077571 0.184964
0.062681 0.076460 0.179000
0.070419 0.079773 0.177267
0.066983 0.078681 0.183678
0.061305 0.076865 0.181084
0.063335 0.075726 0.185044
0.068213 0.079043 0.183593
0.062545 0.077337 0.179809
0.066021 0.078523 0.180576
0.069534 0.079896 0.176616
0.070522 0.079420 0.182959
0.066729 0.078782 0.176781
0.064761 0.078031 0.181566
0.060429 0.076283 0.183396
0.066797 0.077468 0.182352
0.062936 0.077264 0.183511
0.067399 0.078853 0.177698
0.066644 0.078703 0.179321
0.067859 0.078790 0.185536
0.062223 0.076910 0.176985
0.067593 0.077543 0.182964
0.063919 0.077666 0.183655
0.062205 0.077250 0.179785
0.068745 0.079522 0.176457
0.061920 0.076973 0.181253
0.067545 0.078880 0.182183
0.069529 0.079613 0.181960
0.067050 0.078725 0.177626
0.063033 0.077201 0.185000
0.067825 0.077543 0.183712
0.060339 0.075387 0.182730
0.061729 0.076994 0.180786
0.060873 0.076770 0.181459
0.066501 0.077544 0.178108
0.066968 0.077437 0.182940
0.068407 0.079154 0.181411
0.062055 0.076644 0.185122
0.066019 0.077367 0.178257
0.061685 0.077378 0.178900
0.069889 0.079719 0.181867
0.067537 0.078865 0.183366
0.062506 0.076954 0.184814
0.068350 0.079082 0.183707
0.062356 0.077722 0.177877
0.067710 0.079083 0.181159
0.066813 0.078749 0.181453
0.066584 0.078845 0.176285
0.064531 0.077963 0.181426
0.065132 0.077971 0.185601
0.070600 0.079462 0.178751
0.061773 0.076784 0.182465
0.061241 0.077122 0.179812
0.061822 0.077013 0.180947
0.067024 0.078836 0.181550
0.067774 0.079112 0.180672
0.066599 0.078527 0.184426
0.068560 0.079217 0.181269
0.065275 0.078262 0.179493
0.067752 0.079020 0.179701
0.062786 0.077091 0.182805
0.066670 0.077383 0.182411
0.063871 0.078263 0.176906
0.062371 0.077827 0.177275
0.067397 0.079103 0.176329
0.065418 0.078326 0.178162
0.065959 0.078351 0.182501
0.061669 0.076781 0.182142
0.069288 0.079656 0.178474
0.063890 0.077576 0.185586
0.061960 0.076863 0.182501
0.065238 0.078230 0.180907
0.069038 0.079534 0.178668
0.063499 0.076708 0.178071
0.060812 0.077020 0.180183
0.061338 0.076059 0.180614
0.064450 0.076444 0.184934
0.063457 0.077418 0.184478
0.065520 0.078372 0.180885
0.066206 0.078561 0.177174
0.069168 0.079609 0.179070
0.068415 0.079118 0.182199
0.063132 0.077937 0.177585
0.063527 0.076674 0.178499
0.066015 0.078324 0.184749
0.067092 0.078798 0.180814
0.070403 0.079879 0.180639
0.064218 0.077735 0.184516
0.061610 0.076748 0.182350
0.063326 0.076769 0.177695
0.064852 0.076588 0.185102
0.066973 0.077511 0.181605
0.063528 0.077530 0.180141
0.068070 0.078842 0.185796
0.067524 0.078975 0.180984
0.062951 0.077624 0.178816
0.064170 0.077742 0.185161
0.066815 0.078478 0.185524
0.067806 0.079054 0.177219
0.070666 0.079205 0.183151
0.069506 0.079783 0.178048
0.061884 0.076404 0.179093
0.070112 0.079852 0.180723
0.069716 0.079770 0.179951
0.066214 0.077132 0.182762
0.067005 0.077346 0.183859
0.067313 0.078913 0.180325
0.068763 0.079225 0.184148
0.062999 0.077745 0.178189
0.066880 0.078713 0.179759
0.070528 0.079126 0.178225
0.070956 0.079532 0.180865
0.064838 0.077471 0.176139
0.060824 0.076127 0.180014
0.070092 0.079857 0.180392
0.065490 0.078437 0.176967
0.064890 0.077904 0.182713
0.068078 0.079172 0.177307
0.068705 0.079392 0.177965
0.062659 0.077159 0.176120
0.062296 0.075798 0.182307
0.066395 0.078503 0.184153
0.066692 0.078549 0.178325
0.063200 0.077836 0.178077
0.068502 0.079218 0.183312
0.064319 0.076361 0.185230
0.068673 0.079314 0.182531
0.068431 0.079265 0.179666
0.064234 0.077950 0.178993
0.061298 0.075917 0.181167
0.066662 0.077064 0.185167
0.064023 0.077038 0.176618
0.067772 0.079003 0.182790
0.061740 0.075244 0.183012
0.064911 0.076677 0.184178
0.065278 0.078236 0.181483
0.070416 0.079790 0.177485
0.070426 0.079589 0.178577
0.064957 0.078341 0.176759
0.068066 0.078932 0.184703
0.066410 0.077105 0.182155
0.060266 0.076283 0.183293
0.065518 0.078156 0.182715
0.068484 0.079211 0.181792
0.061006 0.077098 0.179888
0.066705 0.078742 0.180320
0.068486 0.079290 0.180103
0.066492 0.078492 0.178163
0.061547 0.076928 0.180968
0.067738 0.079125 0.176672
0.069871 0.078166 0.176649
0.063858 0.078023 0.177736
0.063166 0.077215 0.184834
0.067423 0.078839 0.177995
0.065711 0.078408 0.177626
0.069613 0.079725 0.179750
0.066874 0.078694 0.182608
0.062560 0.077944 0.177176
0.065253 0.078086 0.184900
0.068892 0.079513 0.178353
0.066244 0.078354 0.184983
0.064806 0.077857 0.182935
0.070810 0.079505 0.179078
0.063854 0.077579 0.182446
0.062207 0.076821 0.184385
0.065030 0.076645 0.185370
0.061378 0.075881 0.181478
0.066277 0.078436 0.178302
0.066390 0.078681 0.176758
0.069998 0.079647 0.182637
0.062465 0.076935 0.184519
0.064950 0.078008 0.182104
0.065861 0.077029 0.182744
0.065036 0.078118 0.181621
0.069428 0.079677 0.179150
0.061987 0.076860 0.182028
0.063948 0.077899 0.178373
0.063924 0.077608 0.184197
0.062998 0.076228 0.181026
0.067177 0.078726 0.183232
0.069773 0.080004 0.176941
0.063523 0.078075 0.177458
0.060830 0.076813 0.181093
0.065521 0.077024 0.184243
0.066238 0.078606 0.179431
0.062480 0.076241 0.180600
0.065148 0.077269 0.177509
0.062636 0.076830 0.177432
0.066889 0.078745 0.179129
0.065226 0.078225 0.178700
0.070556 0.079188 0.178474
0.063615 0.076697 0.178701
0.061783 0.077275 0.179462
0.062281 0.077067 0.181157
0.064187 0.076941 0.177824
0.068367 0.079330 0.176818
0.064985 0.077917 0.183188
0.064660 0.078172 0.178245
0.067026 0.078673 0.178269
0.062791 0.077229 0.181450
0.065421 0.078302 0.178667
0.060466 0.075649 0.181842
0.065594 0.078130 0.185660
0.068468 0.079178 0.181999
0.065858 0.078612 0.176507
0.068408 0.079263 0.178620
0.062906 0.077550 0.179110
0.067413 0.078762 0.185018
0.067230 0.078803 0.182921
0.067504 0.078861 0.179379
0.063093 0.077698 0.178545
0.070550 0.079046 0.184809
0.070466 0.079192 0.184931
0.066302 0.078390 0.185153
0.067528 0.078916 0.183012
0.062844 0.077436 0.179683
0.065659 0.078456 0.180195
0.061538 0.077071 0.180368
0.068944 0.079599 0.176400
0.066896 0.078497 0.185786
0.060355 0.076850 0.180910
0.067728 0.077698 0.180461
0.067501 0.078963 0.180166
0.062057 0.077008 0.181249
0.067918 0.079010 0.179351
0.067575 0.078872 0.183588
0.065583 0.078234 0.182100
0.070878 0.079546 0.179681
0.065857 0.078354 0.183735
0.063527 0.077693 0.179040
0.067907 0.079150 0.176824
0.061724 0.077227 0.179630
0.065600 0.078218 0.183151
0.064618 0.077913 0.184282
0.067390 0.078880 0.179122
0.063509 0.077546 0.181675
0.070601 0.079817 0.179286
0.065873 0.077143 0.184095
0.066844 0.078706 0.177474
0.067054 0.078777 0.182415
0.064503 0.077745 0.185563
0.059952 0.076711 0.181530
0.070036 0.079604 0.182873
0.060369 0.076539 0.182389
0.068133 0.079222 0.176887
0.062743 0.077179 0.183423
0.069449 0.079440 0.183731
0.069580 0.079318 0.185307
0.060507 0.076754 0.181348
0.070560 0.078992 0.185059
0.065210 0.078130 0.184597
0.068783 0.079182 0.184433
0.066286 0.078576 0.179161
0.062154 0.076570 0.178114
0.062268 0.077788 0.177575
0.064629 0.076538 0.184994
0.066387 0.078640 0.179693
0.064928 0.077224 0.176900
0.064761 0.076629 0.184444
0.069649 0.079700 0.181274
0.070831 0.079179 0.179391
0.069652 0.079557 0.182805
0.065210 0.078243 0.179175
0.067455 0.078862 0.178632
0.060165 0.075676 0.181641
0.069669 0.079712 0.179431
0.062996 0.077333 0.180514
0.066662 0.078581 0.181791
0.069776 0.078014 0.176406
0.068041 0.078852 0.185497
0.066075 0.078348 0.184503
0.066702 0.077037 0.185570
0.063564 0.076803 0.177797
0.061739 0.076528 0.185446
0.071047 0.079349 0.179892
0.065864 0.078290 0.182014
0.062310 0.077128 0.180479
0.068992 0.079318 0.184084
0.063387 0.078133 0.176391
0.065412 0.078322 0.181022
0.061222 0.076589 0.182907
0.069523 0.079448 0.184266
0.064730 0.078094 0.180100
0.068338 0.079385 0.176401
0.064238 0.076349 0.184876
0.064593 0.078311 0.177446
0.070014 0.079846 0.176582
0.062829 0.076907 0.177295
0.062042 0.076737 0.184545
0.062702 0.076529 0.178745
0.062812 0.077115 0.183143
0.065470 0.078217 0.184426
0.068446 0.079014 0.185205
0.065176 0.077204 0.177946
0.069808 0.079597 0.182820
0.063567 0.076693 0.178905
0.059830 0.076666 0.181793
0.066603 0.078613 0.178899
0.069321 0.079636 0.179283
0.066689 0.077330 0.181391
0.060905 0.076934 0.180513
0.060476 0.075959 0.180610
0.070615 0.078973 0.183990
0.059973 0.076504 0.182413
0.067468 0.078774 0.184782
0.068533 0.079382 0.177070
0.063337 0.076402 0.179746
0.062586 0.077047 0.182955
0.059713 0.076604 0.182061
0.069080 0.077912 0.184049
0.067811 0.077700 0.176597
0.064604 0.077906 0.182592
0.063477 0.077424 0.182237
0.062433 0.076979 0.183830
0.068762 0.079465 0.177216
0.062385 0.077035 0.181773
0.069373 0.079704 0.177637
0.068652 0.077991 0.178294
0.061764 0.076832 0.181939
0.062064 0.077584 0.178297
0.062132 0.077215 0.180053
0.066818 0.077390 0.182999
0.064301 0.077803 0.185031
0.063031 0.077323 0.181511
0.061235 0.076879 0.180948
0.064576 0.077851 0.182961
0.062241 0.076317 0.179762
0.069150 0.079450 0.182484
0.067931 0.079049 0.178865
0.064849 0.078358 0.177409
0.068660 0.079358 0.178090
0.061435 0.077341 0.178918
0.067423 0.078900 0.181388
0.068634 0.079223 0.181437
0.064817 0.077927 0.184181
0.064509 0.077897 0.181718
0.065184 0.078037 0.183139
0.070717 0.078975 0.183336
0.067910 0.078876 0.184166
0.063862 0.078234 0.176593
0.062583 0.078072 0.176557
0.063167 0.077299 0.184489
0.061552 0.076411 0.184823
0.062307 0.076850 0.185630
0.064475 0.077812 0.183664
0.067375 0.078758 0.183379
0.066602 0.078632 0.180995
0.068779 0.079383 0.179728
0.064450 0.078266 0.177450
0.067272 0.077227 0.184396
0.062412 0.077636 0.178165
0.065693 0.078263 0.183549
0.064235 0.077744 0.182215
0.063059 0.077443 0.179884
0.062031 0.077202 0.179753
0.069917 0.079736 0.181641
0.068289 0.079142 0.183219
0.070027 0.079732 0.181768
0.062621 0.077604 0.178351
0.066885 0.077175 0.184336
0.066996 0.078594 0.184903
0.068529 0.079141 0.183926
0.063915 0.077692 0.181574
0.062364 0.077802 0.177577
0.070864 0.079534 0.181434
0.069425 0.079799 0.177153
0.061145 0.077169 0.179620
0.062495 0.077467 0.179029
0.065342 0.078277 0.178339
0.069933 0.079511 0.184217
0.069916 0.079904 0.178729
0.068043 0.079071 0.179295
0.069298 0.079205 0.185609
0.070394 0.079866 0.180943
0.070230 0.079787 0.178597
0.063258 0.077276 0.183436
0.067781 0.077438 0.184072
0.066090 0.078590 0.180172
0.061967 0.077062 0.180819
0.069264 0.079249 0.185293
0.062881 0.077312 0.180953
0.069090 0.079352 0.183965
0.069167 0.079254 0.184994
0.068021 0.079151 0.180895
0.069477 0.079652 0.181005
0.070681 0.079702 0.181414
0.059930 0.076624 0.181963
0.067006 0.078723 0.183012
0.062160 0.077458 0.178636
0.065165 0.078295 0.180184
0.067299 0.078620 0.185615
0.070520 0.079421 0.177765
0.063395 0.077924 0.177924
0.061503 0.077187 0.179607
0.068435 0.079247 0.180258
0.067211 0.078871 0.181139
0.070407 0.079680 0.177736
0.066100 0.077127 0.183083
0.067688 0.079065 0.181352
0.069075 0.079611 0.177613
0.066706 0.077365 0.182223
0.064630 0.077893 0.182171
0.069102 0.079612 0.176939
0.067283 0.078839 0.179798
0.064600 0.078104 0.178545
0.068253 0.079183 0.179436
0.065409 0.078345 0.177423
0.062467 0.076993 0.182804
0.062432 0.077051 0.182040
0.062004 0.076882 0.181750
0.065877 0.078451 0.179374
0.065511 0.078188 0.184698
0.066460 0.077192 0.182440
0.069338 0.079709 0.177467
0.069655 0.079946 0.176762
0.061638 0.076503 0.178565
0.068490 0.079279 0.180443
0.066041 0.077100 0.183347
0.062648 0.077194 0.181589
0.063362 0.076648 0.178662
0.061285 0.076416 0.178872
0.062370 0.077560 0.178464
0.065144 0.078069 0.183364
0.064938 0.078181 0.180376
0.064278 0.077884 0.179946
0.067216 0.078903 0.181521
0.066900 0.078737 0.179297
0.066106 0.078334 0.185506
0.065401 0.078079 0.185635
0.070779 0.079215 0.182788
0.065891 0.078474 0.180708
0.067714 0.077614 0.182233
0.064397 0.076897 0.178341
0.061260 0.077065 0.180105
0.069671 0.078332 0.181508
0.060197 0.076788 0.181229
0.069897 0.079972 0.176765
0.064387 0.078225 0.177676
0.069767 0.078176 0.184280
0.070810 0.079576 0.179207
0.066307 0.078399 0.184737
0.064936 0.078154 0.180614
0.066788 0.078623 0.183521
0.065848 0.078227 0.185194
0.066110 0.078337 0.185308
0.064835 0.078005 0.184370
0.066885 0.078633 0.178155
0.065634 0.078255 0.183344
0.064544 0.077894 0.184533
0.061972 0.076745 0.183089
0.062383 0.076986 0.176710
0.068944 0.079405 0.182382
0.070378 0.079292 0.184744
0.070136 0.079572 0.183128
0.065798 0.078295 0.182267
0.068645 0.079373 0.178811
0.063656 0.077806 0.178447
0.063760 0.077565 0.183990
0.067529 0.078709 0.185460
0.065139 0.078156 0.178844
0.068355 0.079166 0.183008
0.065651 0.076939 0.185397
0.069141 0.079439 0.182753
0.070271 0.079730 0.178096
0.069701 0.079581 0.183207
0.060788 0.076383 0.183533
0.065398 0.078294 0.179367
0.065982 0.077430 0.177813
0.064989 0.078003 0.183624
0.063330 0.076424 0.179588
0.060792 0.076507 0.183020
0.067125 0.078847 0.180569
0.068970 0.079405 0.180165
0.062812 0.076799 0.177576
0.066741 0.078717 0.177204
0.063824 0.076733 0.178529
0.064135 0.077960 0.178275
0.063355 0.077379 0.185068
0.063745 0.077808 0.179013
0.063649 0.076912 0.177541
0.065585 0.078355 0.181365
0.064316 0.078012 0.178368
0.061742 0.077110 0.180316
0.068872 0.079315 0.181421
0.067905 0.079051 0.177757
0.067953 0.078913 0.184418
0.064317 0.078327 0.176647
0.064596 0.078204 0.177834
0.062490 0.077171 0.180689
0.069715 0.079908 0.177821
0.066348 0.078469 0.184349
0.067921 0.078888 0.183851
0.067574 0.078681 0.185707
0.066352 0.077518 0.177501
0.066032 0.078423 0.177922
0.066645 0.078672 0.179124
0.062387 0.077084 0.181462
0.070616 0.079445 0.182668
0.061611 0.076598 0.183462
0.067982 0.079152 0.181280
0.063208 0.077402 0.181312
0.070536 0.079852 0.180162
0.066214 0.078469 0.183699
0.064788 0.078356 0.176587
0.061312 0.077106 0.179977
0.066831 0.077464 0.179238
0.065780 0.078280 0.184511
0.070786 0.079380 0.179007
0.064652 0.077819 0.185763
0.061230 0.076611 0.182483
0.066421 0.078441 0.185409
0.063156 0.077040 0.176862
0.065974 0.077085 0.185366
0.070590 0.078757 0.185271
0.064304 0.077803 0.184829
0.068839 0.079264 0.183861
0.070588 0.079098 0.183712
0.062264 0.076948 0.183545
0.069155 0.079607 0.178188
0.061350 0.077193 0.179593
0.062709 0.077249 0.181037
0.064692 0.077845 0.183296
0.062255 0.076850 0.177235
0.070822 0.079355 0.182244
0.070802 0.079752 0.180784
0.062809 0.077986 0.177277
0.064470 0.078032 0.179071
0.069526 0.079668 0.181520
0.062993 0.077331 0.180880
0.070526 0.079260 0.177979
0.061964 0.076800 0.177193
0.068890 0.079368 0.181108
0.068898 0.079370 0.182136
0.069160 0.079640 0.177771
0.062830 0.077684 0.178359
0.066991 0.077519 0.182097
0.063517 0.077447 0.185402
0.061038 0.076269 0.184433
0.062520 0.076926 0.185239
0.062193 0.076816 0.183832
0.069285 0.079326 0.184673
0.068387 0.079237 0.177987
0.062690 0.077534 0.178936
0.068044 0.079090 0.182617
0.069285 0.079462 0.182445
0.067653 0.078951 0.178605
0.066634 0.078614 0.182881
0.064998 0.076941 0.178682
0.063193 0.077433 0.180565
0.064479 0.077940 0.180101
0.070285 0.079346 0.184966
0.061171 0.075402 0.182651
0.063020 0.077366 0.180324
0.066918 0.078737 0.182173
0.063831 0.077677 0.181256
0.070161 0.079968 0.179076
0.070071 0.079877 0.178500
0.061747 0.076716 0.182773
0.070063 0.080003 0.177409
0.065929 0.078436 0.179194
0.066260 0.078476 0.183448
0.065692 0.078345 0.178678
0.064713 0.076726 0.184671
0.069137 0.079355 0.184073
0.061454 0.077003 0.180499
0.063785 0.077560 0.185306
0.066825 0.078749 0.181986
0.067341 0.078689 0.185315
0.067120 0.078801 0.179049
0.063271 0.077406 0.182099
0.063959 0.076749 0.178720
0.063657 0.077612 0.181070
0.069916 0.079550 0.183728
0.064782 0.078096 0.180928
0.066622 0.078682 0.180562
0.068881 0.079386 0.181663
0.062370 0.077343 0.179556
0.068551 0.079143 0.184204
0.063439 0.078121 0.177195
0.062424 0.076882 0.184997
0.064381 0.077977 0.178734
0.061685 0.076627 0.183992
0.068922 0.079151 0.184638
0.062713 0.077602 0.178614
0.061637 0.076144 0.180625
0.065930 0.078365 0.183939
0.064227 0.078244 0.177478
0.067223 0.078738 0.183437
0.068280 0.079183 0.178927
0.066228 0.078437 0.183144
0.064294 0.077882 0.181238
0.062657 0.076933 0.177145
0.070605 0.078975 0.184248
0.068718 0.079371 0.180926
0.065290 0.078338 0.180145
0.061987 0.076239 0.180331
0.064577 0.077308 0.176286
0.069447 0.079524 0.183263
0.070297 0.078486 0.183235
0.066649 0.077393 0.181611
0.063286 0.077445 0.181647
0.066439 0.078533 0.177650
0.064765 0.076541 0.185348
0.065512 0.078510 0.176645
0.060294 0.076711 0.181502
0.066364 0.078568 0.181025
0.063156 0.077311 0.183584
0.070185 0.079801 0.178293
0.065753 0.076877 0.181901
0.066114 0.078427 0.184181
0.066184 0.077259 0.184919
0.068806 0.079304 0.181248
0.062856 0.077206 0.183677
0.065602 0.078389 0.181147
0.066321 0.077237 0.183105
0.067399 0.078804 0.181767
0.062047 0.076829 0.183347
0.061749 0.076552 0.184705
0.063533 0.077751 0.178826
0.060140 0.076843 0.181060
0.064170 0.078270 0.177252
0.067753 0.079002 0.179495
0.062334 0.076420 0.179019
0.070377 0.079270 0.176899
0.061038 0.076910 0.180650
0.065590 0.078263 0.181812
0.062564 0.077261 0.180103
0.063967 0.077615 0.184502
0.060486 0.076288 0.183546
0.061768 0.076675 0.184206
0.061429 0.076407 0.184713
0.063795 0.077517 0.182934
0.065345 0.078297 0.180774
0.066534 0.077322 0.183596
0.066381 0.078755 0.176431
0.064003 0.077678 0.184816
0.063842 0.077636 0.183428
0.064632 0.078289 0.177190
0.064358 0.077980 0.179341
0.066431 0.078515 0.182597
0.066324 0.077124 0.185248
0.069720 0.078241 0.177209
0.063284 0.077636 0.178973
0.067250 0.078876 0.180013
0.070433 0.078916 0.177827
0.066053 0.077000 0.181695
0.066405 0.078533 0.178829
0.070082 0.080042 0.177153
0.069718 0.079717 0.181042
0.067955 0.079148 0.176943
0.064852 0.078158 0.179805
0.066962 0.078872 0.176639
0.070898 0.079408 0.179172
0.067364 0.078848 0.179334
0.064446 0.077915 0.180654
0.065710 0.078295 0.181885
0.066287 0.078494 0.177782
0.063116 0.077576 0.179046
0.065122 0.078304 0.178168
0.063328 0.077336 0.185309
0.067435 0.078780 0.183590
0.067155 0.078779 0.182149
0.063432 0.077503 0.181854
0.064642 0.078033 0.180517
0.067761 0.079058 0.180516
0.068205 0.079251 0.180982
0.063560 0.077410 0.183518
0.062584 0.076975 0.185052
0.060895 0.077217 0.179463
0.065231 0.078045 0.185289
0.068979 0.079440 0.180576
0.062977 0.076931 0.177389
0.061342 0.076811 0.181399
0.065180 0.076745 0.182883
0.060580 0.076709 0.181536
0.065910 0.078607 0.176348
0.062578 0.077132 0.181294
0.070339 0.079472 0.184217
0.061997 0.076737 0.184112
0.062215 0.076930 0.181869
0.063317 0.077462 0.181035
0.068168 0.079067 0.183067
0.069360 0.079798 0.176925
0.067176 0.077162 0.184812
0.066033 0.078475 0.177340
0.069133 0.079695 0.176652
0.070301 0.079394 0.184542
0.062131 0.077319 0.179507
0.064325 0.077838 0.182758
0.066490 0.078450 0.178285
0.069465 0.079742 0.178380
0.063210 0.077253 0.182801
0.070002 0.078527 0.177767
0.063339 0.077717 0.178676
0.064502 0.078331 0.176833
0.068697 0.079295 0.181598
0.068682 0.079406 0.178526
0.067806 0.079037 0.181578
0.069664 0.077955 0.176217
0.065289 0.078289 0.180529
0.060107 0.076587 0.182076
0.067461 0.078845 0.178499
0.061226 0.076331 0.184664
0.066459 0.077377 0.183067
0.060578 0.075757 0.181359
0.062756 0.077073 0.184928
0.065878 0.078515 0.180001
0.069528 0.079522 0.182344
0.069204 0.079469 0.179905
0.061724 0.076848 0.181691
0.063700 0.077554 0.184686
0.060137 0.075516 0.182341
0.065160 0.078270 0.179979
0.065415 0.078409 0.177608
0.060962 0.076430 0.183418
0.068795 0.079291 0.183374
0.065473 0.078361 0.180086
0.064369 0.077849 0.182409
0.070322 0.079898 0.180185
0.063397 0.078019 0.177498
0.070688 0.079779 0.180205
0.070202 0.079502 0.184169
0.060686 0.076834 0.180931
0.069386 0.079698 0.178901
0.062019 0.076595 0.184890
0.069887 0.079767 0.180363
0.063413 0.078153 0.176903
0.070351 0.079885 0.180409
0.060289 0.075868 0.180944
0.065363 0.078309 0.181226
0.068371 0.079237 0.179189
0.069802 0.079936 0.177331
0.063207 0.076593 0.178938
0.063628 0.077442 0.182821
0.061621 0.076568 0.183751
0.065186 0.078086 0.181989
0.062828 0.077366 0.179995
0.064122 0.077141 0.176342
0.069789 0.079609 0.182397
0.065121 0.076690 0.182200
0.063421 0.077622 0.179418
0.066549 0.077349 0.183343
0.069298 0.079575 0.181524
0.063638 0.078163 0.176442
0.064029 0.077895 0.179152
0.067028 0.078707 0.183523
0.063180 0.076658 0.177998
0.069004 0.079377 0.181985
0.067097 0.078805 0.181881
0.060653 0.076271 0.183712
0.066822 0.078757 0.180494
0.068607 0.079269 0.182786
0.064658 0.076841 0.178806
0.063578 0.078005 0.177733
0.060076 0.075771 0.181324
0.066129 0.078401 0.178371
0.066610 0.078613 0.177632
0.060979 0.076431 0.183580
0.061908 0.076816 0.182724
0.069928 0.079852 0.179827
0.066440 0.077385 0.178899
0.068507 0.079298 0.179877
0.068952 0.079560 0.177548
0.066640 0.078578 0.184154
0.066053 0.077107 0.183991
0.066061 0.078334 0.182738
0.066414 0.078526 0.183888
0.064959 0.076705 0.184899
0.065346 0.078307 0.179814
0.062558 0.077803 0.177732
0.065068 0.078085 0.181793
0.063295 0.077982 0.177634
0.061523 0.076028 0.180980
0.069166 0.079353 0.183791
0.062057 0.077544 0.178465
0.067563 0.079007 0.180479
0.063683 0.077621 0.181360
0.061836 0.076913 0.181410
0.060525 0.076978 0.180476
0.062406 0.076709 0.177709
0.070219 0.079734 0.181736
0.064590 0.078042 0.179597
0.067420 0.078831 0.178297
0.068661 0.079283 0.180582
0.069588 0.079807 0.178183
0.061715 0.077572 0.178097
0.061408 0.077290 0.179211
0.062344 0.077439 0.178838
0.066504 0.078541 0.182276
0.061563 0.076352 0.185257
0.069180 0.079696 0.176782
0.061373 0.076535 0.178457
0.070207 0.079092 0.176215
0.069165 0.079503 0.179684
0.065283 0.078067 0.182535
0.068264 0.079175 0.178145
0.062473 0.077137 0.180992
0.067133 0.078629 0.185144
0.061904 0.076308 0.179625
0.066486 0.078519 0.183243
0.066699 0.077390 0.183142
0.065738 0.078336 0.178867
0.061749 0.076436 0.184920
0.069925 0.079630 0.182777
0.069416 0.079630 0.180682
0.070179 0.079243 0.185488
0.063841 0.077794 0.179332
0.062589 0.077051 0.182346
0.060098 0.075591 0.182007
0.067092 0.077548 0.182558
0.066508 0.078687 0.180083
0.060567 0.075850 0.180996
0.068035 0.078852 0.185247
0.067848 0.077661 0.181920
0.063745 0.077543 0.184388
0.061855 0.076658 0.183815
0.065719 0.078401 0.177312
0.068085 0.079076 0.182470
0.064923 0.078252 0.178039
0.060778 0.075721 0.181673
0.063079 0.077370 0.181735
0.066866 0.078488 0.185023
0.064797 0.077911 0.181942
0.068029 0.079050 0.183215
0.061839 0.076525 0.178444
0.070387 0.078273 0.185654
0.067606 0.077689 0.177703
0.062504 0.076926 0.184307
0.064599 0.078028 0.180227
0.065694 0.078445 0.177129
0.063616 0.077442 0.182527
0.063685 0.077535 0.183594
0.067720 0.078953 0.179071
0.068350 0.079294 0.177230
0.063817 0.077680 0.180177
0.061943 0.077241 0.179671
0.070265 0.079949 0.177258
0.065705 0.077136 0.178874
0.068055 0.079073 0.181642
0.067839 0.079060 0.182449
0.066467 0.078485 0.183048
0.065891 0.078362 0.179033
0.068753 0.078000 0.181274
0.069463 0.079503 0.182493
0.060605 0.077018 0.180361
0.060591 0.076619 0.182438
0.061886 0.077393 0.178828
0.064960 0.078200 0.180085
0.060566 0.076568 0.182244
0.068340 0.079196 0.181228
0.069060 0.078041 0.182188
0.067917 0.078863 0.184996
0.061144 0.076724 0.181861
0.061657 0.076629 0.177889
0.070407 0.079382 0.183815
0.070334 0.079178 0.185380
0.062559 0.077102 0.183623
0.063424 0.077552 0.179962
0.062294 0.077400 0.179070
0.063681 0.077604 0.180436
0.064238 0.076751 0.178961
0.068434 0.079258 0.178912
0.063415 0.077781 0.178257
0.064924 0.078330 0.177243
0.061384 0.076278 0.179463
0.064387 0.077171 0.176492
0.061220 0.076918 0.180657
0.070032 0.079905 0.178100
0.065536 0.078403 0.180575
0.069779 0.079656 0.182228
0.063793 0.076963 0.177680
0.070045 0.079953 0.178903
0.063991 0.077632 0.182181
0.064714 0.077039 0.178135
0.067622 0.078928 0.178423
0.061912 0.077086 0.180578
0.062495 0.076998 0.176987
0.067227 0.078747 0.178457
0.063253 0.077155 0.176663
0.060658 0.075913 0.180771
0.070720 0.078754 0.183256
0.063361 0.078130 0.176310
0.063864 0.077632 0.180431
0.068011 0.079056 0.179075
0.064820 0.078311 0.177000
0.061781 0.077625 0.177853
0.060786 0.076705 0.181709
0.068876 0.079356 0.182782
0.068786 0.079389 0.180167
0.065817 0.077041 0.185492
0.061027 0.077062 0.180075
0.061674 0.077539 0.178217
0.062876 0.077672 0.178566
0.070753 0.078833 0.182711
0.064058 0.077780 0.180795
0.070514 0.079002 0.185302
0.070029 0.079569 0.183433
0.063520 0.077441 0.184053
0.060343 0.076446 0.182838
0.069887 0.079734 0.181388
0.061022 0.076364 0.179050
0.067653 0.078957 0.177580
0.068388 0.079180 0.183325
0.067375 0.078853 0.180980
0.063638 0.078187 0.176897
0.062473 0.076559 0.178321
0.070629 0.079826 0.180527
0.064016 0.077658 0.185380
0.064192 0.078311 0.176488
0.069316 0.079178 0.185784
0.060149 0.076477 0.182543
0.064989 0.078052 0.184465
0.065442 0.076915 0.182982
0.061405 0.076302 0.185077
0.063750 0.077632 0.179753
0.067268 0.078687 0.184676
0.061767 0.076616 0.183540
0.064474 0.076513 0.184802
0.067347 0.078719 0.184278
0.069031 0.079531 0.179221
0.062807 0.077467 0.179408
0.066130 0.077480 0.178043
0.065799 0.078353 0.181623
0.067556 0.078757 0.184070
0.060413 0.075568 0.182239
0.065199 0.078232 0.181103
0.070149 0.079912 0.176848
0.069087 0.079578 0.178576
0.060368 0.076572 0.181979
0.066226 0.077174 0.182951
0.067606 0.078994 0.182592
0.062030 0.077372 0.179020
0.070283 0.079895 0.177061
0.061833 0.077355 0.179015
0.061542 0.076587 0.178207
0.062244 0.076963 0.183260
0.069666 0.079466 0.183927
0.060136 0.076327 0.183006
0.066945 0.078668 0.179526
0.063598 0.078187 0.176686
0.070339 0.079995 0.179221
0.067256 0.078842 0.177222
0.069992 0.080042 0.176967
0.070412 0.079712 0.178749
0.070645 0.079630 0.178998
0.061630 0.077114 0.180084
0.059850 0.075581 0.182123
0.062547 0.077210 0.180410
0.061505 0.077263 0.179352
0.064684 0.077018 0.178314
0.063896 0.076847 0.177985
0.062552 0.077018 0.182602
0.068780 0.079367 0.180413
0.066510 0.078448 0.184702
0.064697 0.077847 0.185279
0.065987 0.078543 0.180440
0.064266 0.077006 0.177387
0.067767 0.079008 0.179957
0.068507 0.079420 0.176524
0.064326 0.077765 0.181937
0.063609 0.077712 0.179252
0.064371 0.078139 0.177968
0.065141 0.078205 0.179555
0.060728 0.076917 0.180635
0.066138 0.078516 0.181048
0.067464 0.078852 0.178200
0.066202 0.078454 0.178825
0.064868 0.077985 0.184924
0.063935 0.076766 0.178486
0.065705 0.078435 0.180840
0.069229 0.079534 0.180509
0.068257 0.077814 0.181338
0.067182 0.078988 0.176468
0.068596 0.079443 0.176483
0.069884 0.079929 0.178250
0.066997 0.078825 0.176876
0.063415 0.077326 0.183254
