0.131190 0.072798 0.256477
0.124724 0.068202 0.257301
0.133372 0.074417 0.257447
0.126868 0.069052 0.253524
0.127463 0.070460 0.257719
0.132507 0.070692 0.253039
0.129845 0.071032 0.253711
0.127802 0.070788 0.254703
0.129955 0.071573 0.259019
0.127307 0.070183 0.258551
0.130482 0.070984 0.252288
0.128889 0.070138 0.253224
0.127343 0.070603 0.256277
0.131101 0.071716 0.253064
0.125043 0.067159 0.254510
0.129971 0.072010 0.257944
0.132555 0.070982 0.253640
0.128055 0.070871 0.257506
0.129887 0.070941 0.253564
0.134014 0.075126 0.256341
0.124762 0.067938 0.254800
0.135205 0.074314 0.254850
0.125197 0.069438 0.256027
0.132711 0.073537 0.254417
0.131188 0.071562 0.252545
0.127187 0.070528 0.255668
0.124538 0.067348 0.255060
0.132174 0.072962 0.253629
0.132928 0.073556 0.253323
0.133274 0.073713 0.260529
0.124537 0.068808 0.257038
0.132589 0.071193 0.256883
0.133154 0.073946 0.254973
0.130204 0.072279 0.255811
0.129974 0.072108 0.256859
0.126647 0.070312 0.255912
0.133842 0.072703 0.253457
0.129540 0.071003 0.253835
0.133005 0.074024 0.255976
0.127216 0.069991 0.254100
0.127180 0.069075 0.253008
0.133054 0.070777 0.252521
0.128197 0.070587 0.254171
0.124966 0.069098 0.255519
0.127182 0.070497 0.256166
0.126659 0.070274 0.255788
0.129619 0.071788 0.258048
0.128129 0.069152 0.252806
0.129012 0.069897 0.252892
0.132122 0.069553 0.253330
0.133119 0.074127 0.258057
0.125808 0.068568 0.253894
0.130599 0.072365 0.257316
0.133751 0.072538 0.253833
0.129077 0.071613 0.257351
0.132712 0.071124 0.252976
0.131651 0.070789 0.256035
0.131305 0.072828 0.256271
0.125503 0.069557 0.255654
0.130762 0.071495 0.259272
0.133328 0.073980 0.254438
0.133702 0.074437 0.254058
0.131196 0.072717 0.255559
0.130013 0.072167 0.257355
0.125921 0.069410 0.254771
0.130271 0.071714 0.259139
0.123433 0.068153 0.257006
0.130241 0.070677 0.251949
0.129397 0.071251 0.258883
0.127635 0.070675 0.255667
0.134108 0.074772 0.259853
0.129520 0.071839 0.257627
0.131904 0.073201 0.256447
0.128926 0.069326 0.251507
0.126297 0.069981 0.255240
0.131070 0.072038 0.259431
0.133537 0.074255 0.253818
0.129276 0.071578 0.258048
0.133721 0.074863 0.257447
0.131413 0.070669 0.255745
0.131605 0.072983 0.256874
0.128881 0.071338 0.257790
0.126666 0.070312 0.255454
0.131534 0.072380 0.259423
0.129384 0.071673 0.255092
0.125802 0.067609 0.253311
0.132257 0.069955 0.253501
0.131612 0.072181 0.253288
0.127972 0.070920 0.254852
0.131443 0.072700 0.254330
0.133326 0.074199 0.259491
0.129188 0.069588 0.252363
0.130587 0.071094 0.251416
0.130768 0.072090 0.258637
0.126566 0.069860 0.254620
0.129735 0.072030 0.257272
0.133210 0.072105 0.258063
0.130844 0.072117 0.259129
0.129597 0.071945 0.256761
0.128160 0.070904 0.255553
0.129623 0.071454 0.254370
0.128990 0.071639 0.256587
0.125156 0.069250 0.255599
0.123522 0.068334 0.256492
0.132165 0.072701 0.252951
0.129870 0.072042 0.255427
0.129435 0.071557 0.258308
0.130941 0.071524 0.251832
0.125801 0.067936 0.257633
0.131946 0.073019 0.254578
0.133775 0.074670 0.255611
0.128128 0.069865 0.253359
0.130270 0.070811 0.252780
0.132945 0.071677 0.253429
0.131996 0.073218 0.256134
0.127643 0.070874 0.256355
0.125409 0.068267 0.254357
0.133445 0.074153 0.253970
0.130119 0.072108 0.257920
0.131170 0.072534 0.254544
0.129112 0.069455 0.251896
0.131718 0.072521 0.253618
0.131759 0.072778 0.254136
0.132562 0.073609 0.256577
0.128775 0.071397 0.257521
0.126621 0.070144 0.254993
0.126913 0.070190 0.257266
0.125152 0.069027 0.256811
0.131891 0.072614 0.253399
0.133538 0.074404 0.255150
0.131493 0.070204 0.255016
0.133955 0.074743 0.254691
0.128606 0.071202 0.254946
0.128950 0.069548 0.252569
0.129611 0.071978 0.255728
0.126565 0.068532 0.252598
0.134182 0.075191 0.255818
0.123781 0.067679 0.255379
0.132446 0.073498 0.255227
0.132773 0.069928 0.252914
0.124849 0.068951 0.256951
0.128269 0.069641 0.258737
0.130219 0.071881 0.258727
0.130355 0.071921 0.254161
0.126400 0.069707 0.254551
0.124865 0.069149 0.255318
0.132455 0.073408 0.258362
0.132790 0.073477 0.253993
0.130585 0.071163 0.251238
0.131218 0.072732 0.255095
0.123721 0.068561 0.255956
0.127708 0.070639 0.258280
0.131174 0.070857 0.258699
0.127420 0.068762 0.252362
0.133445 0.074148 0.254354
0.128905 0.070554 0.253727
0.131434 0.072810 0.257175
0.127016 0.069759 0.254015
0.123619 0.068447 0.256682
0.128844 0.069585 0.252682
0.130506 0.072347 0.257162
0.129080 0.071683 0.256493
0.128912 0.071165 0.258115
0.129959 0.071707 0.254350
0.129575 0.071819 0.255226
0.126550 0.069796 0.257733
0.123993 0.068723 0.256055
0.132083 0.072799 0.259769
0.132617 0.073044 0.260226
0.130107 0.070516 0.252335
0.130362 0.072357 0.256680
0.128969 0.071346 0.257880
0.129602 0.070706 0.259018
0.125069 0.069161 0.256622
0.132701 0.073588 0.259227
0.131854 0.070711 0.255633
0.128621 0.070821 0.254280
0.127709 0.069448 0.253244
0.128571 0.070552 0.253977
0.134431 0.074975 0.260503
0.124927 0.068292 0.257324
0.132831 0.073803 0.259667
0.131391 0.072526 0.258451
0.133638 0.074762 0.256364
0.130184 0.071749 0.258974
0.126251 0.069619 0.256834
0.128938 0.069229 0.252061
0.130974 0.072697 0.256070
0.127874 0.070866 0.255138
0.131710 0.072062 0.251530
0.130601 0.071622 0.253648
0.130814 0.071372 0.252090
0.129857 0.070439 0.252694
0.129169 0.069860 0.252706
0.125562 0.069637 0.255362
0.123872 0.068615 0.256999
0.128595 0.071060 0.257954
0.126557 0.069970 0.254864
0.132022 0.072930 0.253956
0.126162 0.068600 0.253436
0.133850 0.075040 0.257225
0.128872 0.071535 0.256437
0.130663 0.071021 0.250706
0.129204 0.069348 0.250947
0.130145 0.072259 0.256205
0.131213 0.072752 0.255306
0.130492 0.071046 0.252721
0.134267 0.075211 0.259143
0.132971 0.071548 0.256503
0.126681 0.068997 0.253352
0.130088 0.072185 0.255662
0.129694 0.070311 0.252743
0.130439 0.069124 0.255559
0.130392 0.072153 0.258110
0.129624 0.071639 0.258339
0.129273 0.069684 0.251341
0.132582 0.071119 0.253371
0.130200 0.071883 0.258454
0.134380 0.073332 0.254532
0.130415 0.071908 0.258980
0.129426 0.071833 0.257129
0.132497 0.072653 0.252459
0.132532 0.073398 0.260035
0.131334 0.072252 0.259399
0.124617 0.068957 0.256781
0.128991 0.070757 0.253926
0.130732 0.072482 0.257042
0.132626 0.073597 0.256842
0.126910 0.070391 0.255028
0.129613 0.071259 0.254042
0.123391 0.068336 0.256018
0.130938 0.072386 0.254527
0.128098 0.070733 0.258385
0.125213 0.069298 0.255369
0.123748 0.068581 0.256933
0.132218 0.073183 0.258499
0.133605 0.074501 0.255591
0.131885 0.072100 0.252505
0.127474 0.070608 0.257366
0.130576 0.072156 0.254292
0.129867 0.071932 0.258058
0.132900 0.073827 0.259970
0.126237 0.068457 0.253210
0.128087 0.070887 0.255303
0.130657 0.071242 0.251051
0.126685 0.069089 0.253643
0.131582 0.072137 0.253179
0.123840 0.068176 0.257283
0.134300 0.075170 0.260347
0.134085 0.074140 0.260424
0.133666 0.074443 0.254386
0.124516 0.067468 0.257228
0.134453 0.075256 0.260493
0.131102 0.072411 0.254356
0.132307 0.073259 0.258127
0.134367 0.075402 0.259524
0.132456 0.073553 0.256469
0.130939 0.071984 0.253915
0.125462 0.069516 0.256139
0.125651 0.067534 0.253485
0.126554 0.070147 0.256280
0.131463 0.072822 0.254835
0.131539 0.071805 0.251991
0.132321 0.073056 0.259958
0.132625 0.073721 0.255671
0.127732 0.069116 0.252929
0.130093 0.070637 0.251754
0.125919 0.069234 0.254577
0.130295 0.072306 0.255745
0.132887 0.073372 0.260395
0.129222 0.070430 0.253328
0.130710 0.071828 0.253838
0.132058 0.073155 0.254927
0.127044 0.070299 0.258096
0.133387 0.074310 0.256523
0.134028 0.075160 0.258272
0.128628 0.071415 0.256453
0.129406 0.069746 0.251051
0.125812 0.068802 0.254267
0.124458 0.068918 0.255456
0.128616 0.070671 0.258827
0.127912 0.070076 0.258763
0.132019 0.073013 0.257806
0.129331 0.070255 0.253049
0.124788 0.066137 0.255058
0.125890 0.069342 0.254725
0.126095 0.068897 0.253799
0.131664 0.073012 0.257124
0.129451 0.070422 0.253196
0.126265 0.069526 0.257060
0.131834 0.072673 0.253643
0.131466 0.072408 0.253877
0.128475 0.069446 0.252850
0.128935 0.071339 0.254936
0.132600 0.073713 0.256129
0.128922 0.071246 0.254724
0.128314 0.071040 0.255039
0.126370 0.069781 0.256624
0.129164 0.070345 0.253284
0.128276 0.068938 0.252505
0.126557 0.069836 0.256831
0.129246 0.071420 0.258326
0.133225 0.074133 0.256989
0.131922 0.072867 0.259076
0.130118 0.071580 0.259121
0.127802 0.070338 0.254200
0.133930 0.074807 0.255496
0.131213 0.071927 0.253319
0.124532 0.069077 0.256359
0.125092 0.068908 0.257120
0.134204 0.075152 0.259804
0.129885 0.070398 0.252517
0.131983 0.070039 0.253862
0.133159 0.073992 0.258725
0.132553 0.073517 0.257768
0.127494 0.070236 0.258608
0.129854 0.070707 0.253313
0.124659 0.068838 0.254782
0.134963 0.073750 0.255934
0.129913 0.072117 0.255640
0.126362 0.067224 0.257148
0.126710 0.069982 0.257070
0.133707 0.074687 0.259379
0.129182 0.071472 0.258152
0.130337 0.070754 0.250956
0.125244 0.067385 0.254372
0.130028 0.071861 0.258328
0.131434 0.072855 0.256904
0.131530 0.072656 0.254196
0.134362 0.075395 0.259329
0.128390 0.068640 0.251777
0.124958 0.066606 0.254449
0.126056 0.069460 0.256862
0.128401 0.068698 0.251837
0.132242 0.073375 0.257447
0.132752 0.073397 0.253445
0.132599 0.070968 0.253956
0.125232 0.067121 0.254047
0.128558 0.071132 0.254792
0.124281 0.067498 0.255157
0.128164 0.071131 0.256641
0.134400 0.075408 0.260364
0.125542 0.068860 0.254771
0.126474 0.069615 0.254399
0.132255 0.073227 0.257911
0.128364 0.070509 0.254017
0.131248 0.072525 0.254282
0.124227 0.068884 0.256131
0.134284 0.075517 0.257602
0.133852 0.075072 0.257457
0.126224 0.069343 0.257272
0.134183 0.074988 0.254433
0.132408 0.070833 0.254744
0.131573 0.072393 0.253641
0.134196 0.074975 0.260251
0.127458 0.068434 0.252029
0.132830 0.073720 0.258704
0.130976 0.071374 0.252530
0.129490 0.069963 0.252494
0.124832 0.068869 0.257109
0.131099 0.072599 0.257559
0.130795 0.071367 0.252870
0.130351 0.072002 0.254829
0.128575 0.068870 0.252129
0.126939 0.068364 0.252152
0.132158 0.072812 0.253238
0.127639 0.070042 0.253981
0.131104 0.070465 0.256204
0.134223 0.075197 0.259598
0.130433 0.071016 0.252894
0.133142 0.073819 0.260452
0.132359 0.073213 0.259325
0.131813 0.072799 0.258935
0.130425 0.071531 0.253741
0.125482 0.067619 0.253910
0.124833 0.069118 0.256597
0.134111 0.072828 0.254936
0.131185 0.071857 0.253162
0.131600 0.072996 0.255993
0.133549 0.074475 0.258739
0.128196 0.070761 0.258122
0.133295 0.071835 0.256557
0.131688 0.072123 0.252860
0.129282 0.071743 0.257035
0.129910 0.071665 0.258871
0.131899 0.071328 0.258495
0.124923 0.069182 0.254846
0.126327 0.069454 0.257272
0.127498 0.070645 0.255442
0.134032 0.075295 0.257106
0.133714 0.074316 0.260428
0.132216 0.070682 0.254446
0.123321 0.068260 0.256258
0.128996 0.071620 0.256242
0.135194 0.074128 0.255872
0.131655 0.072708 0.258841
0.125804 0.067857 0.253354
0.131948 0.072861 0.258927
0.133330 0.074041 0.259916
0.126748 0.069857 0.257985
0.133567 0.074675 0.257089
0.125610 0.069631 0.255827
0.133278 0.074192 0.255583
0.125143 0.067112 0.254262
0.130596 0.071161 0.252735
0.126907 0.070444 0.255341
0.125027 0.069184 0.255387
0.132796 0.073718 0.258602
0.131644 0.069363 0.253687
0.129041 0.071415 0.257816
0.129654 0.071931 0.256937
0.130374 0.071961 0.258753
0.133246 0.074224 0.257835
0.124713 0.069286 0.254922
0.130403 0.072283 0.255234
0.131998 0.072999 0.258514
0.130945 0.071376 0.252353
0.134375 0.075376 0.255424
0.127444 0.070693 0.256802
0.131403 0.072840 0.255156
0.132023 0.073017 0.254361
0.134001 0.074867 0.255310
0.127464 0.068877 0.252574
0.128819 0.070870 0.258832
0.129204 0.071707 0.257112
0.133239 0.074127 0.256713
0.129105 0.071374 0.254735
0.128326 0.071261 0.256717
0.133104 0.073942 0.260191
0.134038 0.075291 0.257862
0.128989 0.069364 0.251722
0.130080 0.072166 0.256757
0.132650 0.073614 0.257657
0.131811 0.072879 0.258241
0.128155 0.071155 0.256402
0.126705 0.067957 0.257970
0.124669 0.069212 0.256265
0.124444 0.069102 0.255688
0.134059 0.074704 0.260182
0.130994 0.072698 0.255945
0.131140 0.071916 0.259456
0.128714 0.071582 0.256862
0.127243 0.069479 0.253659
0.125913 0.069597 0.255097
0.132461 0.073568 0.256048
0.130968 0.072345 0.257962
0.131159 0.072186 0.253979
0.134171 0.074888 0.260123
0.130534 0.071942 0.258940
0.123912 0.068640 0.256514
0.130107 0.070619 0.252680
0.132498 0.073434 0.258075
0.133604 0.074306 0.254146
0.126384 0.069764 0.254697
0.134304 0.075367 0.259761
0.127230 0.070426 0.258186
0.129977 0.071382 0.259168
0.131185 0.072716 0.256013
0.133782 0.074983 0.257791
0.133808 0.074810 0.255942
0.126794 0.070222 0.254884
0.129154 0.070699 0.253732
0.125968 0.067659 0.253188
0.129145 0.068288 0.257323
0.128620 0.070996 0.258110
0.128851 0.069204 0.251650
0.130521 0.072163 0.258262
0.131990 0.070434 0.254312
0.125006 0.068945 0.256897
0.130456 0.071180 0.253176
0.133249 0.074315 0.256185
0.132794 0.073759 0.258300
0.132702 0.071409 0.257370
0.126469 0.069899 0.256400
0.127481 0.069514 0.253486
0.133782 0.074697 0.258499
0.129212 0.071733 0.256617
0.131478 0.072759 0.254449
0.129253 0.069967 0.252784
0.130292 0.070235 0.250279
0.128667 0.071385 0.255887
0.131286 0.071840 0.252953
0.124583 0.069179 0.255100
0.126492 0.069224 0.254071
0.133347 0.073997 0.253439
0.130953 0.071400 0.251302
0.133262 0.074080 0.259444
0.126686 0.069278 0.254055
0.127794 0.070969 0.256646
0.127672 0.069518 0.253378
0.131459 0.072129 0.253315
0.132248 0.073149 0.259475
0.126723 0.068899 0.253082
0.131882 0.072410 0.253049
0.126790 0.069371 0.258203
0.134125 0.075435 0.257252
0.126968 0.069778 0.258340
0.128090 0.070957 0.255068
0.133385 0.074426 0.257083
0.132362 0.073142 0.253749
0.130496 0.070614 0.250341
0.129112 0.070098 0.253033
0.126384 0.068467 0.252828
0.129469 0.070098 0.252742
0.129476 0.071929 0.256199
0.124697 0.068321 0.254821
0.126015 0.069256 0.257479
0.131218 0.070649 0.255900
0.130539 0.072340 0.255139
0.126670 0.069893 0.256781
0.125201 0.066783 0.254025
0.132912 0.073754 0.260270
0.131313 0.072768 0.257135
0.130177 0.072265 0.256514
0.133775 0.074909 0.258025
0.130979 0.072608 0.255133
0.130640 0.071155 0.250911
0.134255 0.075034 0.254300
0.131352 0.072761 0.257433
0.131361 0.071628 0.252116
0.124357 0.068920 0.256337
0.134333 0.075410 0.259628
0.126658 0.069989 0.257300
0.131305 0.072210 0.253825
0.132622 0.073404 0.254225
0.130648 0.071219 0.252286
0.129391 0.071838 0.256572
0.131686 0.073041 0.256769
0.131501 0.071524 0.259155
0.124442 0.069048 0.255107
0.128117 0.068730 0.252196
0.132321 0.071003 0.256980
0.132293 0.073148 0.254094
0.126125 0.069421 0.257053
0.129424 0.069822 0.251236
0.127161 0.069983 0.258454
0.132676 0.073677 0.259722
0.131393 0.072016 0.253152
0.132616 0.073371 0.254000
0.134594 0.073291 0.256286
0.128532 0.070675 0.254132
0.129397 0.071147 0.254074
0.127537 0.070526 0.257534
0.130682 0.071137 0.250797
0.128308 0.070864 0.257925
0.128372 0.070450 0.258802
0.129203 0.069543 0.252280
0.130720 0.072369 0.257545
0.132063 0.072918 0.259553
0.125735 0.068385 0.253883
0.127441 0.070677 0.256206
0.128685 0.068931 0.251784
0.128237 0.070230 0.253723
0.130152 0.072033 0.255093
0.130991 0.071567 0.253094
0.129989 0.070204 0.250649
0.124511 0.067057 0.255136
0.129706 0.070175 0.252494
0.129381 0.069711 0.251910
0.133051 0.073670 0.253445
0.132660 0.073249 0.252976
0.127483 0.070366 0.257604
0.127569 0.070830 0.256481
0.131585 0.072946 0.255646
0.134281 0.075250 0.259247
0.125579 0.068593 0.254368
0.125319 0.068444 0.254559
0.130451 0.072399 0.255761
0.126300 0.069084 0.254134
0.128069 0.070780 0.257720
0.129178 0.071711 0.256895
0.131788 0.072073 0.251923
0.128364 0.071147 0.255832
0.133558 0.074322 0.254460
0.127245 0.070693 0.255075
0.131915 0.072870 0.254029
0.128057 0.068623 0.251944
0.129856 0.070603 0.253143
0.124755 0.066706 0.254876
0.133708 0.072506 0.253352
0.127831 0.070876 0.257318
0.128793 0.071472 0.255943
0.129261 0.071733 0.257357
0.126492 0.070124 0.255091
0.130973 0.072600 0.255250
0.128227 0.068683 0.252045
0.129513 0.071831 0.256961
0.125440 0.069514 0.256334
0.132930 0.073585 0.253573
0.124581 0.069016 0.256556
0.130051 0.070412 0.250777
0.124816 0.068945 0.256805
0.125724 0.069663 0.256334
0.133444 0.074146 0.259900
0.126007 0.068309 0.253373
0.134127 0.075233 0.258687
0.127190 0.070425 0.257985
0.131426 0.072731 0.257886
0.132710 0.073818 0.256275
0.133728 0.074519 0.258465
0.128998 0.071211 0.258467
0.127406 0.070536 0.258289
0.131322 0.072769 0.254957
0.134124 0.074908 0.254896
0.132473 0.070800 0.254258
0.129030 0.071231 0.254567
0.128146 0.070908 0.254847
0.132183 0.072668 0.259917
0.132759 0.071260 0.253886
0.127998 0.069661 0.253232
0.132071 0.070896 0.256552
0.130408 0.072041 0.254314
0.127309 0.068571 0.258341
0.127000 0.069059 0.253119
0.128150 0.068843 0.252429
0.129829 0.072074 0.257450
0.133258 0.074167 0.255731
0.133116 0.071593 0.256186
0.132894 0.073508 0.252860
0.132791 0.073633 0.258874
0.132018 0.072820 0.253548
0.125894 0.069122 0.257383
0.128604 0.071450 0.256642
0.127859 0.070901 0.254917
0.130881 0.072085 0.259306
0.134297 0.075115 0.254479
0.133738 0.074486 0.254177
0.131169 0.072031 0.253825
0.130544 0.071997 0.258740
0.133276 0.074334 0.257606
0.133887 0.074609 0.254103
0.132378 0.073277 0.254393
0.133883 0.074893 0.258980
0.130389 0.072308 0.255462
0.129722 0.071887 0.255308
0.129030 0.071579 0.255570
0.131460 0.072906 0.256621
0.125951 0.069118 0.257050
0.127376 0.070616 0.257006
0.134019 0.074984 0.259446
0.129396 0.071797 0.255385
0.129914 0.071793 0.254786
0.131709 0.072590 0.259435
0.123934 0.068763 0.255607
0.132076 0.073118 0.254679
0.133518 0.074450 0.258952
0.132425 0.073358 0.258848
0.124156 0.068466 0.257056
0.129100 0.069524 0.251632
0.134440 0.075261 0.254514
0.131902 0.072983 0.257856
0.131861 0.072825 0.259252
0.132373 0.072893 0.252806
0.128957 0.071096 0.258681
0.129657 0.070068 0.251837
0.133147 0.073761 0.253415
0.132556 0.073325 0.253767
0.127313 0.068617 0.252254
0.132141 0.072155 0.252056
0.131848 0.072905 0.258449
0.131492 0.071888 0.251738
0.131383 0.072491 0.258607
0.132873 0.073804 0.257665
0.129802 0.070297 0.252097
0.130043 0.070607 0.251406
0.130827 0.071345 0.252548
0.130008 0.071212 0.253784
0.128284 0.068785 0.252287
0.132745 0.073598 0.254895
0.130050 0.072174 0.257067
0.134463 0.074443 0.260475
0.132443 0.071069 0.256103
0.129132 0.071619 0.257530
0.127724 0.069648 0.253433
0.131959 0.072868 0.259419
0.133478 0.074232 0.260067
0.127812 0.070140 0.253944
0.129646 0.071489 0.258706
0.125824 0.069109 0.257200
0.124923 0.069204 0.255059
0.130690 0.072232 0.258019
0.130973 0.072242 0.258575
0.123855 0.068709 0.255802
0.133599 0.074508 0.259188
0.126475 0.070235 0.255742
0.133726 0.074800 0.257230
0.125586 0.069076 0.257148
0.131235 0.072641 0.254766
0.131210 0.072456 0.258214
0.127668 0.070698 0.258440
0.131359 0.072692 0.254561
0.131995 0.073241 0.255914
0.132946 0.073921 0.258210
0.132808 0.073865 0.256073
0.129057 0.071315 0.258224
0.132543 0.073194 0.260221
0.125798 0.069059 0.257456
0.133060 0.073751 0.254691
0.125260 0.069402 0.255799
0.134343 0.075407 0.255681
0.130820 0.072125 0.258745
0.131790 0.073122 0.257119
0.133775 0.075003 0.256795
0.133260 0.074197 0.258612
0.124340 0.068914 0.255389
0.133465 0.074299 0.255486
0.130379 0.072394 0.256444
0.132936 0.073671 0.254357
0.125324 0.067380 0.254112
0.130531 0.071581 0.253752
0.131644 0.073011 0.256585
0.132610 0.071606 0.258047
0.127251 0.070498 0.257021
0.132638 0.073713 0.255897
0.131771 0.073069 0.257295
0.133078 0.074071 0.255763
0.132333 0.073369 0.257702
0.126739 0.070062 0.254703
0.128749 0.069017 0.252291
0.130127 0.071213 0.253694
0.126542 0.068668 0.252808
0.132059 0.073290 0.255572
0.132461 0.070928 0.253050
0.126139 0.069115 0.257782
0.132727 0.073668 0.255271
0.132381 0.072737 0.252661
0.131911 0.072851 0.258694
0.127987 0.070728 0.255731
0.128269 0.071072 0.255735
0.132060 0.070250 0.253935
0.133277 0.074202 0.258424
0.124657 0.068932 0.256974
0.133796 0.074899 0.256299
0.131450 0.071763 0.252460
0.132265 0.072976 0.253460
0.132889 0.073936 0.255726
0.128386 0.069009 0.252558
0.127967 0.071004 0.256761
0.133441 0.074349 0.259339
0.130412 0.070800 0.250769
0.134873 0.073536 0.257891
0.131624 0.072816 0.258057
0.127899 0.070674 0.254453
0.127620 0.067934 0.258162
0.127694 0.070532 0.254473
0.134074 0.075211 0.258380
0.125585 0.067688 0.253649
0.133529 0.073553 0.260190
0.124436 0.068147 0.257285
0.128874 0.070022 0.253084
0.130198 0.070680 0.250973
0.130020 0.072136 0.255459
0.125503 0.069445 0.255231
0.129216 0.071714 0.255518
0.133047 0.074098 0.256185
0.133477 0.074574 0.258052
0.128879 0.071509 0.256059
0.127112 0.070585 0.255021
0.123971 0.068759 0.256825
0.130663 0.072002 0.258841
0.127889 0.069016 0.252748
0.131558 0.072888 0.257412
0.126001 0.069865 0.256290
0.124106 0.067947 0.257310
0.133949 0.075205 0.256713
0.128737 0.069293 0.252563
0.134134 0.074910 0.254262
0.129220 0.071163 0.254294
0.127953 0.069931 0.253559
0.132385 0.073360 0.254747
0.134143 0.074937 0.254592
0.125676 0.067838 0.253552
0.132786 0.073513 0.254119
0.128144 0.071141 0.256243
0.130191 0.072199 0.256886
0.134071 0.075108 0.256224
0.124358 0.068899 0.256843
0.131605 0.073039 0.256212
0.127439 0.070649 0.256067
0.130396 0.070910 0.252708
0.133756 0.074572 0.254782
0.127523 0.070345 0.254373
0.130555 0.071940 0.254088
0.131966 0.072156 0.251856
0.127388 0.069095 0.252983
0.128264 0.071144 0.257254
0.130029 0.070038 0.250430
0.128463 0.071053 0.257757
0.133096 0.074132 0.257574
0.133012 0.073990 0.256584
0.134239 0.075228 0.255514
0.129656 0.070062 0.251999
0.134790 0.073644 0.255329
0.132230 0.073367 0.256844
0.128806 0.069155 0.252363
0.131196 0.072595 0.257719
0.129731 0.070132 0.252192
0.133378 0.074344 0.258681
0.131258 0.072298 0.258954
0.130558 0.071703 0.253847
0.135552 0.074186 0.258385
0.133789 0.075001 0.257639
0.130876 0.071484 0.253053
0.132077 0.070940 0.257259
0.130186 0.072151 0.257731
0.129861 0.070295 0.250966
0.125163 0.069203 0.255131
0.134184 0.075085 0.255273
0.132061 0.072997 0.254119
0.129883 0.069833 0.250489
0.133703 0.072315 0.257062
0.133897 0.075082 0.256427
0.128065 0.070651 0.257922
0.132562 0.070124 0.253299
0.129498 0.071876 0.256643
0.130157 0.072190 0.257543
0.130970 0.072605 0.257052
0.126506 0.068129 0.252419
0.125742 0.069736 0.255922
0.130186 0.070758 0.252911
0.126444 0.069568 0.257426
0.129123 0.070257 0.253204
0.128559 0.069165 0.258628
0.135351 0.074462 0.256300
0.128313 0.067278 0.257025
0.132344 0.073441 0.257226
0.128493 0.071246 0.255777
0.125811 0.069343 0.256742
0.132851 0.073631 0.254567
0.124730 0.068918 0.257063
0.132358 0.072933 0.252975
0.124849 0.068047 0.257393
0.132944 0.070062 0.252561
0.132110 0.073021 0.259324
0.129091 0.071632 0.256054
0.133129 0.071593 0.252557
0.126440 0.070234 0.255958
0.130741 0.072431 0.255031
0.132941 0.073910 0.257944
0.127942 0.068724 0.252199
0.125913 0.069490 0.254900
0.131140 0.072682 0.257196
0.124709 0.069164 0.255221
0.133410 0.074124 0.254132
0.129978 0.071777 0.254550
0.129921 0.072071 0.257672
0.128051 0.070219 0.253831
0.130863 0.071203 0.250758
0.126282 0.070060 0.255365
0.128165 0.069718 0.253214
0.133610 0.074641 0.257234
0.126196 0.069498 0.256905
0.127631 0.068547 0.252027
0.126347 0.069617 0.257649
0.129458 0.070567 0.253360
0.133599 0.074256 0.253927
0.131754 0.072886 0.258041
0.125689 0.068839 0.254448
0.126231 0.068876 0.253608
0.133529 0.074634 0.256855
0.132974 0.071712 0.252846
0.124650 0.069353 0.254809
0.130539 0.072492 0.255955
0.133225 0.074111 0.255175
0.132286 0.073406 0.257323
0.126064 0.069651 0.255028
0.133407 0.071758 0.255954
0.132530 0.073581 0.257169
0.126890 0.070130 0.256988
0.131992 0.072685 0.253283
0.133289 0.073956 0.253662
0.127705 0.068945 0.252684
0.132534 0.073408 0.259112
0.133147 0.074114 0.256456
0.126323 0.069827 0.254974
0.130475 0.070948 0.251840
0.128900 0.069170 0.251304
0.131651 0.072885 0.257827
0.127510 0.069671 0.253635
0.130942 0.072590 0.255560
0.132849 0.073835 0.256783
0.131551 0.070574 0.255429
0.127299 0.070528 0.257231
0.130216 0.072189 0.257205
0.130690 0.072278 0.257849
0.128496 0.071301 0.256045
0.127908 0.070764 0.257617
0.132523 0.071156 0.255761
0.133256 0.073939 0.254203
0.127947 0.070952 0.254998
0.129606 0.069849 0.250876
0.132227 0.073248 0.257697
0.128809 0.070405 0.253600
0.127757 0.070954 0.256489
0.133574 0.074715 0.256612
0.129923 0.071782 0.258361
0.130561 0.071025 0.250817
0.132449 0.072653 0.259879
0.133068 0.073649 0.253221
0.131262 0.072693 0.257615
0.132419 0.073113 0.253493
0.126654 0.068339 0.252320
0.129086 0.071690 0.256723
0.127726 0.070660 0.257626
0.131158 0.072229 0.258866
0.129754 0.071626 0.254507
0.131645 0.072672 0.259073
0.134082 0.074872 0.255087
0.132111 0.073082 0.257837
0.126912 0.070246 0.257524
0.131332 0.071638 0.252283
0.127892 0.070583 0.257871
0.129829 0.071814 0.258234
0.129356 0.071585 0.258170
0.127081 0.070480 0.255992
0.128597 0.070854 0.258646
0.128931 0.069253 0.252245
0.128209 0.069429 0.252929
0.131735 0.072988 0.255224
0.130510 0.072473 0.256212
0.131607 0.072831 0.254586
0.128635 0.070128 0.253361
0.127278 0.070484 0.256817
0.132451 0.073072 0.253181
0.130683 0.071989 0.259012
0.126204 0.069454 0.257472
0.130300 0.071951 0.254458
0.132560 0.069499 0.252550
0.134684 0.074813 0.260546
0.129534 0.071940 0.256464
0.133606 0.074061 0.260481
0.133862 0.074672 0.255143
0.133946 0.075180 0.257280
0.131526 0.072881 0.255015
0.133345 0.074341 0.256321
0.131940 0.072486 0.259747
0.127419 0.070683 0.256502
0.132861 0.073584 0.260402
0.132809 0.073790 0.257090
0.132451 0.070719 0.253764
0.133049 0.074094 0.257403
0.130336 0.070970 0.251199
0.126974 0.070053 0.258227
0.126966 0.070206 0.256818
0.131849 0.073168 0.256236
0.130903 0.072527 0.255360
0.130004 0.071781 0.258575
0.134382 0.075461 0.259900
0.129634 0.071319 0.259060
0.133630 0.074557 0.258297
0.128290 0.070310 0.253817
0.129430 0.071907 0.256049
0.135106 0.074001 0.255449
0.133248 0.074039 0.260065
0.126594 0.069968 0.256542
0.127809 0.070924 0.257068
0.133344 0.074284 0.258831
0.134236 0.075521 0.257439
0.132356 0.072319 0.252075
0.132027 0.073238 0.257327
0.129901 0.070425 0.251322
0.131994 0.073235 0.256399
0.125003 0.069196 0.256535
0.129273 0.070317 0.253171
0.134130 0.075414 0.257663
0.130563 0.070786 0.250547
0.128743 0.070990 0.258680
0.131082 0.072633 0.255373
0.126169 0.069605 0.254773
0.128140 0.070099 0.253613
0.130027 0.070735 0.253056
0.129786 0.071596 0.258740
0.126183 0.070052 0.255792
0.133588 0.074434 0.254946
0.133758 0.074917 0.256920
0.129901 0.072086 0.256222
0.128270 0.070913 0.254556
0.132903 0.073823 0.255405
0.129686 0.070286 0.251411
0.133653 0.072253 0.254541
0.134113 0.075047 0.255977
0.128384 0.068653 0.252132
0.126419 0.068572 0.253164
0.131856 0.073040 0.255346
0.126749 0.068763 0.252621
0.132407 0.070855 0.252931
0.131885 0.070887 0.257409
0.129764 0.069955 0.251003
0.131778 0.073092 0.256027
0.127265 0.069850 0.253962
0.135158 0.074122 0.259386
0.131232 0.072197 0.259091
0.123798 0.068331 0.257211
0.126978 0.070170 0.254599
0.132324 0.073393 0.255845
0.126739 0.070077 0.257638
0.131009 0.071945 0.253761
0.129361 0.071766 0.257555
0.130807 0.072473 0.257357
0.130409 0.070888 0.252069
0.125585 0.066969 0.253481
0.131838 0.073145 0.255851
0.131264 0.071688 0.251937
0.124514 0.068569 0.254846
0.131622 0.072938 0.255310
0.132438 0.073513 0.255919
0.130986 0.072510 0.254820
0.130281 0.072172 0.255128
0.133122 0.074045 0.255453
0.131716 0.072977 0.255082
0.133261 0.073965 0.254011
0.124293 0.067977 0.255029
0.130994 0.072342 0.254276
0.132734 0.073273 0.252781
0.125502 0.068730 0.254587
0.129004 0.071461 0.255240
0.133215 0.074261 0.257291
0.132671 0.073425 0.260281
0.133606 0.072037 0.255326
0.130088 0.070643 0.251204
0.132805 0.073409 0.253227
0.127434 0.069644 0.258565
0.132585 0.073684 0.256400
0.131365 0.072769 0.255713
0.128792 0.071176 0.254657
0.131083 0.072206 0.259022
0.129357 0.069801 0.251631
0.129431 0.071397 0.258627
0.128556 0.070368 0.253743
0.124963 0.068718 0.257192
0.128734 0.069051 0.251452
0.131354 0.071739 0.251267
0.131687 0.073092 0.256413
0.129235 0.069666 0.251565
0.128841 0.071637 0.257001
0.130343 0.070603 0.250572
0.130711 0.072506 0.256425
0.135197 0.074101 0.256410
0.125460 0.069261 0.255109
0.126763 0.070349 0.255209
0.127519 0.070735 0.257044
0.124106 0.068848 0.256885
0.131125 0.072282 0.258760
0.128593 0.069819 0.253021
0.131732 0.072976 0.255452
0.132062 0.070890 0.256879
0.130741 0.072527 0.256774
0.128776 0.070888 0.254254
0.129544 0.071508 0.254565
0.130809 0.072370 0.254788
0.130903 0.072370 0.257711
0.124058 0.068258 0.257098
0.124036 0.068691 0.256971
0.130648 0.070443 0.258655
0.133713 0.074775 0.258211
0.132547 0.073147 0.252954
0.129523 0.070335 0.253003
0.132652 0.073640 0.259547
0.131789 0.073003 0.257585
0.130491 0.070393 0.250171
0.133836 0.074842 0.259362
0.130723 0.072282 0.254575
0.127470 0.070675 0.257187
0.125955 0.068797 0.253911
0.134147 0.075210 0.256388
0.124445 0.069047 0.254905
0.125783 0.069167 0.254694
0.129028 0.071656 0.257073
0.124100 0.068903 0.255836
0.126048 0.069718 0.256557
0.127130 0.070224 0.254506
0.126532 0.068287 0.252480
0.125785 0.069538 0.256594
0.132381 0.073009 0.253311
0.129835 0.070324 0.252311
0.131243 0.072798 0.256716
0.129758 0.071991 0.255711
0.128651 0.070991 0.258321
0.125110 0.068068 0.254624
0.132996 0.073790 0.255008
0.130573 0.072100 0.258434
0.130799 0.072157 0.258484
0.127445 0.069776 0.253795
0.131981 0.073073 0.255034
0.133081 0.073928 0.255203
0.133674 0.074367 0.260251
0.129959 0.071613 0.254212
0.128425 0.068664 0.251670
0.127996 0.069129 0.252893
0.130837 0.072510 0.257177
0.129112 0.071661 0.255836
0.125324 0.069015 0.257061
0.129426 0.069522 0.250740
0.129506 0.071940 0.255628
0.131677 0.072921 0.254754
0.125363 0.069515 0.256037
0.131897 0.073199 0.257104
0.131480 0.072281 0.253591
0.125002 0.068263 0.257370
0.126037 0.069959 0.256061
0.128463 0.071189 0.255519
0.129312 0.071653 0.257771
0.132136 0.072516 0.252788
0.130684 0.070880 0.258960
0.132741 0.073573 0.254723
0.133408 0.074283 0.255063
0.126378 0.070019 0.255121
0.133947 0.074933 0.256056
0.129553 0.071680 0.258206
0.130327 0.072022 0.258308
0.133231 0.074304 0.257452
0.130065 0.070663 0.251574
0.128563 0.071212 0.255125
0.125901 0.069894 0.255388
0.130486 0.072300 0.257501
0.124908 0.069230 0.256458
0.133109 0.073947 0.258856
0.133407 0.074349 0.255745
0.131699 0.070763 0.257137
0.134041 0.075138 0.258456
0.130210 0.070590 0.250759
0.131026 0.072681 0.256722
0.133828 0.074585 0.254376
0.129780 0.070617 0.253271
0.126942 0.070410 0.255816
0.126722 0.069861 0.254405
0.133320 0.074391 0.258003
0.133054 0.073946 0.256731
0.127773 0.068844 0.252444
0.127202 0.068464 0.252169
0.129384 0.071214 0.258943
0.129643 0.070577 0.253286
0.132912 0.073672 0.254842
0.133216 0.074231 0.256329
0.128603 0.068942 0.252311
0.130587 0.072175 0.254785
0.128894 0.070863 0.254123
0.130970 0.071725 0.253312
0.129711 0.071166 0.253880
0.129060 0.069218 0.251149
0.127499 0.070551 0.258475
0.129451 0.069911 0.251647
0.124565 0.069025 0.255577
0.126300 0.069581 0.254551
0.125735 0.069158 0.256913
0.130189 0.071418 0.253827
0.129113 0.071117 0.258766
0.130516 0.071346 0.253328
0.131057 0.072207 0.259245
0.132971 0.073675 0.254689
0.128804 0.071315 0.255067
0.130321 0.071210 0.253378
0.133038 0.073935 0.257044
0.129676 0.071685 0.254767
0.129299 0.071825 0.255925
0.132871 0.073796 0.258160
0.132709 0.073380 0.254131
0.132253 0.073122 0.259666
0.132088 0.073274 0.256582
0.126815 0.068880 0.252836
0.132066 0.072919 0.253783
0.133777 0.074908 0.257867
0.128452 0.070925 0.258156
0.132812 0.073745 0.259368
0.125643 0.069293 0.254959
0.133613 0.074665 0.257575
0.133572 0.074353 0.255405
0.124926 0.067435 0.254718
0.130467 0.071402 0.253486
0.130864 0.071327 0.251493
0.131697 0.072707 0.258241
0.129944 0.071651 0.254269
0.131474 0.072781 0.254683
0.129268 0.070544 0.253435
0.130149 0.071902 0.258294
0.132209 0.073383 0.255728
0.125404 0.069529 0.255890
0.129672 0.070876 0.253689
0.131424 0.072915 0.256173
0.133510 0.074530 0.256403
0.124172 0.068844 0.256667
0.126691 0.070290 0.256234
0.133273 0.074138 0.255035
0.132682 0.073296 0.253195
0.129952 0.072144 0.256105
0.130149 0.072205 0.256649
0.132281 0.070881 0.255636
0.131856 0.070275 0.254445
0.132825 0.073502 0.253515
0.127254 0.069120 0.253140
0.128723 0.070475 0.253821
0.124990 0.068493 0.257277
0.132807 0.073832 0.255599
0.126346 0.070151 0.255528
0.130303 0.070701 0.252264
0.134017 0.075296 0.257453
0.126144 0.069982 0.256200
0.130324 0.072210 0.257600
0.129429 0.071497 0.258399
0.126082 0.068911 0.253872
0.130078 0.071992 0.258152
0.128733 0.069042 0.251683
0.129395 0.069757 0.252142
0.126499 0.069698 0.257269
0.132594 0.071030 0.255501
0.129670 0.070771 0.253493
0.130385 0.070966 0.251338
0.132588 0.073542 0.258520
0.133452 0.074357 0.259564
0.128883 0.071505 0.257360
0.127156 0.070360 0.257357
0.131729 0.072053 0.251795
0.132878 0.073769 0.257376
0.134118 0.075286 0.258100
0.124229 0.068767 0.256957
0.131093 0.072639 0.255684
0.133940 0.074662 0.259891
0.127715 0.069821 0.253615
0.125424 0.069493 0.255434
0.125021 0.069200 0.255220
0.129492 0.071368 0.258788
0.130912 0.072643 0.255848
0.128565 0.070977 0.258185
0.127586 0.070796 0.256184
0.124533 0.069030 0.255332
0.129407 0.069638 0.250872
0.131298 0.071678 0.252493
0.129586 0.071944 0.255536
0.128966 0.071533 0.255778
0.127072 0.067832 0.258063
0.132007 0.072280 0.259687
0.134306 0.075136 0.254769
0.131649 0.072883 0.257601
0.134028 0.074734 0.254368
0.133529 0.074522 0.256668
0.131506 0.072513 0.259229
0.132197 0.072360 0.252491
0.134190 0.074988 0.254136
0.133641 0.074833 0.256843
0.131522 0.072674 0.258201
0.131405 0.070759 0.256427
0.131509 0.072898 0.256047
0.130529 0.072008 0.258578
0.132614 0.072838 0.252415
0.133566 0.074551 0.255855
0.133310 0.073903 0.253232
0.132725 0.070714 0.252913
0.134126 0.075372 0.256746
0.127056 0.070325 0.257600
0.130778 0.071746 0.253590
0.129356 0.071842 0.255668
0.125566 0.069670 0.255508
0.128054 0.070346 0.254036
0.128996 0.070412 0.253450
0.130503 0.072408 0.256806
0.135229 0.074177 0.255505
0.131582 0.072787 0.254400
0.124418 0.068833 0.254864
0.130895 0.071365 0.250942
0.130944 0.072487 0.257568
0.132163 0.073251 0.257552
0.132966 0.071180 0.252725
0.134221 0.073287 0.258931
0.133042 0.070467 0.252887
0.128457 0.068838 0.252266
0.129104 0.069385 0.251230
0.130046 0.071916 0.254959
0.125390 0.067650 0.254350
0.126544 0.069059 0.253556
0.125733 0.069793 0.255418
0.126476 0.070154 0.255237
0.124876 0.066367 0.254768
0.130601 0.072391 0.255249
0.127151 0.069181 0.253394
0.133335 0.074220 0.255302
0.132393 0.069715 0.253163
0.126223 0.069157 0.254281
0.129479 0.071687 0.258109
0.127299 0.070572 0.255890
0.130238 0.072109 0.258084
0.129694 0.071336 0.254162
0.133420 0.074329 0.258558
0.132014 0.070616 0.254584
0.128480 0.071176 0.255275
0.132626 0.073555 0.257977
0.127104 0.070245 0.258294
0.123655 0.068525 0.255679
0.127562 0.069212 0.253106
0.130355 0.070841 0.252533
0.133896 0.074494 0.260313
0.132266 0.073213 0.258731
0.127934 0.070745 0.255452
0.127273 0.070464 0.258087
0.125997 0.069447 0.254731
0.125725 0.068587 0.254281
0.130487 0.072109 0.254562
0.130379 0.072252 0.257123
0.131515 0.073004 0.256318
0.124474 0.069098 0.256145
0.132869 0.073043 0.260093
0.129263 0.069802 0.252538
0.125563 0.069584 0.256236
0.132509 0.070872 0.252918
0.128637 0.071371 0.256255
0.127302 0.070165 0.254280
0.127225 0.070468 0.256484
0.128477 0.069075 0.252626
0.124614 0.067607 0.254941
0.129631 0.071882 0.255368
0.132949 0.073886 0.256908
0.129831 0.071664 0.258461
0.133911 0.075088 0.257992
0.124552 0.069240 0.255898
0.133871 0.074836 0.258485
0.134156 0.075466 0.257818
0.130682 0.072532 0.255730
0.127966 0.070609 0.258610
0.133162 0.073551 0.260517
0.133076 0.073698 0.253891
0.128614 0.071061 0.254597
0.125106 0.069298 0.256465
0.125616 0.067896 0.253786
0.134238 0.075454 0.258198
0.130340 0.070798 0.251895
0.135213 0.073917 0.258797
0.127402 0.069214 0.253238
0.131480 0.072192 0.253441
0.126893 0.070154 0.257951
0.128617 0.069086 0.252552
0.130858 0.071858 0.253773
0.124212 0.068430 0.254994
0.126086 0.069287 0.257190
0.128359 0.068913 0.252416
0.134727 0.074285 0.260104
0.129605 0.071745 0.255025
0.128774 0.070092 0.253236
0.126253 0.069897 0.256384
0.128688 0.071283 0.255225
0.123518 0.068348 0.256851
0.132349 0.071005 0.256569
0.127297 0.070624 0.254875
0.123748 0.068581 0.256784
0.125377 0.069159 0.255030
0.129722 0.070259 0.251753
0.128487 0.071310 0.257205
0.123793 0.068109 0.255298
0.131525 0.072002 0.252955
0.131237 0.070622 0.256697
0.130579 0.071123 0.252066
0.123697 0.068407 0.257070
0.132367 0.072392 0.252282
0.129296 0.071690 0.257637
0.134027 0.074873 0.259700
0.125658 0.069639 0.256160
0.127121 0.069891 0.254038
0.133742 0.074812 0.256157
0.131241 0.072618 0.254628
0.132385 0.071118 0.257241
0.123640 0.068466 0.256191
0.126466 0.069768 0.257020
0.128453 0.071256 0.257341
0.134232 0.075252 0.256222
0.128318 0.069981 0.253360
0.132967 0.073948 0.257477
0.130652 0.072329 0.257622
0.126293 0.069106 0.253990
0.131975 0.072599 0.253193
0.125711 0.068559 0.254129
0.129075 0.069482 0.251434
0.131580 0.071870 0.252432
0.126203 0.069566 0.257608
0.131329 0.070749 0.256035
0.130533 0.072350 0.255350
0.126933 0.068629 0.252380
0.133756 0.074666 0.258750
0.128715 0.069578 0.252767
0.130971 0.072136 0.254097
0.128468 0.070163 0.253536
0.134082 0.074743 0.260006
0.129459 0.069875 0.252333
0.131170 0.072713 0.256908
0.128293 0.070837 0.258263
0.131714 0.072223 0.253084
0.133036 0.073593 0.260542
0.130745 0.072285 0.254387
0.132875 0.073468 0.253045
0.131381 0.072441 0.258764
0.132826 0.073881 0.255840
0.132740 0.073708 0.256659
0.131693 0.071978 0.252022
0.132609 0.073521 0.258808
0.132646 0.073588 0.258235
0.133176 0.074243 0.256064
0.124164 0.068928 0.255615
0.127052 0.070563 0.255189
0.125890 0.069766 0.255231
0.123476 0.068316 0.256682
0.127119 0.070032 0.254230
0.132576 0.073555 0.259799
0.129178 0.071674 0.255640
0.129503 0.071794 0.257762
0.134657 0.075177 0.260568
0.130446 0.071873 0.259179
0.130350 0.071931 0.254686
0.126984 0.069924 0.254176
0.133995 0.074385 0.260470
0.130116 0.070188 0.250432
0.133379 0.074515 0.257962
0.133680 0.074478 0.254579
0.124892 0.066784 0.254614
0.132567 0.073209 0.253185
0.134391 0.075221 0.254897
0.132606 0.073314 0.253514
0.126990 0.069249 0.253687
0.131855 0.072414 0.253250
0.128483 0.071357 0.256488
0.126051 0.068511 0.253492
0.133323 0.074042 0.254659
0.127694 0.070809 0.256052
0.132434 0.073495 0.257605
0.132288 0.073440 0.256136
0.129873 0.070517 0.252862
0.128760 0.070683 0.254002
0.131386 0.072845 0.255927
0.132353 0.072549 0.252486
0.133267 0.071838 0.254236
0.129786 0.071892 0.255166
0.133421 0.074515 0.257766
0.130268 0.070806 0.251695
0.131974 0.073239 0.256874
0.132704 0.073636 0.259907
0.130546 0.072425 0.255541
0.126785 0.070160 0.257416
0.132044 0.073206 0.255268
0.132124 0.073327 0.257117
0.127417 0.070740 0.255015
0.129584 0.071517 0.258563
0.124908 0.068281 0.254769
0.126086 0.069323 0.254532
0.125957 0.069235 0.256924
0.126235 0.069045 0.253823
0.133016 0.073982 0.257246
0.126241 0.067454 0.252978
0.133690 0.074416 0.253627
0.132669 0.071012 0.254282
0.132502 0.073185 0.253428
0.133024 0.073866 0.258917
0.125905 0.069053 0.254445
0.129750 0.071933 0.257855
0.127903 0.070947 0.256930
0.127024 0.070318 0.257769
0.128020 0.068551 0.251803
0.132240 0.073329 0.255033
0.130312 0.071738 0.254026
0.132397 0.073512 0.255483
0.132643 0.070966 0.254625
0.131834 0.073018 0.254932
0.127908 0.066512 0.255288
0.126427 0.068750 0.253303
0.130710 0.072477 0.255431
0.131769 0.072135 0.252674
0.130567 0.071123 0.252536
0.127418 0.070517 0.254649
0.129457 0.071924 0.255881
0.132243 0.073422 0.255542
0.131722 0.072024 0.252489
0.133888 0.075111 0.257778
0.127351 0.070622 0.255491
0.129996 0.069738 0.258318
0.125321 0.067065 0.253841
0.133925 0.075004 0.256209
0.132218 0.073096 0.254095
0.125168 0.066324 0.254253
0.123606 0.068171 0.257197
0.130275 0.072169 0.257876
0.132747 0.071321 0.256143
0.124585 0.069247 0.254880
0.130014 0.071745 0.258800
0.128924 0.069213 0.251820
0.132837 0.073577 0.254225
0.126488 0.068499 0.257990
0.134391 0.075479 0.258910
0.125547 0.069476 0.256493
0.128729 0.071314 0.257597
0.127663 0.070738 0.255343
0.133584 0.074548 0.255997
0.126979 0.070069 0.254399
0.129968 0.070886 0.253362
0.134028 0.074975 0.255835
0.125952 0.069930 0.255582
0.129193 0.070930 0.259008
0.131881 0.072310 0.252835
0.131199 0.070376 0.255650
0.131204 0.072372 0.258491
0.126423 0.067636 0.252785
0.133658 0.074678 0.255993
0.131875 0.072679 0.259554
0.131260 0.072788 0.255462
0.126961 0.068854 0.252601
0.126569 0.068694 0.253046
0.130093 0.070590 0.251063
0.133374 0.074303 0.259104
0.129365 0.071539 0.254800
0.130144 0.070353 0.250589
0.124682 0.069139 0.256469
0.132697 0.073685 0.257381
0.128301 0.071214 0.256374
0.132815 0.073688 0.255066
0.133431 0.074133 0.253656
0.124159 0.068890 0.256819
0.130589 0.071808 0.259296
0.132603 0.073504 0.254708
0.134289 0.075509 0.256873
0.124369 0.069115 0.255957
0.129625 0.069714 0.250670
0.129674 0.070209 0.251306
0.132683 0.073059 0.252569
0.132809 0.071566 0.253039
0.134777 0.074589 0.260459
0.126538 0.069812 0.257496
0.128730 0.071456 0.256582
0.130625 0.071988 0.259176
0.124686 0.068685 0.257136
0.130573 0.072205 0.254426
0.133929 0.075115 0.256972
0.131564 0.072921 0.257156
0.130637 0.071069 0.251586
0.127025 0.069478 0.253850
0.129285 0.069665 0.251836
0.131640 0.072616 0.259301
0.132222 0.072209 0.252251
0.131414 0.072841 0.255325
0.124697 0.069304 0.254795
0.134045 0.075040 0.259204
0.132253 0.073135 0.254251
0.134415 0.075507 0.260206
0.132241 0.073190 0.258918
0.129403 0.070807 0.253708
0.124851 0.069329 0.256093
0.128299 0.070987 0.254773
0.133045 0.071899 0.253092
0.133007 0.073708 0.254458
0.133795 0.074676 0.255374
0.128982 0.069751 0.252735
0.133687 0.074426 0.253785
0.132762 0.073218 0.252572
0.131958 0.072955 0.254268
0.128270 0.071028 0.255291
0.133721 0.074937 0.256558
0.133140 0.073953 0.256862
0.133754 0.074905 0.257060
0.126501 0.069777 0.254535
0.132041 0.073111 0.257671
0.126862 0.069010 0.253061
0.132860 0.071496 0.252839
0.133128 0.074007 0.259628
0.131778 0.073114 0.256962
0.130691 0.071183 0.251828
0.134283 0.075341 0.256372
0.127552 0.070635 0.258342
0.125446 0.068905 0.257293
0.128791 0.071352 0.255247
0.132362 0.073160 0.253902
0.133775 0.074755 0.259122
0.129854 0.070403 0.251903
0.125022 0.069123 0.255661
0.127455 0.069996 0.254014
0.128495 0.071410 0.256823
0.126156 0.070041 0.255556
0.129647 0.071417 0.258945
0.124140 0.068268 0.257101
0.127546 0.070535 0.257835
0.133514 0.074559 0.257495
0.134337 0.075398 0.260154
0.129137 0.071499 0.254999
0.128001 0.067508 0.257488
0.131292 0.072311 0.259206
0.135319 0.074366 0.255727
0.134253 0.075200 0.260051
0.132907 0.071288 0.255724
0.127131 0.070296 0.254718
0.133000 0.073819 0.259040
0.131797 0.072922 0.254597
0.127643 0.070745 0.257278
0.124660 0.069110 0.254789
0.131476 0.072819 0.257646
0.129908 0.070504 0.251503
0.123832 0.068568 0.255435
0.132950 0.073874 0.258489
0.129295 0.071367 0.254516
0.133446 0.074265 0.254835
0.127588 0.070587 0.258167
0.124856 0.069005 0.256717
0.129315 0.070634 0.253540
0.123923 0.068404 0.255219
0.125011 0.066874 0.254374
0.128087 0.068644 0.258519
0.133615 0.074410 0.254725
0.131763 0.072598 0.253743
0.132713 0.073551 0.259086
0.131106 0.072322 0.254137
0.124131 0.068772 0.256390
0.129675 0.072027 0.256573
0.127547 0.070476 0.254557
0.129257 0.069529 0.251061
0.131066 0.071450 0.252476
0.125727 0.068861 0.254796
0.128253 0.070560 0.258662
0.131102 0.071524 0.251110
0.131018 0.071518 0.251491
0.129091 0.069413 0.252211
0.132064 0.072487 0.259845
0.130663 0.072299 0.254909
0.127050 0.070368 0.256367
0.125338 0.067252 0.253888
0.128009 0.071045 0.256138
0.126382 0.069703 0.256816
0.132076 0.072124 0.252392
0.127449 0.069025 0.252850
0.123919 0.068318 0.257240
0.129119 0.071520 0.257683
0.128252 0.069878 0.253281
0.131733 0.072441 0.259576
0.128050 0.071013 0.257291
0.129602 0.070017 0.251257
0.128331 0.070988 0.257582
0.130478 0.072232 0.254996
0.133377 0.074336 0.258236
0.133470 0.074227 0.254619
0.130209 0.070518 0.252098
0.130555 0.072213 0.258119
0.133005 0.073957 0.255634
0.130442 0.070896 0.250939
0.125920 0.069860 0.255870
0.129137 0.069386 0.252048
0.129190 0.070577 0.253580
0.131907 0.070617 0.255166
0.131770 0.072865 0.254383
0.131886 0.072879 0.254138
0.132367 0.070839 0.255192
0.125538 0.069611 0.256063
0.130022 0.070508 0.250978
0.132732 0.073608 0.260165
0.131656 0.072587 0.253906
0.131749 0.072789 0.258646
0.132475 0.073478 0.256651
0.131063 0.072467 0.257791
0.129468 0.071325 0.254281
0.130790 0.072503 0.255224
0.132551 0.072999 0.252680
0.129400 0.071672 0.257961
0.126125 0.069922 0.255299
0.126733 0.070330 0.255642
0.125156 0.069413 0.256278
0.126039 0.069304 0.257600
0.130288 0.072315 0.255920
0.131381 0.072831 0.255491
0.129436 0.069906 0.251468
0.127148 0.068991 0.252829
0.131020 0.071567 0.251949
0.132275 0.073085 0.259203
0.128791 0.069822 0.252910
0.128754 0.071055 0.258094
0.131943 0.073052 0.254731
0.133975 0.075183 0.257645
0.128578 0.071237 0.257574
0.135300 0.074390 0.255285
0.132449 0.073378 0.259439
0.129087 0.071183 0.254408
0.130730 0.071367 0.253050
0.125340 0.069306 0.255243
0.124723 0.067303 0.254924
0.130733 0.071916 0.253980
0.129566 0.069885 0.251066
0.127609 0.069966 0.253884
0.128355 0.071256 0.256544
0.125335 0.069190 0.256694
0.129764 0.070151 0.251064
0.129941 0.070305 0.250840
0.131886 0.068927 0.252739
0.134321 0.074643 0.260483
0.133866 0.074645 0.254559
0.131335 0.072654 0.254408
0.131827 0.072050 0.252042
0.127123 0.070567 0.255400
0.132418 0.073239 0.254068
0.131436 0.070687 0.256879
0.129776 0.072033 0.255637
0.127619 0.068667 0.252185
0.124071 0.067058 0.255390
0.127059 0.069065 0.253235
0.129822 0.070368 0.251210
0.127799 0.070942 0.256216
0.129774 0.070367 0.251541
0.131090 0.071559 0.252784
0.133029 0.073705 0.254096
0.133496 0.074307 0.258407
0.126338 0.069465 0.257851
0.127633 0.070844 0.256942
0.127606 0.070138 0.254114
0.130068 0.071714 0.254195
0.132080 0.073015 0.258753
0.128963 0.071663 0.256856
0.130289 0.070847 0.251110
0.126438 0.068975 0.253508
0.129150 0.071496 0.257935
0.135432 0.074248 0.257441
0.126094 0.069021 0.254181
0.131498 0.072505 0.254015
0.129635 0.072010 0.256235
0.129765 0.071767 0.254958
0.134151 0.074915 0.259935
0.132358 0.073432 0.257052
0.125216 0.067525 0.254476
0.132952 0.073794 0.258668
0.130319 0.072252 0.257349
0.128289 0.070401 0.258778
0.133712 0.074431 0.253945
0.125604 0.069020 0.254848
0.130846 0.071387 0.251807
0.127608 0.070861 0.256677
0.131853 0.073033 0.255176
0.132795 0.073847 0.256499
0.132915 0.071678 0.257712
0.130544 0.072434 0.256594
0.131151 0.072428 0.254203
0.132192 0.073356 0.255353
0.133424 0.074471 0.256215
0.131631 0.070807 0.257672
0.131913 0.072059 0.252230
0.128484 0.068782 0.252014
0.132911 0.071530 0.253713
0.129484 0.071868 0.257394
0.126568 0.070266 0.256110
0.130102 0.070378 0.258815
0.128424 0.071102 0.254946
0.126943 0.070448 0.255532
0.128863 0.071582 0.257203
0.128895 0.071141 0.258322
0.132407 0.073529 0.255716
0.129508 0.071894 0.256533
0.129744 0.072058 0.256116
0.132834 0.073663 0.259018
0.128567 0.071503 0.256991
0.130128 0.071815 0.254707
0.131221 0.071630 0.251188
0.132263 0.068537 0.251535
0.128449 0.071015 0.254640
0.125713 0.069751 0.255666
0.132435 0.073460 0.256861
0.133035 0.074015 0.257830
0.127644 0.070718 0.255910
0.127850 0.070485 0.254330
0.129496 0.071601 0.254920
0.124777 0.069099 0.255554
0.129264 0.071794 0.256361
0.132728 0.073633 0.257852
0.130956 0.072307 0.258293
0.128846 0.071581 0.256674
0.134091 0.075072 0.259342
0.133316 0.074131 0.254910
0.129889 0.072100 0.256643
0.133112 0.073951 0.259924
0.130291 0.070680 0.252486
0.129477 0.069876 0.251858
0.129107 0.071060 0.258872
0.126415 0.068126 0.252696
0.134115 0.075255 0.258408
0.133461 0.074521 0.257278
0.132976 0.073875 0.259419
0.127485 0.070738 0.256319
0.126477 0.070189 0.256176
0.132207 0.073226 0.254743
0.131416 0.067987 0.252268
0.123971 0.068402 0.257118
0.133157 0.073746 0.253088
0.132047 0.073067 0.258346
0.133275 0.073927 0.254509
0.126753 0.070214 0.256416
0.126761 0.069626 0.254140
0.131470 0.071862 0.252713
0.127278 0.069357 0.253484
0.131663 0.071890 0.252213
0.130192 0.071861 0.254292
0.125945 0.068880 0.254083
0.133919 0.074840 0.255708
0.125130 0.067749 0.254566
0.131441 0.072477 0.259027
0.132658 0.073507 0.258972
0.131583 0.072976 0.255817
0.130098 0.070926 0.253242
0.133877 0.074507 0.260115
0.134253 0.075567 0.257082
0.133587 0.074628 0.256173
0.131163 0.071535 0.250889
0.130317 0.072251 0.255594
0.128390 0.070808 0.258450
0.127117 0.070326 0.256728
0.130877 0.071019 0.250536
0.132362 0.073496 0.256277
0.129674 0.071952 0.257466
0.132766 0.073856 0.255708
0.128770 0.071245 0.254846
0.125552 0.068154 0.254089
0.125788 0.069779 0.256109
0.126335 0.069404 0.254367
0.134306 0.075140 0.255023
0.132345 0.073225 0.259111
0.126729 0.070164 0.254854
0.130804 0.072638 0.256038
0.123895 0.068617 0.256326
0.130840 0.072299 0.258225
0.133623 0.074439 0.258527
0.127102 0.070438 0.254866
0.125958 0.067284 0.253151
0.132225 0.073068 0.253950
0.130968 0.071863 0.253563
0.126648 0.069187 0.253869
0.134277 0.075436 0.256583
0.132877 0.073493 0.253740
0.123461 0.068388 0.255919
0.124593 0.069251 0.256057
0.129228 0.071296 0.258523
0.132938 0.073775 0.258803
0.128483 0.070901 0.254448
0.128018 0.069507 0.253071
0.130370 0.072394 0.256075
0.125428 0.069106 0.256889
0.126355 0.069506 0.254457
0.130583 0.070661 0.250242
0.128070 0.071056 0.257025
0.133242 0.073953 0.254702
0.129915 0.071665 0.258711
0.132573 0.073543 0.258393
0.132441 0.073343 0.254596
0.128284 0.069754 0.253143
0.128855 0.071467 0.255790
0.124358 0.066677 0.255359
0.128771 0.071410 0.255602
0.128200 0.068573 0.251746
0.130473 0.072217 0.257884
0.132745 0.073657 0.257554
0.128392 0.070728 0.254249
0.133187 0.074056 0.258991
0.127897 0.069254 0.252975
0.131584 0.072633 0.258610
0.130297 0.072351 0.256323
0.131166 0.072173 0.259396
0.133652 0.074803 0.257808
0.133898 0.074868 0.258763
0.127911 0.069798 0.253423
0.131299 0.072560 0.258018
0.130153 0.071606 0.259072
0.126975 0.070287 0.256540
0.132159 0.072048 0.259332
0.127950 0.070894 0.255909
0.131138 0.072710 0.255858
0.134112 0.075128 0.256079
0.127172 0.069496 0.253763
0.130391 0.071981 0.258568
0.131020 0.072576 0.254987
0.131163 0.071674 0.251684
0.124591 0.066773 0.255115
0.129329 0.071781 0.256854
0.129673 0.071975 0.257068
0.128964 0.070266 0.253318
0.128145 0.071010 0.256817
0.134015 0.075048 0.258904
0.131148 0.071978 0.253582
0.126585 0.069412 0.254170
0.131109 0.071537 0.252232
0.132688 0.071259 0.256490
0.133325 0.074029 0.253837
0.125564 0.069270 0.256708
0.126846 0.069810 0.254179
0.129247 0.070926 0.253933
0.132407 0.072921 0.260107
0.132974 0.070703 0.252843
0.130924 0.071457 0.252821
0.127668 0.070572 0.257933
0.131793 0.069768 0.253829
0.126438 0.069101 0.253762
0.124058 0.068772 0.255420
0.132243 0.070426 0.253928
0.131030 0.071360 0.250817
0.131276 0.072068 0.253607
0.130679 0.072568 0.255993
0.133628 0.074411 0.258352
0.130927 0.072645 0.256530
0.133308 0.072079 0.253401
0.133210 0.073811 0.253320
0.130537 0.072458 0.256408
0.133716 0.074453 0.260019
0.130111 0.071092 0.253521
0.129229 0.069555 0.252130
0.129590 0.070114 0.251581
0.125148 0.069154 0.254972
0.125469 0.067484 0.253766
0.132089 0.073017 0.259091
0.129576 0.069948 0.252178
0.128735 0.071453 0.256130
0.133789 0.074737 0.259566
0.123659 0.068449 0.256345
0.129236 0.069827 0.258751
0.133035 0.071158 0.252392
0.130724 0.072237 0.258252
0.128242 0.070865 0.257518
0.127846 0.070734 0.258373
0.127252 0.070407 0.257798
0.127878 0.070026 0.253718
0.133596 0.074529 0.259538
0.123867 0.068620 0.256114
0.131159 0.071596 0.251384
0.126377 0.070097 0.256180
0.135060 0.074079 0.254913
0.131712 0.071969 0.252364
0.124072 0.068301 0.257071
0.126808 0.070078 0.256747
0.126547 0.069606 0.257929
0.132278 0.073387 0.256701
0.124096 0.068229 0.257241
0.131752 0.071990 0.252143
0.127961 0.071047 0.256321
0.133687 0.074588 0.255471
0.127022 0.070231 0.258221
0.126250 0.070110 0.255986
0.129661 0.070072 0.252351
0.131318 0.072053 0.253391
0.133097 0.071753 0.257338
0.133411 0.074448 0.256019
0.125906 0.068074 0.253299
0.128951 0.071552 0.255932
0.131699 0.072336 0.253327
0.127968 0.071060 0.256530
0.130753 0.072543 0.256580
0.132835 0.073796 0.259516
0.125259 0.069425 0.256407
0.128683 0.070235 0.253475
0.126944 0.070250 0.254787
0.130091 0.072204 0.255922
0.132500 0.073289 0.253909
0.125090 0.068385 0.254717
0.124071 0.068695 0.255258
0.132058 0.073294 0.255784
0.131185 0.072785 0.256180
0.134094 0.074611 0.260373
0.133056 0.073846 0.259246
0.133055 0.070435 0.252702
0.130663 0.071244 0.252804
0.128561 0.070007 0.253239
0.126883 0.070371 0.256170
0.125778 0.068014 0.253492
0.127193 0.068806 0.252483
0.131411 0.072248 0.253671
0.127903 0.070418 0.254237
0.130881 0.070147 0.257182
0.126741 0.069597 0.258131
0.128830 0.071437 0.255425
0.129929 0.070099 0.250626
0.127297 0.070329 0.258443
0.127771 0.070935 0.256823
0.125576 0.068540 0.257545
0.132890 0.073937 0.256351
0.128305 0.071092 0.257454
0.132653 0.073656 0.255466
0.129313 0.070147 0.252928
0.133158 0.073943 0.259128
0.129976 0.072122 0.256372
0.127910 0.070620 0.258107
0.133912 0.074980 0.258312
0.130955 0.071486 0.251655
0.131677 0.072074 0.253019
0.131851 0.073131 0.256762
0.124855 0.068566 0.254781
0.134037 0.075318 0.256693
0.126890 0.070144 0.256866
0.133431 0.074392 0.256822
0.132001 0.072255 0.252644
0.132144 0.073134 0.254488
0.130755 0.070860 0.250400
0.127367 0.070698 0.255250
0.133548 0.072272 0.253192
0.133413 0.074137 0.260333
0.128813 0.071062 0.254445
0.129928 0.070429 0.252215
0.130747 0.071204 0.251358
0.124435 0.068287 0.254904
0.133692 0.074587 0.258919
0.126892 0.069047 0.253316
0.133220 0.073989 0.259794
0.134057 0.075272 0.256567
0.131145 0.072652 0.254939
0.131368 0.072135 0.259488
0.125360 0.069435 0.255602
0.132944 0.073825 0.255245
0.128945 0.069355 0.252386
0.131548 0.072080 0.259523
0.132873 0.072460 0.259198
0.127411 0.069323 0.253346
0.133649 0.074503 0.255251
0.132060 0.070898 0.256148
0.128777 0.071064 0.258616
0.132329 0.073417 0.256553
0.132199 0.073360 0.256003
0.127836 0.070379 0.258698
0.127394 0.070503 0.258012
0.132129 0.073123 0.258230
0.128722 0.068999 0.251947
0.129776 0.072054 0.256392
0.132098 0.071098 0.257683
0.127765 0.068508 0.251937
0.133968 0.074711 0.253970
0.123361 0.068320 0.255875
0.127557 0.070675 0.254779
0.133624 0.074648 0.257358
0.130955 0.072582 0.257230
0.131521 0.071689 0.252226
0.132503 0.073065 0.252824
0.131852 0.072759 0.253882
0.132113 0.070722 0.255389
0.125858 0.069685 0.256498
0.130077 0.071361 0.253865
0.128817 0.071103 0.258508
0.133295 0.074096 0.260182
0.125348 0.069350 0.256541
0.132048 0.073045 0.258081
0.132012 0.072982 0.259223
0.130160 0.071606 0.259180
0.128680 0.071316 0.255666
0.132495 0.073237 0.253607
0.128583 0.070349 0.258916
0.133992 0.074727 0.254141
0.124308 0.069094 0.255791
0.124113 0.068262 0.257150
0.132943 0.073961 0.256241
0.129606 0.072001 0.255993
0.134381 0.075438 0.259141
0.128688 0.071564 0.257081
0.126470 0.068605 0.252743
0.134350 0.075291 0.255258
0.128272 0.071196 0.256847
0.128952 0.071520 0.257478
0.123341 0.068023 0.255668
0.128592 0.069376 0.252753
0.131731 0.070841 0.256578
0.125488 0.065898 0.254581
0.132307 0.073263 0.258331
0.124029 0.068022 0.255157
