0.109777 0.023361 0.052507
0.112856 0.022824 0.044367
0.112187 0.026977 0.049144
0.112850 0.031071 0.050013
0.108571 0.025471 0.052700
0.109248 0.030945 0.052703
0.112140 0.023031 0.051120
0.112214 0.026808 0.049373
0.112298 0.027616 0.050865
0.112635 0.023837 0.046071
0.109535 0.033372 0.052724
0.112390 0.029822 0.046071
0.107914 0.032374 0.052760
0.112279 0.031243 0.048214
0.105449 0.026722 0.052646
0.112286 0.029612 0.051299
0.103998 0.032633 0.052822
0.110426 0.024695 0.052288
0.112652 0.031308 0.048897
0.110998 0.029640 0.052447
0.112327 0.025550 0.047904
0.112611 0.031695 0.045362
0.103472 0.031756 0.052789
0.107406 0.033871 0.052799
0.108134 0.031648 0.052728
0.107707 0.033286 0.052739
0.102459 0.028900 0.052752
0.107379 0.024116 0.052720
0.110876 0.029425 0.052507
0.112825 0.030791 0.050022
0.112442 0.031279 0.046956
0.108425 0.023626 0.052721
0.103189 0.029076 0.052675
0.111853 0.022011 0.051459
0.112051 0.033302 0.051898
0.107977 0.032935 0.052744
0.112919 0.031809 0.044241
0.112608 0.032084 0.045419
0.111179 0.027728 0.051983
0.112496 0.024001 0.045325
0.104712 0.032197 0.052749
0.112219 0.025440 0.046353
0.107172 0.030968 0.052707
0.108109 0.030303 0.052707
0.112234 0.028360 0.046128
0.107238 0.032337 0.052803
0.110504 0.031187 0.052473
0.111018 0.023974 0.051746
0.111114 0.026940 0.051781
0.113013 0.031969 0.049168
0.112531 0.032574 0.046943
0.111987 0.022313 0.048313
0.110757 0.030983 0.052311
0.104965 0.030780 0.052610
0.111895 0.028431 0.051700
0.104952 0.032421 0.052744
0.112154 0.027125 0.048544
0.112207 0.028834 0.049045
0.112029 0.026580 0.051726
0.112232 0.024073 0.051312
0.112293 0.026589 0.046632
0.112321 0.026708 0.046587
0.109171 0.022663 0.052663
0.112643 0.028960 0.043758
0.105868 0.026240 0.052660
0.109327 0.031483 0.052690
0.105378 0.024331 0.052666
0.112113 0.033018 0.051828
0.112197 0.023884 0.047109
0.112451 0.032122 0.046467
0.112123 0.027489 0.051549
0.103601 0.033148 0.052783
0.112274 0.027161 0.051276
0.109808 0.021865 0.052562
0.108929 0.022216 0.052683
0.108218 0.022144 0.052686
0.109490 0.025759 0.052642
0.112248 0.028725 0.050697
0.108638 0.022790 0.052703
0.108690 0.025047 0.052716
0.110726 0.023780 0.051836
0.105602 0.024248 0.052649
0.102872 0.031224 0.052798
0.112793 0.031581 0.045085
0.106033 0.029460 0.043685
0.112822 0.032164 0.045224
0.111014 0.026117 0.051778
0.112663 0.027065 0.045618
0.104625 0.027856 0.052705
0.112263 0.026868 0.045756
0.111273 0.025420 0.051719
0.112953 0.024531 0.043968
0.112139 0.023858 0.048615
0.112564 0.031426 0.047469
0.110137 0.031581 0.052668
0.110033 0.026294 0.052595
0.110973 0.028161 0.052278
0.112295 0.026889 0.048388
0.105467 0.027501 0.052670
0.109020 0.031635 0.052689
0.112349 0.024968 0.051018
0.109632 0.023571 0.052491
0.112701 0.027605 0.045255
0.109304 0.022820 0.052612
0.112435 0.025707 0.050166
0.112305 0.031613 0.045767
0.112191 0.023075 0.050282
0.103178 0.032200 0.052771
0.112463 0.031923 0.051502
0.109934 0.030794 0.052718
0.112809 0.022586 0.043843
0.107196 0.030120 0.052754
0.107011 0.022128 0.052724
0.112110 0.028207 0.051477
0.112052 0.022737 0.049373
0.112857 0.030904 0.044607
0.112844 0.032499 0.045274
0.105215 0.030860 0.052512
0.112641 0.028654 0.045367
0.105117 0.032652 0.052766
0.105545 0.024044 0.052635
0.104127 0.028853 0.052746
0.108879 0.027424 0.052667
0.112373 0.028555 0.046636
0.107048 0.031330 0.052767
0.112234 0.028427 0.046260
0.104127 0.028249 0.052718
0.112360 0.023692 0.047927
0.111396 0.031476 0.052206
0.112333 0.024773 0.050921
0.113122 0.027033 0.044063
0.109505 0.023226 0.052510
0.111126 0.024708 0.051791
0.109684 0.022895 0.052538
0.107096 0.032673 0.052668
0.111156 0.033230 0.052311
0.104576 0.029985 0.052710
0.106514 0.022787 0.052732
0.112245 0.026491 0.048635
0.108329 0.033529 0.052766
0.108853 0.024385 0.052712
0.112787 0.023347 0.044826
0.105527 0.034277 0.052815
0.109000 0.028921 0.052683
0.110878 0.023556 0.051807
0.106044 0.028684 0.052720
0.112525 0.028185 0.045768
0.109450 0.022580 0.052608
0.107683 0.032907 0.052738
0.112386 0.025480 0.049716
0.112305 0.026165 0.045974
0.112909 0.032284 0.047710
0.103937 0.029060 0.052733
0.113036 0.033231 0.050633
0.112093 0.027728 0.046245
0.113123 0.027644 0.044302
0.112814 0.026826 0.045442
0.112368 0.025670 0.050981
0.106778 0.033435 0.052751
0.112146 0.022787 0.047572
0.103745 0.031528 0.052766
0.112230 0.023830 0.051313
0.104395 0.026703 0.052719
0.112590 0.022916 0.043319
0.112158 0.026111 0.050214
0.112287 0.022228 0.047287
0.107240 0.021787 0.052685
0.111563 0.031985 0.052152
0.109223 0.022939 0.052625
0.106927 0.022471 0.052722
0.108430 0.033282 0.052742
0.106612 0.023135 0.052720
0.112069 0.022246 0.050152
0.112176 0.026593 0.049624
0.113024 0.032724 0.048010
0.112481 0.029785 0.050023
0.112249 0.028338 0.047319
0.112892 0.027919 0.045090
0.105032 0.027335 0.052701
0.107158 0.022710 0.052710
0.113105 0.027982 0.044152
0.112646 0.032683 0.045627
0.112728 0.032831 0.045501
0.112325 0.030538 0.047655
0.103277 0.030254 0.052754
0.103878 0.030255 0.052722
0.112098 0.022219 0.047843
0.104849 0.024334 0.052713
0.107776 0.027752 0.052714
0.108567 0.030281 0.052714
0.112455 0.030948 0.051461
0.112266 0.025823 0.049457
0.112158 0.023247 0.047617
0.109606 0.032668 0.052735
0.112504 0.030979 0.045852
0.104842 0.028691 0.052754
0.112823 0.031683 0.049834
0.110048 0.032640 0.052676
0.112823 0.032818 0.050102
0.104206 0.029913 0.052711
0.107097 0.026104 0.052696
0.106090 0.032490 0.052644
0.108349 0.023334 0.052715
0.106866 0.033738 0.052719
0.111695 0.030528 0.052033
0.108364 0.027133 0.052636
0.106267 0.025635 0.052711
0.107007 0.024426 0.052732
0.112484 0.032106 0.045675
0.111556 0.031188 0.052120
0.110576 0.030330 0.052491
0.113070 0.032264 0.044650
0.112154 0.029142 0.048598
0.110642 0.027339 0.052336
0.105686 0.029476 0.052636
0.112404 0.024159 0.045138
0.108059 0.028008 0.052699
0.105678 0.032715 0.052746
0.112233 0.029185 0.049147
0.112985 0.033039 0.049669
0.112170 0.028469 0.051305
0.112299 0.030417 0.048876
0.112221 0.025775 0.049124
0.109858 0.024334 0.052474
0.103702 0.032875 0.052806
0.111621 0.030107 0.052068
0.104637 0.033984 0.052814
0.112515 0.032637 0.045839
0.105334 0.031089 0.052546
0.112293 0.028201 0.049652
0.109761 0.024022 0.052445
0.112216 0.026292 0.049240
0.106212 0.030539 0.052622
0.112051 0.026322 0.051626
0.111017 0.025469 0.051780
0.112630 0.029473 0.043874
0.112535 0.032507 0.046321
0.105089 0.033197 0.052800
0.113023 0.025709 0.043914
0.104809 0.030239 0.052712
0.112183 0.026590 0.051316
0.112166 0.024245 0.049110
0.112342 0.024138 0.051067
0.105358 0.025808 0.052694
0.104688 0.033056 0.052767
0.112906 0.033064 0.050166
0.107076 0.030591 0.052710
0.112341 0.025912 0.046580
0.109913 0.029284 0.052653
0.112584 0.028454 0.045503
0.109335 0.029838 0.052659
0.109922 0.031429 0.052727
0.112483 0.031850 0.046893
0.112698 0.032651 0.050294
0.108566 0.030903 0.052730
0.108415 0.027846 0.052638
0.112288 0.029382 0.048051
0.105779 0.028645 0.052715
0.108498 0.032601 0.052756
0.112394 0.031253 0.045873
0.108184 0.023093 0.052714
0.110763 0.027026 0.051787
0.112096 0.023175 0.049647
0.110690 0.028309 0.052408
0.104823 0.027470 0.052708
0.106437 0.023670 0.052717
0.112142 0.027928 0.048465
0.104714 0.028908 0.052763
0.112326 0.025209 0.048073
0.108201 0.027653 0.052656
0.112254 0.024676 0.051153
0.104111 0.030392 0.052715
0.109193 0.030218 0.052660
0.112381 0.026077 0.046783
0.112204 0.026358 0.051155
0.102407 0.029295 0.052746
0.110149 0.024492 0.052370
0.112564 0.032915 0.051602
0.110201 0.027947 0.052524
0.107169 0.029435 0.052664
0.109831 0.025669 0.052593
0.104580 0.027480 0.052714
0.112982 0.033088 0.049917
0.112992 0.033198 0.050455
0.112364 0.024909 0.048321
0.105785 0.025287 0.052729
0.112420 0.032727 0.051697
0.112475 0.024600 0.045815
0.112329 0.022699 0.045912
0.105861 0.031568 0.052569
0.112550 0.029827 0.050420
0.103676 0.029094 0.052694
0.112933 0.023565 0.044099
0.112552 0.029992 0.050735
0.112987 0.026648 0.044694
0.104939 0.034182 0.052826
0.106566 0.025751 0.052711
0.105275 0.025572 0.052710
0.110524 0.023022 0.052232
0.109625 0.028300 0.052739
0.109177 0.022282 0.052689
0.107042 0.023214 0.052700
0.103970 0.033292 0.052819
0.105005 0.029511 0.052682
0.111193 0.028910 0.052267
0.110699 0.028008 0.052334
0.109127 0.031940 0.052698
0.110988 0.030740 0.052163
0.112522 0.030542 0.051000
0.112013 0.023320 0.051332
0.108469 0.029696 0.052666
0.112569 0.026278 0.045653
0.113039 0.032230 0.048023
0.113140 0.032861 0.044593
0.112521 0.032434 0.046557
0.106070 0.025056 0.052746
0.103250 0.027755 0.052725
0.109538 0.021900 0.052669
0.112781 0.022889 0.043598
0.112557 0.030265 0.050896
0.105353 0.032415 0.052726
0.107418 0.032134 0.052836
0.112280 0.026218 0.048425
0.107120 0.028728 0.052688
0.106791 0.025460 0.052715
0.112233 0.029059 0.051098
0.107821 0.026349 0.052648
0.112185 0.023588 0.046460
0.107000 0.029655 0.052640
0.112432 0.028939 0.047689
0.108229 0.033759 0.052765
0.112421 0.024153 0.048422
0.112301 0.024286 0.046892
0.112080 0.026475 0.050074
0.112439 0.029658 0.046694
0.103635 0.027863 0.052718
0.109378 0.024791 0.052586
0.109742 0.031665 0.052727
0.111861 0.026609 0.051818
0.112834 0.031120 0.049626
0.112125 0.028809 0.046047
0.103503 0.026819 0.052752
0.107439 0.030137 0.052744
0.112148 0.023204 0.046625
0.112600 0.023728 0.045652
0.106545 0.031433 0.052784
0.106719 0.025847 0.052680
0.112369 0.025065 0.045757
0.112209 0.026408 0.046059
0.105094 0.030053 0.052701
0.111475 0.027179 0.051788
0.106713 0.032566 0.052666
0.110240 0.032191 0.052560
0.112974 0.032429 0.045071
0.113035 0.032067 0.044470
0.111911 0.032490 0.051946
0.106630 0.022234 0.052722
0.112408 0.026595 0.045729
0.112334 0.025879 0.047010
0.106697 0.030152 0.052644
0.112816 0.022965 0.044684
0.111815 0.023565 0.051569
0.104395 0.029611 0.052713
0.112239 0.028594 0.046071
0.112813 0.031274 0.044177
0.105878 0.033457 0.052791
0.103939 0.029937 0.052715
0.113094 0.028083 0.044469
0.103265 0.029511 0.052713
0.110910 0.027880 0.052273
0.112567 0.030840 0.045621
0.106909 0.032515 0.052720
0.110430 0.032854 0.052597
0.106998 0.032398 0.052769
0.112066 0.026990 0.051610
0.111832 0.025726 0.051525
0.105145 0.031982 0.052734
0.112960 0.031888 0.048880
0.104495 0.030480 0.052680
0.112174 0.027955 0.046165
0.106210 0.028971 0.052736
0.108914 0.031951 0.052678
0.104367 0.030276 0.052697
0.112987 0.024434 0.044454
0.112633 0.030056 0.045651
0.105208 0.031708 0.052666
0.108044 0.026095 0.052619
0.107974 0.023300 0.052725
0.110685 0.031698 0.052275
0.108382 0.021977 0.052721
0.111392 0.029947 0.052199
0.112425 0.029528 0.046954
0.112425 0.032946 0.046851
0.106011 0.030332 0.052603
0.106740 0.028129 0.052717
0.112185 0.029398 0.048632
0.111668 0.026661 0.051809
0.112124 0.026198 0.050549
0.112454 0.031149 0.047287
0.113005 0.032096 0.044886
0.111016 0.029860 0.052362
0.112752 0.031822 0.050447
0.105810 0.024640 0.052717
0.105564 0.030403 0.052618
0.112315 0.025505 0.049431
0.105591 0.033959 0.052804
0.112203 0.028810 0.046180
0.113004 0.025231 0.044568
0.113080 0.032318 0.044264
0.111521 0.028972 0.052004
0.110606 0.022556 0.052169
0.113061 0.032614 0.049078
0.112282 0.027382 0.046470
0.112427 0.027952 0.045905
0.112364 0.029082 0.049457
0.112722 0.024261 0.043497
0.107000 0.030263 0.052726
0.112436 0.023107 0.045827
0.106914 0.029342 0.052653
0.112698 0.025274 0.045144
0.112632 0.029504 0.045573
0.107390 0.025776 0.052681
0.104530 0.033143 0.052759
0.112492 0.023490 0.045206
0.105531 0.029238 0.052654
0.112688 0.024695 0.045129
0.110518 0.029508 0.052578
0.111075 0.022061 0.051783
0.111003 0.027173 0.051722
0.108994 0.029570 0.052668
0.110793 0.026708 0.051811
0.112577 0.031461 0.047620
0.112534 0.024472 0.045656
0.111406 0.024375 0.051731
0.112996 0.032688 0.049448
0.112052 0.027115 0.050112
0.112235 0.022384 0.047606
0.112422 0.028271 0.045858
0.106034 0.027488 0.052727
0.112001 0.031922 0.051787
0.109555 0.024963 0.052547
0.112075 0.022705 0.046574
0.111791 0.029840 0.051892
0.112408 0.029669 0.046375
0.111842 0.024229 0.051663
0.112687 0.031217 0.045239
0.106249 0.022969 0.052733
0.110555 0.031612 0.052448
0.103245 0.029316 0.052661
0.112607 0.030437 0.045664
0.108310 0.025166 0.052716
0.104976 0.031028 0.052567
0.112357 0.024534 0.050860
0.112357 0.025391 0.045857
0.103354 0.029929 0.052722
0.106402 0.028510 0.052690
0.112520 0.031151 0.045648
0.106172 0.023662 0.052728
0.107440 0.026045 0.052665
0.107093 0.033305 0.052679
0.112189 0.025145 0.046527
0.108309 0.029472 0.052644
0.112221 0.029118 0.048048
0.112826 0.032350 0.050714
0.104019 0.031327 0.052711
0.105628 0.033640 0.052798
0.112086 0.025347 0.051287
0.112225 0.027863 0.050111
0.111738 0.022761 0.051595
0.112368 0.023698 0.050611
0.107724 0.032381 0.052819
0.112373 0.030737 0.046335
0.112788 0.026431 0.045486
0.110091 0.027368 0.052556
0.104788 0.031895 0.052721
0.108820 0.033228 0.052736
0.105651 0.031172 0.052555
0.111299 0.026044 0.051819
0.112371 0.026898 0.047260
0.112001 0.027676 0.048367
0.112130 0.029290 0.051463
0.112146 0.023639 0.051302
0.110126 0.029082 0.052569
0.104711 0.026906 0.052720
0.108619 0.028552 0.052658
0.103745 0.026252 0.052748
0.103982 0.030631 0.052707
0.107317 0.028736 0.052726
0.105931 0.030995 0.052603
0.112786 0.033296 0.050971
0.110151 0.023408 0.052390
0.112342 0.023770 0.050389
0.111939 0.025579 0.051333
0.112748 0.032040 0.050605
0.112282 0.023511 0.047572
0.105577 0.027784 0.052695
0.107372 0.029391 0.052721
0.112512 0.025412 0.043466
0.112327 0.023837 0.051071
0.109564 0.022683 0.052566
0.112900 0.023205 0.044364
0.112339 0.029890 0.046502
0.112201 0.028021 0.047423
0.108736 0.022545 0.052698
0.113068 0.032676 0.048706
0.104862 0.029228 0.052732
0.112308 0.027286 0.046671
0.110381 0.031858 0.052556
0.112023 0.027191 0.051575
0.112231 0.031448 0.048177
0.111989 0.022130 0.049220
0.103739 0.032508 0.052805
0.112513 0.025474 0.050310
0.104157 0.026616 0.052738
0.106375 0.032753 0.052660
0.112322 0.028712 0.046392
0.112366 0.022372 0.045489
0.112367 0.024945 0.045514
0.110905 0.029096 0.052450
0.107687 0.031724 0.052706
0.105316 0.026443 0.052698
0.103984 0.032975 0.052828
0.112246 0.028905 0.046919
0.112030 0.022059 0.049972
0.104823 0.032716 0.052767
0.108013 0.022675 0.052712
0.112971 0.032294 0.049501
0.112446 0.029995 0.051072
0.104430 0.025993 0.052741
0.112905 0.031832 0.048242
0.112460 0.030151 0.049566
0.112166 0.027032 0.048812
0.112385 0.029793 0.047600
0.112980 0.025407 0.044216
0.110615 0.024565 0.052017
0.106191 0.026271 0.052685
0.103910 0.028109 0.052712
0.106302 0.027315 0.052733
0.106456 0.028196 0.052672
0.110596 0.033137 0.052539
0.112733 0.030984 0.049442
0.111025 0.025122 0.051851
0.112975 0.026052 0.044375
0.112331 0.028529 0.047882
0.111798 0.030391 0.051883
0.112084 0.031371 0.051771
0.112046 0.023467 0.049340
0.112063 0.027709 0.048844
0.105733 0.027416 0.052706
0.111995 0.028846 0.051598
0.104535 0.032894 0.052738
0.112131 0.028942 0.048813
0.112266 0.031482 0.045926
0.108305 0.031574 0.052744
0.112398 0.022677 0.045455
0.112892 0.029684 0.044394
0.104885 0.034071 0.052819
0.112379 0.026914 0.046857
0.105906 0.029354 0.052637
0.112585 0.031692 0.051452
0.103529 0.027523 0.052744
0.110177 0.030183 0.052666
0.111588 0.029762 0.052042
0.108562 0.023170 0.052696
0.105244 0.028264 0.052737
0.113000 0.026952 0.044727
0.112132 0.024061 0.049644
0.107225 0.031539 0.052737
0.106459 0.031714 0.052775
0.107789 0.023907 0.052706
0.112351 0.030062 0.048325
0.112968 0.024005 0.044347
0.110274 0.023901 0.052204
0.105877 0.034204 0.052785
0.112533 0.027773 0.045546
0.106044 0.025448 0.052723
0.111953 0.022086 0.048524
0.109168 0.024806 0.052668
0.112340 0.030475 0.047482
0.112172 0.028797 0.047139
0.108724 0.029483 0.052632
0.103738 0.031200 0.052736
0.107808 0.026716 0.052621
0.113021 0.028478 0.044342
0.112550 0.030790 0.051173
0.104968 0.027053 0.052700
0.112872 0.030474 0.044551
0.108835 0.030824 0.052701
0.104978 0.027683 0.052684
0.108018 0.032628 0.052707
0.107517 0.028526 0.052748
0.105692 0.034232 0.052779
0.112431 0.025324 0.045575
0.108852 0.029105 0.052644
0.112343 0.030213 0.051423
0.109915 0.023614 0.052461
0.107057 0.027378 0.052744
0.106004 0.030069 0.052600
0.112091 0.026603 0.050634
0.107003 0.028111 0.052741
0.112603 0.024760 0.047530
0.112329 0.031338 0.046094
0.112671 0.026603 0.045589
0.106277 0.024225 0.052745
0.112540 0.024582 0.047274
0.111511 0.030106 0.052129
0.110442 0.021835 0.052418
0.113077 0.032271 0.049178
0.112213 0.026334 0.048960
0.104248 0.026127 0.052731
0.106658 0.024296 0.052755
0.112095 0.025685 0.051353
0.105306 0.030612 0.052587
0.110315 0.026914 0.052487
0.104982 0.026524 0.052716
0.111126 0.029275 0.052387
0.109006 0.024575 0.052715
0.112061 0.030406 0.051745
0.111194 0.030682 0.052150
0.112283 0.026367 0.046281
0.109404 0.022933 0.052567
0.112972 0.032838 0.048265
0.107582 0.026858 0.052619
0.112650 0.030779 0.050895
0.107611 0.024923 0.052722
0.112155 0.026228 0.051370
0.110310 0.023063 0.052370
0.110092 0.029422 0.052621
0.112259 0.027259 0.048201
0.107182 0.031961 0.052803
0.112493 0.031419 0.047255
0.112484 0.028712 0.049690
0.112585 0.032840 0.047075
0.111500 0.030375 0.052123
0.108926 0.025645 0.052693
0.110701 0.022599 0.052030
0.112340 0.026970 0.047596
0.112766 0.030806 0.049723
0.112206 0.025509 0.048798
0.110386 0.030859 0.052577
0.106110 0.024470 0.052749
0.107854 0.033862 0.052800
0.112755 0.030820 0.044112
0.112375 0.031573 0.046330
0.104328 0.027275 0.052742
0.112714 0.023850 0.045982
0.105144 0.025429 0.052704
0.112491 0.025444 0.045409
0.111748 0.026009 0.051766
0.108731 0.023330 0.052695
0.112402 0.029666 0.047761
0.103087 0.028834 0.052725
0.107650 0.031229 0.052677
0.104271 0.030587 0.052662
0.112504 0.032093 0.046937
0.112709 0.026106 0.045490
0.106768 0.030890 0.052703
0.103008 0.030434 0.052789
0.110545 0.025546 0.052398
0.104734 0.029651 0.052671
0.112438 0.031226 0.047110
0.112017 0.022864 0.048528
0.113074 0.026282 0.044061
0.105154 0.028590 0.052729
0.112356 0.025982 0.047682
0.112502 0.032092 0.047044
0.104729 0.031203 0.052618
0.107203 0.027099 0.052728
0.107538 0.026513 0.052625
0.111133 0.023278 0.051798
0.106638 0.033528 0.052733
0.112393 0.022887 0.045596
0.112164 0.026674 0.046032
0.112235 0.027661 0.047230
0.107603 0.033615 0.052757
0.108863 0.026423 0.052692
0.112367 0.028617 0.047728
0.113173 0.032724 0.044435
0.112747 0.030805 0.050601
0.112279 0.023486 0.050824
0.112678 0.028120 0.045353
0.112399 0.031504 0.048271
0.112317 0.027325 0.047225
0.111477 0.031750 0.052212
0.112506 0.032224 0.047058
0.112148 0.021966 0.050546
0.103983 0.026746 0.052723
0.113047 0.032883 0.048893
0.109507 0.031605 0.052677
0.112392 0.023859 0.047349
0.105357 0.034326 0.052819
0.102856 0.028426 0.052745
0.112226 0.025127 0.046196
0.104032 0.027243 0.052732
0.112767 0.031252 0.050422
0.112306 0.026356 0.045840
0.110434 0.028508 0.052511
0.110524 0.030653 0.052543
0.107987 0.024438 0.052723
0.112166 0.024293 0.046275
0.105323 0.028970 0.052676
0.105599 0.032552 0.052734
0.105568 0.024760 0.052660
0.110494 0.032230 0.052501
0.110526 0.027015 0.052318
0.111400 0.028600 0.052069
0.112130 0.023533 0.047011
0.111664 0.030256 0.052024
0.107865 0.033176 0.052760
0.112307 0.025842 0.047819
0.109721 0.029220 0.052715
0.110699 0.030431 0.052319
0.112322 0.030423 0.046445
0.110857 0.030600 0.052267
0.112763 0.030231 0.044222
0.107867 0.026144 0.052652
0.112380 0.031832 0.045644
0.103090 0.029843 0.052749
0.111529 0.025498 0.051516
0.112599 0.029707 0.045294
0.107222 0.029086 0.052701
0.104313 0.034420 0.052816
0.112148 0.028866 0.051359
0.112915 0.026490 0.045226
0.112949 0.032724 0.047691
0.109912 0.033771 0.052771
0.112747 0.031896 0.050090
0.112944 0.025630 0.044506
0.112781 0.029068 0.045138
0.109333 0.032748 0.052721
0.110882 0.028784 0.052346
0.110949 0.024468 0.051823
0.105823 0.033723 0.052762
0.112507 0.023809 0.047738
0.112422 0.023561 0.046194
0.112304 0.024421 0.050070
0.112272 0.027746 0.051363
0.106458 0.024997 0.052737
0.112423 0.029572 0.049878
0.107761 0.030109 0.052713
0.112604 0.033300 0.051243
0.112364 0.026173 0.046487
0.110402 0.025909 0.052461
0.108170 0.027415 0.052620
0.107642 0.026214 0.052662
0.110591 0.031172 0.052346
0.112213 0.028144 0.046302
0.107065 0.025308 0.052712
0.105365 0.033091 0.052803
0.112692 0.033220 0.051033
0.106279 0.030264 0.052584
0.112130 0.026953 0.050751
0.112275 0.028371 0.050629
0.108469 0.022998 0.052690
0.112298 0.022384 0.047443
0.108987 0.023384 0.052647
0.112116 0.027932 0.051612
0.112817 0.032512 0.051206
0.109456 0.028507 0.052742
0.112234 0.025849 0.051251
0.109036 0.030374 0.052664
0.112184 0.024668 0.051364
0.103285 0.032589 0.052734
0.110022 0.029966 0.052730
0.112225 0.024537 0.051149
0.112205 0.025976 0.048776
0.105844 0.026780 0.052685
0.112013 0.022588 0.048234
0.106242 0.032201 0.052663
0.112402 0.024065 0.050905
0.106339 0.031554 0.052756
0.111065 0.022323 0.051825
0.109880 0.031099 0.052705
0.112100 0.025038 0.051299
0.111685 0.030025 0.052015
0.112333 0.028026 0.045998
0.109820 0.026733 0.052677
0.111659 0.025089 0.051480
0.107302 0.026603 0.052614
0.105706 0.023417 0.052655
0.112581 0.031611 0.048496
0.108621 0.028221 0.052650
0.109524 0.030918 0.052728
0.112799 0.032649 0.047428
0.112521 0.033214 0.051572
0.110473 0.026597 0.052315
0.112382 0.024904 0.049872
0.112285 0.027431 0.046927
0.112744 0.032548 0.050509
0.111360 0.030256 0.052205
0.103354 0.032346 0.052768
0.112329 0.025661 0.046075
0.107850 0.028544 0.052727
0.108918 0.028620 0.052693
0.108471 0.026627 0.052654
0.112502 0.031821 0.045536
0.105453 0.030120 0.052646
0.107372 0.033427 0.052653
0.112810 0.030132 0.045057
0.112354 0.030271 0.048325
0.102619 0.029510 0.052704
0.105449 0.025319 0.052708
0.109584 0.029804 0.052737
0.109982 0.023991 0.052375
0.110723 0.027193 0.051645
0.112691 0.031158 0.049238
0.112535 0.032946 0.046375
0.112522 0.023409 0.045582
0.112720 0.025800 0.045276
0.112873 0.028483 0.045066
0.112495 0.030233 0.045865
0.112243 0.026058 0.049652
0.104276 0.029220 0.052757
0.112193 0.023359 0.047829
0.103411 0.032981 0.052750
0.112135 0.028623 0.048749
0.112560 0.031379 0.045484
0.111504 0.029549 0.052096
0.111384 0.024077 0.051730
0.105239 0.027730 0.052627
0.103417 0.027049 0.052737
0.104012 0.033594 0.052812
0.105652 0.033314 0.052799
0.111829 0.027415 0.051753
0.107369 0.032837 0.052638
0.112529 0.025839 0.045589
0.112058 0.023115 0.048527
0.112993 0.027182 0.044915
0.103365 0.030484 0.052755
0.112266 0.025934 0.048311
0.110338 0.025933 0.043419
0.112260 0.025966 0.047991
0.112156 0.023129 0.050067
0.108474 0.026111 0.052669
0.112245 0.029032 0.047144
0.103645 0.030380 0.052716
0.112263 0.027788 0.046946
0.112226 0.024586 0.048930
0.112254 0.028919 0.046016
0.106727 0.028758 0.052680
0.110217 0.033344 0.052749
0.112926 0.031677 0.044843
0.112954 0.033119 0.048267
0.106131 0.026960 0.052721
0.112355 0.024307 0.050967
0.112667 0.023602 0.044973
0.112508 0.031016 0.048917
0.112960 0.023853 0.044080
0.102903 0.034177 0.043777
0.112323 0.025425 0.046934
0.111361 0.029189 0.052195
0.108181 0.030868 0.052749
0.108434 0.028050 0.052659
0.108723 0.027917 0.052633
0.111514 0.024272 0.051696
0.103370 0.029120 0.052652
0.108866 0.027660 0.052674
0.109761 0.026937 0.052718
0.104063 0.031661 0.052750
0.112362 0.030409 0.048172
0.103942 0.025987 0.052749
0.112306 0.029012 0.046271
0.112483 0.028939 0.049735
0.112291 0.026050 0.048162
0.112416 0.026467 0.047188
0.112834 0.027181 0.045292
0.112376 0.024509 0.046032
0.110548 0.026346 0.052217
0.112118 0.027646 0.049102
0.107002 0.029931 0.052704
0.112378 0.031635 0.051604
0.103046 0.027050 0.052739
0.103172 0.031245 0.052798
0.113008 0.032486 0.049516
0.109445 0.029255 0.052734
0.112389 0.029332 0.046356
0.112328 0.029262 0.046918
0.112709 0.031704 0.048324
0.103655 0.028255 0.052717
0.111470 0.025760 0.051726
0.112290 0.031593 0.046075
0.113016 0.032921 0.047862
0.105513 0.030852 0.052549
0.112090 0.026886 0.049833
0.112686 0.031653 0.047698
0.110128 0.025108 0.052555
0.111365 0.032755 0.052239
0.108556 0.030635 0.052728
0.106134 0.028061 0.052698
0.105901 0.031777 0.052620
0.110672 0.025759 0.051918
0.106123 0.033003 0.052742
0.110759 0.023393 0.051893
0.105288 0.026114 0.052697
0.112352 0.025397 0.047139
0.112229 0.025964 0.049314
0.112314 0.030769 0.046680
0.110096 0.033560 0.052770
0.112929 0.023695 0.044509
0.112240 0.025184 0.048967
0.109781 0.028723 0.052735
0.106992 0.029124 0.052698
0.102190 0.028345 0.052698
0.110587 0.026451 0.051962
0.112208 0.026715 0.045883
0.111541 0.032735 0.052100
0.110169 0.032985 0.052720
0.108956 0.022470 0.052677
0.107515 0.023994 0.052670
0.112240 0.023474 0.051010
0.109521 0.031224 0.052695
0.111961 0.022170 0.051368
0.111767 0.027758 0.051861
0.112383 0.024722 0.050084
0.112557 0.030451 0.049612
0.105602 0.026897 0.052663
0.112325 0.031853 0.046242
0.110166 0.028224 0.052597
0.112180 0.032625 0.043652
0.111407 0.022105 0.051602
0.106895 0.027821 0.052741
0.112575 0.032189 0.047213
0.111239 0.022613 0.051784
0.108288 0.022468 0.052694
0.112181 0.022351 0.050735
0.112927 0.032927 0.050005
0.104368 0.032092 0.052767
0.112440 0.024404 0.048527
0.106541 0.030501 0.052601
0.108070 0.032144 0.052704
0.112552 0.023605 0.046110
0.107263 0.024675 0.052717
0.111229 0.026675 0.051838
0.111962 0.027717 0.051767
0.110411 0.030126 0.052617
0.105522 0.029803 0.052619
0.109181 0.027603 0.052693
0.107633 0.030362 0.052711
0.112375 0.024797 0.048580
0.112501 0.032738 0.046541
0.112885 0.029701 0.044835
0.108718 0.026649 0.052692
0.112241 0.022610 0.047248
0.110804 0.022186 0.051936
0.106899 0.028519 0.052713
0.113051 0.027836 0.044847
0.112234 0.026696 0.048924
0.105263 0.034029 0.052825
0.110745 0.032804 0.052417
0.112004 0.029792 0.043618
0.112417 0.024002 0.050661
0.110506 0.023518 0.052079
0.110050 0.030506 0.052675
0.112764 0.029772 0.045111
0.112542 0.023938 0.045094
0.112282 0.023996 0.048487
0.110497 0.023904 0.052030
0.111778 0.029545 0.051786
0.112221 0.024622 0.046582
0.109476 0.024139 0.052571
0.109205 0.028678 0.052726
0.109678 0.025975 0.052662
0.109335 0.033625 0.052739
0.110435 0.025016 0.052433
0.112448 0.030734 0.046146
0.112350 0.030493 0.047122
0.112062 0.031163 0.051765
0.108284 0.022766 0.052707
0.112267 0.027696 0.046067
0.112155 0.023451 0.046684
0.105263 0.024791 0.052693
0.110207 0.023545 0.052238
0.107838 0.031439 0.052670
0.110176 0.025409 0.052552
0.110701 0.028579 0.052439
0.112667 0.029384 0.045300
0.112483 0.025506 0.050539
0.111561 0.022572 0.051682
0.108551 0.029964 0.052667
0.112418 0.030182 0.047176
0.112129 0.027499 0.049403
0.112335 0.026545 0.048263
0.112891 0.031298 0.049840
0.112093 0.027474 0.048521
0.112988 0.033022 0.049348
0.111488 0.024788 0.051601
0.104073 0.030176 0.052708
0.106376 0.029649 0.052693
0.107090 0.032987 0.052642
0.112327 0.029431 0.049593
0.105030 0.024877 0.052717
0.103044 0.031696 0.052798
0.109254 0.026094 0.052680
0.112352 0.029688 0.047983
0.112537 0.032434 0.046043
0.112322 0.026652 0.047633
0.104480 0.031074 0.052593
0.113078 0.032482 0.044770
0.107526 0.027691 0.052745
0.112181 0.027367 0.051428
0.109025 0.027879 0.052672
0.112520 0.024423 0.045288
0.108220 0.031284 0.052705
0.110690 0.026377 0.051756
0.111075 0.032903 0.052349
0.108651 0.032440 0.052762
0.112266 0.025336 0.049224
0.112903 0.032768 0.049823
0.107659 0.023243 0.052723
0.112910 0.032626 0.050916
0.110634 0.026844 0.051792
0.112651 0.024452 0.047587
0.112398 0.028862 0.046607
0.112349 0.028670 0.045844
0.112778 0.031693 0.050106
0.107579 0.024560 0.052724
0.103637 0.033587 0.052789
0.112444 0.029505 0.046052
0.102528 0.027783 0.052759
0.107204 0.025190 0.052714
0.106875 0.025030 0.052726
0.107755 0.024212 0.052717
0.106044 0.026038 0.052660
0.108848 0.024810 0.052697
0.110339 0.027183 0.052485
0.112673 0.023913 0.045849
0.112933 0.029489 0.044561
0.112685 0.028529 0.045324
0.105987 0.028317 0.052735
0.112493 0.031594 0.043846
0.106144 0.031629 0.052673
0.112643 0.028895 0.045366
0.112138 0.027643 0.048264
0.112452 0.032129 0.046015
0.104888 0.026757 0.052703
0.103915 0.034068 0.052832
0.112014 0.021921 0.051237
0.112753 0.022331 0.044611
0.109623 0.032330 0.052729
0.112531 0.031496 0.047757
0.111977 0.022222 0.048854
0.106718 0.027449 0.052736
0.108211 0.024864 0.052719
0.106583 0.029412 0.052697
0.106922 0.024181 0.052742
0.112803 0.030849 0.050270
0.112550 0.028189 0.045629
0.109745 0.030873 0.052751
0.111071 0.027929 0.052182
0.104916 0.030430 0.052687
0.112726 0.030494 0.050046
0.112253 0.025564 0.048172
0.107947 0.030104 0.052655
0.112385 0.028424 0.049613
0.112449 0.029257 0.049843
0.113057 0.026733 0.043783
0.106397 0.029151 0.052740
0.109631 0.033595 0.052730
0.108717 0.032136 0.052732
0.112663 0.022572 0.044944
0.110048 0.025938 0.052606
0.111225 0.022103 0.051662
0.109986 0.032773 0.052721
0.111929 0.024640 0.051601
0.107459 0.031549 0.052666
0.108348 0.030072 0.052713
0.112243 0.025183 0.048732
0.112442 0.028438 0.045684
0.112115 0.022829 0.046431
0.112442 0.030966 0.047617
0.112862 0.023063 0.043908
0.112104 0.024825 0.051386
0.112284 0.027270 0.047807
0.110316 0.025633 0.052523
0.112444 0.031364 0.051569
0.103732 0.031877 0.052799
0.102701 0.027894 0.052738
0.107888 0.031641 0.052712
0.105344 0.029928 0.052666
0.108883 0.032945 0.052738
0.106331 0.027973 0.052690
0.111982 0.029807 0.051750
0.111135 0.031191 0.052132
0.112749 0.031998 0.049838
0.112779 0.032046 0.050794
0.107790 0.029035 0.052698
0.112938 0.033012 0.050769
0.111806 0.032782 0.052018
0.108920 0.024059 0.052679
0.112841 0.030622 0.044371
0.112394 0.025334 0.050988
0.112342 0.030150 0.046679
0.111646 0.028103 0.051871
0.112213 0.023220 0.043347
0.111585 0.033058 0.052121
0.105324 0.028526 0.052728
0.111310 0.029427 0.052262
0.112988 0.025857 0.044206
0.112909 0.028980 0.044856
0.110523 0.026171 0.052319
0.106527 0.026460 0.052728
0.112347 0.025938 0.046010
0.103375 0.033337 0.052772
0.112365 0.030221 0.049344
0.112392 0.028980 0.050190
0.112867 0.024663 0.044983
0.109275 0.028975 0.052712
0.107324 0.027950 0.052757
0.111221 0.027423 0.051841
0.112919 0.029218 0.044268
0.108809 0.025809 0.052692
0.106940 0.031841 0.052736
0.102779 0.030266 0.052791
0.112364 0.031047 0.047918
0.113084 0.032283 0.048555
0.111914 0.022952 0.051429
0.110357 0.029833 0.052644
0.107595 0.029231 0.052718
0.110904 0.027581 0.052168
0.113064 0.027224 0.044481
0.109027 0.025081 0.052693
0.106853 0.023694 0.052696
0.112227 0.028098 0.051393
0.104360 0.032424 0.052784
0.112235 0.025635 0.048528
0.112435 0.025005 0.050787
0.110881 0.022559 0.051912
0.105769 0.023107 0.052636
0.112450 0.024070 0.046151
0.112480 0.031151 0.048705
0.105860 0.032743 0.052729
0.104922 0.025335 0.052721
0.110418 0.028149 0.052467
0.109425 0.022121 0.052675
0.108598 0.024345 0.052678
0.108171 0.029715 0.052695
0.104982 0.029008 0.052730
0.112364 0.028927 0.045857
0.112153 0.024032 0.049020
0.104537 0.033716 0.052816
0.112530 0.032704 0.046086
0.103002 0.031404 0.052781
0.112173 0.024408 0.051368
0.112908 0.032877 0.049548
0.112763 0.032280 0.051240
0.109176 0.030778 0.052683
0.112459 0.029624 0.047275
0.108791 0.032736 0.052752
0.110832 0.025418 0.051873
0.110190 0.026400 0.052482
0.107679 0.029766 0.052728
0.108031 0.025388 0.052711
0.112836 0.032218 0.049748
0.108503 0.031983 0.052699
0.102897 0.029267 0.052700
0.107231 0.024983 0.052719
0.112398 0.032838 0.046688
0.113023 0.028194 0.044829
0.104285 0.033091 0.052801
0.112378 0.031335 0.047946
0.107087 0.026498 0.052663
0.107872 0.031820 0.052761
0.105993 0.032780 0.052704
0.112058 0.032239 0.051790
0.105935 0.024210 0.052707
0.105041 0.026226 0.052717
0.103755 0.033203 0.052791
0.112250 0.024853 0.046161
0.112319 0.031895 0.045708
0.106389 0.023951 0.052736
0.112213 0.024922 0.046445
0.111295 0.022345 0.051723
0.112407 0.030997 0.046162
0.108037 0.028637 0.052726
0.104339 0.027624 0.052723
0.112310 0.031817 0.045901
0.112365 0.026292 0.047546
0.105334 0.033734 0.052810
0.110028 0.026630 0.052524
0.112201 0.029414 0.048916
0.112716 0.032407 0.045479
0.106351 0.033747 0.052764
0.109176 0.025750 0.052690
0.112445 0.027671 0.045798
0.112310 0.031022 0.046588
0.106081 0.023430 0.052715
0.106392 0.022470 0.052717
0.112996 0.033033 0.048378
0.112458 0.028857 0.045656
0.112538 0.024544 0.045484
0.110215 0.028768 0.052553
0.112494 0.032176 0.046736
0.103399 0.029682 0.052699
0.105625 0.031528 0.052598
0.112422 0.031526 0.046699
0.112911 0.031925 0.045022
0.109948 0.030283 0.052743
0.109698 0.033139 0.052694
0.105706 0.028083 0.052720
0.105026 0.031340 0.052596
0.112441 0.029428 0.043692
0.110590 0.026115 0.052054
0.112135 0.023758 0.046505
0.112360 0.030823 0.047242
0.105587 0.026162 0.052670
0.105541 0.023269 0.052657
0.107959 0.033214 0.052743
0.104794 0.031581 0.052675
0.112383 0.025596 0.045691
0.112151 0.022613 0.051092
0.112288 0.028332 0.046457
0.110033 0.023223 0.052462
0.112267 0.022313 0.045945
0.103039 0.030973 0.052804
0.112389 0.030024 0.046953
0.112248 0.028768 0.047997
0.102927 0.029550 0.052736
0.109151 0.023808 0.052606
0.104394 0.031423 0.052674
0.112454 0.031157 0.047605
0.112049 0.022855 0.048051
0.112396 0.026123 0.047140
0.112749 0.030611 0.045164
0.106746 0.033228 0.052725
0.112986 0.033145 0.047867
0.107865 0.032705 0.052753
0.111324 0.031143 0.052133
0.109136 0.031206 0.052703
0.107888 0.023545 0.052722
0.110777 0.024056 0.051702
0.112287 0.028327 0.049271
0.103678 0.027248 0.052735
0.106730 0.023938 0.052722
0.112299 0.030933 0.046425
0.106672 0.028499 0.052676
0.112390 0.030235 0.047981
0.107847 0.028853 0.052715
0.110975 0.026438 0.051799
0.112772 0.033000 0.047389
0.112305 0.032464 0.051679
0.111889 0.031693 0.051896
0.109828 0.031978 0.052700
0.102710 0.028530 0.052750
0.108615 0.033876 0.052756
0.111923 0.024350 0.043380
0.102911 0.027910 0.052745
0.113064 0.032674 0.044887
0.112144 0.023195 0.046801
0.107376 0.029850 0.052751
0.105892 0.027967 0.052725
0.112355 0.029979 0.049467
0.105956 0.022850 0.052695
0.106868 0.034058 0.052737
0.106613 0.033816 0.052738
0.108651 0.033257 0.052750
0.105883 0.032100 0.052649
0.107368 0.021954 0.052704
0.103433 0.031087 0.052756
0.111568 0.023799 0.051700
0.112299 0.030513 0.048477
0.112372 0.032205 0.051570
0.112040 0.023754 0.047004
0.112702 0.027165 0.045543
0.109641 0.024656 0.052570
0.105862 0.029759 0.052639
0.112393 0.024904 0.047243
0.112379 0.032966 0.051727
0.112321 0.026410 0.047951
0.111465 0.022835 0.051709
0.104265 0.028070 0.052725
0.112257 0.025261 0.048430
0.109438 0.027132 0.052739
0.112524 0.024934 0.048051
0.112191 0.027501 0.047696
0.106307 0.026657 0.052706
0.112052 0.026943 0.050422
0.112472 0.024441 0.047084
0.113011 0.026250 0.044673
0.106482 0.027060 0.052732
0.110899 0.027333 0.051850
0.109101 0.023067 0.052631
0.112099 0.026812 0.051622
0.112585 0.031949 0.047346
0.107792 0.027107 0.052600
0.112423 0.029951 0.047429
0.106371 0.026162 0.052689
0.104042 0.031003 0.052679
0.103186 0.027989 0.052720
0.103583 0.029575 0.052698
0.110787 0.024324 0.051800
0.104553 0.025484 0.052728
0.112501 0.026925 0.043530
0.112215 0.029363 0.048373
0.111536 0.026683 0.051849
0.111979 0.026832 0.051739
0.112613 0.030864 0.049311
0.110189 0.029876 0.052670
0.110024 0.032102 0.052598
0.104213 0.025287 0.052743
0.104380 0.026297 0.052729
0.112546 0.028208 0.043617
0.112150 0.030116 0.051677
0.112440 0.030634 0.049144
0.104592 0.030219 0.052701
0.112230 0.022640 0.047520
0.108288 0.025915 0.052656
0.107697 0.022265 0.052714
0.107692 0.032098 0.052811
0.112119 0.032687 0.051829
0.112449 0.025446 0.050772
0.112119 0.028053 0.048974
0.103189 0.027543 0.052754
0.112234 0.023599 0.047290
0.111643 0.033386 0.052043
0.112274 0.025519 0.051196
0.112538 0.024997 0.045368
0.108706 0.031763 0.052701
0.109662 0.026488 0.052719
0.112584 0.031675 0.047364
0.112481 0.025399 0.047420
0.110315 0.022113 0.052476
0.112157 0.022931 0.047521
0.110592 0.029900 0.052537
0.109899 0.028202 0.052670
0.111662 0.029389 0.051917
0.110092 0.031294 0.052682
0.103024 0.030156 0.052772
0.112564 0.032531 0.046161
0.103741 0.028694 0.052727
0.111928 0.030628 0.051870
0.106064 0.027750 0.052708
0.108422 0.028821 0.052674
0.104943 0.028015 0.052709
0.111957 0.022526 0.051400
0.104204 0.031155 0.052624
0.109863 0.025333 0.052573
0.112394 0.023841 0.050821
0.111675 0.023151 0.051607
0.112589 0.032381 0.045779
0.112465 0.022966 0.045272
0.112312 0.028036 0.046836
0.104756 0.025739 0.052725
0.104028 0.031982 0.052788
0.105042 0.030327 0.052686
0.112015 0.022799 0.049031
0.112074 0.027772 0.048569
0.112345 0.030013 0.051370
0.112414 0.024273 0.050636
0.106912 0.026367 0.052721
0.105754 0.030166 0.052598
0.112189 0.026687 0.051061
0.111072 0.023463 0.051788
0.112484 0.033030 0.046095
0.108855 0.031166 0.052691
0.108367 0.028469 0.052643
0.103299 0.028773 0.052711
0.105344 0.031965 0.052714
0.112263 0.026679 0.046265
0.112301 0.027012 0.046659
0.104417 0.033369 0.052788
0.109339 0.029548 0.052717
0.105667 0.032989 0.052781
0.112965 0.025510 0.044661
0.112610 0.024995 0.047858
0.106589 0.032258 0.052733
0.112215 0.022334 0.047050
0.105663 0.025824 0.052687
0.112122 0.023577 0.049718
0.112709 0.030389 0.050361
0.112041 0.024197 0.051554
0.112375 0.030063 0.048145
0.111960 0.026836 0.050054
0.108805 0.026854 0.052689
0.110194 0.029669 0.052678
0.112471 0.023795 0.046193
0.112325 0.023575 0.050787
0.113020 0.033127 0.049801
0.112414 0.024588 0.048636
0.112431 0.029178 0.045849
0.107965 0.025023 0.052735
0.104259 0.027828 0.052721
0.112220 0.029720 0.051468
0.111095 0.029486 0.052427
0.112362 0.028791 0.046750
0.110716 0.027677 0.052336
0.105932 0.033918 0.052782
0.107544 0.022008 0.052680
0.106839 0.030412 0.052678
0.111901 0.030126 0.051858
0.112169 0.027554 0.049985
0.112168 0.023291 0.047329
0.109942 0.031690 0.052707
0.111826 0.031960 0.051937
0.112012 0.022284 0.049528
0.113087 0.027568 0.044683
0.111608 0.028863 0.051911
0.109401 0.026465 0.052680
0.112929 0.032483 0.049688
0.112399 0.030560 0.046173
0.109394 0.027736 0.052674
0.103724 0.030971 0.052718
0.112328 0.031462 0.048112
0.110175 0.024177 0.052267
0.112155 0.023184 0.046402
0.112543 0.024013 0.048015
0.112950 0.028507 0.044070
0.107833 0.022900 0.052722
0.112322 0.027204 0.047416
0.112083 0.027900 0.048817
0.110572 0.022114 0.052278
0.105055 0.032162 0.052734
0.106984 0.033600 0.052749
0.111840 0.031381 0.051939
0.107446 0.032640 0.052752
0.105756 0.032396 0.052684
0.106106 0.029537 0.052697
0.110810 0.029732 0.052462
0.104517 0.030789 0.052630
0.112530 0.024363 0.045093
0.107979 0.032002 0.052766
0.110774 0.032506 0.052335
0.112319 0.025924 0.050351
0.112634 0.032682 0.051481
0.112936 0.025468 0.043635
0.101837 0.029437 0.043855
0.111715 0.026890 0.051807
0.112440 0.032209 0.046263
0.112208 0.026864 0.051307
0.107773 0.025533 0.052700
0.111611 0.025357 0.051415
0.109482 0.033172 0.052719
0.112386 0.025363 0.049614
0.106566 0.030772 0.052649
0.112077 0.023424 0.048632
0.112339 0.025858 0.050697
0.112540 0.029811 0.045816
0.112494 0.024945 0.050296
0.111917 0.026307 0.051786
0.112273 0.027286 0.047581
0.105533 0.028201 0.052731
0.103905 0.030945 0.052688
0.105593 0.026560 0.052662
0.112771 0.031532 0.050333
0.106565 0.027905 0.052680
0.112443 0.028742 0.049929
0.108898 0.023715 0.052673
0.111467 0.033370 0.052152
0.112816 0.031408 0.049157
0.112400 0.030292 0.051240
0.112312 0.030253 0.049117
0.110101 0.031870 0.052603
0.106666 0.022541 0.052730
0.112237 0.028561 0.047146
0.107156 0.027615 0.052752
0.111226 0.026359 0.051840
0.112274 0.029355 0.051128
0.109566 0.028916 0.052741
0.110381 0.033230 0.052676
0.112490 0.027487 0.045618
0.112761 0.031246 0.050791
0.108034 0.031171 0.052712
0.112913 0.031920 0.047963
0.112647 0.024741 0.047851
0.112621 0.030096 0.050169
0.110377 0.026297 0.052449
0.112047 0.022651 0.049857
0.112244 0.030039 0.048932
0.111720 0.031702 0.052019
0.108949 0.026059 0.052672
0.112183 0.027708 0.047537
0.112063 0.022780 0.051284
0.108195 0.026668 0.052613
0.112724 0.032001 0.050313
0.112745 0.024299 0.044974
0.103088 0.032469 0.052760
0.112884 0.026967 0.045316
0.106345 0.023317 0.052732
0.110939 0.032265 0.052259
0.112982 0.032852 0.048529
0.111832 0.033337 0.051995
0.108091 0.021912 0.052699
0.111363 0.029688 0.052223
0.104637 0.026568 0.052716
0.112412 0.029381 0.047816
0.112164 0.027917 0.048176
0.110663 0.030682 0.052416
0.112272 0.026154 0.047819
0.106433 0.033084 0.052736
0.105187 0.027457 0.052672
0.108476 0.031138 0.052730
0.110143 0.022855 0.052398
0.106697 0.026808 0.052730
0.113049 0.026465 0.044424
0.112318 0.029222 0.046071
0.109539 0.026823 0.052736
0.108693 0.027375 0.052680
0.112072 0.023028 0.047811
0.110013 0.028657 0.052673
0.103857 0.027487 0.052732
0.105817 0.025624 0.052717
0.107902 0.029150 0.052698
0.109294 0.023958 0.052590
0.112813 0.031504 0.048984
0.112211 0.024474 0.049712
0.112100 0.028020 0.048708
0.112226 0.027479 0.047963
0.106803 0.031664 0.052802
0.112184 0.026294 0.050877
0.111607 0.032497 0.052055
0.112792 0.032485 0.043738
0.112129 0.024468 0.046337
0.112742 0.031630 0.048761
0.112301 0.023672 0.046296
0.109060 0.032551 0.052726
0.112145 0.032060 0.051649
0.107965 0.027552 0.052619
0.112066 0.026132 0.051479
0.109210 0.027934 0.052698
0.103078 0.029225 0.052708
0.113049 0.032476 0.049349
0.110702 0.022858 0.052062
0.107811 0.031057 0.052695
0.103242 0.031531 0.052789
0.112104 0.023150 0.048160
0.112291 0.028119 0.051130
0.113038 0.032897 0.044971
0.105280 0.029483 0.052637
0.107319 0.026332 0.052647
0.112239 0.024623 0.049286
0.112723 0.031313 0.051090
0.112272 0.024923 0.049126
0.112236 0.024719 0.049592
0.105543 0.025008 0.052667
0.112635 0.031009 0.043882
0.112282 0.022893 0.046090
0.111875 0.027085 0.051715
0.108534 0.026891 0.052669
0.111529 0.032380 0.052129
0.108917 0.022783 0.052689
0.105839 0.030551 0.052626
0.107171 0.034056 0.052783
0.106854 0.026561 0.052726
0.112797 0.033023 0.051033
0.103155 0.028494 0.052740
0.112410 0.024226 0.050818
0.108170 0.023959 0.052712
0.112943 0.026004 0.044950
0.106349 0.031034 0.052642
0.112417 0.025909 0.047409
0.110441 0.022734 0.052335
0.112839 0.032768 0.051163
0.112271 0.028280 0.047739
0.112350 0.030298 0.046118
0.106021 0.023925 0.052707
0.107923 0.024725 0.052729
0.113034 0.024839 0.044578
0.102702 0.029873 0.052758
0.105349 0.027963 0.052700
0.108762 0.027073 0.052698
0.104391 0.028460 0.052741
0.110791 0.033438 0.052420
0.112364 0.024121 0.050363
0.112506 0.025269 0.045274
0.112839 0.030508 0.044922
0.110835 0.030093 0.052333
0.112163 0.023169 0.047048
0.104706 0.028554 0.052754
0.104420 0.026973 0.052737
0.112074 0.023647 0.048647
0.111684 0.024093 0.051685
0.112459 0.029415 0.050254
0.111762 0.024669 0.051620
0.112988 0.024734 0.044801
0.112113 0.028740 0.048177
0.105208 0.029751 0.052654
0.112294 0.027933 0.050613
0.112372 0.025132 0.049626
0.112349 0.026440 0.046476
0.107587 0.028906 0.052714
0.112154 0.027163 0.049427
0.104425 0.031779 0.052731
0.112031 0.022276 0.048141
0.110473 0.024216 0.052068
0.109882 0.026484 0.052657
0.112240 0.028201 0.047088
0.111981 0.022078 0.049638
0.106415 0.028824 0.052719
0.106816 0.032360 0.052761
0.112311 0.027383 0.045939
0.112792 0.032444 0.049936
0.111564 0.024467 0.051688
0.108804 0.029272 0.052655
0.106689 0.026148 0.052724
0.111430 0.026917 0.051827
0.105362 0.023855 0.052671
0.111976 0.022627 0.048550
0.112301 0.028751 0.047435
0.112658 0.032987 0.045489
0.112376 0.030487 0.047924
0.110396 0.024421 0.052176
0.104276 0.033611 0.052825
0.112310 0.026209 0.048185
0.105908 0.033103 0.052777
0.112351 0.026780 0.047951
0.105879 0.023668 0.052686
0.110865 0.031951 0.052254
0.112650 0.024326 0.047929
0.112494 0.022602 0.045270
0.112139 0.022867 0.046256
0.108686 0.031423 0.052701
0.110880 0.023074 0.051911
0.112394 0.023257 0.045144
0.108370 0.024594 0.052706
0.110600 0.025811 0.052231
0.108429 0.031653 0.052727
0.111019 0.028505 0.052299
0.112846 0.029397 0.044965
0.111326 0.025056 0.051697
0.112314 0.030499 0.046742
0.108673 0.023796 0.052707
0.112280 0.030669 0.046965
0.107133 0.025693 0.052678
0.109700 0.027206 0.052715
0.112389 0.026274 0.046605
0.112408 0.025658 0.047192
0.105835 0.027654 0.052701
0.103773 0.029776 0.052703
0.105912 0.029043 0.052680
0.112293 0.027656 0.046679
0.107228 0.030197 0.052749
0.112288 0.030199 0.046315
0.106992 0.028919 0.052703
0.112638 0.031632 0.048033
0.112875 0.031876 0.049534
0.107265 0.033646 0.052720
0.108708 0.021975 0.052715
0.112283 0.026967 0.046295
0.112138 0.024294 0.049392
0.112728 0.032596 0.050086
0.112278 0.030091 0.048463
0.112744 0.031616 0.050973
0.112234 0.024195 0.048790
0.112408 0.030267 0.047418
0.107431 0.025099 0.052716
0.112532 0.032295 0.047019
0.111592 0.031482 0.052092
0.112632 0.031283 0.051343
0.105354 0.033434 0.052809
0.112373 0.029079 0.046718
0.111365 0.032000 0.052289
0.112488 0.024218 0.047266
0.105904 0.027178 0.052722
0.109530 0.026160 0.052699
0.106231 0.031333 0.052678
0.112906 0.031454 0.044550
0.112375 0.023938 0.048268
0.106295 0.029394 0.052733
0.107561 0.022996 0.052718
0.109230 0.021901 0.052728
0.109291 0.033080 0.052724
0.112418 0.029846 0.046829
0.108247 0.031917 0.052708
0.112276 0.027971 0.046585
0.109033 0.033145 0.052724
0.108885 0.025320 0.052697
0.105282 0.032134 0.052737
0.109323 0.028178 0.052715
0.110235 0.026140 0.052533
0.104041 0.032312 0.052809
0.104896 0.033746 0.052809
0.108140 0.030021 0.052697
0.105245 0.026766 0.052686
0.112258 0.028450 0.047537
0.112328 0.030665 0.043843
0.105758 0.024968 0.052713
0.113003 0.032084 0.049363
0.112859 0.023449 0.043741
0.112263 0.024356 0.051143
0.108246 0.032768 0.052742
0.108819 0.028706 0.052675
0.112272 0.028936 0.043552
0.111543 0.021881 0.051585
0.109340 0.032435 0.052737
0.113149 0.032719 0.044029
0.107110 0.026820 0.052697
0.108000 0.026449 0.052636
0.112414 0.029417 0.046682
0.112395 0.029084 0.046518
0.105992 0.030763 0.052644
0.108868 0.030140 0.052670
0.109076 0.029938 0.052623
0.112693 0.030067 0.045345
0.112341 0.024578 0.048721
0.104302 0.032759 0.052797
0.112113 0.028804 0.048449
0.108225 0.032389 0.052689
0.109900 0.022865 0.052497
0.102644 0.029229 0.052719
0.106945 0.021765 0.052746
0.106128 0.030900 0.052645
0.108209 0.024273 0.052687
0.111230 0.028220 0.052115
0.109291 0.031762 0.052666
0.112947 0.025064 0.043827
0.112244 0.026674 0.049193
0.112774 0.032858 0.050376
0.112202 0.023817 0.048426
0.108045 0.027188 0.052606
0.110593 0.025246 0.052362
0.108631 0.026353 0.052652
0.110152 0.032434 0.052599
0.112266 0.025025 0.046897
0.112205 0.028296 0.048039
0.113041 0.032615 0.048348
0.111753 0.030768 0.052026
0.103511 0.032651 0.052743
0.105528 0.028411 0.052733
0.111126 0.032551 0.052310
0.110399 0.023259 0.052253
0.103806 0.033863 0.052805
0.112098 0.022668 0.050306
0.110213 0.024805 0.052475
0.111901 0.028029 0.051802
0.112316 0.026569 0.047785
0.112858 0.025030 0.045030
0.112974 0.028841 0.044500
0.111988 0.030970 0.051825
0.112335 0.025699 0.046798
0.112438 0.031514 0.045647
0.112069 0.022496 0.047966
0.107425 0.022734 0.052717
0.110111 0.027668 0.052535
0.102500 0.028542 0.052746
0.111501 0.027624 0.051866
0.110956 0.022786 0.051887
0.109028 0.032202 0.052729
0.104263 0.030895 0.052609
0.112269 0.030368 0.051534
0.112171 0.029000 0.048226
0.111200 0.023027 0.051796
0.109750 0.030153 0.052766
0.112829 0.031420 0.050091
0.112319 0.022378 0.045686
0.105094 0.033652 0.052790
0.109238 0.026983 0.052733
0.112547 0.024441 0.048365
0.112588 0.024216 0.045803
0.104068 0.027535 0.052737
0.102986 0.027329 0.052766
0.105998 0.023153 0.052697
0.104518 0.024874 0.052722
0.109409 0.024497 0.052637
0.109130 0.025428 0.052688
0.112587 0.024042 0.047601
0.103039 0.028148 0.052719
0.104566 0.029172 0.052762
0.112404 0.031867 0.046491
0.107393 0.026814 0.052660
0.102873 0.030687 0.052786
0.107666 0.024749 0.052700
0.106965 0.030927 0.052735
0.112110 0.028466 0.048333
0.112503 0.025629 0.047505
0.110229 0.032720 0.052610
0.112172 0.027076 0.051445
0.104931 0.028797 0.052731
0.111932 0.022359 0.048560
0.106739 0.029080 0.052702
0.112200 0.022980 0.050475
0.112334 0.029094 0.047916
0.113026 0.032855 0.049149
0.107574 0.025263 0.052712
0.108729 0.022969 0.052691
0.110805 0.025780 0.051741
0.108617 0.025795 0.052685
0.111320 0.033539 0.052209
0.108171 0.033153 0.052751
0.112115 0.028542 0.048092
0.104409 0.028832 0.052763
0.112578 0.032509 0.045809
0.107704 0.032585 0.052789
0.108285 0.030475 0.052745
0.113042 0.032498 0.048087
0.112988 0.028650 0.044757
0.112268 0.025693 0.046460
0.112325 0.028214 0.046660
0.111164 0.032157 0.052297
0.112261 0.029759 0.049260
0.111286 0.023636 0.051721
0.112179 0.027669 0.049746
0.103290 0.027272 0.052753
0.112480 0.025069 0.050097
0.110704 0.025409 0.052145
0.111377 0.032302 0.052265
0.112513 0.025249 0.047840
0.112291 0.030121 0.051527
0.111530 0.026060 0.051834
0.113069 0.032111 0.048867
0.111687 0.026366 0.051852
0.112056 0.023165 0.049238
0.112473 0.032962 0.045780
0.112311 0.028577 0.050230
0.113020 0.032541 0.043837
0.112253 0.024247 0.046137
0.112479 0.032667 0.046753
0.112215 0.031039 0.051671
0.112990 0.031875 0.044651
0.106453 0.024567 0.052759
0.110815 0.025149 0.052007
0.109902 0.024789 0.052531
0.110913 0.031658 0.052223
0.110913 0.023266 0.051853
0.109480 0.027423 0.052704
0.112618 0.023568 0.045922
0.112715 0.031694 0.051210
0.108999 0.028375 0.052703
0.112362 0.023337 0.046159
0.107096 0.031689 0.052777
0.108946 0.028115 0.052685
0.104245 0.033967 0.052816
0.112302 0.027067 0.045828
0.112339 0.030792 0.048134
0.112240 0.025044 0.051221
0.112278 0.022634 0.046111
0.112662 0.032516 0.047234
0.103767 0.026977 0.052739
0.112212 0.028807 0.051126
0.112086 0.023871 0.049267
0.109015 0.023608 0.052627
0.113054 0.032482 0.043894
0.107925 0.030480 0.052737
0.102664 0.029051 0.052722
0.112669 0.022581 0.043417
0.112726 0.031140 0.043951
0.112257 0.028710 0.050465
0.112617 0.024142 0.045974
0.103726 0.030715 0.052697
0.109336 0.025524 0.052648
0.112745 0.032256 0.047450
0.104695 0.031742 0.052715
0.107628 0.030613 0.052736
0.112815 0.029149 0.044000
0.103493 0.030813 0.052736
0.109728 0.031393 0.052714
0.108102 0.034001 0.052777
0.111661 0.022067 0.051552
0.109463 0.023837 0.052519
0.106325 0.025337 0.052728
0.112691 0.030480 0.045335
0.112391 0.025975 0.045827
0.108082 0.023690 0.052719
0.105028 0.032948 0.052783
0.110409 0.025324 0.052502
0.112873 0.026496 0.045376
0.105756 0.023969 0.052629
0.112265 0.028167 0.050217
0.112077 0.025940 0.051450
0.112397 0.029829 0.049634
0.112542 0.022323 0.045155
0.112303 0.027733 0.051113
0.112777 0.023609 0.043545
0.111152 0.028562 0.043483
0.112131 0.021969 0.050867
0.112791 0.022594 0.044607
0.110742 0.024549 0.051895
0.111465 0.028321 0.051963
0.105897 0.026482 0.052652
0.109995 0.022200 0.052537
0.112003 0.028408 0.051481
0.112624 0.025441 0.045169
0.109791 0.026231 0.052694
0.109110 0.027235 0.052714
0.112362 0.029329 0.047054
0.110741 0.031376 0.052309
0.106051 0.026686 0.052647
0.112896 0.026196 0.045148
0.112768 0.031926 0.047640
0.112124 0.022989 0.046613
0.107287 0.023328 0.052721
0.112451 0.025656 0.047704
0.110803 0.033098 0.052419
0.106221 0.027772 0.052672
0.109249 0.024087 0.052630
0.103841 0.033742 0.052804
0.112373 0.031911 0.046437
0.104567 0.028623 0.052756
0.109828 0.030564 0.052758
0.112432 0.031309 0.046793
0.112309 0.031090 0.046401
0.112444 0.031743 0.046604
0.112324 0.030006 0.046228
0.111149 0.025744 0.051768
0.107273 0.025434 0.052681
0.110326 0.031441 0.052596
0.112195 0.029871 0.051587
0.104775 0.034364 0.052815
0.110336 0.030479 0.052612
0.112911 0.023858 0.044676
0.108385 0.031433 0.052733
0.104056 0.026284 0.052739
0.108231 0.028619 0.052700
0.112147 0.031748 0.051704
0.108221 0.028285 0.052679
0.111968 0.026056 0.051635
0.110373 0.029007 0.052529
0.112207 0.024586 0.046234
0.110655 0.024179 0.051877
0.106188 0.033825 0.052778
0.111842 0.029124 0.051744
0.109170 0.024302 0.052685
0.107558 0.023673 0.052716
0.107799 0.030777 0.052750
0.112349 0.026420 0.046689
0.112693 0.031969 0.051293
0.104645 0.032532 0.052766
0.107314 0.031254 0.052665
0.113007 0.032469 0.047871
0.109480 0.030152 0.052707
0.112660 0.030498 0.050715
0.112706 0.032309 0.050166
0.105574 0.023848 0.052642
0.108110 0.026946 0.052597
0.107759 0.028322 0.052720
0.104700 0.027219 0.052725
0.112362 0.030248 0.047679
0.112219 0.029731 0.048656
0.110820 0.024808 0.051955
0.112071 0.023838 0.051476
0.113078 0.032947 0.043809
0.112456 0.025688 0.050406
0.112300 0.025350 0.046084
0.112135 0.027322 0.049799
0.108216 0.025384 0.052687
0.103502 0.028553 0.052716
0.112474 0.025392 0.050054
0.113099 0.026861 0.044225
0.112009 0.022462 0.046452
0.108534 0.029355 0.052654
0.106613 0.031115 0.052738
0.112115 0.022517 0.046356
0.105849 0.025954 0.052684
0.112160 0.027708 0.047918
0.110441 0.029219 0.052513
0.105940 0.031339 0.052599
0.112402 0.030824 0.047774
0.106885 0.027137 0.052725
0.112879 0.032762 0.050628
0.103532 0.032374 0.052754
0.106183 0.034164 0.052785
0.113014 0.027600 0.043865
0.104627 0.028216 0.052731
0.106557 0.025471 0.052696
0.109116 0.032909 0.052724
0.112609 0.023255 0.045028
0.110745 0.026157 0.051725
0.112212 0.023947 0.046372
0.112372 0.030728 0.048771
0.113125 0.027097 0.043910
0.106456 0.031280 0.052707
0.102426 0.028107 0.052751
0.112364 0.029959 0.047842
0.112196 0.023533 0.050001
0.112559 0.029225 0.045631
0.112309 0.028165 0.050841
0.112326 0.030336 0.046886
0.110192 0.028455 0.052590
0.112175 0.022982 0.047237
0.112074 0.026321 0.050355
0.112610 0.027405 0.045504
0.108534 0.021779 0.052758
0.107709 0.027466 0.052682
0.112524 0.023710 0.045384
0.113114 0.027257 0.044132
0.111509 0.023471 0.051701
0.105283 0.025124 0.052698
0.112123 0.023549 0.048424
0.111436 0.026372 0.051862
0.112237 0.027998 0.047194
0.112300 0.029745 0.048302
0.108012 0.025662 0.052669
0.112299 0.026013 0.046229
0.110942 0.021914 0.051842
0.112646 0.029765 0.045463
0.112334 0.030059 0.045937
0.107512 0.027115 0.052686
0.112378 0.026593 0.047429
0.113042 0.026712 0.044518
0.111180 0.030026 0.052269
0.109667 0.022207 0.052594
0.112107 0.023298 0.048363
0.111175 0.029667 0.052352
0.109606 0.027578 0.052711
0.112193 0.026262 0.049674
0.112989 0.033161 0.048994
0.112147 0.026818 0.051446
0.112421 0.026793 0.047055
0.112851 0.029886 0.044350
0.104802 0.030019 0.052729
0.107774 0.025886 0.052651
0.112651 0.030266 0.050613
0.112058 0.024559 0.051523
0.112191 0.027275 0.050771
0.104669 0.033428 0.052799
0.112128 0.027353 0.050314
0.109819 0.028483 0.052732
0.112257 0.028242 0.046053
0.104894 0.029815 0.052705
0.105034 0.024491 0.052704
0.107847 0.022442 0.052716
0.107837 0.021966 0.052709
0.112325 0.028358 0.049945
0.112207 0.027949 0.049370
0.111199 0.031795 0.052275
0.112235 0.027048 0.051072
0.110654 0.024984 0.052182
0.112222 0.023563 0.048184
0.112338 0.029437 0.046806
0.112980 0.026411 0.044955
0.109848 0.032890 0.052730
0.109059 0.030666 0.052688
0.112253 0.028056 0.049795
0.109820 0.033445 0.052758
0.110124 0.025627 0.052559
0.108018 0.029879 0.052674
0.112111 0.023858 0.048860
0.104770 0.025098 0.052715
0.112009 0.022520 0.048967
0.106526 0.027718 0.052705
0.107591 0.022545 0.052719
0.108810 0.032416 0.052745
0.110433 0.027475 0.052447
0.113027 0.028401 0.044579
0.112323 0.027167 0.046842
0.109307 0.032109 0.052718
0.106653 0.033044 0.052716
0.113012 0.033050 0.048115
0.112245 0.026996 0.046056
0.113046 0.032058 0.048276
0.107533 0.032387 0.052829
0.112552 0.025407 0.047640
0.112448 0.031312 0.048560
0.112867 0.031469 0.049539
0.112710 0.032338 0.050395
0.103521 0.029343 0.052670
0.103051 0.032007 0.052790
0.111226 0.024388 0.051759
0.106028 0.025780 0.052680
0.112835 0.032749 0.045347
