0.028304 -0.094826 0.050886
0.022148 -0.087421 0.051573
0.022063 -0.094195 0.050849
0.020906 -0.086896 0.050858
0.018285 -0.086684 0.050520
0.023125 -0.087174 0.052956
0.024945 -0.093780 0.050865
0.018205 -0.090698 0.050154
0.022155 -0.091235 0.050758
0.027469 -0.096600 0.051069
0.017112 -0.096789 0.050900
0.027237 -0.089465 0.051237
0.018061 -0.094912 0.050839
0.018934 -0.089966 0.049809
0.026471 -0.090256 0.050618
0.029003 -0.095057 0.050888
0.015023 -0.095052 0.050642
0.023368 -0.089200 0.050216
0.019081 -0.092210 0.050599
0.022501 -0.087650 0.051627
0.021492 -0.092087 0.050767
0.016336 -0.087700 0.049663
0.027385 -0.093971 0.050871
0.019952 -0.086924 0.050306
0.026336 -0.092650 0.050973
0.020773 -0.086532 0.051162
0.020906 -0.094471 0.050784
0.026688 -0.090746 0.050717
0.025250 -0.094027 0.050890
0.020730 -0.087194 0.050421
0.027444 -0.089510 0.051234
0.025174 -0.088217 0.051964
0.026693 -0.095695 0.051027
0.020263 -0.097037 0.051045
0.022994 -0.086786 0.053088
0.023749 -0.088630 0.050592
0.023242 -0.088325 0.050699
0.026649 -0.087795 0.052571
0.020373 -0.088862 0.049701
0.022754 -0.088002 0.050679
0.016003 -0.089504 0.049800
0.028445 -0.093712 0.050791
0.023767 -0.088326 0.051107
0.021047 -0.089184 0.049839
0.023984 -0.088418 0.052325
0.027815 -0.096420 0.051052
0.018775 -0.087246 0.050151
0.022076 -0.089837 0.050203
0.016909 -0.089038 0.049578
0.025479 -0.093407 0.050908
0.018815 -0.092021 0.050550
0.020485 -0.087162 0.050197
0.020780 -0.086130 0.051420
0.023510 -0.088639 0.050317
0.015993 -0.087183 0.049566
0.024237 -0.086589 0.053301
0.026450 -0.087437 0.052717
0.023253 -0.095385 0.050970
0.022782 -0.093016 0.050813
0.020505 -0.095725 0.050905
0.021246 -0.094479 0.050811
0.022051 -0.091561 0.050831
0.023945 -0.086549 0.053329
0.025123 -0.085789 0.053437
0.026132 -0.088981 0.051295
0.023035 -0.088251 0.051490
0.023433 -0.088476 0.051744
0.025470 -0.097153 0.050898
0.022666 -0.091542 0.050821
0.021080 -0.085332 0.052604
0.026633 -0.093375 0.050940
0.015577 -0.092438 0.050589
0.021731 -0.094879 0.050847
0.024904 -0.093182 0.050889
0.021290 -0.093480 0.050686
0.024347 -0.096815 0.050967
0.025001 -0.087344 0.052934
0.025192 -0.091556 0.050794
0.022307 -0.091566 0.050828
0.022150 -0.089612 0.050223
0.022061 -0.095002 0.050879
0.025387 -0.088285 0.051513
0.019701 -0.092942 0.050635
0.026837 -0.094399 0.050933
0.024885 -0.084697 0.053509
0.015317 -0.093591 0.050758
0.024405 -0.088449 0.052329
0.023168 -0.088016 0.052138
0.025722 -0.096086 0.050797
0.018014 -0.095667 0.050879
0.024274 -0.086954 0.053257
0.022859 -0.093332 0.050796
0.024186 -0.088345 0.051166
0.021952 -0.092898 0.050682
0.023580 -0.089858 0.050323
0.023996 -0.095190 0.050940
0.023092 -0.088232 0.051808
0.020063 -0.086265 0.051060
0.024645 -0.087536 0.052955
0.023428 -0.088742 0.050267
0.028349 -0.092953 0.050915
0.022364 -0.088600 0.050284
0.024828 -0.091736 0.050843
0.016123 -0.086583 0.049575
0.025054 -0.094921 0.050879
0.016977 -0.086025 0.050510
0.019462 -0.090768 0.050127
0.025079 -0.087451 0.052654
0.024244 -0.092495 0.050886
0.022480 -0.089884 0.050367
0.019089 -0.088755 0.049679
0.022567 -0.093615 0.050732
0.022771 -0.087821 0.051794
0.015244 -0.091493 0.050521
0.021048 -0.090156 0.050102
0.022894 -0.094341 0.050947
0.017757 -0.087516 0.049865
0.021773 -0.086551 0.051970
0.025192 -0.088032 0.052121
0.021833 -0.087362 0.051147
0.023080 -0.096508 0.050943
0.022234 -0.087821 0.050650
0.018483 -0.096740 0.050904
0.025958 -0.093814 0.050929
0.021357 -0.086438 0.051653
0.017693 -0.094031 0.050723
0.025414 -0.096143 0.050944
0.024310 -0.096132 0.051033
0.024711 -0.086101 0.053366
0.017640 -0.089750 0.049931
0.022399 -0.087482 0.051815
0.022726 -0.086623 0.052849
0.024203 -0.095402 0.050928
0.022061 -0.085674 0.052816
0.025925 -0.086963 0.053109
0.026818 -0.096252 0.051057
0.020356 -0.085573 0.052033
0.018682 -0.090480 0.050007
0.018086 -0.089708 0.049927
0.027771 -0.093316 0.050799
0.024785 -0.084899 0.053523
0.025586 -0.087379 0.052606
0.018902 -0.095381 0.050877
0.018324 -0.087425 0.050018
0.027196 -0.088985 0.051548
0.026198 -0.089545 0.050629
0.025749 -0.091814 0.050873
0.019191 -0.091916 0.050514
0.022294 -0.087718 0.051016
0.015124 -0.093936 0.050775
0.027860 -0.092627 0.050899
0.024417 -0.091489 0.050769
0.015282 -0.094856 0.050655
0.024645 -0.096208 0.050977
0.027237 -0.089465 0.051237
0.016114 -0.095499 0.050839
0.018078 -0.087079 0.050240
0.028027 -0.095975 0.051001
0.017930 -0.096656 0.050869
0.028004 -0.093075 0.050854
0.017385 -0.086785 0.050298
0.025741 -0.086046 0.053473
0.017319 -0.087042 0.050079
0.026848 -0.089274 0.051238
0.015686 -0.095362 0.050822
0.027241 -0.093028 0.050914
0.018196 -0.088354 0.049547
0.024362 -0.089145 0.050299
0.022225 -0.087079 0.052059
0.026719 -0.092019 0.050932
0.023867 -0.091493 0.050738
0.016415 -0.086409 0.049839
0.026599 -0.089294 0.051149
0.025045 -0.086121 0.053401
0.019819 -0.091105 0.050283
0.021737 -0.085652 0.052650
0.021425 -0.096959 0.051052
0.022445 -0.096156 0.051033
0.019754 -0.086690 0.050474
0.020601 -0.088278 0.049808
0.026425 -0.093548 0.050915
0.025702 -0.091278 0.050761
0.022843 -0.095956 0.050997
0.026112 -0.086684 0.053356
0.021357 -0.086438 0.051653
0.018989 -0.091481 0.050323
0.023568 -0.088407 0.051397
0.023351 -0.094826 0.050852
0.026712 -0.089756 0.050865
0.021214 -0.093969 0.050796
0.028034 -0.093808 0.050815
0.017447 -0.089995 0.050009
0.016971 -0.086463 0.050288
0.019963 -0.090060 0.050018
0.014561 -0.094507 0.050749
0.025615 -0.089653 0.050483
0.019583 -0.092281 0.050570
0.022563 -0.088904 0.050217
0.023991 -0.088452 0.050800
0.017305 -0.086155 0.050630
0.018116 -0.097207 0.050890
0.018206 -0.096427 0.050854
0.022894 -0.092843 0.050808
0.024606 -0.094271 0.050894
0.021431 -0.096457 0.051042
0.016707 -0.088499 0.049434
0.021894 -0.086113 0.052422
0.025330 -0.086521 0.053370
0.020370 -0.086505 0.050858
0.023440 -0.088051 0.052352
0.021819 -0.090660 0.050517
0.016615 -0.090858 0.050244
0.018837 -0.089443 0.049812
0.020106 -0.095820 0.050932
0.018242 -0.094243 0.050775
0.017944 -0.096048 0.050887
0.022942 -0.088180 0.050714
0.024154 -0.088291 0.052452
0.027101 -0.089211 0.051370
0.017999 -0.091671 0.050335
0.023216 -0.087005 0.053163
0.026015 -0.091342 0.050767
0.028466 -0.093351 0.050868
0.025288 -0.086867 0.053187
0.025486 -0.085795 0.053470
0.016502 -0.086961 0.049733
0.018353 -0.093795 0.050764
0.024021 -0.091621 0.050772
0.016398 -0.087528 0.049731
0.018697 -0.086412 0.050738
0.026973 -0.089564 0.051097
0.027030 -0.091344 0.050758
0.015970 -0.093811 0.050739
0.019818 -0.090862 0.050219
0.024601 -0.090010 0.050440
0.024500 -0.087864 0.052591
0.021530 -0.091392 0.050672
0.023050 -0.097112 0.050894
0.025106 -0.094369 0.050876
0.016104 -0.094289 0.050650
0.018362 -0.093365 0.050672
0.025236 -0.093038 0.050918
0.025864 -0.089923 0.050511
0.022686 -0.087612 0.052018
0.021257 -0.087360 0.050780
0.015655 -0.094805 0.050676
0.017081 -0.091226 0.050187
0.023068 -0.088029 0.051884
0.020815 -0.095982 0.050954
0.023555 -0.085225 0.053524
0.021653 -0.094307 0.050818
0.024051 -0.091253 0.050657
0.019891 -0.095621 0.050874
0.017114 -0.089382 0.049730
0.024412 -0.088210 0.052453
0.023909 -0.088324 0.050927
0.018609 -0.091035 0.050137
0.019221 -0.088385 0.049649
0.025965 -0.089614 0.050554
0.027751 -0.095141 0.050950
0.022780 -0.092351 0.050844
0.022759 -0.095300 0.050962
0.015885 -0.090232 0.050173
0.024707 -0.088007 0.052459
0.021304 -0.098128 0.050922
0.016081 -0.090437 0.050231
0.025942 -0.095425 0.050989
0.016323 -0.090640 0.050232
0.017413 -0.085987 0.050942
0.016662 -0.087656 0.049702
0.021785 -0.096518 0.051063
0.023224 -0.089637 0.050176
0.020098 -0.095155 0.050818
0.026558 -0.096056 0.051044
0.024530 -0.090637 0.050544
0.024730 -0.092291 0.050918
0.016802 -0.092911 0.050549
0.027012 -0.091922 0.050862
0.022892 -0.092019 0.050866
0.019845 -0.095316 0.050831
0.016223 -0.094989 0.050789
0.023908 -0.092748 0.050902
0.017394 -0.090651 0.050184
0.024228 -0.095719 0.050984
0.023245 -0.088356 0.051464
0.026571 -0.091731 0.050895
0.016733 -0.093821 0.050688
0.020305 -0.090012 0.049966
0.024591 -0.093761 0.050853
0.026481 -0.094290 0.050933
0.022223 -0.087314 0.051823
0.025225 -0.095532 0.050946
0.021792 -0.094021 0.050762
0.018656 -0.097857 0.050932
0.019661 -0.096024 0.051000
0.024609 -0.088314 0.051265
0.025624 -0.086850 0.053186
0.024831 -0.090826 0.050604
0.025565 -0.084606 0.053465
0.020224 -0.086608 0.050597
0.021725 -0.086109 0.052267
0.019898 -0.092477 0.050603
0.019464 -0.097068 0.050974
0.021792 -0.086286 0.052190
0.018695 -0.087990 0.049673
0.020992 -0.095845 0.050921
0.020573 -0.090163 0.049983
0.018571 -0.091322 0.050193
0.020676 -0.086880 0.050734
0.025455 -0.089037 0.051051
0.021346 -0.089519 0.050035
0.026771 -0.088124 0.052335
0.016662 -0.086196 0.050120
0.018744 -0.092196 0.050562
0.025387 -0.088285 0.051513
0.024470 -0.090991 0.050643
0.017575 -0.091684 0.050363
0.024583 -0.092543 0.050921
0.017598 -0.087008 0.050202
0.024121 -0.097540 0.050903
0.016709 -0.095334 0.050851
0.023950 -0.088833 0.050466
0.019246 -0.086392 0.050781
0.025782 -0.091571 0.050816
0.021367 -0.087667 0.050584
0.023829 -0.085015 0.053530
0.020923 -0.097095 0.051014
0.029389 -0.096250 0.051056
0.016523 -0.088117 0.049568
0.021581 -0.096750 0.051067
0.015454 -0.090611 0.050304
0.021832 -0.091678 0.050818
0.015454 -0.090611 0.050304
0.021304 -0.098128 0.050922
0.022595 -0.087864 0.051147
0.024138 -0.084878 0.053512
0.024661 -0.088666 0.050931
0.027691 -0.095382 0.050973
0.020161 -0.092314 0.050527
0.019420 -0.091618 0.050406
0.019779 -0.089899 0.049974
0.020862 -0.087492 0.050283
0.016372 -0.095801 0.050804
0.025807 -0.092161 0.050938
0.015488 -0.095575 0.050797
0.027385 -0.093971 0.050871
0.025752 -0.087453 0.052528
0.026496 -0.093029 0.050955
0.023951 -0.089740 0.050354
0.020692 -0.090522 0.050141
0.015419 -0.094259 0.050746
0.019464 -0.085791 0.051652
0.026719 -0.092019 0.050932
0.016415 -0.086409 0.049839
0.025439 -0.091781 0.050841
0.017999 -0.086732 0.050457
0.018770 -0.089823 0.049862
0.024707 -0.088007 0.052459
0.024371 -0.087704 0.052857
0.026509 -0.094713 0.050929
0.021138 -0.088689 0.049707
0.015227 -0.092562 0.050671
0.028662 -0.094471 0.050907
0.027455 -0.092517 0.050896
0.021535 -0.090625 0.050320
0.018539 -0.092417 0.050496
0.023212 -0.096964 0.050904
0.023097 -0.089857 0.050240
0.016757 -0.085931 0.050280
0.020033 -0.088814 0.049652
0.021497 -0.092840 0.050707
0.025620 -0.093838 0.050895
0.025666 -0.090376 0.050563
0.028429 -0.092582 0.050922
0.024323 -0.087505 0.053069
0.025022 -0.092763 0.050934
0.028856 -0.094242 0.050869
0.024351 -0.088400 0.051453
0.018246 -0.087955 0.049678
0.025871 -0.093148 0.050909
0.019860 -0.096993 0.051028
0.027615 -0.090548 0.050732
0.021138 -0.090562 0.050183
0.025088 -0.088905 0.051003
0.020280 -0.092574 0.050614
0.016227 -0.089192 0.049690
0.020994 -0.086637 0.051240
0.016075 -0.093421 0.050682
0.025618 -0.088179 0.051742
0.020852 -0.092658 0.050703
0.019804 -0.085850 0.051554
0.022439 -0.085635 0.053052
0.020785 -0.091194 0.050407
0.024506 -0.088384 0.051029
0.021923 -0.090989 0.050679
0.024027 -0.090783 0.050575
0.015957 -0.091511 0.050403
0.017288 -0.089160 0.049567
0.026199 -0.088747 0.051418
0.026284 -0.089164 0.051199
0.024836 -0.090584 0.050547
0.023728 -0.091898 0.050808
0.019488 -0.087674 0.049764
0.026075 -0.087567 0.052502
0.026719 -0.092019 0.050932
0.027794 -0.092899 0.050819
0.025299 -0.087777 0.052207
0.028409 -0.095151 0.050939
0.027571 -0.092298 0.050937
0.019771 -0.098360 0.050937
0.020313 -0.086885 0.050358
0.025680 -0.089407 0.050661
0.025007 -0.086488 0.053338
0.024047 -0.097024 0.050873
0.019981 -0.094893 0.050760
0.027615 -0.090548 0.050732
0.017366 -0.092010 0.050404
0.015021 -0.092895 0.050708
0.027567 -0.093117 0.050854
0.026727 -0.088613 0.051741
0.019201 -0.087052 0.050245
0.026290 -0.089290 0.051032
0.018339 -0.094620 0.050786
0.022631 -0.085506 0.053269
0.022925 -0.087845 0.052010
0.022770 -0.086241 0.053064
0.028595 -0.094725 0.050888
0.019713 -0.098065 0.050991
0.022902 -0.094750 0.050909
0.026374 -0.090068 0.050603
0.017979 -0.095342 0.050884
0.021819 -0.090660 0.050517
0.024319 -0.092826 0.050910
0.024890 -0.090218 0.050477
0.019506 -0.096382 0.050992
0.019695 -0.091421 0.050342
0.026108 -0.092968 0.050955
0.024302 -0.092121 0.050879
0.025856 -0.085246 0.053533
0.017896 -0.097274 0.050900
0.015983 -0.088613 0.049563
0.019854 -0.096749 0.051024
0.022355 -0.090919 0.050653
0.019193 -0.089750 0.049863
0.022501 -0.097201 0.050958
0.018339 -0.094620 0.050786
0.023341 -0.086790 0.053283
0.017481 -0.096162 0.050884
0.025633 -0.086399 0.053437
0.015227 -0.092562 0.050671
0.024423 -0.085238 0.053479
0.023810 -0.087316 0.053216
0.023179 -0.088357 0.050577
0.021592 -0.086712 0.051627
0.024585 -0.091750 0.050840
0.019039 -0.085956 0.051314
0.020026 -0.093891 0.050685
0.018440 -0.087569 0.049882
0.026075 -0.087567 0.052502
0.023368 -0.093752 0.050898
0.020751 -0.098454 0.050987
0.025551 -0.095829 0.050936
0.021115 -0.088248 0.050018
0.025694 -0.085006 0.053515
0.015021 -0.092895 0.050708
0.027691 -0.095382 0.050973
0.028027 -0.095975 0.051001
0.018693 -0.093933 0.050752
0.023676 -0.096586 0.051007
0.023419 -0.092600 0.050892
0.023972 -0.085755 0.053416
0.021317 -0.087911 0.050307
0.021139 -0.089768 0.050081
0.019048 -0.097990 0.050921
0.020481 -0.086404 0.051087
0.025611 -0.089249 0.050887
0.019636 -0.087177 0.050144
0.025847 -0.088991 0.051205
0.026357 -0.092059 0.050956
0.026089 -0.095161 0.050996
0.019274 -0.087961 0.049641
0.023816 -0.092445 0.050895
0.019318 -0.097232 0.050923
0.016279 -0.087242 0.049701
0.021149 -0.085610 0.052133
0.021236 -0.091267 0.050607
0.020987 -0.087929 0.050065
0.022853 -0.096727 0.050935
0.020285 -0.093613 0.050685
0.020374 -0.090692 0.050177
0.022528 -0.088218 0.050446
0.019848 -0.095866 0.050973
0.017619 -0.090454 0.050164
0.026351 -0.089810 0.050661
0.024177 -0.088578 0.052053
0.025418 -0.088239 0.051718
0.024484 -0.094732 0.050885
0.028304 -0.094826 0.050886
0.026571 -0.091731 0.050895
0.025260 -0.090367 0.050510
0.015838 -0.093173 0.050631
0.022443 -0.096417 0.051002
0.022567 -0.089202 0.050189
0.020815 -0.088848 0.049768
0.019544 -0.092622 0.050643
0.019420 -0.091618 0.050406
0.018297 -0.093031 0.050635
0.019835 -0.088110 0.049710
0.022572 -0.086875 0.052585
0.025938 -0.090867 0.050673
0.022439 -0.097435 0.050972
0.024982 -0.092266 0.050928
0.025887 -0.085790 0.053499
0.028093 -0.093478 0.050784
0.018646 -0.096484 0.050900
0.017865 -0.094574 0.050752
0.023140 -0.088337 0.051704
0.016646 -0.090355 0.050130
0.019578 -0.097458 0.050940
0.017026 -0.094850 0.050720
0.019204 -0.094504 0.050728
0.017865 -0.094574 0.050752
0.020494 -0.095977 0.050932
0.025248 -0.089536 0.050486
0.021781 -0.089602 0.050123
0.019180 -0.094838 0.050737
0.025719 -0.092407 0.050962
0.029347 -0.095855 0.051000
0.024001 -0.087683 0.052915
0.019182 -0.086652 0.050539
0.024816 -0.088449 0.051102
0.024339 -0.097320 0.050900
0.025418 -0.088239 0.051718
0.026635 -0.092422 0.050982
0.027802 -0.090742 0.050795
0.021412 -0.097817 0.050954
0.016633 -0.094948 0.050782
0.022118 -0.095382 0.050875
0.018502 -0.087294 0.050122
0.018930 -0.096625 0.050942
0.017963 -0.086424 0.050674
0.015972 -0.092354 0.050509
0.020596 -0.097619 0.050998
0.020721 -0.087288 0.050247
0.024372 -0.085014 0.053502
0.023209 -0.087846 0.052364
0.018766 -0.098143 0.050942
0.018871 -0.088310 0.049639
0.025323 -0.094643 0.050889
0.027441 -0.093423 0.050821
0.023347 -0.094268 0.050912
0.019637 -0.090084 0.050010
0.025925 -0.086963 0.053109
0.016135 -0.089764 0.049922
0.023248 -0.091372 0.050728
0.016403 -0.093079 0.050595
0.027718 -0.094528 0.050874
0.018740 -0.094871 0.050767
0.025763 -0.097020 0.050925
0.027665 -0.091423 0.050870
0.020591 -0.095417 0.050834
0.025260 -0.090367 0.050510
0.027860 -0.092627 0.050899
0.023614 -0.094032 0.050924
0.015203 -0.093230 0.050749
0.023305 -0.093357 0.050826
0.021805 -0.087281 0.051338
0.021259 -0.092532 0.050705
0.020257 -0.087253 0.050089
0.017050 -0.091600 0.050229
0.020462 -0.092261 0.050544
0.016534 -0.085756 0.050105
0.022385 -0.097862 0.050965
0.021458 -0.093907 0.050778
0.022675 -0.088437 0.050317
0.025383 -0.087331 0.052704
0.024249 -0.093647 0.050876
0.022621 -0.097402 0.050952
0.019151 -0.098303 0.050920
0.025811 -0.088026 0.051990
0.023175 -0.095655 0.050960
0.026033 -0.088774 0.051327
0.021595 -0.095076 0.050862
0.023240 -0.085396 0.053495
0.023370 -0.087327 0.053057
0.025011 -0.084892 0.053511
0.020098 -0.095155 0.050818
0.026091 -0.088527 0.051518
0.028132 -0.096622 0.051032
0.017215 -0.086557 0.050391
0.023209 -0.093144 0.050858
0.023663 -0.088705 0.050421
0.018681 -0.092742 0.050594
0.028015 -0.091359 0.050899
0.027240 -0.093590 0.050881
0.019308 -0.089091 0.049736
0.017481 -0.094520 0.050686
0.026414 -0.089585 0.050772
0.021047 -0.086316 0.051387
0.025536 -0.087042 0.052962
0.021076 -0.096168 0.050990
0.021898 -0.094592 0.050847
0.017890 -0.087769 0.049726
0.018398 -0.090373 0.050041
0.023356 -0.096361 0.050988
0.021824 -0.092566 0.050723
0.022524 -0.093202 0.050726
0.016991 -0.087466 0.049754
0.022902 -0.094750 0.050909
0.024237 -0.086589 0.053301
0.020889 -0.088187 0.049948
0.027336 -0.091448 0.050828
0.027464 -0.096207 0.051035
0.021786 -0.091979 0.050841
0.018493 -0.090682 0.050096
0.027143 -0.096267 0.051038
0.016507 -0.095565 0.050851
0.018832 -0.094276 0.050756
0.017760 -0.093259 0.050601
0.021435 -0.087100 0.051090
0.021042 -0.092740 0.050725
0.021426 -0.088731 0.049870
0.018889 -0.091203 0.050161
0.022295 -0.088287 0.050365
0.018679 -0.085977 0.051255
0.021162 -0.087673 0.050450
0.018967 -0.093023 0.050634
0.019970 -0.093317 0.050666
0.026936 -0.089084 0.051407
0.017425 -0.091300 0.050258
0.020168 -0.085863 0.051576
0.021429 -0.094934 0.050837
0.024641 -0.087072 0.053206
0.024302 -0.092121 0.050879
0.018875 -0.092377 0.050582
0.025187 -0.093745 0.050868
0.022763 -0.089604 0.050249
0.025749 -0.091814 0.050873
0.021409 -0.097230 0.051025
0.024695 -0.085731 0.053402
0.017700 -0.090166 0.050075
0.025652 -0.088851 0.051213
0.018351 -0.086452 0.050698
0.022029 -0.086770 0.052076
0.018060 -0.093933 0.050763
0.022860 -0.089052 0.050154
0.024503 -0.088553 0.052141
0.018814 -0.090691 0.050040
0.025242 -0.089007 0.050890
0.022520 -0.087160 0.052317
0.023891 -0.085385 0.053479
0.026662 -0.090465 0.050690
0.016417 -0.086654 0.049739
0.024145 -0.088501 0.051717
0.025825 -0.096302 0.050989
0.021902 -0.088053 0.050392
0.020513 -0.086856 0.050561
0.022387 -0.090165 0.050451
0.022918 -0.085508 0.053422
0.019522 -0.086875 0.050358
0.017089 -0.093473 0.050669
0.021379 -0.086986 0.051231
0.015563 -0.090182 0.050090
0.023499 -0.088494 0.051961
0.016515 -0.089266 0.049657
0.018977 -0.097766 0.050958
0.026245 -0.089422 0.050846
0.017863 -0.088364 0.049505
0.021823 -0.092257 0.050805
0.023013 -0.087619 0.052406
0.019284 -0.085686 0.051772
0.022932 -0.092567 0.050824
0.018724 -0.095068 0.050792
0.022624 -0.087816 0.051352
0.020562 -0.087408 0.050105
0.016334 -0.094004 0.050653
0.020589 -0.087637 0.049919
0.017883 -0.088086 0.049590
0.022482 -0.087382 0.052049
0.020091 -0.097422 0.050968
0.026120 -0.092298 0.050959
0.019965 -0.085655 0.051861
0.019550 -0.094666 0.050737
0.020964 -0.091427 0.050602
0.021155 -0.097039 0.050992
0.026195 -0.094042 0.050908
0.017481 -0.086419 0.050528
0.024058 -0.088713 0.050673
0.015692 -0.090382 0.050226
0.019796 -0.085489 0.052084
0.017380 -0.094894 0.050725
0.024879 -0.094071 0.050875
0.027482 -0.090145 0.050778
0.024572 -0.093328 0.050866
0.026015 -0.087704 0.052438
0.026432 -0.088656 0.051516
0.020071 -0.086712 0.050446
0.021462 -0.088646 0.049972
0.022700 -0.097751 0.050981
0.022631 -0.090649 0.050610
0.020594 -0.097182 0.050992
0.025922 -0.093449 0.050937
0.017120 -0.093042 0.050588
0.024985 -0.088744 0.051073
0.021706 -0.088519 0.050154
0.021731 -0.094879 0.050847
0.018170 -0.096759 0.050831
0.014568 -0.094200 0.050773
0.024687 -0.089650 0.050388
0.016880 -0.095655 0.050848
0.022912 -0.091332 0.050741
0.020703 -0.087047 0.050592
0.017466 -0.094196 0.050662
0.024243 -0.088435 0.050935
0.025103 -0.089252 0.050594
0.019942 -0.086472 0.050732
0.025426 -0.091950 0.050880
0.023291 -0.089972 0.050313
0.026125 -0.090313 0.050574
0.020712 -0.087638 0.050036
0.016615 -0.090858 0.050244
0.021359 -0.094191 0.050823
0.019593 -0.087951 0.049654
0.019527 -0.096789 0.050983
0.017846 -0.090684 0.050198
0.017481 -0.096162 0.050884
0.027468 -0.090882 0.050766
0.021390 -0.085603 0.052442
0.026471 -0.088064 0.052267
0.017794 -0.091310 0.050297
0.022118 -0.086505 0.052358
0.023416 -0.091055 0.050659
0.018316 -0.097820 0.050915
0.021726 -0.087521 0.050823
0.023315 -0.091952 0.050838
0.020323 -0.090376 0.050088
0.021264 -0.095716 0.050948
0.025937 -0.095981 0.050976
0.025722 -0.096086 0.050797
0.023328 -0.088939 0.050262
0.023390 -0.088237 0.052177
0.028060 -0.094370 0.050877
0.026384 -0.088443 0.051698
0.027844 -0.096145 0.051033
0.022347 -0.093891 0.050830
0.025433 -0.086753 0.053288
0.016896 -0.087813 0.049638
0.027240 -0.093590 0.050881
0.017321 -0.095419 0.050841
0.026838 -0.096877 0.051093
0.021359 -0.094191 0.050823
0.027101 -0.090395 0.050732
0.027938 -0.094789 0.050917
0.016199 -0.086330 0.049628
0.024909 -0.086859 0.053246
0.022622 -0.094644 0.050926
0.026487 -0.088116 0.052142
0.019804 -0.085850 0.051554
0.019039 -0.085956 0.051314
0.021052 -0.087768 0.050239
0.016321 -0.091338 0.050346
0.015529 -0.093844 0.050797
0.022385 -0.097862 0.050965
0.020033 -0.086029 0.051313
0.025263 -0.096984 0.050931
0.025493 -0.084994 0.053498
0.016547 -0.091906 0.050391
0.018112 -0.093439 0.050700
0.024154 -0.088291 0.052452
0.028080 -0.091883 0.050975
0.024937 -0.091405 0.050761
0.021838 -0.091305 0.050748
0.020676 -0.096554 0.051011
0.020980 -0.098199 0.050939
0.021930 -0.097677 0.050953
0.016600 -0.087338 0.049755
0.020050 -0.098515 0.050992
0.020595 -0.086752 0.050784
0.020513 -0.098164 0.051012
0.018837 -0.089443 0.049812
0.019155 -0.085781 0.051612
0.016427 -0.087874 0.049577
0.023348 -0.096768 0.050934
0.022233 -0.086578 0.052430
0.022198 -0.097948 0.050932
0.019629 -0.095643 0.050942
0.024640 -0.092922 0.050920
0.022677 -0.085270 0.053433
0.027024 -0.090648 0.050697
0.026619 -0.089991 0.050741
0.028991 -0.094685 0.050885
0.021892 -0.089385 0.050082
0.014795 -0.093086 0.050728
0.023035 -0.088251 0.051490
0.022251 -0.097573 0.050984
0.021911 -0.087183 0.051518
0.021052 -0.087768 0.050239
0.023068 -0.088029 0.051884
0.021623 -0.086988 0.051424
0.016199 -0.086330 0.049628
0.024377 -0.090365 0.050484
0.022572 -0.086875 0.052585
0.022080 -0.088369 0.050320
0.020393 -0.094628 0.050756
0.021281 -0.085604 0.052283
0.023356 -0.096361 0.050988
0.026674 -0.089019 0.051347
0.024900 -0.089254 0.050422
0.021593 -0.087232 0.051132
0.023681 -0.090787 0.050593
0.022049 -0.087167 0.051757
0.019927 -0.093623 0.050675
0.022560 -0.087902 0.050627
0.016114 -0.095499 0.050839
0.018327 -0.095064 0.050842
0.027718 -0.094528 0.050874
0.016151 -0.091742 0.050440
0.025383 -0.087331 0.052704
0.026126 -0.086938 0.053190
0.024842 -0.087722 0.052550
0.022506 -0.094267 0.050921
0.026956 -0.088829 0.051647
0.016913 -0.088116 0.049564
0.023287 -0.087612 0.052658
0.027238 -0.096849 0.051093
0.020749 -0.094955 0.050817
0.019346 -0.087355 0.049979
0.017058 -0.088217 0.049521
0.023001 -0.086566 0.053169
0.020230 -0.086420 0.050938
0.023726 -0.095328 0.050956
0.019086 -0.097513 0.050957
0.016997 -0.094155 0.050683
0.019380 -0.090027 0.049956
0.026818 -0.096252 0.051057
0.018094 -0.092408 0.050489
0.022223 -0.088068 0.050480
0.025741 -0.086046 0.053473
0.022796 -0.088762 0.050202
0.018663 -0.097164 0.050939
0.026061 -0.087351 0.052663
0.014661 -0.093865 0.050735
0.025708 -0.087254 0.052756
0.025857 -0.090651 0.050639
0.019676 -0.094293 0.050697
0.019835 -0.088110 0.049710
0.022482 -0.087382 0.052049
0.026541 -0.089510 0.050944
0.015270 -0.091778 0.050592
0.026395 -0.091353 0.050805
0.023972 -0.088535 0.052173
0.026966 -0.093174 0.050951
0.026313 -0.087594 0.052583
0.019083 -0.087510 0.049853
0.022076 -0.089210 0.050051
0.020591 -0.095417 0.050834
0.022205 -0.088915 0.050173
0.023816 -0.092445 0.050895
0.016227 -0.089192 0.049690
0.021773 -0.086551 0.051970
0.017470 -0.088936 0.049519
0.021786 -0.091979 0.050841
0.020637 -0.086312 0.051220
0.024506 -0.084794 0.053513
0.026769 -0.089575 0.051015
0.015317 -0.093591 0.050758
0.020181 -0.095367 0.050831
0.028428 -0.094255 0.050881
0.016485 -0.092534 0.050463
0.028034 -0.095181 0.050941
0.022878 -0.093937 0.050900
0.023950 -0.093407 0.050891
0.020906 -0.086896 0.050858
0.027907 -0.092165 0.050948
0.019052 -0.090257 0.049938
0.023239 -0.096002 0.050952
0.019976 -0.096235 0.051029
0.020906 -0.094471 0.050784
0.019697 -0.093919 0.050678
0.026400 -0.087054 0.053117
0.021499 -0.092394 0.050748
0.022376 -0.096786 0.050965
0.018922 -0.086178 0.051019
0.020213 -0.093275 0.050645
0.015993 -0.087183 0.049566
0.022556 -0.092611 0.050808
0.022883 -0.088586 0.050253
0.023835 -0.088481 0.050726
0.018043 -0.088536 0.049505
0.017089 -0.093473 0.050669
0.019495 -0.088827 0.049707
0.018326 -0.090969 0.050170
0.018728 -0.090189 0.049893
0.016262 -0.096202 0.050790
0.029128 -0.095452 0.050913
0.023273 -0.086487 0.053321
0.024704 -0.088484 0.051879
0.019191 -0.091916 0.050514
0.019352 -0.090315 0.050011
0.023745 -0.088512 0.051662
0.025022 -0.096782 0.050956
0.018767 -0.085742 0.051578
0.021518 -0.095984 0.051001
0.022601 -0.087896 0.050830
0.017080 -0.087151 0.049892
0.016375 -0.088460 0.049541
0.024817 -0.088256 0.052267
0.021918 -0.087612 0.050849
0.021042 -0.092740 0.050725
0.017385 -0.093279 0.050606
0.021864 -0.087753 0.050578
0.017693 -0.094031 0.050723
0.016731 -0.092199 0.050415
0.026041 -0.091981 0.050935
0.022165 -0.090441 0.050526
0.020944 -0.086436 0.051282
0.021236 -0.091267 0.050607
0.026187 -0.088106 0.052053
0.018137 -0.088803 0.049572
0.028203 -0.095489 0.051004
0.023384 -0.097248 0.050876
0.017663 -0.090951 0.050224
0.016798 -0.094690 0.050715
0.026619 -0.089991 0.050741
0.015007 -0.093493 0.050715
0.018397 -0.094833 0.050800
0.017313 -0.088025 0.049564
0.017662 -0.086698 0.050414
0.024945 -0.093780 0.050865
0.017077 -0.096393 0.050870
0.024217 -0.085355 0.053464
0.021431 -0.096457 0.051042
0.023098 -0.089024 0.050201
0.014966 -0.092055 0.050630
0.020139 -0.089331 0.049769
0.027111 -0.091627 0.050797
0.020564 -0.094298 0.050703
0.022168 -0.093537 0.050696
0.026838 -0.096877 0.051093
0.017671 -0.092333 0.050472
0.015817 -0.094461 0.050676
0.019599 -0.091080 0.050243
0.019388 -0.086023 0.051252
0.023622 -0.088428 0.052134
0.020773 -0.086532 0.051162
0.020077 -0.091452 0.050397
0.021965 -0.088984 0.049978
0.018752 -0.096809 0.050943
0.021685 -0.093319 0.050673
0.019474 -0.088165 0.049651
0.021892 -0.089385 0.050082
0.019742 -0.097766 0.050979
0.026302 -0.095775 0.051051
0.025129 -0.093477 0.050881
0.024996 -0.092446 0.050941
0.025976 -0.089402 0.050697
0.017413 -0.085987 0.050942
0.019191 -0.089369 0.049782
0.015951 -0.095180 0.050789
0.015660 -0.089664 0.049797
0.026385 -0.087900 0.052420
0.015173 -0.091177 0.050474
0.028533 -0.095563 0.050994
0.025894 -0.089160 0.051072
0.021530 -0.091392 0.050672
0.025456 -0.089447 0.050547
0.027086 -0.095733 0.050989
0.021275 -0.095273 0.050876
0.025387 -0.092274 0.050941
0.019785 -0.096506 0.051029
0.016661 -0.091564 0.050278
0.018057 -0.085985 0.051191
0.016977 -0.086025 0.050510
0.022060 -0.087488 0.051391
0.020285 -0.093613 0.050685
0.022450 -0.088041 0.050532
0.018590 -0.086209 0.050957
0.024609 -0.088314 0.051265
0.018744 -0.094633 0.050752
0.025413 -0.087472 0.052495
0.019780 -0.087034 0.050244
0.022759 -0.097112 0.050922
0.021666 -0.097587 0.050976
0.020371 -0.087719 0.049899
0.023069 -0.096155 0.050972
0.019511 -0.095295 0.050863
0.020642 -0.097941 0.051006
0.023509 -0.095994 0.050997
0.023728 -0.091898 0.050808
0.025446 -0.096778 0.050985
0.025299 -0.087777 0.052207
0.023545 -0.086624 0.053321
0.026405 -0.095335 0.051040
0.028982 -0.096073 0.051033
0.017551 -0.088048 0.049555
0.025341 -0.092768 0.050962
0.027017 -0.095309 0.050964
0.026563 -0.096369 0.051061
0.024900 -0.089254 0.050422
0.015419 -0.094259 0.050746
0.019182 -0.086652 0.050539
0.026985 -0.092263 0.050928
0.024421 -0.095994 0.051022
0.025433 -0.088531 0.051259
0.015836 -0.090771 0.050318
0.027343 -0.095205 0.050958
0.022394 -0.095120 0.050904
0.018722 -0.096165 0.050893
0.019684 -0.089703 0.049902
0.025743 -0.088360 0.051563
0.025242 -0.089007 0.050890
0.022624 -0.087816 0.051352
0.022863 -0.087423 0.052431
0.024394 -0.089582 0.050345
0.026062 -0.087145 0.052943
0.021373 -0.090263 0.050099
0.027024 -0.090648 0.050697
0.027303 -0.090613 0.050681
0.024761 -0.086508 0.053328
0.022401 -0.089486 0.050235
0.022771 -0.087821 0.051794
0.017114 -0.092311 0.050392
0.021049 -0.093120 0.050712
0.025350 -0.088303 0.051355
0.026091 -0.088527 0.051518
0.021711 -0.087435 0.050965
0.025835 -0.089424 0.050606
0.021082 -0.089503 0.049998
0.017618 -0.087817 0.049641
0.023830 -0.088160 0.052487
0.026150 -0.096935 0.050958
0.021242 -0.086524 0.051447
0.024426 -0.085935 0.053359
0.021568 -0.095698 0.050969
0.016908 -0.086235 0.050316
0.019241 -0.096674 0.050972
0.022567 -0.089202 0.050189
0.023565 -0.087133 0.053246
0.025162 -0.085126 0.053491
0.021320 -0.085884 0.051941
0.018220 -0.096061 0.050820
0.017120 -0.093042 0.050588
0.020689 -0.085517 0.052138
0.028009 -0.092450 0.050886
0.018462 -0.086071 0.051063
0.020507 -0.085897 0.051575
0.028429 -0.092582 0.050922
0.017024 -0.095180 0.050808
0.023499 -0.088494 0.051961
0.018875 -0.092377 0.050582
0.020462 -0.086716 0.050690
0.017784 -0.096430 0.050901
0.021022 -0.086781 0.051127
0.019999 -0.097187 0.051012
0.024770 -0.093512 0.050807
0.022294 -0.087718 0.051016
0.021085 -0.086262 0.051547
0.021974 -0.088912 0.050067
0.026831 -0.091659 0.050847
0.027356 -0.089244 0.051419
0.023034 -0.086137 0.053305
0.020365 -0.095064 0.050816
0.024649 -0.087372 0.053081
0.023895 -0.089430 0.050293
0.021861 -0.088307 0.050269
0.020230 -0.086420 0.050938
0.018014 -0.095667 0.050879
0.025088 -0.088342 0.051736
0.025045 -0.089905 0.050435
0.015488 -0.095575 0.050797
0.026041 -0.091981 0.050935
0.018123 -0.089080 0.049680
0.027739 -0.094113 0.050867
0.023623 -0.089419 0.050254
0.016966 -0.090971 0.050207
0.019768 -0.089154 0.049715
0.020200 -0.090822 0.050214
0.024917 -0.095307 0.050909
0.020703 -0.087047 0.050592
0.018989 -0.086423 0.050721
0.016859 -0.086863 0.049931
0.027699 -0.095809 0.051010
0.024211 -0.085564 0.053410
0.027493 -0.094771 0.050926
0.020057 -0.087814 0.049787
0.016485 -0.092534 0.050463
0.027117 -0.094158 0.050918
0.018462 -0.088575 0.049595
0.022860 -0.089052 0.050154
0.019403 -0.091327 0.050306
0.020354 -0.096518 0.051040
0.015012 -0.094595 0.050656
0.025362 -0.084765 0.053460
0.025786 -0.086620 0.053372
0.025976 -0.089402 0.050697
0.021818 -0.085917 0.052492
0.022106 -0.085432 0.052996
0.018193 -0.097475 0.050917
0.024879 -0.094071 0.050875
0.029347 -0.095855 0.051000
0.024224 -0.090017 0.050428
0.020050 -0.098515 0.050992
0.016908 -0.090231 0.050068
0.022445 -0.096156 0.051033
0.022322 -0.086808 0.052375
0.022528 -0.088218 0.050446
0.020963 -0.096851 0.051004
0.020464 -0.087940 0.049901
0.020555 -0.093880 0.050685
0.023285 -0.086024 0.053410
0.019820 -0.087660 0.049788
0.019529 -0.088403 0.049665
0.022858 -0.089974 0.050347
0.024362 -0.089145 0.050299
0.025069 -0.087603 0.052476
0.018492 -0.087005 0.050308
0.020641 -0.092023 0.050614
0.025283 -0.085502 0.053462
0.021652 -0.085907 0.052364
0.024138 -0.084878 0.053512
0.026120 -0.092298 0.050959
0.021937 -0.095675 0.050984
0.025217 -0.088718 0.051163
0.021124 -0.085896 0.051789
0.022095 -0.093199 0.050636
0.016731 -0.086557 0.050027
0.020091 -0.097422 0.050968
0.023839 -0.086167 0.053380
0.023911 -0.097284 0.050893
0.018766 -0.098143 0.050942
0.021316 -0.096636 0.051055
0.020371 -0.087719 0.049899
0.020906 -0.097301 0.050993
0.025999 -0.088274 0.051743
0.022844 -0.088037 0.051032
0.029389 -0.096250 0.051056
0.021426 -0.088731 0.049870
0.016556 -0.089602 0.049813
0.015751 -0.094096 0.050754
0.022975 -0.087758 0.052210
0.018502 -0.087294 0.050122
0.022894 -0.094341 0.050947
0.018442 -0.089605 0.049879
0.023755 -0.096822 0.050925
0.020637 -0.086312 0.051220
0.028741 -0.095258 0.050914
0.016421 -0.085927 0.049960
0.019876 -0.091660 0.050395
0.020077 -0.091452 0.050397
0.017394 -0.090651 0.050184
0.019381 -0.093835 0.050694
0.018181 -0.086919 0.050356
0.017103 -0.085906 0.050757
0.017815 -0.088724 0.049522
0.022355 -0.090919 0.050653
0.022355 -0.090919 0.050653
0.016600 -0.087338 0.049755
0.025743 -0.088360 0.051563
0.020553 -0.086964 0.050437
0.014395 -0.094891 0.050753
0.022556 -0.092611 0.050808
0.022991 -0.097504 0.050922
0.016600 -0.087338 0.049755
0.028257 -0.095982 0.051025
0.018744 -0.087351 0.050079
0.018690 -0.091755 0.050419
0.021281 -0.085604 0.052283
0.020990 -0.091742 0.050680
0.023951 -0.091984 0.050834
0.022991 -0.086894 0.052972
0.023945 -0.086549 0.053329
0.015225 -0.094524 0.050678
0.017385 -0.093279 0.050606
0.024358 -0.088836 0.050710
0.027078 -0.089470 0.051194
0.027224 -0.091052 0.050745
0.018193 -0.097475 0.050917
0.017672 -0.086254 0.050734
0.022501 -0.097201 0.050958
0.023565 -0.087133 0.053246
0.017466 -0.094196 0.050662
0.019927 -0.093623 0.050675
0.017851 -0.086918 0.050314
0.021179 -0.087499 0.050653
0.024258 -0.091858 0.050846
0.021846 -0.089967 0.050206
0.025349 -0.096474 0.051018
0.017846 -0.090684 0.050198
0.022026 -0.087911 0.050522
0.017585 -0.086151 0.050808
0.028156 -0.096294 0.051022
0.026336 -0.092650 0.050973
0.023215 -0.094055 0.050952
0.028681 -0.095864 0.050991
0.023341 -0.086790 0.053283
0.016421 -0.085927 0.049960
0.024640 -0.092922 0.050920
0.019081 -0.092210 0.050599
0.025835 -0.089424 0.050606
0.019127 -0.095695 0.050942
0.027844 -0.096145 0.051033
0.016828 -0.085816 0.050505
0.026633 -0.093375 0.050940
0.024151 -0.096376 0.051053
0.018621 -0.095833 0.050885
0.028466 -0.093351 0.050868
0.021080 -0.085332 0.052604
0.015836 -0.090771 0.050318
0.022309 -0.094662 0.050873
0.025112 -0.089114 0.050728
0.023253 -0.095385 0.050970
0.022388 -0.095482 0.050965
0.022076 -0.089210 0.050051
0.021124 -0.085896 0.051789
0.019208 -0.096123 0.050955
0.021279 -0.088124 0.050134
0.023429 -0.097764 0.050841
0.018381 -0.089978 0.049962
0.025055 -0.097270 0.050885
0.017436 -0.096517 0.050883
0.016401 -0.095299 0.050832
0.016539 -0.086344 0.049984
0.026924 -0.093600 0.050903
0.022090 -0.085961 0.052655
0.018590 -0.086209 0.050957
0.015645 -0.091796 0.050548
0.019332 -0.092966 0.050648
0.026300 -0.087739 0.052508
0.023037 -0.091704 0.050820
0.015564 -0.091401 0.050427
0.020513 -0.086856 0.050561
0.023169 -0.096363 0.050961
0.025897 -0.094245 0.050914
0.022019 -0.088599 0.050246
0.019324 -0.091098 0.050186
0.015716 -0.088898 0.049618
0.024904 -0.096146 0.051002
0.014750 -0.094805 0.050677
0.020507 -0.085897 0.051575
0.018692 -0.087459 0.049968
0.018586 -0.095568 0.050895
0.017793 -0.092716 0.050519
0.024594 -0.086751 0.053277
0.023914 -0.087512 0.053082
0.024883 -0.094658 0.050891
0.022825 -0.085963 0.053195
0.023388 -0.086233 0.053383
0.024934 -0.088960 0.050832
0.021499 -0.086581 0.051678
0.026950 -0.090912 0.050711
0.024128 -0.085184 0.053494
0.023911 -0.097284 0.050893
0.028351 -0.094536 0.050907
0.027252 -0.089680 0.051075
0.024537 -0.085567 0.053421
0.018455 -0.089236 0.049760
0.017944 -0.096048 0.050887
0.021702 -0.089008 0.049795
0.025433 -0.088531 0.051259
0.019172 -0.095085 0.050796
0.023131 -0.090969 0.050667
0.025560 -0.094286 0.050904
0.025624 -0.086850 0.053186
0.019137 -0.090581 0.050015
0.028310 -0.095811 0.051023
0.022878 -0.093937 0.050900
0.024156 -0.087577 0.053014
0.024302 -0.088661 0.050827
0.028429 -0.092582 0.050922
0.018034 -0.085797 0.051484
0.016977 -0.088638 0.049429
0.026400 -0.087054 0.053117
0.016280 -0.089463 0.049787
0.022480 -0.089884 0.050367
0.021867 -0.086913 0.051763
0.023583 -0.085924 0.053430
0.020620 -0.093331 0.050709
0.027646 -0.091153 0.050841
0.019444 -0.085889 0.051473
0.021416 -0.095604 0.050916
0.027665 -0.091423 0.050870
0.024690 -0.096677 0.050943
0.026681 -0.088854 0.051514
0.023719 -0.091586 0.050752
0.021191 -0.090872 0.050282
0.018316 -0.097820 0.050915
0.027288 -0.092302 0.050922
0.024256 -0.088871 0.050549
0.024489 -0.086340 0.053330
0.024962 -0.089553 0.050401
0.019016 -0.088026 0.049658
0.021536 -0.087539 0.050747
0.022376 -0.085373 0.053160
0.023293 -0.097609 0.050838
0.018621 -0.095833 0.050885
0.022462 -0.095824 0.051025
0.016705 -0.096020 0.050834
0.018132 -0.090167 0.050015
0.022018 -0.086270 0.052409
0.022226 -0.086255 0.052612
0.024258 -0.091858 0.050846
0.023707 -0.095686 0.050986
0.024302 -0.091327 0.050707
0.021124 -0.085896 0.051789
0.023242 -0.088325 0.050699
0.022719 -0.087147 0.052534
0.020752 -0.090897 0.050202
0.016529 -0.094423 0.050684
0.026818 -0.096252 0.051057
0.023646 -0.088950 0.050308
0.023156 -0.088228 0.050953
0.025108 -0.087091 0.053110
0.025188 -0.090947 0.050645
0.025466 -0.091466 0.050775
0.015906 -0.089276 0.049720
0.022139 -0.095982 0.051047
0.025577 -0.088357 0.051381
0.024874 -0.096483 0.050995
0.020555 -0.093880 0.050685
0.023396 -0.088291 0.051095
0.021524 -0.094626 0.050765
0.015958 -0.089026 0.049656
0.018663 -0.097164 0.050939
0.019172 -0.092553 0.050624
0.017705 -0.087201 0.050091
0.023428 -0.088742 0.050267
0.026683 -0.095028 0.050973
0.020015 -0.097825 0.051001
0.020920 -0.097932 0.050985
0.016816 -0.089468 0.049777
0.025909 -0.095687 0.051014
0.021486 -0.096268 0.051018
0.021162 -0.087673 0.050450
0.020354 -0.086111 0.051279
0.026287 -0.086842 0.053268
0.024094 -0.089373 0.050297
0.023985 -0.096027 0.051049
0.018737 -0.097548 0.050953
0.027091 -0.095949 0.051013
0.020956 -0.093361 0.050687
0.019717 -0.086042 0.051258
0.027956 -0.095603 0.051009
0.017726 -0.089057 0.049581
0.021104 -0.094854 0.050826
0.026924 -0.089703 0.050982
0.026857 -0.094701 0.050906
0.021937 -0.095675 0.050984
0.017481 -0.086419 0.050528
0.015739 -0.088648 0.049549
0.018304 -0.091615 0.050331
0.020690 -0.087861 0.049946
0.020263 -0.097037 0.051045
0.026770 -0.095965 0.050988
0.023552 -0.087586 0.052864
0.018766 -0.098143 0.050942
0.025897 -0.086814 0.053265
0.016516 -0.090541 0.050207
0.019523 -0.098638 0.050876
0.020342 -0.091719 0.050530
0.018170 -0.091255 0.050233
0.022883 -0.088586 0.050253
0.018961 -0.087811 0.049690
0.020859 -0.087728 0.050012
0.018441 -0.085741 0.051559
0.020955 -0.094120 0.050770
0.024504 -0.096438 0.051009
0.021564 -0.088077 0.050301
0.026683 -0.095028 0.050973
0.022071 -0.090764 0.050645
0.022321 -0.087651 0.051330
0.023480 -0.090192 0.050430
0.018254 -0.086227 0.050904
0.017196 -0.089643 0.049866
0.021337 -0.097551 0.050970
0.021435 -0.087793 0.050450
0.019079 -0.097025 0.050964
0.019791 -0.088962 0.049695
0.019878 -0.090475 0.050126
0.018659 -0.093170 0.050664
0.025489 -0.090762 0.050632
0.022109 -0.096370 0.051048
0.015368 -0.092136 0.050646
0.026856 -0.089942 0.050834
0.022480 -0.089884 0.050367
0.020279 -0.088380 0.049739
0.023039 -0.088438 0.050421
0.015799 -0.092686 0.050565
0.019493 -0.093394 0.050655
0.017114 -0.092311 0.050392
0.025046 -0.092013 0.050897
0.025924 -0.089310 0.050889
0.024678 -0.091348 0.050745
0.023556 -0.092971 0.050889
0.019860 -0.096993 0.051028
0.026783 -0.088390 0.052013
0.025663 -0.095383 0.050976
0.016639 -0.092880 0.050533
0.021317 -0.087911 0.050307
0.017841 -0.089239 0.049706
0.024655 -0.085316 0.053467
0.024233 -0.094387 0.050887
0.019206 -0.087645 0.049727
0.016902 -0.089845 0.049946
0.026306 -0.091074 0.050747
0.016331 -0.090175 0.050115
0.016008 -0.092986 0.050608
0.022939 -0.088113 0.051655
0.022155 -0.091235 0.050758
0.027006 -0.093895 0.050896
0.020056 -0.088402 0.049658
0.027096 -0.089331 0.051292
0.021435 -0.087793 0.050450
0.022158 -0.097073 0.051027
0.025493 -0.084994 0.053498
0.021154 -0.097339 0.050996
0.022774 -0.088277 0.050495
0.023914 -0.088752 0.050592
0.020694 -0.089094 0.049748
0.023961 -0.088428 0.051425
0.017536 -0.089444 0.049760
0.025893 -0.090135 0.050537
0.023690 -0.097620 0.050869
0.020141 -0.096714 0.051062
0.017846 -0.090684 0.050198
0.016187 -0.094679 0.050715
0.023451 -0.091643 0.050734
0.022118 -0.086505 0.052358
0.022984 -0.090562 0.050562
0.022195 -0.086835 0.052179
0.020964 -0.091427 0.050602
0.024655 -0.097113 0.050921
0.020885 -0.085945 0.051686
0.021475 -0.085394 0.052747
0.014860 -0.093684 0.050743
0.018228 -0.092677 0.050511
0.020630 -0.092879 0.050717
0.017386 -0.092708 0.050496
0.016743 -0.093290 0.050650
0.022422 -0.087235 0.052138
0.020502 -0.089296 0.049726
0.023594 -0.086494 0.053350
0.024812 -0.085812 0.053389
0.024107 -0.094015 0.050900
0.018374 -0.092023 0.050472
0.017221 -0.088326 0.049487
0.017142 -0.086327 0.050458
0.025837 -0.087777 0.052315
0.019561 -0.086497 0.050683
0.024655 -0.085316 0.053467
0.023005 -0.093611 0.050824
0.028442 -0.093995 0.050829
0.025349 -0.087175 0.052934
0.019985 -0.094550 0.050727
0.019574 -0.095009 0.050761
0.017556 -0.093000 0.050570
0.016257 -0.090935 0.050300
0.014750 -0.094805 0.050677
0.024753 -0.087597 0.052769
0.024228 -0.095719 0.050984
0.018194 -0.087723 0.049764
0.025984 -0.092629 0.050972
0.021373 -0.087260 0.050924
0.019491 -0.093668 0.050679
0.019675 -0.097248 0.050942
0.016096 -0.088191 0.049524
0.026558 -0.093874 0.050920
0.026336 -0.092650 0.050973
0.022737 -0.091052 0.050678
0.017685 -0.085936 0.051186
0.020666 -0.091598 0.050587
0.028093 -0.093478 0.050784
0.022212 -0.092566 0.050767
0.027158 -0.094877 0.050943
0.021773 -0.086551 0.051970
0.024655 -0.097113 0.050921
0.021033 -0.088759 0.049757
0.021642 -0.098011 0.050903
0.025139 -0.091244 0.050718
0.023007 -0.087249 0.052738
0.016848 -0.094491 0.050687
0.021807 -0.097062 0.051066
0.020626 -0.086424 0.051171
0.016252 -0.088868 0.049598
0.023406 -0.087785 0.052565
0.028908 -0.095699 0.050978
0.021373 -0.087260 0.050924
0.019416 -0.087117 0.050182
0.019481 -0.096185 0.050967
0.025813 -0.096686 0.051012
0.018656 -0.097857 0.050932
0.016102 -0.095892 0.050738
0.026724 -0.092818 0.050985
0.020642 -0.097941 0.051006
0.016799 -0.087108 0.049776
0.027799 -0.091689 0.050935
0.021568 -0.086018 0.052151
0.023583 -0.085610 0.053468
0.025909 -0.095687 0.051014
0.021949 -0.096808 0.051062
0.018922 -0.086178 0.051019
0.017828 -0.093629 0.050702
0.023994 -0.096650 0.050994
0.028310 -0.095811 0.051023
0.024730 -0.092291 0.050918
0.021252 -0.086739 0.051336
0.022029 -0.087534 0.051183
0.020484 -0.089700 0.049868
0.016075 -0.093421 0.050682
0.021333 -0.088404 0.050059
0.021281 -0.085604 0.052283
0.017136 -0.094475 0.050677
0.020906 -0.094471 0.050784
0.024224 -0.090017 0.050428
0.023818 -0.090052 0.050417
0.025143 -0.095935 0.050939
0.025551 -0.095829 0.050936
0.024559 -0.095814 0.050994
0.021059 -0.097758 0.050971
0.018531 -0.086658 0.050545
0.018830 -0.086717 0.050503
0.016848 -0.094491 0.050687
0.017369 -0.096735 0.050886
0.024596 -0.088875 0.050770
0.021226 -0.091514 0.050683
0.024377 -0.088550 0.051921
0.025242 -0.089007 0.050890
0.025455 -0.089037 0.051051
0.014933 -0.094289 0.050749
0.023037 -0.091704 0.050820
0.017282 -0.090953 0.050200
0.021032 -0.085483 0.052294
0.026681 -0.088854 0.051514
0.019117 -0.093685 0.050666
0.021642 -0.097284 0.051034
0.016968 -0.088376 0.049469
0.023601 -0.091352 0.050691
0.017902 -0.086128 0.050958
0.016923 -0.091958 0.050352
0.022226 -0.086255 0.052612
0.015454 -0.090611 0.050304
0.015488 -0.095575 0.050797
0.021104 -0.094854 0.050826
0.015518 -0.092782 0.050609
0.021121 -0.091129 0.050484
0.015012 -0.094595 0.050656
0.017273 -0.090340 0.050100
0.026366 -0.094955 0.050989
0.015958 -0.089026 0.049656
0.020276 -0.097775 0.051008
0.019036 -0.092793 0.050577
0.025832 -0.094642 0.050920
0.023125 -0.088700 0.050264
0.020144 -0.085464 0.052166
0.024096 -0.087291 0.053203
0.020121 -0.091750 0.050435
0.019561 -0.086497 0.050683
0.019677 -0.091955 0.050495
0.025153 -0.090644 0.050575
0.023306 -0.088552 0.050310
0.022320 -0.085958 0.052765
0.015858 -0.095719 0.050818
0.021146 -0.091961 0.050682
0.019511 -0.095295 0.050863
0.021124 -0.085896 0.051789
0.017378 -0.085859 0.051188
0.022673 -0.096048 0.050998
0.027031 -0.096826 0.051125
0.026116 -0.095577 0.051032
0.026036 -0.088411 0.051624
0.021821 -0.093768 0.050758
0.019938 -0.087231 0.050101
0.019105 -0.093302 0.050628
0.024868 -0.091059 0.050667
0.017887 -0.096918 0.050829
0.017533 -0.088512 0.049501
0.020729 -0.094575 0.050755
0.021568 -0.095698 0.050969
0.025349 -0.096474 0.051018
0.025108 -0.087091 0.053110
0.019308 -0.089091 0.049736
0.025550 -0.086649 0.053353
0.022838 -0.090911 0.050661
0.026924 -0.093600 0.050903
0.023161 -0.092928 0.050851
0.019311 -0.094083 0.050708
0.021304 -0.098128 0.050922
0.023165 -0.092286 0.050878
0.019464 -0.097068 0.050974
0.023063 -0.095093 0.050926
0.017968 -0.089946 0.050003
0.023388 -0.088485 0.050477
0.026525 -0.096804 0.051017
0.019578 -0.085653 0.051831
0.027239 -0.093802 0.050831
0.019443 -0.098175 0.050903
0.022335 -0.090636 0.050624
0.019081 -0.092210 0.050599
0.015626 -0.093417 0.050751
0.025887 -0.085790 0.053499
0.024772 -0.085126 0.053495
0.020317 -0.096150 0.051001
0.025724 -0.090042 0.050509
0.025433 -0.088531 0.051259
0.021040 -0.096728 0.051030
0.022706 -0.095006 0.050894
0.028443 -0.096404 0.051060
0.017835 -0.087061 0.050222
0.021515 -0.091002 0.050549
0.021991 -0.086974 0.051861
0.022825 -0.085963 0.053195
0.023985 -0.096027 0.051049
0.022482 -0.091212 0.050728
0.026233 -0.094440 0.050902
0.019208 -0.096123 0.050955
0.023685 -0.088333 0.050845
0.017192 -0.088718 0.049476
0.021954 -0.085534 0.052855
0.019404 -0.086354 0.050851
0.018006 -0.089424 0.049787
0.025562 -0.087743 0.052219
0.016880 -0.095655 0.050848
0.026200 -0.096541 0.051037
0.018879 -0.095827 0.050923
0.019193 -0.089750 0.049863
0.021566 -0.088612 0.050047
0.026230 -0.096160 0.051061
0.020899 -0.097477 0.050952
0.025780 -0.088116 0.051851
0.020906 -0.088507 0.049853
0.022462 -0.095824 0.051025
0.017366 -0.088614 0.049490
0.026644 -0.088193 0.052163
0.021257 -0.087360 0.050780
0.023955 -0.093086 0.050876
0.027095 -0.092688 0.050955
0.022691 -0.096421 0.050981
0.018490 -0.088251 0.049627
0.020852 -0.092658 0.050703
0.023878 -0.090425 0.050501
0.014561 -0.094507 0.050749
0.023184 -0.087457 0.052742
0.015716 -0.092073 0.050554
0.024269 -0.088921 0.050349
0.023631 -0.088276 0.052305
0.020821 -0.096441 0.051000
0.022104 -0.092346 0.050778
0.025761 -0.087068 0.052977
0.025835 -0.089424 0.050606
0.022418 -0.092121 0.050817
0.019570 -0.089396 0.049804
0.022858 -0.086980 0.052770
0.022706 -0.095006 0.050894
0.020989 -0.092276 0.050688
0.025945 -0.091051 0.050728
0.017693 -0.094031 0.050723
0.024184 -0.086218 0.053346
0.024500 -0.088933 0.050557
0.022763 -0.089604 0.050249
0.024812 -0.085812 0.053389
0.025557 -0.094821 0.050901
0.024550 -0.095363 0.050905
0.023786 -0.096325 0.051052
0.022212 -0.090038 0.050360
0.015742 -0.090021 0.050037
0.026437 -0.088970 0.051369
0.023123 -0.086802 0.053210
0.020625 -0.096820 0.051042
0.018073 -0.087255 0.050116
0.022395 -0.086522 0.052619
0.024667 -0.088475 0.052239
0.018815 -0.087125 0.050232
0.017172 -0.093868 0.050694
0.022026 -0.087911 0.050522
0.016119 -0.087501 0.049656
0.020530 -0.087012 0.050320
0.028080 -0.091883 0.050975
0.017413 -0.085987 0.050942
0.019302 -0.095464 0.050919
0.025348 -0.095085 0.050920
0.018470 -0.097473 0.050909
0.023509 -0.094596 0.050861
0.024128 -0.085184 0.053494
0.020359 -0.087492 0.049994
0.024687 -0.089650 0.050388
0.015473 -0.090989 0.050381
0.024171 -0.088007 0.052625
0.026553 -0.095793 0.051022
0.023786 -0.088547 0.051947
0.027111 -0.091627 0.050797
0.019876 -0.091660 0.050395
0.021607 -0.086261 0.051998
0.019028 -0.090945 0.050066
0.015244 -0.091493 0.050521
0.023125 -0.094516 0.050869
0.023775 -0.093772 0.050859
0.019002 -0.093945 0.050690
0.020241 -0.087073 0.050191
0.025220 -0.084897 0.053496
0.020074 -0.098060 0.051035
0.017951 -0.093005 0.050602
0.016653 -0.091132 0.050266
0.017841 -0.089239 0.049706
0.018960 -0.096094 0.050928
0.018010 -0.090425 0.050128
0.020146 -0.092956 0.050669
0.023484 -0.088380 0.050751
0.021072 -0.085673 0.052021
0.021681 -0.088818 0.049942
0.022452 -0.086129 0.052839
0.024829 -0.089071 0.050604
0.024286 -0.095084 0.050899
0.022659 -0.087380 0.052265
0.022721 -0.087892 0.051533
0.025496 -0.089958 0.050471
0.022877 -0.088069 0.051294
0.026280 -0.087217 0.052872
0.018318 -0.097056 0.050889
0.021345 -0.093177 0.050645
0.021527 -0.086457 0.051789
0.015599 -0.089170 0.049691
0.020415 -0.085423 0.052229
0.027654 -0.093648 0.050839
0.019668 -0.087426 0.049931
0.015739 -0.088648 0.049549
0.024383 -0.087286 0.053174
0.015516 -0.092975 0.050676
0.025400 -0.087612 0.052371
0.026455 -0.091895 0.050919
0.017551 -0.088193 0.049516
0.027495 -0.092773 0.050890
0.021379 -0.085784 0.052147
0.026760 -0.095447 0.051019
0.021155 -0.086145 0.051696
0.018326 -0.090969 0.050170
0.025651 -0.092879 0.050958
0.027374 -0.095802 0.050997
0.019834 -0.087389 0.049965
0.021909 -0.086489 0.052165
0.024591 -0.092053 0.050890
0.022860 -0.085779 0.053307
0.026242 -0.093292 0.050952
0.018548 -0.087753 0.049755
0.025877 -0.087943 0.052141
0.023615 -0.087992 0.052532
0.017644 -0.096693 0.050882
0.024962 -0.089553 0.050401
0.021606 -0.087793 0.050517
0.020637 -0.085718 0.051874
0.023486 -0.095110 0.050904
0.019848 -0.095866 0.050973
0.026190 -0.094781 0.050945
0.021314 -0.088864 0.049761
0.016557 -0.089974 0.050009
0.017575 -0.097198 0.050904
0.017784 -0.096430 0.050901
0.023539 -0.092221 0.050863
0.027385 -0.093971 0.050871
0.025414 -0.096143 0.050944
0.016673 -0.088295 0.049529
0.018808 -0.087597 0.049785
0.023626 -0.096988 0.050899
0.024280 -0.093182 0.050888
0.025673 -0.087606 0.052398
0.024487 -0.088467 0.051693
0.023829 -0.085015 0.053530
0.016013 -0.087758 0.049579
0.022422 -0.087235 0.052138
0.021495 -0.089918 0.050156
0.023956 -0.086982 0.053277
0.023140 -0.088337 0.051704
0.020970 -0.087199 0.050727
0.016396 -0.093589 0.050685
0.017024 -0.095180 0.050808
0.027239 -0.093802 0.050831
0.027264 -0.093260 0.050901
0.023185 -0.097875 0.050932
0.017445 -0.093583 0.050674
0.015812 -0.095011 0.050769
0.019965 -0.085655 0.051861
0.024244 -0.092495 0.050886
0.020831 -0.089527 0.049911
0.026384 -0.088443 0.051698
0.026209 -0.091668 0.050874
0.019286 -0.086822 0.050417
0.026631 -0.091466 0.050827
0.025858 -0.094998 0.050933
0.019631 -0.086268 0.050975
0.020321 -0.098443 0.051035
0.018991 -0.088475 0.049642
0.021980 -0.090256 0.050318
0.023678 -0.086801 0.053313
0.017721 -0.095131 0.050840
0.022935 -0.085158 0.053515
0.016653 -0.091132 0.050266
0.018492 -0.087005 0.050308
0.016971 -0.086463 0.050288
0.019474 -0.086616 0.050552
0.018581 -0.095330 0.050843
0.023012 -0.089307 0.050171
0.027312 -0.094441 0.050897
0.021731 -0.094879 0.050847
0.023910 -0.094795 0.050891
0.025560 -0.094286 0.050904
0.024347 -0.096815 0.050967
0.025059 -0.087865 0.052346
0.020332 -0.085709 0.051846
0.027500 -0.090382 0.050745
0.024503 -0.088553 0.052141
0.024302 -0.091327 0.050707
0.016230 -0.092070 0.050424
0.024155 -0.085946 0.053359
0.023616 -0.087415 0.053124
0.016034 -0.090093 0.050078
0.016141 -0.086856 0.049599
0.020697 -0.086662 0.050922
0.022975 -0.087758 0.052210
0.021947 -0.098027 0.050873
0.015958 -0.089026 0.049656
0.023195 -0.085759 0.053429
0.023131 -0.090969 0.050667
0.015469 -0.094562 0.050650
0.025550 -0.086649 0.053353
0.027236 -0.091943 0.050862
0.027441 -0.093423 0.050821
0.021800 -0.085308 0.052936
0.021468 -0.091781 0.050762
0.022863 -0.087423 0.052431
0.022621 -0.090319 0.050507
0.018319 -0.095825 0.050873
0.018073 -0.087520 0.049896
0.024890 -0.090218 0.050477
0.016485 -0.092534 0.050463
0.028500 -0.096093 0.051033
0.025352 -0.089251 0.050743
0.027474 -0.089910 0.050934
0.028810 -0.096391 0.051072
0.024127 -0.087824 0.052805
0.025288 -0.086867 0.053187
0.018412 -0.096173 0.050809
0.019464 -0.085791 0.051652
0.019835 -0.088110 0.049710
0.020835 -0.089918 0.049997
0.022821 -0.095611 0.050994
0.021691 -0.090294 0.050272
0.020413 -0.091401 0.050477
0.027194 -0.090841 0.050704
0.020415 -0.085423 0.052229
0.023110 -0.088220 0.051251
0.021856 -0.096086 0.051042
0.017890 -0.087769 0.049726
0.015341 -0.095247 0.050736
0.025263 -0.096984 0.050931
0.023824 -0.087876 0.052710
0.018285 -0.095443 0.050890
0.025324 -0.090138 0.050469
0.020221 -0.091107 0.050317
0.019637 -0.090084 0.050010
0.025220 -0.084897 0.053496
0.024753 -0.088388 0.051584
0.023121 -0.090240 0.050397
0.018531 -0.086658 0.050545
0.024872 -0.087157 0.053129
0.016331 -0.090175 0.050115
0.023824 -0.094304 0.050897
0.021048 -0.090156 0.050102
0.027015 -0.088622 0.051888
0.017089 -0.086724 0.050207
0.022858 -0.089974 0.050347
0.026186 -0.090005 0.050564
0.019246 -0.086392 0.050781
0.017082 -0.096104 0.050838
0.018112 -0.093439 0.050700
0.024937 -0.091405 0.050761
0.025188 -0.088888 0.051100
0.024840 -0.095719 0.050961
0.020161 -0.092314 0.050527
0.017082 -0.096104 0.050838
0.023037 -0.091704 0.050820
0.025897 -0.094245 0.050914
0.019343 -0.097858 0.050959
0.019396 -0.095843 0.050969
0.022676 -0.088089 0.050570
0.021980 -0.090256 0.050318
0.023375 -0.090558 0.050538
0.020039 -0.089738 0.049916
0.017705 -0.087201 0.050091
0.025763 -0.097020 0.050925
0.021000 -0.093690 0.050725
0.020201 -0.088537 0.049683
0.020094 -0.094166 0.050688
0.016390 -0.086176 0.049885
0.025981 -0.086366 0.053444
0.023629 -0.093485 0.050882
0.022632 -0.085866 0.053097
0.016065 -0.090656 0.050284
0.023291 -0.089972 0.050313
0.025433 -0.086753 0.053288
0.025692 -0.085505 0.053508
0.020257 -0.087253 0.050089
0.026156 -0.087935 0.052293
0.019976 -0.098283 0.051032
0.021050 -0.096426 0.051026
0.024222 -0.090631 0.050535
0.017362 -0.087642 0.049705
0.017466 -0.094196 0.050662
0.023656 -0.094439 0.050848
0.021160 -0.087014 0.050992
0.021196 -0.087946 0.050188
0.023429 -0.097764 0.050841
0.024506 -0.084794 0.053513
0.016878 -0.087674 0.049693
0.016270 -0.092760 0.050520
0.023276 -0.088321 0.051950
0.018981 -0.086914 0.050379
0.022566 -0.091812 0.050862
0.024574 -0.089009 0.050360
0.019976 -0.096235 0.051029
0.016630 -0.088767 0.049510
0.023706 -0.091078 0.050625
0.025965 -0.089614 0.050554
0.020862 -0.087492 0.050283
0.018361 -0.085955 0.051256
0.020513 -0.086856 0.050561
0.019414 -0.097689 0.050961
0.018980 -0.087316 0.050069
0.018752 -0.096809 0.050943
0.018724 -0.095068 0.050792
0.022071 -0.090764 0.050645
0.018571 -0.091322 0.050193
0.020415 -0.085423 0.052229
0.020290 -0.088045 0.049825
0.025056 -0.088367 0.051345
0.017309 -0.085883 0.051082
0.020912 -0.085682 0.051912
0.026525 -0.096804 0.051017
0.024851 -0.088427 0.052070
0.027646 -0.091153 0.050841
0.020103 -0.092038 0.050511
0.018016 -0.091007 0.050224
0.026687 -0.096531 0.051032
0.022114 -0.097354 0.051000
0.023978 -0.089097 0.050301
0.018685 -0.093520 0.050706
0.021924 -0.088787 0.050134
0.026306 -0.091074 0.050747
0.025557 -0.094821 0.050901
0.024771 -0.086858 0.053250
0.026411 -0.088254 0.051928
0.016880 -0.095655 0.050848
0.019785 -0.096506 0.051029
0.019096 -0.096372 0.050901
0.025367 -0.092569 0.050966
0.026509 -0.094713 0.050929
0.024310 -0.096132 0.051033
0.020946 -0.095382 0.050882
0.027552 -0.094967 0.050944
0.023088 -0.088870 0.050237
0.017872 -0.092040 0.050457
0.017507 -0.096908 0.050874
0.026456 -0.096553 0.050999
0.024500 -0.088933 0.050557
0.020617 -0.092470 0.050657
0.026125 -0.090313 0.050574
0.019529 -0.088403 0.049665
0.025198 -0.084640 0.053468
0.022925 -0.087845 0.052010
0.026224 -0.090692 0.050661
0.023632 -0.093201 0.050883
0.021642 -0.097284 0.051034
0.021393 -0.086149 0.051845
0.026842 -0.090155 0.050748
0.016767 -0.096317 0.050863
0.028533 -0.095563 0.050994
0.024151 -0.096376 0.051053
0.017784 -0.096430 0.050901
0.022270 -0.087646 0.051195
0.026237 -0.093660 0.050937
0.027224 -0.091052 0.050745
0.022341 -0.087312 0.051975
0.024058 -0.091035 0.050629
0.023949 -0.092208 0.050860
0.017667 -0.095678 0.050877
0.024243 -0.088435 0.050935
0.025584 -0.091051 0.050709
0.020959 -0.087440 0.050519
0.016850 -0.096583 0.050892
0.023949 -0.092208 0.050860
0.021706 -0.095303 0.050896
0.028069 -0.094027 0.050826
0.020680 -0.096244 0.050999
0.025848 -0.088603 0.051359
0.020592 -0.088669 0.049770
0.017388 -0.087344 0.049890
0.021047 -0.086316 0.051387
0.027552 -0.094967 0.050944
0.026723 -0.091127 0.050736
0.022322 -0.086808 0.052375
0.018638 -0.088805 0.049649
0.024909 -0.085465 0.053454
0.025504 -0.087994 0.051986
0.024229 -0.088552 0.052238
0.021537 -0.089240 0.049894
0.017250 -0.095816 0.050835
0.018932 -0.089110 0.049695
0.020039 -0.089738 0.049916
0.015493 -0.089381 0.049736
0.018752 -0.096809 0.050943
0.026784 -0.094118 0.050942
0.024857 -0.088319 0.051219
0.018548 -0.087753 0.049755
0.027498 -0.091959 0.050925
0.022111 -0.091946 0.050851
0.022340 -0.092921 0.050742
0.027098 -0.089961 0.050857
0.019767 -0.088637 0.049669
0.026674 -0.089019 0.051347
0.026687 -0.096531 0.051032
0.017172 -0.093868 0.050694
0.022332 -0.085818 0.052892
0.016959 -0.092614 0.050450
0.023246 -0.089388 0.050139
0.021149 -0.085610 0.052133
0.019036 -0.092793 0.050577
0.020592 -0.088669 0.049770
0.016960 -0.090647 0.050174
0.019086 -0.097513 0.050957
0.019247 -0.086190 0.051051
0.024620 -0.089281 0.050342
0.025404 -0.086142 0.053446
0.017270 -0.089963 0.049992
0.024156 -0.087577 0.053014
0.025441 -0.088116 0.051840
0.021214 -0.088625 0.049848
0.028310 -0.095811 0.051023
0.024699 -0.095025 0.050903
0.017309 -0.085883 0.051082
0.025485 -0.085275 0.053503
0.021320 -0.085884 0.051941
0.015990 -0.091122 0.050308
0.025486 -0.085795 0.053470
0.026960 -0.096585 0.051086
0.020578 -0.088083 0.049888
0.020906 -0.086896 0.050858
0.022721 -0.087892 0.051533
0.023209 -0.093144 0.050858
0.020013 -0.087474 0.049936
0.027378 -0.095546 0.050950
0.023583 -0.085610 0.053468
