0.095436 0.078754 0.009135
0.095317 0.076819 0.010768
0.095475 0.074913 0.015609
0.095657 0.081019 0.008551
0.096063 0.079338 0.017480
0.095300 0.076298 0.010609
0.096121 0.084361 0.013613
0.095677 0.082947 0.011407
0.095448 0.078239 0.010312
0.095468 0.072856 0.014870
0.095758 0.081789 0.009361
0.095919 0.076535 0.013986
0.095677 0.078915 0.011177
0.095660 0.074187 0.012076
0.095996 0.082048 0.012508
0.095822 0.071245 0.012135
0.095721 0.075433 0.014093
0.095418 0.081564 0.010470
0.096274 0.081195 0.015901
0.095492 0.080552 0.010877
0.096193 0.080692 0.017774
0.095558 0.080882 0.010187
0.095851 0.075986 0.012212
0.095115 0.078055 0.009129
0.095397 0.074014 0.016041
0.096255 0.085066 0.015572
0.095284 0.078239 0.009353
0.095706 0.086511 0.013471
0.094797 0.077056 0.009598
0.095577 0.072986 0.012402
0.096027 0.081205 0.013467
0.095547 0.072280 0.013087
0.095954 0.085602 0.013146
0.095892 0.077033 0.014188
0.096109 0.070434 0.017548
0.095880 0.077061 0.014516
0.095330 0.076961 0.010761
0.095445 0.081863 0.010280
0.095377 0.076345 0.010834
0.095919 0.077025 0.013277
0.095875 0.076866 0.012625
0.095517 0.081266 0.010170
0.095123 0.086907 0.012378
0.095676 0.069086 0.010864
0.095914 0.079546 0.011658
0.094108 0.076409 0.009047
0.095908 0.076690 0.012428
0.095826 0.082075 0.009387
0.095905 0.077750 0.011889
0.095752 0.080029 0.013131
0.095561 0.084467 0.011085
0.096109 0.079804 0.016637
0.095891 0.085385 0.012771
0.095856 0.079171 0.011734
0.095823 0.083475 0.010979
0.095621 0.077773 0.010880
0.095951 0.082210 0.008490
0.095590 0.080804 0.010667
0.095614 0.083365 0.009815
0.095677 0.078915 0.011177
0.096192 0.079117 0.013439
0.096053 0.076285 0.013049
0.095469 0.080687 0.009282
0.095223 0.076290 0.010408
0.096038 0.076192 0.013331
0.096185 0.085494 0.014121
0.094554 0.076546 0.009191
0.096038 0.078626 0.012503
0.093935 0.070126 0.008160
0.095574 0.080077 0.010973
0.095858 0.079263 0.011551
0.095534 0.072289 0.013421
0.094912 0.077502 0.009568
0.095577 0.079126 0.010679
0.095360 0.078317 0.009696
0.095105 0.076808 0.010322
0.094278 0.078164 0.008562
0.095366 0.080228 0.008827
0.095795 0.079027 0.011504
0.095706 0.079547 0.010093
0.095605 0.073740 0.012140
0.095661 0.079827 0.011447
0.095729 0.067984 0.010857
0.095808 0.081708 0.011947
0.095952 0.076604 0.013718
0.096047 0.079533 0.016491
0.095614 0.083365 0.009815
0.095226 0.077053 0.010550
0.095454 0.074659 0.014303
0.095730 0.083149 0.009346
0.095646 0.077633 0.013412
0.095421 0.079223 0.009020
0.095999 0.079611 0.016206
0.095892 0.078437 0.011688
0.095607 0.073370 0.011982
0.095705 0.074590 0.012194
0.095664 0.075048 0.013894
0.094949 0.085952 0.010728
0.095999 0.079611 0.016206
0.095616 0.072988 0.011760
0.095720 0.075819 0.014516
0.096212 0.080712 0.016200
0.094501 0.080625 0.007654
0.095582 0.078341 0.010618
0.095879 0.082274 0.009284
0.095597 0.081499 0.009236
0.095610 0.080257 0.011707
0.095772 0.077899 0.011323
0.095884 0.077327 0.012971
0.095947 0.079487 0.013073
0.095503 0.081105 0.009519
0.095539 0.080212 0.009411
0.095988 0.076259 0.012776
0.095855 0.079361 0.012399
0.095487 0.078874 0.009449
0.095618 0.079983 0.010731
0.095608 0.079816 0.009516
0.095519 0.078907 0.009618
0.096076 0.076014 0.013020
0.095321 0.081769 0.010684
0.096027 0.081205 0.013467
0.095534 0.072289 0.013421
0.095082 0.084190 0.008695
0.095815 0.077616 0.011386
0.095759 0.083752 0.011841
0.095931 0.078116 0.012060
0.095963 0.078178 0.012336
0.095571 0.082302 0.011356
0.096169 0.078582 0.012970
0.095868 0.077667 0.012564
0.096144 0.079113 0.013299
0.096075 0.069170 0.012387
0.096168 0.085084 0.013859
0.096066 0.082618 0.013555
0.095885 0.082737 0.012730
0.095506 0.078740 0.009935
0.096069 0.081638 0.012655
0.095833 0.075601 0.012480
0.096126 0.083145 0.013849
0.095929 0.077612 0.014648
0.095953 0.082445 0.008646
0.095722 0.070240 0.011177
0.096506 0.083853 0.016304
0.095724 0.083048 0.011726
0.095431 0.078998 0.008809
0.095615 0.069937 0.010829
0.095719 0.075809 0.011805
0.095672 0.070771 0.013910
0.095499 0.080028 0.010899
0.096058 0.070110 0.013164
0.096470 0.082948 0.017220
0.095423 0.079673 0.009092
0.096121 0.084361 0.013613
0.095759 0.076729 0.011510
0.095998 0.080003 0.015845
0.096451 0.084265 0.017047
0.096051 0.081647 0.013402
0.095719 0.075809 0.011805
0.096482 0.084399 0.016698
0.095968 0.070459 0.012094
0.096173 0.078766 0.013025
0.094154 0.082340 0.007039
0.095959 0.082677 0.013060
0.095870 0.068119 0.011821
0.095965 0.078008 0.012568
0.095632 0.079486 0.009672
0.095884 0.077327 0.012971
0.096279 0.068895 0.013369
0.095576 0.072156 0.015077
0.095690 0.084253 0.011446
0.096038 0.076192 0.013331
0.095705 0.080846 0.011916
0.095970 0.081322 0.012280
0.095665 0.078144 0.011140
0.095684 0.079887 0.012178
0.095817 0.082500 0.008408
0.095436 0.078414 0.009874
0.095822 0.082194 0.012083
0.095849 0.077115 0.012789
0.095734 0.080798 0.011672
0.095882 0.077187 0.013641
0.095820 0.081685 0.009048
0.095354 0.073845 0.015719
0.095681 0.080645 0.011938
0.096053 0.076285 0.013049
0.095935 0.076575 0.012606
0.095692 0.080403 0.011096
0.095675 0.074123 0.011753
0.095354 0.073845 0.015719
0.094871 0.082792 0.007451
0.096020 0.083376 0.013255
0.095830 0.077197 0.012174
0.095775 0.083565 0.011232
0.095880 0.079523 0.012716
0.095607 0.073370 0.011982
0.095587 0.086495 0.012881
0.095935 0.076657 0.012784
0.095752 0.071316 0.015242
0.095584 0.083466 0.009134
0.095672 0.071544 0.015024
0.095698 0.083527 0.010735
0.095854 0.081329 0.011150
0.095887 0.077786 0.013750
0.095554 0.083523 0.010239
0.095964 0.078642 0.016677
0.096042 0.068268 0.012436
0.095455 0.073340 0.016023
0.095639 0.075720 0.011461
0.096038 0.081243 0.012691
0.095563 0.072403 0.012875
0.096162 0.078421 0.013925
0.095412 0.075518 0.010783
0.095319 0.078785 0.008761
0.095676 0.079520 0.010277
0.095677 0.082947 0.011407
0.095918 0.080864 0.012863
0.095904 0.070283 0.011691
0.095641 0.079939 0.011634
0.095706 0.086511 0.013471
0.094812 0.077257 0.009386
0.095891 0.080922 0.011041
0.095774 0.081212 0.008804
0.095192 0.078668 0.008711
0.095949 0.078457 0.011864
0.095874 0.080692 0.011092
0.095300 0.076298 0.010609
0.095918 0.080864 0.012863
0.095471 0.081505 0.011434
0.095366 0.080228 0.008827
0.095905 0.077750 0.011889
0.095622 0.073942 0.011555
0.095583 0.076760 0.011157
0.095543 0.072672 0.013092
0.095482 0.082222 0.010331
0.095715 0.076128 0.014870
0.096195 0.078685 0.013306
0.095720 0.071876 0.016156
0.094598 0.085736 0.009411
0.095529 0.072568 0.015647
0.096382 0.082272 0.015769
0.096117 0.068227 0.012647
0.095562 0.085915 0.012261
0.095667 0.082989 0.008558
0.095669 0.074752 0.011628
0.095308 0.073722 0.015022
0.095725 0.079796 0.011328
0.096140 0.080060 0.016466
0.095827 0.077447 0.013324
0.096172 0.069692 0.013228
0.095551 0.074022 0.011230
0.095868 0.077667 0.012564
0.095955 0.078446 0.012162
0.096154 0.080243 0.016389
0.095853 0.080689 0.011337
0.095963 0.069007 0.012095
0.094676 0.076180 0.009472
0.096346 0.081557 0.016097
0.095415 0.074064 0.013877
0.095829 0.078981 0.011919
0.096445 0.069352 0.015905
0.096106 0.080401 0.015920
0.095925 0.070846 0.015543
0.095892 0.070339 0.013536
0.095960 0.078996 0.016261
0.095985 0.076608 0.013164
0.095692 0.080403 0.011096
0.095430 0.078589 0.009483
0.095265 0.084433 0.010205
0.095192 0.078668 0.008711
0.096117 0.068227 0.012647
0.096210 0.080304 0.016888
0.096214 0.068921 0.012925
0.096117 0.068227 0.012647
0.095964 0.078642 0.016677
0.095469 0.072813 0.015241
0.096111 0.078628 0.012762
0.096038 0.081243 0.012691
0.095602 0.081531 0.009440
0.095853 0.080689 0.011337
0.095544 0.085689 0.019759
0.095635 0.078982 0.011046
0.096104 0.078347 0.012974
0.096433 0.084677 0.014767
0.095775 0.083565 0.011232
0.095955 0.077825 0.014012
0.096086 0.078699 0.014349
0.096060 0.075782 0.013062
0.095900 0.079483 0.011733
0.096408 0.083658 0.015655
0.095748 0.075365 0.012531
0.095684 0.079887 0.012178
0.095577 0.079126 0.010679
0.094823 0.076477 0.009665
0.095795 0.078730 0.011563
0.095394 0.076574 0.010900
0.095654 0.080060 0.009684
0.095005 0.076021 0.009968
0.095610 0.080722 0.010948
0.095642 0.082362 0.009838
0.095804 0.077353 0.011770
0.095554 0.072128 0.013087
0.095603 0.072684 0.012030
0.095467 0.080831 0.008585
0.095892 0.086362 0.013690
0.095287 0.071254 0.010555
0.095729 0.067984 0.010857
0.095720 0.071876 0.016156
0.095511 0.071600 0.014013
0.094501 0.080625 0.007654
0.095421 0.079466 0.009074
0.095706 0.079723 0.010052
0.095963 0.069007 0.012095
0.096274 0.081195 0.015901
0.095814 0.079627 0.012530
0.095996 0.070011 0.012036
0.094077 0.085586 0.007668
0.095464 0.072324 0.011310
0.095639 0.079320 0.009854
0.096121 0.084361 0.013613
0.096423 0.084662 0.016357
0.095473 0.076013 0.011112
0.095473 0.081974 0.011326
0.095709 0.071139 0.014696
0.096255 0.085066 0.015572
0.095612 0.074347 0.011487
0.096566 0.083938 0.016903
0.096058 0.081960 0.012954
0.095759 0.083752 0.011841
0.095760 0.077719 0.013467
0.095249 0.081815 0.010603
0.096210 0.078573 0.013666
0.095715 0.076128 0.014870
0.095933 0.076148 0.012517
0.095697 0.085069 0.011948
0.095856 0.076573 0.014361
0.095768 0.074825 0.012061
0.095653 0.079360 0.010075
0.095642 0.074455 0.013307
0.095588 0.080460 0.010560
0.096009 0.077986 0.013591
0.096279 0.080782 0.017447
0.095760 0.079174 0.011303
0.095720 0.071876 0.016156
0.096038 0.076192 0.013331
0.095539 0.080212 0.009411
0.095560 0.078889 0.010416
0.095769 0.068317 0.011337
0.095622 0.073758 0.011853
0.096058 0.070110 0.013164
0.096033 0.078146 0.014381
0.095575 0.079071 0.009839
0.095763 0.074732 0.013110
0.096016 0.079746 0.014199
0.096210 0.078573 0.013666
0.095662 0.081180 0.011524
0.095810 0.079569 0.011502
0.096029 0.079198 0.017413
0.095192 0.078668 0.008711
0.095635 0.071634 0.013038
0.095732 0.075226 0.012531
0.095825 0.080932 0.011456
0.096062 0.083724 0.013338
0.095833 0.075601 0.012480
0.095562 0.085915 0.012261
0.095679 0.078095 0.010925
0.096097 0.075924 0.013137
0.096023 0.084676 0.013045
0.095856 0.076573 0.014361
0.095608 0.078392 0.011188
0.095577 0.079126 0.010679
0.095583 0.076949 0.011098
0.096155 0.083684 0.013953
0.094837 0.077052 0.009764
0.095518 0.076452 0.011126
0.095352 0.073936 0.014202
0.096058 0.079359 0.017073
0.095642 0.079892 0.011913
0.095998 0.081731 0.012233
0.095894 0.078740 0.011789
0.096178 0.080858 0.015707
0.096089 0.078152 0.013882
0.095986 0.083257 0.013149
0.095064 0.073687 0.010589
0.095548 0.081813 0.011114
0.096210 0.080304 0.016888
0.095786 0.076547 0.015410
0.096106 0.080401 0.015920
0.095775 0.077005 0.011438
0.095554 0.072128 0.013087
0.095960 0.070856 0.016172
0.095383 0.078153 0.010062
0.095720 0.075325 0.017132
0.095539 0.080212 0.009411
0.095749 0.083381 0.011626
0.096503 0.084264 0.016299
0.095504 0.073683 0.016397
0.095518 0.076452 0.011126
0.095670 0.080177 0.012955
0.095625 0.078567 0.011311
0.095919 0.082430 0.009147
0.095608 0.079251 0.010466
0.096154 0.080243 0.016389
0.095598 0.076386 0.011281
0.095983 0.070557 0.012774
0.095880 0.077739 0.011612
0.095340 0.074459 0.015050
0.095879 0.082511 0.012465
0.096437 0.084283 0.015503
0.095724 0.083048 0.011726
0.095520 0.081220 0.010372
0.095998 0.081731 0.012233
0.096195 0.078685 0.013306
0.095583 0.076949 0.011098
0.094986 0.077626 0.009735
0.095477 0.081567 0.010246
0.095873 0.083286 0.011017
0.095284 0.078239 0.009353
0.096063 0.079338 0.017480
0.096181 0.069251 0.012739
0.095255 0.076650 0.010619
0.095574 0.072630 0.016116
0.096230 0.081369 0.015335
0.094501 0.080625 0.007654
0.095747 0.076024 0.011905
0.095731 0.074797 0.012766
0.095871 0.079610 0.015430
0.095719 0.075809 0.011805
0.095820 0.081685 0.009048
0.095543 0.072672 0.013092
0.095507 0.074196 0.013680
0.096152 0.069857 0.014489
0.096038 0.081243 0.012691
0.095370 0.080553 0.008787
0.095558 0.079553 0.009439
0.096482 0.084399 0.016698
0.096295 0.084961 0.014429
0.095790 0.074995 0.012992
0.094995 0.077324 0.010024
0.096117 0.068227 0.012647
0.094907 0.077626 0.009214
0.096040 0.081553 0.012204
0.095818 0.081238 0.010989
0.094871 0.082792 0.007451
0.095920 0.077816 0.012019
0.095546 0.071783 0.013338
0.095923 0.077980 0.015384
0.095835 0.070971 0.015106
0.096195 0.078685 0.013306
0.096119 0.069524 0.012529
0.095510 0.083771 0.009856
0.096475 0.084526 0.016112
0.094919 0.076697 0.009895
0.095005 0.076021 0.009968
0.095960 0.078996 0.016261
0.096034 0.081318 0.013955
0.095383 0.080887 0.008837
0.095610 0.079787 0.010907
0.095875 0.080740 0.012338
0.095632 0.079486 0.009672
0.095237 0.077620 0.010249
0.095620 0.071144 0.014305
0.095608 0.079251 0.010466
0.092028 0.077906 0.007596
0.095670 0.070916 0.014237
0.095670 0.070916 0.014237
0.095641 0.081576 0.011215
0.095873 0.083286 0.011017
0.095841 0.077397 0.011650
0.095754 0.083173 0.011299
0.095758 0.081789 0.009361
0.095222 0.080303 0.008074
0.095779 0.074948 0.012216
0.096193 0.080692 0.017774
0.095823 0.083475 0.010979
0.096146 0.081898 0.014411
0.095868 0.077667 0.012564
0.095582 0.072607 0.012491
0.096223 0.082997 0.014519
0.096155 0.079899 0.017117
0.095579 0.083285 0.010127
0.095436 0.078414 0.009874
0.096109 0.079804 0.016637
0.095616 0.072802 0.011826
0.095566 0.074855 0.011073
0.096250 0.080537 0.017546
0.096173 0.078766 0.013025
0.095731 0.074925 0.011915
0.096004 0.080948 0.014771
0.095561 0.084467 0.011085
0.095724 0.083048 0.011726
0.095834 0.077613 0.012333
0.095403 0.080362 0.008533
0.094664 0.075605 0.009704
0.095577 0.071454 0.014393
0.095662 0.081180 0.011524
0.096009 0.077986 0.013591
0.095873 0.083286 0.011017
0.096051 0.080568 0.015504
0.094904 0.085078 0.009791
0.095622 0.073638 0.011616
0.095625 0.077310 0.011049
0.096076 0.081682 0.013001
0.096104 0.078347 0.012974
0.096058 0.070110 0.013164
0.095756 0.071472 0.015586
0.095645 0.074353 0.012666
0.095613 0.072285 0.012497
0.095652 0.074282 0.013023
0.095833 0.075601 0.012480
0.095660 0.074187 0.012076
0.095885 0.077378 0.015667
0.096084 0.070066 0.012669
0.095508 0.078778 0.009733
0.095453 0.084206 0.010533
0.096445 0.069352 0.015905
0.095684 0.079887 0.012178
0.095392 0.074919 0.010612
0.096198 0.079016 0.013458
0.095340 0.074459 0.015050
0.096423 0.084662 0.016357
0.095852 0.077445 0.011509
0.095773 0.075239 0.012740
0.095874 0.080692 0.011092
0.095568 0.073163 0.016581
0.095331 0.075865 0.010546
0.095669 0.079794 0.010421
0.096155 0.079899 0.017117
0.095308 0.073722 0.015022
0.095986 0.083257 0.013149
0.095629 0.081314 0.009085
0.095770 0.079299 0.011990
0.095829 0.084526 0.012194
0.095535 0.081088 0.008900
0.096266 0.081084 0.016455
0.096047 0.079533 0.016491
0.095984 0.079291 0.012777
0.095811 0.079678 0.011722
0.096027 0.081205 0.013467
0.096096 0.079126 0.014201
0.095822 0.082194 0.012083
0.096437 0.084283 0.015503
0.096172 0.069692 0.013228
0.095512 0.070586 0.010751
0.095516 0.081095 0.009756
0.096058 0.070110 0.013164
0.095523 0.081632 0.011672
0.095625 0.078567 0.011311
0.096181 0.069251 0.012739
0.096471 0.082870 0.016307
0.095697 0.074514 0.013245
0.095750 0.079871 0.012808
0.095635 0.086472 0.014287
0.095504 0.073683 0.016397
0.096230 0.081369 0.015335
0.095779 0.074948 0.012216
0.096220 0.084392 0.017202
0.095306 0.074361 0.014774
0.095596 0.074531 0.011120
0.094598 0.085736 0.009411
0.095610 0.079787 0.010907
0.095955 0.077825 0.014012
0.096240 0.080684 0.016633
0.095434 0.074249 0.016124
0.095547 0.072280 0.013087
0.095510 0.083771 0.009856
0.096399 0.084569 0.014661
0.095053 0.077640 0.009863
0.095761 0.075292 0.011987
0.095928 0.083015 0.012969
0.095772 0.077899 0.011323
0.095443 0.077248 0.010803
0.095584 0.083466 0.009134
0.095967 0.082072 0.008685
0.095616 0.082025 0.009823
0.095802 0.079962 0.014878
0.096144 0.068932 0.012653
0.095607 0.073370 0.011982
0.096144 0.079113 0.013299
0.095386 0.081135 0.008179
0.096371 0.069326 0.014810
0.095126 0.077501 0.010138
0.095551 0.080673 0.009700
0.095871 0.076512 0.011977
0.095900 0.079483 0.011733
0.095383 0.080887 0.008837
0.095803 0.077249 0.012596
0.095554 0.072128 0.013087
0.096023 0.084676 0.013045
0.095795 0.076494 0.011690
0.096269 0.068577 0.013193
0.096076 0.076014 0.013020
0.095461 0.075088 0.010800
0.095430 0.073834 0.013756
0.095126 0.077501 0.010138
0.095557 0.074488 0.011306
0.095554 0.082743 0.010538
0.096594 0.083627 0.017174
0.096207 0.069372 0.013551
0.096503 0.083403 0.016409
0.096512 0.069078 0.015287
0.095633 0.081065 0.008710
0.095357 0.080973 0.008685
0.095660 0.080075 0.010031
0.095670 0.070916 0.014237
0.095821 0.083427 0.012504
0.095817 0.082500 0.008408
0.095706 0.086511 0.013471
0.095229 0.075743 0.010288
0.095896 0.069826 0.011679
0.095590 0.074735 0.011123
0.096193 0.080692 0.017774
0.095665 0.072076 0.012274
0.095869 0.076274 0.012134
0.095795 0.079027 0.011504
0.095971 0.068220 0.012198
0.095911 0.078654 0.015331
0.095852 0.075559 0.012818
0.095661 0.083139 0.010733
0.095469 0.078433 0.010159
0.094895 0.083615 0.007684
0.096004 0.080948 0.014771
0.095770 0.079299 0.011990
0.095705 0.080846 0.011916
0.095831 0.080456 0.012478
0.095644 0.083896 0.010848
0.095519 0.078907 0.009618
0.095717 0.081354 0.011307
0.095158 0.084513 0.009798
0.096156 0.079205 0.013503
0.095589 0.078715 0.010695
0.095607 0.073370 0.011982
0.095997 0.081592 0.012145
0.095430 0.074779 0.015046
0.096379 0.084928 0.014876
0.092026 0.069496 0.006206
0.095520 0.080556 0.009462
0.095943 0.078335 0.012000
0.095582 0.078341 0.010618
0.095875 0.078136 0.011604
0.095443 0.077248 0.010803
0.095482 0.082222 0.010331
0.095777 0.070768 0.013370
0.095810 0.079569 0.011502
0.095622 0.073942 0.011555
0.095588 0.075136 0.011262
0.095574 0.080077 0.010973
0.095330 0.076961 0.010761
0.095641 0.081576 0.011215
0.095759 0.076729 0.011510
0.095576 0.072156 0.015077
0.095664 0.075048 0.013894
0.095614 0.073986 0.012508
0.095300 0.076298 0.010609
0.096121 0.084361 0.013613
0.095798 0.079294 0.012099
0.095669 0.074752 0.011628
0.095812 0.083297 0.010909
0.095922 0.077640 0.013080
0.095485 0.075709 0.011135
0.095904 0.076631 0.012237
0.095808 0.081708 0.011947
0.096029 0.079198 0.017413
0.095575 0.083120 0.010311
0.095804 0.075140 0.012132
0.095574 0.075122 0.014420
0.095722 0.074508 0.011880
0.095243 0.077518 0.010337
0.095853 0.080689 0.011337
0.095996 0.082048 0.012508
0.095405 0.080528 0.008268
0.096469 0.083500 0.017318
0.095661 0.083139 0.010733
0.095795 0.076494 0.011690
0.095942 0.078407 0.016075
0.095670 0.070916 0.014237
0.095717 0.081354 0.011307
0.094845 0.076771 0.009750
0.095366 0.080228 0.008827
0.095334 0.081849 0.010476
0.095372 0.077546 0.010586
0.095511 0.082362 0.010880
0.095873 0.081390 0.008810
0.096077 0.085646 0.013689
0.095412 0.080605 0.009084
0.095571 0.081997 0.011622
0.095952 0.084361 0.012706
0.096054 0.084209 0.013179
0.096594 0.083627 0.017174
0.095694 0.077996 0.010808
0.096038 0.081218 0.014330
0.095370 0.080553 0.008787
0.095835 0.070971 0.015106
0.095508 0.078778 0.009733
0.095372 0.077546 0.010586
0.096222 0.069353 0.013079
0.095363 0.081993 0.010628
0.095758 0.077596 0.013630
0.095801 0.072362 0.017420
0.095159 0.077287 0.010338
0.095479 0.079087 0.009302
0.095772 0.076197 0.011754
0.095933 0.076148 0.012517
0.095581 0.080881 0.010473
0.096051 0.081647 0.013402
0.095487 0.078874 0.009449
0.096109 0.079804 0.016637
0.095536 0.079121 0.010321
0.095616 0.082025 0.009823
0.094812 0.077257 0.009386
0.095911 0.078654 0.015331
0.095550 0.079115 0.010881
0.095551 0.081671 0.009841
0.095793 0.075268 0.012355
0.095662 0.081848 0.009600
0.096028 0.068574 0.012380
0.094735 0.077054 0.009220
0.095266 0.078189 0.009567
0.094797 0.077056 0.009598
0.095425 0.074393 0.014156
0.095572 0.071851 0.014478
0.095869 0.075785 0.013815
0.096155 0.079011 0.013752
0.095525 0.079037 0.010185
0.095916 0.080643 0.011176
0.095858 0.076949 0.012366
0.095768 0.074825 0.012061
0.095690 0.075484 0.011771
0.096069 0.081638 0.012655
0.095393 0.080007 0.008352
0.095696 0.079572 0.009898
0.095948 0.079281 0.016106
0.095660 0.080075 0.010031
0.095875 0.078136 0.011604
0.095502 0.081491 0.010748
0.095884 0.080511 0.014742
0.095920 0.077707 0.012880
0.095571 0.078854 0.010846
0.095984 0.079291 0.012777
0.095512 0.070586 0.010751
0.095871 0.076512 0.011977
0.095576 0.072156 0.015077
0.095266 0.078189 0.009567
0.095579 0.080624 0.010122
0.096255 0.085066 0.015572
0.095677 0.078915 0.011177
0.095747 0.074713 0.013315
0.095783 0.080173 0.014875
0.095357 0.080973 0.008685
0.095645 0.072227 0.012079
0.095857 0.077504 0.012035
0.095919 0.076535 0.013986
0.095646 0.077633 0.013412
0.095527 0.081894 0.010062
0.095551 0.080786 0.009876
0.095471 0.081505 0.011434
0.095721 0.078344 0.011401
0.096033 0.076387 0.013113
0.095875 0.080740 0.012338
0.095863 0.079101 0.012145
0.095126 0.077917 0.009339
0.095345 0.077846 0.010323
0.095390 0.079535 0.008933
0.095911 0.076286 0.013955
0.095961 0.080436 0.014426
0.095571 0.078854 0.010846
0.095846 0.083313 0.011112
0.096117 0.068227 0.012647
0.095544 0.085689 0.019759
0.095533 0.072855 0.013399
0.096069 0.081638 0.012655
0.095064 0.073687 0.010589
0.095935 0.076575 0.012606
0.095678 0.081567 0.010996
0.096220 0.078517 0.013787
0.095529 0.078717 0.010203
0.095721 0.078344 0.011401
0.095549 0.078913 0.009931
0.095731 0.074797 0.012766
0.095592 0.074302 0.011031
0.095670 0.080177 0.012955
0.094984 0.074714 0.010321
0.095579 0.082722 0.010094
0.095747 0.074713 0.013315
0.095082 0.084190 0.008695
0.095321 0.081769 0.010684
0.096475 0.084526 0.016112
0.095697 0.074514 0.013245
0.095135 0.077919 0.009582
0.095787 0.082826 0.012244
0.095827 0.077447 0.013324
0.095487 0.078874 0.009449
0.095551 0.074022 0.011230
0.095824 0.075490 0.012200
0.094984 0.074714 0.010321
0.095833 0.076798 0.011753
0.095629 0.081314 0.009085
0.094425 0.077224 0.008932
0.095759 0.077723 0.011253
0.096310 0.082891 0.015107
0.095514 0.071742 0.013826
0.095660 0.074187 0.012076
0.095999 0.079649 0.013536
0.095874 0.080692 0.011092
0.095852 0.075559 0.012818
0.096255 0.085066 0.015572
0.095806 0.081255 0.008584
0.096342 0.068604 0.013850
0.095354 0.073845 0.015719
0.095105 0.076808 0.010322
0.095871 0.079610 0.015430
0.094735 0.077054 0.009220
0.096155 0.079011 0.013752
0.095462 0.080771 0.010820
0.095997 0.081592 0.012145
0.096034 0.081318 0.013955
0.095690 0.084253 0.011446
0.095852 0.077445 0.011509
0.095105 0.076808 0.010322
0.095964 0.078642 0.016677
0.096216 0.068537 0.012935
0.095433 0.075020 0.010662
0.095642 0.082362 0.009838
0.095596 0.083417 0.010508
0.095360 0.078317 0.009696
0.095926 0.079543 0.015888
0.095902 0.081064 0.011297
0.095993 0.080840 0.011187
0.095759 0.077723 0.011253
0.095461 0.075088 0.010800
0.095714 0.079714 0.009828
0.095159 0.070597 0.010067
0.095625 0.077310 0.011049
0.096273 0.080705 0.017181
0.095774 0.075579 0.011987
0.095331 0.073696 0.014617
0.095679 0.078095 0.010925
0.095645 0.072227 0.012079
0.095856 0.070464 0.011574
0.095641 0.082849 0.011108
0.095407 0.074693 0.010722
0.093811 0.075163 0.009297
0.095831 0.082661 0.009335
0.095449 0.072974 0.015570
0.095665 0.072076 0.012274
0.095660 0.080075 0.010031
0.095793 0.075268 0.012355
0.095822 0.071245 0.012135
0.095606 0.078465 0.010970
0.095319 0.078785 0.008761
0.095418 0.081564 0.010470
0.095662 0.081180 0.011524
0.095694 0.074394 0.011671
0.095622 0.073638 0.011616
0.095223 0.076290 0.010408
0.095357 0.080973 0.008685
0.095951 0.080643 0.015048
0.095942 0.080828 0.012588
0.095608 0.083034 0.009989
0.095963 0.069007 0.012095
0.096069 0.081638 0.012655
0.095894 0.078971 0.012087
0.095892 0.086362 0.013690
0.095582 0.078341 0.010618
0.095562 0.085915 0.012261
0.095724 0.083048 0.011726
0.095778 0.079531 0.011860
0.095082 0.084190 0.008695
0.095549 0.080215 0.010815
0.096156 0.079205 0.013503
0.095110 0.076283 0.010148
0.096166 0.069724 0.012972
0.096012 0.077962 0.013158
0.095526 0.073950 0.013452
0.095331 0.075865 0.010546
0.095993 0.080840 0.011187
0.096097 0.075924 0.013137
0.095911 0.076286 0.013955
0.095390 0.079535 0.008933
0.095504 0.073683 0.016397
0.095571 0.082302 0.011356
0.095589 0.078715 0.010695
0.095669 0.079794 0.010421
0.096406 0.084468 0.014917
0.096156 0.079205 0.013503
0.095485 0.082082 0.011054
0.095667 0.079318 0.011084
0.095454 0.074659 0.014303
0.095915 0.077749 0.013299
0.096210 0.080304 0.016888
0.096058 0.078867 0.012620
0.096503 0.083403 0.016409
0.095454 0.074659 0.014303
0.095987 0.075804 0.012898
0.095694 0.074394 0.011671
0.095820 0.081685 0.009048
0.096273 0.080705 0.017181
0.095544 0.071063 0.013983
0.095875 0.080605 0.012638
0.095662 0.081848 0.009600
0.088874 0.080571 0.005397
0.095534 0.072289 0.013421
0.095579 0.082722 0.010094
0.095468 0.072856 0.014870
0.095915 0.076956 0.013871
0.096371 0.081578 0.016639
0.095580 0.080775 0.010355
0.096520 0.083897 0.017217
0.095865 0.083369 0.012704
0.095891 0.077368 0.014092
0.095676 0.079520 0.010277
0.095473 0.076013 0.011112
0.095642 0.082362 0.009838
0.095904 0.070785 0.012982
0.095425 0.074393 0.014156
0.095488 0.077982 0.010529
0.096226 0.082645 0.014598
0.096419 0.081991 0.016515
0.096007 0.079103 0.016721
0.096126 0.083145 0.013849
0.096273 0.080705 0.017181
0.095661 0.083139 0.010733
0.096033 0.078146 0.014381
0.095828 0.077181 0.011574
0.095557 0.074488 0.011306
0.095920 0.079841 0.015557
0.096226 0.082645 0.014598
0.095407 0.074693 0.010722
0.094195 0.067861 0.006743
0.096399 0.084569 0.014661
0.095891 0.077368 0.014092
0.095520 0.081220 0.010372
0.095697 0.082416 0.011809
0.094598 0.085736 0.009411
0.095430 0.074779 0.015046
0.095434 0.074249 0.016124
0.095846 0.083313 0.011112
0.095966 0.078187 0.014912
0.095604 0.080090 0.009549
0.095589 0.080630 0.010379
0.094995 0.077324 0.010024
0.096170 0.084092 0.014003
0.096195 0.078685 0.013306
0.096079 0.079852 0.016360
0.095619 0.071766 0.014895
0.094904 0.085078 0.009791
0.095511 0.082362 0.010880
0.095758 0.081789 0.009361
0.095795 0.076494 0.011690
0.095752 0.071316 0.015242
0.095462 0.080771 0.010820
0.095783 0.080173 0.014875
0.095447 0.080347 0.009207
0.095875 0.083032 0.012782
0.095747 0.074713 0.013315
0.095516 0.071059 0.013838
0.095449 0.072974 0.015570
0.096027 0.081205 0.013467
0.095951 0.082210 0.008490
0.095976 0.079558 0.019335
0.095780 0.080355 0.012740
0.095818 0.081238 0.010989
0.095126 0.077917 0.009339
0.095549 0.078913 0.009931
0.095881 0.078924 0.012031
0.095502 0.081491 0.010748
0.096118 0.083058 0.017775
0.095762 0.080466 0.013027
0.096084 0.079005 0.012861
0.095641 0.079939 0.011634
0.095827 0.077447 0.013324
0.095536 0.071120 0.013697
0.096254 0.082288 0.014860
0.095732 0.071205 0.014951
0.095244 0.077890 0.009969
0.096223 0.082997 0.014519
0.095871 0.076512 0.011977
0.095993 0.080840 0.011187
0.095485 0.075709 0.011135
0.096216 0.068537 0.012935
0.095622 0.073758 0.011853
0.095606 0.078699 0.011113
0.095865 0.083369 0.012704
0.096020 0.079199 0.014573
0.095412 0.080605 0.009084
0.096173 0.078766 0.013025
0.095826 0.082075 0.009387
0.095548 0.081813 0.011114
0.095550 0.073375 0.013242
0.095741 0.083772 0.011540
0.095641 0.082849 0.011108
0.095833 0.076798 0.011753
0.095833 0.075601 0.012480
0.095920 0.079841 0.015557
0.095801 0.072362 0.017420
0.095674 0.079932 0.010151
0.095828 0.077181 0.011574
0.095583 0.071960 0.012971
0.096198 0.079016 0.013458
0.096382 0.082272 0.015769
0.095849 0.077115 0.012789
0.095953 0.081524 0.008723
0.095943 0.078335 0.012000
0.095690 0.082382 0.008245
0.095480 0.080953 0.009162
0.095870 0.068119 0.011821
0.095854 0.081329 0.011150
0.095770 0.079299 0.011990
0.095607 0.072143 0.012717
0.095999 0.079649 0.013536
0.095616 0.072988 0.011760
0.095485 0.075709 0.011135
0.095929 0.078813 0.012110
0.096567 0.083391 0.016926
0.096084 0.070066 0.012669
0.095706 0.086511 0.013471
0.095982 0.078736 0.014882
0.094880 0.077335 0.009728
0.094986 0.077626 0.009735
0.095871 0.076512 0.011977
0.095902 0.080367 0.013561
0.094717 0.077605 0.008949
0.095605 0.073740 0.012140
0.095646 0.077633 0.013412
0.094676 0.076180 0.009472
0.096371 0.081578 0.016639
0.095551 0.074022 0.011230
0.095547 0.072280 0.013087
0.095993 0.080840 0.011187
0.095871 0.079610 0.015430
0.094783 0.074815 0.010124
0.095549 0.078913 0.009931
0.096314 0.081409 0.017115
0.095807 0.077130 0.011845
0.095534 0.080156 0.011838
0.095593 0.076041 0.011335
0.095947 0.079487 0.013073
0.095475 0.074913 0.015609
0.095436 0.078754 0.009135
0.096399 0.084569 0.014661
0.095598 0.075616 0.015473
0.095319 0.078785 0.008761
0.095963 0.069007 0.012095
0.096168 0.085084 0.013859
0.096022 0.079391 0.016493
0.094912 0.077502 0.009568
0.095430 0.074777 0.014737
0.095935 0.076657 0.012784
0.095773 0.075239 0.012740
0.095970 0.081322 0.012280
0.095064 0.073687 0.010589
0.095963 0.078178 0.012336
0.095615 0.082564 0.011291
0.095915 0.076748 0.013999
0.095793 0.075268 0.012355
0.095829 0.084526 0.012194
0.096314 0.081409 0.017115
0.095376 0.074363 0.014193
0.095654 0.079573 0.012033
0.095832 0.075272 0.013062
0.095793 0.075268 0.012355
0.095836 0.076735 0.014895
0.095714 0.079714 0.009828
0.096058 0.081960 0.012954
0.095673 0.074652 0.012536
0.095911 0.078654 0.015331
0.095720 0.075819 0.014516
0.095928 0.076930 0.013543
0.096286 0.068022 0.013222
0.095376 0.074363 0.014193
0.096341 0.068252 0.013618
0.095625 0.078567 0.011311
0.094762 0.076762 0.009537
0.095690 0.084253 0.011446
0.096193 0.080692 0.017774
0.096169 0.078582 0.012970
0.095676 0.078176 0.010805
0.096211 0.080258 0.017415
0.095610 0.080722 0.010948
0.095830 0.077463 0.012673
0.096038 0.081218 0.014330
0.095875 0.076866 0.012625
0.095472 0.078489 0.010013
0.095777 0.075779 0.014238
0.095421 0.079466 0.009074
0.095915 0.077749 0.013299
0.095290 0.078220 0.009163
0.095996 0.083854 0.012989
0.096144 0.079113 0.013299
0.096504 0.082773 0.016778
0.095775 0.083565 0.011232
0.095218 0.074925 0.010444
0.095535 0.081088 0.008900
0.095652 0.080057 0.010256
0.095769 0.068317 0.011337
0.095354 0.073845 0.015719
0.093952 0.072764 0.009326
0.095915 0.076956 0.013871
0.096172 0.069692 0.013228
0.095613 0.072285 0.012497
0.095589 0.071322 0.013377
0.094950 0.076387 0.009890
0.096061 0.069959 0.013414
0.095629 0.081314 0.009085
0.095394 0.076574 0.010900
0.094661 0.080138 0.007873
0.095416 0.080037 0.009090
0.095550 0.079115 0.010881
0.095135 0.077919 0.009582
0.095919 0.076535 0.013986
0.096119 0.069524 0.012529
0.095740 0.069544 0.011192
0.095488 0.077982 0.010529
0.095642 0.079892 0.011913
0.095722 0.074508 0.011880
0.095159 0.077287 0.010338
0.095698 0.083527 0.010735
0.095793 0.075268 0.012355
0.095366 0.073363 0.015259
0.094278 0.078164 0.008562
0.095662 0.075667 0.011632
0.095577 0.073303 0.012475
0.094801 0.077269 0.009204
0.096227 0.081795 0.014920
0.095953 0.081524 0.008723
0.093935 0.070126 0.008160
0.095367 0.074183 0.015703
0.096155 0.083684 0.013953
0.094986 0.077626 0.009735
0.096007 0.079103 0.016721
0.095604 0.080090 0.009549
0.095692 0.082867 0.009674
0.095564 0.079069 0.010055
0.095642 0.079892 0.011913
0.095583 0.076760 0.011157
0.095620 0.071144 0.014305
0.095684 0.079887 0.012178
0.095397 0.074014 0.016041
0.095622 0.073758 0.011853
0.095403 0.080362 0.008533
0.095795 0.078730 0.011563
0.095915 0.079411 0.011645
0.095925 0.070846 0.015543
0.095391 0.075960 0.010828
0.095407 0.081896 0.011488
0.096317 0.081857 0.015398
0.095863 0.079101 0.012145
0.095317 0.076819 0.010768
0.095506 0.080877 0.009466
0.095542 0.083796 0.010411
0.096261 0.069284 0.014178
0.095993 0.080840 0.011187
0.095477 0.081567 0.010246
0.095760 0.077719 0.013467
0.095667 0.082989 0.008558
0.095692 0.079894 0.009829
0.095801 0.072362 0.017420
0.096503 0.084264 0.016299
0.095884 0.077745 0.017091
0.095902 0.080367 0.013561
0.095849 0.077115 0.012789
0.096214 0.085368 0.014824
0.095697 0.068421 0.010854
0.095723 0.078803 0.011425
0.096004 0.074499 0.021325
0.095191 0.085336 0.010792
0.095915 0.076748 0.013999
0.095545 0.073656 0.012007
0.095875 0.078136 0.011604
0.095536 0.079121 0.010321
0.096069 0.081638 0.012655
0.095285 0.077565 0.010413
0.095743 0.082088 0.009561
0.095894 0.077787 0.012207
0.095460 0.079589 0.009195
0.095833 0.075601 0.012480
0.095723 0.078803 0.011425
0.095919 0.082430 0.009147
0.096321 0.081594 0.015618
0.096477 0.069261 0.015327
0.095542 0.083796 0.010411
0.095574 0.075122 0.014420
0.095740 0.069544 0.011192
0.095588 0.075136 0.011262
0.095126 0.077501 0.010138
0.096250 0.080537 0.017546
0.095665 0.078144 0.011140
0.095873 0.083286 0.011017
0.095640 0.071515 0.014784
0.095746 0.079581 0.011217
0.095858 0.079263 0.011551
0.095574 0.072630 0.016116
0.095634 0.079515 0.010616
0.095612 0.074347 0.011487
0.096023 0.084676 0.013045
0.096166 0.069724 0.012972
0.095825 0.080932 0.011456
0.095777 0.075779 0.014238
0.095455 0.073340 0.016023
0.095386 0.075362 0.010594
0.096503 0.084264 0.016299
0.095520 0.081220 0.010372
0.095723 0.078803 0.011425
0.095614 0.073986 0.012508
0.095595 0.081014 0.010661
0.095667 0.079318 0.011084
0.095999 0.079649 0.013536
0.096031 0.078317 0.012608
0.095696 0.084555 0.011619
0.095433 0.075020 0.010662
0.095430 0.074777 0.014737
0.095795 0.083153 0.011032
0.096008 0.078324 0.014711
0.095265 0.084433 0.010205
0.095811 0.083099 0.012464
0.095697 0.068421 0.010854
0.095854 0.071088 0.012771
0.095383 0.080887 0.008837
0.096034 0.081318 0.013955
0.095911 0.076286 0.013955
0.095692 0.080403 0.011096
0.095572 0.074508 0.010956
0.095818 0.081238 0.010989
0.096222 0.069353 0.013079
0.095556 0.073106 0.012918
0.096192 0.069474 0.012820
0.095919 0.082430 0.009147
0.095608 0.079251 0.010466
0.096230 0.081369 0.015335
0.096111 0.078628 0.012762
0.095683 0.079957 0.011145
0.095678 0.081567 0.010996
0.095579 0.083285 0.010127
0.096226 0.082645 0.014598
0.095653 0.075545 0.011551
0.095745 0.069097 0.011246
0.095653 0.075545 0.011551
0.095529 0.072165 0.013771
0.095511 0.078521 0.010350
0.096408 0.083658 0.015655
0.095589 0.071322 0.013377
0.095513 0.081385 0.009341
0.095689 0.077091 0.011225
0.095485 0.075709 0.011135
0.096371 0.081578 0.016639
0.096038 0.078626 0.012503
0.096220 0.078517 0.013787
0.095706 0.079547 0.010093
0.095965 0.078008 0.012568
0.096433 0.084677 0.014767
0.095579 0.082722 0.010094
0.094837 0.077052 0.009764
0.096204 0.085529 0.014337
0.095572 0.080384 0.009590
0.095802 0.079962 0.014878
0.095811 0.079678 0.011722
0.095343 0.075152 0.010511
0.095511 0.082362 0.010880
0.095573 0.075442 0.011306
0.096126 0.081392 0.014780
0.096286 0.068022 0.013222
0.095534 0.080156 0.011838
0.095670 0.070916 0.014237
0.095786 0.076547 0.015410
0.096170 0.084092 0.014003
0.095949 0.078457 0.011864
0.095544 0.071063 0.013983
0.096470 0.082948 0.017220
0.095473 0.076013 0.011112
0.095064 0.073687 0.010589
0.095447 0.080347 0.009207
0.096295 0.084961 0.014429
0.095527 0.081894 0.010062
0.095963 0.080787 0.014512
0.095548 0.081813 0.011114
0.095966 0.078187 0.014912
0.095661 0.083139 0.010733
0.095593 0.076041 0.011335
0.095629 0.080080 0.010555
0.095472 0.078489 0.010013
0.096283 0.084358 0.014407
0.095445 0.081863 0.010280
0.095596 0.083417 0.010508
0.096009 0.077986 0.013591
0.095473 0.081974 0.011326
0.095894 0.078971 0.012087
0.096504 0.082773 0.016778
0.096214 0.068921 0.012925
0.096038 0.078626 0.012503
0.095771 0.071060 0.013131
0.095955 0.077825 0.014012
0.095912 0.077549 0.015182
0.095598 0.075616 0.015473
0.095868 0.086182 0.013375
0.095923 0.078663 0.011977
0.095868 0.081969 0.009216
0.096038 0.078626 0.012503
0.095752 0.071316 0.015242
0.096118 0.083058 0.017775
0.094725 0.076944 0.009331
0.095046 0.076668 0.010169
0.096038 0.076192 0.013331
0.095504 0.073683 0.016397
0.095732 0.071205 0.014951
0.094077 0.085586 0.007668
0.095604 0.080090 0.009549
0.096053 0.082187 0.013428
0.094554 0.076546 0.009191
0.095496 0.079128 0.010150
0.095664 0.079848 0.009656
0.095751 0.082645 0.009580
0.095804 0.075140 0.012132
0.095891 0.077368 0.014092
0.095894 0.078740 0.011789
0.095928 0.083015 0.012969
0.095904 0.070785 0.012982
0.095582 0.072607 0.012491
0.095592 0.074490 0.013619
0.095623 0.071425 0.014621
0.095892 0.079133 0.015330
0.096166 0.069724 0.012972
0.095578 0.079233 0.010233
0.096077 0.085646 0.013689
0.095705 0.080461 0.011536
0.095675 0.074123 0.011753
0.095577 0.079126 0.010679
0.072447 0.076677 0.001679
0.096027 0.081205 0.013467
0.095191 0.085336 0.010792
0.095947 0.079487 0.013073
0.095662 0.081180 0.011524
0.095380 0.079524 0.008730
0.096058 0.085083 0.013305
0.095443 0.077248 0.010803
0.096069 0.081638 0.012655
0.095686 0.081615 0.009375
0.095613 0.073013 0.012040
0.095423 0.075784 0.010951
0.095770 0.079495 0.012215
0.095396 0.079281 0.008750
0.096230 0.081369 0.015335
0.095340 0.074459 0.015050
0.094919 0.076697 0.009895
0.095664 0.075048 0.013894
0.095551 0.080673 0.009700
0.095863 0.079101 0.012145
0.095454 0.074659 0.014303
0.095303 0.079379 0.008524
0.095705 0.080461 0.011536
0.096195 0.078623 0.013864
0.095870 0.068119 0.011821
0.095690 0.082382 0.008245
0.095319 0.078785 0.008761
0.096273 0.083703 0.014658
0.095575 0.083120 0.010311
0.095503 0.071321 0.013945
0.095831 0.082661 0.009335
0.095875 0.076866 0.012625
0.094501 0.080625 0.007654
0.096053 0.082187 0.013428
0.095614 0.074997 0.011374
0.095721 0.078344 0.011401
0.095915 0.077749 0.013299
0.096451 0.084265 0.017047
0.095996 0.083854 0.012989
0.095641 0.081576 0.011215
0.095513 0.081348 0.009704
0.095340 0.074459 0.015050
0.095265 0.084433 0.010205
0.095298 0.075510 0.010413
0.095764 0.067906 0.011224
0.095639 0.078041 0.010703
0.095795 0.079027 0.011504
0.095759 0.083752 0.011841
0.095806 0.081255 0.008584
0.095652 0.074282 0.013023
0.095516 0.079970 0.009320
0.095884 0.077745 0.017091
0.096057 0.068921 0.012403
0.094661 0.080138 0.007873
0.095635 0.071634 0.013038
0.096216 0.068537 0.012935
0.095104 0.075337 0.010209
0.095665 0.072076 0.012274
0.094108 0.076409 0.009047
0.095511 0.072760 0.014098
0.092028 0.077906 0.007596
0.095412 0.075518 0.010783
0.096408 0.083658 0.015655
0.095599 0.080424 0.010011
0.095915 0.077749 0.013299
0.095979 0.078985 0.012440
0.095608 0.079251 0.010466
0.096104 0.078347 0.012974
0.095745 0.079999 0.012458
0.095412 0.080605 0.009084
0.095852 0.075559 0.012818
0.095919 0.077025 0.013277
0.095633 0.074296 0.012433
0.095363 0.081993 0.010628
0.095822 0.071245 0.012135
0.095370 0.080553 0.008787
0.095580 0.080775 0.010355
0.095688 0.079806 0.010196
0.095688 0.079806 0.010196
0.094554 0.076546 0.009191
0.095813 0.075852 0.012131
0.095502 0.081491 0.010748
0.096012 0.077962 0.013158
0.095875 0.080740 0.012338
0.095506 0.080877 0.009466
0.095948 0.079281 0.016106
0.095966 0.078187 0.014912
0.095499 0.080028 0.010899
0.095963 0.078178 0.012336
0.095714 0.079714 0.009828
0.095904 0.070283 0.011691
0.095887 0.077786 0.013750
0.095397 0.074014 0.016041
0.096462 0.084052 0.015880
0.095476 0.081882 0.010850
0.095346 0.074480 0.014530
0.095619 0.071766 0.014895
0.095393 0.073325 0.014712
0.095551 0.074022 0.011230
0.095856 0.080155 0.014676
0.095548 0.081813 0.011114
0.096152 0.069857 0.014489
0.095577 0.073727 0.013051
0.095503 0.081105 0.009519
0.095685 0.082671 0.011629
0.095771 0.071060 0.013131
0.095828 0.077181 0.011574
0.095589 0.078715 0.010695
0.095558 0.080882 0.010187
0.095777 0.075779 0.014238
0.095363 0.081993 0.010628
0.095575 0.079071 0.009839
0.096146 0.081898 0.014411
0.096317 0.081857 0.015398
0.095856 0.076573 0.014361
0.095430 0.073834 0.013756
0.095561 0.084467 0.011085
0.095612 0.074347 0.011487
0.095493 0.074462 0.013907
0.095716 0.077592 0.011159
0.095770 0.080808 0.012153
0.095430 0.074777 0.014737
0.095988 0.076259 0.012776
0.095104 0.075337 0.010209
0.096399 0.084569 0.014661
0.095135 0.077919 0.009582
0.095737 0.074969 0.012452
0.095789 0.077461 0.012473
0.096089 0.078152 0.013882
0.095415 0.074064 0.013877
0.095591 0.075606 0.015143
0.095584 0.083008 0.010142
0.094583 0.081066 0.007603
0.096222 0.069353 0.013079
0.095721 0.075433 0.014093
0.095350 0.076114 0.010706
0.096223 0.082997 0.014519
0.095535 0.081230 0.010603
0.095352 0.073936 0.014202
0.095387 0.079883 0.008617
0.095331 0.073696 0.014617
0.096002 0.069401 0.012097
0.096220 0.078517 0.013787
0.095644 0.083896 0.010848
0.095939 0.078118 0.011837
0.096000 0.081159 0.013136
0.096229 0.069885 0.015040
0.096120 0.082099 0.014068
0.095305 0.077850 0.010185
0.095891 0.077368 0.014092
0.095868 0.071084 0.015834
0.095255 0.076650 0.010619
0.096096 0.079126 0.014201
0.095575 0.078591 0.010556
0.095511 0.072760 0.014098
0.096111 0.078628 0.012762
0.095769 0.068317 0.011337
0.096007 0.079103 0.016721
0.095846 0.083313 0.011112
0.095671 0.076722 0.011320
0.095731 0.074925 0.011915
0.095611 0.080997 0.010810
0.095533 0.072855 0.013399
0.095383 0.080887 0.008837
0.095445 0.081863 0.010280
0.095968 0.070459 0.012094
0.096126 0.083145 0.013849
0.095717 0.070820 0.011353
0.095777 0.077316 0.011341
0.094154 0.082340 0.007039
0.096567 0.083391 0.016926
0.095370 0.079891 0.008853
0.095998 0.079161 0.012632
0.095511 0.081423 0.010011
0.095998 0.081731 0.012233
0.095904 0.076631 0.012237
0.095918 0.080864 0.012863
0.096109 0.079804 0.016637
0.095577 0.071454 0.014393
0.094762 0.076762 0.009537
0.094904 0.085078 0.009791
0.095284 0.078239 0.009353
0.096286 0.068022 0.013222
0.095795 0.076494 0.011690
0.095511 0.082362 0.010880
0.095764 0.067906 0.011224
0.095715 0.076128 0.014870
0.095498 0.073468 0.013605
0.095610 0.080722 0.010948
0.096157 0.069831 0.013147
0.095902 0.081064 0.011297
0.095577 0.073727 0.013051
0.096226 0.082645 0.014598
0.095696 0.084555 0.011619
0.096110 0.079675 0.017574
0.095572 0.071851 0.014478
0.095613 0.080335 0.010325
0.095652 0.074282 0.013023
0.095574 0.075122 0.014420
0.095683 0.078880 0.011313
0.095583 0.077704 0.013426
0.095931 0.082159 0.009052
0.094823 0.076477 0.009665
0.095970 0.082357 0.012807
0.094995 0.077324 0.010024
0.096166 0.069724 0.012972
0.095989 0.077962 0.012894
0.095924 0.084986 0.012689
0.096063 0.079338 0.017480
0.095791 0.075032 0.013320
0.094676 0.076180 0.009472
0.095763 0.074732 0.013110
0.095786 0.076547 0.015410
0.095802 0.079962 0.014878
0.095677 0.082947 0.011407
0.095644 0.075213 0.011580
0.094995 0.077324 0.010024
0.095723 0.078803 0.011425
0.095813 0.075852 0.012131
0.096008 0.078324 0.014711
0.095591 0.075606 0.015143
0.095443 0.077248 0.010803
0.095667 0.082989 0.008558
0.096182 0.084605 0.013983
0.096018 0.075789 0.013262
0.095430 0.074779 0.015046
0.096185 0.085494 0.014121
0.095606 0.078699 0.011113
0.095973 0.078726 0.012278
0.096004 0.086045 0.014009
0.095642 0.082362 0.009838
0.095868 0.069276 0.011683
0.095394 0.076574 0.010900
0.095623 0.074318 0.013283
0.095635 0.086472 0.014287
0.095653 0.079360 0.010075
0.096210 0.078573 0.013666
0.095697 0.068421 0.010854
0.095752 0.071316 0.015242
0.095642 0.079892 0.011913
0.072447 0.076677 0.001679
0.095696 0.079572 0.009898
0.096062 0.083724 0.013338
0.095577 0.073303 0.012475
0.095855 0.079361 0.012399
0.095672 0.070771 0.013910
0.095570 0.079387 0.010852
0.095222 0.076008 0.010284
0.095590 0.074735 0.011123
0.095595 0.081014 0.010661
0.094880 0.077335 0.009728
0.095393 0.084123 0.010230
0.095544 0.075279 0.014923
0.095579 0.080624 0.010122
0.096001 0.080784 0.013934
0.095824 0.085925 0.024028
0.095558 0.079553 0.009439
0.095854 0.071088 0.012771
0.095673 0.080483 0.011794
0.095889 0.070583 0.014571
0.095953 0.081524 0.008723
0.096058 0.079359 0.017073
0.095835 0.080180 0.015143
0.095988 0.078451 0.012324
0.094554 0.076546 0.009191
0.096084 0.070066 0.012669
0.095856 0.079171 0.011734
0.095851 0.075986 0.012212
0.095765 0.079754 0.012342
0.095719 0.075809 0.011805
0.095933 0.076410 0.012434
0.095556 0.073106 0.012918
0.096341 0.068252 0.013618
0.096168 0.085084 0.013859
0.095511 0.072760 0.014098
0.095873 0.083286 0.011017
0.095653 0.079360 0.010075
0.096138 0.082608 0.014022
0.095223 0.076290 0.010408
0.095763 0.074732 0.013110
0.095340 0.074459 0.015050
0.096038 0.081243 0.012691
0.095046 0.077244 0.010176
0.095668 0.084470 0.011426
0.095159 0.070597 0.010067
0.096218 0.068166 0.012955
0.095959 0.082677 0.013060
0.095779 0.081816 0.008404
0.096399 0.084569 0.014661
0.095623 0.071425 0.014621
0.095899 0.082625 0.008949
0.094965 0.077041 0.010046
0.095920 0.079625 0.014755
0.095367 0.074183 0.015703
0.095453 0.084206 0.010533
0.095677 0.080328 0.012090
0.096404 0.082372 0.017108
0.096230 0.081369 0.015335
0.095462 0.080771 0.010820
0.095554 0.072128 0.013087
0.096001 0.080784 0.013934
0.095287 0.071254 0.010555
0.095758 0.077596 0.013630
0.095662 0.075667 0.011632
0.095639 0.075720 0.011461
0.095499 0.071419 0.013658
0.095308 0.073722 0.015022
0.095748 0.075365 0.012531
0.095928 0.081297 0.008726
0.096097 0.080931 0.015235
0.095407 0.074693 0.010722
0.095670 0.080177 0.012955
0.095765 0.079754 0.012342
0.095915 0.075874 0.012646
0.095642 0.082362 0.009838
0.095159 0.077287 0.010338
0.095719 0.075809 0.011805
0.095855 0.079361 0.012399
0.095949 0.078457 0.011864
0.095947 0.079487 0.013073
0.095397 0.074014 0.016041
0.095514 0.080634 0.010755
0.095533 0.081075 0.010010
0.095892 0.070339 0.013536
0.095668 0.084470 0.011426
0.095889 0.070583 0.014571
0.095747 0.076024 0.011905
0.096162 0.078421 0.013925
0.095677 0.082947 0.011407
0.095557 0.074488 0.011306
0.095345 0.077846 0.010323
0.096232 0.084903 0.016684
0.092028 0.077906 0.007596
0.096371 0.069326 0.014810
0.094812 0.077257 0.009386
0.095830 0.077197 0.012174
0.095495 0.075228 0.011034
0.095544 0.071063 0.013983
0.095516 0.079970 0.009320
0.095879 0.082274 0.009284
0.096240 0.080684 0.016633
0.095779 0.074948 0.012216
0.095571 0.081997 0.011622
0.096096 0.079126 0.014201
0.096512 0.069078 0.015287
0.095218 0.078439 0.008981
0.095717 0.081354 0.011307
0.095372 0.077546 0.010586
0.096144 0.078313 0.013514
0.095583 0.071960 0.012971
0.095929 0.077924 0.011982
0.095652 0.071944 0.015590
0.095158 0.084513 0.009798
0.095882 0.077187 0.013641
0.095046 0.076668 0.010169
0.095826 0.082075 0.009387
0.096168 0.085084 0.013859
0.095706 0.079723 0.010052
0.095386 0.075362 0.010594
0.095008 0.074923 0.010252
0.094959 0.085233 0.010112
0.095447 0.074215 0.010858
0.095545 0.073656 0.012007
0.095867 0.077041 0.015120
0.095159 0.070597 0.010067
0.095546 0.073311 0.011444
0.095558 0.079187 0.009562
0.095645 0.074353 0.012666
0.095807 0.077130 0.011845
0.095841 0.077397 0.011650
0.095580 0.080775 0.010355
0.095856 0.079171 0.011734
0.096038 0.081218 0.014330
0.095816 0.083777 0.012239
0.096250 0.080537 0.017546
0.095979 0.081082 0.011138
0.095430 0.073834 0.013756
0.094735 0.077054 0.009220
0.095853 0.080689 0.011337
0.095854 0.071088 0.012771
0.095377 0.076345 0.010834
0.096066 0.081759 0.013805
0.096229 0.069885 0.015040
0.096018 0.075789 0.013262
0.096286 0.068022 0.013222
0.096121 0.084361 0.013613
0.095694 0.077996 0.010808
0.095430 0.074777 0.014737
0.095615 0.080297 0.009777
0.095671 0.076722 0.011320
0.096079 0.079852 0.016360
0.096170 0.084092 0.014003
0.096222 0.069353 0.013079
0.095459 0.081421 0.011624
0.095870 0.076792 0.012072
0.096126 0.081392 0.014780
0.096406 0.084468 0.014917
0.096053 0.076285 0.013049
0.095697 0.085069 0.011948
0.095294 0.074115 0.014644
0.095748 0.075365 0.012531
0.095764 0.067906 0.011224
0.095933 0.076410 0.012434
0.096462 0.084052 0.015880
0.095777 0.070768 0.013370
0.095308 0.073722 0.015022
0.095986 0.083257 0.013149
0.095852 0.077445 0.011509
0.095697 0.079695 0.009768
0.095747 0.076024 0.011905
0.096157 0.069831 0.013147
0.095776 0.082399 0.009539
0.095815 0.077479 0.012332
0.095926 0.079543 0.015888
0.095963 0.080787 0.014512
0.095656 0.073940 0.011947
0.095786 0.076547 0.015410
0.094984 0.074714 0.010321
0.095829 0.078981 0.011919
0.095929 0.075523 0.013105
0.095425 0.074393 0.014156
0.095760 0.083229 0.012095
0.095887 0.077786 0.013750
0.096004 0.086045 0.014009
0.095375 0.086892 0.016754
0.096176 0.085527 0.014510
0.095966 0.070139 0.013929
0.095912 0.076877 0.012942
0.095390 0.080413 0.009017
0.095731 0.084120 0.011667
0.096181 0.069251 0.012739
0.096404 0.082372 0.017108
0.095393 0.084123 0.010230
0.095396 0.079281 0.008750
0.095664 0.079848 0.009656
0.096084 0.079005 0.012861
0.095302 0.073994 0.015166
0.095967 0.082072 0.008685
0.095607 0.072143 0.012717
0.096382 0.082272 0.015769
0.095063 0.074358 0.010480
0.095915 0.075874 0.012646
0.095722 0.070240 0.011177
0.095832 0.075272 0.013062
0.095970 0.082357 0.012807
0.095639 0.079320 0.009854
0.095653 0.075545 0.011551
0.094661 0.080138 0.007873
0.094783 0.074815 0.010124
0.095689 0.077091 0.011225
0.095690 0.084253 0.011446
0.095916 0.080643 0.011176
0.095558 0.079553 0.009439
0.095714 0.076312 0.011533
0.095854 0.071088 0.012771
0.095885 0.077378 0.015667
0.095334 0.081849 0.010476
0.095928 0.083015 0.012969
0.096096 0.079126 0.014201
0.096144 0.078313 0.013514
0.095705 0.074590 0.012194
0.095566 0.074855 0.011073
0.095705 0.080461 0.011536
0.095943 0.078335 0.012000
0.095779 0.074948 0.012216
0.095433 0.081008 0.008733
0.095667 0.080137 0.011377
0.095820 0.081685 0.009048
0.095647 0.079820 0.010652
0.095868 0.081969 0.009216
0.095993 0.080840 0.011187
0.096028 0.068574 0.012380
0.095644 0.083896 0.010848
0.096346 0.081557 0.016097
0.096279 0.068895 0.013369
0.096195 0.078685 0.013306
0.096404 0.082372 0.017108
0.096520 0.083897 0.017217
0.095661 0.071747 0.015254
0.095613 0.073013 0.012040
0.095405 0.080528 0.008268
0.094278 0.078164 0.008562
0.095574 0.075122 0.014420
0.095346 0.074480 0.014530
0.095673 0.080483 0.011794
0.095696 0.081214 0.011857
0.095443 0.077248 0.010803
0.095637 0.075123 0.011774
0.094895 0.083615 0.007684
0.095928 0.081297 0.008726
0.095615 0.069937 0.010829
0.095516 0.081095 0.009756
0.094949 0.085952 0.010728
0.095647 0.079820 0.010652
0.095890 0.076043 0.012359
0.095574 0.074753 0.011221
0.095613 0.080335 0.010325
0.096198 0.083270 0.014314
0.095963 0.069007 0.012095
0.096393 0.068707 0.014412
0.095688 0.079806 0.010196
0.095683 0.078880 0.011313
0.096084 0.070066 0.012669
0.095983 0.070557 0.012774
0.095774 0.081212 0.008804
0.094583 0.081066 0.007603
0.094986 0.077626 0.009735
0.095832 0.075272 0.013062
0.095931 0.082159 0.009052
0.095900 0.079483 0.011733
0.095464 0.072324 0.011310
0.095159 0.070597 0.010067
0.095749 0.083381 0.011626
0.095930 0.068634 0.012036
0.096146 0.081898 0.014411
0.095589 0.078715 0.010695
0.095814 0.079627 0.012530
0.094773 0.075055 0.010012
0.095760 0.083229 0.012095
0.095890 0.076043 0.012359
0.095592 0.074490 0.013619
0.095433 0.081008 0.008733
0.095616 0.082025 0.009823
0.095911 0.078654 0.015331
0.095998 0.079161 0.012632
0.096066 0.081759 0.013805
0.095968 0.070459 0.012094
0.095436 0.078414 0.009874
0.095488 0.077982 0.010529
0.095871 0.079610 0.015430
0.095875 0.083032 0.012782
0.095660 0.080075 0.010031
0.095610 0.080722 0.010948
0.096279 0.080782 0.017447
0.095929 0.077612 0.014648
0.095516 0.071059 0.013838
0.096520 0.083897 0.017217
0.095583 0.071960 0.012971
0.094661 0.080138 0.007873
0.096110 0.079675 0.017574
0.095571 0.078854 0.010846
0.095959 0.082677 0.013060
0.095222 0.076008 0.010284
0.095857 0.077504 0.012035
0.095476 0.081882 0.010850
0.095625 0.077310 0.011049
0.094699 0.076683 0.009311
0.095873 0.075495 0.013388
0.095930 0.068634 0.012036
0.095873 0.081390 0.008810
0.095668 0.084470 0.011426
0.095691 0.075950 0.011574
0.095448 0.075518 0.010987
0.096314 0.081409 0.017115
0.095146 0.084770 0.010206
0.095769 0.068317 0.011337
0.096371 0.081578 0.016639
0.096341 0.068252 0.013618
0.095845 0.077467 0.011810
0.095929 0.078813 0.012110
0.095856 0.076573 0.014361
0.095786 0.076547 0.015410
0.096126 0.081392 0.014780
0.095539 0.080212 0.009411
0.095902 0.080367 0.013561
0.095306 0.074361 0.014774
0.096232 0.084903 0.016684
0.095915 0.076748 0.013999
0.096192 0.069474 0.012820
0.095572 0.071851 0.014478
0.095725 0.079796 0.011328
0.095454 0.074659 0.014303
0.095967 0.082072 0.008685
0.096038 0.076192 0.013331
0.095549 0.080215 0.010815
0.096126 0.081392 0.014780
0.095731 0.084120 0.011667
0.095966 0.070139 0.013929
0.095343 0.075152 0.010511
0.095889 0.070583 0.014571
0.095816 0.083777 0.012239
0.095613 0.072285 0.012497
0.096227 0.081795 0.014920
0.096028 0.068574 0.012380
0.095705 0.074590 0.012194
0.096097 0.075924 0.013137
0.095813 0.075852 0.012131
0.095858 0.076949 0.012366
0.096207 0.069372 0.013551
0.095930 0.068634 0.012036
0.096214 0.068921 0.012925
0.095754 0.083173 0.011299
0.096482 0.084399 0.016698
0.096139 0.068618 0.012686
0.095514 0.071742 0.013826
0.095705 0.080461 0.011536
0.096419 0.081991 0.016515
0.095359 0.081592 0.011542
0.095596 0.083417 0.010508
0.095770 0.079495 0.012215
0.095894 0.078971 0.012087
0.095751 0.082645 0.009580
0.096566 0.083938 0.016903
0.095616 0.082025 0.009823
0.095915 0.076956 0.013871
0.096220 0.078517 0.013787
0.095704 0.080419 0.011308
0.095915 0.077749 0.013299
0.095064 0.073687 0.010589
0.095697 0.085069 0.011948
0.095615 0.080297 0.009777
0.095671 0.071847 0.012638
0.095760 0.079174 0.011303
0.095849 0.077115 0.012789
0.095942 0.078407 0.016075
0.095104 0.075337 0.010209
0.095672 0.071544 0.015024
0.095243 0.077518 0.010337
0.096393 0.068707 0.014412
0.095880 0.079523 0.012716
0.095571 0.081997 0.011622
0.095692 0.079894 0.009829
0.096031 0.078317 0.012608
0.095293 0.081674 0.010598
0.095873 0.083286 0.011017
0.095928 0.081297 0.008726
0.096022 0.079391 0.016493
0.095918 0.080864 0.012863
0.095506 0.080877 0.009466
0.096028 0.068574 0.012380
0.096471 0.082870 0.016307
0.095596 0.083417 0.010508
0.095620 0.071144 0.014305
0.095226 0.077053 0.010550
0.095952 0.079919 0.014520
0.096066 0.081759 0.013805
0.095433 0.081663 0.008113
0.095265 0.084433 0.010205
0.095921 0.079328 0.012550
0.095064 0.073687 0.010589
0.096054 0.084209 0.013179
0.095856 0.076573 0.014361
0.094676 0.076180 0.009472
0.095393 0.069493 0.010138
0.095635 0.071634 0.013038
0.096300 0.081245 0.016624
0.096341 0.068252 0.013618
0.095928 0.076930 0.013543
0.095583 0.071960 0.012971
0.095804 0.075140 0.012132
0.095901 0.078850 0.015660
0.095456 0.081757 0.011422
0.095449 0.076815 0.010955
0.096012 0.077962 0.013158
0.095529 0.072568 0.015647
0.095928 0.076930 0.013543
0.095689 0.084053 0.011303
0.095485 0.082082 0.011054
0.095571 0.081997 0.011622
0.095589 0.080630 0.010379
0.096057 0.068921 0.012403
0.095576 0.074712 0.011356
0.095357 0.080973 0.008685
0.096027 0.081205 0.013467
0.096393 0.068707 0.014412
0.096008 0.078324 0.014711
0.095833 0.076798 0.011753
0.095706 0.079547 0.010093
0.096192 0.079117 0.013439
0.095618 0.079983 0.010731
0.095005 0.076021 0.009968
0.095855 0.079361 0.012399
0.095423 0.079673 0.009092
0.095780 0.080355 0.012740
0.095562 0.085915 0.012261
0.095082 0.084190 0.008695
0.095714 0.076312 0.011533
0.095667 0.082989 0.008558
0.095763 0.074732 0.013110
0.095963 0.080787 0.014512
0.095879 0.082511 0.012465
0.095543 0.072672 0.013092
0.095622 0.073942 0.011555
0.095780 0.080355 0.012740
0.095920 0.077707 0.012880
0.095610 0.080257 0.011707
0.095583 0.076760 0.011157
0.095558 0.079187 0.009562
0.095290 0.078220 0.009163
0.095644 0.075213 0.011580
0.095774 0.075579 0.011987
0.095759 0.077723 0.011253
0.095665 0.072076 0.012274
0.095549 0.080215 0.010815
0.095448 0.075518 0.010987
0.095331 0.073696 0.014617
0.095390 0.079535 0.008933
0.095509 0.081204 0.009404
0.095812 0.083297 0.010909
0.095875 0.080740 0.012338
0.095662 0.081180 0.011524
0.095935 0.076575 0.012606
0.095781 0.068729 0.011412
0.094077 0.085586 0.007668
0.095756 0.071472 0.015586
0.095563 0.072403 0.012875
0.096155 0.083684 0.013953
0.095721 0.078344 0.011401
0.095449 0.076815 0.010955
0.096178 0.080858 0.015707
0.095511 0.082362 0.010880
0.095669 0.074752 0.011628
0.096121 0.084361 0.013613
