0.085024 0.076128 0.053515
0.087645 0.073776 0.053737
0.086526 0.079673 0.053672
0.085198 0.075932 0.053542
0.085019 0.077866 0.053468
0.092040 0.070594 0.053885
0.083563 0.067823 0.053365
0.087328 0.068059 0.053614
0.092018 0.074654 0.053650
0.085515 0.075140 0.053538
0.090952 0.071031 0.053874
0.089630 0.067998 0.053644
0.092014 0.072130 0.053884
0.085133 0.071804 0.053580
0.091984 0.076553 0.053646
0.088736 0.077203 0.053556
0.090806 0.070182 0.053824
0.081653 0.070857 0.053127
0.086519 0.078601 0.053715
0.087981 0.073901 0.053741
0.088544 0.072544 0.053796
0.094047 0.074783 0.053965
0.086112 0.072051 0.053621
0.089821 0.075878 0.053535
0.089752 0.073644 0.053741
0.086376 0.077013 0.053583
0.083236 0.074924 0.053414
0.087764 0.069704 0.053704
0.090752 0.078686 0.053605
0.084818 0.076835 0.053505
0.093347 0.074985 0.053823
0.090328 0.076433 0.053495
0.079992 0.072531 0.052902
0.090520 0.076751 0.053504
0.083535 0.076010 0.053456
0.090852 0.074706 0.053541
0.082213 0.075417 0.053216
0.081383 0.071514 0.053135
0.086868 0.069016 0.053655
0.081145 0.074588 0.053015
0.088093 0.071154 0.053786
0.084451 0.078137 0.053368
0.088271 0.077682 0.053574
0.080058 0.072316 0.052887
0.085362 0.070971 0.053578
0.082377 0.071317 0.053304
0.087773 0.075181 0.053673
0.087693 0.072012 0.053800
0.091757 0.073793 0.053718
0.084218 0.077768 0.053343
0.084899 0.077442 0.053471
0.083554 0.072112 0.053536
0.087657 0.072721 0.053727
0.089421 0.076624 0.053514
0.086113 0.074681 0.053672
0.088791 0.070947 0.053826
0.092201 0.071267 0.053900
0.087252 0.077268 0.053614
0.086007 0.067490 0.053510
0.088982 0.074833 0.053667
0.089564 0.078203 0.053560
0.091532 0.070693 0.053911
0.088146 0.067728 0.053637
0.082148 0.073495 0.053242
0.087280 0.070744 0.053751
0.090538 0.072676 0.053803
0.085588 0.076338 0.053565
0.092250 0.075058 0.053661
0.086150 0.076053 0.053539
0.089448 0.068243 0.053654
0.085857 0.067317 0.053501
0.091794 0.075865 0.053549
0.089167 0.073138 0.053791
0.089214 0.076462 0.053556
0.088234 0.077934 0.053583
0.092264 0.070436 0.053882
0.083579 0.074359 0.053462
0.081513 0.074346 0.053077
0.087102 0.075393 0.053659
0.093757 0.076780 0.053978
0.090935 0.072095 0.053833
0.089042 0.072430 0.053841
0.086790 0.077543 0.053569
0.084783 0.071313 0.053516
0.088011 0.073072 0.053747
0.088277 0.076778 0.053581
0.083789 0.072251 0.053564
0.084379 0.067087 0.053416
0.089130 0.074566 0.053665
0.086316 0.079125 0.053657
0.091307 0.071648 0.053886
0.092840 0.078137 0.053943
0.092054 0.070258 0.053863
0.090547 0.069452 0.053734
0.086346 0.078149 0.053686
0.087935 0.068899 0.053662
0.090340 0.077204 0.053514
0.091106 0.073149 0.053773
0.084661 0.073070 0.053612
0.086775 0.078847 0.053697
0.082054 0.074358 0.053180
0.088938 0.076258 0.053556
0.093261 0.072816 0.053904
0.088085 0.070815 0.053779
0.082672 0.075363 0.053284
0.091265 0.077113 0.053624
0.082725 0.074702 0.053312
0.090600 0.076485 0.053511
0.087168 0.075018 0.053681
0.088381 0.079817 0.053660
0.093112 0.071773 0.053904
0.091354 0.079172 0.053548
0.089009 0.069255 0.053666
0.087562 0.069245 0.053670
0.084268 0.079491 0.053512
0.082785 0.077723 0.053139
0.089280 0.069922 0.053734
0.085964 0.072988 0.053677
0.091319 0.068306 0.053579
0.090108 0.077787 0.053516
0.087933 0.072695 0.053751
0.086659 0.071397 0.053644
0.083331 0.078917 0.053371
0.093210 0.073139 0.053914
0.084611 0.071154 0.053504
0.082536 0.072501 0.053400
0.093790 0.076140 0.053939
0.083446 0.077078 0.053314
0.084721 0.072384 0.053545
0.084075 0.070853 0.053468
0.083318 0.071550 0.053436
0.083141 0.074279 0.053386
0.083397 0.077668 0.053262
0.081777 0.071186 0.053199
0.090340 0.077204 0.053514
0.083094 0.070521 0.053373
0.089442 0.072445 0.053855
0.093070 0.077333 0.053879
0.084367 0.069053 0.053438
0.087407 0.074630 0.053706
0.091849 0.074100 0.053696
0.087930 0.068628 0.053653
0.084394 0.078906 0.053422
0.086493 0.071117 0.053634
0.086113 0.079255 0.053657
0.089626 0.074267 0.053663
0.086341 0.072269 0.053637
0.084069 0.069877 0.053441
0.084126 0.068935 0.053430
0.092945 0.071995 0.053895
0.091803 0.077385 0.053711
0.088816 0.073129 0.053762
0.084766 0.079737 0.053543
0.087660 0.077523 0.053618
0.086926 0.071201 0.053699
0.089906 0.069974 0.053749
0.087750 0.069448 0.053688
0.093197 0.072161 0.053903
0.092897 0.073518 0.053908
0.090440 0.073247 0.053765
0.081233 0.074389 0.053031
0.083702 0.075852 0.053489
0.088601 0.073758 0.053740
0.085627 0.070377 0.053589
0.093512 0.077131 0.053974
0.092689 0.075803 0.053695
0.088931 0.074312 0.053703
0.082471 0.076992 0.053222
0.085832 0.076556 0.053542
0.089750 0.077141 0.053518
0.083875 0.075537 0.053516
0.090904 0.069432 0.053717
0.091692 0.079015 0.053723
0.090413 0.077756 0.053540
0.086576 0.075070 0.053664
0.082391 0.075262 0.053241
0.091844 0.068805 0.053660
0.092928 0.074242 0.053826
0.084920 0.068039 0.053466
0.086882 0.077332 0.053602
0.093562 0.073814 0.053808
0.082978 0.069942 0.053356
0.089609 0.073421 0.053774
0.083379 0.076125 0.053421
0.090090 0.076497 0.053487
0.091222 0.076714 0.053599
0.094151 0.075243 0.053897
0.091927 0.070014 0.053854
0.085948 0.074474 0.053669
0.086761 0.074738 0.053673
0.086534 0.078033 0.053644
0.086067 0.072374 0.053638
0.084751 0.077921 0.053399
0.082672 0.078366 0.053205
0.091022 0.077503 0.053616
0.083069 0.074018 0.053391
0.083691 0.074831 0.053474
0.092578 0.072500 0.053885
0.084324 0.068452 0.053421
0.088117 0.069188 0.053642
0.087106 0.074789 0.053687
0.092302 0.075216 0.053647
0.085990 0.071418 0.053611
0.084903 0.070612 0.053564
0.092897 0.073518 0.053908
0.082100 0.071405 0.053247
0.083811 0.078732 0.053368
0.083767 0.067957 0.053358
0.084385 0.072896 0.053594
0.090525 0.070364 0.053780
0.087679 0.072516 0.053740
0.091203 0.077639 0.053645
0.085816 0.068418 0.053536
0.087387 0.077252 0.053616
0.091472 0.069278 0.053700
0.088210 0.073620 0.053743
0.088041 0.069653 0.053700
0.085998 0.071791 0.053607
0.083922 0.076088 0.053489
0.092599 0.075247 0.053711
0.086498 0.067835 0.053538
0.090198 0.069739 0.053741
0.090569 0.077460 0.053546
0.091390 0.072218 0.053850
0.088047 0.078222 0.053615
0.091964 0.076052 0.053593
0.090499 0.076253 0.053501
0.087039 0.077216 0.053617
0.088223 0.077184 0.053584
0.080023 0.072763 0.052932
0.088982 0.075520 0.053627
0.083215 0.068971 0.053341
0.090815 0.073358 0.053749
0.084098 0.077306 0.053358
0.087293 0.076309 0.053608
0.090564 0.074052 0.053668
0.080595 0.073905 0.052958
0.085782 0.071759 0.053621
0.083856 0.074704 0.053489
0.087358 0.075291 0.053671
0.089271 0.072137 0.053871
0.086316 0.079125 0.053657
0.091720 0.076774 0.053653
0.088520 0.074045 0.053739
0.092066 0.069183 0.053695
0.087241 0.073219 0.053717
0.083834 0.074441 0.053489
0.087773 0.075181 0.053673
0.085653 0.072840 0.053652
0.082162 0.074602 0.053188
0.083385 0.078576 0.053304
0.091514 0.076064 0.053519
0.090589 0.074762 0.053564
0.090868 0.070714 0.053849
0.083950 0.071949 0.053544
0.091034 0.076074 0.053528
0.092808 0.073701 0.053897
0.079992 0.072531 0.052902
0.092420 0.073085 0.053822
0.092264 0.069528 0.053776
0.082222 0.076744 0.053212
0.084161 0.074369 0.053538
0.085054 0.075027 0.053532
0.084046 0.076370 0.053467
0.087328 0.068059 0.053614
0.091449 0.074556 0.053577
0.086370 0.070356 0.053650
0.082527 0.074997 0.053264
0.090578 0.073720 0.053713
0.082153 0.077491 0.053131
0.087213 0.072032 0.053724
0.087832 0.072942 0.053737
0.084623 0.070784 0.053526
0.089081 0.070172 0.053746
0.083738 0.073087 0.053597
0.090382 0.078934 0.053595
0.092346 0.072624 0.053871
0.088741 0.071506 0.053856
0.087002 0.077013 0.053613
0.083452 0.074054 0.053453
0.091154 0.074762 0.053531
0.084160 0.069439 0.053440
0.088539 0.077227 0.053577
0.087425 0.075670 0.053650
0.088721 0.076506 0.053558
0.088299 0.069473 0.053680
0.088234 0.077934 0.053583
0.086412 0.068335 0.053555
0.084605 0.070356 0.053529
0.086210 0.072654 0.053662
0.085524 0.079890 0.053609
0.089253 0.068056 0.053672
0.088611 0.071851 0.053865
0.080734 0.073329 0.053043
0.084983 0.071472 0.053552
0.092979 0.077035 0.053835
0.085282 0.068734 0.053533
0.088124 0.078635 0.053594
0.092282 0.071020 0.053896
0.090901 0.072654 0.053806
0.088800 0.077964 0.053569
0.089491 0.073691 0.053733
0.088982 0.072837 0.053803
0.092395 0.075916 0.053649
0.088299 0.069473 0.053680
0.091735 0.072399 0.053839
0.081141 0.073273 0.053082
0.083555 0.078072 0.053294
0.091150 0.070649 0.053888
0.089841 0.078652 0.053569
0.088005 0.074968 0.053685
0.082672 0.078366 0.053205
0.081157 0.071843 0.053074
0.084372 0.075056 0.053536
0.087757 0.078707 0.053624
0.081296 0.072987 0.053104
0.086955 0.072537 0.053671
0.081225 0.074085 0.053040
0.087849 0.073685 0.053746
0.081502 0.072083 0.053178
0.085632 0.069622 0.053601
0.087317 0.078949 0.053638
0.087364 0.069876 0.053738
0.093347 0.072265 0.053905
0.080734 0.073329 0.053043
0.092224 0.072995 0.053796
0.083877 0.067843 0.053364
0.083097 0.079116 0.053395
0.086265 0.074484 0.053677
0.088875 0.073335 0.053758
0.082304 0.074979 0.053215
0.083294 0.077296 0.053238
0.090225 0.070332 0.053818
0.083099 0.078744 0.053321
0.087761 0.078458 0.053621
0.090254 0.077558 0.053510
0.083332 0.071978 0.053455
0.083227 0.073830 0.053435
0.085226 0.076753 0.053560
0.083257 0.070050 0.053373
0.090648 0.080257 0.053596
0.084059 0.073030 0.053593
0.085821 0.074183 0.053678
0.087545 0.071310 0.053743
0.084734 0.079172 0.053486
0.090727 0.075518 0.053509
0.083180 0.072770 0.053540
0.093393 0.076822 0.053905
0.082629 0.075692 0.053295
0.088975 0.070673 0.053801
0.087066 0.078377 0.053659
0.088377 0.076405 0.053586
0.086929 0.072259 0.053647
0.090518 0.072324 0.053809
0.091485 0.078096 0.053700
0.084941 0.072009 0.053541
0.089731 0.077282 0.053512
0.087805 0.078090 0.053618
0.084626 0.070000 0.053521
0.084468 0.075432 0.053531
0.085752 0.078082 0.053639
0.083444 0.069616 0.053367
0.084775 0.071651 0.053532
0.083933 0.079353 0.053490
0.081853 0.070130 0.053102
0.089448 0.068243 0.053654
0.093900 0.076591 0.054011
0.092763 0.077335 0.053807
0.081939 0.073532 0.053194
0.090804 0.071881 0.053843
0.088212 0.068545 0.053635
0.091569 0.076353 0.053555
0.087521 0.067802 0.053624
0.092932 0.072762 0.053877
0.084385 0.072896 0.053594
0.089310 0.069464 0.053684
0.090114 0.075360 0.053542
0.090877 0.075148 0.053507
0.082531 0.069340 0.053259
0.085120 0.077380 0.053527
0.086055 0.076945 0.053560
0.088268 0.067962 0.053631
0.084332 0.077147 0.053407
0.084743 0.069497 0.053506
0.086646 0.075790 0.053599
0.093822 0.074876 0.053924
0.086665 0.070800 0.053673
0.081747 0.074296 0.053121
0.083261 0.071302 0.053429
0.090770 0.071493 0.053862
0.085221 0.074173 0.053621
0.088377 0.076405 0.053586
0.082155 0.069943 0.053163
0.087900 0.071605 0.053784
0.090178 0.079653 0.053593
0.089469 0.069165 0.053648
0.084538 0.076045 0.053521
0.090253 0.072329 0.053815
0.088730 0.077457 0.053571
0.083657 0.078335 0.053307
0.084100 0.072191 0.053543
0.091853 0.074426 0.053655
0.081875 0.075288 0.053123
0.089552 0.071287 0.053815
0.082207 0.071596 0.053258
0.090955 0.078514 0.053600
0.081777 0.071186 0.053199
0.085890 0.074769 0.053652
0.085294 0.069764 0.053584
0.085246 0.074496 0.053610
0.089813 0.079751 0.053652
0.094285 0.074972 0.053952
0.087641 0.071656 0.053791
0.084439 0.071509 0.053508
0.090600 0.076485 0.053511
0.088607 0.076364 0.053585
0.090231 0.068586 0.053611
0.090823 0.077237 0.053564
0.082814 0.070640 0.053334
0.092623 0.071888 0.053883
0.085855 0.070598 0.053592
0.086262 0.074748 0.053649
0.083050 0.071660 0.053385
0.087441 0.078029 0.053621
0.089232 0.078575 0.053592
0.082757 0.071033 0.053362
0.086499 0.077321 0.053576
0.082835 0.070001 0.053332
0.086415 0.078382 0.053716
0.083631 0.076208 0.053436
0.085836 0.069062 0.053561
0.091712 0.072251 0.053865
0.085207 0.070462 0.053593
0.087684 0.068587 0.053655
0.089405 0.073353 0.053772
0.081945 0.074690 0.053139
0.092624 0.078258 0.053903
0.088230 0.075604 0.053631
0.091262 0.071988 0.053860
0.085304 0.071563 0.053595
0.086122 0.073663 0.053675
0.092576 0.071359 0.053885
0.085029 0.068563 0.053503
0.086186 0.073192 0.053688
0.090999 0.073627 0.053712
0.085626 0.074008 0.053672
0.085942 0.077221 0.053574
0.085240 0.072168 0.053578
0.090260 0.072101 0.053821
0.091432 0.078400 0.053708
0.085956 0.075590 0.053539
0.092940 0.074856 0.053771
0.093124 0.074311 0.053853
0.087206 0.079481 0.053673
0.088160 0.076574 0.053594
0.084059 0.073678 0.053571
0.092706 0.075537 0.053700
0.091821 0.068458 0.053621
0.083562 0.077363 0.053285
0.092177 0.076139 0.053611
0.087106 0.074789 0.053687
0.084365 0.067448 0.053424
0.083905 0.070640 0.053431
0.091808 0.077949 0.053743
0.086866 0.067909 0.053577
0.087180 0.068671 0.053643
0.092428 0.072326 0.053875
0.087465 0.073269 0.053726
0.084250 0.075681 0.053521
0.092483 0.077991 0.053849
0.086027 0.068753 0.053566
0.086311 0.069384 0.053650
0.089929 0.074121 0.053670
0.092376 0.073969 0.053815
0.089981 0.068266 0.053617
0.092589 0.072878 0.053867
0.091272 0.073358 0.053739
0.086312 0.071459 0.053613
0.088679 0.079814 0.053670
0.080754 0.072954 0.053055
0.091980 0.072941 0.053807
0.085397 0.077979 0.053569
0.092827 0.076497 0.053744
0.089919 0.070841 0.053845
0.088388 0.071645 0.053830
0.090148 0.077348 0.053485
0.091844 0.068805 0.053660
0.083830 0.068672 0.053392
0.085538 0.079210 0.053601
0.085138 0.073248 0.053620
0.085051 0.075515 0.053511
0.080925 0.074180 0.052995
0.084857 0.078949 0.053469
0.085267 0.078910 0.053532
0.085998 0.071791 0.053607
0.085427 0.067294 0.053474
0.089332 0.071134 0.053825
0.085653 0.068661 0.053548
0.088770 0.068589 0.053656
0.089836 0.070247 0.053794
0.092084 0.073350 0.053790
0.091482 0.075795 0.053522
0.088782 0.078206 0.053583
0.086318 0.075851 0.053551
0.088593 0.074714 0.053680
0.084106 0.067626 0.053396
0.089128 0.073443 0.053752
0.091765 0.079334 0.053765
0.081029 0.073556 0.053057
0.084712 0.076310 0.053506
0.086210 0.074905 0.053660
0.087981 0.072374 0.053782
0.089945 0.068585 0.053624
0.080505 0.073279 0.053016
0.091505 0.074216 0.053635
0.081357 0.070841 0.053044
0.084640 0.079519 0.053504
0.091667 0.075316 0.053540
0.084798 0.069788 0.053539
0.089661 0.070580 0.053816
0.083852 0.071441 0.053494
0.085629 0.078321 0.053615
0.082233 0.075652 0.053249
0.087519 0.069588 0.053710
0.088753 0.071134 0.053824
0.085475 0.072635 0.053621
0.081685 0.072723 0.053185
0.086804 0.075939 0.053607
0.086585 0.079795 0.053672
0.084569 0.068324 0.053445
0.088414 0.078771 0.053615
0.092510 0.076593 0.053695
0.086557 0.076084 0.053558
0.082834 0.072664 0.053477
0.086144 0.076373 0.053560
0.091259 0.069437 0.053727
0.087768 0.079697 0.053659
0.088962 0.069541 0.053689
0.084275 0.075279 0.053521
0.090260 0.072101 0.053821
0.089414 0.070309 0.053778
0.087891 0.069216 0.053675
0.091272 0.073358 0.053739
0.086849 0.074336 0.053690
0.086909 0.075009 0.053675
0.087929 0.078888 0.053621
0.089655 0.077464 0.053512
0.090404 0.080093 0.053592
0.087767 0.077041 0.053610
0.085136 0.078427 0.053474
0.086722 0.069224 0.053652
0.084879 0.070942 0.053541
0.084884 0.073948 0.053634
0.086965 0.068067 0.053594
0.088019 0.069993 0.053724
0.082012 0.075885 0.053227
0.082751 0.073350 0.053367
0.086877 0.069610 0.053712
0.084888 0.075379 0.053533
0.090338 0.076861 0.053486
0.090824 0.070457 0.053844
0.083211 0.073149 0.053526
0.083828 0.071072 0.053473
0.092269 0.074654 0.053692
0.082114 0.070471 0.053182
0.090769 0.076347 0.053520
0.081742 0.076653 0.053198
0.090851 0.071237 0.053864
0.086895 0.079320 0.053678
0.089554 0.079579 0.053642
0.080560 0.072296 0.052997
0.083577 0.076391 0.053411
0.093637 0.075426 0.053847
0.089098 0.071660 0.053865
0.085688 0.072429 0.053623
0.088939 0.076570 0.053564
0.084173 0.076803 0.053431
0.090574 0.075917 0.053500
0.084149 0.068025 0.053390
0.082596 0.069616 0.053281
0.085059 0.077030 0.053539
0.085545 0.072227 0.053604
0.086817 0.078249 0.053659
0.081815 0.072914 0.053197
0.084459 0.079307 0.053493
0.091911 0.071191 0.053906
0.082625 0.074430 0.053295
0.080695 0.074268 0.052935
0.086289 0.075490 0.053600
0.080891 0.072340 0.053076
0.090750 0.069953 0.053808
0.091539 0.069606 0.053770
0.081920 0.077035 0.053162
0.092796 0.074956 0.053763
0.089504 0.076342 0.053530
0.088898 0.072136 0.053866
0.085291 0.079882 0.053613
0.089648 0.072174 0.053847
0.082441 0.070598 0.053220
0.087297 0.078497 0.053619
0.084734 0.079172 0.053486
0.083822 0.079755 0.053509
0.086473 0.074716 0.053667
0.092887 0.077867 0.053891
0.087056 0.074549 0.053693
0.088294 0.071999 0.053831
0.084466 0.076337 0.053499
0.084408 0.078475 0.053379
0.088820 0.079246 0.053630
0.089294 0.073563 0.053708
0.085863 0.075463 0.053545
0.088958 0.078875 0.053614
0.087206 0.079481 0.053673
0.084747 0.072758 0.053593
0.084059 0.073030 0.053593
0.081473 0.074695 0.053074
0.088066 0.075855 0.053613
0.080900 0.075084 0.052981
0.082353 0.075811 0.053262
0.086307 0.076200 0.053558
0.087402 0.076919 0.053613
0.089836 0.070247 0.053794
0.086604 0.076271 0.053583
0.086635 0.068928 0.053615
0.091091 0.075550 0.053505
0.081384 0.074475 0.053054
0.087165 0.072849 0.053695
0.089986 0.073479 0.053756
0.090769 0.072404 0.053818
0.086817 0.078249 0.053659
0.086109 0.068395 0.053539
0.087841 0.077357 0.053605
0.087754 0.071286 0.053775
0.081698 0.070517 0.053123
0.087506 0.070448 0.053737
0.091797 0.072663 0.053860
0.081829 0.072561 0.053218
0.084453 0.072618 0.053567
0.091579 0.073359 0.053725
0.082680 0.071867 0.053379
0.085371 0.075003 0.053517
0.080280 0.072466 0.052962
0.092624 0.070612 0.053899
0.094019 0.075498 0.053901
0.087594 0.069778 0.053707
0.084869 0.077185 0.053490
0.083726 0.068495 0.053371
0.088973 0.071234 0.053833
0.086065 0.076617 0.053561
0.092691 0.073960 0.053866
0.084960 0.079816 0.053573
0.082519 0.072811 0.053392
0.085799 0.073191 0.053674
0.085339 0.070168 0.053587
0.087823 0.074520 0.053705
0.091768 0.070269 0.053870
0.083192 0.071438 0.053417
0.086803 0.068564 0.053604
0.092516 0.073210 0.053835
0.085291 0.068345 0.053518
0.093406 0.076303 0.053860
0.092029 0.071538 0.053897
0.089028 0.068606 0.053655
0.084010 0.075849 0.053514
0.086155 0.077885 0.053650
0.093056 0.072926 0.053853
0.085231 0.072417 0.053568
0.087152 0.070500 0.053748
0.088629 0.076679 0.053583
0.085175 0.077698 0.053521
0.090253 0.072329 0.053815
0.082455 0.077606 0.053132
0.081008 0.072919 0.053048
0.083269 0.077987 0.053250
0.093033 0.075348 0.053755
0.090004 0.072097 0.053824
0.088000 0.068065 0.053635
0.083076 0.076568 0.053330
0.090584 0.070802 0.053854
0.087940 0.076786 0.053597
0.083851 0.076378 0.053426
0.092168 0.073664 0.053796
0.084596 0.075722 0.053528
0.088617 0.067917 0.053655
0.093382 0.072555 0.053902
0.090168 0.071498 0.053852
0.087624 0.076409 0.053604
0.089249 0.070735 0.053810
0.090611 0.068330 0.053590
0.085955 0.075190 0.053601
0.083967 0.068403 0.053388
0.090346 0.079398 0.053602
0.088173 0.068780 0.053616
0.082830 0.072074 0.053411
0.082814 0.074288 0.053337
0.081653 0.071446 0.053202
0.083794 0.070273 0.053416
0.084349 0.070994 0.053490
0.086323 0.072846 0.053679
0.090866 0.068494 0.053570
0.084981 0.074493 0.053601
0.085332 0.077157 0.053566
0.090590 0.070552 0.053826
0.083398 0.069176 0.053366
0.090204 0.074762 0.053596
0.089327 0.072737 0.053823
0.091199 0.078071 0.053639
0.088136 0.072738 0.053765
0.091093 0.072337 0.053833
0.084065 0.070167 0.053452
0.088785 0.072735 0.053791
0.084542 0.074479 0.053576
0.090020 0.078224 0.053547
0.086929 0.072259 0.053647
0.090064 0.079926 0.053633
0.085810 0.071283 0.053586
0.087483 0.070987 0.053759
0.093485 0.074754 0.053912
0.088622 0.069626 0.053688
0.080428 0.073814 0.052922
0.088705 0.068038 0.053652
0.092752 0.074270 0.053829
0.088098 0.079706 0.053657
0.085361 0.069448 0.053569
0.082049 0.076516 0.053229
0.088351 0.070648 0.053789
0.089149 0.074195 0.053693
0.092665 0.073747 0.053851
0.082664 0.071328 0.053372
0.090849 0.079006 0.053603
0.093089 0.072513 0.053895
0.089795 0.071458 0.053840
0.091903 0.071836 0.053886
0.086268 0.071096 0.053621
0.087103 0.076680 0.053602
0.086260 0.077445 0.053593
0.084647 0.072178 0.053530
0.088271 0.077682 0.053574
0.081349 0.073845 0.053070
0.090477 0.078056 0.053558
0.091090 0.069203 0.053680
0.084488 0.079808 0.053532
0.088235 0.078271 0.053594
0.089177 0.073710 0.053727
0.086031 0.069588 0.053629
0.086997 0.069315 0.053703
0.090528 0.068054 0.053569
0.086374 0.073873 0.053680
0.082751 0.069189 0.053279
0.084827 0.078435 0.053417
0.091512 0.072920 0.053819
0.087127 0.071019 0.053732
0.084755 0.066994 0.053445
0.083231 0.069345 0.053322
0.091493 0.077829 0.053696
0.093708 0.073483 0.053875
0.094151 0.075243 0.053897
0.087235 0.072304 0.053702
0.084631 0.074156 0.053610
0.085627 0.070377 0.053589
0.083947 0.069645 0.053430
0.089062 0.073915 0.053711
0.086620 0.072341 0.053649
0.091116 0.077393 0.053624
0.091083 0.076426 0.053556
0.082526 0.077268 0.053204
0.085821 0.074183 0.053678
0.091541 0.072513 0.053854
0.090231 0.075104 0.053557
0.087943 0.073403 0.053745
0.084303 0.068233 0.053421
0.089753 0.076867 0.053501
0.090584 0.070802 0.053854
0.088744 0.068275 0.053658
0.089377 0.073904 0.053709
0.089168 0.076117 0.053579
0.084386 0.073790 0.053563
0.084899 0.077442 0.053471
0.091970 0.075072 0.053600
0.086637 0.076672 0.053595
0.085826 0.079394 0.053646
0.083470 0.068125 0.053346
0.081588 0.076352 0.053196
0.092330 0.071587 0.053889
0.082200 0.073911 0.053233
0.083508 0.071562 0.053483
0.086823 0.070491 0.053710
0.087043 0.079030 0.053665
0.091523 0.079431 0.053650
0.084439 0.071509 0.053508
0.086432 0.071999 0.053628
0.089561 0.078526 0.053575
0.081159 0.075020 0.053005
0.088038 0.071435 0.053799
0.082983 0.073377 0.053438
0.083092 0.077792 0.053190
0.088719 0.075670 0.053623
0.086920 0.072914 0.053689
0.087026 0.079860 0.053681
0.086594 0.073261 0.053690
0.092132 0.075834 0.053619
0.091811 0.069744 0.053793
0.089573 0.075392 0.053585
0.083274 0.073541 0.053484
0.090552 0.071382 0.053859
0.091306 0.072978 0.053797
0.083651 0.070510 0.053420
0.088802 0.071780 0.053879
0.084458 0.077855 0.053358
0.082071 0.075589 0.053214
0.083776 0.067608 0.053382
0.091683 0.072048 0.053851
0.087558 0.074019 0.053725
0.086279 0.079844 0.053664
0.082107 0.073086 0.053258
0.088360 0.074972 0.053671
0.086285 0.075208 0.053645
0.083234 0.070952 0.053409
0.080428 0.073814 0.052922
0.092764 0.071669 0.053897
0.091706 0.071566 0.053902
0.083404 0.070734 0.053419
0.082214 0.077773 0.053078
0.088387 0.071305 0.053833
0.088890 0.070387 0.053770
0.089405 0.067809 0.053668
0.090355 0.074401 0.053625
0.088555 0.073096 0.053745
0.085359 0.078309 0.053529
0.083851 0.076378 0.053426
0.081003 0.071215 0.053005
0.090868 0.070714 0.053849
0.093151 0.074485 0.053821
0.086085 0.077533 0.053601
0.085090 0.067218 0.053448
0.085752 0.068925 0.053557
0.091821 0.068458 0.053621
0.086778 0.067559 0.053550
0.087496 0.079603 0.053662
0.087800 0.076165 0.053597
0.086800 0.079596 0.053672
0.087579 0.075983 0.053619
0.082932 0.074974 0.053351
0.088338 0.068196 0.053635
0.085598 0.079728 0.053628
0.090960 0.074922 0.053510
0.086146 0.079469 0.053625
0.085487 0.070641 0.053596
0.090948 0.075767 0.053503
0.081696 0.073586 0.053138
0.082978 0.069942 0.053356
0.080824 0.074516 0.052962
0.081653 0.071446 0.053202
0.085586 0.074643 0.053624
0.091594 0.073226 0.053752
0.082903 0.071450 0.053396
0.086465 0.075670 0.053600
0.084430 0.077382 0.053395
0.081225 0.074085 0.053040
0.084140 0.067245 0.053381
0.088063 0.078457 0.053613
0.087431 0.075003 0.053687
0.088360 0.076109 0.053609
0.090584 0.074969 0.053545
0.082484 0.074731 0.053257
0.090287 0.079144 0.053604
0.092517 0.078573 0.053893
0.082375 0.074430 0.053242
0.086547 0.068655 0.053593
0.086478 0.077583 0.053586
0.090216 0.069257 0.053693
0.082771 0.079277 0.053378
0.090403 0.079802 0.053555
0.081770 0.074607 0.053112
0.090743 0.077874 0.053570
0.083989 0.072539 0.053518
0.092319 0.076959 0.053712
0.090913 0.069673 0.053756
0.086895 0.079320 0.053678
0.088564 0.070865 0.053825
0.084237 0.079753 0.053509
0.089965 0.068019 0.053616
0.091255 0.078586 0.053648
0.088564 0.070865 0.053825
0.093872 0.074950 0.053861
0.087805 0.079374 0.053645
0.089355 0.074684 0.053634
0.090526 0.079528 0.053554
0.089245 0.078844 0.053606
0.092040 0.070594 0.053885
0.084132 0.074762 0.053518
0.087302 0.069087 0.053689
0.084788 0.075706 0.053537
0.089091 0.068364 0.053657
0.088091 0.075309 0.053655
0.087443 0.068368 0.053636
0.087605 0.078356 0.053596
0.086643 0.079966 0.053678
0.092114 0.077499 0.053744
0.087257 0.074305 0.053713
0.085868 0.069867 0.053611
0.087704 0.075465 0.053659
0.086202 0.077192 0.053580
0.087572 0.079286 0.053648
0.089355 0.074684 0.053634
0.088798 0.073553 0.053740
0.082267 0.069430 0.053218
0.082525 0.073574 0.053311
0.085061 0.078056 0.053454
0.090300 0.072936 0.053797
0.093597 0.074971 0.053874
0.089948 0.069313 0.053679
0.086441 0.069058 0.053628
0.081819 0.076864 0.053181
0.082796 0.078681 0.053279
0.088423 0.067676 0.053655
0.085646 0.077815 0.053605
0.086916 0.075246 0.053666
0.091434 0.070408 0.053898
0.086928 0.075608 0.053635
0.085120 0.072719 0.053593
0.082650 0.070001 0.053292
0.093453 0.073490 0.053832
0.089813 0.079751 0.053652
0.091561 0.077162 0.053662
0.088474 0.068458 0.053650
0.082339 0.072560 0.053355
0.092995 0.075653 0.053744
0.083413 0.075754 0.053434
0.083292 0.074563 0.053422
0.089468 0.077117 0.053533
0.093265 0.077512 0.053960
0.086561 0.074429 0.053672
0.083048 0.077420 0.053205
0.081901 0.073909 0.053170
0.087406 0.078240 0.053629
0.089859 0.072416 0.053831
0.089362 0.071845 0.053867
0.084532 0.067220 0.053449
0.081754 0.074082 0.053140
0.088657 0.069893 0.053714
0.088782 0.078206 0.053583
0.089193 0.077105 0.053541
0.080473 0.073591 0.052973
0.087093 0.071783 0.053717
0.087515 0.077424 0.053618
0.086877 0.069610 0.053712
0.083663 0.079019 0.053417
0.084365 0.072351 0.053534
0.091707 0.079529 0.053747
0.086469 0.075310 0.053651
0.089564 0.078203 0.053560
0.085563 0.073159 0.053653
0.084844 0.069601 0.053511
0.093677 0.076478 0.053939
0.084933 0.077650 0.053468
0.083734 0.073758 0.053528
0.088646 0.075928 0.053611
0.086279 0.079844 0.053664
0.081337 0.075945 0.053157
0.089832 0.076181 0.053505
0.085731 0.073799 0.053681
0.084367 0.069053 0.053438
0.088230 0.075604 0.053631
0.087303 0.069495 0.053720
0.090613 0.078976 0.053602
0.087103 0.076680 0.053602
0.086550 0.072962 0.053689
0.090231 0.075104 0.053557
0.091742 0.074779 0.053598
0.094024 0.075874 0.053958
0.091462 0.074811 0.053542
0.089726 0.073175 0.053797
0.090559 0.074529 0.053599
0.085062 0.076530 0.053536
0.086289 0.075490 0.053600
0.084590 0.073639 0.053610
0.088758 0.075440 0.053624
0.090572 0.069086 0.053655
0.087929 0.078888 0.053621
0.086112 0.072051 0.053621
0.085756 0.069363 0.053578
0.084515 0.071847 0.053511
0.092264 0.069528 0.053776
0.091083 0.079906 0.053562
0.092262 0.072014 0.053891
0.091531 0.078923 0.053607
0.086447 0.076531 0.053572
0.090996 0.077164 0.053593
0.087681 0.073157 0.053730
0.086447 0.076531 0.053572
0.092799 0.072531 0.053891
0.091289 0.071122 0.053891
0.085002 0.078683 0.053464
0.080318 0.072177 0.052925
0.083096 0.079411 0.053437
0.088506 0.078324 0.053601
0.092631 0.072188 0.053873
0.086665 0.070800 0.053673
0.084077 0.075057 0.053515
0.088800 0.077964 0.053569
0.089441 0.069000 0.053646
0.088411 0.079105 0.053622
0.085051 0.068337 0.053499
0.087120 0.067749 0.053599
0.081397 0.073562 0.053097
0.089520 0.072980 0.053806
0.082750 0.077456 0.053178
0.088322 0.069195 0.053649
0.089253 0.068056 0.053672
0.093276 0.076893 0.053884
0.093238 0.073780 0.053847
0.082135 0.076157 0.053232
0.084194 0.071123 0.053481
0.090257 0.070621 0.053838
0.083579 0.074359 0.053462
0.088393 0.072873 0.053760
0.089288 0.075373 0.053612
0.081745 0.074989 0.053096
0.081306 0.072308 0.053146
0.083663 0.079019 0.053417
0.091643 0.079719 0.053733
0.082767 0.078122 0.053174
0.089249 0.070735 0.053810
0.084653 0.075204 0.053540
0.082745 0.076547 0.053308
0.087464 0.073553 0.053730
0.082457 0.073939 0.053283
0.089995 0.069099 0.053660
0.081781 0.072070 0.053221
0.092000 0.068829 0.053651
0.087523 0.077092 0.053618
0.089259 0.078294 0.053571
0.085829 0.072062 0.053617
0.087624 0.074331 0.053715
0.084175 0.072741 0.053531
0.086375 0.069967 0.053666
0.086341 0.072269 0.053637
0.090494 0.078385 0.053572
0.090313 0.068933 0.053643
0.087300 0.079140 0.053660
0.088960 0.068595 0.053659
0.092483 0.074257 0.053792
0.090225 0.067991 0.053582
0.086441 0.069656 0.053675
0.081599 0.076071 0.053189
0.086950 0.073287 0.053702
0.083571 0.078761 0.053328
0.082878 0.073977 0.053355
0.092271 0.076503 0.053669
0.081998 0.071802 0.053257
0.091947 0.077674 0.053719
0.091227 0.069670 0.053746
0.082909 0.076847 0.053311
0.084514 0.076845 0.053466
0.088607 0.077820 0.053572
0.086113 0.074681 0.053672
0.084776 0.076553 0.053507
0.093089 0.072513 0.053895
0.091970 0.075072 0.053600
0.087714 0.070224 0.053697
0.088405 0.079530 0.053639
0.085563 0.073159 0.053653
0.084063 0.075343 0.053521
0.082429 0.073678 0.053288
0.082544 0.076148 0.053294
0.087249 0.077466 0.053606
0.083097 0.079116 0.053395
0.082224 0.071051 0.053220
0.089948 0.070543 0.053832
0.082524 0.076769 0.053239
0.086571 0.067518 0.053541
0.082885 0.075539 0.053316
0.086272 0.077670 0.053611
0.082586 0.069055 0.053259
0.086969 0.070763 0.053722
0.089274 0.068560 0.053650
0.087425 0.072890 0.053714
0.084466 0.076337 0.053499
0.081222 0.072080 0.053106
0.084665 0.068760 0.053484
0.080627 0.071975 0.052943
0.087727 0.068305 0.053639
0.085381 0.067680 0.053488
0.086641 0.075433 0.053643
0.085512 0.068038 0.053507
0.090007 0.074447 0.053633
0.090906 0.077688 0.053601
0.092572 0.074671 0.053739
0.090817 0.079503 0.053512
0.086334 0.070762 0.053625
0.085007 0.073055 0.053613
0.085699 0.070889 0.053584
0.082792 0.078978 0.053346
0.085017 0.075689 0.053535
0.091695 0.068767 0.053645
0.091066 0.078818 0.053589
0.093210 0.073139 0.053914
0.081599 0.075330 0.053098
0.083831 0.069965 0.053425
0.092356 0.078276 0.053853
0.087066 0.070015 0.053734
0.084479 0.069724 0.053501
0.091426 0.079822 0.053658
0.085907 0.079672 0.053638
0.083533 0.074549 0.053429
0.083399 0.079578 0.053501
0.089619 0.068812 0.053640
0.084373 0.070696 0.053496
0.084966 0.068837 0.053504
0.089919 0.070841 0.053845
0.083657 0.078335 0.053307
0.090729 0.073000 0.053777
0.089948 0.070543 0.053832
0.088339 0.070976 0.053801
0.092791 0.074697 0.053769
0.082204 0.077171 0.053167
0.090648 0.071120 0.053848
0.085186 0.070777 0.053580
0.088632 0.069092 0.053651
0.088458 0.070451 0.053765
0.088493 0.080109 0.053685
0.086993 0.067437 0.053576
0.083328 0.075504 0.053424
0.094291 0.075781 0.053970
0.089356 0.079545 0.053657
0.087043 0.079030 0.053665
0.082293 0.074727 0.053213
0.086328 0.076787 0.053569
0.090275 0.073565 0.053734
0.088829 0.073883 0.053733
0.085870 0.076812 0.053564
0.088162 0.078939 0.053611
0.090517 0.069783 0.053780
0.085370 0.075803 0.053556
0.083413 0.075754 0.053434
0.086490 0.075828 0.053578
0.083144 0.075219 0.053395
0.089530 0.078858 0.053602
0.083495 0.069962 0.053390
0.092656 0.071012 0.053894
0.089042 0.072430 0.053841
0.092250 0.074416 0.053723
0.092046 0.073865 0.053758
0.091435 0.075499 0.053524
0.087105 0.074005 0.053709
0.083007 0.075755 0.053370
0.085526 0.074310 0.053643
0.084994 0.074744 0.053572
0.087545 0.078778 0.053629
0.092271 0.078788 0.053882
0.089577 0.079203 0.053614
0.086146 0.079469 0.053625
0.086329 0.068679 0.053574
0.092649 0.073434 0.053877
0.087796 0.067946 0.053635
0.088647 0.071148 0.053838
0.087832 0.075744 0.053633
0.086376 0.077013 0.053583
0.088777 0.068968 0.053641
0.091109 0.070238 0.053867
0.081103 0.072765 0.053076
0.093070 0.077333 0.053879
0.084340 0.077578 0.053365
0.086466 0.079471 0.053651
0.083425 0.074801 0.053445
0.086033 0.069336 0.053619
0.093281 0.077085 0.053914
0.089493 0.075692 0.053585
0.091314 0.071408 0.053896
0.080845 0.073951 0.053004
0.089038 0.069828 0.053712
0.088282 0.074264 0.053700
0.092861 0.075309 0.053743
0.089535 0.070114 0.053762
0.088387 0.078526 0.053598
0.084289 0.073572 0.053586
0.087335 0.073731 0.053725
0.089233 0.079211 0.053634
0.088412 0.075838 0.053603
0.086074 0.070782 0.053600
0.083242 0.078294 0.053265
0.082100 0.071405 0.053247
0.093864 0.075306 0.053870
0.092620 0.076850 0.053736
0.081912 0.070690 0.053182
0.083094 0.070521 0.053373
0.086181 0.067763 0.053520
0.085922 0.077808 0.053627
0.085540 0.076040 0.053561
0.086683 0.078086 0.053609
0.085218 0.069186 0.053523
0.087351 0.070220 0.053739
0.084916 0.073506 0.053628
0.089042 0.072430 0.053841
0.080269 0.073356 0.052956
0.086523 0.073680 0.053686
0.083028 0.078072 0.053215
0.086141 0.068080 0.053533
0.083877 0.067843 0.053364
0.089942 0.072931 0.053813
0.082891 0.077164 0.053261
0.091715 0.069076 0.053688
0.086026 0.071067 0.053592
0.087986 0.071914 0.053806
0.089700 0.072689 0.053825
0.084479 0.069724 0.053501
0.084451 0.078137 0.053368
0.091659 0.074364 0.053609
0.087877 0.074183 0.053707
0.089185 0.070457 0.053782
0.087356 0.075991 0.053627
0.092387 0.069711 0.053811
0.089513 0.079847 0.053674
0.083776 0.067608 0.053382
0.088904 0.068083 0.053664
0.083717 0.079561 0.053516
0.092088 0.069734 0.053817
0.088189 0.079428 0.053631
0.092413 0.071824 0.053885
0.088375 0.074614 0.053664
0.091227 0.068585 0.053578
0.082769 0.075124 0.053304
0.087608 0.068177 0.053624
0.088926 0.076801 0.053558
0.089007 0.068804 0.053652
0.091113 0.079520 0.053535
0.090953 0.069884 0.053800
0.088338 0.068196 0.053635
0.083308 0.070293 0.053384
0.087134 0.075733 0.053639
0.081743 0.075623 0.053149
0.092445 0.076352 0.053680
0.093864 0.075306 0.053870
0.091055 0.074164 0.053643
0.091740 0.076133 0.053565
0.086641 0.075433 0.053643
0.081914 0.070933 0.053191
0.084250 0.075681 0.053521
0.093194 0.073451 0.053900
0.082119 0.074856 0.053173
0.093796 0.075712 0.053902
0.085649 0.077269 0.053574
0.092578 0.072500 0.053885
0.088802 0.071780 0.053879
0.090809 0.077382 0.053578
0.084793 0.075104 0.053542
0.085899 0.078370 0.053640
0.084380 0.070033 0.053495
0.088907 0.075899 0.053601
0.080999 0.073798 0.053040
0.093057 0.073694 0.053906
0.089414 0.070309 0.053778
0.089377 0.073904 0.053709
0.082739 0.071658 0.053387
0.083884 0.072868 0.053576
0.093442 0.075948 0.053835
0.088100 0.070402 0.053759
0.089513 0.077794 0.053524
0.082146 0.072749 0.053295
0.093730 0.074266 0.053867
0.083097 0.072475 0.053505
0.082878 0.073977 0.053355
0.081355 0.075645 0.053117
0.092264 0.069528 0.053776
0.085324 0.072987 0.053626
0.085226 0.076753 0.053560
0.082542 0.072201 0.053359
0.093396 0.074239 0.053857
0.092493 0.070146 0.053884
0.092842 0.077531 0.053855
0.091506 0.075064 0.053545
0.084560 0.068563 0.053472
0.084618 0.077459 0.053417
0.089631 0.073979 0.053695
0.090082 0.076212 0.053489
0.089413 0.074444 0.053658
0.091032 0.071453 0.053870
0.092932 0.072762 0.053877
0.081422 0.074168 0.053067
0.090020 0.078224 0.053547
0.083342 0.076798 0.053348
0.090686 0.078371 0.053587
0.088660 0.076131 0.053581
0.089726 0.073175 0.053797
0.090310 0.068275 0.053604
0.086036 0.079065 0.053680
0.086910 0.076264 0.053604
0.092387 0.069711 0.053811
0.092445 0.076352 0.053680
0.092284 0.077781 0.053772
0.089419 0.070508 0.053797
0.091629 0.068196 0.053610
0.087817 0.070548 0.053749
0.086557 0.074077 0.053684
0.091136 0.078312 0.053622
0.088856 0.076970 0.053567
0.090557 0.068628 0.053602
0.087309 0.067499 0.053610
0.084878 0.067688 0.053459
0.087280 0.070744 0.053751
0.084899 0.077442 0.053471
0.094139 0.076097 0.054013
0.090775 0.068170 0.053553
0.094298 0.075490 0.053919
0.087666 0.079024 0.053640
0.085266 0.079661 0.053577
0.086699 0.077056 0.053605
0.085380 0.074856 0.053561
0.085112 0.079191 0.053523
0.083829 0.074139 0.053504
0.091760 0.077000 0.053671
0.090244 0.074170 0.053655
0.087816 0.072189 0.053797
0.092511 0.074934 0.053720
0.083890 0.077995 0.053323
0.094024 0.075874 0.053958
0.089896 0.079987 0.053664
0.085267 0.075256 0.053511
0.092861 0.075309 0.053743
0.083265 0.071761 0.053446
0.088360 0.074972 0.053671
0.082176 0.069719 0.053176
0.083663 0.076570 0.053379
0.082105 0.070824 0.053190
0.085131 0.073740 0.053637
0.087098 0.068907 0.053650
0.089044 0.077298 0.053549
0.086310 0.067480 0.053517
0.082995 0.078459 0.053251
0.093758 0.074584 0.053956
0.085434 0.078601 0.053565
0.087986 0.071914 0.053806
0.089830 0.078313 0.053555
0.081763 0.073211 0.053173
0.092057 0.075348 0.053573
0.083792 0.071692 0.053523
0.087841 0.077357 0.053605
0.085729 0.070163 0.053585
0.093637 0.075426 0.053847
0.084348 0.068728 0.053455
0.092547 0.076093 0.053686
0.085565 0.076566 0.053569
0.081499 0.072844 0.053143
0.087101 0.068337 0.053616
0.089552 0.071287 0.053815
0.093153 0.074739 0.053826
0.084941 0.072009 0.053541
0.083993 0.069192 0.053425
0.091824 0.078651 0.053794
0.086179 0.069804 0.053630
0.092720 0.075326 0.053707
0.088856 0.076970 0.053567
0.084716 0.074629 0.053576
0.092319 0.076959 0.053712
0.086595 0.078300 0.053685
0.082004 0.072405 0.053271
0.084396 0.076506 0.053483
0.091114 0.068837 0.053608
0.083870 0.068955 0.053386
0.084685 0.073342 0.053598
0.084951 0.067184 0.053434
0.090600 0.076485 0.053511
0.090516 0.077767 0.053549
0.088411 0.079105 0.053622
0.083476 0.069428 0.053374
0.087396 0.076673 0.053603
0.086294 0.073408 0.053684
0.092027 0.077194 0.053704
0.082234 0.073776 0.053246
0.082809 0.079562 0.053399
0.090995 0.076897 0.053576
0.085512 0.071844 0.053606
0.090692 0.074293 0.053632
0.085412 0.073936 0.053652
0.086058 0.078150 0.053677
0.086587 0.070201 0.053683
0.089931 0.078048 0.053536
0.091503 0.073534 0.053714
0.081747 0.074296 0.053121
0.085636 0.078854 0.053606
0.092958 0.076771 0.053788
0.093902 0.073858 0.053891
0.084505 0.074763 0.053555
0.091610 0.069877 0.053826
0.086622 0.069429 0.053682
0.089919 0.069643 0.053719
0.091278 0.075924 0.053520
0.089814 0.079409 0.053627
0.092723 0.076314 0.053719
0.089520 0.072980 0.053806
0.081743 0.075623 0.053149
0.089795 0.071458 0.053840
0.085664 0.075032 0.053582
0.082535 0.073105 0.053348
0.084590 0.073639 0.053610
0.088344 0.070175 0.053747
0.083237 0.068282 0.053331
0.090304 0.076082 0.053496
0.087442 0.071898 0.053781
0.085430 0.079477 0.053594
0.084074 0.078930 0.053423
0.084116 0.068612 0.053408
0.082516 0.071111 0.053326
0.091530 0.071798 0.053879
0.090146 0.075943 0.053493
0.090231 0.075104 0.053557
0.087416 0.071481 0.053767
0.092101 0.078455 0.053821
0.083807 0.068192 0.053368
0.081029 0.073556 0.053057
0.085563 0.068443 0.053537
0.094046 0.075004 0.053890
0.085197 0.067972 0.053490
0.083792 0.077346 0.053318
0.092201 0.071267 0.053900
0.083039 0.079644 0.053449
0.092341 0.077289 0.053750
0.087847 0.077739 0.053610
0.087445 0.078655 0.053600
0.082883 0.072984 0.053460
0.090152 0.078506 0.053561
0.091738 0.075571 0.053555
0.081514 0.073285 0.053121
0.089577 0.079203 0.053614
0.090164 0.069986 0.053785
0.082830 0.072074 0.053411
0.087764 0.069704 0.053704
0.089790 0.074676 0.053623
0.084978 0.072495 0.053562
0.088611 0.071851 0.053865
0.086812 0.078547 0.053694
0.088967 0.079778 0.053666
0.086363 0.078871 0.053705
0.082565 0.078718 0.053280
0.080332 0.072774 0.053001
0.093003 0.074006 0.053881
0.084966 0.068837 0.053504
0.084369 0.067893 0.053425
0.092054 0.070258 0.053863
0.093825 0.073635 0.053888
0.084663 0.078207 0.053383
0.086555 0.070492 0.053662
0.088070 0.071681 0.053809
0.083561 0.068848 0.053374
0.089130 0.074566 0.053665
0.081418 0.071160 0.053120
0.090275 0.073565 0.053734
0.082817 0.069424 0.053269
0.090164 0.069986 0.053785
0.085541 0.069919 0.053583
0.088544 0.078047 0.053569
0.088994 0.067821 0.053685
0.084439 0.071509 0.053508
0.089597 0.080128 0.053695
0.084176 0.070390 0.053463
0.087546 0.077780 0.053617
0.081598 0.072440 0.053189
0.093406 0.076303 0.053860
0.082680 0.071867 0.053379
0.088845 0.070054 0.053686
0.080681 0.072544 0.053056
0.085100 0.071162 0.053548
0.089519 0.071596 0.053845
0.093275 0.075447 0.053799
0.086186 0.073192 0.053688
0.087206 0.079481 0.053673
0.092832 0.072906 0.053856
0.092333 0.070758 0.053882
0.086586 0.071664 0.053643
0.090263 0.078304 0.053556
0.083328 0.075504 0.053424
0.092454 0.070418 0.053889
0.083447 0.072575 0.053549
0.091844 0.068805 0.053660
0.092076 0.072421 0.053881
0.082516 0.071111 0.053326
0.085568 0.075718 0.053537
0.088585 0.075260 0.053648
0.088544 0.078047 0.053569
0.088721 0.076506 0.053558
0.081250 0.072593 0.053134
0.083184 0.069579 0.053351
0.084144 0.073993 0.053561
0.088680 0.078968 0.053621
0.085475 0.072635 0.053621
0.083265 0.069800 0.053378
0.090539 0.070111 0.053811
0.085636 0.075415 0.053522
0.086679 0.079114 0.053689
0.083477 0.070321 0.053384
0.082340 0.071869 0.053320
0.088798 0.073553 0.053740
0.090547 0.075249 0.053527
0.091128 0.074984 0.053517
0.085899 0.075924 0.053528
0.085359 0.078309 0.053529
0.084045 0.077053 0.053381
0.088342 0.078123 0.053592
0.090838 0.076637 0.053538
0.082524 0.076769 0.053239
0.089816 0.071810 0.053841
0.092057 0.072714 0.053854
0.088580 0.068210 0.053631
0.085746 0.067183 0.053490
0.084160 0.069439 0.053440
0.091927 0.070906 0.053897
0.086054 0.073941 0.053689
0.089610 0.074918 0.053610
0.087310 0.072558 0.053700
0.090029 0.077056 0.053500
0.087981 0.072374 0.053782
0.090548 0.071998 0.053825
0.089813 0.079751 0.053652
0.091067 0.071791 0.053869
0.083391 0.068532 0.053336
0.085022 0.079469 0.053536
0.083151 0.071029 0.053395
0.087303 0.069495 0.053720
0.083158 0.068691 0.053315
0.082780 0.072356 0.053435
0.082323 0.070231 0.053190
0.080431 0.073059 0.053016
0.088966 0.078463 0.053596
0.092572 0.074671 0.053739
0.082799 0.075983 0.053342
0.088792 0.074138 0.053725
0.083464 0.069003 0.053376
0.089178 0.075759 0.053604
0.086747 0.077862 0.053597
0.082060 0.074165 0.053194
0.093437 0.075193 0.053818
0.084397 0.074211 0.053584
0.089274 0.068560 0.053650
0.085761 0.077051 0.053567
0.083920 0.076621 0.053417
0.081846 0.076257 0.053217
0.088954 0.071484 0.053812
0.089661 0.070580 0.053816
0.089783 0.075550 0.053563
0.087696 0.074797 0.053697
0.088531 0.073415 0.053740
0.088519 0.077570 0.053564
0.088732 0.074487 0.053693
0.090229 0.073892 0.053689
0.087496 0.079603 0.053662
0.091289 0.071122 0.053891
0.092011 0.079351 0.053847
0.089897 0.079009 0.053600
0.090057 0.079377 0.053617
0.088762 0.075002 0.053664
0.086050 0.079743 0.053618
0.086127 0.069079 0.053605
0.081613 0.075812 0.053171
0.087066 0.078377 0.053659
0.091247 0.072608 0.053837
0.082984 0.071939 0.053423
0.083442 0.072314 0.053538
0.087991 0.076455 0.053593
0.083830 0.069391 0.053407
0.083373 0.074293 0.053438
0.091109 0.070238 0.053867
0.093469 0.075643 0.053837
0.087614 0.073448 0.053735
0.088544 0.068724 0.053640
0.081020 0.072436 0.053106
0.081921 0.077340 0.053136
0.088930 0.080127 0.053691
0.085461 0.071278 0.053593
0.084590 0.067741 0.053437
0.089261 0.080157 0.053684
0.084653 0.078756 0.053429
0.091487 0.068875 0.053633
0.091638 0.073936 0.053693
0.091080 0.077946 0.053613
0.092835 0.074525 0.053788
0.093161 0.075116 0.053795
0.092495 0.069904 0.053857
0.087714 0.070224 0.053697
0.092517 0.073696 0.053851
0.088085 0.070815 0.053779
0.087197 0.076919 0.053611
0.092283 0.074855 0.053682
0.084751 0.067392 0.053446
0.087441 0.078029 0.053621
0.088025 0.074513 0.053692
0.089031 0.071903 0.053885
0.083265 0.071761 0.053446
0.083136 0.077076 0.053291
0.091850 0.076725 0.053660
0.092027 0.077194 0.053704
0.091927 0.070906 0.053897
0.090186 0.070853 0.053843
0.083656 0.069186 0.053394
0.084263 0.076160 0.053502
0.089728 0.071208 0.053838
0.093209 0.076585 0.053838
0.085861 0.072591 0.053645
0.087404 0.079886 0.053671
0.090675 0.077039 0.053526
0.088290 0.072367 0.053807
0.082434 0.069732 0.053239
0.091605 0.070995 0.053916
0.088622 0.069626 0.053688
0.091237 0.075295 0.053504
0.091274 0.073938 0.053677
0.090055 0.080183 0.053665
0.092141 0.079035 0.053824
0.085515 0.075140 0.053538
0.091729 0.077682 0.053721
0.082198 0.076929 0.053166
0.087676 0.070009 0.053717
0.082768 0.070404 0.053303
0.084717 0.074918 0.053552
0.082891 0.076246 0.053345
0.087623 0.070739 0.053755
0.091885 0.073211 0.053779
0.086256 0.071743 0.053615
0.083856 0.074704 0.053489
0.088758 0.075440 0.053624
0.086376 0.072472 0.053652
0.091904 0.078098 0.053762
0.092006 0.076886 0.053675
0.090374 0.071007 0.053847
0.081671 0.071762 0.053200
0.089175 0.076821 0.053551
0.089700 0.069144 0.053646
0.080951 0.072700 0.053081
0.092103 0.074144 0.053737
0.091272 0.073358 0.053739
0.082464 0.071571 0.053337
0.085104 0.079868 0.053592
0.083215 0.068971 0.053341
0.091973 0.078838 0.053818
0.085143 0.067699 0.053473
0.085823 0.079954 0.053648
0.085040 0.069404 0.053506
0.092879 0.073195 0.053891
0.084530 0.073926 0.053601
0.090538 0.072676 0.053803
0.082135 0.072222 0.053298
0.092230 0.076791 0.053670
0.090879 0.078168 0.053591
0.082764 0.073701 0.053357
0.081073 0.071596 0.053039
0.090395 0.075732 0.053512
0.080754 0.072279 0.053034
0.091788 0.072969 0.053819
0.091577 0.078658 0.053715
0.088590 0.072202 0.053843
0.083073 0.072236 0.053471
0.080384 0.071860 0.052900
0.086888 0.070948 0.053700
0.080802 0.071701 0.052987
0.091518 0.068557 0.053602
0.089888 0.076649 0.053495
0.081868 0.071539 0.053238
0.090140 0.073197 0.053783
0.084063 0.075343 0.053521
0.086469 0.075310 0.053651
0.081914 0.070933 0.053191
0.093071 0.077710 0.053911
0.085903 0.070807 0.053588
0.083927 0.073345 0.053591
0.084130 0.071345 0.053494
0.084354 0.073285 0.053606
0.088303 0.073398 0.053739
0.088493 0.080109 0.053685
0.089816 0.068149 0.053628
0.084626 0.077126 0.053452
0.089993 0.077558 0.053474
0.092132 0.075834 0.053619
0.088344 0.069820 0.053707
0.080810 0.074788 0.052956
0.084335 0.072038 0.053514
0.091247 0.072608 0.053837
0.088338 0.068196 0.053635
0.083496 0.073727 0.053479
0.084140 0.071722 0.053505
0.093520 0.076663 0.053917
0.084137 0.078235 0.053342
0.089975 0.073816 0.053703
0.090167 0.078018 0.053540
0.086812 0.078547 0.053694
0.089673 0.068418 0.053631
0.086929 0.072259 0.053647
0.094047 0.074783 0.053965
0.083663 0.076570 0.053379
0.081103 0.073969 0.053036
0.087451 0.068752 0.053667
0.086882 0.071804 0.053678
0.094103 0.074494 0.053985
0.089163 0.077759 0.053560
0.084760 0.069150 0.053474
0.091319 0.068306 0.053579
0.085766 0.079016 0.053645
0.088402 0.069011 0.053627
0.086620 0.072668 0.053674
0.089572 0.070896 0.053832
0.089149 0.074195 0.053693
0.088117 0.069188 0.053642
0.090858 0.069056 0.053642
0.082339 0.078328 0.053177
0.085671 0.071540 0.053607
0.093089 0.072513 0.053895
0.086817 0.078249 0.053659
0.083246 0.070579 0.053386
0.090564 0.074052 0.053668
0.085067 0.069944 0.053567
0.080751 0.073638 0.053006
0.082883 0.072984 0.053460
0.086675 0.068167 0.053567
0.089609 0.070348 0.053792
0.092865 0.076061 0.053738
0.088323 0.073834 0.053749
0.089361 0.077989 0.053563
0.092398 0.077506 0.053770
0.089545 0.072766 0.053785
0.085629 0.078321 0.053615
0.085799 0.073191 0.053674
0.090038 0.071131 0.053852
0.085872 0.073491 0.053683
0.087639 0.068920 0.053679
0.086754 0.067344 0.053546
0.089765 0.077581 0.053492
0.083334 0.076467 0.053381
0.081337 0.075945 0.053157
0.089522 0.068660 0.053640
0.092428 0.072326 0.053875
0.089735 0.069446 0.053674
0.083786 0.079369 0.053487
0.087342 0.071689 0.053771
0.082339 0.072560 0.053355
0.089919 0.075042 0.053579
0.081190 0.075337 0.053034
0.088926 0.076801 0.053558
0.083004 0.074613 0.053371
0.091018 0.068260 0.053527
0.082574 0.077894 0.053105
0.085060 0.069620 0.053550
0.091090 0.069203 0.053680
0.089173 0.069127 0.053648
0.087714 0.070224 0.053697
0.083001 0.073683 0.053417
0.090253 0.072329 0.053815
0.085267 0.075256 0.053511
0.083599 0.075482 0.053486
0.086346 0.078149 0.053686
0.085836 0.077514 0.053554
0.092570 0.077170 0.053758
0.085056 0.076251 0.053504
0.084663 0.078207 0.053383
0.088100 0.070402 0.053759
0.093648 0.076912 0.053965
0.085790 0.078585 0.053649
0.089054 0.078047 0.053574
0.088790 0.072381 0.053835
0.083404 0.070734 0.053419
0.089585 0.076775 0.053518
0.088449 0.075509 0.053632
0.082978 0.070224 0.053356
0.088160 0.076574 0.053594
0.086984 0.076484 0.053581
0.091910 0.069443 0.053752
0.093745 0.074785 0.053955
0.082703 0.076734 0.053295
0.087126 0.077751 0.053582
0.089770 0.076434 0.053477
0.080060 0.073052 0.052946
0.090761 0.069719 0.053772
0.088533 0.079296 0.053627
0.082122 0.072020 0.053291
0.091298 0.070888 0.053910
0.091915 0.079102 0.053795
0.083468 0.075152 0.053463
0.087623 0.070739 0.053755
0.081182 0.074836 0.053026
0.084177 0.073466 0.053593
0.081049 0.074896 0.052990
0.090769 0.076347 0.053520
0.083566 0.070107 0.053394
0.082083 0.075137 0.053169
0.088209 0.074071 0.053728
0.088640 0.070227 0.053746
0.092299 0.073408 0.053803
0.086056 0.070415 0.053608
0.084029 0.079695 0.053527
0.092909 0.072227 0.053892
0.082994 0.070832 0.053376
0.089448 0.076030 0.053565
0.092259 0.070041 0.053863
0.084203 0.079229 0.053471
0.085218 0.069186 0.053523
0.087257 0.074305 0.053713
0.088966 0.078463 0.053596
0.088449 0.074403 0.053707
0.091595 0.076560 0.053609
0.087098 0.068907 0.053650
0.083078 0.075452 0.053380
0.085928 0.067774 0.053520
0.090750 0.069953 0.053808
0.092264 0.070436 0.053882
0.090233 0.069518 0.053728
0.091256 0.078947 0.053515
0.089216 0.079884 0.053681
0.082904 0.068600 0.053295
0.088988 0.075224 0.053638
0.084590 0.073639 0.053610
0.087810 0.067614 0.053621
0.092826 0.077690 0.053878
0.088070 0.071681 0.053809
0.086993 0.067437 0.053576
0.086869 0.071471 0.053676
0.087521 0.072245 0.053755
0.092036 0.075604 0.053591
0.092365 0.075564 0.053650
0.083578 0.068194 0.053351
0.088103 0.074431 0.053699
0.086993 0.067437 0.053576
0.085207 0.067410 0.053461
0.085671 0.071540 0.053607
0.083215 0.068971 0.053341
0.088225 0.073222 0.053737
0.082312 0.072260 0.053332
0.084098 0.078610 0.053379
0.084919 0.074306 0.053613
0.090774 0.076069 0.053509
0.080023 0.072763 0.052932
0.083844 0.078421 0.053331
0.089285 0.068862 0.053650
0.090995 0.079188 0.053548
0.088524 0.076948 0.053576
0.084183 0.078050 0.053336
0.084203 0.079229 0.053471
0.087065 0.075995 0.053607
0.085692 0.067660 0.053488
0.089254 0.071424 0.053829
0.090879 0.078168 0.053591
0.083775 0.077011 0.053359
0.093719 0.073278 0.053906
0.082769 0.075124 0.053304
0.090703 0.079921 0.053526
0.089957 0.077285 0.053504
0.089975 0.073816 0.053703
0.082907 0.069710 0.053335
0.088458 0.070451 0.053765
0.082970 0.069104 0.053283
0.089593 0.076174 0.053515
0.088402 0.069011 0.053627
0.083671 0.077713 0.053302
0.085659 0.067918 0.053513
0.085922 0.077808 0.053627
0.091289 0.069911 0.053826
0.085803 0.068123 0.053529
0.086998 0.070252 0.053728
0.090154 0.078827 0.053571
0.091055 0.072856 0.053807
0.087078 0.069756 0.053737
0.080595 0.073905 0.052958
0.091377 0.078743 0.053604
0.088658 0.069290 0.053670
0.085840 0.076274 0.053558
0.083671 0.077713 0.053302
0.091514 0.076064 0.053519
0.085554 0.073483 0.053664
0.093597 0.074971 0.053874
0.090367 0.075503 0.053522
0.082279 0.073373 0.053276
0.091370 0.073723 0.053701
0.087972 0.077182 0.053582
0.082012 0.075885 0.053227
0.091868 0.076311 0.053577
0.083094 0.070521 0.053373
0.090138 0.071786 0.053831
0.086272 0.074133 0.053678
0.084590 0.067741 0.053437
0.091527 0.071929 0.053841
0.086699 0.077056 0.053605
0.084782 0.068396 0.053479
0.083404 0.070734 0.053419
0.088072 0.076163 0.053610
0.090108 0.075720 0.053516
0.085564 0.076910 0.053574
0.088219 0.077451 0.053558
0.083334 0.076467 0.053381
0.090559 0.074529 0.053599
0.083136 0.075975 0.053395
0.085510 0.069086 0.053559
0.088120 0.074674 0.053691
0.086683 0.072059 0.053647
0.088662 0.070611 0.053802
0.091475 0.077438 0.053681
0.091567 0.071304 0.053901
0.087335 0.073731 0.053725
0.090940 0.074468 0.053577
0.090127 0.076808 0.053484
0.081375 0.071814 0.053137
0.085329 0.076332 0.053558
0.091346 0.076446 0.053559
0.087041 0.078021 0.053605
0.081633 0.073834 0.053116
0.089502 0.071941 0.053860
0.084908 0.070205 0.053566
0.093453 0.073127 0.053915
0.089772 0.075256 0.053576
0.091895 0.075267 0.053570
0.087670 0.076729 0.053610
0.087281 0.067724 0.053614
0.082549 0.072025 0.053343
0.088701 0.078611 0.053610
0.083563 0.067823 0.053365
0.091789 0.070535 0.053893
0.087891 0.079931 0.053673
0.082297 0.076448 0.053253
0.083649 0.069783 0.053399
0.084515 0.071847 0.053511
0.085756 0.069363 0.053578
0.091742 0.078297 0.053759
0.092497 0.074508 0.053750
0.087114 0.078725 0.053649
0.091510 0.070124 0.053873
0.086075 0.074271 0.053684
0.083716 0.072606 0.053574
0.087865 0.070939 0.053763
0.087837 0.070312 0.053731
0.087128 0.071526 0.053730
0.091473 0.076868 0.053640
0.093758 0.075141 0.053830
0.092994 0.071400 0.053902
0.093240 0.074054 0.053855
0.093391 0.074490 0.053886
0.089042 0.079494 0.053656
0.086044 0.070068 0.053618
0.089282 0.074906 0.053637
0.081048 0.074319 0.053005
0.089809 0.077748 0.053511
0.085384 0.073660 0.053651
0.082620 0.070859 0.053315
0.086180 0.078485 0.053703
0.087980 0.068366 0.053625
0.092018 0.074654 0.053650
0.082105 0.070824 0.053190
0.084004 0.077626 0.053329
0.088072 0.076987 0.053569
0.081998 0.071802 0.053257
0.086399 0.077821 0.053617
0.086534 0.078033 0.053644
0.092599 0.075247 0.053711
0.089929 0.074121 0.053670
0.088474 0.068458 0.053650
0.090559 0.074529 0.053599
0.090648 0.071120 0.053848
0.089122 0.071004 0.053816
0.084161 0.074369 0.053538
0.080975 0.072103 0.053040
0.088925 0.077746 0.053565
0.082000 0.076803 0.053191
0.093149 0.076060 0.053775
0.092492 0.077712 0.053817
0.082695 0.077014 0.053265
0.088285 0.075235 0.053656
0.090434 0.078731 0.053584
0.088531 0.073415 0.053740
0.086560 0.079285 0.053673
0.084878 0.075980 0.053530
0.086867 0.076767 0.053594
0.089113 0.075027 0.053649
0.087572 0.079286 0.053648
0.090814 0.068757 0.053555
0.084462 0.069447 0.053481
0.088072 0.076163 0.053610
0.083480 0.071129 0.053455
0.092144 0.077980 0.053786
0.091316 0.076203 0.053544
0.089037 0.077525 0.053539
0.090146 0.072617 0.053815
0.092264 0.072263 0.053890
0.090561 0.073449 0.053742
0.091257 0.074309 0.053610
0.089341 0.077677 0.053541
0.083393 0.079269 0.053439
0.085443 0.077556 0.053567
0.085512 0.068038 0.053507
0.085254 0.075583 0.053529
0.088063 0.078457 0.053613
0.083651 0.071925 0.053533
0.083663 0.070824 0.053450
0.089517 0.069459 0.053674
0.086851 0.073543 0.053695
0.089431 0.075119 0.053605
0.091818 0.073527 0.053747
0.092620 0.076850 0.053736
0.086895 0.079320 0.053678
0.091871 0.069075 0.053672
0.087988 0.077616 0.053569
0.084599 0.068108 0.053449
0.090659 0.079274 0.053586
0.089942 0.068902 0.053640
0.087124 0.073598 0.053716
0.083776 0.075092 0.053498
0.083130 0.076223 0.053363
0.087304 0.071235 0.053747
0.086775 0.078847 0.053697
0.083039 0.079644 0.053449
0.089351 0.074080 0.053680
0.083519 0.072913 0.053582
0.086741 0.069885 0.053712
0.092516 0.073210 0.053835
0.087304 0.071235 0.053747
0.086914 0.072021 0.053658
0.088019 0.069993 0.053724
0.090494 0.078385 0.053572
0.090896 0.073942 0.053683
0.088676 0.079490 0.053646
0.082369 0.078106 0.053130
0.089700 0.069144 0.053646
0.090939 0.079749 0.053484
0.093276 0.076893 0.053884
0.083655 0.079344 0.053484
0.083447 0.078325 0.053288
0.091253 0.080285 0.053682
0.088449 0.075509 0.053632
0.086595 0.078300 0.053685
0.082447 0.074283 0.053264
0.089625 0.069821 0.053726
0.085998 0.071791 0.053607
0.082816 0.068888 0.053300
0.082946 0.071175 0.053372
0.090313 0.068933 0.053643
0.090806 0.070182 0.053824
0.086803 0.073934 0.053685
0.088000 0.068065 0.053635
0.090916 0.080222 0.053592
0.090472 0.071692 0.053842
0.083546 0.073358 0.053555
0.085999 0.078788 0.053689
0.090330 0.071316 0.053850
0.083476 0.069428 0.053374
0.089631 0.073979 0.053695
0.085219 0.073405 0.053607
0.083853 0.076241 0.053460
0.093265 0.077512 0.053960
0.089697 0.077992 0.053545
0.081396 0.075068 0.053064
0.089352 0.077456 0.053512
0.088096 0.079232 0.053631
0.090808 0.076829 0.053518
0.083598 0.076812 0.053343
