-0.043984 -0.030909 0.050595
-0.035378 -0.027729 0.050764
-0.036640 -0.036666 0.051709
-0.037543 -0.033793 0.051778
-0.034859 -0.030230 0.050364
-0.041689 -0.038764 0.050712
-0.042620 -0.031489 0.050318
-0.034201 -0.028576 0.051509
-0.040433 -0.031598 0.051334
-0.039387 -0.037454 0.051637
-0.035766 -0.030036 0.049547
-0.041403 -0.039261 0.050892
-0.037959 -0.033791 0.051776
-0.037456 -0.036020 0.051761
-0.033094 -0.033525 0.052113
-0.034728 -0.027809 0.050908
-0.038217 -0.036977 0.051743
-0.035185 -0.025594 0.051908
-0.039535 -0.036708 0.051642
-0.040323 -0.029017 0.051030
-0.041144 -0.039439 0.051023
-0.044760 -0.034832 0.050627
-0.046373 -0.032974 0.050552
-0.034944 -0.027560 0.051695
-0.032373 -0.031814 0.052223
-0.033307 -0.036409 0.052026
-0.035885 -0.031147 0.049660
-0.032414 -0.028321 0.052269
-0.036018 -0.027631 0.051102
-0.035380 -0.032093 0.051794
-0.036185 -0.030264 0.049730
-0.038301 -0.027911 0.051295
-0.032634 -0.030545 0.052191
-0.041937 -0.038999 0.050244
-0.037622 -0.027193 0.051441
-0.038770 -0.038592 0.051754
-0.034827 -0.035909 0.051853
-0.032647 -0.035948 0.052108
-0.035758 -0.029586 0.049839
-0.045147 -0.037639 0.050621
-0.033587 -0.026897 0.052098
-0.036480 -0.035103 0.051761
-0.041221 -0.028175 0.050196
-0.036989 -0.033016 0.051707
-0.042616 -0.037840 0.050304
-0.034655 -0.026092 0.051973
-0.037592 -0.031522 0.051256
-0.034848 -0.030100 0.050715
-0.041437 -0.037800 0.051087
-0.034445 -0.035791 0.051904
-0.044892 -0.036149 0.050639
-0.045841 -0.031710 0.050624
-0.040157 -0.037872 0.051684
-0.031812 -0.031209 0.052297
-0.035518 -0.027372 0.051639
-0.040989 -0.032090 0.051073
-0.031772 -0.035240 0.052233
-0.036299 -0.032690 0.051718
-0.031837 -0.030449 0.052297
-0.033809 -0.027279 0.052061
-0.041481 -0.031590 0.050389
-0.033403 -0.031280 0.052075
-0.038157 -0.032326 0.051592
-0.035180 -0.029884 0.049522
-0.034890 -0.030439 0.051481
-0.042028 -0.028801 0.050144
-0.038001 -0.036836 0.051755
-0.033967 -0.032074 0.051983
-0.043763 -0.031278 0.050559
-0.038367 -0.040062 0.051836
-0.034777 -0.028035 0.050576
-0.042935 -0.034679 0.050353
-0.035388 -0.037892 0.051750
-0.040335 -0.027203 0.050951
-0.040065 -0.030278 0.051362
-0.046009 -0.033515 0.050524
-0.044433 -0.036938 0.050605
-0.036282 -0.038495 0.051836
-0.037733 -0.034482 0.051804
-0.035351 -0.030175 0.049272
-0.032300 -0.038510 0.052125
-0.036276 -0.033583 0.051763
-0.039058 -0.027321 0.051361
-0.034675 -0.032087 0.051889
-0.042141 -0.039544 0.050239
-0.041969 -0.030105 0.050246
-0.038525 -0.029499 0.051146
-0.031875 -0.028755 0.052342
-0.044511 -0.028435 0.050676
-0.041619 -0.037584 0.050828
-0.045708 -0.032360 0.050627
-0.034922 -0.027653 0.051051
-0.041417 -0.027023 0.050172
-0.032604 -0.035032 0.052134
-0.045769 -0.036783 0.050604
-0.037759 -0.025966 0.051632
-0.036124 -0.035771 0.051711
-0.042330 -0.029125 0.050216
-0.034887 -0.036521 0.051827
-0.039874 -0.027259 0.051176
-0.034437 -0.039177 0.051981
-0.036126 -0.031505 0.050847
-0.036715 -0.034377 0.051790
-0.032015 -0.032780 0.052256
-0.036550 -0.027843 0.051056
-0.045658 -0.030898 0.050623
-0.041034 -0.037494 0.051388
-0.031453 -0.034494 0.052304
-0.041293 -0.033255 0.050857
-0.037529 -0.039308 0.051825
-0.040663 -0.027786 0.050722
-0.034636 -0.028705 0.050232
-0.037392 -0.033144 0.051726
-0.036832 -0.031817 0.051384
-0.038452 -0.033781 0.051748
-0.033723 -0.029722 0.051922
-0.040027 -0.040285 0.051553
-0.037520 -0.029369 0.050525
-0.040152 -0.027183 0.051070
-0.040653 -0.033678 0.051486
-0.043220 -0.028601 0.050442
-0.042520 -0.039083 0.050224
-0.035455 -0.026320 0.051883
-0.041535 -0.037877 0.050923
-0.035284 -0.027565 0.051175
-0.041160 -0.038772 0.051241
-0.035136 -0.030797 0.049404
-0.033180 -0.035758 0.052057
-0.042306 -0.031619 0.050281
-0.034797 -0.039481 0.051959
-0.031948 -0.032058 0.052269
-0.033084 -0.032861 0.052154
-0.040692 -0.034893 0.051414
-0.043168 -0.035704 0.050450
-0.036811 -0.031555 0.051161
-0.037833 -0.031721 0.051386
-0.036914 -0.031134 0.050489
-0.038454 -0.027593 0.051354
-0.035676 -0.031429 0.051428
-0.036609 -0.027450 0.051295
-0.042692 -0.029575 0.050232
-0.040245 -0.031351 0.051390
-0.039195 -0.037172 0.051694
-0.036127 -0.031048 0.049558
-0.037486 -0.027699 0.051313
-0.039666 -0.026823 0.051353
-0.039730 -0.033036 0.051559
-0.035839 -0.035702 0.051722
-0.039454 -0.039811 0.051678
-0.040663 -0.033913 0.051496
-0.043311 -0.033607 0.050452
-0.041617 -0.038562 0.050788
-0.034379 -0.031618 0.051882
-0.033181 -0.030011 0.052089
-0.033908 -0.026910 0.052059
-0.039929 -0.034836 0.051552
-0.035625 -0.037056 0.051703
-0.041109 -0.034636 0.051159
-0.031230 -0.029627 0.052380
-0.036052 -0.027407 0.051427
-0.043494 -0.027799 0.050523
-0.041341 -0.029883 0.050309
-0.035173 -0.030819 0.050006
-0.032118 -0.038233 0.052135
-0.035725 -0.032010 0.051688
-0.044328 -0.030526 0.050640
-0.033497 -0.029953 0.051999
-0.037673 -0.026680 0.051571
-0.040643 -0.032774 0.051420
-0.045749 -0.035504 0.050588
-0.045153 -0.038069 0.050602
-0.035994 -0.031660 0.051271
-0.035454 -0.036527 0.051690
-0.038028 -0.031944 0.051483
-0.038891 -0.030923 0.051367
-0.038913 -0.033186 0.051671
-0.031489 -0.036645 0.052200
-0.038580 -0.040085 0.051818
-0.040193 -0.038126 0.051661
-0.035150 -0.036986 0.051779
-0.043963 -0.033439 0.050567
-0.045115 -0.036605 0.050628
-0.046354 -0.033360 0.050541
-0.045469 -0.035663 0.050597
-0.035075 -0.030603 0.049210
-0.034482 -0.029598 0.050756
-0.045196 -0.033248 0.050658
-0.044772 -0.032821 0.050658
-0.040315 -0.028626 0.050977
-0.034768 -0.027031 0.051910
-0.039645 -0.028233 0.051152
-0.036980 -0.033268 0.051740
-0.033683 -0.031057 0.052008
-0.040821 -0.026921 0.050535
-0.041656 -0.039243 0.050653
-0.034188 -0.028156 0.051859
-0.032468 -0.037447 0.052104
-0.044983 -0.032084 0.050660
-0.041479 -0.038676 0.050969
-0.039519 -0.030705 0.051432
-0.040878 -0.028991 0.050477
-0.039761 -0.031605 0.051493
-0.034586 -0.030333 0.049574
-0.041065 -0.029803 0.050545
-0.042998 -0.028387 0.050367
-0.045796 -0.033712 0.050526
-0.045278 -0.035368 0.050626
-0.039075 -0.038997 0.051726
-0.040935 -0.035691 0.051348
-0.035709 -0.038182 0.051838
-0.043484 -0.028805 0.050512
-0.041424 -0.035609 0.050966
-0.035465 -0.036241 0.051657
-0.031375 -0.034274 0.052324
-0.034268 -0.029089 0.050432
-0.035222 -0.030520 0.050949
-0.043375 -0.036074 0.050482
-0.032834 -0.035642 0.052096
-0.044769 -0.038232 0.050580
-0.045909 -0.031961 0.050613
-0.041761 -0.035375 0.050658
-0.034146 -0.033075 0.052000
-0.045718 -0.035168 0.050591
-0.038344 -0.038575 0.051784
-0.043697 -0.031854 0.050522
-0.041796 -0.033092 0.050456
-0.042780 -0.033582 0.050332
-0.034652 -0.035010 0.051903
-0.041169 -0.027794 0.050202
-0.043666 -0.034068 0.050512
-0.038863 -0.032739 0.051658
-0.034313 -0.027874 0.051896
-0.043950 -0.032778 0.050555
-0.034453 -0.029673 0.051376
-0.044335 -0.028164 0.050664
-0.047222 -0.036315 0.050518
-0.039638 -0.027349 0.051257
-0.036371 -0.029319 0.050114
-0.042437 -0.028749 0.050216
-0.046009 -0.032184 0.050566
-0.041214 -0.028656 0.050236
-0.032131 -0.029552 0.052275
-0.039179 -0.029692 0.051332
-0.034759 -0.030234 0.049346
-0.039441 -0.039550 0.051688
-0.044348 -0.030968 0.050638
-0.034568 -0.029693 0.050621
-0.041215 -0.031306 0.050575
-0.036510 -0.037058 0.051723
-0.046903 -0.035624 0.050524
-0.036139 -0.026363 0.051779
-0.046414 -0.033894 0.050567
-0.045354 -0.028252 0.050657
-0.041398 -0.034529 0.050782
-0.034122 -0.028734 0.051657
-0.038879 -0.031347 0.051432
-0.041569 -0.036352 0.050995
-0.042413 -0.033620 0.050343
-0.039517 -0.028998 0.051266
-0.040369 -0.033495 0.051484
-0.032804 -0.032954 0.052168
-0.046064 -0.030059 0.050583
-0.045300 -0.034448 0.050621
-0.039469 -0.030156 0.051386
-0.042936 -0.036580 0.050398
-0.037847 -0.029261 0.050743
-0.041683 -0.031199 0.050299
-0.045920 -0.029379 0.050567
-0.040497 -0.034197 0.051525
-0.036204 -0.034312 0.051771
-0.034341 -0.028366 0.050872
-0.033576 -0.032146 0.052070
-0.035137 -0.030999 0.051556
-0.040073 -0.028827 0.051114
-0.035787 -0.031249 0.050848
-0.042953 -0.035437 0.050412
-0.031065 -0.029712 0.052394
-0.037406 -0.029677 0.050431
-0.039798 -0.026975 0.051266
-0.041028 -0.029609 0.050494
-0.039428 -0.031391 0.051476
-0.034229 -0.029327 0.051482
-0.035169 -0.028859 0.050132
-0.035194 -0.026496 0.051910
-0.046437 -0.031325 0.050534
-0.041236 -0.035726 0.051183
-0.039833 -0.038826 0.051640
-0.034716 -0.034077 0.051926
-0.043111 -0.031658 0.050387
-0.034196 -0.026907 0.052020
-0.035601 -0.028189 0.050637
-0.034269 -0.028362 0.051683
-0.042474 -0.032167 0.050283
-0.032722 -0.038866 0.052116
-0.032200 -0.033480 0.052215
-0.038201 -0.029615 0.051006
-0.046171 -0.032124 0.050567
-0.034003 -0.031807 0.051965
-0.041236 -0.032367 0.050825
-0.032540 -0.031144 0.052200
-0.041693 -0.029358 0.050191
-0.042090 -0.028138 0.050125
-0.038334 -0.036619 0.051735
-0.036592 -0.038548 0.051834
-0.041435 -0.039751 0.050828
-0.035800 -0.031480 0.051330
-0.034926 -0.031201 0.051713
-0.044630 -0.030742 0.050667
-0.032634 -0.038573 0.052116
-0.039640 -0.027137 0.051278
-0.042470 -0.034240 0.050342
-0.038353 -0.039223 0.051795
-0.038972 -0.031084 0.051409
-0.039724 -0.039585 0.051648
-0.039139 -0.031450 0.051486
-0.040178 -0.032206 0.051467
-0.034169 -0.028830 0.050657
-0.039606 -0.027737 0.051204
-0.032974 -0.037638 0.052073
-0.044026 -0.036320 0.050580
-0.039104 -0.036811 0.051675
-0.037789 -0.031308 0.051224
-0.038460 -0.031695 0.051465
-0.035458 -0.036835 0.051724
-0.032076 -0.037640 0.052145
-0.035360 -0.037199 0.051722
-0.040111 -0.036986 0.051575
-0.041830 -0.027537 0.049976
-0.040966 -0.027314 0.050364
-0.039267 -0.037867 0.051702
-0.038917 -0.028063 0.051264
-0.042935 -0.030699 0.050400
-0.037409 -0.038155 0.051810
-0.035738 -0.031262 0.051178
-0.036848 -0.037268 0.051756
-0.042791 -0.034331 0.050334
-0.036575 -0.037461 0.051772
-0.046405 -0.034149 0.050557
-0.036086 -0.036719 0.051713
-0.039766 -0.035828 0.051618
-0.033378 -0.028351 0.052097
-0.041226 -0.033327 0.051026
-0.035095 -0.035177 0.051837
-0.042388 -0.036172 0.050424
-0.036482 -0.036384 0.051669
-0.039382 -0.034357 0.051610
-0.036480 -0.039911 0.051889
-0.044982 -0.031200 0.050681
-0.038038 -0.032133 0.051534
-0.040786 -0.038911 0.051401
-0.034118 -0.036576 0.051913
-0.035471 -0.029759 0.049660
-0.038023 -0.035091 0.051776
-0.040826 -0.032294 0.051247
-0.034278 -0.031976 0.051923
-0.041080 -0.030055 0.050556
-0.033900 -0.029464 0.051812
-0.046083 -0.036527 0.050587
-0.032479 -0.034606 0.052161
-0.034530 -0.028034 0.050891
-0.042140 -0.039193 0.050231
-0.045937 -0.036207 0.050584
-0.033509 -0.033677 0.052061
-0.035616 -0.035113 0.051785
-0.040360 -0.034828 0.051498
-0.038135 -0.034474 0.051787
-0.044928 -0.037937 0.050606
-0.041669 -0.027251 0.050076
-0.036572 -0.029871 0.050012
-0.031140 -0.029981 0.052384
-0.040087 -0.037632 0.051656
-0.037167 -0.038852 0.051828
-0.038317 -0.037340 0.051767
-0.041931 -0.036835 0.050495
-0.044715 -0.038551 0.050555
-0.039004 -0.035376 0.051674
-0.035418 -0.030762 0.048767
-0.043326 -0.030265 0.050490
-0.038581 -0.030840 0.051257
-0.037816 -0.039450 0.051831
-0.033025 -0.038767 0.052095
-0.037229 -0.037149 0.051756
-0.044564 -0.035557 0.050621
-0.034908 -0.034863 0.051861
-0.034214 -0.028665 0.050829
-0.033378 -0.034874 0.052039
-0.045815 -0.030108 0.050607
-0.045403 -0.035008 0.050611
-0.034461 -0.032210 0.051919
-0.043592 -0.030432 0.050540
-0.041628 -0.034675 0.050671
-0.036315 -0.026749 0.051663
-0.042018 -0.032964 0.050368
-0.032669 -0.029244 0.052209
-0.033189 -0.031609 0.052119
-0.031771 -0.034615 0.052238
-0.041907 -0.033750 0.050454
-0.034475 -0.030528 0.049229
-0.043404 -0.029556 0.050493
-0.045145 -0.028871 0.050669
-0.041686 -0.037633 0.050706
-0.042671 -0.033945 0.050330
-0.045525 -0.031994 0.050662
-0.045171 -0.031648 0.050665
-0.032578 -0.034214 0.052153
-0.034817 -0.027836 0.051511
-0.040034 -0.027390 0.051094
-0.034063 -0.033431 0.052008
-0.038764 -0.034812 0.051687
-0.031477 -0.030314 0.052344
-0.039308 -0.031595 0.051506
-0.039528 -0.037079 0.051631
-0.041280 -0.034979 0.051017
-0.045213 -0.035893 0.050628
-0.035865 -0.027928 0.050821
-0.041419 -0.035280 0.050930
-0.034217 -0.032697 0.051984
-0.038183 -0.027516 0.051367
-0.041461 -0.030408 0.050243
-0.038791 -0.027453 0.051346
-0.042621 -0.035017 0.050372
-0.038715 -0.039957 0.051782
-0.037987 -0.038082 0.051790
-0.033854 -0.028544 0.051935
-0.042507 -0.034666 0.050348
-0.041490 -0.037447 0.051038
-0.044046 -0.031904 0.050575
-0.045384 -0.032853 0.050647
-0.039945 -0.039415 0.051581
-0.035675 -0.036010 0.051678
-0.037337 -0.032073 0.051471
-0.035422 -0.030934 0.051298
-0.038578 -0.040272 0.051822
-0.033535 -0.028673 0.052025
-0.046212 -0.032528 0.050585
-0.034924 -0.025914 0.051951
-0.045497 -0.028862 0.050664
-0.040185 -0.030245 0.051335
-0.033046 -0.031085 0.052134
-0.042572 -0.037134 0.050344
-0.037083 -0.031361 0.051060
-0.037403 -0.026997 0.051503
-0.036273 -0.028720 0.050254
-0.035683 -0.025580 0.051890
-0.034143 -0.029065 0.051516
-0.036832 -0.027248 0.051409
-0.046215 -0.036858 0.050558
-0.031777 -0.032374 0.052285
-0.033391 -0.027621 0.052113
-0.039957 -0.033554 0.051528
-0.040487 -0.040014 0.051264
-0.032246 -0.028764 0.052292
-0.032209 -0.035958 0.052158
-0.045235 -0.033508 0.050645
-0.034667 -0.029871 0.050579
-0.039116 -0.028024 0.051247
-0.033818 -0.034842 0.051988
-0.041901 -0.037654 0.050495
-0.033503 -0.029532 0.051997
-0.041690 -0.033288 0.050502
-0.042182 -0.033858 0.050383
-0.033765 -0.037920 0.051986
-0.037994 -0.038939 0.051807
-0.040584 -0.033099 0.051453
-0.042998 -0.035977 0.050450
-0.045869 -0.029777 0.050591
-0.034352 -0.030850 0.051819
-0.042158 -0.030491 0.050245
-0.033979 -0.037817 0.051936
-0.045998 -0.038000 0.050564
-0.038874 -0.030203 0.051272
-0.043621 -0.030129 0.050544
-0.038273 -0.036289 0.051730
-0.042594 -0.031126 0.050331
-0.034548 -0.034343 0.051941
-0.037066 -0.040418 0.051900
-0.034445 -0.028037 0.051756
-0.040564 -0.035227 0.051439
-0.041061 -0.029442 0.050424
-0.031090 -0.030740 0.052389
-0.043730 -0.036568 0.050526
-0.036494 -0.034581 0.051780
-0.041741 -0.028872 0.050139
-0.033650 -0.038262 0.052015
-0.034400 -0.037562 0.051909
-0.038574 -0.037275 0.051762
-0.035510 -0.033549 0.051825
-0.040341 -0.036094 0.051526
-0.031643 -0.032731 0.052291
-0.040388 -0.040216 0.051321
-0.034690 -0.027881 0.051672
-0.040791 -0.027380 0.050547
-0.037466 -0.034692 0.051816
-0.041125 -0.033126 0.051118
-0.040104 -0.028082 0.051041
-0.040934 -0.039984 0.051100
-0.042129 -0.033488 0.050358
-0.041103 -0.032439 0.051020
-0.035975 -0.033868 0.051780
-0.041744 -0.039543 0.050572
-0.046862 -0.036939 0.050475
-0.036076 -0.038122 0.051834
-0.038519 -0.038522 0.051736
-0.044869 -0.035670 0.050641
-0.036877 -0.035431 0.051764
-0.034882 -0.027117 0.051871
-0.038813 -0.026563 0.051515
-0.032752 -0.037260 0.052091
-0.043523 -0.030823 0.050521
-0.034528 -0.030353 0.049254
-0.036457 -0.031235 0.049978
-0.037643 -0.030910 0.051013
-0.038256 -0.038956 0.051802
-0.039389 -0.028412 0.051188
-0.043716 -0.036262 0.050538
-0.036591 -0.028425 0.050548
-0.034964 -0.034376 0.051883
-0.038867 -0.034402 0.051678
-0.043975 -0.033879 0.050568
-0.040967 -0.026944 0.050369
-0.042374 -0.027390 0.050195
-0.034544 -0.036156 0.051872
-0.039810 -0.027910 0.051135
-0.036251 -0.034809 0.051773
-0.037016 -0.038014 0.051806
-0.036579 -0.033744 0.051768
-0.044865 -0.033461 0.050649
-0.042617 -0.037531 0.050319
-0.041541 -0.035862 0.050946
-0.036558 -0.031822 0.051368
-0.039604 -0.035457 0.051634
-0.041032 -0.027057 0.050268
-0.045721 -0.034606 0.050572
-0.040573 -0.027019 0.050832
-0.040342 -0.032679 0.051476
-0.039204 -0.032618 0.051631
-0.045200 -0.030630 0.050686
-0.044378 -0.028792 0.050646
-0.035131 -0.027559 0.050882
-0.036996 -0.031701 0.051330
-0.035242 -0.030513 0.051147
-0.041815 -0.034400 0.050532
-0.034204 -0.029488 0.051621
-0.038563 -0.026792 0.051500
-0.040126 -0.029565 0.051230
-0.040712 -0.037398 0.051478
-0.035042 -0.038406 0.051894
-0.034034 -0.034707 0.051976
-0.037366 -0.026098 0.051680
-0.042903 -0.036844 0.050382
-0.034695 -0.029661 0.049633
-0.041566 -0.038999 0.050826
-0.039115 -0.038437 0.051717
-0.045877 -0.034294 0.050604
-0.040365 -0.032934 0.051492
-0.037769 -0.026285 0.051618
-0.038511 -0.026562 0.051534
-0.034601 -0.029678 0.049713
-0.040321 -0.036992 0.051538
-0.036878 -0.030315 0.050057
-0.033364 -0.030870 0.052068
-0.033327 -0.030597 0.052068
-0.032933 -0.038394 0.052098
-0.046572 -0.036452 0.050509
-0.040489 -0.039181 0.051441
-0.036526 -0.027063 0.051531
-0.032103 -0.035383 0.052190
-0.039976 -0.036437 0.051581
-0.037121 -0.031929 0.051437
-0.034283 -0.033924 0.051979
-0.032576 -0.028103 0.052243
-0.040447 -0.037652 0.051583
-0.036364 -0.040238 0.051903
-0.034204 -0.036966 0.051901
-0.035973 -0.031430 0.050737
-0.038758 -0.036657 0.051705
-0.039181 -0.036129 0.051673
-0.042683 -0.031813 0.050308
-0.039787 -0.036048 0.051605
-0.044994 -0.029419 0.050705
-0.035942 -0.033295 0.051778
-0.035889 -0.035985 0.051685
-0.042375 -0.030030 0.050272
-0.039317 -0.039069 0.051689
-0.033776 -0.028898 0.051896
-0.040839 -0.029679 0.050746
-0.035704 -0.034428 0.051793
-0.041393 -0.031294 0.050409
-0.033074 -0.029055 0.052132
-0.040728 -0.031827 0.051211
-0.038723 -0.036268 0.051697
-0.031933 -0.036633 0.052162
-0.031912 -0.035705 0.052200
-0.040606 -0.029526 0.050957
-0.042536 -0.036539 0.050382
-0.035749 -0.032699 0.051794
-0.041672 -0.037033 0.050723
-0.041961 -0.027839 0.050016
-0.043662 -0.033739 0.050515
-0.044870 -0.028952 0.050651
-0.044038 -0.029964 0.050612
-0.037821 -0.037837 0.051793
-0.040147 -0.026749 0.051105
-0.038109 -0.026520 0.051566
-0.041349 -0.039742 0.050889
-0.042883 -0.027840 0.050364
-0.035448 -0.031016 0.050545
-0.045662 -0.034010 0.050607
-0.037828 -0.036274 0.051750
-0.034878 -0.037210 0.051824
-0.037143 -0.040905 0.051919
-0.043137 -0.028906 0.050438
-0.033275 -0.036757 0.052018
-0.045565 -0.037661 0.050595
-0.038181 -0.035953 0.051744
-0.037771 -0.027067 0.051485
-0.043984 -0.036956 0.050533
-0.034206 -0.029064 0.051209
-0.036909 -0.028868 0.050405
-0.040762 -0.039235 0.051303
-0.040209 -0.030571 0.051362
-0.037868 -0.032782 0.051677
-0.041341 -0.035944 0.051169
-0.037401 -0.030637 0.050531
-0.038543 -0.027871 0.051308
-0.044446 -0.031636 0.050633
-0.040858 -0.030821 0.050987
-0.043700 -0.035957 0.050529
-0.040204 -0.027712 0.050988
-0.031927 -0.037985 0.052151
-0.035246 -0.030739 0.048607
-0.036492 -0.039123 0.051840
-0.045356 -0.031292 0.050658
-0.045947 -0.031017 0.050564
-0.031388 -0.033850 0.052289
-0.031246 -0.031566 0.052343
-0.038032 -0.030030 0.050925
-0.035267 -0.031372 0.051650
-0.039094 -0.029935 0.051348
-0.033192 -0.038179 0.052069
-0.033654 -0.039067 0.052045
-0.033947 -0.034441 0.051980
-0.035227 -0.037561 0.051725
-0.044516 -0.035198 0.050599
-0.034813 -0.030215 0.051408
-0.040133 -0.040150 0.051477
-0.032304 -0.033843 0.052191
-0.037359 -0.040614 0.051897
-0.039979 -0.031400 0.051421
-0.046223 -0.032910 0.050578
-0.043339 -0.028245 0.050455
-0.043358 -0.037150 0.050415
-0.044273 -0.032183 0.050590
-0.034476 -0.029936 0.051568
-0.041139 -0.029293 0.050311
-0.041892 -0.029149 0.050170
-0.044362 -0.034073 0.050611
-0.035383 -0.032450 0.051839
-0.036636 -0.036138 0.051715
-0.039353 -0.036842 0.051676
-0.032986 -0.037989 0.052083
-0.032269 -0.030639 0.052239
-0.039435 -0.026582 0.051463
-0.040546 -0.030196 0.051175
-0.044223 -0.031291 0.050621
-0.033299 -0.029294 0.052062
-0.034444 -0.028193 0.050646
-0.045323 -0.029409 0.050695
-0.040570 -0.038645 0.051511
-0.035794 -0.039620 0.051901
-0.037266 -0.027859 0.051272
-0.040528 -0.032407 0.051400
-0.044800 -0.031478 0.050671
-0.040749 -0.030974 0.051143
-0.034450 -0.027285 0.051949
-0.042364 -0.038464 0.050248
-0.031844 -0.033382 0.052257
-0.044662 -0.037549 0.050608
-0.038086 -0.039938 0.051843
-0.035341 -0.030857 0.050753
-0.042559 -0.036064 0.050405
-0.043198 -0.030566 0.050461
-0.033393 -0.038837 0.052059
-0.039117 -0.037791 0.051720
-0.045993 -0.031334 0.050559
-0.036903 -0.030822 0.050182
-0.035924 -0.036982 0.051708
-0.042173 -0.031252 0.050264
-0.035388 -0.031772 0.051719
-0.034536 -0.028395 0.050484
-0.037589 -0.040288 0.051879
-0.041385 -0.032104 0.050596
-0.040586 -0.035723 0.051463
-0.044056 -0.038610 0.050485
-0.035802 -0.031212 0.050068
-0.034947 -0.030691 0.049586
-0.036708 -0.035780 0.051746
-0.044609 -0.033140 0.050640
-0.034748 -0.037892 0.051876
-0.040242 -0.036608 0.051540
-0.038106 -0.039544 0.051822
-0.039892 -0.038020 0.051690
-0.040303 -0.039663 0.051397
-0.038532 -0.034477 0.051733
-0.039213 -0.030081 0.051372
-0.038603 -0.028141 0.051232
-0.039005 -0.039458 0.051742
-0.045924 -0.034634 0.050535
-0.041309 -0.033838 0.050972
-0.036919 -0.028420 0.050612
-0.042023 -0.030786 0.050145
-0.039079 -0.040682 0.051769
-0.044327 -0.033466 0.050615
-0.045018 -0.029796 0.050706
-0.046869 -0.035244 0.050532
-0.037775 -0.036926 0.051756
-0.042300 -0.030883 0.050240
-0.040759 -0.029401 0.050752
-0.038695 -0.028564 0.051166
-0.045885 -0.029023 0.050627
-0.038452 -0.038189 0.051760
-0.034490 -0.036511 0.051872
-0.035761 -0.038935 0.051874
-0.037334 -0.032742 0.051655
-0.044368 -0.038428 0.050533
-0.036974 -0.026083 0.051734
-0.034140 -0.036204 0.051925
-0.041580 -0.030088 0.050247
-0.041424 -0.033746 0.050762
-0.034125 -0.035390 0.051950
-0.039145 -0.039498 0.051729
-0.035220 -0.025741 0.051922
-0.045408 -0.036712 0.050620
-0.041301 -0.036209 0.051235
-0.045349 -0.037930 0.050605
-0.041606 -0.037212 0.050840
-0.038935 -0.028775 0.051209
-0.039439 -0.027267 0.051330
-0.040858 -0.033857 0.051440
-0.041948 -0.039617 0.050409
-0.039447 -0.034016 0.051592
-0.041762 -0.030607 0.050197
-0.037583 -0.028298 0.051145
-0.035361 -0.030727 0.051097
-0.040484 -0.027330 0.050883
-0.034576 -0.038406 0.051928
-0.042937 -0.031562 0.050354
-0.031864 -0.036957 0.052166
-0.031311 -0.033512 0.052297
-0.041136 -0.036275 0.051332
-0.039919 -0.033919 0.051541
-0.039422 -0.027752 0.051238
-0.040557 -0.036045 0.051491
-0.039672 -0.037546 0.051644
-0.034327 -0.028373 0.051046
-0.041184 -0.027191 0.050200
-0.036657 -0.026778 0.051615
-0.042200 -0.035832 0.050464
-0.035743 -0.030538 0.049205
-0.035805 -0.028566 0.050463
-0.038160 -0.032847 0.051684
-0.035736 -0.032356 0.051769
-0.041892 -0.038423 0.050417
-0.035063 -0.034025 0.051876
-0.038025 -0.033420 0.051751
-0.038772 -0.034101 0.051704
-0.038316 -0.028668 0.051116
-0.035569 -0.031103 0.049969
-0.034106 -0.039736 0.052034
-0.045692 -0.029523 0.050627
-0.040960 -0.027630 0.050404
-0.043993 -0.034981 0.050531
-0.036145 -0.039987 0.051907
-0.041297 -0.030190 0.050321
-0.039288 -0.030989 0.051427
-0.034705 -0.039826 0.051976
-0.043947 -0.034735 0.050545
-0.038529 -0.026214 0.051568
-0.031658 -0.028646 0.052365
-0.035647 -0.030894 0.049131
-0.041471 -0.036858 0.051031
-0.043742 -0.033095 0.050519
-0.042259 -0.028951 0.050158
-0.040992 -0.030702 0.050771
-0.046394 -0.030960 0.050531
-0.046686 -0.035010 0.050542
-0.040710 -0.038245 0.051500
-0.031770 -0.029792 0.052315
-0.032369 -0.036611 0.052120
-0.033143 -0.033122 0.052125
-0.038594 -0.035938 0.051711
-0.038965 -0.032475 0.051649
-0.037599 -0.041237 0.051912
-0.041256 -0.039037 0.051065
-0.039837 -0.040301 0.051632
-0.038035 -0.041048 0.051874
-0.036173 -0.028201 0.050737
-0.040008 -0.038733 0.051630
-0.033764 -0.036243 0.051983
-0.041901 -0.039298 0.050365
-0.040830 -0.030557 0.050968
-0.044405 -0.037471 0.050587
-0.045301 -0.034641 0.050612
-0.035904 -0.040239 0.051924
-0.034158 -0.028897 0.050455
-0.047111 -0.036942 0.050501
-0.034562 -0.037147 0.051873
-0.038858 -0.029439 0.051230
-0.043647 -0.029295 0.050549
-0.031055 -0.029395 0.052408
-0.032795 -0.032125 0.052177
-0.039012 -0.030044 0.051330
-0.045640 -0.033503 0.050597
-0.039600 -0.036411 0.051632
-0.032270 -0.034947 0.052179
-0.040894 -0.029273 0.050536
-0.035340 -0.035627 0.051736
-0.039244 -0.032298 0.051610
-0.035079 -0.037203 0.051760
-0.036415 -0.025675 0.051815
-0.039773 -0.035049 0.051566
-0.033556 -0.032485 0.052071
-0.035323 -0.030959 0.050141
-0.036222 -0.033957 0.051772
-0.041782 -0.032255 0.050392
-0.033417 -0.034069 0.052055
-0.034806 -0.036875 0.051835
-0.041490 -0.034247 0.050705
-0.035259 -0.034931 0.051823
-0.046017 -0.033220 0.050588
-0.046776 -0.037576 0.050524
-0.041912 -0.031640 0.050286
-0.038951 -0.027095 0.051409
-0.033059 -0.036025 0.052065
-0.032206 -0.030318 0.052251
-0.039443 -0.036194 0.051657
-0.033489 -0.033318 0.052048
-0.037042 -0.031198 0.050816
-0.033295 -0.027967 0.052124
-0.032181 -0.032495 0.052242
-0.041351 -0.032958 0.050750
-0.042055 -0.038538 0.050291
-0.045009 -0.036835 0.050627
-0.035483 -0.031004 0.049411
-0.043397 -0.034181 0.050443
-0.040855 -0.027871 0.050498
-0.041810 -0.038553 0.050493
-0.033924 -0.028207 0.051962
-0.037621 -0.028950 0.050707
-0.036757 -0.025696 0.051770
-0.043568 -0.028989 0.050532
-0.034324 -0.027613 0.051944
-0.041901 -0.038173 0.050450
-0.034084 -0.028464 0.051827
-0.040978 -0.027833 0.050363
-0.040881 -0.031124 0.050963
-0.038356 -0.034172 0.051767
-0.046878 -0.034561 0.050529
-0.036204 -0.027132 0.051571
-0.031890 -0.034212 0.052213
-0.039830 -0.035315 0.051581
-0.034896 -0.030125 0.051102
-0.044744 -0.034181 0.050639
-0.043803 -0.027933 0.050587
-0.044280 -0.037175 0.050576
-0.036659 -0.033348 0.051750
-0.044612 -0.034448 0.050634
-0.043216 -0.030998 0.050455
-0.036708 -0.028584 0.050407
-0.033002 -0.036285 0.052064
-0.041587 -0.034048 0.050616
-0.034823 -0.027720 0.050747
-0.034322 -0.028732 0.050437
-0.041612 -0.035455 0.050778
-0.035255 -0.030877 0.049254
-0.040765 -0.037852 0.051491
-0.037083 -0.040072 0.051882
-0.034937 -0.028380 0.050403
-0.045596 -0.031600 0.050634
-0.036963 -0.038563 0.051830
-0.039909 -0.039676 0.051593
-0.031760 -0.033779 0.052253
-0.034455 -0.028914 0.050344
-0.034557 -0.032877 0.051954
-0.035597 -0.035712 0.051734
-0.045362 -0.036344 0.050622
-0.039308 -0.029055 0.051275
-0.041314 -0.031063 0.050424
-0.039327 -0.027005 0.051393
-0.041000 -0.031372 0.050863
-0.037252 -0.032380 0.051567
-0.040310 -0.026939 0.051000
-0.038709 -0.026901 0.051466
-0.036470 -0.032431 0.051649
-0.044489 -0.032807 0.050612
-0.038365 -0.032119 0.051562
-0.045265 -0.032407 0.050653
-0.043309 -0.034552 0.050426
-0.034179 -0.029096 0.050651
-0.037869 -0.030728 0.050991
-0.039477 -0.027520 0.051262
-0.037556 -0.039612 0.051839
-0.034947 -0.030733 0.051559
-0.036088 -0.032173 0.051647
-0.046544 -0.032387 0.050560
-0.035466 -0.031208 0.051472
-0.045926 -0.033962 0.050581
-0.037913 -0.030473 0.050936
-0.039393 -0.033106 0.051604
-0.039893 -0.033201 0.051521
-0.039586 -0.033242 0.051578
-0.039374 -0.035937 0.051660
-0.037413 -0.036868 0.051743
-0.032993 -0.030764 0.052136
-0.041641 -0.038075 0.050751
-0.043346 -0.038751 0.050373
-0.038559 -0.040811 0.051836
-0.040766 -0.031281 0.051142
-0.039252 -0.040306 0.051752
-0.037592 -0.037287 0.051766
-0.035574 -0.027591 0.050990
-0.038778 -0.033464 0.051696
-0.039241 -0.039728 0.051722
-0.043899 -0.034334 0.050553
-0.043336 -0.032445 0.050441
-0.035215 -0.040294 0.051960
-0.044197 -0.034494 0.050580
-0.036472 -0.028186 0.050800
-0.035334 -0.038904 0.051905
-0.037377 -0.033906 0.051782
-0.035911 -0.025997 0.051857
-0.042801 -0.029188 0.050324
-0.041891 -0.030947 0.050211
-0.034507 -0.029649 0.051088
-0.044233 -0.029627 0.050646
-0.039650 -0.039803 0.051665
-0.043372 -0.033909 0.050452
-0.036081 -0.031304 0.050073
-0.035749 -0.026359 0.051830
-0.036913 -0.032594 0.051639
-0.034165 -0.028838 0.050969
-0.034696 -0.029453 0.049916
-0.032639 -0.033622 0.052161
-0.034283 -0.029305 0.050931
-0.039012 -0.039771 0.051752
-0.032139 -0.034104 0.052201
-0.037144 -0.030522 0.050251
-0.046555 -0.032742 0.050544
-0.037309 -0.026452 0.051644
-0.036711 -0.038873 0.051840
-0.038522 -0.039824 0.051813
-0.039454 -0.029455 0.051332
-0.036501 -0.027252 0.051435
-0.041465 -0.033184 0.050588
-0.044888 -0.038370 0.050573
-0.033809 -0.037543 0.051967
-0.044087 -0.036082 0.050583
-0.041746 -0.035724 0.050723
-0.039886 -0.035672 0.051594
-0.041952 -0.033443 0.050414
-0.035117 -0.033263 0.051869
-0.034618 -0.029780 0.049652
-0.031927 -0.031691 0.052273
-0.037934 -0.029607 0.050797
-0.043725 -0.037042 0.050491
-0.038682 -0.032257 0.051620
-0.033526 -0.031528 0.052049
-0.038621 -0.030355 0.051198
-0.039925 -0.031199 0.051432
-0.043083 -0.034287 0.050319
-0.038791 -0.038827 0.051763
-0.044685 -0.028647 0.050672
-0.039759 -0.028581 0.051153
-0.041573 -0.028651 0.050148
-0.034720 -0.026533 0.051973
-0.035817 -0.039915 0.051908
-0.045425 -0.030540 0.050689
-0.041233 -0.036579 0.051272
-0.037604 -0.037873 0.051810
-0.039359 -0.038379 0.051691
-0.037687 -0.032198 0.051528
-0.045003 -0.032587 0.050668
-0.046218 -0.034437 0.050580
-0.033157 -0.035024 0.052058
-0.035255 -0.036744 0.051762
-0.045321 -0.030929 0.050673
-0.034505 -0.031380 0.051835
-0.037481 -0.034196 0.051803
-0.034721 -0.030251 0.049902
-0.042230 -0.027672 0.050139
-0.036728 -0.040508 0.051920
-0.042750 -0.035243 0.050387
-0.040649 -0.039921 0.051203
-0.038197 -0.026174 0.051592
-0.036485 -0.026393 0.051733
-0.036037 -0.034555 0.051781
-0.042116 -0.031013 0.050161
-0.042159 -0.032967 0.050339
-0.033756 -0.033486 0.052028
-0.035582 -0.029319 0.049946
-0.036302 -0.031598 0.051094
-0.042162 -0.037540 0.050378
-0.040517 -0.027600 0.050845
-0.033194 -0.039150 0.052090
-0.038500 -0.037380 0.051751
-0.032268 -0.036999 0.052127
-0.034974 -0.026264 0.051942
-0.035734 -0.034063 0.051797
-0.040195 -0.029932 0.051272
-0.045246 -0.037323 0.050627
-0.034803 -0.027838 0.051246
-0.035641 -0.039075 0.051886
-0.045665 -0.035711 0.050564
-0.036454 -0.040658 0.051939
-0.040766 -0.039488 0.051186
-0.039759 -0.030143 0.051378
-0.037725 -0.040547 0.051869
-0.041008 -0.033323 0.051290
-0.041788 -0.034010 0.050541
-0.035958 -0.031446 0.051065
-0.042717 -0.035450 0.050390
-0.043454 -0.034893 0.050466
-0.041995 -0.034286 0.050479
-0.034268 -0.031200 0.051871
-0.032940 -0.034210 0.052098
-0.032566 -0.031445 0.052200
-0.031632 -0.031740 0.052301
-0.042724 -0.032499 0.050318
-0.035487 -0.035322 0.051754
-0.038217 -0.031076 0.051252
-0.032934 -0.028644 0.052178
-0.041197 -0.033503 0.051102
-0.038355 -0.026894 0.051492
-0.038117 -0.031462 0.051344
-0.040897 -0.039633 0.051144
-0.036995 -0.036009 0.051752
-0.038134 -0.030781 0.051121
-0.035987 -0.035497 0.051736
-0.034057 -0.029666 0.051764
-0.041249 -0.036947 0.051252
-0.041319 -0.027663 0.050137
-0.033727 -0.030205 0.051944
-0.031577 -0.036315 0.052205
-0.031400 -0.035147 0.052267
-0.032047 -0.029278 0.052298
-0.038789 -0.028321 0.051221
-0.041655 -0.032781 0.050459
-0.040768 -0.028443 0.050589
-0.032666 -0.027741 0.052229
-0.035941 -0.031130 0.049420
-0.044929 -0.030913 0.050674
-0.035482 -0.040092 0.051937
-0.039651 -0.029669 0.051347
-0.041989 -0.037869 0.050439
-0.037378 -0.026694 0.051589
-0.042604 -0.030401 0.050338
-0.041024 -0.031727 0.050939
-0.036720 -0.034827 0.051790
-0.041026 -0.028039 0.050271
-0.037027 -0.029949 0.050175
-0.037486 -0.035565 0.051779
-0.034112 -0.037606 0.051941
-0.039820 -0.030649 0.051421
-0.039488 -0.035169 0.051618
-0.039533 -0.037832 0.051672
-0.034291 -0.032335 0.051950
-0.034637 -0.027996 0.051170
-0.038889 -0.037394 0.051744
-0.038446 -0.036958 0.051753
-0.044493 -0.029177 0.050666
-0.044802 -0.036500 0.050629
-0.031636 -0.034235 0.052270
-0.033678 -0.039423 0.052058
-0.039398 -0.028013 0.051202
-0.042093 -0.036957 0.050421
-0.032702 -0.038180 0.052103
-0.037997 -0.034777 0.051793
-0.034954 -0.030642 0.049382
-0.044450 -0.030090 0.050676
-0.031769 -0.036065 0.052198
-0.034599 -0.027680 0.051836
-0.035241 -0.035436 0.051784
-0.039208 -0.028703 0.051228
-0.035443 -0.027071 0.051742
-0.037300 -0.030121 0.050304
-0.032956 -0.036909 0.052067
-0.031374 -0.032366 0.052314
-0.031492 -0.028930 0.052383
-0.046823 -0.034254 0.050567
-0.033995 -0.031042 0.051930
-0.035757 -0.036324 0.051635
-0.040732 -0.030307 0.051028
-0.044148 -0.027749 0.050629
-0.037320 -0.031003 0.050879
-0.035094 -0.039934 0.051948
-0.043692 -0.032173 0.050509
-0.033624 -0.032676 0.052044
-0.041359 -0.037221 0.051158
-0.031434 -0.029399 0.052371
-0.044814 -0.030012 0.050709
-0.042144 -0.033181 0.050362
-0.045491 -0.034719 0.050572
-0.040892 -0.028633 0.050473
-0.043031 -0.032264 0.050375
-0.045956 -0.037808 0.050552
-0.043707 -0.028236 0.050564
-0.040980 -0.039324 0.051163
-0.038812 -0.039403 0.051758
-0.039091 -0.035690 0.051667
-0.041358 -0.038160 0.051170
-0.046008 -0.030448 0.050604
-0.031944 -0.034924 0.052220
-0.040989 -0.039064 0.051260
-0.033197 -0.029663 0.052085
-0.044926 -0.037648 0.050618
-0.039890 -0.037192 0.051580
-0.043360 -0.039009 0.050378
-0.041383 -0.029547 0.050225
-0.035318 -0.030824 0.048904
-0.032684 -0.037598 0.052101
-0.034448 -0.029485 0.050512
-0.046576 -0.034410 0.050565
-0.046072 -0.035230 0.050567
-0.041556 -0.032932 0.050576
-0.046861 -0.036327 0.050521
-0.034687 -0.030016 0.050287
-0.039072 -0.028354 0.051224
-0.035856 -0.031047 0.049393
-0.035262 -0.028129 0.050581
-0.040087 -0.036178 0.051558
-0.034250 -0.037907 0.051930
-0.032898 -0.039134 0.052107
-0.035495 -0.038580 0.051882
-0.038733 -0.031725 0.051517
-0.034710 -0.031709 0.051840
-0.032110 -0.036280 0.052155
-0.041853 -0.034910 0.050550
-0.044784 -0.030448 0.050689
-0.034583 -0.029653 0.050288
-0.039005 -0.031719 0.051533
-0.035338 -0.034320 0.051838
-0.034746 -0.029933 0.049627
-0.034011 -0.027558 0.052019
-0.040074 -0.031757 0.051457
-0.034654 -0.031320 0.051797
-0.033886 -0.036805 0.051940
-0.036324 -0.027912 0.050951
-0.035111 -0.039535 0.051930
-0.035426 -0.027533 0.051470
-0.032009 -0.034464 0.052213
-0.033431 -0.037961 0.052035
-0.035777 -0.039272 0.051886
-0.037500 -0.031862 0.051409
-0.039070 -0.040311 0.051773
-0.038167 -0.028310 0.051190
-0.040837 -0.031559 0.051095
-0.041909 -0.034628 0.050530
-0.036808 -0.028155 0.050913
-0.040989 -0.033590 0.051349
-0.040207 -0.038655 0.051592
-0.037650 -0.034865 0.051807
-0.034510 -0.029199 0.050272
-0.041491 -0.028963 0.050191
-0.041767 -0.039014 0.050552
-0.044088 -0.033146 0.050584
-0.040861 -0.034226 0.051367
-0.041825 -0.036592 0.050597
-0.041217 -0.033037 0.050934
-0.041628 -0.031626 0.050302
-0.045025 -0.034545 0.050626
-0.034654 -0.029884 0.049951
-0.033667 -0.029219 0.051918
-0.041025 -0.032793 0.051177
-0.046172 -0.034090 0.050583
-0.037804 -0.028477 0.051111
-0.040181 -0.038872 0.051584
-0.043908 -0.030303 0.050589
-0.036025 -0.028889 0.050108
-0.045654 -0.037975 0.050584
-0.046267 -0.037778 0.050541
-0.037977 -0.033093 0.051721
-0.042855 -0.028671 0.050349
-0.035791 -0.037403 0.051741
-0.039243 -0.033281 0.051628
-0.041523 -0.033429 0.050558
-0.041200 -0.029840 0.050410
-0.045601 -0.031126 0.050609
-0.035945 -0.028326 0.050628
-0.046446 -0.033108 0.050549
-0.042883 -0.037084 0.050366
-0.034478 -0.032636 0.051933
-0.042722 -0.038194 0.050287
-0.045330 -0.028594 0.050661
-0.039130 -0.032934 0.051631
-0.038903 -0.040413 0.051788
-0.038957 -0.032222 0.051616
-0.039071 -0.035113 0.051661
-0.044919 -0.037210 0.050631
-0.034535 -0.028128 0.051472
-0.034775 -0.025722 0.051959
-0.037390 -0.031246 0.051087
-0.031499 -0.031342 0.052325
-0.031547 -0.034805 0.052270
-0.039805 -0.027536 0.051154
-0.032843 -0.036596 0.052068
-0.045131 -0.036969 0.050628
-0.037529 -0.030301 0.050482
-0.040791 -0.037061 0.051450
-0.040249 -0.033179 0.051488
-0.032825 -0.029880 0.052162
-0.037792 -0.035874 0.051761
-0.040963 -0.036384 0.051387
-0.031770 -0.030100 0.052304
-0.037479 -0.030760 0.050764
-0.035117 -0.027372 0.051721
-0.037566 -0.039947 0.051860
-0.033408 -0.027252 0.052120
-0.037962 -0.028742 0.051032
-0.034400 -0.031857 0.051895
-0.034439 -0.036823 0.051881
-0.041746 -0.036820 0.050662
-0.040446 -0.038983 0.051494
-0.041407 -0.027395 0.050123
-0.040860 -0.035269 0.051337
-0.042003 -0.035540 0.050514
-0.046247 -0.031152 0.050533
-0.039036 -0.033396 0.051670
-0.034913 -0.028683 0.050126
-0.033790 -0.032224 0.052022
-0.040662 -0.031508 0.051237
-0.033387 -0.037568 0.052028
-0.042098 -0.039396 0.050230
-0.041100 -0.033933 0.051218
-0.045792 -0.032928 0.050615
-0.046577 -0.037199 0.050534
-0.038298 -0.033070 0.051705
-0.035919 -0.034943 0.051778
-0.040952 -0.030369 0.050755
-0.035392 -0.033269 0.051848
-0.039123 -0.034851 0.051646
-0.035946 -0.029333 0.050016
-0.034022 -0.034053 0.051976
-0.046417 -0.037487 0.050545
-0.039102 -0.030868 0.051408
-0.042103 -0.032307 0.050304
-0.046384 -0.036576 0.050541
-0.032592 -0.037839 0.052106
-0.046452 -0.031718 0.050569
-0.032119 -0.029954 0.052268
-0.040220 -0.039441 0.051483
-0.040805 -0.034556 0.051375
-0.045633 -0.029876 0.050628
-0.045262 -0.030353 0.050704
-0.041124 -0.031002 0.050646
-0.032034 -0.038687 0.052135
-0.044826 -0.035299 0.050621
-0.042403 -0.039434 0.050208
-0.039724 -0.040460 0.051667
-0.041497 -0.036162 0.051068
-0.041061 -0.038223 0.051380
-0.033883 -0.032839 0.052039
-0.037149 -0.033538 0.051751
-0.037232 -0.030788 0.050486
-0.041966 -0.035144 0.050491
-0.034218 -0.028627 0.051131
-0.036220 -0.031825 0.051396
-0.043559 -0.035710 0.050502
-0.037380 -0.041048 0.051919
-0.043301 -0.029928 0.050468
-0.046568 -0.032079 0.050562
-0.042936 -0.038645 0.050298
-0.037234 -0.034553 0.051810
-0.046115 -0.029749 0.050557
-0.040341 -0.029352 0.051099
-0.040926 -0.037188 0.051422
-0.035164 -0.030611 0.051323
-0.039595 -0.032236 0.051560
-0.042041 -0.029403 0.050202
-0.045221 -0.038371 0.050588
-0.032782 -0.033910 0.052118
-0.040790 -0.027185 0.050463
-0.033727 -0.038659 0.052017
-0.034013 -0.035721 0.051957
-0.038729 -0.039298 0.051764
-0.043897 -0.028709 0.050581
-0.037882 -0.028065 0.051242
-0.036087 -0.025656 0.051856
-0.042219 -0.034246 0.050397
-0.043514 -0.038380 0.050412
-0.032327 -0.029062 0.052268
-0.041471 -0.033934 0.050700
-0.034937 -0.026819 0.051911
-0.035613 -0.030296 0.049105
-0.042927 -0.031006 0.050402
-0.035103 -0.037802 0.051785
-0.040738 -0.036116 0.051438
-0.037109 -0.041271 0.051948
-0.031357 -0.031803 0.052323
-0.037120 -0.030973 0.050596
-0.043848 -0.029026 0.050583
-0.047276 -0.035441 0.050530
-0.036091 -0.032893 0.051745
-0.036251 -0.036906 0.051713
-0.032382 -0.035675 0.052150
-0.033641 -0.034694 0.052018
-0.035063 -0.027641 0.051405
-0.042017 -0.036046 0.050509
-0.034588 -0.028925 0.050251
-0.045828 -0.028646 0.050624
-0.041690 -0.037840 0.050705
-0.033013 -0.032314 0.052134
-0.033199 -0.031975 0.052124
-0.040536 -0.031306 0.051301
-0.034030 -0.027875 0.051983
-0.046135 -0.034787 0.050566
-0.043767 -0.038667 0.050458
-0.035706 -0.027456 0.051532
-0.034298 -0.026567 0.052018
-0.039965 -0.034132 0.051562
-0.035580 -0.031107 0.050504
-0.036106 -0.032524 0.051721
-0.041709 -0.038399 0.050655
-0.034705 -0.028811 0.049982
-0.037778 -0.034152 0.051799
-0.034104 -0.031641 0.051944
-0.039722 -0.034509 0.051582
-0.040192 -0.035119 0.051517
-0.035827 -0.033641 0.051793
-0.033908 -0.033723 0.052017
-0.033943 -0.033958 0.051997
-0.032538 -0.032392 0.052211
-0.035058 -0.027800 0.050695
-0.041206 -0.030289 0.050430
-0.039250 -0.027353 0.051337
-0.041980 -0.028460 0.050130
-0.035746 -0.033025 0.051799
-0.038632 -0.037919 0.051748
-0.044699 -0.028076 0.050677
-0.046168 -0.030780 0.050570
-0.036844 -0.039834 0.051866
-0.036643 -0.037878 0.051803
-0.038260 -0.035612 0.051742
-0.042534 -0.035559 0.050379
-0.040660 -0.028971 0.050735
-0.040991 -0.034891 0.051260
-0.041755 -0.030337 0.050213
-0.041851 -0.032823 0.050390
-0.036884 -0.036964 0.051736
-0.039595 -0.032648 0.051580
-0.044549 -0.032477 0.050627
-0.036314 -0.030880 0.049692
-0.041811 -0.032514 0.050401
-0.037874 -0.035467 0.051772
-0.037355 -0.039142 0.051815
-0.043803 -0.037857 0.050484
-0.038832 -0.040683 0.051793
-0.035793 -0.037808 0.051790
-0.038739 -0.027807 0.051302
-0.034854 -0.036246 0.051837
-0.046490 -0.034674 0.050570
-0.045534 -0.030109 0.050608
-0.036212 -0.038861 0.051849
-0.036350 -0.027525 0.051212
-0.047001 -0.036661 0.050504
-0.032934 -0.029505 0.052148
-0.040748 -0.033381 0.051432
-0.036531 -0.028931 0.050252
-0.039831 -0.030833 0.051442
-0.041422 -0.032657 0.050694
-0.038547 -0.032987 0.051687
-0.040641 -0.029904 0.051035
-0.038448 -0.027244 0.051407
-0.046188 -0.031910 0.050589
-0.040868 -0.033042 0.051338
-0.037510 -0.035209 0.051795
-0.043652 -0.035382 0.050502
-0.031881 -0.037475 0.052160
-0.032394 -0.029402 0.052246
-0.035818 -0.040604 0.051958
-0.043446 -0.031167 0.050502
-0.041747 -0.027833 0.049937
-0.040394 -0.030033 0.051232
-0.034655 -0.032516 0.051927
-0.038912 -0.030634 0.051319
-0.042178 -0.034869 0.050425
-0.046335 -0.036166 0.050550
-0.037852 -0.028321 0.051172
-0.037571 -0.027997 0.051244
-0.040488 -0.036438 0.051501
-0.041211 -0.038477 0.051281
-0.032060 -0.028439 0.052320
-0.041728 -0.029808 0.050228
-0.044707 -0.036786 0.050619
-0.037017 -0.026784 0.051583
-0.032329 -0.032136 0.052234
-0.041606 -0.030738 0.050262
-0.036181 -0.039212 0.051864
-0.040672 -0.028339 0.050705
-0.046779 -0.033899 0.050566
-0.034564 -0.026935 0.051962
-0.036386 -0.031410 0.050306
-0.034952 -0.033648 0.051906
-0.034732 -0.029944 0.050901
-0.039866 -0.028236 0.051131
-0.041954 -0.031976 0.050302
-0.040160 -0.032489 0.051473
-0.039118 -0.034055 0.051635
-0.038097 -0.031713 0.051410
-0.037359 -0.028064 0.051207
-0.035091 -0.030339 0.051134
-0.041378 -0.034001 0.050858
-0.032848 -0.034909 0.052106
-0.034592 -0.029884 0.051354
-0.040325 -0.030870 0.051365
-0.042646 -0.035808 0.050407
-0.044365 -0.034748 0.050603
-0.037998 -0.032502 0.051620
-0.047420 -0.035849 0.050504
-0.038484 -0.028414 0.051147
-0.042665 -0.028967 0.050299
-0.040979 -0.028774 0.050378
-0.037975 -0.026857 0.051527
-0.035973 -0.026645 0.051738
-0.033442 -0.036049 0.052022
-0.035054 -0.037429 0.051779
-0.043082 -0.031305 0.050412
-0.042284 -0.037782 0.050304
-0.040244 -0.036314 0.051543
-0.034379 -0.034723 0.051944
-0.035153 -0.038079 0.051836
-0.043473 -0.032909 0.050466
-0.037790 -0.040165 0.051859
-0.046607 -0.033308 0.050540
-0.041140 -0.030623 0.050563
-0.036849 -0.031367 0.050903
-0.037056 -0.026383 0.051689
-0.034588 -0.030555 0.049436
-0.041596 -0.032537 0.050522
-0.041814 -0.036282 0.050611
-0.034218 -0.030013 0.051761
-0.038393 -0.031348 0.051362
-0.032150 -0.037268 0.052138
-0.033077 -0.037233 0.052051
-0.035285 -0.030898 0.050350
-0.045918 -0.032676 0.050612
-0.039223 -0.039997 0.051738
-0.046545 -0.033582 0.050550
-0.044343 -0.035030 0.050591
-0.043207 -0.029202 0.050449
-0.040446 -0.039739 0.051268
-0.045037 -0.031414 0.050680
-0.031872 -0.033085 0.052260
-0.035699 -0.027546 0.051299
-0.039537 -0.033652 0.051590
-0.036422 -0.032075 0.051537
-0.039358 -0.038666 0.051676
-0.035700 -0.033216 0.051778
-0.036969 -0.035160 0.051785
-0.036576 -0.031469 0.050837
-0.040717 -0.034206 0.051484
-0.038236 -0.040568 0.051857
-0.045992 -0.037434 0.050532
-0.031503 -0.029870 0.052344
-0.032802 -0.031737 0.052177
-0.046295 -0.035034 0.050565
-0.041080 -0.030276 0.050564
-0.039448 -0.032404 0.051589
-0.033643 -0.028331 0.052036
-0.043151 -0.027591 0.050435
-0.038917 -0.038725 0.051730
-0.035509 -0.039604 0.051912
-0.042803 -0.032105 0.050304
-0.034840 -0.040108 0.051966
-0.043092 -0.028076 0.050417
-0.037016 -0.032362 0.051576
-0.035150 -0.030606 0.050498
-0.034924 -0.038132 0.051874
-0.036809 -0.027461 0.051331
-0.034377 -0.026230 0.052007
-0.038731 -0.029195 0.051222
-0.036993 -0.039136 0.051828
-0.046681 -0.036038 0.050526
-0.042355 -0.038921 0.050226
-0.041223 -0.028996 0.050236
-0.036057 -0.031468 0.050481
-0.036760 -0.039232 0.051845
-0.031442 -0.032035 0.052309
-0.041667 -0.028304 0.050095
-0.034228 -0.034544 0.051949
-0.034174 -0.038607 0.051978
-0.040513 -0.033267 0.051466
-0.037346 -0.038510 0.051821
-0.041290 -0.037578 0.051244
-0.032570 -0.036270 0.052109
-0.039051 -0.039275 0.051732
-0.045637 -0.037320 0.050597
-0.032925 -0.032584 0.052165
-0.040575 -0.028477 0.050781
-0.034800 -0.033349 0.051936
-0.045956 -0.035849 0.050566
-0.042470 -0.033304 0.050344
-0.042163 -0.034586 0.050398
-0.035701 -0.028960 0.050162
-0.037106 -0.027191 0.051429
-0.044119 -0.037748 0.050545
-0.042739 -0.027590 0.050296
-0.033699 -0.027762 0.052064
-0.035095 -0.036648 0.051787
-0.038634 -0.040529 0.051818
-0.032744 -0.030198 0.052175
-0.039049 -0.029214 0.051282
-0.041180 -0.032030 0.050847
-0.036255 -0.025975 0.051817
-0.033759 -0.029415 0.051881
-0.039493 -0.028788 0.051225
-0.032464 -0.035360 0.052147
-0.037726 -0.030039 0.050666
-0.040078 -0.028437 0.051069
-0.039862 -0.037790 0.051698
-0.035050 -0.031528 0.051750
-0.039675 -0.038502 0.051660
-0.034163 -0.037262 0.051916
-0.035517 -0.033735 0.051815
-0.043480 -0.030498 0.050520
-0.037164 -0.028672 0.050607
-0.039852 -0.032039 0.051519
-0.034514 -0.038076 0.051901
-0.039622 -0.030406 0.051406
-0.033531 -0.036904 0.051988
-0.035267 -0.026813 0.051841
-0.040657 -0.030672 0.051177
-0.041175 -0.035340 0.051160
-0.032562 -0.029708 0.052207
-0.038787 -0.038273 0.051741
-0.045554 -0.032593 0.050591
-0.037925 -0.027773 0.051299
-0.037236 -0.037485 0.051775
-0.033816 -0.034306 0.052001
-0.032399 -0.038193 0.052121
-0.045360 -0.029693 0.050689
-0.037733 -0.038676 0.051813
-0.041649 -0.036479 0.050845
-0.040488 -0.030466 0.051244
-0.039573 -0.040117 0.051688
-0.035568 -0.031026 0.050968
-0.038939 -0.035877 0.051689
-0.040680 -0.028130 0.050675
-0.038179 -0.038695 0.051797
-0.034472 -0.028201 0.051175
-0.037666 -0.040870 0.051894
-0.035603 -0.031141 0.051280
-0.045056 -0.028096 0.050679
-0.047015 -0.037291 0.050517
-0.037130 -0.036818 0.051731
-0.042727 -0.038788 0.050255
-0.043107 -0.038002 0.050354
-0.043222 -0.037541 0.050364
-0.040756 -0.027716 0.050582
-0.035450 -0.039302 0.051906
-0.041650 -0.035086 0.050689
-0.044213 -0.032535 0.050580
-0.035241 -0.039202 0.051919
-0.040894 -0.032658 0.051273
-0.035914 -0.035312 0.051725
-0.034869 -0.039118 0.051947
-0.033953 -0.029123 0.051746
-0.038320 -0.029123 0.051108
-0.037305 -0.039845 0.051848
-0.040355 -0.034469 0.051538
-0.045175 -0.029124 0.050688
-0.045033 -0.033028 0.050666
-0.032606 -0.028609 0.052237
-0.039549 -0.038835 0.051675
-0.041003 -0.028425 0.050334
-0.035566 -0.025976 0.051899
-0.034927 -0.030261 0.051282
-0.031777 -0.038360 0.052157
-0.031450 -0.032793 0.052304
-0.039827 -0.029498 0.051298
-0.040778 -0.039794 0.051192
-0.041505 -0.027984 0.050079
-0.041139 -0.039605 0.050957
-0.039139 -0.034574 0.051634
-0.037394 -0.027369 0.051371
-0.036079 -0.030786 0.049521
-0.031774 -0.029478 0.052320
-0.043764 -0.029757 0.050543
-0.042574 -0.028046 0.050270
-0.035378 -0.028533 0.050393
-0.037879 -0.030973 0.051126
-0.038168 -0.033593 0.051765
-0.039710 -0.039224 0.051644
-0.042635 -0.029785 0.050269
-0.039180 -0.038765 0.051710
-0.031423 -0.031031 0.052345
-0.034669 -0.030511 0.049298
-0.034287 -0.028521 0.050632
-0.033732 -0.035142 0.051994
-0.033749 -0.033192 0.052045
-0.046761 -0.033085 0.050528
-0.035406 -0.032867 0.051852
-0.041473 -0.036468 0.051089
-0.032339 -0.033154 0.052207
-0.034416 -0.033214 0.051978
-0.039541 -0.031785 0.051511
-0.041155 -0.037884 0.051336
-0.045592 -0.036016 0.050568
-0.038777 -0.039641 0.051765
-0.032977 -0.031376 0.052152
-0.045162 -0.034805 0.050626
-0.037244 -0.031585 0.051267
-0.046135 -0.035541 0.050562
-0.041581 -0.032208 0.050439
-0.034189 -0.029062 0.050878
-0.045095 -0.033834 0.050638
-0.035084 -0.027175 0.051800
-0.036310 -0.033216 0.051745
-0.040386 -0.031800 0.051369
-0.036073 -0.037672 0.051768
-0.040125 -0.034536 0.051540
-0.041788 -0.038068 0.050595
-0.034755 -0.037523 0.051852
-0.036611 -0.026058 0.051772
-0.036227 -0.040540 0.051934
-0.042977 -0.037530 0.050340
-0.041172 -0.027493 0.050205
-0.035046 -0.032621 0.051896
-0.036031 -0.026921 0.051646
-0.041116 -0.037154 0.051341
-0.041697 -0.034355 0.050604
-0.042384 -0.032643 0.050306
-0.034316 -0.029414 0.051296
-0.033977 -0.030664 0.051912
-0.037548 -0.028595 0.050943
-0.036524 -0.032875 0.051714
-0.041028 -0.028999 0.050365
-0.034967 -0.038738 0.051926
-0.039939 -0.026754 0.051253
-0.040019 -0.032874 0.051521
-0.046996 -0.034890 0.050525
-0.043983 -0.028140 0.050616
-0.039444 -0.032863 0.051600
-0.040073 -0.039725 0.051498
-0.037650 -0.038380 0.051800
-0.036142 -0.031978 0.051523
-0.044550 -0.037911 0.050584
-0.040881 -0.030006 0.050796
-0.042660 -0.038444 0.050240
-0.032430 -0.030084 0.052225
-0.043462 -0.036745 0.050462
-0.045010 -0.035036 0.050631
-0.039170 -0.033653 0.051641
-0.038485 -0.039495 0.051792
-0.043647 -0.035025 0.050486
-0.041448 -0.035079 0.050815
-0.045358 -0.030109 0.050684
-0.045777 -0.034868 0.050544
-0.037667 -0.030432 0.050703
-0.040480 -0.036207 0.051509
-0.037635 -0.033426 0.051743
-0.040884 -0.027559 0.050474
-0.039981 -0.027022 0.051154
-0.041275 -0.032671 0.050822
-0.045515 -0.037047 0.050599
-0.036498 -0.031467 0.050553
-0.043533 -0.037475 0.050440
-0.034678 -0.030196 0.051519
-0.033143 -0.033909 0.052094
-0.045559 -0.033235 0.050640
-0.036296 -0.035877 0.051708
-0.039429 -0.040454 0.051717
-0.041347 -0.033575 0.050877
-0.040260 -0.031956 0.051438
-0.042928 -0.032712 0.050363
-0.045507 -0.034309 0.050619
-0.035101 -0.029168 0.049962
-0.036874 -0.038304 0.051822
-0.034824 -0.032434 0.051881
-0.036145 -0.037299 0.051741
-0.040016 -0.030977 0.051415
-0.036115 -0.039578 0.051888
-0.045586 -0.029215 0.050659
-0.047439 -0.036227 0.050499
-0.042827 -0.036233 0.050408
-0.038043 -0.038375 0.051800
-0.044298 -0.037869 0.050563
-0.044674 -0.031901 0.050647
-0.040737 -0.027112 0.050647
-0.040519 -0.032045 0.051351
-0.035966 -0.028744 0.050296
-0.039996 -0.038392 0.051634
-0.032726 -0.033222 0.052167
-0.041381 -0.038473 0.051117
-0.035323 -0.030969 0.049731
-0.040224 -0.039944 0.051398
-0.037147 -0.034922 0.051804
-0.032969 -0.028306 0.052177
-0.033652 -0.031799 0.052044
-0.034307 -0.028419 0.051322
-0.031666 -0.037277 0.052173
-0.039968 -0.030370 0.051379
-0.034306 -0.028389 0.051510
-0.046159 -0.033777 0.050526
-0.035736 -0.034800 0.051798
-0.031455 -0.033150 0.052297
-0.044536 -0.036286 0.050621
-0.046899 -0.035947 0.050517
-0.035912 -0.031793 0.051499
-0.041057 -0.035992 0.051330
-0.035403 -0.038260 0.051845
-0.034764 -0.027297 0.051865
-0.045574 -0.028410 0.050604
-0.041513 -0.039570 0.050779
-0.037779 -0.037619 0.051792
-0.039351 -0.036589 0.051669
-0.045052 -0.030222 0.050709
-0.040532 -0.028849 0.050834
-0.044600 -0.031216 0.050643
-0.043187 -0.036889 0.050413
-0.034738 -0.033767 0.051931
-0.040233 -0.035859 0.051533
-0.035339 -0.034699 0.051827
-0.037264 -0.035497 0.051780
-0.042436 -0.032925 0.050320
-0.046828 -0.036707 0.050494
-0.043442 -0.035476 0.050475
-0.033229 -0.034626 0.052062
-0.037735 -0.038105 0.051810
-0.038485 -0.029873 0.051107
-0.032613 -0.036954 0.052087
-0.045992 -0.037148 0.050572
-0.036919 -0.039489 0.051843
-0.034358 -0.032900 0.051957
-0.033207 -0.037810 0.052058
-0.041541 -0.033729 0.050624
-0.038115 -0.027182 0.051434
-0.043735 -0.032521 0.050500
-0.043957 -0.029420 0.050604
-0.041149 -0.032760 0.051018
-0.046883 -0.033439 0.050528
-0.040584 -0.039552 0.051304
-0.036531 -0.039507 0.051859
-0.033106 -0.034365 0.052064
-0.035422 -0.033892 0.051838
-0.040485 -0.027953 0.050843
-0.038841 -0.029818 0.051245
-0.038923 -0.037997 0.051724
-0.042220 -0.031871 0.050275
-0.038341 -0.035226 0.051740
-0.042860 -0.033049 0.050366
-0.041452 -0.038486 0.051009
-0.037149 -0.035707 0.051768
-0.032862 -0.035299 0.052095
-0.040402 -0.029699 0.051156
-0.043050 -0.033861 0.050379
-0.042595 -0.036720 0.050371
-0.040379 -0.028283 0.050909
-0.036969 -0.037666 0.051781
-0.034155 -0.033631 0.051977
-0.037992 -0.039200 0.051817
-0.035673 -0.031751 0.051574
-0.036985 -0.036524 0.051730
-0.037093 -0.027976 0.051175
-0.036584 -0.035324 0.051752
-0.041523 -0.038272 0.050943
-0.036022 -0.034153 0.051753
-0.041322 -0.032361 0.050736
-0.035114 -0.033668 0.051882
-0.037702 -0.039005 0.051817
-0.038608 -0.028889 0.051180
-0.036832 -0.027069 0.051496
-0.044677 -0.029386 0.050689
-0.039108 -0.036387 0.051668
-0.039517 -0.029851 0.051370
-0.033406 -0.032830 0.052095
-0.033330 -0.034385 0.052048
-0.035672 -0.035441 0.051745
-0.041969 -0.033201 0.050407
-0.032787 -0.028882 0.052199
-0.037116 -0.034287 0.051800
-0.046521 -0.035459 0.050539
-0.034800 -0.034651 0.051896
-0.036229 -0.029059 0.050134
-0.043174 -0.027831 0.050460
-0.042175 -0.038837 0.050228
-0.036800 -0.026436 0.051699
-0.033901 -0.026527 0.052061
-0.040289 -0.033941 0.051500
-0.034465 -0.030248 0.051701
-0.038399 -0.034806 0.051752
-0.037422 -0.036479 0.051746
-0.044111 -0.035352 0.050573
-0.041273 -0.031652 0.050619
-0.038342 -0.037921 0.051749
-0.039270 -0.035106 0.051639
-0.043133 -0.038464 0.050337
-0.038936 -0.040108 0.051776
-0.034164 -0.027280 0.052007
-0.037005 -0.040720 0.051925
-0.038634 -0.032479 0.051636
-0.042589 -0.030769 0.050338
-0.042103 -0.032713 0.050312
-0.043787 -0.030694 0.050562
-0.035232 -0.026088 0.051931
-0.038258 -0.040852 0.051872
-0.038848 -0.028981 0.051238
-0.044714 -0.037307 0.050621
-0.040954 -0.038561 0.051400
-0.033441 -0.032289 0.052088
-0.038710 -0.032026 0.051577
-0.036509 -0.030955 0.049844
-0.031639 -0.029180 0.052356
-0.032951 -0.034584 0.052099
-0.044133 -0.028476 0.050631
-0.033805 -0.031427 0.052001
-0.040938 -0.036846 0.051396
-0.035804 -0.031309 0.050416
-0.033679 -0.036485 0.051977
-0.037665 -0.032943 0.051704
-0.032076 -0.033649 0.052220
-0.045708 -0.030716 0.050625
-0.041930 -0.037228 0.050503
-0.031882 -0.029104 0.052326
-0.042237 -0.037235 0.050377
-0.037451 -0.038829 0.051829
-0.039953 -0.034319 0.051570
-0.031156 -0.032688 0.052318
-0.039888 -0.039988 0.051588
-0.038658 -0.038842 0.051768
-0.040439 -0.030717 0.051315
-0.038770 -0.037007 0.051731
-0.034601 -0.027919 0.050670
-0.046115 -0.031549 0.050579
-0.040669 -0.027424 0.050730
-0.042900 -0.030144 0.050379
-0.032701 -0.030986 0.052187
-0.038629 -0.031114 0.051334
-0.042368 -0.029560 0.050235
-0.033321 -0.038479 0.052060
-0.035487 -0.040452 0.051960
-0.041880 -0.035919 0.050591
-0.038245 -0.039800 0.051828
-0.033031 -0.027547 0.052169
-0.041132 -0.039724 0.050998
-0.042223 -0.038161 0.050299
-0.037063 -0.032222 0.051516
-0.039529 -0.035699 0.051643
-0.044149 -0.038141 0.050512
-0.044500 -0.036605 0.050613
-0.043486 -0.031590 0.050481
-0.032961 -0.027909 0.052179
-0.043301 -0.031941 0.050433
-0.044970 -0.028504 0.050683
-0.046343 -0.035772 0.050537
-0.040411 -0.037991 0.051604
-0.041614 -0.036247 0.050886
-0.041674 -0.031914 0.050353
-0.031729 -0.031500 0.052288
-0.035068 -0.029574 0.049702
-0.038236 -0.029995 0.051020
-0.042427 -0.035499 0.050400
-0.034548 -0.038808 0.051956
-0.038311 -0.032582 0.051641
-0.041545 -0.038038 0.050907
-0.041929 -0.038754 0.050258
-0.034939 -0.035566 0.051841
-0.039682 -0.032927 0.051569
-0.040281 -0.027420 0.050991
-0.035237 -0.027404 0.051652
-0.035804 -0.036684 0.051696
-0.040554 -0.029191 0.050878
-0.040553 -0.036904 0.051476
-0.034502 -0.030420 0.049305
-0.037654 -0.032529 0.051618
-0.041387 -0.029208 0.050219
-0.033829 -0.036010 0.051970
-0.043583 -0.033438 0.050502
-0.032528 -0.032716 0.052199
-0.036425 -0.038168 0.051820
-0.033288 -0.035380 0.052045
-0.041101 -0.034341 0.051146
-0.033077 -0.030411 0.052115
-0.042007 -0.031845 0.050261
-0.041288 -0.034579 0.050955
-0.034096 -0.029351 0.051655
-0.041406 -0.031490 0.050437
-0.041430 -0.030869 0.050336
-0.034126 -0.032146 0.051960
-0.044107 -0.036572 0.050578
-0.038188 -0.039287 0.051808
-0.043118 -0.033352 0.050409
-0.042967 -0.029608 0.050358
-0.036448 -0.034156 0.051781
-0.043977 -0.037421 0.050518
-0.036748 -0.031324 0.050614
-0.035219 -0.030892 0.049579
-0.042030 -0.027287 0.050096
-0.034992 -0.030248 0.050859
-0.043504 -0.037874 0.050414
-0.041434 -0.034859 0.050778
-0.033997 -0.030312 0.051877
-0.041436 -0.031915 0.050461
-0.033515 -0.037229 0.051999
-0.040754 -0.028782 0.050609
-0.044136 -0.029159 0.050628
-0.041059 -0.027577 0.050289
-0.039872 -0.036791 0.051595
-0.033936 -0.032437 0.052012
-0.035512 -0.031522 0.051585
-0.041566 -0.027616 0.050035
-0.044296 -0.033035 0.050588
-0.038081 -0.040181 0.051838
-0.045715 -0.036444 0.050608
-0.046339 -0.032195 0.050557
-0.034755 -0.028963 0.050069
-0.035388 -0.025396 0.051902
-0.034944 -0.030543 0.050060
-0.036307 -0.037747 0.051798
-0.033881 -0.029951 0.051883
-0.040664 -0.029350 0.050829
-0.042312 -0.035180 0.050400
-0.032165 -0.031354 0.052247
-0.042541 -0.028390 0.050263
-0.040392 -0.038342 0.051580
-0.041349 -0.030560 0.050313
-0.035495 -0.037591 0.051723
-0.034736 -0.030019 0.051241
-0.042705 -0.032853 0.050338
-0.040093 -0.039117 0.051559
-0.036306 -0.034517 0.051761
-0.038690 -0.035183 0.051704
-0.036712 -0.040925 0.051946
-0.042345 -0.034485 0.050364
-0.031155 -0.030376 0.052383
-0.040571 -0.034539 0.051503
-0.034065 -0.039397 0.052026
-0.033698 -0.034119 0.052006
-0.038256 -0.030238 0.051065
-0.041833 -0.038688 0.050448
-0.036100 -0.036486 0.051672
-0.040758 -0.032534 0.051351
-0.041310 -0.034194 0.050938
-0.033178 -0.028704 0.052121
-0.041739 -0.037473 0.050613
-0.032286 -0.037823 0.052126
-0.037845 -0.036611 0.051749
-0.034184 -0.034282 0.051973
-0.036141 -0.029753 0.049908
-0.033205 -0.032394 0.052122
-0.036119 -0.035166 0.051756
-0.040304 -0.037309 0.051560
-0.036802 -0.032172 0.051534
-0.038947 -0.037707 0.051735
-0.036749 -0.029100 0.050293
-0.039276 -0.031939 0.051561
-0.034642 -0.030591 0.051685
-0.035952 -0.038535 0.051853
-0.037127 -0.033919 0.051784
-0.031111 -0.031227 0.052365
-0.033985 -0.028761 0.051813
-0.034299 -0.029631 0.051568
-0.042155 -0.036599 0.050448
-0.042429 -0.038689 0.050214
-0.038383 -0.033410 0.051730
-0.037225 -0.036221 0.051747
-0.038220 -0.040335 0.051855
-0.043965 -0.032393 0.050548
-0.041253 -0.035258 0.051076
-0.037218 -0.028340 0.050965
-0.039088 -0.026665 0.051490
-0.039704 -0.029089 0.051248
-0.033657 -0.028067 0.052055
-0.035516 -0.029952 0.049536
-0.036829 -0.040194 0.051893
-0.033466 -0.030304 0.052025
-0.036742 -0.033993 0.051784
-0.033897 -0.039274 0.052035
-0.044799 -0.033834 0.050626
-0.035026 -0.032244 0.051863
-0.039359 -0.035466 0.051649
-0.034265 -0.030449 0.051808
-0.032271 -0.031003 0.052242
-0.037962 -0.037277 0.051764
-0.043142 -0.032715 0.050400
-0.035348 -0.039839 0.051925
-0.036540 -0.030537 0.049855
-0.042054 -0.029782 0.050227
-0.039587 -0.038205 0.051658
-0.034406 -0.039537 0.051999
-0.038343 -0.030558 0.051145
-0.038017 -0.029170 0.050932
-0.040366 -0.031090 0.051362
-0.033684 -0.030665 0.051989
-0.043039 -0.034989 0.050392
-0.034173 -0.028803 0.051420
-0.036800 -0.027730 0.051202
-0.036721 -0.031202 0.050199
-0.036186 -0.028495 0.050507
-0.039759 -0.034196 0.051568
-0.039540 -0.034812 0.051593
-0.041192 -0.029639 0.050346
-0.034068 -0.038225 0.051961
-0.043655 -0.034522 0.050492
-0.040845 -0.033606 0.051455
-0.039279 -0.038106 0.051694
-0.037193 -0.039516 0.051841
-0.041411 -0.033446 0.050710
-0.044000 -0.031604 0.050583
-0.034945 -0.032936 0.051920
-0.035801 -0.027207 0.051641
-0.032346 -0.038880 0.052123
-0.038643 -0.035639 0.051710
-0.042005 -0.036340 0.050517
-0.045417 -0.033848 0.050615
-0.045809 -0.031277 0.050593
-0.037106 -0.027542 0.051333
-0.045498 -0.038137 0.050594
-0.044248 -0.035702 0.050597
-0.040572 -0.030991 0.051275
-0.043127 -0.032985 0.050400
-0.041236 -0.030643 0.050457
-0.039674 -0.030908 0.051447
-0.038866 -0.039072 0.051751
-0.047122 -0.034748 0.050513
-0.037835 -0.039812 0.051836
-0.038129 -0.034079 0.051787
-0.039252 -0.030526 0.051396
-0.046612 -0.036904 0.050490
-0.038850 -0.033817 0.051690
-0.038659 -0.027267 0.051404
-0.035757 -0.026894 0.051699
-0.035370 -0.030569 0.048875
-0.042412 -0.036869 0.050374
-0.036324 -0.036594 0.051702
-0.034589 -0.035352 0.051903
-0.035366 -0.036991 0.051738
-0.036260 -0.031153 0.049786
-0.043917 -0.035708 0.050562
-0.040076 -0.029214 0.051187
-0.041845 -0.038949 0.050329
-0.034194 -0.035044 0.051956
-0.034248 -0.029296 0.050620
-0.040002 -0.030167 0.051354
-0.039228 -0.037613 0.051701
-0.033467 -0.028991 0.052015
-0.033841 -0.037149 0.051946
-0.034680 -0.030972 0.051734
-0.037818 -0.027418 0.051376
