0.008306 0.094579 0.053514
0.004158 0.100782 0.053822
0.007656 0.096173 0.053506
0.000517 0.093556 0.053290
0.000161 0.098085 0.053862
-0.000257 0.097445 0.053771
-0.002044 0.092267 0.052786
0.001302 0.095313 0.053497
0.001698 0.097184 0.053670
-0.000858 0.091198 0.052875
-0.004345 0.091193 0.052976
0.008439 0.093892 0.053409
0.005027 0.095325 0.053491
0.006127 0.097491 0.053681
-0.001429 0.091314 0.052888
-0.005159 0.091871 0.053072
-0.002392 0.092601 0.052790
-0.002360 0.101487 0.053672
0.006547 0.093217 0.053330
-0.000010 0.094814 0.053395
0.001661 0.101407 0.053552
-0.004197 0.096392 0.053340
0.003480 0.089102 0.053190
-0.004410 0.089705 0.053012
0.001600 0.091222 0.053181
0.004214 0.093860 0.053441
-0.004077 0.092581 0.052934
-0.004090 0.093516 0.052991
-0.005216 0.090031 0.052962
-0.003801 0.098749 0.053717
-0.001654 0.100446 0.053861
-0.004952 0.093913 0.053122
-0.003583 0.093494 0.052929
0.001556 0.091683 0.053216
0.000033 0.090641 0.052966
0.000823 0.096857 0.053683
0.000489 0.087308 0.053038
-0.001891 0.096312 0.053458
0.005889 0.090846 0.053305
0.004713 0.088577 0.053023
0.000225 0.100872 0.053800
0.007810 0.092758 0.053437
-0.000203 0.090272 0.052961
0.001297 0.091678 0.053186
-0.002712 0.088964 0.053038
0.000396 0.098161 0.053874
-0.001828 0.090898 0.052880
0.002590 0.087555 0.053125
-0.002680 0.093817 0.052953
-0.001518 0.097931 0.053632
0.006304 0.090496 0.053214
0.002905 0.089448 0.053174
-0.001109 0.095280 0.053397
0.005587 0.093016 0.053456
-0.002515 0.092136 0.052839
0.002625 0.090031 0.053165
-0.001481 0.101229 0.053763
0.002033 0.097760 0.053714
-0.001264 0.091103 0.052904
0.006456 0.094047 0.053370
-0.001526 0.089021 0.053042
0.005331 0.092743 0.053457
0.001271 0.088926 0.053089
-0.000396 0.098844 0.053954
0.005859 0.092411 0.053451
0.001107 0.098128 0.053767
0.003503 0.093711 0.053450
0.001462 0.088691 0.053093
0.003858 0.091775 0.053304
-0.003665 0.094987 0.053186
-0.003951 0.094296 0.053064
-0.000973 0.095037 0.053363
-0.004630 0.090538 0.053010
0.000812 0.089609 0.053044
-0.003835 0.088581 0.053027
-0.003289 0.091512 0.052868
-0.002445 0.088654 0.053057
0.002100 0.089897 0.053168
-0.001480 0.094447 0.053226
0.001066 0.097727 0.053689
-0.004244 0.097503 0.053437
0.005849 0.098547 0.053887
0.002842 0.097543 0.053658
-0.003406 0.095258 0.053216
0.005782 0.096307 0.053600
-0.003792 0.091971 0.052891
-0.001525 0.088103 0.053088
0.004864 0.099715 0.054058
-0.004700 0.091091 0.053008
-0.001005 0.098342 0.053712
-0.000902 0.099288 0.053996
0.002620 0.088363 0.053151
-0.005324 0.094753 0.053280
-0.002393 0.099994 0.053833
0.007480 0.091519 0.053288
-0.001018 0.101538 0.053723
0.003714 0.089198 0.053216
-0.000463 0.096146 0.053589
0.000962 0.087007 0.053031
0.007862 0.090703 0.053279
0.002557 0.099257 0.053995
0.004288 0.096116 0.053595
-0.001500 0.098624 0.053853
-0.003941 0.089001 0.053011
-0.002811 0.095480 0.053227
-0.003328 0.093291 0.052906
0.003333 0.094808 0.053458
0.000785 0.101221 0.053699
0.002449 0.092598 0.053302
-0.002127 0.097047 0.053553
-0.003973 0.094029 0.053059
-0.000891 0.088694 0.053046
-0.002867 0.101252 0.053694
0.002104 0.095402 0.053455
0.003584 0.088571 0.053145
0.002566 0.093641 0.053429
0.002041 0.095788 0.053493
-0.000070 0.098579 0.053957
0.002550 0.094174 0.053457
-0.002661 0.091434 0.052872
0.004503 0.096934 0.053712
0.007491 0.091295 0.053313
0.005098 0.089875 0.053193
-0.002870 0.088015 0.053029
-0.003639 0.091055 0.052928
0.004779 0.092312 0.053397
-0.000006 0.097758 0.053756
0.008269 0.096540 0.053518
0.007375 0.097069 0.053529
0.007284 0.093674 0.053434
-0.004320 0.094714 0.053175
0.005283 0.092439 0.053474
-0.003239 0.096247 0.053280
0.000807 0.095592 0.053559
0.000167 0.089653 0.053007
0.004116 0.092760 0.053354
-0.003637 0.088835 0.053020
-0.002826 0.091028 0.052853
-0.001560 0.090948 0.052899
-0.001493 0.099800 0.053916
0.001582 0.088121 0.053096
0.001499 0.098433 0.053801
0.000919 0.093215 0.053322
-0.000059 0.101292 0.053745
0.003629 0.093970 0.053457
0.005071 0.094141 0.053369
-0.005093 0.093596 0.053154
0.008232 0.093405 0.053408
0.004547 0.094065 0.053422
0.007929 0.093491 0.053440
-0.001686 0.101490 0.053712
-0.001335 0.100740 0.053828
0.003358 0.097178 0.053702
-0.003761 0.089362 0.053015
0.001108 0.089423 0.053063
-0.004185 0.097824 0.053516
-0.000988 0.099494 0.053960
0.001715 0.093292 0.053357
-0.004375 0.090276 0.053011
-0.000296 0.087503 0.053012
-0.000064 0.088868 0.053040
-0.000648 0.099519 0.053979
0.000409 0.089956 0.053032
-0.002832 0.091696 0.052891
0.000133 0.089814 0.052993
-0.001457 0.089918 0.052961
0.001476 0.087634 0.053032
0.004013 0.100363 0.053911
-0.005554 0.097867 0.053489
-0.003468 0.090115 0.052984
0.002087 0.099373 0.053918
0.004310 0.097999 0.053831
0.007352 0.094514 0.053512
-0.002002 0.101481 0.053700
-0.003234 0.099248 0.053798
-0.002624 0.090507 0.052888
0.007681 0.092960 0.053426
0.004564 0.091623 0.053306
0.002630 0.092874 0.053343
-0.005036 0.098801 0.053682
0.001931 0.093112 0.053343
-0.004059 0.092160 0.052925
0.001880 0.091724 0.053236
0.000773 0.089925 0.053073
-0.005370 0.096987 0.053379
0.004823 0.097417 0.053731
-0.000217 0.091582 0.052987
0.007306 0.095791 0.053531
0.003743 0.096760 0.053641
-0.003393 0.097830 0.053626
0.002057 0.088956 0.053153
0.005030 0.091059 0.053308
-0.003256 0.094241 0.053071
-0.000520 0.087328 0.053018
-0.001269 0.092503 0.052877
-0.001694 0.091208 0.052881
0.001141 0.088456 0.053090
-0.004819 0.096809 0.053370
-0.003092 0.098499 0.053788
0.004350 0.100341 0.053950
0.003496 0.099053 0.054135
0.001830 0.095334 0.053444
-0.004865 0.094148 0.053151
-0.002514 0.095377 0.053217
0.000642 0.095799 0.053578
0.007413 0.094187 0.053526
0.002071 0.093391 0.053383
0.004938 0.093368 0.053449
0.002611 0.097311 0.053674
0.003519 0.088294 0.053164
-0.003477 0.098107 0.053670
0.000494 0.094105 0.053320
-0.004496 0.095504 0.053292
-0.001079 0.089864 0.052963
0.000126 0.094942 0.053409
0.004766 0.098059 0.053972
-0.001237 0.095107 0.053347
0.000008 0.088358 0.053062
0.000921 0.095709 0.053556
0.000611 0.088452 0.053058
0.000610 0.087507 0.053043
0.001959 0.090220 0.053164
-0.001840 0.092060 0.052817
-0.002078 0.094901 0.053226
0.005411 0.089333 0.053102
0.002198 0.092865 0.053330
0.003705 0.094845 0.053449
0.005572 0.094159 0.053357
0.000538 0.098811 0.053987
0.002110 0.092829 0.053324
-0.002338 0.095598 0.053250
0.002581 0.094800 0.053461
0.001350 0.092710 0.053269
0.000180 0.090069 0.053010
-0.005371 0.097336 0.053432
0.002407 0.090368 0.053163
0.008381 0.095416 0.053552
-0.002519 0.096369 0.053379
0.006607 0.097863 0.053703
-0.004519 0.099768 0.053676
0.002911 0.099310 0.054042
0.005044 0.097598 0.053767
-0.005224 0.096807 0.053370
-0.000321 0.097040 0.053782
0.002167 0.093694 0.053421
0.000582 0.092277 0.053222
0.000891 0.093919 0.053347
-0.001162 0.088682 0.053053
0.000286 0.100493 0.053844
-0.000230 0.093830 0.053242
0.006431 0.089836 0.053151
0.003048 0.100449 0.053733
0.000941 0.087924 0.053083
0.001507 0.098872 0.053967
0.001920 0.100593 0.053674
0.000023 0.095978 0.053650
-0.004038 0.093759 0.052998
0.002904 0.091835 0.053299
-0.003077 0.096620 0.053358
0.004050 0.100090 0.053987
0.002740 0.094459 0.053459
-0.001635 0.095740 0.053398
-0.000186 0.093001 0.053167
0.004598 0.099856 0.054061
-0.000620 0.099178 0.054005
-0.002683 0.093491 0.052902
-0.003355 0.096017 0.053260
0.003071 0.094955 0.053479
0.001689 0.094751 0.053463
-0.001301 0.093881 0.053175
0.002213 0.092169 0.053275
-0.005587 0.095925 0.053421
0.005279 0.096663 0.053665
0.002195 0.100942 0.053627
0.006571 0.090021 0.053197
-0.003244 0.092949 0.052865
0.004616 0.094966 0.053462
-0.000126 0.094087 0.053264
0.006555 0.095710 0.053589
0.005405 0.093322 0.053438
0.001745 0.090882 0.053154
0.005890 0.094329 0.053374
0.006244 0.090820 0.053273
0.004720 0.092011 0.053351
0.004892 0.091690 0.053358
-0.001319 0.095669 0.053438
-0.001870 0.097197 0.053552
0.007035 0.093746 0.053406
0.003296 0.090767 0.053213
0.000969 0.092194 0.053171
-0.003045 0.091622 0.052888
0.005476 0.093470 0.053419
-0.001901 0.089326 0.053022
0.001636 0.099507 0.053918
-0.002557 0.100297 0.053814
-0.002760 0.098618 0.053844
0.000915 0.098778 0.053978
0.005303 0.099430 0.053943
-0.003133 0.089839 0.052985
0.004433 0.092298 0.053356
0.005536 0.094602 0.053373
0.002561 0.090201 0.053126
-0.002155 0.097290 0.053655
0.007750 0.091653 0.053340
-0.004693 0.092226 0.053027
0.002509 0.093312 0.053394
0.003001 0.090463 0.053155
0.006134 0.098152 0.053750
0.007252 0.094703 0.053487
0.001448 0.094850 0.053443
0.002184 0.101119 0.053584
0.003111 0.094692 0.053469
0.000647 0.097676 0.053681
-0.005037 0.090603 0.053004
0.001404 0.091974 0.053210
0.000413 0.090492 0.053032
-0.000047 0.092260 0.053146
0.000514 0.090205 0.053056
-0.003708 0.094095 0.053062
0.007237 0.092250 0.053411
-0.000886 0.096576 0.053565
-0.004589 0.092540 0.053022
-0.003425 0.097242 0.053475
0.008581 0.094498 0.053486
-0.005077 0.095237 0.053324
0.003202 0.098501 0.054070
0.008308 0.096273 0.053530
0.005333 0.092145 0.053452
0.002399 0.089803 0.053170
0.004812 0.093969 0.053406
-0.002712 0.098936 0.053858
0.001873 0.096750 0.053701
0.007020 0.089740 0.053223
-0.003916 0.094705 0.053152
0.008275 0.096865 0.053513
0.001705 0.088567 0.053112
0.004742 0.095515 0.053529
-0.002962 0.100755 0.053767
-0.005402 0.096381 0.053407
0.006217 0.089562 0.053125
-0.003004 0.091230 0.052876
-0.004597 0.095814 0.053318
0.002082 0.101236 0.053563
0.000302 0.094779 0.053408
-0.002694 0.100229 0.053813
-0.001936 0.089061 0.053042
-0.004650 0.089421 0.052969
-0.004463 0.097719 0.053487
-0.002613 0.100627 0.053791
0.002156 0.099862 0.053782
0.003542 0.099901 0.053989
0.000521 0.099171 0.053960
0.005756 0.098859 0.053974
0.001066 0.101381 0.053636
-0.000381 0.101075 0.053789
0.000217 0.095423 0.053477
0.005588 0.089812 0.053173
0.006835 0.091977 0.053405
0.002965 0.092157 0.053298
-0.002774 0.100010 0.053821
-0.000640 0.096670 0.053628
-0.000301 0.088687 0.053049
-0.001726 0.090473 0.052921
-0.003325 0.089035 0.053024
0.001251 0.100054 0.053815
0.003156 0.101194 0.053536
0.005202 0.095108 0.053459
0.006243 0.098982 0.053922
0.001533 0.090266 0.053127
-0.004229 0.096742 0.053381
-0.000598 0.101183 0.053779
0.000805 0.092675 0.053306
0.001521 0.088354 0.053075
0.000377 0.095121 0.053456
0.002162 0.097027 0.053656
0.004295 0.088855 0.053116
-0.001322 0.087604 0.053075
-0.001186 0.089053 0.053035
0.002383 0.088960 0.053163
-0.003155 0.097794 0.053657
-0.003440 0.093793 0.052973
-0.000284 0.090637 0.052936
-0.003331 0.098376 0.053726
0.000638 0.094497 0.053401
-0.005709 0.098314 0.053553
0.001397 0.090811 0.053135
-0.004561 0.096148 0.053331
0.007159 0.093505 0.053402
0.000773 0.089145 0.053035
0.000659 0.096529 0.053648
0.003779 0.100540 0.053817
0.003001 0.098717 0.054109
0.002738 0.092426 0.053275
-0.003084 0.092081 0.052842
-0.003131 0.094887 0.053167
0.005804 0.091183 0.053357
0.007342 0.092054 0.053318
0.000657 0.101023 0.053746
0.005038 0.092615 0.053456
-0.002829 0.089335 0.053016
0.007851 0.095989 0.053524
0.006550 0.092909 0.053365
0.001073 0.098952 0.053978
-0.000025 0.087274 0.053003
0.006375 0.098666 0.053869
-0.001057 0.094753 0.053314
0.001896 0.099661 0.053849
0.006735 0.092148 0.053417
-0.002212 0.090205 0.052918
0.006763 0.097345 0.053628
0.001095 0.091887 0.053150
-0.000455 0.093387 0.053162
0.003799 0.101212 0.053632
0.004249 0.090445 0.053299
0.001059 0.096112 0.053644
0.001706 0.091897 0.053227
-0.001154 0.094428 0.053259
-0.003092 0.097612 0.053617
0.002157 0.090859 0.053191
0.004313 0.099618 0.054086
0.003492 0.091590 0.053335
0.001769 0.099304 0.053965
0.007308 0.089777 0.053232
-0.002004 0.098989 0.053936
0.006857 0.098411 0.053785
-0.001924 0.094460 0.053184
-0.000772 0.086955 0.052986
0.000108 0.099339 0.053976
0.003023 0.098921 0.054092
0.003227 0.092048 0.053312
0.007058 0.093100 0.053344
-0.005332 0.092924 0.053141
-0.002975 0.096199 0.053281
0.001660 0.090668 0.053137
0.001857 0.101057 0.053600
-0.001099 0.097371 0.053633
0.005546 0.097046 0.053679
0.003764 0.095842 0.053518
-0.004805 0.091568 0.053034
0.005906 0.095131 0.053452
0.002651 0.095809 0.053465
0.005593 0.090951 0.053307
0.004444 0.097197 0.053770
-0.001147 0.091975 0.052863
0.000477 0.094334 0.053363
0.001282 0.092481 0.053253
0.004048 0.093577 0.053433
0.002953 0.093397 0.053409
-0.002903 0.096455 0.053341
0.001832 0.101277 0.053573
0.000344 0.101384 0.053700
-0.003309 0.091260 0.052886
0.003380 0.088771 0.053171
0.003337 0.088985 0.053182
-0.004384 0.091989 0.052977
0.000528 0.088894 0.053045
0.001086 0.098514 0.053909
0.003841 0.099062 0.054140
-0.000405 0.092761 0.053087
-0.001412 0.098323 0.053742
0.008566 0.096533 0.053536
0.005602 0.089459 0.053124
0.004134 0.090753 0.053308
0.008512 0.094139 0.053431
-0.002312 0.096030 0.053352
0.003505 0.101146 0.053590
0.000423 0.096843 0.053691
0.004243 0.094158 0.053449
0.000376 0.097481 0.053733
-0.001859 0.098272 0.053826
0.007229 0.095489 0.053541
-0.004841 0.093393 0.053090
-0.001209 0.092843 0.052940
-0.005692 0.096343 0.053420
0.005370 0.095215 0.053464
-0.000628 0.088543 0.053045
0.002364 0.088646 0.053166
0.004852 0.098333 0.054033
0.006937 0.097552 0.053619
-0.000318 0.093538 0.053198
0.002887 0.089650 0.053158
0.004685 0.093714 0.053426
-0.004827 0.090870 0.053012
-0.004689 0.094291 0.053128
0.004454 0.095434 0.053520
-0.004245 0.093013 0.052968
0.005013 0.092286 0.053433
0.002671 0.096580 0.053631
-0.004674 0.099062 0.053693
0.003215 0.100652 0.053685
-0.005634 0.097184 0.053408
0.002912 0.088616 0.053150
-0.000366 0.092396 0.053071
-0.001863 0.090203 0.052937
0.002177 0.088364 0.053144
-0.005154 0.092418 0.053094
0.000116 0.093117 0.053187
-0.001699 0.094751 0.053240
-0.004176 0.098133 0.053583
0.000042 0.087525 0.053022
-0.005108 0.094594 0.053246
-0.003369 0.094847 0.053172
-0.000852 0.089007 0.053032
-0.000080 0.098895 0.053987
-0.004817 0.097279 0.053482
-0.002147 0.087841 0.053064
0.000632 0.090739 0.053025
0.007056 0.094506 0.053481
0.000763 0.096066 0.053629
0.007369 0.095235 0.053525
0.004053 0.090230 0.053287
0.004321 0.092852 0.053379
-0.000499 0.091410 0.052906
0.000739 0.098048 0.053771
-0.002170 0.098689 0.053922
-0.004645 0.098452 0.053653
-0.003535 0.093091 0.052898
0.001765 0.087769 0.053044
-0.000086 0.095683 0.053563
-0.001350 0.095368 0.053382
0.000238 0.093417 0.053261
-0.004044 0.094974 0.053191
-0.005086 0.095572 0.053351
0.006556 0.096014 0.053648
0.000615 0.092568 0.053286
-0.000574 0.089583 0.052995
0.006390 0.097902 0.053725
0.005425 0.091381 0.053366
-0.002295 0.099801 0.053841
-0.005456 0.094323 0.053263
-0.001094 0.090541 0.052924
-0.003059 0.099827 0.053814
-0.000370 0.089658 0.052988
-0.004900 0.093095 0.053085
0.006093 0.091771 0.053406
0.003683 0.098440 0.054097
0.008465 0.095822 0.053554
0.001611 0.096414 0.053688
-0.000787 0.096917 0.053669
0.000344 0.095943 0.053649
0.005169 0.100177 0.054011
0.002316 0.087557 0.053077
0.008021 0.096619 0.053512
-0.000766 0.090680 0.052928
0.002316 0.088174 0.053120
-0.000330 0.099098 0.054001
0.005357 0.090867 0.053260
0.001638 0.100308 0.053731
0.001012 0.090774 0.053083
0.000320 0.091554 0.053070
-0.004072 0.089361 0.053009
-0.002189 0.092794 0.052786
0.001689 0.096634 0.053724
0.002919 0.098446 0.054037
-0.003087 0.097104 0.053484
0.004513 0.096054 0.053598
0.003340 0.100284 0.053825
-0.001067 0.092589 0.052948
0.005054 0.096077 0.053587
-0.005211 0.097675 0.053474
-0.003941 0.097846 0.053550
-0.003959 0.099278 0.053743
0.005990 0.094599 0.053396
0.001185 0.095598 0.053542
0.004394 0.091944 0.053311
0.000682 0.092429 0.053252
0.002014 0.092627 0.053297
0.005938 0.097342 0.053679
0.002281 0.090103 0.053170
0.006566 0.092701 0.053363
0.003226 0.100076 0.053882
0.007543 0.090149 0.053247
0.006893 0.095478 0.053539
-0.003831 0.098097 0.053610
0.004500 0.096515 0.053646
0.003294 0.097606 0.053676
0.002463 0.101307 0.053516
-0.002521 0.101209 0.053715
-0.004560 0.094746 0.053198
0.000879 0.098305 0.053883
0.005703 0.099369 0.053977
-0.002277 0.092132 0.052816
-0.004675 0.089995 0.052987
0.003911 0.099583 0.054065
0.007539 0.095891 0.053510
0.001871 0.093811 0.053422
0.007105 0.092530 0.053414
-0.001916 0.100646 0.053828
0.006336 0.092762 0.053372
0.004909 0.088862 0.053038
0.002161 0.098750 0.054041
-0.000283 0.099994 0.053912
-0.002003 0.091343 0.052879
0.007722 0.093670 0.053479
-0.002508 0.097723 0.053735
-0.002095 0.098121 0.053824
0.003128 0.093279 0.053392
-0.002323 0.091821 0.052861
-0.002070 0.091585 0.052857
-0.001175 0.090149 0.052940
0.003865 0.089426 0.053210
0.004351 0.096797 0.053693
-0.000471 0.090385 0.052934
-0.004796 0.097627 0.053483
-0.003819 0.093166 0.052917
-0.000392 0.089890 0.052976
0.005684 0.090177 0.053224
-0.004026 0.097648 0.053482
-0.004764 0.098781 0.053695
-0.001376 0.100023 0.053900
0.001546 0.097567 0.053663
-0.001581 0.098970 0.053947
-0.003223 0.093988 0.052987
0.000925 0.087287 0.053044
0.003226 0.091788 0.053318
-0.003215 0.090690 0.052915
-0.000873 0.097613 0.053677
0.001957 0.100300 0.053729
0.007974 0.091453 0.053329
-0.003653 0.098341 0.053678
0.004039 0.099353 0.054110
0.003535 0.092240 0.053305
0.007219 0.096122 0.053517
0.001286 0.090203 0.053107
0.005045 0.099530 0.054019
-0.005616 0.095312 0.053390
-0.000859 0.096066 0.053554
0.003487 0.091154 0.053327
0.005866 0.098267 0.053837
0.002640 0.088558 0.053158
0.002791 0.090566 0.053174
-0.004360 0.099305 0.053705
0.003312 0.094317 0.053457
0.000616 0.093365 0.053300
-0.002929 0.097882 0.053721
-0.004363 0.096106 0.053323
-0.005089 0.098295 0.053606
-0.002507 0.090729 0.052877
-0.000304 0.092128 0.053046
0.005648 0.098135 0.053842
-0.003594 0.091335 0.052893
0.002638 0.100907 0.053633
0.002186 0.089149 0.053149
0.003877 0.090097 0.053217
0.000363 0.099487 0.053937
0.007413 0.090965 0.053325
0.002277 0.093071 0.053351
0.003974 0.096988 0.053712
0.004125 0.095342 0.053489
0.000596 0.088684 0.053052
0.000223 0.101176 0.053745
0.005144 0.094310 0.053337
-0.000742 0.098681 0.053802
0.008638 0.096130 0.053550
0.007444 0.090426 0.053274
-0.001967 0.087584 0.053059
-0.001135 0.100981 0.053802
0.000638 0.087761 0.053061
-0.004213 0.090581 0.053007
-0.005638 0.098097 0.053526
0.004988 0.092990 0.053462
0.005347 0.090063 0.053199
-0.001194 0.095948 0.053507
0.003877 0.094542 0.053441
0.007738 0.096543 0.053500
0.000842 0.090874 0.053069
0.002105 0.090383 0.053173
0.001032 0.099880 0.053863
-0.004700 0.091091 0.053008
-0.003468 0.099123 0.053762
-0.004907 0.095328 0.053311
0.007812 0.097265 0.053514
0.005887 0.092698 0.053438
-0.001786 0.096565 0.053456
0.006443 0.093820 0.053374
0.007969 0.094510 0.053529
0.000443 0.099983 0.053877
0.000801 0.091697 0.053087
-0.004320 0.092286 0.052973
0.000575 0.098530 0.053968
-0.002119 0.088654 0.053066
-0.002727 0.092653 0.052817
-0.004880 0.095022 0.053270
0.003185 0.092372 0.053300
-0.001044 0.091601 0.052860
-0.001435 0.101502 0.053706
-0.005204 0.094975 0.053310
-0.000000 0.099616 0.053942
0.002998 0.100216 0.053788
0.007534 0.092270 0.053412
-0.004564 0.093478 0.053044
0.004528 0.100577 0.053926
-0.001340 0.092185 0.052850
0.000158 0.095727 0.053603
0.003361 0.093433 0.053417
0.004413 0.097782 0.053838
-0.001961 0.089895 0.052970
-0.001798 0.088757 0.053063
-0.000336 0.094738 0.053373
-0.004485 0.094232 0.053090
0.002696 0.088860 0.053161
0.004476 0.099248 0.054095
-0.002473 0.099553 0.053853
-0.001508 0.095181 0.053326
0.006384 0.098318 0.053796
-0.000856 0.087208 0.053026
0.003624 0.097875 0.053774
-0.000449 0.091240 0.052921
0.001703 0.088817 0.053126
-0.001831 0.091744 0.052859
0.006623 0.094206 0.053409
0.005012 0.098042 0.053943
0.003810 0.090316 0.053255
-0.003625 0.096426 0.053313
0.003404 0.092582 0.053312
0.008195 0.095491 0.053544
0.003627 0.092932 0.053345
0.008735 0.094943 0.053530
0.004383 0.094771 0.053468
-0.000119 0.095367 0.053444
0.001984 0.100856 0.053646
0.003280 0.098814 0.054133
0.004862 0.090624 0.053275
0.005343 0.091894 0.053390
-0.001812 0.097966 0.053683
0.000331 0.088042 0.053064
0.002202 0.097971 0.053736
-0.005532 0.096716 0.053398
-0.001802 0.100263 0.053859
0.004976 0.093723 0.053412
-0.005138 0.096384 0.053389
0.001351 0.094275 0.053412
0.008086 0.092735 0.053436
0.005603 0.092641 0.053473
-0.002516 0.089262 0.053021
-0.000563 0.088977 0.053032
0.007339 0.097652 0.053576
0.003673 0.097455 0.053713
0.003679 0.099673 0.054046
-0.003110 0.098880 0.053803
-0.000634 0.092585 0.053031
-0.000406 0.095786 0.053540
0.006495 0.097155 0.053652
-0.004377 0.092721 0.052990
0.001535 0.089532 0.053086
-0.000044 0.093776 0.053258
-0.000258 0.087081 0.052993
-0.002064 0.091905 0.052845
-0.004359 0.098446 0.053647
0.002327 0.093933 0.053437
-0.003913 0.091356 0.052920
0.004661 0.093070 0.053444
0.002236 0.099579 0.053844
0.001243 0.093367 0.053340
0.005768 0.094661 0.053384
0.004786 0.094313 0.053407
-0.005522 0.093490 0.053218
0.000259 0.099023 0.053991
-0.001695 0.093271 0.052955
-0.004786 0.097143 0.053448
-0.001847 0.095738 0.053357
-0.003551 0.094019 0.053045
0.008646 0.095511 0.053565
0.002674 0.093920 0.053449
-0.003781 0.093776 0.053005
-0.004464 0.094990 0.053221
-0.003612 0.100591 0.053748
0.001051 0.086880 0.053027
-0.005404 0.093778 0.053216
-0.001923 0.093217 0.052906
0.002314 0.089452 0.053168
0.006469 0.094594 0.053435
-0.001027 0.093367 0.053097
0.003258 0.098143 0.053864
0.005708 0.093830 0.053374
-0.001950 0.091120 0.052889
-0.002760 0.096800 0.053439
0.004345 0.098806 0.054116
-0.003247 0.093602 0.052925
0.001589 0.095092 0.053460
0.007229 0.090941 0.053328
-0.004538 0.093592 0.053049
-0.005079 0.089181 0.052994
-0.004283 0.096553 0.053370
0.003524 0.090537 0.053217
-0.001132 0.091757 0.052868
0.000444 0.091890 0.053148
-0.000742 0.087501 0.053031
0.001224 0.091201 0.053156
-0.001024 0.087458 0.053040
-0.002291 0.092407 0.052772
-0.001215 0.093635 0.053142
-0.000739 0.089342 0.053013
-0.001173 0.098621 0.053796
0.002249 0.100508 0.053710
0.003166 0.089815 0.053156
0.004702 0.096715 0.053687
0.004611 0.099540 0.054084
-0.001811 0.095140 0.053284
0.007577 0.096909 0.053508
0.005763 0.094088 0.053365
0.000768 0.100349 0.053815
-0.000627 0.094927 0.053379
-0.000392 0.096504 0.053590
0.006173 0.093627 0.053349
0.002961 0.094144 0.053456
-0.005174 0.093141 0.053120
0.003275 0.092795 0.053329
0.004630 0.089270 0.053137
0.004109 0.092455 0.053328
-0.002212 0.090205 0.052918
0.001887 0.090992 0.053168
-0.002406 0.100879 0.053773
-0.003760 0.091605 0.052888
0.007155 0.092869 0.053350
-0.005737 0.096082 0.053428
0.005475 0.090414 0.053244
0.006235 0.093374 0.053359
0.006032 0.095432 0.053509
-0.000904 0.092772 0.053010
0.000876 0.094563 0.053417
0.006325 0.096207 0.053687
0.004027 0.101058 0.053727
-0.001115 0.094110 0.053225
-0.002892 0.093018 0.052845
-0.003087 0.088199 0.053037
0.002905 0.092783 0.053332
0.002377 0.088034 0.053146
-0.001344 0.100446 0.053862
0.002640 0.088009 0.053155
-0.000658 0.100104 0.053909
0.005386 0.096884 0.053685
-0.000738 0.093883 0.053231
-0.003204 0.100446 0.053783
0.003385 0.095096 0.053470
-0.000500 0.094496 0.053331
0.005275 0.093063 0.053461
-0.004732 0.093719 0.053084
0.001419 0.092874 0.053301
-0.001527 0.093761 0.053124
0.006455 0.091791 0.053419
-0.002856 0.094899 0.053170
0.003854 0.092326 0.053314
-0.004989 0.097499 0.053503
0.004715 0.099006 0.054040
0.005366 0.091063 0.053314
0.004505 0.098287 0.054050
0.003740 0.095176 0.053469
0.002009 0.091515 0.053219
0.006020 0.094898 0.053430
0.004791 0.091317 0.053315
0.000993 0.100164 0.053810
0.006142 0.095140 0.053471
0.000808 0.100622 0.053774
-0.002632 0.087919 0.053040
-0.000528 0.087728 0.053032
0.004526 0.091065 0.053262
0.003370 0.089298 0.053201
0.005084 0.097415 0.053759
-0.001486 0.092565 0.052813
0.004117 0.093305 0.053420
0.001267 0.096484 0.053670
-0.000065 0.098212 0.053870
0.007930 0.095631 0.053529
-0.002712 0.094082 0.053011
0.001079 0.089848 0.053062
0.004798 0.091084 0.053293
0.003894 0.094889 0.053459
0.006907 0.090467 0.053251
0.004965 0.089500 0.053150
0.000900 0.093611 0.053334
-0.001951 0.095951 0.053391
-0.001975 0.090658 0.052902
-0.005447 0.095369 0.053381
-0.004478 0.091675 0.052985
0.001189 0.095904 0.053591
-0.004310 0.094004 0.053051
0.003569 0.089800 0.053164
0.006508 0.095409 0.053533
0.007223 0.097945 0.053642
0.005882 0.089129 0.053082
-0.002387 0.093929 0.053016
0.001594 0.090948 0.053155
0.003675 0.099328 0.054101
0.002443 0.099985 0.053768
0.003054 0.092946 0.053344
-0.001147 0.089537 0.052991
-0.001107 0.100616 0.053838
0.003393 0.093083 0.053364
-0.003868 0.096838 0.053374
-0.002017 0.093874 0.053042
-0.002754 0.097543 0.053670
-0.001775 0.089600 0.052999
0.004001 0.091956 0.053296
0.002432 0.097650 0.053710
0.003231 0.090372 0.053162
-0.003657 0.092749 0.052887
-0.002681 0.096572 0.053397
0.007417 0.094842 0.053510
0.001425 0.089975 0.053111
0.004643 0.098508 0.054085
-0.003968 0.091080 0.052954
0.003785 0.088613 0.053165
-0.000302 0.098035 0.053745
0.006016 0.090311 0.053226
0.002624 0.096155 0.053566
0.000797 0.094227 0.053368
0.001502 0.087863 0.053072
0.005760 0.095502 0.053499
0.000623 0.093096 0.053315
-0.001013 0.092326 0.052919
0.007995 0.096365 0.053492
0.003961 0.095091 0.053448
-0.002773 0.097254 0.053584
0.003898 0.089584 0.053198
0.000111 0.091115 0.052988
0.000630 0.089429 0.052998
0.004595 0.089671 0.053207
0.007207 0.093287 0.053378
0.001693 0.099050 0.054008
0.005124 0.096328 0.053625
0.004682 0.100385 0.053979
-0.000257 0.086703 0.052981
0.007210 0.090035 0.053237
0.001339 0.088567 0.053094
-0.001400 0.094970 0.053301
-0.003899 0.096340 0.053318
-0.001865 0.091481 0.052861
0.004224 0.091036 0.053282
0.006318 0.094180 0.053388
0.004073 0.096323 0.053579
-0.004875 0.092544 0.053045
-0.004577 0.093968 0.053061
0.006099 0.096858 0.053677
0.002350 0.098529 0.054017
-0.002862 0.088328 0.053034
0.000344 0.093137 0.053242
0.007156 0.090380 0.053256
-0.003278 0.098028 0.053677
0.000301 0.092260 0.053219
0.007622 0.093276 0.053438
0.004128 0.089228 0.053191
0.004372 0.093655 0.053435
0.000150 0.100146 0.053884
0.003313 0.100916 0.053623
-0.004634 0.089706 0.053006
-0.002895 0.100403 0.053798
0.007957 0.093317 0.053433
-0.001225 0.088451 0.053065
0.001334 0.090523 0.053107
0.007046 0.095953 0.053524
-0.004855 0.094870 0.053248
0.006779 0.091672 0.053366
0.004864 0.090076 0.053237
0.001332 0.089674 0.053085
-0.002295 0.090593 0.052884
-0.002292 0.095238 0.053231
-0.000765 0.092078 0.052924
0.004305 0.099953 0.054039
0.003406 0.095431 0.053480
0.008784 0.095825 0.053574
0.005558 0.098623 0.053970
0.004742 0.096355 0.053649
-0.003152 0.090321 0.052930
0.006173 0.091041 0.053337
-0.004160 0.094525 0.053123
-0.001098 0.088074 0.053068
0.000013 0.099888 0.053906
0.006908 0.094239 0.053428
0.000049 0.086599 0.052962
-0.001011 0.087721 0.053062
0.001258 0.098989 0.053983
0.002800 0.096801 0.053636
0.006780 0.091384 0.053369
0.002241 0.099177 0.053993
0.007524 0.096113 0.053518
-0.003087 0.097371 0.053568
0.006979 0.092310 0.053418
-0.000561 0.100794 0.053836
-0.004982 0.090298 0.052991
0.004227 0.097387 0.053786
0.002899 0.100725 0.053666
0.002423 0.101102 0.053578
0.000474 0.089721 0.053032
0.002043 0.092020 0.053259
0.002588 0.100534 0.053712
-0.005338 0.095260 0.053360
0.006742 0.094007 0.053405
0.000933 0.090308 0.053037
0.007120 0.095236 0.053515
-0.003276 0.092349 0.052842
0.003213 0.089495 0.053168
0.000176 0.088678 0.053054
0.004851 0.090350 0.053263
0.001352 0.093591 0.053368
0.005062 0.099165 0.053944
-0.001828 0.101206 0.053758
-0.000719 0.094608 0.053332
0.000124 0.091702 0.053079
0.000900 0.093462 0.053310
-0.002599 0.089565 0.052993
-0.003858 0.090757 0.052977
0.004571 0.090459 0.053285
-0.002793 0.092326 0.052842
0.006752 0.093140 0.053331
-0.003500 0.095674 0.053263
-0.000268 0.100698 0.053839
-0.004690 0.099405 0.053678
0.000140 0.096164 0.053664
0.006493 0.090268 0.053191
-0.000337 0.095160 0.053424
0.005596 0.099086 0.053970
0.005737 0.091476 0.053394
0.000536 0.101261 0.053717
-0.003590 0.100328 0.053750
-0.002152 0.094209 0.053110
0.006842 0.096315 0.053575
-0.003090 0.099490 0.053812
0.002779 0.101136 0.053549
0.006328 0.095340 0.053515
0.002009 0.088631 0.053150
0.003168 0.099462 0.054054
0.003814 0.099906 0.054010
0.000675 0.097253 0.053703
-0.001534 0.100948 0.053792
-0.000745 0.087944 0.053050
-0.003019 0.093302 0.052871
0.005891 0.093564 0.053386
0.004383 0.093123 0.053411
0.007143 0.097448 0.053585
0.000443 0.091114 0.053029
0.002841 0.100403 0.053740
-0.001777 0.092472 0.052796
0.002414 0.095629 0.053435
0.007292 0.091785 0.053259
0.003787 0.091462 0.053331
0.001883 0.094445 0.053463
-0.000327 0.099417 0.053987
-0.001841 0.098693 0.053923
-0.001371 0.091681 0.052874
-0.005130 0.097382 0.053481
0.001042 0.097183 0.053685
0.003886 0.098254 0.054021
-0.000538 0.092971 0.053110
-0.004243 0.097041 0.053390
-0.002185 0.093706 0.052982
-0.004487 0.099557 0.053664
-0.000446 0.091929 0.052972
-0.001847 0.092910 0.052846
0.003084 0.089230 0.053151
0.004803 0.095183 0.053453
-0.002722 0.100935 0.053752
0.000360 0.098542 0.053975
0.001342 0.096158 0.053642
0.002004 0.089624 0.053150
0.000851 0.099664 0.053906
-0.000981 0.093695 0.053181
0.003498 0.100502 0.053779
-0.003962 0.090407 0.053006
0.002948 0.090824 0.053229
0.002891 0.095757 0.053427
-0.002909 0.097734 0.053684
-0.001304 0.096455 0.053537
-0.003933 0.097068 0.053412
0.002935 0.088258 0.053150
-0.001135 0.093067 0.053015
0.001135 0.090347 0.053098
0.000375 0.097885 0.053744
-0.001617 0.100705 0.053833
0.003086 0.096114 0.053533
0.001937 0.089303 0.053148
0.002646 0.098501 0.054027
-0.004818 0.098015 0.053481
-0.002304 0.094678 0.053172
-0.004431 0.096362 0.053345
0.007982 0.092907 0.053434
-0.000985 0.100418 0.053854
-0.003518 0.089771 0.053007
0.005886 0.090019 0.053196
-0.001882 0.094122 0.053128
0.002002 0.100041 0.053753
-0.004854 0.089481 0.052997
0.001146 0.087078 0.053029
0.000354 0.089473 0.053021
-0.001560 0.087835 0.053091
0.004181 0.089640 0.053236
-0.000913 0.101247 0.053769
0.001962 0.095048 0.053469
-0.000565 0.086668 0.052979
-0.001194 0.087257 0.053046
0.001207 0.094748 0.053443
-0.002054 0.092614 0.052791
0.005744 0.094872 0.053405
0.006250 0.093024 0.053392
0.002213 0.096649 0.053647
0.007114 0.096445 0.053534
0.000868 0.095131 0.053489
-0.005392 0.098894 0.053642
0.003475 0.096531 0.053597
0.004027 0.101310 0.053674
-0.005046 0.097078 0.053419
-0.004786 0.097384 0.053478
-0.005760 0.097568 0.053444
0.003152 0.095969 0.053522
0.000590 0.091642 0.053086
0.006394 0.097556 0.053668
-0.003174 0.090042 0.052965
0.001657 0.100834 0.053639
-0.004590 0.091786 0.052995
0.004826 0.096114 0.053620
-0.000224 0.092540 0.053133
0.003540 0.091919 0.053312
0.000671 0.091052 0.053030
-0.003175 0.095519 0.053232
0.003464 0.096033 0.053526
0.003639 0.088903 0.053193
0.001029 0.101140 0.053679
0.002810 0.100586 0.053714
0.005097 0.091977 0.053406
-0.002902 0.093915 0.052968
0.001693 0.089496 0.053118
-0.004490 0.093186 0.053013
0.005439 0.093713 0.053370
0.003074 0.099626 0.053983
0.007857 0.092284 0.053424
-0.000039 0.094301 0.053315
0.004435 0.090753 0.053288
-0.004034 0.098548 0.053680
0.001197 0.095064 0.053474
0.000193 0.094032 0.053292
0.006452 0.091558 0.053404
0.002998 0.091641 0.053280
0.001387 0.091428 0.053189
0.005136 0.094520 0.053380
0.006159 0.094357 0.053389
0.008339 0.093671 0.053402
0.005330 0.098205 0.053931
0.006603 0.098091 0.053751
0.004382 0.089424 0.053188
0.004294 0.092483 0.053346
-0.004101 0.088705 0.053011
0.000353 0.095603 0.053573
0.002325 0.100767 0.053671
-0.000170 0.100266 0.053882
-0.002155 0.096522 0.053437
0.003964 0.092923 0.053371
0.006602 0.090634 0.053274
-0.002201 0.099560 0.053871
0.002856 0.089200 0.053155
0.003671 0.100947 0.053671
0.003649 0.090843 0.053309
0.001848 0.098729 0.053960
0.004512 0.088552 0.053050
-0.004585 0.097046 0.053417
0.005384 0.088990 0.053040
-0.004311 0.093419 0.052997
0.001291 0.100930 0.053666
0.003788 0.088185 0.053152
0.005594 0.091176 0.053334
-0.000083 0.100971 0.053797
-0.000256 0.095960 0.053609
-0.001545 0.099232 0.053952
0.003030 0.088870 0.053156
0.004537 0.097929 0.053916
-0.000017 0.100595 0.053842
0.003440 0.098381 0.054044
-0.004945 0.091129 0.053022
0.007344 0.093055 0.053365
0.006748 0.094959 0.053490
0.005792 0.097116 0.053673
-0.004547 0.097464 0.053456
0.003920 0.094213 0.053446
0.000996 0.096428 0.053648
0.001881 0.088261 0.053124
0.003802 0.096076 0.053543
-0.000662 0.093386 0.053130
-0.003496 0.097556 0.053548
0.000673 0.094791 0.053420
0.003689 0.093408 0.053420
0.000996 0.095346 0.053518
-0.002799 0.095219 0.053199
0.001206 0.093789 0.053363
0.003568 0.097014 0.053704
-0.001136 0.097098 0.053615
0.002749 0.098789 0.054077
-0.004769 0.089251 0.052990
0.003744 0.098748 0.054145
0.006554 0.096324 0.053668
0.002364 0.095943 0.053497
0.007740 0.091247 0.053333
-0.004982 0.090298 0.052991
-0.002162 0.097519 0.053705
-0.003807 0.097606 0.053513
-0.002583 0.093186 0.052844
0.002173 0.091804 0.053254
0.000126 0.090308 0.052997
0.001844 0.092863 0.053316
0.002718 0.092164 0.053296
0.007334 0.092499 0.053435
0.002615 0.090945 0.053237
0.001338 0.089315 0.053089
0.000350 0.087068 0.053001
0.006020 0.090545 0.053245
-0.002253 0.094449 0.053120
0.007671 0.092535 0.053443
-0.003584 0.094331 0.053095
0.000532 0.086752 0.052995
0.005124 0.098206 0.053968
0.003618 0.098184 0.053958
0.003887 0.090575 0.053306
-0.003657 0.099361 0.053773
0.000263 0.099749 0.053918
-0.005335 0.091346 0.053058
-0.002545 0.091101 0.052865
-0.004995 0.091348 0.053041
-0.003353 0.096487 0.053311
-0.005360 0.092599 0.053142
0.006430 0.091274 0.053384
-0.000599 0.094253 0.053283
0.001139 0.089671 0.053073
-0.001530 0.096620 0.053500
0.004927 0.099999 0.054033
-0.002087 0.093429 0.052930
-0.002542 0.099207 0.053872
0.003475 0.096531 0.053597
-0.005102 0.096194 0.053368
0.004493 0.092795 0.053401
0.002961 0.100004 0.053839
0.005109 0.094959 0.053437
0.002927 0.096032 0.053523
0.000927 0.097452 0.053667
0.001368 0.101454 0.053581
-0.002958 0.095991 0.053251
0.005879 0.092908 0.053437
0.006460 0.092170 0.053406
0.005086 0.099761 0.054043
-0.001233 0.098007 0.053661
0.006628 0.091924 0.053420
0.000184 0.088998 0.053042
-0.001894 0.099269 0.053927
0.001968 0.090650 0.053160
0.001178 0.093080 0.053335
0.005783 0.096882 0.053664
-0.001971 0.097393 0.053651
-0.004687 0.095170 0.053271
-0.002220 0.093087 0.052855
-0.002528 0.094522 0.053104
-0.000735 0.089970 0.052974
-0.002682 0.099748 0.053834
0.000328 0.088381 0.053058
-0.000340 0.099723 0.053935
0.002101 0.092393 0.053277
0.000340 0.093773 0.053289
0.004572 0.098789 0.054099
-0.003543 0.100114 0.053769
0.004098 0.088498 0.053123
0.002498 0.098949 0.054062
0.005684 0.095144 0.053443
-0.003068 0.088930 0.053029
-0.005112 0.093855 0.053161
0.008104 0.091896 0.053350
0.004781 0.099344 0.054045
-0.005459 0.093235 0.053192
0.002802 0.099042 0.054072
0.004014 0.097245 0.053765
0.007724 0.094813 0.053529
-0.000689 0.098946 0.053957
0.007241 0.093900 0.053478
0.000845 0.089357 0.053021
0.006496 0.093585 0.053320
0.002793 0.095536 0.053398
0.002860 0.091133 0.053273
-0.000289 0.087888 0.053032
0.007992 0.093970 0.053469
0.005112 0.091567 0.053367
0.002898 0.092517 0.053308
-0.002028 0.100340 0.053838
0.001010 0.092612 0.053280
0.000164 0.094597 0.053376
0.007441 0.090690 0.053304
0.005056 0.093945 0.053368
0.001468 0.100812 0.053660
0.003932 0.090961 0.053325
0.005535 0.096082 0.053543
0.005241 0.098899 0.053972
-0.001826 0.093910 0.053099
-0.003799 0.095910 0.053292
0.001450 0.101183 0.053616
0.006824 0.092565 0.053374
0.000920 0.088704 0.053067
0.002811 0.098231 0.053857
0.001771 0.089960 0.053140
0.005971 0.089333 0.053105
-0.002391 0.096756 0.053471
0.005934 0.093199 0.053426
0.005149 0.099898 0.054033
0.001368 0.094022 0.053393
0.004380 0.090041 0.053268
0.000805 0.087449 0.053051
0.006444 0.096906 0.053666
-0.005544 0.098545 0.053608
0.000703 0.099383 0.053944
-0.002452 0.089887 0.052956
-0.001820 0.087766 0.053086
-0.001245 0.093267 0.053045
-0.003682 0.095399 0.053232
0.002015 0.098280 0.053815
-0.001227 0.099194 0.053977
0.002857 0.095239 0.053463
0.004845 0.097746 0.053855
0.006126 0.098534 0.053854
-0.002588 0.091767 0.052870
0.005331 0.091222 0.053326
0.005262 0.095586 0.053488
0.006737 0.093760 0.053378
-0.002660 0.097890 0.053766
0.003265 0.099918 0.053940
-0.004561 0.096594 0.053352
-0.004130 0.099636 0.053716
0.003276 0.091289 0.053319
-0.000182 0.094999 0.053400
0.005562 0.095788 0.053493
0.007050 0.094871 0.053496
-0.001276 0.090782 0.052914
-0.002842 0.089932 0.052953
0.006696 0.091167 0.053368
-0.004855 0.089034 0.053008
-0.000541 0.095600 0.053505
-0.002166 0.089571 0.053001
-0.003993 0.095585 0.053281
-0.003503 0.088452 0.053031
0.006840 0.090756 0.053314
-0.002762 0.099436 0.053839
0.001643 0.094115 0.053433
-0.002762 0.099436 0.053839
0.000568 0.099702 0.053911
0.000880 0.090196 0.053078
0.007282 0.091204 0.053316
-0.000032 0.094557 0.053359
0.002982 0.100951 0.053600
-0.001498 0.089305 0.053020
0.004207 0.096647 0.053652
0.004082 0.091338 0.053296
-0.003039 0.094482 0.053079
-0.004927 0.097289 0.053485
0.004559 0.094520 0.053449
-0.004932 0.089855 0.052993
0.001951 0.092149 0.053260
0.003171 0.091077 0.053297
-0.000778 0.097266 0.053697
-0.005167 0.096583 0.053385
-0.001749 0.098461 0.053863
-0.005060 0.092758 0.053093
-0.001078 0.095574 0.053465
-0.000188 0.096859 0.053743
0.008008 0.092544 0.053434
0.003482 0.098668 0.054109
0.004168 0.094523 0.053460
0.002364 0.093506 0.053415
0.001585 0.095836 0.053559
0.003988 0.089876 0.053241
-0.005095 0.098122 0.053488
-0.003697 0.099025 0.053739
0.005794 0.091819 0.053410
0.005455 0.097915 0.053849
-0.001754 0.093623 0.053043
0.000399 0.089221 0.053026
0.006293 0.097314 0.053667
-0.004760 0.091837 0.053025
-0.001662 0.091532 0.052874
-0.002509 0.090239 0.052912
0.001233 0.087664 0.053054
-0.004300 0.094341 0.053100
-0.005124 0.090927 0.053017
-0.001535 0.096409 0.053502
0.005388 0.099183 0.053867
0.005673 0.093308 0.053432
0.004518 0.097530 0.053805
0.001667 0.089067 0.053122
-0.000493 0.097714 0.053688
-0.002308 0.088340 0.053074
0.004083 0.098502 0.054112
0.006988 0.097777 0.053643
-0.002831 0.094675 0.053123
-0.001336 0.099500 0.053949
0.004777 0.095866 0.053574
-0.002710 0.088571 0.053043
-0.000473 0.093742 0.053227
-0.000840 0.095743 0.053514
0.001111 0.090931 0.053119
-0.001197 0.100193 0.053887
0.006782 0.096951 0.053625
-0.000405 0.092761 0.053087
-0.002482 0.094225 0.053072
0.007775 0.095383 0.053516
-0.001593 0.092221 0.052792
-0.003744 0.097123 0.053429
0.001240 0.098758 0.053950
0.001852 0.088390 0.053104
-0.002294 0.088977 0.053044
0.000234 0.086820 0.052967
-0.001575 0.087252 0.053038
0.001383 0.091091 0.053160
0.002088 0.087819 0.053114
-0.000303 0.095538 0.053496
-0.000869 0.099777 0.053937
-0.003537 0.092214 0.052852
-0.002951 0.099602 0.053819
-0.000339 0.101404 0.053737
-0.005216 0.093354 0.053164
-0.000215 0.091011 0.052933
-0.003484 0.094587 0.053120
0.000268 0.097202 0.053787
0.006089 0.093923 0.053375
0.003130 0.095677 0.053478
-0.002668 0.096087 0.053310
-0.001287 0.098904 0.053930
-0.002199 0.089892 0.052968
0.004082 0.092203 0.053314
0.006689 0.092362 0.053356
0.002892 0.099482 0.053986
0.007413 0.097347 0.053539
-0.001665 0.099430 0.053920
-0.002276 0.099304 0.053892
-0.003046 0.092663 0.052842
-0.002692 0.098130 0.053818
0.000343 0.087633 0.053046
0.002166 0.098528 0.053950
-0.004375 0.089459 0.053006
-0.000042 0.092733 0.053176
-0.004341 0.093763 0.053039
-0.003808 0.090067 0.053009
-0.004097 0.093175 0.052942
-0.002959 0.099226 0.053826
-0.003277 0.094543 0.053128
-0.002246 0.096295 0.053405
-0.003668 0.089079 0.053019
-0.000841 0.098018 0.053687
0.005547 0.092339 0.053483
-0.001620 0.095890 0.053429
-0.004038 0.095844 0.053303
0.001956 0.088077 0.053116
0.001673 0.100010 0.053796
-0.003995 0.092856 0.052922
-0.003358 0.088663 0.053029
-0.002682 0.089783 0.052970
0.003054 0.091308 0.053312
0.002883 0.087885 0.053158
-0.004012 0.095282 0.053233
0.002460 0.100176 0.053756
-0.001019 0.089320 0.053009
0.000603 0.093848 0.053324
0.003777 0.091156 0.053341
0.001587 0.089739 0.053083
-0.000486 0.097192 0.053724
0.006023 0.095782 0.053573
-0.002517 0.092887 0.052808
0.001234 0.088185 0.053098
0.000073 0.091385 0.053011
-0.003075 0.092236 0.052837
0.001601 0.092588 0.053270
-0.005063 0.089484 0.052977
-0.000855 0.095341 0.053442
0.000441 0.094588 0.053389
0.002737 0.087720 0.053152
0.001327 0.100354 0.053746
0.005193 0.098494 0.054004
-0.004059 0.091797 0.052924
0.001618 0.096763 0.053689
-0.004022 0.096547 0.053359
0.007021 0.093377 0.053357
-0.002238 0.090433 0.052866
0.002874 0.094801 0.053466
-0.001795 0.100945 0.053798
-0.001673 0.099609 0.053918
0.002998 0.096870 0.053661
0.005475 0.098818 0.054000
-0.002610 0.095758 0.053263
0.007549 0.095097 0.053510
0.000877 0.092897 0.053332
-0.001518 0.100177 0.053882
0.007824 0.096246 0.053510
0.004569 0.088992 0.053090
-0.002807 0.092012 0.052867
-0.002978 0.090556 0.052898
0.008033 0.092086 0.053384
0.006029 0.099271 0.053984
-0.005243 0.090278 0.052975
-0.001359 0.097642 0.053612
-0.000650 0.098360 0.053726
0.000504 0.100283 0.053841
0.002818 0.101305 0.053505
-0.003992 0.096103 0.053294
0.002995 0.094444 0.053454
0.004964 0.095636 0.053531
-0.002073 0.100000 0.053852
0.001580 0.100600 0.053685
0.005306 0.099764 0.054020
-0.002973 0.095151 0.053191
0.001137 0.100727 0.053709
-0.004821 0.096393 0.053335
0.004570 0.090218 0.053254
0.006111 0.092696 0.053372
-0.001127 0.091340 0.052889
0.001317 0.092189 0.053206
-0.002799 0.090800 0.052873
-0.000470 0.096854 0.053708
-0.000141 0.100780 0.053824
-0.000809 0.100562 0.053865
-0.004854 0.098231 0.053583
0.007181 0.092666 0.053369
0.000132 0.089325 0.053025
0.002503 0.092315 0.053287
0.005935 0.093945 0.053376
-0.002355 0.091454 0.052875
0.004969 0.090798 0.053267
0.008119 0.094855 0.053539
0.002646 0.100726 0.053689
0.002853 0.091513 0.053289
0.001083 0.099570 0.053916
-0.001670 0.089836 0.052967
0.006107 0.091505 0.053404
-0.002136 0.098425 0.053900
-0.005726 0.096979 0.053433
-0.001511 0.096951 0.053520
0.003765 0.093686 0.053450
-0.001534 0.088387 0.053081
0.001603 0.094432 0.053448
0.005793 0.095957 0.053576
-0.000381 0.093256 0.053173
0.004882 0.100281 0.054007
0.000008 0.090915 0.052933
-0.002628 0.096944 0.053498
-0.001309 0.088208 0.053076
0.003707 0.097194 0.053734
-0.002250 0.089304 0.053022
-0.001518 0.096114 0.053481
0.002472 0.095330 0.053451
0.007082 0.095708 0.053539
0.005463 0.096373 0.053567
0.001925 0.097987 0.053724
0.001078 0.088974 0.053067
-0.002386 0.093455 0.052901
-0.005306 0.090740 0.053007
0.004712 0.090925 0.053284
-0.004425 0.096858 0.053395
0.002260 0.094630 0.053476
0.000556 0.100724 0.053796
0.000703 0.095053 0.053470
0.004158 0.100558 0.053870
0.007382 0.093506 0.053449
0.005764 0.096646 0.053657
0.001152 0.092779 0.053310
0.001833 0.087352 0.053024
-0.003370 0.088250 0.053036
0.007037 0.091953 0.053346
0.006042 0.096480 0.053658
0.000767 0.098545 0.053961
0.000194 0.098368 0.053953
0.005955 0.097992 0.053763
0.007610 0.097475 0.053529
0.007614 0.091013 0.053318
-0.004942 0.091737 0.053032
-0.004414 0.098734 0.053692
-0.003434 0.096987 0.053410
-0.003562 0.096766 0.053362
0.000517 0.092845 0.053296
0.001890 0.091269 0.053199
0.001839 0.096560 0.053707
0.000725 0.091923 0.053121
-0.001770 0.099950 0.053886
-0.000830 0.091753 0.052894
0.001783 0.097539 0.053689
0.001364 0.100598 0.053701
0.007946 0.097087 0.053509
0.003740 0.092621 0.053330
-0.002853 0.090248 0.052920
-0.003455 0.089331 0.053019
-0.000052 0.093266 0.053221
0.006072 0.096216 0.053655
-0.003502 0.090727 0.052947
0.007450 0.093830 0.053501
-0.004655 0.094575 0.053189
0.005328 0.096162 0.053545
-0.002964 0.089645 0.052992
0.003880 0.100785 0.053759
-0.002908 0.091478 0.052883
-0.004315 0.089175 0.052990
0.001901 0.094091 0.053445
0.003726 0.100266 0.053903
0.005164 0.097833 0.053863
0.006144 0.097791 0.053717
0.005632 0.097227 0.053681
0.005825 0.091664 0.053405
-0.003976 0.098959 0.053724
0.005562 0.097507 0.053746
-0.000569 0.095899 0.053566
0.000129 0.092524 0.053213
0.006276 0.092003 0.053434
0.003904 0.092135 0.053304
0.002665 0.089543 0.053181
0.001259 0.087886 0.053083
0.002130 0.097407 0.053706
0.007745 0.090433 0.053264
0.000183 0.092936 0.053217
-0.000557 0.087013 0.052999
0.006240 0.090114 0.053176
-0.004973 0.092117 0.053050
0.006086 0.089866 0.053151
-0.000700 0.090332 0.052951
-0.001509 0.093159 0.052966
0.003326 0.096799 0.053657
-0.003445 0.090371 0.052964
-0.001535 0.095423 0.053362
0.005963 0.092061 0.053440
-0.002521 0.092373 0.052815
-0.004289 0.099019 0.053715
0.000465 0.101019 0.053764
0.004407 0.098573 0.054110
0.002306 0.090644 0.053183
0.004696 0.089911 0.053226
0.000196 0.098696 0.053986
0.007485 0.092748 0.053413
0.000893 0.100877 0.053732
-0.004152 0.089770 0.053013
0.002361 0.096277 0.053601
0.000086 0.096961 0.053769
-0.000838 0.100895 0.053824
-0.000316 0.088297 0.053054
0.007694 0.091939 0.053333
0.003299 0.090113 0.053157
-0.002063 0.095355 0.053266
0.006113 0.097084 0.053659
-0.000544 0.098121 0.053701
-0.002326 0.100319 0.053820
0.007519 0.095556 0.053525
-0.001144 0.096259 0.053534
0.005232 0.093579 0.053417
0.005077 0.089219 0.053100
0.006859 0.098132 0.053731
0.002279 0.100208 0.053743
-0.000656 0.101481 0.053731
0.007630 0.094498 0.053533
0.000462 0.091429 0.053062
0.001977 0.099057 0.054013
0.003305 0.099329 0.054098
-0.005413 0.096078 0.053391
0.008548 0.094755 0.053518
0.006881 0.089997 0.053233
0.003279 0.094012 0.053460
-0.003493 0.091625 0.052863
0.000029 0.096607 0.053628
0.002631 0.099507 0.053921
-0.000507 0.091655 0.052919
0.006837 0.092863 0.053356
-0.005347 0.094003 0.053219
0.003951 0.093854 0.053451
0.006652 0.096653 0.053651
0.005216 0.090680 0.053259
0.002491 0.091326 0.053236
0.005504 0.098368 0.053929
0.002489 0.099681 0.053837
0.006725 0.097592 0.053645
0.001144 0.094075 0.053342
0.006040 0.091295 0.053351
0.002797 0.090073 0.053164
0.000789 0.099012 0.053975
-0.000621 0.088211 0.053049
0.003556 0.100764 0.053698
-0.002186 0.101244 0.053729
0.000028 0.087942 0.053051
0.002441 0.098717 0.054076
0.002263 0.091510 0.053245
0.000036 0.093475 0.053256
0.004822 0.097016 0.053716
-0.000645 0.095133 0.053415
0.006775 0.094731 0.053474
-0.003506 0.097650 0.053569
-0.005242 0.097988 0.053460
0.000995 0.087626 0.053046
-0.003191 0.100139 0.053798
-0.000339 0.098467 0.053817
-0.003026 0.088588 0.053033
-0.002091 0.095677 0.053320
-0.004447 0.090864 0.053002
-0.004621 0.091342 0.053005
0.003392 0.099637 0.054038
-0.001604 0.094070 0.053168
0.002148 0.094246 0.053457
-0.004111 0.098298 0.053626
-0.002225 0.100636 0.053809
-0.000548 0.097450 0.053724
0.002962 0.096449 0.053615
0.005615 0.090638 0.053240
-0.001229 0.101388 0.053740
-0.000180 0.091300 0.052969
0.006678 0.098324 0.053780
0.001576 0.089288 0.053111
-0.003091 0.091814 0.052869
0.006716 0.096143 0.053625
0.002043 0.087526 0.053064
-0.003843 0.092372 0.052890
0.003140 0.088045 0.053155
0.004659 0.097216 0.053746
-0.000926 0.090283 0.052949
0.005075 0.097070 0.053727
-0.004421 0.098018 0.053534
0.002965 0.093748 0.053446
0.003554 0.090232 0.053183
-0.001008 0.090924 0.052914
0.005657 0.092072 0.053450
-0.003238 0.095798 0.053258
0.001688 0.093588 0.053389
-0.005811 0.097917 0.053502
-0.004278 0.099907 0.053690
-0.003323 0.099804 0.053800
0.006741 0.093494 0.053316
-0.005558 0.095634 0.053411
-0.000445 0.090866 0.052912
-0.004261 0.088952 0.053000
0.003560 0.100104 0.053934
0.005327 0.094764 0.053401
0.002043 0.094746 0.053482
0.002207 0.088024 0.053140
0.002680 0.090415 0.053137
0.003044 0.098331 0.053979
-0.003400 0.092595 0.052858
0.006542 0.089523 0.053149
-0.005327 0.092202 0.053115
0.002387 0.092135 0.053284
-0.003709 0.097839 0.053583
0.007066 0.097158 0.053586
-0.000871 0.094351 0.053280
0.001352 0.099499 0.053926
-0.004259 0.095770 0.053297
-0.005241 0.091129 0.053033
-0.001219 0.087917 0.053075
-0.002887 0.093532 0.052903
0.000729 0.100028 0.053860
0.006966 0.096720 0.053583
0.000105 0.093697 0.053277
-0.000088 0.089159 0.053025
0.007874 0.095118 0.053528
0.001518 0.093817 0.053392
-0.003824 0.089698 0.053010
0.005273 0.097600 0.053802
-0.005336 0.095757 0.053384
0.007408 0.096424 0.053513
0.002276 0.095007 0.053478
0.001700 0.092278 0.053255
-0.003556 0.098816 0.053742
0.002827 0.091278 0.053257
0.001441 0.099769 0.053869
-0.005200 0.098527 0.053654
0.006333 0.094946 0.053456
0.005718 0.097792 0.053771
-0.003699 0.099719 0.053775
-0.000097 0.096251 0.053610
-0.004658 0.092867 0.053037
0.000558 0.098334 0.053926
0.000532 0.095683 0.053593
0.008529 0.095124 0.053542
-0.001524 0.088629 0.053066
0.007004 0.091278 0.053344
0.004079 0.096827 0.053681
0.006730 0.090247 0.053229
0.003806 0.093151 0.053396
0.000394 0.092566 0.053264
0.007507 0.094687 0.053505
-0.002330 0.098932 0.053904
-0.000895 0.100210 0.053899
-0.002177 0.090983 0.052884
0.002632 0.090676 0.053203
-0.004004 0.099852 0.053742
-0.001943 0.088073 0.053092
-0.003352 0.098795 0.053764
0.004688 0.092645 0.053421
0.006799 0.095220 0.053512
0.002350 0.092852 0.053334
0.006283 0.095906 0.053635
-0.002342 0.087946 0.053049
0.001264 0.096905 0.053669
-0.001455 0.094728 0.053249
0.002413 0.087828 0.053146
-0.003441 0.098643 0.053741
-0.002386 0.098120 0.053841
0.007750 0.092133 0.053396
-0.002636 0.094783 0.053161
0.003234 0.096291 0.053544
-0.002460 0.098658 0.053890
-0.000143 0.089540 0.053002
-0.002447 0.097407 0.053690
-0.004808 0.097839 0.053460
-0.002962 0.095768 0.053237
0.007474 0.096713 0.053504
0.003546 0.089397 0.053204
-0.000504 0.100430 0.053881
0.000297 0.090799 0.053005
0.000748 0.087016 0.053038
0.004388 0.095791 0.053571
0.003616 0.094223 0.053452
-0.001159 0.096755 0.053586
0.001615 0.090422 0.053132
0.002373 0.091010 0.053212
0.007907 0.096894 0.053508
0.006299 0.094671 0.053427
0.004037 0.098837 0.054147
0.007944 0.091750 0.053348
-0.003108 0.089270 0.053010
0.004884 0.094759 0.053436
-0.005603 0.094912 0.053345
0.004424 0.091345 0.053261
0.001221 0.087323 0.053010
0.001679 0.098180 0.053741
0.005861 0.089573 0.053127
0.000206 0.094296 0.053332
-0.000774 0.091404 0.052891
0.007093 0.091515 0.053294
0.007634 0.097151 0.053515
-0.000238 0.088977 0.053035
0.005894 0.099096 0.053976
0.006253 0.096576 0.053689
0.007064 0.090737 0.053293
0.004575 0.093399 0.053444
0.003959 0.098038 0.053836
0.006117 0.092309 0.053397
0.003734 0.091937 0.053304
-0.001782 0.088272 0.053092
-0.004478 0.098244 0.053581
-0.005168 0.091607 0.053064
0.003075 0.088520 0.053147
0.000790 0.090420 0.053063
-0.004126 0.090121 0.053010
0.003529 0.095727 0.053506
0.003951 0.097427 0.053761
0.005873 0.097630 0.053700
0.002388 0.098258 0.053859
-0.002999 0.094177 0.053027
0.004045 0.094860 0.053464
-0.004198 0.091507 0.052950
0.002128 0.093963 0.053436
0.004449 0.100808 0.053871
0.000958 0.097047 0.053696
-0.000416 0.095356 0.053432
-0.001578 0.090655 0.052916
0.005223 0.095895 0.053504
0.000042 0.095196 0.053441
0.004079 0.099768 0.054059
-0.000129 0.093487 0.053238
0.006697 0.089721 0.053188
0.004108 0.099142 0.054129
-0.001434 0.093501 0.053070
-0.003284 0.089590 0.053002
0.001403 0.097987 0.053680
-0.003111 0.098123 0.053737
0.005336 0.093932 0.053372
0.003377 0.089597 0.053125
-0.001943 0.099617 0.053894
0.000611 0.088112 0.053069
0.008212 0.094274 0.053479
-0.000077 0.091881 0.053058
0.003350 0.087943 0.053182
-0.000141 0.089912 0.052986
0.002440 0.094400 0.053456
-0.001392 0.092335 0.052828
-0.001191 0.099764 0.053929
-0.000305 0.094377 0.053302
0.002575 0.089183 0.053173
-0.002792 0.098351 0.053833
0.005353 0.094307 0.053353
-0.002513 0.098387 0.053880
0.005296 0.089662 0.053159
0.004218 0.098172 0.053970
0.001435 0.099211 0.053979
0.007678 0.091446 0.053335
0.001029 0.090660 0.053091
-0.003314 0.090996 0.052909
-0.004715 0.090184 0.053003
-0.000748 0.096297 0.053525
-0.000080 0.099144 0.054000
0.002258 0.098951 0.054053
-0.003266 0.100694 0.053760
0.003802 0.096076 0.053543
0.002720 0.097926 0.053686
-0.004957 0.099116 0.053690
0.001034 0.099228 0.053959
0.005576 0.093573 0.053397
-0.000575 0.095315 0.053446
0.003770 0.095488 0.053504
-0.000646 0.092294 0.052983
0.006593 0.098545 0.053826
-0.002369 0.090963 0.052875
0.005577 0.091781 0.053398
0.001612 0.095459 0.053471
-0.004552 0.088943 0.053006
0.004063 0.095889 0.053542
0.001743 0.097845 0.053693
0.000292 0.091279 0.053006
0.008321 0.092943 0.053433
0.003593 0.089535 0.053152
-0.003394 0.099516 0.053797
-0.001656 0.087498 0.053065
-0.001471 0.090227 0.052938
0.006564 0.090956 0.053343
0.000324 0.086445 0.052955
0.002792 0.093132 0.053368
0.002156 0.091211 0.053213
0.000077 0.097402 0.053803
0.002383 0.091669 0.053252
-0.004839 0.095569 0.053321
-0.001761 0.089254 0.053027
0.002010 0.096251 0.053622
0.002855 0.099742 0.053892
0.002675 0.096942 0.053606
-0.002524 0.095046 0.053203
0.005273 0.094815 0.053411
0.000921 0.091172 0.053103
-0.004305 0.095217 0.053251
0.008147 0.093728 0.053421
0.001458 0.093122 0.053320
0.003289 0.094566 0.053457
-0.000572 0.090563 0.052918
-0.001671 0.097474 0.053604
-0.004401 0.094518 0.053146
0.004216 0.097042 0.053738
0.003255 0.088475 0.053150
0.007728 0.094125 0.053517
-0.002417 0.097109 0.053599
0.001112 0.090056 0.053100
-0.000581 0.099850 0.053937
0.002905 0.090156 0.053149
0.001406 0.094568 0.053437
0.003699 0.096322 0.053558
0.004992 0.098905 0.054014
0.007306 0.090248 0.053253
0.007491 0.089914 0.053236
-0.005167 0.094221 0.053213
0.000278 0.092751 0.053211
0.002795 0.089886 0.053167
-0.001900 0.096854 0.053450
0.005246 0.098024 0.053908
0.004333 0.095116 0.053478
-0.000489 0.090098 0.052968
0.001063 0.100441 0.053759
-0.004155 0.090917 0.052985
-0.000938 0.088355 0.053057
0.003163 0.091521 0.053323
0.002670 0.099914 0.053799
0.008218 0.095138 0.053543
-0.003260 0.096777 0.053373
-0.004065 0.097277 0.053435
0.001141 0.094331 0.053396
0.001900 0.087882 0.053093
0.002668 0.100221 0.053757
0.002557 0.091856 0.053286
-0.003440 0.091890 0.052847
-0.000985 0.094495 0.053288
-0.000871 0.089664 0.052990
-0.005361 0.098253 0.053571
0.006716 0.096143 0.053625
0.001327 0.097349 0.053660
0.006408 0.092477 0.053333
-0.001391 0.089596 0.052990
0.004093 0.095628 0.053536
-0.003919 0.100083 0.053739
0.001704 0.091522 0.053206
0.005799 0.090512 0.053257
0.000176 0.092007 0.053151
-0.002032 0.090431 0.052903
-0.004995 0.095952 0.053330
0.004873 0.098683 0.054057
-0.000451 0.093979 0.053232
-0.002095 0.100951 0.053783
0.006972 0.090197 0.053245
0.003586 0.094570 0.053436
-0.000876 0.094120 0.053250
-0.001569 0.091929 0.052849
-0.001162 0.099921 0.053917
-0.004419 0.089920 0.053009
-0.003641 0.096137 0.053293
0.003117 0.095219 0.053482
0.002386 0.099391 0.053923
0.001785 0.096073 0.053589
0.001575 0.087234 0.053025
-0.001925 0.088439 0.053086
0.004953 0.096628 0.053683
0.004565 0.100133 0.054011
0.003137 0.099056 0.054116
0.000939 0.094882 0.053447
0.008175 0.095909 0.053539
0.004346 0.098985 0.054117
0.005119 0.091298 0.053345
0.006514 0.095056 0.053485
0.000738 0.101479 0.053654
0.000633 0.095380 0.053532
0.002576 0.091616 0.053279
0.003294 0.097606 0.053676
0.008024 0.093110 0.053429
-0.002780 0.094326 0.053066
0.005533 0.099616 0.054003
0.000051 0.087000 0.052980
0.001026 0.091498 0.053143
0.004365 0.099417 0.054103
0.007108 0.094155 0.053474
0.006240 0.095574 0.053551
0.004110 0.097716 0.053752
-0.004919 0.094460 0.053211
0.005254 0.091721 0.053381
-0.003713 0.090467 0.052987
0.002623 0.095062 0.053476
0.006055 0.098780 0.053915
-0.003863 0.093474 0.052953
0.006734 0.094440 0.053437
-0.001763 0.095471 0.053338
-0.000968 0.099000 0.053949
-0.001381 0.088753 0.053056
0.005461 0.091674 0.053391
-0.002982 0.101052 0.053726
-0.004547 0.089224 0.052995
0.001796 0.090449 0.053150
-0.001346 0.090485 0.052928
-0.001528 0.092834 0.052872
0.001405 0.089122 0.053083
0.003268 0.093715 0.053448
-0.000389 0.089310 0.053013
-0.000650 0.093556 0.053183
0.000709 0.091387 0.053087
-0.002143 0.097813 0.053740
-0.000700 0.091054 0.052908
0.005316 0.097258 0.053743
-0.005085 0.095796 0.053352
0.003954 0.088952 0.053175
0.000348 0.096345 0.053644
-0.005345 0.095444 0.053375
0.000882 0.092444 0.053243
-0.003785 0.097438 0.053485
0.005154 0.090373 0.053237
0.003011 0.097232 0.053665
-0.002613 0.088185 0.053042
0.000902 0.088256 0.053081
-0.000809 0.093126 0.053091
-0.004715 0.096066 0.053332
-0.000115 0.097178 0.053812
0.004168 0.091676 0.053291
-0.004933 0.098488 0.053666
0.006818 0.095915 0.053578
0.007196 0.096817 0.053540
0.006925 0.091033 0.053351
