-0.035478 0.023184 0.008656
-0.034607 -0.005566 0.003327
-0.036596 -0.002731 0.014703
-0.034938 -0.006906 0.004307
-0.038370 0.008679 0.024556
-0.036168 0.009855 0.010483
-0.038028 0.002504 0.018635
-0.036577 -0.002075 0.010659
-0.036352 -0.002097 0.010291
-0.034724 -0.004401 0.003654
-0.034263 -0.003212 0.004122
-0.037063 -0.003205 0.013117
-0.039463 0.011759 0.030964
-0.039536 0.011144 0.030943
-0.038127 0.005089 0.022276
-0.034980 0.000447 0.007146
-0.036295 0.022029 0.010175
-0.037278 0.003523 0.015362
-0.036359 0.010099 0.010884
-0.038038 0.007964 0.023195
-0.041327 0.009605 0.032894
-0.036015 0.008298 0.011577
-0.038243 0.007446 0.023398
-0.035266 -0.008578 0.006395
-0.040141 0.012608 0.032597
-0.038071 0.002954 0.018825
-0.037878 0.009307 0.023723
-0.038377 0.009275 0.024988
-0.038406 0.010685 0.025413
-0.037419 0.012410 0.013084
-0.034460 -0.006018 0.003206
-0.037598 0.012951 0.014950
-0.039144 0.011902 0.029727
-0.036026 0.006464 0.011008
-0.036961 -0.002933 0.010759
-0.036003 0.008181 0.010883
-0.038989 0.012143 0.029316
-0.036725 -0.002163 0.015045
-0.033637 -0.004265 0.003152
-0.036359 0.006627 0.011804
-0.036811 -0.005435 0.014417
-0.037389 -0.003286 0.011999
-0.036667 -0.002289 0.014420
-0.039079 0.012457 0.029784
-0.036485 0.009487 0.011686
-0.037285 0.001030 0.015419
-0.036419 -0.006568 0.009778
-0.035910 0.020905 0.009213
-0.037829 0.010164 0.023253
-0.038157 0.008947 0.024286
-0.036438 0.005058 0.012324
-0.038342 0.007503 0.023966
-0.035504 0.007117 0.009917
-0.036504 0.000468 0.011661
-0.036260 -0.001048 0.010347
-0.036348 0.008898 0.012269
-0.036187 0.021508 0.010127
-0.039144 0.011902 0.029727
-0.038003 0.009678 0.024383
-0.035787 0.009322 0.009738
-0.038273 0.005269 0.022915
-0.038993 0.011706 0.029042
-0.035424 -0.003336 0.006096
-0.037225 -0.002243 0.016929
-0.035392 0.013197 0.009761
-0.037223 -0.003196 0.016882
-0.036387 0.007734 0.011544
-0.036015 0.008298 0.011577
-0.035082 -0.005815 0.004596
-0.037643 0.012718 0.014673
-0.036235 0.007298 0.012175
-0.036359 0.010099 0.010884
-0.036193 0.009451 0.010940
-0.035412 -0.002318 0.006073
-0.037728 0.012700 0.013810
-0.036332 0.022306 0.009229
-0.039634 0.013058 0.031760
-0.036285 0.006893 0.011147
-0.035425 -0.004225 0.006478
-0.038183 0.009267 0.024514
-0.036120 0.023069 0.012983
-0.035157 -0.004643 0.004134
-0.037142 0.002888 0.014744
-0.037093 0.008006 0.015929
-0.040302 -0.001960 0.030506
-0.034845 -0.005612 0.003810
-0.036695 -0.002313 0.010720
-0.036739 -0.004631 0.014776
-0.036402 0.009195 0.011748
-0.038205 0.008642 0.024080
-0.030332 0.001745 0.004582
-0.034897 -0.005070 0.003808
-0.036936 0.002518 0.013735
-0.035908 0.009708 0.010251
-0.039593 0.011777 0.031637
-0.037272 0.001456 0.015071
-0.033452 -0.007533 0.003685
-0.038772 0.011919 0.028244
-0.039428 0.011602 0.030695
-0.037751 0.012805 0.014153
-0.039489 0.012117 0.031379
-0.036136 0.008342 0.012661
-0.038205 0.008642 0.024080
-0.034625 -0.006931 0.003519
-0.035711 -0.005700 0.007266
-0.039347 0.011690 0.030350
-0.035727 0.008094 0.010434
-0.038430 0.016449 0.027145
-0.038079 0.006658 0.022518
-0.036995 0.002826 0.014042
-0.036109 0.007091 0.010976
-0.037120 0.003440 0.014737
-0.036704 -0.003933 0.013740
-0.037885 0.004067 0.018838
-0.038079 0.006658 0.022518
-0.036973 0.001577 0.013875
-0.036090 0.008895 0.011081
-0.039714 0.011866 0.032000
-0.037944 0.001856 0.018415
-0.036174 0.007965 0.012779
-0.036198 0.008576 0.012709
-0.039414 0.012732 0.031348
-0.035204 -0.005037 0.004797
-0.034717 -0.005981 0.003490
-0.037099 -0.003604 0.012844
-0.036775 -0.003016 0.013931
-0.037312 0.011792 0.012944
-0.033613 -0.002838 0.003560
-0.037940 0.012210 0.013522
-0.036695 -0.002313 0.010720
-0.037598 0.012951 0.014950
-0.035711 -0.005700 0.007266
-0.037838 0.008608 0.022984
-0.038105 0.002034 0.017301
-0.035495 0.007196 0.010170
-0.037285 0.001994 0.015005
-0.036934 0.000561 0.013752
-0.035227 -0.004880 0.004302
-0.036745 0.007490 0.014135
-0.036750 0.003126 0.013209
-0.034873 -0.010222 0.006669
-0.036296 0.022436 0.009628
-0.036296 0.022436 0.009628
-0.037469 0.010481 0.018316
-0.039489 0.012117 0.031379
-0.037430 -0.001279 0.016994
-0.036811 -0.005435 0.014417
-0.038500 0.006977 0.024843
-0.038003 0.009678 0.024383
-0.036771 0.001894 0.013097
-0.036359 0.006627 0.011804
-0.034897 -0.005070 0.003808
0.000000 0.000000 0.000000
-0.037142 0.002888 0.014744
-0.038993 0.011706 0.029042
-0.035979 0.009835 0.010046
-0.036333 0.007344 0.011220
-0.039618 0.012407 0.031761
-0.034957 -0.009862 0.007099
-0.034556 -0.005516 0.003312
-0.036513 0.021462 0.018816
-0.039001 0.012294 0.029439
-0.039367 0.011845 0.030503
-0.036285 0.006893 0.011147
-0.036317 0.006368 0.011421
-0.038495 0.009839 0.025221
-0.038855 0.011845 0.028649
-0.035100 -0.004468 0.004728
-0.037999 0.003164 0.018216
-0.035304 -0.003045 0.005841
-0.033545 -0.003211 0.003166
-0.036945 -0.004288 0.013138
-0.037142 -0.002417 0.012703
-0.036114 0.007826 0.012230
-0.037944 0.001856 0.018415
-0.036555 0.022161 0.019054
-0.036936 0.002518 0.013735
-0.035510 -0.003511 0.006503
-0.038495 0.009839 0.025221
-0.038105 0.002034 0.017301
-0.036302 0.008798 0.012038
-0.036860 0.013911 0.012908
-0.037655 0.000366 0.017371
-0.036460 0.009560 0.012272
-0.033637 -0.004265 0.003152
-0.036232 0.008626 0.012465
-0.040074 0.011989 0.032625
-0.036070 0.008615 0.010928
-0.033637 -0.004265 0.003152
-0.039367 0.011845 0.030503
-0.035082 -0.005815 0.004596
-0.035628 -0.002641 0.006480
-0.037913 0.001900 0.016977
-0.035085 -0.004620 0.003920
-0.037171 0.001697 0.014530
-0.037026 0.021411 0.021011
-0.036256 0.008808 0.012703
-0.036333 0.007344 0.011220
-0.038205 0.008642 0.024080
-0.040345 0.012943 0.032741
-0.036930 -0.001304 0.013125
-0.036264 0.022563 0.009159
-0.039679 0.011445 0.032071
-0.036748 0.010642 0.012437
-0.036153 0.008283 0.011817
-0.037297 0.001665 0.015068
-0.036843 0.019157 0.019246
-0.038096 0.002646 0.019986
-0.036577 -0.002075 0.010659
-0.037751 0.012805 0.014153
-0.035592 0.008683 0.009997
-0.036695 -0.002313 0.010720
-0.038369 0.007630 0.024550
-0.038406 0.010685 0.025413
-0.036438 0.005058 0.012324
-0.034927 -0.011090 0.007050
-0.037069 -0.006347 0.014654
-0.035900 -0.003493 0.007710
-0.035027 -0.005254 0.004071
-0.034249 -0.004892 0.002893
-0.037882 0.001539 0.017425
-0.038427 0.012532 0.026037
-0.035244 -0.005189 0.005548
-0.040326 0.012418 0.032852
-0.037093 0.008006 0.015929
-0.038020 0.002758 0.017727
-0.036250 -0.002289 0.009881
-0.037015 -0.002773 0.013388
-0.038434 0.008508 0.025331
-0.039892 0.012855 0.032225
-0.038077 0.002820 0.019125
-0.036825 -0.002137 0.011004
-0.036250 -0.002289 0.009881
-0.037298 0.002388 0.015142
-0.038370 0.008715 0.024860
-0.036200 0.008078 0.011103
-0.039567 0.011268 0.031489
-0.037519 0.011866 0.014937
-0.040012 0.010737 0.032219
-0.038586 -0.006585 0.025282
-0.036108 0.008244 0.012450
-0.034927 -0.011090 0.007050
-0.036955 0.002156 0.013743
-0.037272 0.001456 0.015071
-0.034908 -0.010662 0.007358
-0.040371 0.011427 0.032781
-0.038049 0.003421 0.019920
-0.035591 -0.008430 0.008013
-0.037225 -0.002243 0.016929
-0.039186 0.012366 0.030152
-0.036349 0.007736 0.011290
-0.035269 -0.004855 0.004005
-0.036332 0.019623 0.011710
-0.037739 0.012209 0.013271
-0.037889 -0.003300 0.019612
-0.038332 0.009749 0.024905
-0.035768 0.005795 0.010460
-0.036408 0.009312 0.012305
-0.040406 0.013452 0.032643
-0.035768 0.005795 0.010460
-0.034271 -0.004666 0.002972
-0.036408 0.009312 0.012305
-0.034717 -0.005981 0.003490
-0.035688 0.007608 0.010365
-0.035184 -0.003623 0.005983
-0.036862 -0.002208 0.014037
-0.038052 0.002263 0.018014
-0.038028 0.002504 0.018635
-0.037944 0.001856 0.018415
-0.036725 -0.002163 0.015045
-0.037197 -0.003277 0.012735
-0.038243 0.007446 0.023398
-0.036834 -0.002695 0.013914
-0.038053 0.002453 0.021246
-0.036635 -0.003803 0.009896
-0.036450 0.021249 0.017807
-0.039444 0.012046 0.031101
-0.037298 0.002388 0.015142
-0.036663 -0.002819 0.015568
-0.035650 -0.002903 0.006732
-0.039660 0.012475 0.031911
-0.036815 -0.003257 0.013698
-0.036258 0.007670 0.011863
-0.035881 0.008999 0.010553
-0.035957 -0.001442 0.008863
-0.036955 0.002156 0.013743
-0.036697 -0.002644 0.010534
-0.035688 0.007608 0.010365
-0.035147 -0.004189 0.005990
-0.033452 -0.007533 0.003685
-0.037137 0.002536 0.014556
-0.037398 -0.001990 0.017255
-0.039367 0.011845 0.030503
-0.036864 -0.002641 0.016170
-0.037519 0.011866 0.014937
-0.037441 -0.002858 0.011823
-0.036224 -0.002491 0.009397
-0.036348 0.008898 0.012269
-0.035538 -0.003052 0.006061
-0.038921 0.010651 0.028252
-0.036537 -0.003231 0.014750
-0.040540 0.012179 0.033007
-0.035082 -0.005815 0.004596
-0.038492 0.010016 0.025439
-0.036955 0.002156 0.013743
-0.037882 0.001539 0.017425
-0.037657 0.004145 0.017394
-0.036260 -0.001048 0.010347
-0.037202 -0.002520 0.011231
-0.037655 0.000366 0.017371
-0.037611 0.001510 0.016430
-0.034774 -0.004884 0.003636
-0.036911 -0.001265 0.014448
-0.037623 -0.001474 0.017878
-0.035635 -0.009712 0.008699
-0.038394 0.008051 0.024934
-0.036408 0.009312 0.012305
-0.039790 0.011306 0.032322
-0.037142 0.002888 0.014744
-0.037913 0.001900 0.016977
-0.035166 -0.005096 0.004474
-0.036584 -0.001495 0.010950
-0.037069 -0.006347 0.014654
-0.038003 0.009678 0.024383
-0.038029 0.001578 0.019612
-0.037457 -0.007500 0.015884
-0.039536 0.011144 0.030943
-0.037389 -0.003286 0.011999
-0.035965 -0.007026 0.008372
-0.034724 -0.004401 0.003654
-0.036538 -0.002358 0.010468
-0.037519 -0.005789 0.017169
-0.035542 0.007830 0.009862
-0.036406 0.007082 0.011413
-0.036302 0.008798 0.012038
-0.035908 0.009708 0.010251
-0.039291 0.012406 0.030656
-0.038029 0.001578 0.019612
-0.036537 -0.003231 0.014750
-0.037921 0.001813 0.018140
-0.037298 0.002388 0.015142
-0.035771 0.009178 0.009953
-0.036642 -0.003917 0.014519
-0.035426 0.007879 0.009407
-0.035847 0.001681 0.009699
-0.037655 0.000366 0.017371
-0.040302 -0.001960 0.030506
-0.037739 0.012209 0.013271
-0.040326 0.012418 0.032852
-0.039792 0.011657 0.032277
-0.034908 -0.010662 0.007358
-0.038036 0.002469 0.019073
-0.035157 -0.004643 0.004134
-0.034927 -0.011090 0.007050
-0.036359 0.006627 0.011804
-0.038922 0.012159 0.029025
-0.035082 -0.005815 0.004596
-0.034724 -0.004401 0.003654
-0.036296 0.022436 0.009628
-0.036193 0.009451 0.010940
-0.037935 0.002378 0.017009
-0.036951 -0.001870 0.013812
-0.036136 0.008342 0.012661
-0.036447 0.009981 0.011256
-0.036555 0.022161 0.019054
-0.039463 0.011759 0.030964
-0.039917 0.012401 0.032339
-0.036917 0.003780 0.013982
-0.036200 0.008078 0.011103
-0.039593 0.011777 0.031637
-0.038979 0.012616 0.029470
-0.037223 -0.003196 0.016882
-0.034607 -0.005566 0.003327
-0.037382 0.001763 0.015549
-0.037296 -0.001832 0.016947
-0.037746 0.017395 0.023940
-0.036860 0.013911 0.012908
-0.037171 0.001697 0.014530
-0.036260 -0.001048 0.010347
-0.036775 -0.003016 0.013931
-0.038430 0.016449 0.027145
-0.038339 0.008512 0.024369
-0.038042 0.010472 0.024383
-0.040345 0.012943 0.032741
-0.038369 0.007630 0.024550
-0.037519 -0.005789 0.017169
-0.034556 -0.005516 0.003312
-0.039539 0.011632 0.031390
-0.038038 0.003211 0.018692
-0.037196 0.003191 0.015001
-0.035478 0.023184 0.008656
-0.036468 0.009387 0.012868
-0.035768 0.005795 0.010460
-0.036974 -0.001810 0.011728
-0.036151 0.008074 0.012033
-0.037913 0.001900 0.016977
-0.037570 0.013330 0.015141
-0.036748 0.010642 0.012437
-0.034777 -0.006981 0.003776
0.000000 0.000000 0.000000
-0.039539 0.011632 0.031390
-0.037202 -0.002520 0.011231
-0.036417 0.009181 0.012158
-0.036555 0.022161 0.019054
-0.036771 0.001894 0.013097
-0.035771 0.009178 0.009953
-0.034774 -0.004884 0.003636
-0.033613 -0.002838 0.003560
-0.037116 -0.004734 0.011974
-0.036934 0.000561 0.013752
-0.035412 -0.002318 0.006073
-0.035635 -0.009712 0.008699
-0.039771 0.013278 0.031997
-0.036224 -0.002491 0.009397
-0.035542 0.007830 0.009862
-0.036811 -0.005435 0.014417
-0.038137 0.002088 0.017362
-0.039660 0.012475 0.031911
-0.038582 0.008022 0.025673
-0.036907 -0.005868 0.014266
-0.039362 0.012433 0.031042
-0.036305 0.009739 0.010890
-0.035460 0.006978 0.010352
-0.038352 0.008279 0.024614
-0.038352 0.008279 0.024614
-0.036485 0.009487 0.011686
-0.035184 -0.003623 0.005983
-0.037297 0.001665 0.015068
-0.037655 0.000366 0.017371
-0.034980 0.000447 0.007146
-0.039917 0.012401 0.032339
-0.037237 -0.003532 0.012461
-0.036126 0.008066 0.011794
-0.039660 0.012475 0.031911
-0.038500 0.006977 0.024843
-0.037026 -0.002326 0.016509
-0.037940 0.012210 0.013522
-0.038394 0.008051 0.024934
-0.036224 -0.002491 0.009397
-0.037225 -0.002243 0.016929
-0.036363 0.006768 0.011319
-0.037365 -0.002775 0.011482
-0.035770 0.008554 0.010450
-0.037665 0.008819 0.021199
-0.035628 -0.002641 0.006480
-0.035426 0.007879 0.009407
-0.038125 0.019466 0.026259
-0.038406 0.010685 0.025413
-0.038038 0.007964 0.023195
-0.039785 0.012397 0.032138
-0.037956 0.004050 0.019452
-0.035496 -0.002856 0.006465
-0.034804 0.008200 0.008602
-0.038855 0.011845 0.028649
-0.039536 0.011144 0.030943
-0.036990 -0.002259 0.013549
-0.037935 0.002378 0.017009
-0.040414 0.011956 0.032909
-0.034460 -0.006018 0.003206
-0.036485 0.009487 0.011686
-0.038183 0.009267 0.024514
-0.035727 0.008094 0.010434
-0.036914 0.011674 0.012446
-0.036285 0.006893 0.011147
-0.037137 0.002536 0.014556
-0.035424 -0.003336 0.006096
-0.035269 -0.004855 0.004005
-0.036834 -0.002695 0.013914
-0.037116 -0.004734 0.011974
-0.039592 0.011195 0.031792
-0.038096 0.002646 0.019986
-0.039618 0.012407 0.031761
-0.038105 0.002034 0.017301
-0.038495 0.009839 0.025221
-0.036879 -0.002537 0.010836
-0.037519 -0.005789 0.017169
-0.038772 0.011919 0.028244
-0.036408 0.009312 0.012305
-0.033478 0.021053 0.007392
-0.037736 0.006397 0.020645
-0.036663 -0.002819 0.015568
-0.036108 0.008244 0.012450
-0.037736 0.006397 0.020645
-0.039079 0.012457 0.029784
-0.039414 0.012732 0.031348
-0.039697 0.010869 0.031704
-0.038072 0.002604 0.018129
-0.036504 0.000468 0.011661
-0.035082 -0.005815 0.004596
-0.038093 0.003259 0.019285
-0.035460 0.006978 0.010352
-0.037142 0.002888 0.014744
-0.037297 0.001665 0.015068
-0.036151 0.008074 0.012033
-0.038979 0.012616 0.029470
-0.036995 0.002826 0.014042
-0.036108 0.008244 0.012450
-0.037223 -0.003196 0.016882
-0.039732 0.012219 0.031983
-0.034454 -0.004572 0.003283
-0.038586 -0.006585 0.025282
-0.035596 -0.002801 0.006245
-0.039567 0.011268 0.031489
-0.036745 0.007490 0.014135
-0.035706 -0.002132 0.007076
-0.036727 -0.004033 0.013425
-0.036604 -0.003505 0.014372
-0.036332 0.019623 0.011710
-0.037944 0.001856 0.018415
-0.036385 0.022812 0.009367
-0.034724 -0.004401 0.003654
-0.037532 0.013658 0.015134
-0.037285 0.001994 0.015005
-0.039672 0.011066 0.032080
-0.038589 0.009639 0.026297
-0.039414 0.012732 0.031348
-0.035157 -0.004643 0.004134
-0.036136 0.008342 0.012661
-0.035432 0.007127 0.009954
-0.038246 0.008168 0.023877
-0.035979 0.009835 0.010046
-0.039302 0.012174 0.030472
-0.036772 0.009055 0.014174
-0.036305 0.009739 0.010890
-0.039302 0.012174 0.030472
-0.037935 0.002378 0.017009
-0.037697 0.011898 0.013364
-0.036468 0.009387 0.012868
-0.038500 0.006977 0.024843
-0.036402 0.009195 0.011748
-0.037624 0.006033 0.020597
-0.036153 0.008283 0.011817
-0.034938 -0.006906 0.004307
-0.037285 0.001030 0.015419
-0.036003 0.008181 0.010883
-0.038074 0.003238 0.018949
-0.036432 0.007017 0.013049
-0.038427 0.012532 0.026037
-0.037838 0.008608 0.022984
-0.036295 0.022029 0.010175
-0.037956 0.004050 0.019452
-0.036264 0.022563 0.009159
-0.038352 0.008279 0.024614
-0.035706 -0.002132 0.007076
-0.038582 0.008022 0.025673
-0.040141 0.012608 0.032597
-0.035424 -0.003336 0.006096
-0.037196 0.003191 0.015001
-0.039444 0.012046 0.031101
-0.040540 0.012179 0.033007
-0.039273 0.011652 0.030081
-0.038370 0.008679 0.024556
-0.036391 0.009539 0.011321
-0.036387 0.007734 0.011544
-0.036704 -0.003933 0.013740
-0.038434 0.008508 0.025331
-0.034804 0.008200 0.008602
-0.036745 0.007490 0.014135
-0.033478 0.021053 0.007392
-0.038003 0.009678 0.024383
-0.040406 0.013452 0.032643
-0.036260 -0.001048 0.010347
-0.037419 0.007478 0.018331
-0.036864 -0.002641 0.016170
-0.035601 -0.002077 0.006457
-0.034980 0.000447 0.007146
-0.037074 0.002187 0.014141
-0.037575 0.012602 0.015082
-0.034249 -0.004892 0.002893
-0.037355 -0.001165 0.016840
-0.037537 0.013240 0.014389
-0.037882 0.001539 0.017425
-0.038072 0.002604 0.018129
-0.034724 -0.004401 0.003654
-0.038979 0.012616 0.029470
-0.039499 0.011926 0.031334
-0.038074 0.003238 0.018949
-0.033545 -0.003211 0.003166
-0.037258 -0.008275 0.014345
-0.037003 -0.006091 0.013556
-0.039317 0.007884 0.027982
-0.035904 0.009889 0.009925
-0.036973 0.001577 0.013875
-0.035635 -0.009712 0.008699
-0.035635 -0.009712 0.008699
-0.035478 0.023184 0.008656
-0.036235 0.007298 0.012175
-0.035910 0.020905 0.009213
-0.036577 -0.002075 0.010659
-0.036204 0.022823 0.011551
-0.038308 0.008725 0.024417
-0.039414 0.012732 0.031348
-0.037125 0.001485 0.014439
-0.038420 -0.003937 0.023678
-0.039347 0.011690 0.030350
-0.036406 0.007082 0.011413
-0.037329 0.001690 0.015311
-0.035904 0.009889 0.009925
-0.038093 0.003259 0.019285
-0.035460 0.006978 0.010352
-0.037285 0.001994 0.015005
-0.035889 0.009748 0.009906
-0.035269 -0.004855 0.004005
-0.037063 0.003019 0.014399
-0.036267 0.008548 0.012948
-0.035266 -0.008578 0.006395
-0.034263 -0.003212 0.004122
-0.037697 0.011898 0.013364
-0.040540 0.012179 0.033007
-0.040414 0.011956 0.032909
-0.037623 -0.001474 0.017878
-0.038125 0.019466 0.026259
0.001373 -0.000000 0.000000
-0.037405 0.012855 0.013398
-0.036504 0.000468 0.011661
-0.038027 0.008599 0.023717
-0.036479 -0.002572 0.010164
-0.038027 0.008599 0.023717
-0.035432 0.007127 0.009954
-0.035913 0.007686 0.010777
-0.037152 -0.003133 0.012939
-0.037449 0.002725 0.015738
-0.035871 0.003915 0.010482
-0.037672 0.012486 0.013377
-0.036223 0.008040 0.011574
-0.040221 0.011960 0.032777
-0.035027 -0.005254 0.004071
-0.034533 -0.002296 0.005388
-0.036584 -0.001495 0.010950
-0.036487 0.009458 0.011943
-0.040042 0.009643 0.031122
-0.036267 0.008548 0.012948
-0.036120 0.023069 0.012983
-0.037808 0.005530 0.021147
-0.037469 0.010481 0.018316
-0.038434 0.008508 0.025331
-0.038183 0.009267 0.024514
-0.039250 0.012798 0.030722
-0.039180 0.012623 0.030345
-0.036123 0.008376 0.011453
-0.038125 0.019466 0.026259
-0.035100 -0.004468 0.004728
-0.037365 -0.002775 0.011482
-0.038953 0.012667 0.029373
-0.039771 0.013278 0.031997
-0.037223 -0.003196 0.016882
-0.034668 0.005855 0.008206
-0.038005 0.012296 0.013653
-0.036278 0.008113 0.011316
-0.036627 -0.003071 0.014279
-0.036936 0.002518 0.013735
-0.036487 0.009458 0.011943
-0.036296 0.022436 0.009628
-0.039539 0.011632 0.031390
-0.035085 -0.004620 0.003920
-0.038370 0.008679 0.024556
-0.037543 0.002087 0.015953
-0.037152 -0.003133 0.012939
-0.037949 0.012438 0.013820
-0.035168 -0.004933 0.004040
-0.034602 -0.005308 0.003399
-0.037852 0.001431 0.017854
-0.038427 0.012532 0.026037
-0.036419 -0.006568 0.009778
-0.038029 0.001578 0.019612
-0.036874 0.012748 0.012688
-0.035873 0.009836 0.009993
-0.036683 -0.002583 0.014223
-0.036700 -0.003500 0.015423
-0.036332 0.022306 0.009229
-0.036596 -0.002731 0.014703
-0.039079 0.012457 0.029784
-0.039634 0.013058 0.031760
-0.035304 -0.003045 0.005841
-0.037643 0.012718 0.014673
-0.035184 -0.003623 0.005983
-0.038953 0.012667 0.029373
-0.034602 -0.005308 0.003399
-0.038157 0.008947 0.024286
-0.038922 0.012159 0.029025
-0.037790 0.005015 0.020460
-0.039390 0.012020 0.030771
-0.039463 0.011759 0.030964
-0.037624 0.006033 0.020597
-0.036123 0.008376 0.011453
-0.038020 0.002758 0.017727
-0.034717 -0.005981 0.003490
-0.036442 0.007479 0.011445
-0.037039 0.002405 0.014084
-0.037519 0.011866 0.014937
-0.036485 0.009487 0.011686
-0.035592 0.008683 0.009997
-0.038434 0.008508 0.025331
-0.038077 0.002119 0.017595
-0.040383 0.012758 0.032843
-0.036224 -0.002491 0.009397
-0.035762 0.007157 0.010659
-0.038342 0.007503 0.023966
-0.037838 0.008608 0.022984
-0.035979 0.009835 0.010046
-0.035635 -0.009712 0.008699
-0.036267 0.008548 0.012948
-0.038243 0.007446 0.023398
-0.039615 0.011494 0.031795
-0.039302 0.012174 0.030472
-0.037262 0.001634 0.014901
-0.037116 -0.004734 0.011974
-0.037852 0.001431 0.017854
-0.038434 0.008508 0.025331
-0.034897 -0.005070 0.003808
-0.037210 0.010985 0.013458
-0.036200 0.008078 0.011103
-0.035466 0.006703 0.009998
-0.035495 0.007196 0.010170
-0.039001 0.012294 0.029439
-0.036168 0.009855 0.010483
-0.037146 0.002080 0.014419
-0.038112 0.002823 0.019519
-0.035037 -0.003957 0.006017
-0.037027 0.005526 0.014976
-0.033478 0.021053 0.007392
-0.036725 -0.002163 0.015045
-0.036348 0.008898 0.012269
-0.036256 0.008808 0.012703
-0.037174 -0.002962 0.012877
-0.037736 0.006397 0.020645
-0.037976 0.009323 0.024200
-0.035504 0.007117 0.009917
-0.039414 0.012732 0.031348
-0.036070 0.008615 0.010928
-0.036278 0.008113 0.011316
-0.036538 -0.002358 0.010468
-0.035727 0.008094 0.010434
-0.037501 0.013670 0.015431
-0.034249 -0.004892 0.002893
-0.038096 0.002646 0.019986
-0.038406 0.010685 0.025413
-0.038370 0.008715 0.024860
-0.038993 0.011706 0.029042
-0.037376 0.002139 0.015451
-0.035064 -0.004031 0.005643
-0.039302 0.012174 0.030472
-0.038377 0.009275 0.024988
-0.034501 -0.005592 0.003217
-0.036683 -0.002583 0.014223
-0.036391 0.007353 0.011697
-0.037740 0.012613 0.014354
-0.036167 0.008324 0.012138
-0.035592 0.008683 0.009997
-0.033545 -0.003211 0.003166
-0.035100 -0.004468 0.004728
-0.036260 -0.001048 0.010347
-0.037839 0.012181 0.013847
-0.037071 0.012349 0.012750
-0.038563 0.009809 0.025321
-0.035100 -0.004468 0.004728
-0.038948 -0.004546 0.026842
-0.036085 0.007523 0.011003
-0.037026 0.021411 0.021011
-0.038855 0.011845 0.028649
-0.035688 0.007608 0.010365
-0.036774 -0.004893 0.014020
-0.037285 0.001030 0.015419
-0.037142 0.002888 0.014744
-0.035957 -0.001442 0.008863
-0.039186 0.012366 0.030152
-0.035635 -0.009712 0.008699
-0.035504 0.007117 0.009917
-0.038137 0.002088 0.017362
-0.035412 -0.002318 0.006073
-0.039444 0.012046 0.031101
-0.034717 -0.005981 0.003490
-0.034777 -0.006981 0.003776
-0.035889 0.009748 0.009906
-0.036214 0.009116 0.011322
-0.036167 0.008324 0.012138
-0.036601 -0.002733 0.014374
-0.038420 -0.003937 0.023678
-0.038273 0.006177 0.023145
-0.036815 -0.003257 0.013698
-0.037253 0.002834 0.015129
-0.035412 -0.002318 0.006073
-0.036108 0.008244 0.012450
-0.037449 0.002725 0.015738
-0.035770 0.008554 0.010450
-0.039536 0.011144 0.030943
-0.037773 0.012874 0.022606
-0.036468 0.009387 0.012868
-0.037312 -0.002546 0.011880
-0.036775 -0.003016 0.013931
-0.036650 0.012467 0.012144
-0.040345 0.012943 0.032741
-0.037116 -0.004734 0.011974
-0.039070 0.011755 0.029363
-0.035957 -0.001442 0.008863
-0.034526 -0.009894 0.003778
-0.035711 -0.005700 0.007266
-0.035184 -0.003623 0.005983
-0.037137 0.002536 0.014556
-0.036200 0.008078 0.011103
-0.040079 0.011274 0.032546
-0.039660 0.012475 0.031911
-0.036256 0.008808 0.012703
-0.035509 0.005258 0.009387
-0.036317 0.006368 0.011421
-0.039001 0.012294 0.029439
-0.037119 -0.003179 0.010906
-0.036363 0.006768 0.011319
-0.038586 -0.006585 0.025282
-0.036750 0.003126 0.013209
-0.037519 0.011866 0.014937
-0.038077 0.002119 0.017595
-0.037143 -0.001858 0.016609
-0.036825 -0.002137 0.011004
-0.037099 -0.003604 0.012844
-0.035538 -0.003052 0.006061
-0.036667 -0.002289 0.014420
-0.034897 -0.005070 0.003808
-0.038467 0.009582 0.025126
-0.037956 0.004050 0.019452
-0.036774 -0.004893 0.014020
-0.037250 -0.002390 0.011496
-0.036750 0.003126 0.013209
-0.036642 -0.003917 0.014519
-0.037940 0.012210 0.013522
-0.034899 -0.010273 0.004734
-0.037174 -0.002962 0.012877
-0.036168 0.009855 0.010483
-0.039354 0.011184 0.030080
-0.038029 0.001578 0.019612
-0.036070 0.008615 0.010928
-0.036485 0.009487 0.011686
-0.036577 -0.002075 0.010659
-0.036650 0.012467 0.012144
-0.040406 0.013452 0.032643
-0.037672 0.012486 0.013377
-0.038308 0.008725 0.024417
-0.038492 0.010016 0.025439
-0.036305 0.009739 0.010890
-0.036134 0.008647 0.011642
-0.039510 0.011445 0.031070
-0.037523 0.012857 0.015662
-0.036193 0.009451 0.010940
-0.036781 -0.008363 0.011778
-0.033545 -0.003211 0.003166
-0.034908 -0.010662 0.007358
-0.039634 0.013058 0.031760
-0.035460 0.006978 0.010352
-0.035881 0.008999 0.010553
-0.036108 0.008244 0.012450
-0.036695 -0.002313 0.010720
-0.035449 0.024938 0.009721
-0.035269 -0.004855 0.004005
-0.036772 0.009055 0.014174
-0.038291 0.011512 0.024924
-0.036090 0.008895 0.011081
-0.036260 -0.001048 0.010347
-0.034717 -0.005981 0.003490
-0.036134 0.008647 0.011642
-0.035424 -0.003336 0.006096
-0.038953 0.012667 0.029373
-0.037949 0.012438 0.013820
-0.038350 0.010109 0.025151
-0.036015 0.008298 0.011577
-0.037875 0.012566 0.013952
-0.034668 0.005855 0.008206
-0.038492 0.010016 0.025439
-0.036136 0.008342 0.012661
-0.037382 0.001763 0.015549
-0.036406 0.007082 0.011413
-0.036704 -0.003933 0.013740
-0.034602 -0.005308 0.003399
-0.035478 0.023184 0.008656
-0.038052 0.002768 0.018446
-0.037624 -0.001004 0.017561
-0.038137 0.002088 0.017362
-0.038127 0.005089 0.022276
-0.037376 0.002139 0.015451
-0.038352 0.008279 0.024614
-0.036255 0.021830 0.012752
-0.037547 -0.001469 0.017486
-0.035635 -0.009712 0.008699
-0.039592 0.011195 0.031792
-0.036026 0.006464 0.011008
-0.035591 -0.008430 0.008013
-0.038948 -0.004546 0.026842
-0.036774 -0.004893 0.014020
-0.037623 -0.001474 0.017878
-0.037296 -0.001832 0.016947
-0.035908 0.009708 0.010251
-0.037850 0.004629 0.020870
-0.036432 0.007017 0.013049
-0.039714 0.011866 0.032000
-0.033613 -0.002838 0.003560
-0.038029 0.001578 0.019612
-0.036285 0.006893 0.011147
-0.036432 0.007017 0.013049
-0.037063 0.003019 0.014399
-0.036815 -0.003257 0.013698
-0.035466 0.006703 0.009998
-0.037746 0.017395 0.023940
-0.038079 0.006658 0.022518
-0.037272 0.001456 0.015071
-0.036596 -0.002731 0.014703
-0.035847 0.001681 0.009699
-0.038038 0.003211 0.018692
-0.035771 0.009178 0.009953
-0.037258 -0.008275 0.014345
-0.037532 0.013658 0.015134
-0.038959 0.012934 0.029494
-0.037046 0.002020 0.014045
-0.036204 0.022823 0.011551
-0.039528 0.012630 0.031638
-0.036781 -0.008363 0.011778
-0.036114 0.007826 0.012230
-0.036232 -0.005769 0.008842
-0.035504 0.007117 0.009917
-0.038370 0.008679 0.024556
-0.036667 -0.002289 0.014420
-0.036604 -0.003505 0.014372
-0.037196 0.003191 0.015001
-0.037419 0.012410 0.013084
-0.038071 0.002954 0.018825
-0.036174 0.007965 0.012779
-0.035424 -0.003336 0.006096
-0.039732 0.012219 0.031983
-0.039001 0.012294 0.029439
-0.038049 0.003421 0.019920
-0.038922 0.002835 0.025514
-0.037171 0.001697 0.014530
-0.036151 0.008074 0.012033
-0.038005 0.012296 0.013653
-0.036907 -0.005868 0.014266
-0.039390 0.012020 0.030771
-0.040012 0.010737 0.032219
-0.039714 0.011866 0.032000
-0.036843 0.019157 0.019246
-0.037773 0.012874 0.022606
-0.036305 0.009739 0.010890
-0.037850 0.004629 0.020870
-0.037852 0.001431 0.017854
-0.038291 0.011512 0.024924
-0.037537 0.013240 0.014389
-0.038369 0.007630 0.024550
-0.036260 -0.001048 0.010347
-0.037740 0.012613 0.014354
-0.036650 0.012467 0.012144
-0.037003 -0.006091 0.013556
-0.036739 -0.004631 0.014776
-0.036187 0.021508 0.010127
-0.036134 0.008647 0.011642
-0.036577 -0.002075 0.010659
-0.037419 0.012410 0.013084
-0.036907 -0.005868 0.014266
-0.039539 0.011632 0.031390
-0.036860 0.013911 0.012908
-0.038377 0.009275 0.024988
-0.036815 -0.003257 0.013698
-0.037376 0.002139 0.015451
-0.034899 -0.010273 0.004734
-0.036332 0.022306 0.009229
-0.036223 0.008040 0.011574
-0.036085 0.007523 0.011003
-0.037099 -0.003604 0.012844
-0.038948 -0.004546 0.026842
-0.035168 -0.004933 0.004040
-0.038157 0.008947 0.024286
-0.040540 0.012179 0.033007
-0.037884 0.000645 0.018688
-0.037389 -0.003286 0.011999
-0.036945 -0.004288 0.013138
-0.039539 0.011632 0.031390
-0.036860 0.013911 0.012908
-0.036739 -0.004631 0.014776
-0.038028 0.002504 0.018635
-0.036332 0.019623 0.011710
-0.036167 0.008324 0.012138
-0.038308 0.008725 0.024417
-0.037392 -0.003269 0.011675
-0.035711 -0.005700 0.007266
-0.037076 0.002697 0.014352
-0.037044 -0.002375 0.011096
-0.035799 0.009545 0.010014
-0.036537 -0.003231 0.014750
-0.038020 0.002758 0.017727
-0.037202 -0.002520 0.011231
-0.040141 0.012608 0.032597
-0.036272 0.008923 0.011691
-0.036485 0.011051 0.011519
-0.035992 0.010169 0.010154
-0.036174 0.007965 0.012779
-0.036487 0.009458 0.011943
-0.037838 0.008608 0.022984
-0.039367 0.011845 0.030503
-0.039354 0.011184 0.030080
-0.037171 0.001697 0.014530
-0.037657 0.004145 0.017394
-0.035992 0.010169 0.010154
-0.036366 0.002896 0.011885
-0.039714 0.011866 0.032000
-0.035556 -0.003126 0.006386
-0.037829 0.010164 0.023253
-0.035650 -0.002903 0.006732
-0.034460 -0.006018 0.003206
-0.037441 -0.002858 0.011823
-0.039896 0.011775 0.032433
-0.038332 0.009749 0.024905
-0.038332 0.009749 0.024905
-0.040141 0.012608 0.032597
-0.035706 -0.002132 0.007076
-0.034927 -0.011090 0.007050
-0.036695 -0.002313 0.010720
-0.035269 -0.004855 0.004005
-0.037237 -0.003532 0.012461
-0.038948 -0.004546 0.026842
-0.038052 0.002263 0.018014
-0.036739 -0.004631 0.014776
-0.038049 0.003421 0.019920
-0.038342 0.007503 0.023966
-0.035992 0.010169 0.010154
-0.035082 -0.005815 0.004596
-0.033452 -0.007533 0.003685
-0.039510 0.011445 0.031070
-0.036700 -0.003500 0.015423
-0.035873 0.009836 0.009993
-0.038291 0.011512 0.024924
-0.036934 0.000561 0.013752
-0.036667 -0.002289 0.014420
-0.037889 -0.003300 0.019612
-0.036385 0.022812 0.009367
-0.039414 0.012732 0.031348
-0.037889 -0.003300 0.019612
-0.036727 -0.004033 0.013425
-0.039660 0.012475 0.031911
-0.036442 0.007479 0.011445
-0.039948 0.012185 0.032418
-0.037174 -0.002962 0.012877
-0.037063 0.003019 0.014399
-0.037119 -0.003179 0.010906
-0.034899 -0.010273 0.004734
-0.036361 0.022431 0.017528
-0.036745 0.007490 0.014135
-0.037119 -0.003179 0.010906
-0.038855 0.011845 0.028649
-0.036317 0.006368 0.011421
-0.037197 -0.003277 0.012735
-0.036402 0.009195 0.011748
-0.036108 0.008244 0.012450
-0.036271 -0.002227 0.010059
-0.037382 0.001763 0.015549
-0.037046 0.002020 0.014045
-0.036180 -0.002048 0.009825
-0.037250 -0.002390 0.011496
-0.037949 0.012438 0.013820
-0.037884 0.000645 0.018688
-0.037913 0.001900 0.016977
-0.036914 0.011674 0.012446
-0.039186 0.012366 0.030152
-0.035147 -0.004189 0.005990
-0.036781 -0.008363 0.011778
-0.038291 0.011512 0.024924
-0.037829 0.010164 0.023253
-0.036479 -0.002572 0.010164
-0.037829 0.010164 0.023253
-0.038232 0.010697 0.024770
-0.037882 0.001539 0.017425
-0.037312 0.011792 0.012944
-0.035873 0.009836 0.009993
-0.036771 0.001894 0.013097
-0.036781 -0.008363 0.011778
-0.036389 0.021160 0.015183
-0.035304 -0.003045 0.005841
-0.038370 0.008715 0.024860
-0.038183 0.009267 0.024514
-0.037100 -0.002258 0.011295
-0.037889 -0.003300 0.019612
-0.036834 -0.002695 0.013914
-0.037312 -0.002546 0.011880
-0.037044 -0.002375 0.011096
-0.035871 0.003915 0.010482
-0.036179 0.023427 0.009990
-0.037355 -0.001165 0.016840
-0.040406 0.013452 0.032643
-0.039489 0.012117 0.031379
-0.030332 0.001745 0.004582
-0.036750 0.003126 0.013209
-0.040221 0.011960 0.032777
-0.039144 0.011902 0.029727
-0.039180 0.012623 0.030345
-0.035282 -0.011231 0.007883
-0.035635 -0.009712 0.008699
-0.036516 0.009897 0.011746
-0.037142 -0.002417 0.012703
-0.037215 0.002313 0.014778
-0.034717 -0.005981 0.003490
-0.038589 0.009639 0.026297
-0.034533 -0.002296 0.005388
-0.036348 0.008898 0.012269
-0.037046 0.002020 0.014045
-0.036604 -0.003505 0.014372
-0.035592 0.008683 0.009997
-0.037575 0.012602 0.015082
-0.037285 0.001030 0.015419
-0.037174 -0.002962 0.012877
-0.038855 0.011845 0.028649
-0.038495 0.009839 0.025221
-0.036086 0.008915 0.010873
-0.037297 0.001665 0.015068
-0.037143 -0.001858 0.016609
-0.034533 -0.002296 0.005388
-0.039001 0.012294 0.029439
-0.036990 -0.002259 0.013549
-0.037119 -0.003179 0.010906
-0.038959 0.012934 0.029494
-0.035082 -0.005815 0.004596
-0.038467 0.009582 0.025126
-0.034777 -0.006981 0.003776
-0.038430 0.016449 0.027145
-0.037611 0.001510 0.016430
-0.037976 0.009323 0.024200
-0.036003 0.008181 0.010883
-0.038377 0.009275 0.024988
-0.037152 -0.003133 0.012939
-0.036460 0.009560 0.012272
-0.035767 0.009185 0.010274
-0.037378 -0.001530 0.017003
-0.038077 0.002119 0.017595
-0.037852 0.001431 0.017854
-0.034938 -0.006906 0.004307
-0.035157 -0.004643 0.004134
-0.039792 0.011657 0.032277
-0.037956 0.004050 0.019452
-0.038077 0.002119 0.017595
-0.034717 -0.005981 0.003490
-0.036114 0.007826 0.012230
-0.039362 0.012433 0.031042
-0.037956 0.004050 0.019452
-0.038434 0.008508 0.025331
-0.038077 0.002119 0.017595
-0.038467 0.009582 0.025126
-0.037751 0.012805 0.014153
-0.038052 0.002768 0.018446
-0.039302 0.012174 0.030472
-0.037145 -0.003702 0.011063
-0.038183 0.009267 0.024514
-0.037196 0.003191 0.015001
-0.038053 0.002453 0.021246
-0.039948 0.012185 0.032418
-0.038589 0.009639 0.026297
-0.035592 0.008683 0.009997
-0.038855 0.011845 0.028649
-0.035768 0.005795 0.010460
-0.036537 -0.003231 0.014750
-0.035768 0.005795 0.010460
-0.034668 0.005855 0.008206
-0.037197 -0.003277 0.012735
-0.034908 -0.010662 0.007358
-0.036945 -0.004288 0.013138
-0.036504 0.000468 0.011661
-0.036359 0.010099 0.010884
-0.037205 -0.002844 0.011146
-0.034873 -0.010222 0.006669
-0.039414 0.012732 0.031348
-0.036402 0.009195 0.011748
-0.035082 -0.005815 0.004596
-0.034804 0.008200 0.008602
-0.039510 0.011445 0.031070
-0.034927 -0.011090 0.007050
-0.036468 0.009387 0.012868
-0.037026 -0.002326 0.016509
-0.037210 0.010985 0.013458
-0.036086 0.008915 0.010873
-0.037611 0.001510 0.016430
-0.036271 -0.002227 0.010059
-0.034460 -0.006018 0.003206
-0.038919 0.014185 0.029203
-0.038112 0.002823 0.019519
-0.036513 0.021462 0.018816
-0.036772 0.009055 0.014174
-0.038020 0.002359 0.018325
-0.038959 0.012934 0.029494
-0.034957 -0.009862 0.007099
-0.034927 -0.011090 0.007050
-0.035727 0.008094 0.010434
-0.033452 -0.007533 0.003685
-0.034526 -0.009894 0.003778
-0.038273 0.006177 0.023145
-0.035184 -0.003623 0.005983
-0.036332 0.022306 0.009229
-0.039489 0.012117 0.031379
-0.035425 -0.004225 0.006478
-0.037543 0.002087 0.015953
-0.038027 0.008599 0.023717
-0.036688 -0.003465 0.014031
-0.038052 0.002768 0.018446
-0.036934 0.000561 0.013752
-0.035578 0.003182 0.009749
-0.035650 -0.002903 0.006732
-0.038157 0.008947 0.024286
-0.037999 0.003164 0.018216
-0.035910 0.020905 0.009213
-0.039196 0.012104 0.030004
-0.036811 -0.005435 0.014417
-0.036750 0.003126 0.013209
-0.034845 -0.005612 0.003810
-0.035711 -0.005700 0.007266
-0.036295 0.022029 0.010175
-0.035592 0.008683 0.009997
-0.036391 0.009539 0.011321
-0.038948 -0.004546 0.026842
-0.039079 0.012457 0.029784
-0.037672 0.012486 0.013377
-0.034873 -0.010222 0.006669
-0.039672 0.011066 0.032080
-0.037076 0.002697 0.014352
-0.038077 0.002119 0.017595
-0.036332 0.022306 0.009229
-0.037773 0.012874 0.022606
-0.037643 0.012718 0.014673
-0.037039 0.002405 0.014084
-0.037949 0.012438 0.013820
-0.039567 0.011268 0.031489
-0.035768 0.005795 0.010460
-0.035064 -0.004031 0.005643
-0.037171 0.001697 0.014530
-0.036815 -0.003257 0.013698
-0.034239 -0.009176 0.003508
-0.036167 0.008324 0.012138
-0.036391 0.007353 0.011697
-0.035591 -0.008430 0.008013
-0.035913 0.007686 0.010777
-0.037419 0.007478 0.018331
-0.038352 0.008279 0.024614
-0.037389 -0.003286 0.011999
-0.036225 -0.001849 0.010046
-0.039679 0.011445 0.032071
-0.040042 0.009643 0.031122
-0.039367 0.011845 0.030503
-0.035037 -0.003957 0.006017
-0.034899 -0.010273 0.004734
-0.037913 0.001900 0.016977
-0.034845 -0.005612 0.003810
-0.037074 0.002187 0.014141
-0.035921 0.002865 0.010529
-0.039273 0.011652 0.030081
-0.038434 0.008508 0.025331
-0.039614 0.012126 0.031692
-0.039186 0.012366 0.030152
-0.035204 -0.005037 0.004797
-0.038053 0.002453 0.021246
-0.039660 0.012475 0.031911
-0.037003 -0.006091 0.013556
-0.036366 0.002896 0.011885
-0.036167 0.008324 0.012138
-0.038003 0.009678 0.024383
-0.039732 0.012219 0.031983
-0.037258 -0.008275 0.014345
-0.035578 0.003182 0.009749
-0.038079 0.006658 0.022518
-0.039790 0.011306 0.032322
-0.039302 0.012174 0.030472
-0.035184 -0.003623 0.005983
-0.036120 0.023069 0.012983
-0.039948 0.012185 0.032418
-0.038430 0.016449 0.027145
-0.035085 -0.004620 0.003920
-0.034271 -0.004666 0.002972
-0.037210 0.010985 0.013458
-0.038072 0.002604 0.018129
-0.037365 -0.002775 0.011482
-0.037441 -0.002858 0.011823
-0.038339 0.008512 0.024369
-0.037215 0.002313 0.014778
-0.037214 0.015041 0.016087
-0.038948 -0.004546 0.026842
-0.038232 0.010697 0.024770
-0.038586 -0.006585 0.025282
-0.039592 0.011195 0.031792
-0.036327 0.022339 0.010386
-0.038394 0.008051 0.024934
-0.035542 0.007830 0.009862
-0.036688 -0.003465 0.014031
-0.037935 0.002378 0.017009
-0.037278 0.003523 0.015362
-0.039347 0.011690 0.030350
-0.035304 -0.003045 0.005841
-0.036070 0.008615 0.010928
-0.038074 0.003238 0.018949
0.000000 0.000000 0.000000
-0.035530 0.008414 0.009451
-0.036697 -0.002644 0.010534
-0.036264 0.022563 0.009159
-0.036271 -0.002227 0.010059
-0.040079 0.011274 0.032546
-0.040414 0.011956 0.032909
-0.034897 -0.005070 0.003808
-0.037365 -0.002775 0.011482
-0.038053 0.002453 0.021246
-0.039079 0.012457 0.029784
-0.036090 0.008895 0.011081
-0.036468 0.009387 0.012868
-0.037547 -0.001469 0.017486
-0.038079 0.006658 0.022518
-0.037027 0.005526 0.014976
-0.036151 0.008074 0.012033
-0.036438 0.005058 0.012324
-0.035064 -0.004031 0.005643
-0.035157 -0.004643 0.004134
-0.035965 -0.007026 0.008372
-0.035908 0.009708 0.010251
-0.038105 0.002034 0.017301
-0.039948 0.012185 0.032418
-0.036402 0.009195 0.011748
-0.035266 -0.008578 0.006395
-0.036513 0.021462 0.018816
-0.039250 0.012798 0.030722
-0.034602 -0.005308 0.003399
-0.037921 0.001813 0.018140
-0.035767 0.009185 0.010274
-0.036642 -0.003917 0.014519
-0.039244 0.010589 0.029318
-0.036419 -0.006568 0.009778
-0.036487 0.009458 0.011943
-0.038855 0.011845 0.028649
-0.034938 -0.006906 0.004307
-0.039273 0.011652 0.030081
-0.039180 0.012623 0.030345
-0.037125 0.001485 0.014439
-0.040079 0.011274 0.032546
-0.038350 0.010109 0.025151
-0.036485 0.011051 0.011519
-0.036359 0.006627 0.011804
-0.039317 0.007884 0.027982
-0.038406 0.010685 0.025413
-0.035578 0.003182 0.009749
-0.035530 0.008414 0.009451
-0.037944 0.001856 0.018415
-0.036748 0.010642 0.012437
-0.035244 -0.005189 0.005548
-0.035204 -0.005037 0.004797
-0.037751 0.012805 0.014153
-0.040326 0.012418 0.032852
-0.038959 0.012934 0.029494
-0.039444 0.012046 0.031101
-0.035590 0.006676 0.010464
-0.038563 0.009809 0.025321
-0.036955 0.002156 0.013743
-0.034774 -0.004884 0.003636
-0.036917 0.003780 0.013982
-0.035495 0.007196 0.010170
-0.036793 0.012048 0.012352
-0.039463 0.011759 0.030964
-0.039144 0.011902 0.029727
-0.037751 0.012805 0.014153
-0.037042 -0.001442 0.016010
-0.036862 -0.002208 0.014037
-0.035085 -0.004620 0.003920
-0.037329 0.001690 0.015311
-0.036258 0.007670 0.011863
-0.037598 0.012951 0.014950
-0.035727 0.008094 0.010434
-0.038005 0.012296 0.013653
-0.037672 0.012486 0.013377
-0.035592 0.008683 0.009997
-0.037430 -0.001279 0.016994
-0.036725 -0.002163 0.015045
-0.035921 0.002865 0.010529
-0.039536 0.011144 0.030943
-0.036974 -0.001810 0.011728
-0.038377 0.009275 0.024988
-0.035478 0.023184 0.008656
-0.037146 0.002080 0.014419
-0.034899 -0.010273 0.004734
-0.039196 0.012104 0.030004
-0.036945 -0.004288 0.013138
-0.035227 -0.004880 0.004302
-0.037697 0.011898 0.013364
-0.038342 0.007503 0.023966
-0.036438 0.005058 0.012324
-0.035596 -0.002801 0.006245
-0.036070 0.008615 0.010928
-0.038467 0.009582 0.025126
-0.033478 0.021053 0.007392
-0.040302 -0.001960 0.030506
-0.035556 -0.003126 0.006386
-0.036332 0.019623 0.011710
0.001373 -0.000000 0.000000
-0.037237 -0.003532 0.012461
-0.035908 0.009708 0.010251
-0.036086 0.008915 0.010873
-0.035538 -0.003052 0.006061
-0.037537 0.008954 0.019421
-0.036348 0.008898 0.012269
-0.039414 0.012732 0.031348
-0.036136 0.008342 0.012661
-0.036134 0.008647 0.011642
-0.036951 -0.001870 0.013812
-0.038563 0.009809 0.025321
-0.038989 0.012143 0.029316
-0.036879 -0.002537 0.010836
-0.036136 0.008342 0.012661
-0.039499 0.011926 0.031334
-0.038291 0.011512 0.024924
-0.039390 0.012020 0.030771
-0.034980 0.000447 0.007146
-0.037026 0.021411 0.021011
-0.037171 0.001697 0.014530
-0.039414 0.012732 0.031348
-0.037657 0.004145 0.017394
-0.039603 0.011060 0.031784
-0.035908 0.009708 0.010251
-0.037501 0.013670 0.015431
-0.037026 -0.002326 0.016509
-0.037071 0.012349 0.012750
-0.035509 0.005258 0.009387
-0.036834 -0.002695 0.013914
-0.037170 0.003082 0.014944
-0.039390 0.012020 0.030771
-0.037405 0.012855 0.013398
-0.034774 -0.004884 0.003636
-0.036342 0.009072 0.012449
-0.037940 0.012210 0.013522
-0.037523 0.012857 0.015662
-0.040012 0.010737 0.032219
-0.038921 0.010651 0.028252
-0.035392 0.013197 0.009761
-0.037278 0.003523 0.015362
-0.039539 0.011632 0.031390
-0.039244 0.010589 0.029318
-0.036342 0.009072 0.012449
-0.039001 0.012294 0.029439
-0.036200 0.008078 0.011103
-0.040406 0.013452 0.032643
-0.038582 0.008022 0.025673
-0.037449 0.002725 0.015738
-0.035628 -0.002641 0.006480
-0.036774 -0.004893 0.014020
-0.036363 0.006768 0.011319
-0.038352 0.008279 0.024614
-0.035282 -0.011231 0.007883
-0.039792 0.011657 0.032277
-0.034625 -0.006931 0.003519
-0.038921 0.010651 0.028252
-0.036387 0.007734 0.011544
-0.038434 0.008508 0.025331
-0.035889 0.009748 0.009906
-0.036053 0.009325 0.010663
-0.037074 0.002187 0.014141
-0.037790 0.005015 0.020460
-0.036120 0.023069 0.012983
-0.036200 0.008078 0.011103
-0.040141 0.012608 0.032597
-0.035082 -0.005815 0.004596
-0.036667 -0.002289 0.014420
-0.037523 0.012857 0.015662
-0.036635 -0.003803 0.009896
-0.038394 0.008051 0.024934
-0.037532 0.013658 0.015134
-0.034668 0.005855 0.008206
-0.034625 -0.006931 0.003519
-0.039528 0.012630 0.031638
-0.037728 0.012700 0.013810
-0.037598 0.012951 0.014950
-0.036438 0.005058 0.012324
-0.036504 0.000468 0.011661
-0.035847 0.001681 0.009699
-0.035601 -0.002077 0.006457
-0.036990 -0.002259 0.013549
-0.037142 -0.002417 0.012703
-0.038370 0.008715 0.024860
-0.036267 0.008548 0.012948
-0.037297 0.001665 0.015068
-0.037046 0.002020 0.014045
-0.036385 0.022812 0.009367
-0.036917 0.003780 0.013982
-0.038993 0.011706 0.029042
-0.035596 -0.002801 0.006245
-0.037076 0.002697 0.014352
-0.037205 -0.002844 0.011146
-0.038020 0.002758 0.017727
-0.039317 0.007884 0.027982
-0.038157 0.008947 0.024286
-0.040345 0.012943 0.032741
-0.038072 0.002604 0.018129
-0.034526 -0.009894 0.003778
-0.037655 0.000366 0.017371
-0.035847 0.001681 0.009699
-0.036295 0.022029 0.010175
-0.037537 0.008954 0.019421
-0.037329 -0.002974 0.012297
-0.035889 0.009748 0.009906
-0.035168 -0.004933 0.004040
-0.036108 0.008244 0.012450
-0.040540 0.012179 0.033007
-0.035466 0.006703 0.009998
-0.035204 -0.005037 0.004797
-0.037875 0.012566 0.013952
-0.035957 -0.001442 0.008863
-0.036385 0.022812 0.009367
-0.035184 -0.003623 0.005983
-0.038495 0.009839 0.025221
-0.035910 0.020905 0.009213
-0.036775 -0.003016 0.013931
-0.039489 0.012117 0.031379
-0.036604 -0.003505 0.014372
-0.039539 0.011632 0.031390
-0.039414 0.012732 0.031348
-0.039510 0.011445 0.031070
-0.036295 0.022029 0.010175
-0.036601 -0.002733 0.014374
-0.036990 -0.002259 0.013549
-0.037751 0.012805 0.014153
-0.037808 0.005530 0.021147
-0.038772 0.011919 0.028244
-0.038038 0.003211 0.018692
-0.038420 -0.003937 0.023678
-0.037449 0.002725 0.015738
-0.036695 -0.002313 0.010720
-0.034668 0.005855 0.008206
-0.036193 0.009451 0.010940
-0.036974 -0.001810 0.011728
-0.037398 -0.001990 0.017255
-0.035530 0.008414 0.009451
-0.035085 -0.004620 0.003920
-0.035496 -0.002856 0.006465
-0.039180 0.012623 0.030345
-0.036204 0.022823 0.011551
-0.034602 -0.005308 0.003399
-0.038350 0.010109 0.025151
-0.037829 0.010164 0.023253
-0.039660 0.012475 0.031911
-0.036815 -0.003257 0.013698
-0.035881 0.008999 0.010553
-0.035871 0.003915 0.010482
-0.036479 -0.002572 0.010164
-0.038020 0.002758 0.017727
-0.037119 -0.003179 0.010906
-0.036167 0.008324 0.012138
-0.036232 0.008626 0.012465
-0.035693 0.009030 0.010002
-0.037128 0.012787 0.012975
-0.036911 -0.001265 0.014448
-0.038093 0.003259 0.019285
-0.039539 0.011632 0.031390
-0.038589 0.009639 0.026297
-0.036361 0.022431 0.017528
-0.040383 0.012758 0.032843
-0.036258 0.007670 0.011863
-0.034501 -0.005592 0.003217
-0.039474 0.012463 0.031450
-0.038563 0.009809 0.025321
-0.036704 -0.003933 0.013740
-0.035495 0.007196 0.010170
-0.038467 0.009582 0.025126
-0.037889 -0.003300 0.019612
-0.035510 -0.003511 0.006503
-0.034460 -0.006018 0.003206
-0.036917 0.003780 0.013982
-0.038273 0.006177 0.023145
-0.037598 0.012951 0.014950
-0.036990 -0.002259 0.013549
-0.038348 0.008031 0.024243
-0.038919 0.014185 0.029203
-0.034668 0.005855 0.008206
-0.037852 0.001431 0.017854
-0.036235 0.007298 0.012175
-0.038038 0.003211 0.018692
-0.036225 -0.001849 0.010046
-0.037919 0.012402 0.013637
-0.039539 0.011632 0.031390
-0.036369 0.006995 0.011699
-0.037143 -0.001858 0.016609
-0.037935 0.002378 0.017009
-0.037532 -0.001069 0.017251
-0.036134 0.008647 0.011642
-0.035269 -0.004855 0.004005
-0.037278 0.003523 0.015362
-0.038072 0.002604 0.018129
-0.036995 0.002826 0.014042
0.001373 -0.000000 0.000000
-0.036627 -0.003071 0.014279
-0.037119 -0.003179 0.010906
-0.038993 0.011706 0.029042
-0.034899 -0.010273 0.004734
-0.036225 -0.001849 0.010046
-0.038772 0.011919 0.028244
-0.037099 -0.003604 0.012844
-0.037889 -0.003300 0.019612
-0.039474 0.012463 0.031450
-0.039326 0.013191 0.030981
-0.037152 -0.003133 0.012939
-0.036951 -0.001870 0.013812
-0.037808 0.005530 0.021147
-0.037623 -0.001474 0.017878
-0.037419 0.007478 0.018331
-0.037355 -0.001165 0.016840
-0.036555 0.022161 0.019054
-0.033452 -0.007533 0.003685
-0.037119 -0.003179 0.010906
-0.037623 -0.001474 0.017878
-0.037919 0.012402 0.013637
-0.035363 0.007113 0.009287
-0.036026 0.006464 0.011008
-0.035282 -0.011231 0.007883
-0.035363 0.007113 0.009287
-0.034460 -0.006018 0.003206
-0.036504 0.000468 0.011661
-0.035787 0.009322 0.009738
-0.035957 -0.001442 0.008863
-0.036516 0.009897 0.011746
-0.035921 0.002865 0.010529
-0.035304 -0.003045 0.005841
-0.037093 0.008006 0.015929
-0.037532 -0.001069 0.017251
-0.040042 0.009643 0.031122
-0.039414 0.012732 0.031348
-0.038370 0.008715 0.024860
-0.034980 0.000447 0.007146
-0.036369 0.006995 0.011699
-0.038105 0.002034 0.017301
-0.037392 -0.003269 0.011675
-0.034804 0.008200 0.008602
-0.035509 0.005258 0.009387
-0.036825 -0.002137 0.011004
-0.039290 0.011913 0.030231
-0.038521 0.009729 0.025219
-0.037940 0.012210 0.013522
-0.037419 0.007478 0.018331
-0.037297 0.001665 0.015068
-0.036198 0.008576 0.012709
-0.036516 0.009897 0.011746
-0.037205 -0.002844 0.011146
-0.035424 -0.003336 0.006096
-0.034908 -0.010662 0.007358
-0.035157 -0.004643 0.004134
-0.036408 0.009312 0.012305
-0.038042 0.010472 0.024383
-0.036224 -0.002491 0.009397
-0.035037 -0.003957 0.006017
-0.039290 0.011913 0.030231
-0.039592 0.011195 0.031792
-0.035125 -0.011432 0.007346
-0.036739 -0.004631 0.014776
-0.035510 -0.003511 0.006503
-0.039790 0.011306 0.032322
-0.036085 0.007523 0.011003
-0.036667 -0.002289 0.014420
-0.036815 -0.003257 0.013698
-0.035711 -0.005700 0.007266
-0.035085 -0.004620 0.003920
-0.035711 -0.005700 0.007266
-0.038125 0.019466 0.026259
-0.036907 -0.005868 0.014266
-0.035426 0.007879 0.009407
-0.037203 0.002566 0.014847
-0.034602 -0.005308 0.003399
-0.038420 -0.003937 0.023678
-0.038246 0.008168 0.023877
-0.037537 0.013240 0.014389
-0.036232 0.008626 0.012465
-0.037919 0.012402 0.013637
-0.035432 0.007127 0.009954
-0.034263 -0.003212 0.004122
-0.036700 -0.003500 0.015423
-0.038157 0.008947 0.024286
-0.037074 0.002187 0.014141
-0.035578 0.003182 0.009749
-0.037074 0.002187 0.014141
-0.037850 0.004629 0.020870
-0.036272 0.008923 0.011691
-0.036267 0.008548 0.012948
-0.035510 -0.003511 0.006503
-0.038332 0.009749 0.024905
-0.038308 0.008725 0.024417
-0.035504 0.007117 0.009917
-0.033343 -0.003020 0.003082
-0.035900 -0.003493 0.007710
-0.036136 0.008342 0.012661
-0.039428 0.011602 0.030695
-0.038042 0.010472 0.024383
-0.036168 0.009855 0.010483
-0.036990 -0.002259 0.013549
-0.035000 -0.004746 0.003840
-0.038020 0.002359 0.018325
-0.038003 0.009678 0.024383
-0.040221 0.011960 0.032777
-0.036332 0.019623 0.011710
-0.036134 0.008647 0.011642
-0.036485 0.011051 0.011519
-0.036389 0.021160 0.015183
-0.035363 0.007113 0.009287
-0.038052 0.002263 0.018014
-0.039603 0.011060 0.031784
-0.036683 -0.002583 0.014223
-0.035900 -0.003493 0.007710
-0.036917 0.003780 0.013982
-0.038042 0.010472 0.024383
-0.038993 0.011706 0.029042
-0.037355 -0.001165 0.016840
-0.035256 -0.011487 0.007032
-0.039634 0.013058 0.031760
-0.036432 0.007017 0.013049
-0.035965 -0.007026 0.008372
-0.037398 -0.001990 0.017255
-0.034897 -0.005070 0.003808
-0.035425 -0.004225 0.006478
-0.037202 -0.002520 0.011231
-0.036359 0.006627 0.011804
-0.038350 0.010109 0.025151
-0.033343 -0.003020 0.003082
-0.036487 0.009458 0.011943
-0.036198 0.008576 0.012709
-0.038348 0.008031 0.024243
-0.038989 0.012143 0.029316
-0.037808 0.005530 0.021147
-0.036136 0.008342 0.012661
-0.035495 0.007196 0.010170
-0.039615 0.011494 0.031795
-0.039892 0.012855 0.032225
-0.037469 0.010481 0.018316
-0.035304 -0.003045 0.005841
-0.036642 -0.003917 0.014519
-0.037172 0.001390 0.014656
-0.037624 -0.001004 0.017561
-0.039499 0.011926 0.031334
-0.034526 -0.009894 0.003778
-0.035460 0.006978 0.010352
-0.033478 0.021053 0.007392
-0.038370 0.008715 0.024860
-0.038420 -0.003937 0.023678
-0.038492 0.010016 0.025439
-0.040012 0.010737 0.032219
-0.037119 -0.003179 0.010906
-0.040406 0.013452 0.032643
-0.036584 -0.001495 0.010950
-0.035466 0.006703 0.009998
-0.037913 0.001900 0.016977
-0.037419 0.012410 0.013084
-0.033613 -0.002838 0.003560
-0.036961 -0.002933 0.010759
-0.036516 0.009897 0.011746
-0.036887 -0.003643 0.013288
-0.036109 0.007091 0.010976
-0.036961 -0.002933 0.010759
-0.038077 0.002820 0.019125
-0.038922 0.012159 0.029025
-0.036537 -0.003231 0.014750
-0.036974 -0.001810 0.011728
-0.035965 -0.007026 0.008372
-0.037272 0.001456 0.015071
-0.037547 -0.001469 0.017486
-0.036650 0.012467 0.012144
-0.036026 0.006464 0.011008
-0.035847 0.001681 0.009699
-0.039792 0.011657 0.032277
-0.037071 0.012349 0.012750
-0.038420 -0.003937 0.023678
-0.036974 -0.001810 0.011728
-0.040074 0.011989 0.032625
-0.037875 0.012566 0.013952
-0.036317 0.006368 0.011421
-0.035392 0.013197 0.009761
-0.034804 0.008200 0.008602
-0.038948 -0.004546 0.026842
-0.037736 0.006397 0.020645
-0.037100 -0.002258 0.011295
-0.034668 0.005855 0.008206
-0.035064 -0.004031 0.005643
-0.034271 -0.004666 0.002972
-0.038589 0.009639 0.026297
-0.039917 0.012401 0.032339
-0.034873 -0.010222 0.006669
-0.036516 0.009897 0.011746
-0.035157 -0.004643 0.004134
-0.038093 0.003259 0.019285
-0.036460 0.009560 0.012272
-0.037885 0.004067 0.018838
-0.038495 0.009839 0.025221
-0.036267 0.008548 0.012948
-0.038427 0.012532 0.026037
-0.036174 0.007965 0.012779
-0.036332 0.019623 0.011710
-0.036887 -0.003643 0.013288
-0.037223 -0.003196 0.016882
-0.036369 0.006995 0.011699
-0.037074 0.002187 0.014141
-0.035424 -0.003336 0.006096
-0.035635 -0.009712 0.008699
-0.037312 0.011792 0.012944
-0.038077 0.002820 0.019125
-0.039180 0.012623 0.030345
-0.037042 -0.001442 0.016010
-0.037519 0.011866 0.014937
-0.037665 0.008819 0.021199
-0.036193 0.009451 0.010940
-0.036697 -0.002644 0.010534
-0.037537 0.008954 0.019421
-0.035873 0.009836 0.009993
-0.036232 -0.005769 0.008842
-0.037042 -0.001442 0.016010
-0.037125 0.001485 0.014439
-0.035711 -0.005700 0.007266
-0.036070 0.008615 0.010928
-0.036995 0.002826 0.014042
-0.039510 0.011445 0.031070
-0.038157 0.008947 0.024286
-0.033343 -0.003020 0.003082
-0.035495 0.007196 0.010170
-0.036577 -0.002075 0.010659
-0.037532 -0.001069 0.017251
-0.037142 0.002888 0.014744
-0.036555 0.022161 0.019054
-0.036537 -0.003231 0.014750
-0.036442 0.007479 0.011445
-0.036887 -0.003643 0.013288
-0.037258 -0.008275 0.014345
-0.036332 0.022306 0.009229
-0.037272 0.001456 0.015071
-0.038370 0.008715 0.024860
-0.036179 0.023427 0.009990
-0.034239 -0.009176 0.003508
-0.036750 0.003126 0.013209
-0.036224 -0.002491 0.009397
-0.040326 0.012418 0.032852
-0.036774 -0.004893 0.014020
-0.036120 0.023069 0.012983
-0.039660 0.012475 0.031911
-0.035509 0.005258 0.009387
-0.040042 0.009643 0.031122
-0.035282 -0.011231 0.007883
-0.037119 -0.003179 0.010906
-0.036815 -0.003257 0.013698
-0.039672 0.011066 0.032080
-0.037885 0.004067 0.018838
-0.041327 0.009605 0.032894
-0.036432 0.007017 0.013049
-0.036187 0.021508 0.010127
-0.039499 0.011926 0.031334
-0.035282 -0.011231 0.007883
-0.037624 -0.001004 0.017561
-0.038989 0.012143 0.029316
-0.037076 0.002697 0.014352
-0.037120 0.003440 0.014737
-0.037125 0.001485 0.014439
-0.035871 0.003915 0.010482
-0.036232 -0.005769 0.008842
-0.035688 0.007608 0.010365
-0.036302 0.008798 0.012038
-0.036745 0.007490 0.014135
-0.038582 0.008022 0.025673
-0.037382 0.001763 0.015549
-0.037142 -0.002417 0.012703
-0.036369 0.006995 0.011699
-0.039390 0.012020 0.030771
-0.035000 -0.004746 0.003840
-0.035125 -0.011432 0.007346
-0.036577 -0.002075 0.010659
-0.038112 0.002823 0.019519
-0.040221 0.011960 0.032777
-0.036460 0.009560 0.012272
-0.039244 0.010589 0.029318
-0.037537 0.008954 0.019421
-0.034455 -0.005233 0.003124
-0.036402 0.009195 0.011748
-0.037145 -0.003702 0.011063
-0.036264 0.022563 0.009159
-0.036406 0.007082 0.011413
-0.036264 0.022563 0.009159
-0.036108 0.008244 0.012450
-0.036136 0.008342 0.012661
-0.036914 0.011674 0.012446
-0.039536 0.011144 0.030943
-0.035227 -0.004880 0.004302
-0.037665 0.008819 0.021199
-0.036911 -0.001265 0.014448
-0.037643 0.012718 0.014673
-0.035424 -0.003336 0.006096
-0.036917 0.003780 0.013982
-0.035679 -0.003233 0.006805
-0.039186 0.012366 0.030152
-0.037598 0.012951 0.014950
-0.039367 0.011845 0.030503
-0.037430 -0.001279 0.016994
-0.038922 0.012159 0.029025
-0.035711 -0.005700 0.007266
-0.039697 0.010869 0.031704
-0.037119 -0.003179 0.010906
-0.037623 -0.001474 0.017878
-0.035601 -0.002077 0.006457
-0.036951 -0.001870 0.013812
-0.040345 0.012943 0.032741
-0.036967 -0.005264 0.015204
-0.035592 0.008683 0.009997
-0.035382 0.021709 0.008258
-0.036348 0.008898 0.012269
-0.037329 -0.002974 0.012297
-0.038332 0.009749 0.024905
-0.037523 0.012857 0.015662
-0.036513 0.021462 0.018816
-0.036258 0.007670 0.011863
-0.037100 -0.002258 0.011295
-0.036601 -0.002733 0.014374
-0.037839 0.012181 0.013847
-0.037882 0.001539 0.017425
-0.038127 0.005089 0.022276
-0.036745 0.007490 0.014135
-0.035881 0.008999 0.010553
-0.035082 -0.005815 0.004596
-0.038953 0.012667 0.029373
-0.034607 -0.005566 0.003327
-0.036650 0.012467 0.012144
-0.036391 0.007353 0.011697
-0.037430 -0.001279 0.016994
-0.038105 0.002034 0.017301
-0.036255 0.021830 0.012752
-0.037174 -0.002962 0.012877
-0.035693 0.009030 0.010002
-0.036879 -0.002537 0.010836
-0.037174 -0.002962 0.012877
-0.037773 0.012874 0.022606
-0.037285 0.001030 0.015419
-0.037575 0.012602 0.015082
-0.039892 0.012855 0.032225
0.001373 -0.000000 0.000000
-0.036781 -0.008363 0.011778
-0.035147 -0.004189 0.005990
-0.037069 -0.006347 0.014654
-0.040302 -0.001960 0.030506
-0.038589 0.009639 0.026297
-0.038427 0.012532 0.026037
-0.037790 0.005015 0.020460
-0.036389 0.021160 0.015183
-0.039196 0.012104 0.030004
-0.040371 0.011427 0.032781
-0.037378 -0.001530 0.017003
-0.037885 0.004067 0.018838
-0.037532 -0.001069 0.017251
-0.038232 0.010697 0.024770
-0.033613 -0.002838 0.003560
-0.035100 -0.004468 0.004728
-0.036604 -0.003505 0.014372
-0.036879 -0.002537 0.010836
-0.038979 0.012616 0.029470
-0.036278 0.008113 0.011316
-0.035530 0.008414 0.009451
-0.039186 0.012366 0.030152
-0.035425 -0.004225 0.006478
-0.036577 -0.002075 0.010659
-0.040074 0.011989 0.032625
-0.036120 0.023069 0.012983
-0.039539 0.011632 0.031390
-0.036305 0.009739 0.010890
-0.039845 0.012096 0.032262
-0.037258 -0.008275 0.014345
-0.037143 -0.001858 0.016609
-0.035578 0.003182 0.009749
-0.037205 -0.002844 0.011146
-0.039367 0.011845 0.030503
-0.040383 0.012758 0.032843
-0.037519 -0.005789 0.017169
-0.037728 0.012700 0.013810
-0.036003 0.008181 0.010883
-0.037570 0.013330 0.015141
-0.036361 0.022431 0.017528
-0.038500 0.006977 0.024843
-0.039420 0.014920 0.030775
-0.036930 -0.001304 0.013125
-0.036327 0.022339 0.010386
-0.037419 0.007478 0.018331
-0.035000 -0.004746 0.003840
-0.036485 0.011051 0.011519
-0.038953 0.012667 0.029373
-0.036352 -0.002097 0.010291
-0.036537 -0.003231 0.014750
-0.037196 0.003191 0.015001
-0.037069 -0.006347 0.014654
-0.036516 0.009897 0.011746
-0.035227 -0.004880 0.004302
-0.035847 0.001681 0.009699
-0.036417 0.009181 0.012158
-0.035064 -0.004031 0.005643
-0.038072 0.002604 0.018129
-0.038959 0.012934 0.029494
-0.036538 -0.002358 0.010468
-0.039618 0.012407 0.031761
-0.036349 0.007736 0.011290
-0.038112 0.002823 0.019519
-0.037382 0.001763 0.015549
-0.037378 -0.001530 0.017003
-0.037253 0.002834 0.015129
-0.037120 0.003440 0.014737
-0.036317 0.006368 0.011421
-0.038582 0.008022 0.025673
-0.035000 -0.004746 0.003840
-0.036781 -0.008363 0.011778
-0.038370 0.008715 0.024860
-0.036990 -0.002259 0.013549
-0.036951 -0.001870 0.013812
-0.036352 -0.002097 0.010291
-0.036168 0.009855 0.010483
-0.039273 0.011652 0.030081
-0.038492 0.010016 0.025439
-0.038005 0.012296 0.013653
-0.038029 0.001578 0.019612
-0.033343 -0.003020 0.003082
-0.037457 -0.007500 0.015884
-0.038922 0.002835 0.025514
-0.037611 0.001510 0.016430
-0.036250 -0.002289 0.009881
-0.039144 0.011902 0.029727
-0.039474 0.012463 0.031450
-0.036302 0.008798 0.012038
-0.036716 -0.004273 0.013543
-0.039444 0.012046 0.031101
-0.038348 0.008031 0.024243
-0.039614 0.012126 0.031692
-0.036555 0.022161 0.019054
-0.038005 0.012296 0.013653
-0.037976 0.009323 0.024200
-0.037365 -0.002775 0.011482
-0.037197 -0.003277 0.012735
-0.038420 -0.003937 0.023678
-0.036179 0.023427 0.009990
-0.040074 0.011989 0.032625
-0.035591 -0.008430 0.008013
-0.036126 0.008066 0.011794
-0.035881 0.008999 0.010553
-0.037285 0.001030 0.015419
-0.037197 -0.003277 0.012735
-0.038079 0.006658 0.022518
-0.037214 0.015041 0.016087
-0.034938 -0.006906 0.004307
-0.037977 0.001851 0.017858
-0.038205 0.008642 0.024080
-0.036774 -0.004893 0.014020
-0.038467 0.009582 0.025126
-0.035635 -0.009712 0.008699
-0.034938 -0.006906 0.004307
-0.037739 0.012209 0.013271
-0.035799 0.009545 0.010014
-0.039317 0.007884 0.027982
-0.038342 0.007503 0.023966
-0.037196 0.003191 0.015001
-0.036862 -0.002208 0.014037
0.001373 -0.000000 0.000000
0.001373 -0.000000 0.000000
-0.035147 -0.004189 0.005990
-0.035538 -0.003052 0.006061
