0.098530 -0.105139 0.051663
0.107120 -0.104945 0.045432
0.098433 -0.103040 0.051802
0.101195 -0.100614 0.051787
0.105049 -0.107125 0.048616
0.103576 -0.107650 0.048675
0.100198 -0.108006 0.048864
0.105760 -0.106815 0.050036
0.097956 -0.107685 0.044036
0.106505 -0.105751 0.051027
0.103701 -0.105299 0.051689
0.101866 -0.100005 0.051846
0.098405 -0.101257 0.051830
0.103103 -0.102241 0.051864
0.103631 -0.107576 0.044727
0.102955 -0.103280 0.051675
0.103816 -0.102302 0.051720
0.098750 -0.102490 0.051789
0.105664 -0.106555 0.050411
0.103447 -0.102267 0.051779
0.100357 -0.107468 0.050911
0.101184 -0.107588 0.046144
0.107467 -0.105225 0.048347
0.105726 -0.106735 0.048594
0.102221 -0.107623 0.050392
0.098727 -0.105811 0.051227
0.104120 -0.107177 0.046154
0.098306 -0.103305 0.051856
0.100724 -0.107968 0.049840
0.098020 -0.107251 0.043689
0.101128 -0.107726 0.050848
0.106866 -0.105831 0.050444
0.106041 -0.106610 0.050107
0.098327 -0.107641 0.050568
0.104824 -0.107117 0.050091
0.101136 -0.102033 0.051642
0.098462 -0.104691 0.051752
0.102275 -0.107737 0.044746
0.105705 -0.106173 0.044108
0.101373 -0.106763 0.051201
0.099303 -0.107822 0.046936
0.104566 -0.107135 0.046530
0.099432 -0.106014 0.051075
0.096867 -0.106235 0.051144
0.099579 -0.108000 0.048981
0.104627 -0.107064 0.046162
0.101707 -0.102466 0.051694
0.107453 -0.105090 0.046670
0.104653 -0.106991 0.045905
0.105650 -0.106290 0.044366
0.105504 -0.103204 0.052134
0.102501 -0.107712 0.047683
0.104315 -0.105362 0.051388
0.105472 -0.102912 0.052006
0.100578 -0.102020 0.051687
0.103614 -0.107644 0.049140
0.100735 -0.107957 0.049059
0.102339 -0.103034 0.051800
0.099129 -0.107935 0.048786
0.097813 -0.107724 0.045817
0.101947 -0.105893 0.051059
0.103231 -0.101482 0.051919
0.107030 -0.105731 0.049557
0.103957 -0.103164 0.051667
0.103947 -0.103823 0.051795
0.104312 -0.107343 0.047920
0.106605 -0.104583 0.051903
0.101397 -0.101492 0.051664
0.097695 -0.107773 0.047401
0.103352 -0.104971 0.051727
0.106583 -0.105221 0.051403
0.096694 -0.103193 0.051826
0.105783 -0.106673 0.048157
0.096695 -0.107488 0.045280
0.103895 -0.107594 0.049144
0.107004 -0.105732 0.050271
0.098837 -0.101370 0.051769
0.097025 -0.107655 0.046654
0.100358 -0.105992 0.051395
0.103052 -0.107732 0.048757
0.104386 -0.107154 0.044427
0.102717 -0.105517 0.051303
0.101857 -0.102259 0.051670
0.100204 -0.100611 0.051756
0.102374 -0.105561 0.051262
0.097767 -0.107681 0.047131
0.100929 -0.107768 0.046943
0.104983 -0.105576 0.051298
0.097304 -0.107644 0.047627
0.100222 -0.101935 0.051748
0.098566 -0.107646 0.045256
0.101907 -0.107664 0.044998
0.104225 -0.105166 0.051905
0.104347 -0.107380 0.043793
0.104860 -0.107156 0.049168
0.104588 -0.107196 0.047148
0.096980 -0.102568 0.051868
0.107546 -0.105132 0.048829
0.096670 -0.101591 0.051819
0.105930 -0.105125 0.051759
0.099953 -0.100519 0.051744
0.099761 -0.107716 0.050739
0.097035 -0.107552 0.045112
0.100640 -0.100432 0.051777
0.102981 -0.107744 0.049225
0.105132 -0.105882 0.051053
0.097853 -0.102331 0.051826
0.104217 -0.102904 0.051752
0.104094 -0.107361 0.044787
0.102022 -0.102524 0.051697
0.098374 -0.107829 0.049839
0.105471 -0.106850 0.047275
0.098299 -0.107604 0.045188
0.101348 -0.104980 0.051787
0.106077 -0.106504 0.046664
0.107047 -0.105638 0.048662
0.103634 -0.107640 0.049988
0.105286 -0.103859 0.052113
0.098384 -0.104254 0.051854
0.106461 -0.105886 0.044691
0.101118 -0.107881 0.049283
0.097370 -0.107574 0.045287
0.102603 -0.107550 0.050753
0.102699 -0.107558 0.046432
0.105619 -0.105414 0.051511
0.097410 -0.107796 0.050326
0.107401 -0.105289 0.047657
0.100881 -0.107525 0.045667
0.102348 -0.107786 0.048121
0.106866 -0.104697 0.051504
0.106602 -0.105715 0.045288
0.101610 -0.105081 0.051726
0.102867 -0.107574 0.046596
0.100757 -0.107646 0.043786
0.101359 -0.107866 0.049291
0.101878 -0.100482 0.051817
0.100624 -0.107700 0.046307
0.102884 -0.105881 0.051024
0.099636 -0.107712 0.045773
0.104037 -0.107473 0.048538
0.102154 -0.104439 0.051702
0.104084 -0.107443 0.049903
0.096561 -0.107668 0.047468
0.098015 -0.107714 0.048027
0.104332 -0.103289 0.051726
0.097239 -0.107841 0.050256
0.098889 -0.107711 0.045791
0.103835 -0.107380 0.046862
0.099188 -0.107920 0.047853
0.099728 -0.106110 0.051141
0.097936 -0.105713 0.051240
0.103461 -0.107701 0.049416
0.105443 -0.106846 0.050342
0.101300 -0.103741 0.051751
0.100952 -0.107934 0.048413
0.105725 -0.103507 0.052327
0.096816 -0.105877 0.051205
0.107560 -0.105082 0.049120
0.103783 -0.102807 0.051710
0.100142 -0.107680 0.046037
0.102426 -0.100201 0.051860
0.099904 -0.107584 0.045514
0.102108 -0.107474 0.045473
0.105492 -0.106814 0.049148
0.098916 -0.107675 0.045621
0.097976 -0.106989 0.050886
0.106304 -0.106366 0.046914
0.103980 -0.104360 0.051837
0.105020 -0.106672 0.043866
0.101323 -0.105288 0.051770
0.096635 -0.107487 0.044850
0.105610 -0.106749 0.047005
0.106522 -0.106177 0.048867
0.099117 -0.107883 0.050401
0.097533 -0.103832 0.051882
0.100950 -0.100524 0.051768
0.099776 -0.101807 0.051759
0.102887 -0.107155 0.045551
0.101096 -0.101585 0.051659
0.101570 -0.105858 0.051087
0.096972 -0.107858 0.050222
0.097268 -0.106654 0.051010
0.100105 -0.107465 0.050956
0.107769 -0.105126 0.044413
0.098645 -0.107942 0.048900
0.105285 -0.106499 0.044392
0.102307 -0.107777 0.048517
0.106686 -0.105700 0.045595
0.105978 -0.106542 0.047732
0.098503 -0.107793 0.046941
0.098170 -0.107898 0.048508
0.107290 -0.105407 0.049659
0.105092 -0.106920 0.046238
0.106266 -0.106269 0.046230
0.103012 -0.103036 0.051647
0.106461 -0.104363 0.052367
0.101834 -0.107602 0.046536
0.099876 -0.108027 0.049026
0.103425 -0.107055 0.050728
0.101672 -0.106174 0.051038
0.103881 -0.107497 0.048165
0.105703 -0.104538 0.052267
0.099414 -0.101006 0.051748
0.096987 -0.101531 0.051820
0.099485 -0.101189 0.051730
0.100900 -0.107715 0.046647
0.104481 -0.107261 0.047440
0.103509 -0.102702 0.051684
0.106755 -0.105933 0.046799
0.096689 -0.107869 0.049651
0.099230 -0.107912 0.050204
0.102098 -0.107586 0.046555
0.096828 -0.107558 0.046008
0.104922 -0.105412 0.051399
0.106268 -0.104549 0.052300
0.097863 -0.104752 0.051724
0.105531 -0.106233 0.043893
0.100596 -0.107540 0.045268
0.100386 -0.103175 0.051700
0.101270 -0.104076 0.051792
0.097954 -0.107360 0.050643
0.106017 -0.103523 0.052414
0.100401 -0.103556 0.051750
0.101832 -0.106601 0.051087
0.100630 -0.107384 0.050996
0.106175 -0.104280 0.052422
0.100327 -0.105003 0.051958
0.098495 -0.107765 0.047078
0.096848 -0.107773 0.044347
0.103551 -0.107411 0.050553
0.099284 -0.107762 0.046047
0.106925 -0.105843 0.047325
0.101186 -0.102804 0.051720
0.105726 -0.106702 0.047954
0.106443 -0.106104 0.046377
0.106692 -0.104190 0.052345
0.105066 -0.106758 0.044840
0.104538 -0.106041 0.051092
0.100536 -0.107986 0.048873
0.103246 -0.107637 0.047058
0.101883 -0.104378 0.051764
0.106541 -0.106153 0.050214
0.103510 -0.107666 0.048352
0.099178 -0.102551 0.051745
0.097075 -0.107568 0.046070
0.103954 -0.107173 0.045505
0.102501 -0.103105 0.051801
0.102547 -0.107763 0.048932
0.101537 -0.106487 0.051108
0.104034 -0.105376 0.051512
0.103583 -0.107280 0.045227
0.101285 -0.107576 0.051061
0.103448 -0.107230 0.045886
0.096666 -0.103811 0.051832
0.104689 -0.103361 0.051782
0.107196 -0.105492 0.046773
0.100484 -0.105451 0.051925
0.099429 -0.107880 0.047131
0.104255 -0.107354 0.047642
0.105987 -0.104559 0.052291
0.104973 -0.106990 0.050327
0.098012 -0.106161 0.051115
0.104322 -0.106585 0.050656
0.103955 -0.107366 0.046657
0.102018 -0.107606 0.046749
0.103796 -0.104200 0.051830
0.102341 -0.104597 0.051567
0.103454 -0.107588 0.050363
0.100452 -0.107886 0.050201
0.103784 -0.107497 0.050314
0.106514 -0.106135 0.046722
0.098847 -0.105146 0.051687
0.100642 -0.100962 0.051775
0.102475 -0.107520 0.046257
0.099482 -0.107983 0.049588
0.103606 -0.107626 0.048057
0.102209 -0.102265 0.051690
0.102840 -0.100496 0.051890
0.096734 -0.102839 0.051865
0.100370 -0.107945 0.048119
0.097739 -0.107824 0.044229
0.104550 -0.107197 0.046865
0.101616 -0.107863 0.049342
0.101033 -0.103604 0.051687
0.097207 -0.102075 0.051852
0.103887 -0.106667 0.050642
0.105708 -0.105189 0.051847
0.100004 -0.107878 0.047500
0.101251 -0.107673 0.046644
0.100784 -0.105518 0.051865
0.096640 -0.107813 0.044452
0.105959 -0.106319 0.050448
0.098873 -0.100893 0.051803
0.099377 -0.107061 0.051016
0.096972 -0.107837 0.049576
0.105113 -0.106688 0.044550
0.106462 -0.106089 0.050471
0.103205 -0.107558 0.046755
0.097041 -0.103049 0.051877
0.099715 -0.107658 0.044734
0.098609 -0.101389 0.051788
0.107614 -0.105220 0.044626
0.107355 -0.105316 0.049174
0.100178 -0.106135 0.051199
0.102281 -0.103262 0.051786
0.100406 -0.105210 0.051943
0.097163 -0.107667 0.046720
0.101090 -0.100345 0.051779
0.100380 -0.102988 0.051705
0.104868 -0.103003 0.051751
0.100136 -0.101111 0.051724
0.102149 -0.103496 0.051752
0.100863 -0.107981 0.049513
0.104470 -0.106892 0.050528
0.104767 -0.104608 0.052055
0.102757 -0.107396 0.045363
0.104011 -0.106041 0.051120
0.099796 -0.107743 0.046005
0.103790 -0.107533 0.047283
0.099898 -0.108004 0.049208
0.096998 -0.107617 0.046370
0.099062 -0.107660 0.045025
0.098865 -0.106918 0.050863
0.103353 -0.107796 0.043979
0.098574 -0.107905 0.049560
0.100325 -0.107566 0.045510
0.101718 -0.103280 0.051755
0.100419 -0.107957 0.048597
0.097385 -0.107869 0.049275
0.098566 -0.107966 0.049040
0.103553 -0.107574 0.047111
0.096616 -0.107555 0.045920
0.105629 -0.106851 0.049882
0.106359 -0.105026 0.051485
0.105144 -0.106127 0.050729
0.097225 -0.107802 0.050376
0.099242 -0.100596 0.051774
0.105858 -0.105523 0.051377
0.105774 -0.106684 0.047694
0.097208 -0.107507 0.045508
0.096989 -0.107530 0.045783
0.102939 -0.104545 0.051565
0.102728 -0.107756 0.049808
0.099176 -0.104697 0.051895
0.101648 -0.105672 0.051450
0.105176 -0.107044 0.049453
0.107448 -0.105155 0.050618
0.097322 -0.107884 0.048259
0.102920 -0.102455 0.051847
0.105531 -0.104029 0.052229
0.103646 -0.107470 0.046669
0.097332 -0.107616 0.050540
0.099307 -0.107659 0.045065
0.107243 -0.105348 0.046540
0.102401 -0.107405 0.046001
0.097872 -0.103729 0.051934
0.100055 -0.106629 0.051195
0.097113 -0.106028 0.051163
0.104632 -0.107068 0.044197
0.101728 -0.107532 0.046264
0.099328 -0.107846 0.050451
0.103336 -0.107697 0.049117
0.096752 -0.107089 0.050969
0.098824 -0.107679 0.046184
0.103907 -0.107456 0.047963
0.103510 -0.105347 0.051262
0.105261 -0.106816 0.045924
0.106744 -0.105980 0.048706
0.107592 -0.105086 0.048113
0.100457 -0.107607 0.046082
0.103867 -0.107422 0.044904
0.100299 -0.107964 0.048279
0.097090 -0.107865 0.048831
0.097759 -0.106273 0.051083
0.104898 -0.106848 0.044244
0.097967 -0.107712 0.044716
0.098534 -0.104002 0.051908
0.103561 -0.105300 0.051191
0.104475 -0.105804 0.051145
0.102604 -0.101957 0.051805
0.097647 -0.107831 0.050160
0.098596 -0.107754 0.050480
0.100178 -0.107657 0.050743
0.101593 -0.107867 0.048806
0.096981 -0.107823 0.048247
0.102899 -0.101619 0.051887
0.101548 -0.107831 0.050380
0.100893 -0.107745 0.050740
0.100941 -0.099798 0.051818
0.102157 -0.104049 0.051770
0.100887 -0.107838 0.050412
0.106733 -0.105616 0.044639
0.100434 -0.107948 0.049999
0.101488 -0.107669 0.046707
0.107058 -0.105676 0.050046
0.106870 -0.105517 0.045757
0.104732 -0.107184 0.047626
0.098301 -0.107729 0.046187
0.106903 -0.105762 0.048951
0.103802 -0.107146 0.045656
0.098502 -0.107715 0.045822
0.101495 -0.103926 0.051774
0.103323 -0.104143 0.051771
0.104315 -0.105268 0.051856
0.103126 -0.107724 0.048264
0.099707 -0.105360 0.051819
0.102645 -0.106779 0.051065
0.101789 -0.107861 0.049060
0.096964 -0.104439 0.051824
0.106693 -0.105188 0.043816
0.103083 -0.107463 0.045229
0.107341 -0.105359 0.044371
0.097934 -0.106754 0.051009
0.100613 -0.107769 0.050579
0.106969 -0.105415 0.045942
0.106605 -0.106065 0.050357
0.099482 -0.107967 0.048553
0.105024 -0.104782 0.052075
0.106330 -0.105701 0.051214
0.105673 -0.105717 0.051201
0.107423 -0.105276 0.047951
0.103170 -0.107725 0.047327
0.106108 -0.106529 0.049316
0.097587 -0.105429 0.051508
0.099443 -0.107745 0.045968
0.105925 -0.105257 0.051534
0.099703 -0.107923 0.047657
0.102773 -0.107602 0.046872
0.102769 -0.102262 0.051825
0.106599 -0.104710 0.051650
0.105813 -0.103083 0.052229
0.098641 -0.104878 0.051749
0.098185 -0.100955 0.051834
0.106857 -0.105008 0.051381
0.101754 -0.106885 0.051177
0.099092 -0.106918 0.050937
0.101128 -0.105813 0.051625
0.101708 -0.100263 0.051830
0.100454 -0.107782 0.047130
0.099721 -0.107787 0.050607
0.105579 -0.105955 0.050542
0.097541 -0.107648 0.046962
0.105676 -0.106804 0.049664
0.098496 -0.107974 0.049154
0.098806 -0.107626 0.044996
0.102118 -0.100260 0.051815
0.096604 -0.106438 0.051201
0.099429 -0.107880 0.047131
0.106357 -0.106332 0.050142
0.107284 -0.104876 0.045721
0.102119 -0.103755 0.051776
0.096635 -0.107770 0.048117
0.101188 -0.105512 0.051758
0.099839 -0.107988 0.049551
0.104728 -0.102822 0.051688
0.099163 -0.106850 0.043574
0.097810 -0.102943 0.051867
0.101289 -0.106017 0.051237
0.104485 -0.106366 0.050763
0.098804 -0.107650 0.045283
0.096631 -0.104871 0.051633
0.102361 -0.100585 0.051817
0.096555 -0.107707 0.047751
0.104255 -0.107260 0.046572
0.104495 -0.104011 0.051918
0.104089 -0.102508 0.051801
0.103196 -0.105742 0.051026
0.103919 -0.107554 0.048827
0.103317 -0.105535 0.051198
0.105873 -0.106729 0.049831
0.107639 -0.105042 0.048532
0.099574 -0.107766 0.046246
0.097622 -0.107886 0.049043
0.100728 -0.107925 0.050124
0.103601 -0.104735 0.051848
0.101793 -0.105717 0.051114
0.106067 -0.104753 0.052149
0.100093 -0.104022 0.051792
0.099285 -0.107945 0.049299
0.097588 -0.107848 0.049928
0.104029 -0.107391 0.047782
0.105971 -0.103818 0.052460
0.097421 -0.107759 0.044415
0.097711 -0.103558 0.051907
0.105495 -0.106633 0.045009
0.096833 -0.107781 0.049432
0.104877 -0.107067 0.046722
0.100297 -0.107828 0.050339
0.102504 -0.107414 0.045468
0.097661 -0.107630 0.044934
0.101815 -0.101523 0.051657
0.096827 -0.101904 0.051847
0.106008 -0.103233 0.052339
0.100812 -0.107665 0.046186
0.100142 -0.107857 0.050174
0.104923 -0.106298 0.050745
0.103554 -0.107171 0.045730
0.101782 -0.107674 0.046820
0.101586 -0.107846 0.048502
0.104758 -0.106975 0.045520
0.103702 -0.107579 0.047537
0.104581 -0.107317 0.049637
0.098587 -0.107522 0.050826
0.101428 -0.107716 0.047157
0.098884 -0.107907 0.049551
0.102404 -0.107744 0.049896
0.100958 -0.106205 0.051223
0.103373 -0.107717 0.048180
0.096985 -0.107425 0.045575
0.107151 -0.105548 0.049125
0.101239 -0.101197 0.051697
0.098460 -0.107674 0.044928
0.099738 -0.107944 0.047867
0.105831 -0.104267 0.052357
0.096590 -0.107902 0.050131
0.101451 -0.107111 0.051231
0.105571 -0.106695 0.046046
0.100788 -0.107191 0.051132
0.104808 -0.107194 0.049746
0.107105 -0.105605 0.047357
0.106870 -0.105837 0.048604
0.098709 -0.107687 0.045553
0.097947 -0.107579 0.045038
0.098108 -0.102711 0.051817
0.098929 -0.105406 0.051662
0.105960 -0.106591 0.049183
0.105354 -0.106813 0.046855
0.104767 -0.104608 0.052055
0.097942 -0.107735 0.046647
0.106100 -0.106525 0.046953
0.103537 -0.101656 0.051853
0.103652 -0.106367 0.050899
0.107535 -0.105077 0.050493
0.105798 -0.106668 0.048989
0.099120 -0.107548 0.050781
0.106813 -0.105752 0.050675
0.097087 -0.107558 0.047415
0.100654 -0.107934 0.048120
0.104692 -0.107243 0.048550
0.103917 -0.107507 0.044604
0.099421 -0.107402 0.050939
0.097759 -0.101747 0.051862
0.098503 -0.107793 0.046941
0.102022 -0.104661 0.051675
0.106793 -0.104466 0.051724
0.097204 -0.107601 0.045837
0.100884 -0.102077 0.051628
0.098897 -0.103472 0.051820
0.103232 -0.107691 0.049853
0.098719 -0.101696 0.051799
0.106220 -0.103999 0.052473
0.103288 -0.106028 0.051022
0.103075 -0.106465 0.051018
0.102828 -0.107733 0.048563
0.101699 -0.105315 0.051658
0.100578 -0.107554 0.045669
0.104347 -0.107172 0.046297
0.100953 -0.103084 0.051628
0.098133 -0.107644 0.045326
0.102465 -0.107744 0.047827
0.106156 -0.104890 0.051903
0.097112 -0.102385 0.051862
0.098959 -0.104452 0.051906
0.104487 -0.106187 0.050951
0.107186 -0.105367 0.051012
0.100903 -0.105976 0.043448
0.106727 -0.106016 0.049074
0.100948 -0.101064 0.051739
0.104520 -0.102956 0.051689
0.101125 -0.107911 0.048182
0.096720 -0.106747 0.051125
0.106606 -0.105733 0.044952
0.100400 -0.101141 0.051766
0.107117 -0.105594 0.047959
0.100598 -0.107793 0.046889
0.103250 -0.103792 0.051755
0.098512 -0.102273 0.051804
0.101983 -0.103113 0.051767
0.097305 -0.104944 0.051650
0.103280 -0.103227 0.051646
0.104121 -0.107227 0.050441
0.097024 -0.104732 0.051737
0.104910 -0.106961 0.045978
0.100293 -0.107783 0.050496
0.097464 -0.107671 0.045890
0.099706 -0.107515 0.050954
0.101444 -0.107545 0.045793
0.101837 -0.107814 0.049637
0.097471 -0.107695 0.046210
0.105492 -0.105819 0.051016
0.097858 -0.105373 0.051555
0.107040 -0.105171 0.045592
0.097406 -0.107617 0.046764
0.107491 -0.105107 0.047138
0.098576 -0.107780 0.047435
0.102019 -0.107359 0.051060
0.105899 -0.106647 0.047507
0.099711 -0.102363 0.051742
0.102125 -0.107795 0.049603
0.107232 -0.105449 0.048790
0.099232 -0.101448 0.051736
0.103679 -0.107643 0.044360
0.096983 -0.107493 0.044873
0.103342 -0.107682 0.050032
0.105151 -0.106970 0.047282
0.101616 -0.107357 0.051185
0.104562 -0.102231 0.051885
0.104780 -0.107080 0.047297
0.098478 -0.107028 0.050943
0.106324 -0.105848 0.044257
0.105629 -0.102991 0.052074
0.101713 -0.107633 0.045119
0.106869 -0.105633 0.046077
0.096836 -0.107635 0.046852
0.099529 -0.107775 0.050649
0.097839 -0.107850 0.048166
0.105532 -0.103760 0.052251
0.106673 -0.106096 0.049281
0.105373 -0.105713 0.051165
0.098976 -0.107681 0.045510
0.098954 -0.105921 0.051220
0.098188 -0.103807 0.051941
0.102629 -0.101388 0.051847
0.102990 -0.107290 0.050839
0.102346 -0.107362 0.045695
0.099036 -0.106735 0.051038
0.100718 -0.107558 0.045496
0.096927 -0.102247 0.051861
0.106217 -0.105264 0.051442
0.100943 -0.104066 0.051791
0.097014 -0.102779 0.051862
0.099608 -0.106987 0.051128
0.097149 -0.107620 0.046918
0.107126 -0.105577 0.046991
0.100337 -0.107615 0.045079
0.097530 -0.107855 0.048023
0.097918 -0.101440 0.051858
0.100382 -0.105736 0.051832
0.102531 -0.105370 0.051471
0.100595 -0.104807 0.051890
0.104203 -0.107494 0.049109
0.101743 -0.107767 0.050444
0.102207 -0.101125 0.051797
0.103197 -0.107717 0.048562
0.099327 -0.107752 0.046657
0.102863 -0.105636 0.051066
0.104983 -0.103289 0.051907
0.100653 -0.107786 0.047519
0.099891 -0.103849 0.051746
0.101040 -0.107865 0.047755
0.101903 -0.107824 0.048619
0.098120 -0.107826 0.049998
0.105600 -0.106724 0.045559
0.098965 -0.107847 0.050108
0.099919 -0.107787 0.046448
0.098919 -0.107844 0.050378
0.100796 -0.102881 0.051685
0.100260 -0.104326 0.051847
0.098664 -0.107157 0.050857
0.101929 -0.106234 0.051008
0.099233 -0.107944 0.049883
0.100227 -0.101318 0.051759
0.103231 -0.105140 0.051579
0.102122 -0.107535 0.046307
0.106901 -0.105802 0.048747
0.105674 -0.104784 0.052141
0.106561 -0.104305 0.043229
0.100827 -0.107935 0.048150
0.107434 -0.105197 0.049709
0.103117 -0.107317 0.045971
0.104068 -0.107550 0.049479
0.097504 -0.107917 0.048469
0.101028 -0.106923 0.051199
0.097682 -0.106603 0.051050
0.104845 -0.104342 0.052029
0.107222 -0.105469 0.047883
0.103251 -0.107731 0.047706
0.100058 -0.107633 0.044458
0.097619 -0.101471 0.051816
0.098506 -0.104413 0.051749
0.099536 -0.107935 0.047986
0.105948 -0.105429 0.043569
0.096979 -0.107540 0.047530
0.105939 -0.106610 0.047071
0.100172 -0.108005 0.049487
0.106398 -0.104693 0.043404
0.105258 -0.107000 0.047796
0.096629 -0.107808 0.048867
0.105630 -0.106660 0.046322
0.102915 -0.104818 0.051606
0.103738 -0.107650 0.049452
0.103551 -0.105447 0.051151
0.099145 -0.107742 0.044291
0.107100 -0.104970 0.043786
0.099461 -0.107816 0.044372
0.106795 -0.105973 0.047102
0.100402 -0.108009 0.049199
0.099555 -0.104022 0.051836
0.097102 -0.105663 0.051345
0.100069 -0.103629 0.051766
0.106303 -0.105366 0.043772
0.096988 -0.106524 0.043478
0.096578 -0.107439 0.050849
0.103415 -0.107706 0.049660
0.102784 -0.107745 0.047548
0.097865 -0.105890 0.051104
0.099448 -0.107938 0.047823
0.101744 -0.107732 0.047668
0.099862 -0.101554 0.051757
0.107244 -0.105189 0.044057
0.097494 -0.107639 0.043970
0.104057 -0.105331 0.051763
0.102513 -0.107733 0.048702
0.107191 -0.105512 0.050293
0.100684 -0.107840 0.044099
0.104668 -0.106221 0.050870
0.103085 -0.101182 0.051895
0.099923 -0.107576 0.045090
0.101810 -0.107225 0.051167
0.105908 -0.105723 0.050708
0.104136 -0.107553 0.044111
0.098544 -0.100968 0.051811
0.101793 -0.105522 0.051547
0.101259 -0.107865 0.048749
0.097829 -0.107824 0.047846
0.105154 -0.106592 0.044125
0.104552 -0.107214 0.050171
0.098210 -0.107961 0.049068
0.102527 -0.107343 0.045795
0.102355 -0.104288 0.051696
0.102029 -0.105553 0.051387
0.097863 -0.107836 0.044474
0.101140 -0.107656 0.046494
0.106254 -0.106303 0.048182
0.106691 -0.104573 0.043404
0.103968 -0.104735 0.051908
0.098530 -0.105634 0.051567
0.101218 -0.107575 0.045955
0.101161 -0.103064 0.051696
0.102165 -0.102862 0.051744
0.099270 -0.107656 0.045508
0.107551 -0.105007 0.047316
0.104317 -0.107300 0.047142
0.100968 -0.103843 0.051740
0.100486 -0.102272 0.051685
0.099023 -0.107775 0.050585
0.099711 -0.105630 0.051711
0.100097 -0.107509 0.045312
0.102074 -0.107117 0.051121
0.102095 -0.101592 0.051734
0.097833 -0.107650 0.045204
0.096955 -0.107630 0.046982
0.099585 -0.107848 0.046873
0.099907 -0.104345 0.051886
0.104186 -0.106194 0.051036
0.105168 -0.103050 0.051942
0.098184 -0.104067 0.051945
0.098338 -0.105448 0.051609
0.104858 -0.107035 0.046363
0.098940 -0.104897 0.051779
0.098266 -0.107509 0.043891
0.096656 -0.107819 0.048433
0.102709 -0.105697 0.051010
0.098490 -0.102611 0.051789
0.103387 -0.107541 0.046634
0.106218 -0.106310 0.047826
0.103801 -0.104783 0.051861
0.105173 -0.107070 0.048293
0.099042 -0.107729 0.044709
0.104385 -0.105565 0.051204
0.099299 -0.103045 0.051715
0.107508 -0.104993 0.050687
0.100328 -0.107810 0.047575
0.100254 -0.107816 0.046909
0.104875 -0.106824 0.045095
0.107392 -0.105230 0.050388
0.102538 -0.107768 0.049515
0.101337 -0.105825 0.051470
0.106167 -0.105849 0.050656
0.100950 -0.107902 0.047948
0.097872 -0.107905 0.048506
0.106021 -0.106579 0.047311
0.106423 -0.106295 0.047189
0.105082 -0.107053 0.049702
0.098720 -0.106434 0.051083
0.100944 -0.107596 0.045293
0.104822 -0.105806 0.051162
0.104320 -0.107296 0.050299
0.100421 -0.107779 0.046643
0.099076 -0.107918 0.048035
0.099700 -0.105060 0.051899
0.103769 -0.106294 0.050984
0.096563 -0.107668 0.047144
0.107392 -0.105303 0.049443
0.106616 -0.106120 0.047056
0.098871 -0.107763 0.046944
0.100882 -0.104443 0.051823
0.099941 -0.102562 0.051704
0.104829 -0.105166 0.051819
0.100856 -0.101826 0.051674
0.105470 -0.106903 0.049591
0.103267 -0.107717 0.047966
0.099627 -0.107810 0.050466
0.099368 -0.102514 0.051718
0.097344 -0.105985 0.051098
0.096631 -0.107687 0.044623
0.101236 -0.107788 0.047598
0.106978 -0.105756 0.048015
0.102062 -0.100682 0.051803
0.097288 -0.107613 0.045144
0.103626 -0.107138 0.050627
0.104176 -0.107529 0.043794
0.097063 -0.107518 0.047192
0.099560 -0.104256 0.051898
0.106678 -0.105842 0.045930
0.099184 -0.105913 0.051316
0.101960 -0.099687 0.051864
0.107583 -0.105122 0.047857
0.103231 -0.101897 0.051885
0.106345 -0.106129 0.046079
0.098524 -0.103710 0.051879
0.100739 -0.103719 0.051677
0.097471 -0.104853 0.051618
0.097332 -0.103632 0.051899
0.102195 -0.107568 0.050670
0.103071 -0.103367 0.051677
0.101785 -0.105653 0.051294
0.098539 -0.103374 0.051811
0.106111 -0.106537 0.049853
0.103923 -0.106343 0.050898
0.102347 -0.106962 0.051071
0.101578 -0.104754 0.051750
0.097522 -0.106724 0.050970
0.101252 -0.100917 0.051758
0.104673 -0.107024 0.050365
0.098301 -0.105699 0.051125
0.102033 -0.107843 0.048149
0.104541 -0.107356 0.049164
0.104018 -0.107211 0.046024
0.098025 -0.107805 0.047253
0.100178 -0.105282 0.051966
0.100065 -0.100752 0.051737
0.107471 -0.104859 0.050958
0.099545 -0.104822 0.051916
0.103395 -0.103502 0.051694
0.105355 -0.106798 0.045626
0.100981 -0.107474 0.051085
0.098754 -0.106524 0.043468
0.107072 -0.105557 0.048846
0.102227 -0.107833 0.043872
0.101125 -0.104606 0.051811
0.104717 -0.106110 0.051012
0.100647 -0.106613 0.051127
0.096573 -0.107700 0.047917
0.100070 -0.102280 0.051768
0.101786 -0.107852 0.049270
0.100428 -0.106827 0.051139
0.103037 -0.105577 0.051184
0.099591 -0.102057 0.051742
0.098898 -0.107657 0.044727
0.105127 -0.106806 0.050449
0.097527 -0.105661 0.051268
0.097286 -0.107857 0.049633
0.101273 -0.107885 0.048439
0.105894 -0.106595 0.046648
0.097910 -0.107878 0.049606
0.099226 -0.104062 0.051872
0.105724 -0.106430 0.044785
0.096986 -0.105132 0.051602
0.106476 -0.105956 0.045624
0.107221 -0.105224 0.046235
0.100614 -0.106257 0.051157
0.102375 -0.101600 0.051795
0.099423 -0.107910 0.047492
0.098196 -0.107905 0.049585
0.105014 -0.107100 0.049469
0.106744 -0.104380 0.043316
0.101585 -0.104247 0.051782
0.106860 -0.104195 0.052138
0.106772 -0.105478 0.051259
0.099109 -0.101181 0.051757
0.102651 -0.107707 0.047234
0.106281 -0.106312 0.046531
0.107143 -0.105620 0.049453
0.099840 -0.104039 0.051797
0.098005 -0.107637 0.046455
0.105103 -0.105441 0.051491
0.099545 -0.102622 0.051677
0.098861 -0.107712 0.044599
0.098384 -0.106532 0.051066
0.100721 -0.107555 0.045621
0.099327 -0.102277 0.051774
0.099122 -0.100798 0.051759
0.101259 -0.107730 0.047168
0.107315 -0.105104 0.051048
0.104278 -0.107496 0.043959
0.097414 -0.107607 0.045535
0.099731 -0.107953 0.048476
0.106995 -0.105654 0.050595
0.099916 -0.107496 0.045281
0.104500 -0.103613 0.051806
0.102670 -0.107758 0.049646
0.099280 -0.107943 0.049050
0.096695 -0.107594 0.050674
0.100928 -0.102616 0.051677
0.096789 -0.105680 0.051365
0.099515 -0.107886 0.050209
0.105452 -0.106400 0.050480
0.106195 -0.106196 0.045636
0.104013 -0.104959 0.051902
0.101832 -0.100669 0.051804
0.103848 -0.103417 0.051661
0.097081 -0.107766 0.050451
0.105147 -0.107035 0.050124
0.096796 -0.107843 0.049007
0.105139 -0.107080 0.048961
0.101240 -0.107834 0.050441
0.104177 -0.107133 0.045469
0.098660 -0.104255 0.051828
0.102018 -0.107843 0.048401
0.104340 -0.106947 0.043617
0.102740 -0.107654 0.050522
0.097200 -0.103972 0.051894
0.100065 -0.108014 0.049696
0.104408 -0.104499 0.051974
0.106034 -0.106318 0.044963
0.098734 -0.105743 0.051472
0.102020 -0.107817 0.048948
0.100986 -0.107657 0.046287
0.097102 -0.104232 0.051877
0.101015 -0.105650 0.051759
0.098979 -0.107646 0.046480
0.100494 -0.100060 0.051788
0.100084 -0.107950 0.048313
0.105795 -0.105771 0.051044
0.106349 -0.106054 0.045032
0.098317 -0.107751 0.050053
0.106317 -0.106406 0.049897
0.107069 -0.105307 0.051175
0.103686 -0.101366 0.051903
0.103817 -0.107455 0.047035
0.098389 -0.107739 0.046016
0.099954 -0.105505 0.051866
0.100062 -0.105924 0.051509
0.102157 -0.104049 0.051770
0.097011 -0.107651 0.044662
0.102942 -0.105130 0.051601
0.105249 -0.106981 0.050291
0.107244 -0.104787 0.045384
0.107078 -0.105257 0.045029
0.102850 -0.106585 0.051085
0.104192 -0.102068 0.051833
0.101345 -0.103407 0.051729
0.104347 -0.107380 0.043793
0.104419 -0.107045 0.045024
0.098793 -0.101151 0.051797
0.101582 -0.107481 0.051143
0.100922 -0.107809 0.047550
0.103405 -0.102954 0.051635
0.104547 -0.107175 0.043899
0.099216 -0.104392 0.051931
0.097337 -0.107647 0.044857
0.099622 -0.103553 0.051767
0.106433 -0.106276 0.049186
0.104208 -0.106305 0.050879
0.098148 -0.105708 0.051193
0.107077 -0.105647 0.049742
0.100021 -0.107885 0.047704
0.098196 -0.106821 0.050969
0.098168 -0.107734 0.045803
0.100038 -0.107666 0.045791
0.104214 -0.104243 0.051891
0.099182 -0.102777 0.051694
0.102796 -0.107121 0.050945
0.098494 -0.107895 0.048468
0.098844 -0.107862 0.049814
0.097294 -0.105287 0.051533
0.100897 -0.100774 0.051781
0.099907 -0.105238 0.051940
0.107304 -0.104605 0.051323
0.102595 -0.107745 0.047982
0.107721 -0.104921 0.048395
0.105975 -0.106644 0.049582
0.106904 -0.105818 0.048488
0.099313 -0.106380 0.051041
0.096798 -0.107466 0.045012
0.101739 -0.107639 0.050833
0.101408 -0.102297 0.051675
0.100386 -0.102708 0.051714
0.097729 -0.107727 0.046105
0.102693 -0.103316 0.051746
0.096872 -0.107611 0.047413
0.098077 -0.107841 0.044310
0.099792 -0.107999 0.048770
0.106404 -0.106107 0.047946
0.103644 -0.103282 0.051658
0.107307 -0.105288 0.050829
0.102019 -0.107444 0.046135
0.098399 -0.107821 0.047827
0.103025 -0.104316 0.051676
0.107073 -0.105215 0.045809
0.098447 -0.105891 0.051087
0.100210 -0.105579 0.051894
0.103503 -0.107503 0.046882
0.100797 -0.105873 0.051664
0.106068 -0.106430 0.046093
0.105616 -0.106806 0.047508
0.097001 -0.107868 0.049895
0.102820 -0.107739 0.048889
0.105838 -0.106591 0.046410
0.103613 -0.107424 0.045033
0.101550 -0.107746 0.050656
0.101391 -0.100338 0.051816
0.101932 -0.107743 0.047372
0.103740 -0.107404 0.046437
0.099058 -0.107884 0.047655
0.106641 -0.105962 0.046531
0.106885 -0.105886 0.049382
0.104045 -0.107409 0.047186
0.098401 -0.105705 0.051220
0.099465 -0.101667 0.051751
0.100706 -0.103492 0.051706
0.098879 -0.102726 0.051750
0.102414 -0.107696 0.047505
0.100787 -0.101523 0.051716
0.104515 -0.104717 0.051997
0.106807 -0.105934 0.050177
0.100695 -0.107748 0.046671
0.106776 -0.105468 0.045161
0.099952 -0.103226 0.051734
0.097723 -0.107477 0.050571
0.106218 -0.106310 0.047826
0.100960 -0.107945 0.049289
0.105193 -0.106736 0.045144
0.103472 -0.104485 0.051829
0.097294 -0.105287 0.051533
0.104064 -0.107500 0.049737
0.102948 -0.107543 0.046351
0.106184 -0.105567 0.051351
0.101984 -0.107655 0.050552
0.100863 -0.100257 0.051802
0.099244 -0.106098 0.051075
0.100547 -0.107959 0.048345
0.101839 -0.107472 0.045556
0.099912 -0.107752 0.046204
0.105187 -0.106411 0.050567
0.104107 -0.107180 0.045753
0.103255 -0.107163 0.045703
0.102377 -0.106526 0.051019
0.099367 -0.107920 0.047648
0.099712 -0.101129 0.051752
0.104087 -0.105725 0.051152
0.102424 -0.107791 0.049728
0.106813 -0.105904 0.049871
0.102344 -0.107649 0.050161
0.104586 -0.107255 0.048312
0.105630 -0.106787 0.048800
0.096925 -0.107821 0.048477
0.102624 -0.102590 0.051790
0.106692 -0.106046 0.047412
0.106723 -0.105974 0.047653
0.100940 -0.101286 0.051683
0.098385 -0.107798 0.047200
0.097638 -0.101162 0.051753
0.102324 -0.101982 0.051737
0.102299 -0.107800 0.048337
0.098210 -0.102355 0.051817
0.107268 -0.105413 0.048498
0.105302 -0.106855 0.047081
0.098412 -0.107676 0.045536
0.100301 -0.102203 0.051747
0.101780 -0.102797 0.051724
0.097757 -0.104440 0.051868
0.106800 -0.105911 0.048002
0.100489 -0.107158 0.051071
0.105638 -0.105639 0.051306
0.106408 -0.106084 0.045914
0.106007 -0.106077 0.044285
0.103616 -0.105378 0.051484
0.098029 -0.106496 0.051080
0.107234 -0.105396 0.049868
0.105381 -0.105382 0.051659
0.105529 -0.105289 0.051800
0.105630 -0.106702 0.046672
0.100710 -0.107741 0.047306
0.106419 -0.106246 0.048571
0.106570 -0.104850 0.043547
0.101532 -0.107885 0.049529
0.100471 -0.100678 0.051779
0.101843 -0.107549 0.045480
0.104533 -0.104327 0.051978
0.106217 -0.103701 0.052449
0.102789 -0.105386 0.051489
0.102903 -0.101961 0.051873
0.106881 -0.104878 0.043642
0.104255 -0.107160 0.045934
0.096587 -0.107825 0.050356
0.100647 -0.106059 0.051237
0.096644 -0.103529 0.051829
0.102942 -0.107441 0.046121
0.099776 -0.107863 0.047088
0.105599 -0.105821 0.050632
0.098312 -0.103560 0.051870
0.103673 -0.107205 0.045407
0.106543 -0.106190 0.047319
0.098442 -0.101564 0.051835
0.097393 -0.107610 0.047197
0.105329 -0.106952 0.047519
0.106632 -0.104429 0.052183
0.102722 -0.107474 0.046171
0.107731 -0.104898 0.048869
0.102939 -0.107714 0.050125
0.099171 -0.107714 0.046227
0.103480 -0.107374 0.046163
0.098524 -0.107711 0.044225
0.102840 -0.107639 0.044915
0.105391 -0.106535 0.044681
0.098274 -0.107766 0.046614
0.097450 -0.104633 0.051750
0.099753 -0.105859 0.051520
0.097307 -0.107666 0.046538
0.102122 -0.104941 0.051604
0.106554 -0.106169 0.049808
0.101499 -0.107611 0.045335
0.101504 -0.107579 0.046502
0.101042 -0.105978 0.051461
0.099295 -0.103467 0.051792
0.098751 -0.106020 0.051086
0.101898 -0.107797 0.047918
0.097750 -0.102652 0.051815
0.100296 -0.108024 0.049683
0.105842 -0.104970 0.051983
0.103141 -0.107559 0.050641
0.101146 -0.106517 0.051158
0.107223 -0.105420 0.050076
0.097573 -0.107874 0.048717
0.102221 -0.107623 0.050392
0.099419 -0.107940 0.048320
0.105261 -0.106993 0.049290
0.100767 -0.105335 0.051894
0.105943 -0.106437 0.045644
0.098110 -0.102951 0.051843
0.103244 -0.104791 0.051756
0.099600 -0.107722 0.044100
0.105410 -0.106795 0.046586
0.098220 -0.104394 0.051863
0.098530 -0.107585 0.050730
0.100786 -0.102346 0.051631
0.106452 -0.105516 0.051354
0.100114 -0.106812 0.051181
0.098275 -0.104558 0.051767
0.099561 -0.104555 0.051942
0.103134 -0.107140 0.045527
0.103790 -0.107608 0.049776
0.101828 -0.105960 0.051026
0.105026 -0.106914 0.045681
0.100185 -0.101588 0.051743
0.102768 -0.107740 0.047827
0.101076 -0.107923 0.043777
0.097626 -0.102025 0.051856
0.103366 -0.107537 0.044978
0.107340 -0.105304 0.048946
0.105791 -0.106545 0.045177
0.098669 -0.107777 0.050196
0.100696 -0.107705 0.050742
0.103767 -0.105585 0.051156
0.098174 -0.105879 0.051117
0.099222 -0.107724 0.045756
0.102017 -0.107787 0.049368
0.105107 -0.104094 0.052088
0.097634 -0.107681 0.045732
0.105027 -0.104620 0.052125
0.097221 -0.107884 0.048561
0.101586 -0.103560 0.051767
0.101413 -0.101919 0.051644
0.099949 -0.107594 0.050878
0.096744 -0.104248 0.051837
0.105074 -0.106850 0.045417
0.097146 -0.106425 0.051104
0.102301 -0.101350 0.051807
0.103153 -0.107022 0.050867
0.098349 -0.107775 0.044600
0.096996 -0.105470 0.051480
0.099669 -0.103118 0.051742
0.105327 -0.105262 0.051805
0.103803 -0.104513 0.051871
0.104159 -0.101780 0.051798
0.103490 -0.107645 0.047311
0.105529 -0.106852 0.047762
0.096875 -0.107288 0.050782
0.105884 -0.105942 0.050570
0.104960 -0.102626 0.051850
0.098814 -0.103138 0.051776
0.105080 -0.107089 0.048024
0.097069 -0.107830 0.049026
0.097758 -0.107846 0.047619
0.099454 -0.107960 0.048767
0.102940 -0.107715 0.047991
0.099694 -0.100294 0.051775
0.099831 -0.107831 0.046719
0.101680 -0.107727 0.047328
0.104826 -0.104928 0.051981
0.101535 -0.107678 0.044936
0.103699 -0.105359 0.051295
0.099117 -0.107711 0.046831
0.105506 -0.105571 0.051339
0.100521 -0.105939 0.051599
0.106805 -0.105537 0.044855
0.103467 -0.103870 0.051774
0.105508 -0.104340 0.052224
0.097219 -0.103318 0.051861
0.100073 -0.107653 0.044727
0.098225 -0.107922 0.048674
0.102596 -0.100486 0.051865
0.100008 -0.101827 0.051740
0.106355 -0.106047 0.045369
0.101403 -0.105607 0.051642
0.103859 -0.107012 0.050583
0.104391 -0.107152 0.044757
0.101193 -0.107934 0.049530
0.098702 -0.107882 0.048309
0.101100 -0.107590 0.045487
0.099513 -0.107985 0.049836
0.102110 -0.107802 0.049147
0.099083 -0.107653 0.045295
0.100549 -0.107813 0.050435
0.098794 -0.107940 0.049258
0.099601 -0.107911 0.047511
0.100830 -0.107414 0.045842
0.105168 -0.104547 0.043259
0.102386 -0.107550 0.046462
0.098269 -0.107813 0.047521
0.099907 -0.103079 0.051706
0.099009 -0.105783 0.051433
0.106417 -0.106260 0.047493
0.102221 -0.099939 0.051867
0.107118 -0.104811 0.051338
0.103298 -0.102825 0.051654
0.103657 -0.102507 0.051730
0.105808 -0.106573 0.046129
0.104491 -0.107313 0.049894
0.099156 -0.107840 0.047156
0.101375 -0.107935 0.050082
0.097652 -0.107697 0.046646
0.104175 -0.107304 0.044549
0.103085 -0.107715 0.048948
0.107435 -0.105267 0.048644
0.106996 -0.105155 0.045279
0.104804 -0.105375 0.051510
0.103298 -0.107651 0.044555
0.096922 -0.103333 0.051870
0.096995 -0.103857 0.051877
0.107248 -0.105375 0.048145
0.097612 -0.107860 0.049600
0.096860 -0.107853 0.048691
0.105046 -0.105306 0.051717
0.101200 -0.099891 0.051807
0.097739 -0.107824 0.044229
0.104531 -0.105155 0.051876
0.104774 -0.107210 0.047930
0.101330 -0.107963 0.049768
0.097770 -0.103253 0.051901
0.099236 -0.107955 0.048611
0.106783 -0.105635 0.051073
0.102813 -0.101143 0.051864
0.102601 -0.107597 0.045046
0.098732 -0.106662 0.051056
0.100344 -0.102407 0.051713
0.100620 -0.105121 0.051916
0.103231 -0.107658 0.050240
0.105326 -0.104628 0.052165
0.104520 -0.107294 0.047779
0.097392 -0.106761 0.050853
0.102445 -0.107663 0.047032
0.101014 -0.105140 0.051852
0.102185 -0.107776 0.047938
0.098762 -0.107731 0.050615
0.101102 -0.107526 0.045799
0.100439 -0.107642 0.044371
0.100180 -0.102497 0.051744
0.098071 -0.107719 0.046280
0.103009 -0.106212 0.051024
0.106959 -0.105792 0.047038
0.096648 -0.107626 0.046560
0.104373 -0.107309 0.044161
0.105020 -0.106672 0.043866
0.097927 -0.107865 0.049883
0.105963 -0.106462 0.047940
0.106946 -0.105780 0.047616
0.104056 -0.107666 0.043942
0.104508 -0.103159 0.051674
0.097102 -0.107354 0.043701
0.103973 -0.107454 0.047525
0.101203 -0.107990 0.049958
0.103874 -0.107211 0.045233
0.104046 -0.107284 0.046397
0.104770 -0.106973 0.045714
0.105985 -0.105719 0.050932
0.100684 -0.101234 0.051740
0.102081 -0.104251 0.051772
0.106216 -0.106444 0.047140
0.100139 -0.107821 0.047219
0.098218 -0.105179 0.051641
0.096812 -0.107760 0.050485
0.104468 -0.107031 0.045397
0.101781 -0.107874 0.048266
0.107151 -0.104557 0.051425
0.104331 -0.105306 0.051695
0.100242 -0.107731 0.046396
0.098897 -0.103472 0.051820
0.101694 -0.103047 0.051703
0.104544 -0.102630 0.051815
0.099450 -0.100388 0.051773
0.104701 -0.105546 0.051274
0.100436 -0.106050 0.051216
0.107457 -0.105123 0.044878
0.098697 -0.102879 0.051783
0.106673 -0.105962 0.049646
0.102001 -0.107341 0.045631
0.100028 -0.104973 0.051971
0.105294 -0.102729 0.051949
0.097870 -0.101976 0.051860
0.103039 -0.107261 0.045426
0.106177 -0.105009 0.051599
0.104033 -0.105451 0.051256
0.105987 -0.106492 0.048154
0.107623 -0.104954 0.050372
0.098121 -0.107783 0.047820
0.103303 -0.106717 0.050837
0.100090 -0.107805 0.046674
0.105584 -0.106759 0.048958
0.105314 -0.106667 0.050457
0.102111 -0.107853 0.044431
0.102797 -0.107724 0.048236
0.107631 -0.104879 0.050588
0.103029 -0.107599 0.046880
0.097672 -0.107717 0.050392
0.098654 -0.107753 0.046645
0.098526 -0.105723 0.051405
0.099520 -0.100695 0.051744
0.099177 -0.107249 0.050861
0.105893 -0.105936 0.043963
0.102900 -0.107527 0.050724
0.100647 -0.107507 0.045854
0.099830 -0.103423 0.051767
0.105391 -0.106945 0.048081
0.097496 -0.104183 0.051887
0.097406 -0.107778 0.047853
0.102700 -0.106387 0.051063
0.106389 -0.104669 0.052094
0.102323 -0.102593 0.051677
0.102305 -0.107569 0.046744
0.102628 -0.104652 0.051465
0.097893 -0.107901 0.049288
0.101532 -0.107569 0.051047
0.102092 -0.105825 0.051075
0.102991 -0.104032 0.051733
0.103870 -0.106197 0.051050
0.106173 -0.106303 0.045932
0.098056 -0.105504 0.051538
0.102692 -0.104319 0.051610
0.105763 -0.103923 0.052387
0.100035 -0.107937 0.047982
0.097752 -0.107202 0.050702
0.102332 -0.107378 0.050936
0.104673 -0.107001 0.044511
0.098930 -0.106234 0.051068
0.103902 -0.101687 0.051777
0.100456 -0.107695 0.050695
0.101530 -0.105763 0.051277
0.102147 -0.107759 0.048713
0.097709 -0.107767 0.044596
0.104166 -0.107420 0.048780
0.098632 -0.107729 0.049945
0.101505 -0.107749 0.047528
0.105369 -0.106789 0.046290
0.099451 -0.107654 0.050806
0.098178 -0.101477 0.051857
0.107246 -0.105430 0.047212
0.097595 -0.104836 0.051615
0.104715 -0.106949 0.044819
0.099320 -0.107745 0.044703
0.106690 -0.105699 0.050874
0.100663 -0.105700 0.051833
0.099796 -0.107977 0.049835
0.103706 -0.106468 0.050744
0.104189 -0.106948 0.050547
0.096729 -0.107381 0.050779
0.102916 -0.107754 0.047345
0.103812 -0.104061 0.051817
0.099376 -0.106748 0.051077
0.104421 -0.107094 0.046026
0.105082 -0.107053 0.049702
0.097079 -0.107521 0.045369
0.102753 -0.100847 0.051840
0.099074 -0.101690 0.051764
0.097389 -0.101740 0.051831
0.105348 -0.106427 0.044106
0.103916 -0.107525 0.050097
0.101944 -0.103466 0.051788
0.103734 -0.105945 0.051104
0.099622 -0.101363 0.051752
0.105531 -0.105676 0.051248
0.099151 -0.107349 0.043829
0.105241 -0.107007 0.049575
0.102061 -0.107713 0.047083
0.107009 -0.105494 0.051087
0.100165 -0.107731 0.044105
0.106837 -0.105412 0.045464
0.101724 -0.107471 0.046012
0.102449 -0.107759 0.049130
0.100614 -0.107701 0.044747
0.097069 -0.107830 0.049026
0.105984 -0.106474 0.048368
0.107069 -0.105307 0.051175
0.104568 -0.107289 0.048085
0.105107 -0.104094 0.052088
0.097851 -0.101223 0.051823
0.102592 -0.107593 0.046721
0.103169 -0.107485 0.046241
0.097304 -0.105759 0.051222
0.100944 -0.107657 0.050947
0.104666 -0.107192 0.049966
0.104743 -0.107255 0.049432
0.104771 -0.107110 0.046995
0.101131 -0.107644 0.050991
0.097711 -0.105701 0.051162
0.100670 -0.103963 0.051747
0.102434 -0.102868 0.051775
0.106368 -0.106257 0.046791
0.100698 -0.107646 0.046139
0.100180 -0.107160 0.051094
0.102726 -0.103947 0.051731
0.103625 -0.103050 0.051627
0.100110 -0.108011 0.049186
0.098366 -0.107945 0.048824
0.099679 -0.107234 0.051080
0.096860 -0.107620 0.047591
0.107483 -0.105165 0.047455
0.100707 -0.104184 0.051816
0.102274 -0.107613 0.045040
0.097212 -0.102655 0.051870
0.106229 -0.106195 0.044952
0.103086 -0.107764 0.047530
0.105783 -0.106699 0.047300
0.099015 -0.107740 0.045999
0.105757 -0.106488 0.045006
0.105942 -0.106566 0.048523
0.103170 -0.106678 0.050953
0.101551 -0.100639 0.051781
0.102903 -0.102644 0.051820
0.101753 -0.107861 0.048079
0.102084 -0.106796 0.051105
0.101329 -0.107618 0.045325
0.107394 -0.105101 0.046393
0.102006 -0.107655 0.050315
0.105155 -0.105091 0.051855
0.100754 -0.100045 0.051799
0.097465 -0.103335 0.051898
0.102574 -0.107664 0.050328
0.101669 -0.107878 0.050084
0.105475 -0.105843 0.043584
0.105361 -0.105999 0.050591
0.104751 -0.106748 0.050537
0.103058 -0.107750 0.049739
0.103746 -0.101808 0.043125
0.106834 -0.105243 0.051293
0.098813 -0.107570 0.044732
0.096723 -0.107477 0.045678
0.096978 -0.103581 0.051880
0.105539 -0.106847 0.048620
0.098921 -0.107201 0.050829
0.099930 -0.100956 0.051749
0.102291 -0.105476 0.051425
0.106872 -0.105757 0.046572
0.100061 -0.105972 0.051322
0.107431 -0.105065 0.050816
0.103819 -0.107325 0.050476
0.099294 -0.101985 0.051773
0.101728 -0.107728 0.050597
0.106385 -0.104847 0.051562
0.099067 -0.106016 0.051154
0.096963 -0.107607 0.050600
0.100512 -0.103844 0.051768
0.102541 -0.101096 0.051830
0.105620 -0.106800 0.048265
0.098248 -0.101729 0.051839
0.103292 -0.106272 0.050960
0.105358 -0.105441 0.051462
0.104353 -0.106326 0.050802
0.102356 -0.107506 0.045275
0.106901 -0.105810 0.048230
0.098584 -0.101896 0.051830
0.101051 -0.107985 0.049805
0.105098 -0.104433 0.052134
0.096781 -0.107471 0.045520
0.106023 -0.105705 0.051175
0.100064 -0.105782 0.051725
0.103851 -0.107689 0.044068
0.097917 -0.107921 0.048864
0.097121 -0.107353 0.050708
0.106301 -0.106316 0.048856
0.107609 -0.105000 0.047589
0.101113 -0.107231 0.051213
0.104890 -0.106861 0.044534
0.099745 -0.107952 0.048139
0.100768 -0.107711 0.046465
0.106755 -0.105933 0.046799
0.099555 -0.107895 0.047283
0.107452 -0.105083 0.050199
0.097646 -0.106968 0.050800
0.099780 -0.102803 0.051704
0.099816 -0.105943 0.051316
0.098911 -0.107914 0.048334
0.104826 -0.104928 0.051981
0.100531 -0.105848 0.051755
0.101239 -0.102564 0.051696
0.099276 -0.107914 0.048023
0.106708 -0.106015 0.048382
0.103557 -0.107623 0.047774
0.100998 -0.107816 0.044489
0.098642 -0.107731 0.046030
0.099123 -0.105509 0.051628
0.101295 -0.104731 0.051796
0.099444 -0.105324 0.051746
0.104321 -0.107418 0.049701
0.101118 -0.104334 0.051811
0.097406 -0.107617 0.046764
0.098202 -0.107735 0.046042
0.097650 -0.107696 0.046790
0.098769 -0.106840 0.050969
0.101454 -0.106156 0.051089
0.100328 -0.107881 0.047862
0.101163 -0.107649 0.045117
0.097414 -0.106324 0.051079
0.100858 -0.106564 0.051163
0.099604 -0.106459 0.051112
0.104273 -0.107379 0.050121
0.105688 -0.106770 0.049378
0.097991 -0.104251 0.051921
0.096711 -0.107551 0.046189
0.099153 -0.107931 0.048276
0.107586 -0.105052 0.049715
0.104165 -0.104579 0.051896
0.103149 -0.107557 0.046507
0.101195 -0.100614 0.051787
0.099986 -0.100275 0.051798
0.098748 -0.107661 0.044767
0.101143 -0.107938 0.044032
0.099075 -0.107929 0.049244
0.103045 -0.105395 0.051426
0.097725 -0.107677 0.044767
0.106190 -0.104935 0.043433
0.104876 -0.107192 0.048265
0.097202 -0.104450 0.051811
0.102061 -0.105609 0.051169
0.106443 -0.103819 0.052450
0.102279 -0.107724 0.047320
0.102005 -0.107825 0.049864
0.102737 -0.102923 0.051774
0.101115 -0.102317 0.051625
0.104941 -0.107106 0.047764
0.107125 -0.105540 0.048131
0.098494 -0.107851 0.048153
0.103196 -0.105742 0.051026
0.098527 -0.107724 0.046337
0.104755 -0.104136 0.052001
0.101338 -0.107711 0.044809
0.097546 -0.102672 0.051860
0.106656 -0.105988 0.048091
0.099674 -0.100904 0.051724
0.106967 -0.105780 0.049196
0.096693 -0.107892 0.049939
0.098722 -0.107848 0.047771
0.105882 -0.106529 0.045928
0.102672 -0.107288 0.045699
0.103833 -0.102048 0.051749
0.102273 -0.107779 0.048889
0.101007 -0.107922 0.048724
0.103203 -0.107627 0.050483
0.106455 -0.104531 0.052272
0.102627 -0.101727 0.051806
0.100319 -0.105896 0.051661
0.096574 -0.105814 0.051254
0.104725 -0.103809 0.051921
0.099448 -0.105957 0.051254
0.105695 -0.105782 0.050833
0.101644 -0.102174 0.051666
0.106461 -0.104092 0.052444
0.101042 -0.107799 0.050595
0.097072 -0.107596 0.047712
0.098373 -0.107949 0.049299
0.102484 -0.104013 0.051725
0.102607 -0.107741 0.048159
0.100310 -0.106487 0.051166
0.105987 -0.104081 0.052463
0.098194 -0.102023 0.051845
0.098638 -0.102124 0.051830
0.100225 -0.104652 0.051908
0.097943 -0.107134 0.050747
0.097357 -0.106890 0.050791
0.103262 -0.102513 0.051787
0.104969 -0.106085 0.050924
0.107396 -0.104742 0.051150
0.097580 -0.102339 0.051846
0.098248 -0.107704 0.044810
0.103399 -0.105339 0.051483
0.097566 -0.106092 0.051019
0.100102 -0.107691 0.046255
0.107126 -0.105533 0.047617
0.107161 -0.105411 0.044684
0.104667 -0.103087 0.051654
0.098002 -0.101681 0.051846
0.098896 -0.107882 0.048022
0.102090 -0.107547 0.045291
0.096823 -0.107690 0.050564
0.100976 -0.107710 0.044907
0.099267 -0.107758 0.050655
0.100682 -0.107883 0.050258
0.101506 -0.101032 0.051724
0.101016 -0.103304 0.051682
0.105092 -0.106920 0.046238
0.101800 -0.104073 0.051794
0.104470 -0.107088 0.045699
0.102594 -0.107743 0.048434
0.101157 -0.107781 0.050662
0.100841 -0.107870 0.047725
0.096873 -0.107716 0.047903
0.104037 -0.103510 0.051719
0.106234 -0.106120 0.050500
0.107351 -0.104977 0.045074
0.103923 -0.106343 0.050898
0.098237 -0.106190 0.051101
0.107346 -0.105280 0.047334
0.102036 -0.107388 0.045877
0.105167 -0.106933 0.046827
0.107453 -0.105150 0.049277
0.098815 -0.104348 0.051874
0.100048 -0.107956 0.048593
0.103214 -0.100956 0.051878
0.103178 -0.107348 0.050755
0.099097 -0.107922 0.048484
0.098955 -0.102024 0.051812
0.101292 -0.107587 0.045581
0.105352 -0.106936 0.049844
0.101199 -0.100141 0.051823
0.102128 -0.107743 0.050063
0.101346 -0.107753 0.050716
0.096539 -0.107762 0.050569
0.106072 -0.106320 0.045285
0.100620 -0.104469 0.051837
0.099857 -0.104711 0.051942
0.107185 -0.105015 0.045175
0.105496 -0.106729 0.045350
0.106973 -0.104393 0.051570
0.099698 -0.103723 0.051782
0.102808 -0.107325 0.045958
0.099249 -0.107890 0.047410
0.101435 -0.102656 0.051716
0.106466 -0.106169 0.048256
0.105029 -0.103647 0.051986
0.106232 -0.106377 0.046683
0.097843 -0.103972 0.051941
0.099396 -0.105745 0.051526
0.105743 -0.106768 0.050243
0.104243 -0.103696 0.051800
0.098541 -0.106205 0.051082
0.105783 -0.106597 0.045456
0.101153 -0.107748 0.047095
0.101250 -0.107869 0.047922
0.102273 -0.100919 0.051782
0.104896 -0.107168 0.048900
0.102937 -0.107685 0.047100
0.100446 -0.103321 0.051709
0.106651 -0.106000 0.047819
0.103560 -0.105268 0.051208
0.104570 -0.106937 0.045143
0.107059 -0.105548 0.050811
0.104344 -0.107345 0.048527
0.106381 -0.106234 0.050342
0.104223 -0.107375 0.048208
0.103060 -0.102769 0.051749
0.099825 -0.107895 0.047358
0.102955 -0.106776 0.051023
0.104075 -0.107399 0.050301
0.099922 -0.107938 0.049370
0.105146 -0.106936 0.046528
0.101881 -0.107798 0.050136
0.102749 -0.107770 0.049359
0.099022 -0.102982 0.051752
0.106472 -0.105878 0.050707
0.103761 -0.101544 0.051842
0.099627 -0.107988 0.049262
0.103395 -0.107692 0.047526
0.105640 -0.106666 0.045756
0.101128 -0.107747 0.047311
0.098155 -0.107811 0.046946
0.106764 -0.105509 0.044131
0.104359 -0.104905 0.051958
0.100752 -0.107955 0.048636
0.101973 -0.101289 0.051738
0.096620 -0.107863 0.049317
0.098115 -0.107641 0.044937
0.107094 -0.105625 0.050499
0.101573 -0.101663 0.051629
0.102887 -0.107082 0.043517
0.096625 -0.105189 0.051597
0.100509 -0.101752 0.051723
0.098177 -0.107832 0.048197
0.103024 -0.107757 0.047755
0.106165 -0.106408 0.050335
0.104748 -0.106979 0.043951
0.101856 -0.107810 0.048831
0.105323 -0.105919 0.050814
0.101777 -0.107476 0.051062
0.097712 -0.107663 0.045386
0.104531 -0.107372 0.049478
0.107344 -0.105311 0.046979
0.100637 -0.107889 0.047850
0.103626 -0.107609 0.048908
0.101351 -0.107943 0.049610
0.104237 -0.106003 0.051124
0.101619 -0.107901 0.049801
0.106404 -0.104781 0.051772
0.099001 -0.107692 0.044814
0.105873 -0.106636 0.046858
0.099328 -0.107686 0.046408
0.103179 -0.104533 0.051724
0.097552 -0.107799 0.047681
0.099955 -0.107809 0.050454
0.102952 -0.106055 0.051037
0.098707 -0.105223 0.043374
0.104169 -0.103960 0.051822
0.097352 -0.107853 0.048900
0.101752 -0.100852 0.051762
0.102157 -0.107743 0.047670
0.101853 -0.104920 0.051683
0.106866 -0.104036 0.052297
0.102331 -0.105742 0.051080
0.096864 -0.107606 0.047180
0.105693 -0.105312 0.051691
0.106781 -0.104322 0.051953
0.100978 -0.100046 0.051821
0.105120 -0.105713 0.051179
0.107665 -0.104892 0.049909
0.107141 -0.105030 0.051229
0.106228 -0.106157 0.044843
0.100146 -0.107974 0.049887
0.101812 -0.107828 0.049475
0.098584 -0.101896 0.051830
0.098248 -0.107127 0.050910
0.102867 -0.107765 0.049521
0.103358 -0.107552 0.050539
0.098664 -0.107789 0.047166
0.100885 -0.107569 0.046026
0.101876 -0.103889 0.051772
0.101052 -0.107910 0.049049
0.101428 -0.104462 0.051789
0.107008 -0.105698 0.046796
0.106503 -0.106186 0.046923
0.098951 -0.102366 0.051794
0.097399 -0.107677 0.047435
0.100552 -0.108005 0.049515
0.101589 -0.099746 0.051840
0.100793 -0.107776 0.047121
0.102886 -0.101373 0.051887
0.098910 -0.107948 0.048998
0.105569 -0.106197 0.050504
0.104911 -0.106539 0.050609
0.097612 -0.107860 0.049600
0.098828 -0.105618 0.051603
0.097092 -0.101834 0.051825
0.098749 -0.107515 0.050780
0.103685 -0.104998 0.051804
0.107303 -0.104391 0.051412
0.105281 -0.103486 0.052100
0.105497 -0.105074 0.051917
0.101471 -0.107884 0.049088
0.106124 -0.106447 0.049022
0.096700 -0.105483 0.051534
0.106342 -0.106381 0.049564
0.103462 -0.105156 0.051673
0.099103 -0.103270 0.051788
0.104178 -0.107335 0.047418
0.100670 -0.103963 0.051747
0.104157 -0.107205 0.044388
0.104793 -0.105285 0.051694
0.103433 -0.107505 0.046433
0.097445 -0.107202 0.050723
0.099884 -0.107057 0.051159
0.099533 -0.107639 0.045516
0.101737 -0.107430 0.045716
0.097970 -0.105055 0.051644
0.096963 -0.107016 0.050849
0.102499 -0.102233 0.051732
0.101464 -0.107873 0.048179
0.106103 -0.104831 0.043338
0.104122 -0.107200 0.045041
0.103675 -0.103958 0.051798
0.103685 -0.103632 0.051742
0.097158 -0.107087 0.050783
0.104356 -0.107457 0.049405
0.106575 -0.105986 0.046209
0.105349 -0.106965 0.048513
0.102563 -0.107748 0.048265
0.107573 -0.104805 0.050771
0.096954 -0.106824 0.050996
0.104562 -0.105391 0.051345
0.106035 -0.106183 0.044580
0.103562 -0.106228 0.051001
0.096988 -0.107835 0.049304
0.102492 -0.105000 0.051534
0.104749 -0.102407 0.051890
0.105249 -0.105586 0.051308
0.097264 -0.107658 0.046217
0.098686 -0.106954 0.050904
0.100725 -0.106015 0.051422
0.103815 -0.105388 0.051580
0.100263 -0.103851 0.051777
0.101654 -0.107943 0.044095
0.107054 -0.105673 0.047817
0.103821 -0.107284 0.046230
0.101494 -0.100017 0.051836
0.098041 -0.104486 0.051853
0.098193 -0.107352 0.050762
0.097422 -0.105573 0.051397
0.099474 -0.103408 0.051777
0.101473 -0.103743 0.051736
0.099146 -0.107933 0.049562
0.099078 -0.105135 0.051705
0.103491 -0.100991 0.051871
0.101007 -0.107922 0.048724
0.099444 -0.103779 0.051805
0.099827 -0.107870 0.050158
0.104385 -0.107228 0.046749
0.103791 -0.107582 0.048510
0.096743 -0.102468 0.051859
0.107250 -0.104988 0.045959
0.100201 -0.103280 0.051721
0.103124 -0.103575 0.051724
0.107324 -0.105335 0.046731
0.103361 -0.107319 0.045295
0.099128 -0.103746 0.051833
0.097316 -0.107853 0.050076
0.102117 -0.105289 0.051548
0.097688 -0.107657 0.045600
0.101479 -0.107651 0.043721
0.100593 -0.102598 0.051679
0.101655 -0.101282 0.051688
0.105041 -0.107075 0.049906
0.101527 -0.107838 0.044562
0.106081 -0.106477 0.048723
0.103466 -0.107168 0.045536
0.096618 -0.104506 0.051735
0.098098 -0.101217 0.051850
0.106854 -0.105873 0.047825
0.107263 -0.105265 0.050179
0.100695 -0.107607 0.050887
0.107278 -0.105412 0.050583
0.106683 -0.103871 0.052410
0.103079 -0.107610 0.044950
0.102543 -0.107150 0.051015
0.105017 -0.107063 0.047533
0.103929 -0.105195 0.051833
0.102696 -0.107765 0.049165
0.100255 -0.100873 0.051765
0.098651 -0.105421 0.051660
0.097526 -0.107644 0.045147
0.103760 -0.107231 0.045946
0.104997 -0.107007 0.047051
0.100027 -0.107732 0.050657
0.102867 -0.107785 0.043740
0.107666 -0.104902 0.050145
0.098803 -0.107933 0.048647
0.097225 -0.107802 0.050376
0.102378 -0.107598 0.050620
0.105372 -0.106934 0.048878
0.105049 -0.107125 0.048616
0.102725 -0.107853 0.044142
0.098909 -0.107840 0.047379
0.103788 -0.107520 0.047846
0.099919 -0.102087 0.051768
0.099658 -0.107658 0.044914
0.102577 -0.105888 0.051041
0.096936 -0.106583 0.051113
0.099066 -0.106537 0.051070
0.106804 -0.105771 0.046285
0.103584 -0.107595 0.050188
0.107008 -0.105509 0.046409
0.098069 -0.103473 0.051910
0.106904 -0.104609 0.043471
0.104143 -0.107372 0.047983
0.102949 -0.107165 0.045763
0.099928 -0.105986 0.051170
0.104088 -0.107420 0.044331
0.101895 -0.101033 0.051760
0.103496 -0.105749 0.051068
0.097704 -0.107677 0.046371
0.102333 -0.107771 0.048992
0.104680 -0.106434 0.050698
0.099618 -0.107800 0.046577
0.100077 -0.107409 0.043789
0.099962 -0.106441 0.051175
0.105823 -0.106617 0.048360
0.106577 -0.105663 0.051226
0.102874 -0.103456 0.051715
0.104596 -0.105279 0.051619
0.106207 -0.105755 0.050913
0.102474 -0.103619 0.051759
0.104163 -0.107325 0.046876
0.107000 -0.105473 0.046173
0.098394 -0.104936 0.051708
0.102034 -0.101887 0.051676
0.107540 -0.105016 0.046968
0.098485 -0.107355 0.050863
0.105946 -0.106574 0.050331
0.102742 -0.107743 0.044630
0.100738 -0.107654 0.045053
0.106595 -0.104893 0.051498
0.101572 -0.107809 0.047856
0.103605 -0.106674 0.050715
0.102324 -0.101783 0.051757
0.107078 -0.105568 0.048378
0.100683 -0.103161 0.051680
0.102089 -0.106098 0.051047
0.103424 -0.101191 0.051921
0.098912 -0.104127 0.051893
0.104017 -0.106427 0.050716
0.101705 -0.107726 0.047086
0.102887 -0.107554 0.045136
0.099697 -0.107556 0.045287
0.102680 -0.107377 0.050888
0.106187 -0.106453 0.047462
0.099929 -0.107346 0.051061
0.102258 -0.107534 0.050783
0.101832 -0.107589 0.045341
0.099346 -0.104999 0.051794
0.101947 -0.105893 0.051059
0.100447 -0.108004 0.049789
0.100470 -0.101454 0.051760
0.103319 -0.107699 0.048806
0.106490 -0.106120 0.047657
0.097113 -0.106828 0.050863
0.097975 -0.107787 0.050191
0.103856 -0.107660 0.043795
0.103596 -0.107501 0.050442
0.101756 -0.104579 0.051740
0.101350 -0.107598 0.046344
0.099526 -0.107946 0.050021
0.099768 -0.107749 0.044456
0.101590 -0.107571 0.045510
0.099564 -0.107577 0.045117
0.104614 -0.107280 0.048839
0.097524 -0.105792 0.051102
0.103477 -0.107683 0.049834
0.103141 -0.100665 0.051884
0.100265 -0.101765 0.051714
0.101332 -0.107713 0.046870
0.102565 -0.107755 0.049288
0.098184 -0.104067 0.051945
0.106169 -0.106402 0.048414
0.104214 -0.107045 0.045235
0.097238 -0.107740 0.047969
0.102584 -0.105640 0.051093
0.101373 -0.107413 0.051178
0.100498 -0.104574 0.051848
0.107418 -0.104953 0.046191
0.107692 -0.104972 0.048320
0.100441 -0.107707 0.047362
0.098311 -0.107741 0.050321
0.098751 -0.104568 0.051826
0.099751 -0.101901 0.043210
0.097305 -0.101421 0.051799
0.097772 -0.105614 0.051392
0.103420 -0.107605 0.043638
0.106635 -0.106087 0.049491
0.106849 -0.105827 0.049615
0.101728 -0.103774 0.051782
0.100383 -0.104114 0.051824
0.097846 -0.107748 0.046919
0.105060 -0.107101 0.049097
0.100381 -0.107582 0.045844
0.099506 -0.102859 0.051706
0.106790 -0.105654 0.044455
0.106650 -0.105942 0.050542
0.103181 -0.107726 0.049470
0.098808 -0.103800 0.051882
0.097367 -0.102418 0.051846
0.098017 -0.107608 0.050488
0.104922 -0.105412 0.051399
0.101255 -0.106294 0.051115
0.097983 -0.107752 0.046024
0.106639 -0.106086 0.050034
0.102843 -0.103704 0.051758
0.104357 -0.107389 0.048854
0.099846 -0.100739 0.051746
0.102365 -0.106125 0.051049
0.102110 -0.106450 0.051034
0.097400 -0.102972 0.051886
0.100063 -0.102869 0.051708
0.103000 -0.107654 0.050484
0.099927 -0.107809 0.046906
0.102663 -0.106136 0.051046
0.098215 -0.104877 0.051696
0.101762 -0.107786 0.050308
0.104408 -0.107123 0.050408
0.106059 -0.106457 0.046307
0.097961 -0.107833 0.047571
0.104734 -0.106878 0.045288
0.103395 -0.106458 0.050885
0.101396 -0.107685 0.050884
0.102200 -0.107649 0.046913
0.102619 -0.107665 0.050074
0.103760 -0.107231 0.045946
0.101444 -0.107564 0.046077
0.098102 -0.103139 0.051851
0.107434 -0.105153 0.049982
0.102975 -0.107533 0.046710
0.105482 -0.106930 0.050126
0.103369 -0.107391 0.050655
0.101478 -0.103013 0.051729
0.097593 -0.107915 0.048293
0.097705 -0.106810 0.050940
0.100391 -0.100275 0.051778
0.099970 -0.101282 0.051742
0.102284 -0.107711 0.049336
0.102056 -0.107529 0.050862
0.100255 -0.100426 0.051752
0.100715 -0.106911 0.051128
0.107674 -0.104960 0.049454
0.099466 -0.106161 0.051037
0.100932 -0.104772 0.051829
0.103550 -0.101957 0.051815
0.099356 -0.107586 0.045295
0.107117 -0.105242 0.046044
0.101046 -0.107944 0.050104
0.098013 -0.107696 0.045539
0.105255 -0.104908 0.052022
0.096824 -0.104075 0.051861
0.101055 -0.105365 0.051828
0.107054 -0.105568 0.046649
0.099778 -0.106773 0.051171
0.097616 -0.105087 0.051594
0.104839 -0.106004 0.051075
0.098477 -0.106801 0.051014
0.096951 -0.107643 0.043976
0.101763 -0.101938 0.051630
0.098197 -0.105654 0.051415
