0.039958 -0.080940 0.053146
0.039880 -0.071531 0.053440
0.040649 -0.083645 0.053089
0.034827 -0.077985 0.053191
0.049204 -0.076328 0.052880
0.040529 -0.075844 0.053224
0.046191 -0.072273 0.053011
0.046088 -0.074818 0.053086
0.046713 -0.078598 0.052908
0.042159 -0.075562 0.053277
0.044854 -0.079708 0.053030
0.036653 -0.080403 0.053284
0.039636 -0.080415 0.053169
0.041093 -0.072749 0.053323
0.039871 -0.079738 0.053152
0.038939 -0.077807 0.053093
0.040877 -0.084925 0.053062
0.042164 -0.084573 0.052979
0.048353 -0.080579 0.052823
0.035772 -0.078695 0.053111
0.039040 -0.072918 0.053337
0.040475 -0.078403 0.053195
0.037974 -0.074854 0.053334
0.043714 -0.083299 0.052871
0.044795 -0.077105 0.053100
0.043609 -0.080405 0.053043
0.043606 -0.071001 0.053227
0.041187 -0.074241 0.053215
0.042735 -0.082842 0.052967
0.038845 -0.076491 0.053134
0.044248 -0.076581 0.053122
0.038111 -0.078062 0.053039
0.047057 -0.083383 0.052804
0.044917 -0.081128 0.052944
0.038600 -0.071844 0.053493
0.046153 -0.071455 0.053060
0.046650 -0.080316 0.052922
0.037165 -0.076250 0.053216
0.046228 -0.072654 0.053042
0.039238 -0.073848 0.053266
0.036001 -0.078867 0.053114
0.042776 -0.079670 0.053099
0.044411 -0.073362 0.053005
0.045266 -0.081749 0.052922
0.039871 -0.079738 0.053152
0.042510 -0.079974 0.053111
0.044152 -0.078013 0.053060
0.042080 -0.072403 0.053282
0.045132 -0.080540 0.052998
0.044233 -0.077048 0.053102
0.039895 -0.081518 0.053158
0.039668 -0.081373 0.053165
0.037193 -0.075874 0.053259
0.037828 -0.075156 0.053298
0.048160 -0.077733 0.052790
0.038612 -0.075527 0.053237
0.045844 -0.079022 0.052998
0.043177 -0.076909 0.053158
0.043803 -0.077301 0.053100
0.039632 -0.072159 0.053398
0.045363 -0.078872 0.053012
0.048786 -0.074781 0.053085
0.048602 -0.078178 0.052724
0.044700 -0.084434 0.052844
0.040077 -0.083468 0.053121
0.046312 -0.080102 0.052942
0.044248 -0.081988 0.052928
0.035878 -0.076858 0.053243
0.036235 -0.074547 0.053463
0.037109 -0.080683 0.053288
0.047714 -0.076246 0.052887
0.048954 -0.074983 0.053073
0.046928 -0.071281 0.053103
0.038672 -0.081049 0.053217
0.038504 -0.082869 0.053229
0.039678 -0.074252 0.053229
0.043224 -0.078129 0.053050
0.037881 -0.074395 0.053373
0.037661 -0.079258 0.053167
0.040135 -0.078539 0.053182
0.048440 -0.077240 0.052798
0.038345 -0.079316 0.053193
0.039705 -0.075971 0.053253
0.045015 -0.084300 0.052828
0.042384 -0.078135 0.053117
0.041939 -0.073077 0.053268
0.038695 -0.080493 0.053204
0.045262 -0.073005 0.052986
0.046002 -0.079655 0.052970
0.045893 -0.083385 0.052830
0.044429 -0.073697 0.053012
0.043529 -0.082295 0.052865
0.040877 -0.084925 0.053062
0.043236 -0.077631 0.053100
0.037304 -0.078057 0.053011
0.047270 -0.080635 0.052883
0.038094 -0.078364 0.053073
0.036143 -0.079860 0.053202
0.046018 -0.076330 0.052992
0.044937 -0.078216 0.053039
0.041457 -0.081143 0.053131
0.045349 -0.072279 0.052992
0.037394 -0.079500 0.053192
0.047620 -0.077577 0.052834
0.040365 -0.077129 0.053194
0.042071 -0.072126 0.053294
0.047558 -0.077189 0.052867
0.039993 -0.076041 0.053259
0.035878 -0.076858 0.053243
0.039669 -0.077157 0.053195
0.047419 -0.080865 0.052870
0.040327 -0.083640 0.053101
0.045590 -0.079004 0.053005
0.042661 -0.080761 0.053095
0.043515 -0.078766 0.053043
0.043379 -0.084669 0.052865
0.039751 -0.082581 0.053169
0.038546 -0.078942 0.053162
0.035499 -0.079716 0.053188
0.045389 -0.074553 0.053095
0.038756 -0.074106 0.053303
0.038756 -0.074440 0.053302
0.036206 -0.076310 0.053285
0.043833 -0.082703 0.052904
0.034793 -0.078224 0.053164
0.040235 -0.071786 0.053412
0.047624 -0.076445 0.052867
0.040263 -0.077647 0.053197
0.040942 -0.082754 0.053111
0.046909 -0.074661 0.053109
0.041755 -0.077523 0.053197
0.036305 -0.080387 0.053257
0.036821 -0.081944 0.053293
0.046556 -0.079176 0.052930
0.041959 -0.080701 0.053129
0.040010 -0.084797 0.053087
0.036636 -0.077030 0.053115
0.034918 -0.079935 0.053260
0.042995 -0.078368 0.053048
0.043980 -0.081992 0.052902
0.036677 -0.077427 0.053086
0.037709 -0.075777 0.053223
0.039297 -0.073222 0.053269
0.040186 -0.084434 0.053077
0.046729 -0.083745 0.052796
0.037967 -0.077090 0.053017
0.037027 -0.079302 0.053157
0.046176 -0.083248 0.052832
0.043648 -0.078106 0.053034
0.048130 -0.075736 0.052969
0.041692 -0.082543 0.053093
0.047980 -0.076827 0.052858
0.037999 -0.072275 0.053494
0.036464 -0.076881 0.053126
0.034470 -0.079342 0.053296
0.040757 -0.085212 0.053061
0.040480 -0.072125 0.053375
0.047416 -0.081174 0.052853
0.040858 -0.079667 0.053143
0.040565 -0.071613 0.053416
0.041522 -0.071954 0.053331
0.041294 -0.077804 0.053201
0.046873 -0.072756 0.053091
0.039830 -0.083154 0.053140
0.039484 -0.073554 0.053220
0.047232 -0.076203 0.052891
0.040277 -0.072840 0.053262
0.040137 -0.072592 0.053306
0.043057 -0.085066 0.052858
0.045526 -0.074865 0.053118
0.046980 -0.081307 0.052841
0.041318 -0.075137 0.053277
0.044116 -0.079193 0.053051
0.036308 -0.080730 0.053282
0.043373 -0.073746 0.053104
0.039669 -0.077157 0.053195
0.040549 -0.074305 0.053192
0.046723 -0.073156 0.053092
0.043069 -0.074732 0.053199
0.047198 -0.082719 0.052750
0.038948 -0.080811 0.053194
0.041577 -0.082152 0.053106
0.041093 -0.072749 0.053323
0.039476 -0.072535 0.053328
0.035198 -0.077778 0.053173
0.043804 -0.078777 0.053045
0.042352 -0.085006 0.052947
0.041570 -0.071527 0.053366
0.048731 -0.074522 0.053103
0.042403 -0.084708 0.052949
0.048426 -0.075488 0.053007
0.040025 -0.073025 0.053242
0.046490 -0.082101 0.052888
0.038121 -0.079967 0.053231
0.040817 -0.084618 0.053076
0.043379 -0.084669 0.052865
0.041428 -0.081962 0.053112
0.043623 -0.076568 0.053132
0.040791 -0.072137 0.053365
0.043918 -0.079870 0.053040
0.046736 -0.078838 0.052914
0.043710 -0.074259 0.053082
0.044932 -0.072877 0.052982
0.047141 -0.078120 0.052885
0.039778 -0.077965 0.053144
0.040047 -0.073757 0.053204
0.048718 -0.079308 0.052743
0.038814 -0.073160 0.053357
0.039433 -0.075866 0.053245
0.045169 -0.077921 0.053054
0.041119 -0.078761 0.053177
0.039636 -0.080415 0.053169
0.037419 -0.080575 0.053295
0.044983 -0.073635 0.053008
0.048479 -0.080265 0.052795
0.039112 -0.074667 0.053276
0.036931 -0.077860 0.053031
0.047008 -0.072566 0.053111
0.048628 -0.077685 0.052765
0.044726 -0.073409 0.053000
0.039715 -0.072966 0.053263
0.040351 -0.077893 0.053205
0.048914 -0.077386 0.052777
0.040532 -0.076524 0.053235
0.036698 -0.080775 0.053304
0.040574 -0.084894 0.053063
0.047677 -0.076683 0.052854
0.038039 -0.075460 0.053261
0.045209 -0.074961 0.053125
0.042386 -0.082850 0.053022
0.042776 -0.079670 0.053099
0.044338 -0.078252 0.053060
0.036764 -0.075000 0.053391
0.047371 -0.075187 0.053044
0.047253 -0.072343 0.053117
0.039885 -0.074803 0.053253
0.044610 -0.082737 0.052900
0.046873 -0.072756 0.053091
0.042540 -0.084451 0.052941
0.045204 -0.082053 0.052890
0.048414 -0.073498 0.053144
0.042844 -0.081371 0.053038
0.037572 -0.074937 0.053331
0.039972 -0.080353 0.053156
0.036843 -0.077638 0.053061
0.040977 -0.085496 0.053051
0.037511 -0.080941 0.053280
0.039072 -0.072582 0.053381
0.041464 -0.074521 0.053241
0.040290 -0.082324 0.053137
0.037394 -0.079500 0.053192
0.038320 -0.075691 0.053228
0.036499 -0.080078 0.053248
0.042656 -0.075314 0.053242
0.040977 -0.085496 0.053051
0.047794 -0.072930 0.053153
0.045767 -0.084221 0.052825
0.046384 -0.076377 0.052945
0.048951 -0.079096 0.052736
0.041808 -0.073631 0.053236
0.044607 -0.077392 0.053090
0.043141 -0.073023 0.053135
0.048651 -0.074106 0.053124
0.045312 -0.074160 0.053057
0.046425 -0.078605 0.052947
0.046710 -0.079756 0.052912
0.043522 -0.076922 0.053132
0.047158 -0.079617 0.052881
0.043288 -0.076527 0.053167
0.043741 -0.079138 0.053043
0.044164 -0.084683 0.052794
0.045070 -0.084080 0.052832
0.044738 -0.080360 0.053020
0.042902 -0.084057 0.052933
0.045621 -0.079604 0.052999
0.046519 -0.082984 0.052848
0.034860 -0.079538 0.053250
0.035976 -0.076026 0.053342
0.040523 -0.082037 0.053131
0.038609 -0.076329 0.053146
0.034793 -0.078224 0.053164
0.039709 -0.079280 0.053159
0.036659 -0.078012 0.053023
0.041933 -0.078867 0.053131
0.041861 -0.075423 0.053266
0.047538 -0.075994 0.052923
0.040258 -0.075412 0.053278
0.045265 -0.078565 0.053024
0.038903 -0.083633 0.053174
0.038041 -0.076712 0.053030
0.038294 -0.073605 0.053382
0.044733 -0.077588 0.053088
0.045085 -0.079834 0.053020
0.048092 -0.080551 0.052822
0.041702 -0.082874 0.053086
0.046700 -0.076352 0.052916
0.043180 -0.077159 0.053144
0.038040 -0.080881 0.053270
0.042652 -0.077221 0.053174
0.042427 -0.071499 0.053304
0.042213 -0.078916 0.053122
0.047314 -0.074300 0.053136
0.041620 -0.075695 0.053261
0.044869 -0.083074 0.052859
0.038408 -0.080753 0.053231
0.038889 -0.082081 0.053221
0.039816 -0.083454 0.053133
0.039032 -0.076137 0.053202
0.044005 -0.079536 0.053044
0.040164 -0.076342 0.053246
0.034417 -0.078632 0.053265
0.035387 -0.080659 0.053262
0.045526 -0.074865 0.053118
0.048355 -0.076204 0.052918
0.045937 -0.073498 0.053044
0.048087 -0.074624 0.053100
0.043688 -0.076288 0.053142
0.039478 -0.081115 0.053172
0.045545 -0.076946 0.053046
0.047244 -0.071369 0.053102
0.042049 -0.080319 0.053130
0.037380 -0.074281 0.053405
0.045125 -0.076229 0.053114
0.046906 -0.077851 0.052917
0.044166 -0.073043 0.053015
0.038211 -0.073924 0.053366
0.042080 -0.072403 0.053282
0.034950 -0.078443 0.053158
0.036086 -0.078472 0.053095
0.039215 -0.076447 0.053198
0.041850 -0.077905 0.053166
0.047683 -0.073206 0.053117
0.047187 -0.078764 0.052846
0.041218 -0.083920 0.053055
0.043080 -0.074030 0.053148
0.040648 -0.077944 0.053221
0.044257 -0.080324 0.053029
0.042804 -0.078638 0.053054
0.038862 -0.075630 0.053201
0.041711 -0.074353 0.053214
0.049541 -0.077705 0.052758
0.048310 -0.075907 0.052948
0.049715 -0.076658 0.052847
0.042967 -0.083274 0.052951
0.038974 -0.075013 0.053270
0.040167 -0.072258 0.053368
0.041717 -0.081348 0.053131
0.046552 -0.080724 0.052910
0.038612 -0.075527 0.053237
0.044583 -0.083197 0.052861
0.047198 -0.082719 0.052750
0.043142 -0.084270 0.052901
0.045882 -0.073060 0.053016
0.044869 -0.083074 0.052859
0.046972 -0.080440 0.052894
0.045834 -0.071583 0.053057
0.047453 -0.076902 0.052861
0.040655 -0.081694 0.053137
0.039202 -0.077539 0.053122
0.039121 -0.078875 0.053176
0.038294 -0.073605 0.053382
0.043200 -0.079780 0.053075
0.040394 -0.084308 0.053089
0.047652 -0.080331 0.052854
0.044114 -0.078952 0.053053
0.040836 -0.083846 0.053066
0.044252 -0.078541 0.053054
0.038578 -0.083605 0.053181
0.041292 -0.082907 0.053096
0.045511 -0.072500 0.052972
0.047048 -0.076919 0.052886
0.044878 -0.083944 0.052815
0.036877 -0.081630 0.053282
0.044761 -0.072540 0.052995
0.037273 -0.072354 0.053559
0.045980 -0.070654 0.053071
0.047961 -0.080866 0.052836
0.040885 -0.076783 0.053219
0.038546 -0.078942 0.053162
0.046768 -0.081842 0.052868
0.036807 -0.075365 0.053352
0.042533 -0.074328 0.053230
0.040248 -0.074087 0.053191
0.045070 -0.084080 0.052832
0.045744 -0.074555 0.053080
0.045080 -0.081353 0.052955
0.043688 -0.076288 0.053142
0.045299 -0.080292 0.053004
0.045795 -0.083897 0.052798
0.037604 -0.082127 0.053323
0.044377 -0.072445 0.053009
0.043688 -0.076288 0.053142
0.042192 -0.075199 0.053275
0.035834 -0.080421 0.053241
0.038747 -0.076031 0.053195
0.046263 -0.073305 0.053046
0.037279 -0.074739 0.053367
0.045168 -0.071925 0.053035
0.046186 -0.084429 0.052815
0.037457 -0.076065 0.053206
0.040808 -0.082189 0.053117
0.035197 -0.077241 0.053255
0.042310 -0.073793 0.053221
0.042164 -0.084573 0.052979
0.045730 -0.077582 0.053044
0.043707 -0.076033 0.053140
0.048021 -0.074065 0.053123
0.046886 -0.075684 0.052973
0.045007 -0.082250 0.052907
0.039977 -0.075339 0.053271
0.038592 -0.073445 0.053363
0.041793 -0.081896 0.053112
0.040299 -0.080076 0.053146
0.041969 -0.078601 0.053135
0.045256 -0.073758 0.053027
0.047311 -0.074592 0.053120
0.042994 -0.077787 0.053119
0.042845 -0.077337 0.053156
0.042395 -0.073410 0.053181
0.040960 -0.081462 0.053124
0.036587 -0.081162 0.053290
0.045529 -0.073182 0.052995
0.039993 -0.076041 0.053259
0.047294 -0.071842 0.053081
0.043373 -0.073746 0.053104
0.037096 -0.078995 0.053110
0.039841 -0.076370 0.053241
0.037675 -0.077954 0.053007
0.043598 -0.080069 0.053052
0.040992 -0.075230 0.053283
0.043910 -0.078347 0.053048
0.044406 -0.074345 0.053055
0.046853 -0.074359 0.053112
0.039043 -0.080181 0.053207
0.040648 -0.077944 0.053221
0.044218 -0.076069 0.053130
0.040237 -0.080706 0.053149
0.046235 -0.080557 0.052932
0.041187 -0.074241 0.053215
0.042578 -0.078797 0.053078
0.048305 -0.074212 0.053129
0.048064 -0.073857 0.053150
0.048064 -0.073857 0.053150
0.046242 -0.079386 0.052956
0.037073 -0.075041 0.053363
0.044205 -0.083060 0.052884
0.042248 -0.080663 0.053114
0.041224 -0.074842 0.053258
0.035580 -0.080398 0.053243
0.041813 -0.085219 0.053011
0.045479 -0.071354 0.053066
0.047605 -0.072705 0.053114
0.048207 -0.073122 0.053191
0.042187 -0.071248 0.053338
0.042774 -0.078035 0.053114
0.037452 -0.082231 0.053318
0.045709 -0.076674 0.053032
0.036981 -0.078202 0.053051
0.036162 -0.081301 0.053259
0.043381 -0.081607 0.052994
0.047419 -0.080865 0.052870
0.042840 -0.084323 0.052927
0.041419 -0.073579 0.053248
0.044397 -0.082340 0.052928
0.043895 -0.083449 0.052883
0.037123 -0.078553 0.053066
0.037566 -0.076702 0.053126
0.038663 -0.079269 0.053193
0.046015 -0.081543 0.052894
0.036445 -0.076033 0.053303
0.043409 -0.082114 0.052878
0.047501 -0.078209 0.052828
0.037881 -0.074395 0.053373
0.037202 -0.076704 0.053126
0.040814 -0.075659 0.053262
0.039715 -0.072966 0.053263
0.039634 -0.078950 0.053166
0.043699 -0.081511 0.052984
0.040376 -0.082780 0.053119
0.036619 -0.079334 0.053146
0.035009 -0.080213 0.053264
0.042902 -0.084057 0.052933
0.046127 -0.075043 0.053093
0.045382 -0.084329 0.052840
0.041559 -0.076181 0.053264
0.047246 -0.075530 0.052995
0.036007 -0.079447 0.053160
0.037398 -0.081846 0.053316
0.038211 -0.073924 0.053366
0.043479 -0.079722 0.053053
0.044152 -0.075622 0.053129
0.037304 -0.077756 0.053002
0.040237 -0.080706 0.053149
0.047779 -0.078508 0.052809
0.041876 -0.072698 0.053290
0.039995 -0.076985 0.053208
0.046088 -0.074818 0.053086
0.038998 -0.075798 0.053218
0.039540 -0.084011 0.053138
0.046837 -0.073625 0.053112
0.046240 -0.083632 0.052814
0.047976 -0.073290 0.053172
0.044076 -0.070797 0.053182
0.037143 -0.081983 0.053300
0.048082 -0.078755 0.052782
0.047631 -0.073464 0.053139
0.046384 -0.076377 0.052945
0.047158 -0.079617 0.052881
0.045984 -0.082604 0.052867
0.045721 -0.082564 0.052886
0.044616 -0.071679 0.053072
0.041672 -0.072500 0.053303
0.047888 -0.075918 0.052941
0.044523 -0.076342 0.053132
0.040180 -0.071350 0.053447
0.044482 -0.083568 0.052844
0.041081 -0.081145 0.053124
0.041133 -0.077551 0.053208
0.042167 -0.077840 0.053156
0.037695 -0.075401 0.053283
0.042900 -0.070966 0.053285
0.044477 -0.075539 0.053130
0.037389 -0.075191 0.053324
0.047198 -0.082719 0.052750
0.045700 -0.070973 0.053083
0.048310 -0.075907 0.052948
0.037882 -0.076150 0.053181
0.047826 -0.072448 0.053141
0.047762 -0.081292 0.052820
0.047986 -0.079195 0.052812
0.048265 -0.075283 0.053031
0.036254 -0.075140 0.053421
0.039296 -0.080682 0.053173
0.043216 -0.074048 0.053107
0.047870 -0.077391 0.052835
0.041257 -0.075817 0.053280
0.046799 -0.076628 0.052906
0.044871 -0.077758 0.053070
0.038379 -0.076051 0.053176
0.044392 -0.070898 0.053148
0.046286 -0.077029 0.052964
0.042187 -0.071248 0.053338
0.037756 -0.081607 0.053282
0.045859 -0.082178 0.052881
0.039262 -0.073522 0.053224
0.041696 -0.083456 0.053061
0.042252 -0.082139 0.053058
0.039495 -0.074923 0.053263
0.044854 -0.079708 0.053030
0.047146 -0.075804 0.052953
0.044281 -0.083866 0.052838
0.037208 -0.072985 0.053516
0.037768 -0.071904 0.053547
0.041265 -0.085003 0.053052
0.036982 -0.077191 0.053114
0.044850 -0.083553 0.052834
0.047034 -0.078668 0.052876
0.036698 -0.078522 0.053083
0.037882 -0.076150 0.053181
0.035723 -0.079127 0.053139
0.042392 -0.079113 0.053109
0.042354 -0.080463 0.053116
0.037906 -0.078624 0.053093
0.045529 -0.072846 0.052984
0.047908 -0.081437 0.052822
0.035595 -0.079342 0.053153
0.044996 -0.073093 0.052986
0.040869 -0.073708 0.053210
0.039403 -0.076149 0.053234
0.040602 -0.085545 0.053047
0.042208 -0.083874 0.052979
0.047098 -0.073304 0.053117
0.037428 -0.079153 0.053146
0.042489 -0.070988 0.053327
0.044010 -0.083030 0.052890
0.045657 -0.077280 0.053042
0.049386 -0.078159 0.052740
0.035332 -0.078443 0.053098
0.038348 -0.072147 0.053487
0.046624 -0.070960 0.053088
0.046114 -0.071856 0.053029
0.040461 -0.071147 0.053447
0.038407 -0.083180 0.053216
0.046445 -0.075069 0.053075
0.044136 -0.083648 0.052836
0.038312 -0.072605 0.053455
0.040453 -0.084621 0.053084
0.048322 -0.073692 0.053154
0.041687 -0.073842 0.053238
0.043180 -0.077159 0.053144
0.047061 -0.071616 0.053095
0.048659 -0.076249 0.052910
0.037976 -0.072780 0.053460
0.043488 -0.075925 0.053160
0.035293 -0.078935 0.053147
0.044932 -0.072877 0.052982
0.041210 -0.073490 0.053249
0.045639 -0.080619 0.052981
0.046191 -0.072273 0.053011
0.046685 -0.071666 0.053045
0.040532 -0.076524 0.053235
0.042990 -0.078656 0.053042
0.040576 -0.082496 0.053129
0.043963 -0.075295 0.053142
0.044937 -0.076622 0.053116
0.047088 -0.082069 0.052847
0.044418 -0.074018 0.053030
0.044726 -0.073409 0.053000
0.038647 -0.078578 0.053141
0.045311 -0.070839 0.053087
0.044219 -0.080963 0.052973
0.039323 -0.077250 0.053164
0.040595 -0.073461 0.053189
0.047278 -0.079080 0.052860
0.040596 -0.079951 0.053144
0.045488 -0.077872 0.053052
0.040720 -0.080403 0.053133
0.043101 -0.082782 0.052908
0.044490 -0.075936 0.053136
0.045333 -0.081094 0.052966
0.042685 -0.073613 0.053188
0.037537 -0.082529 0.053299
0.045881 -0.076988 0.053009
0.048602 -0.078178 0.052724
0.046501 -0.083876 0.052797
0.041386 -0.082534 0.053092
0.045893 -0.083385 0.052830
0.041451 -0.080289 0.053126
0.041003 -0.077039 0.053212
0.040522 -0.074826 0.053244
0.042805 -0.075053 0.053235
0.042989 -0.071891 0.053198
0.048082 -0.078755 0.052782
0.046342 -0.071584 0.053028
0.046643 -0.072582 0.053080
0.041985 -0.076590 0.053221
0.047734 -0.073677 0.053138
0.044749 -0.073908 0.053024
0.042959 -0.080047 0.053096
0.037912 -0.077839 0.053023
0.045414 -0.076046 0.053094
0.040651 -0.073133 0.053234
0.045993 -0.080864 0.052928
0.042049 -0.078278 0.053120
0.045529 -0.072846 0.052984
0.047631 -0.073464 0.053139
0.046090 -0.076019 0.053012
0.041165 -0.080498 0.053125
0.042119 -0.082517 0.053073
0.043706 -0.075618 0.053158
0.040406 -0.077322 0.053214
0.038609 -0.076329 0.053146
0.040518 -0.079669 0.053148
0.045946 -0.081803 0.052893
0.048320 -0.079875 0.052793
0.044823 -0.083317 0.052825
0.044912 -0.075020 0.053116
0.034953 -0.078305 0.053161
0.038568 -0.073797 0.053315
0.041632 -0.072258 0.053312
0.043668 -0.075231 0.053166
0.045041 -0.071566 0.053067
0.042002 -0.074732 0.053222
0.040518 -0.079669 0.053148
0.040156 -0.078229 0.053194
0.042578 -0.078797 0.053078
0.044013 -0.074475 0.053077
0.041842 -0.076369 0.053227
0.042546 -0.076108 0.053239
0.042062 -0.083478 0.053038
0.041180 -0.073261 0.053277
0.040552 -0.082974 0.053110
0.048089 -0.076533 0.052876
0.045010 -0.081978 0.052924
0.034835 -0.079200 0.053230
0.042412 -0.072566 0.053251
0.039993 -0.079973 0.053154
0.039468 -0.079453 0.053170
0.042591 -0.083491 0.052984
0.042915 -0.080622 0.053086
0.045181 -0.084575 0.052853
0.037722 -0.072501 0.053502
0.043895 -0.083449 0.052883
0.047057 -0.083383 0.052804
0.046244 -0.075315 0.053068
0.047043 -0.076453 0.052869
0.046866 -0.078361 0.052911
0.042159 -0.075562 0.053277
0.034880 -0.078797 0.053202
0.047078 -0.075138 0.053041
0.046561 -0.072125 0.053053
0.043834 -0.071804 0.053132
0.044902 -0.074711 0.053096
0.044397 -0.082340 0.052928
0.038908 -0.071804 0.053483
0.044912 -0.075020 0.053116
0.039775 -0.083724 0.053138
0.039028 -0.074201 0.053293
0.044684 -0.070984 0.053110
0.047343 -0.077787 0.052860
0.041358 -0.075474 0.053266
0.047429 -0.071631 0.053103
0.040601 -0.071875 0.053383
0.045961 -0.084501 0.052841
0.047735 -0.081095 0.052841
0.043554 -0.074636 0.053137
0.047157 -0.083034 0.052803
0.042844 -0.081371 0.053038
0.037940 -0.071437 0.053567
0.047794 -0.072930 0.053153
0.036125 -0.080101 0.053225
0.039331 -0.082784 0.053185
0.041447 -0.084784 0.053054
0.041606 -0.073222 0.053267
0.044944 -0.072273 0.053001
0.045642 -0.079351 0.053000
0.046071 -0.072184 0.053012
0.041058 -0.083746 0.053072
0.045000 -0.075364 0.053136
0.034081 -0.079106 0.053343
0.036454 -0.081680 0.053258
0.040514 -0.081423 0.053144
0.041081 -0.074523 0.053231
0.047093 -0.081022 0.052880
0.048414 -0.073498 0.053144
0.036116 -0.075490 0.053398
0.035537 -0.077235 0.053209
0.046983 -0.079080 0.052889
0.045266 -0.081749 0.052922
0.044436 -0.076805 0.053115
0.044477 -0.075539 0.053130
0.038822 -0.072067 0.053458
0.045311 -0.070839 0.053087
0.040929 -0.071934 0.053376
0.043663 -0.077718 0.053066
0.042049 -0.077536 0.053192
0.041457 -0.079403 0.053158
0.044408 -0.077216 0.053082
0.043694 -0.081179 0.053012
0.040692 -0.081060 0.053138
0.043648 -0.079461 0.053044
0.039370 -0.080128 0.053190
0.041570 -0.071527 0.053366
0.035603 -0.077709 0.053102
0.037912 -0.077839 0.053023
0.047311 -0.074592 0.053120
0.041778 -0.080235 0.053134
0.048785 -0.075445 0.053018
0.044927 -0.082779 0.052865
0.050091 -0.076727 0.052854
0.045946 -0.075289 0.053102
0.040025 -0.073025 0.053242
0.040368 -0.078917 0.053168
0.040711 -0.072836 0.053304
0.039112 -0.074667 0.053276
0.037707 -0.073032 0.053459
0.037172 -0.076496 0.053175
0.039289 -0.077854 0.053141
0.048914 -0.077386 0.052777
0.041419 -0.073579 0.053248
0.042227 -0.079525 0.053125
0.038584 -0.075847 0.053198
0.038747 -0.076031 0.053195
0.043302 -0.074460 0.053125
0.043185 -0.071997 0.053187
0.038368 -0.077153 0.053040
0.039589 -0.071559 0.053455
0.041365 -0.085242 0.053040
0.043441 -0.073129 0.053097
0.047241 -0.082432 0.052820
0.044700 -0.078046 0.053029
0.038770 -0.071535 0.053498
0.038386 -0.071491 0.053521
0.044738 -0.080360 0.053020
0.040962 -0.080152 0.053135
0.039911 -0.081190 0.053154
0.043302 -0.074460 0.053125
0.042208 -0.083874 0.052979
0.039715 -0.072966 0.053263
0.048352 -0.076893 0.052842
0.044633 -0.078645 0.053052
0.045834 -0.078009 0.053021
0.047794 -0.072930 0.053153
0.038034 -0.073227 0.053426
0.045294 -0.082577 0.052883
0.045541 -0.078631 0.053003
0.040148 -0.076591 0.053224
0.045017 -0.079489 0.053021
0.042571 -0.076496 0.053217
0.042356 -0.079801 0.053092
0.042413 -0.073175 0.053213
0.045661 -0.075438 0.053116
0.041818 -0.078207 0.053159
0.035794 -0.077333 0.053179
0.038987 -0.083304 0.053186
0.042717 -0.071325 0.053287
0.047468 -0.072509 0.053125
0.037675 -0.077954 0.053007
0.047592 -0.078908 0.052838
0.045922 -0.081208 0.052915
0.046516 -0.077370 0.052947
0.037675 -0.077954 0.053007
0.038176 -0.079635 0.053210
0.036353 -0.078700 0.053090
0.043556 -0.084124 0.052877
0.042050 -0.076401 0.053201
0.040807 -0.077633 0.053221
0.048750 -0.076540 0.052874
0.042229 -0.081523 0.053068
0.036545 -0.076759 0.053155
0.038600 -0.071844 0.053493
0.043698 -0.084576 0.052827
0.040010 -0.084797 0.053087
0.038621 -0.077410 0.053067
0.039895 -0.075673 0.053246
0.043453 -0.075008 0.053179
0.036728 -0.074162 0.053450
0.044098 -0.073556 0.053022
0.043629 -0.083049 0.052885
0.040263 -0.077647 0.053197
0.039016 -0.073486 0.053295
0.038524 -0.077655 0.053055
0.047412 -0.072029 0.053093
0.039546 -0.081638 0.053191
0.044996 -0.073093 0.052986
0.038625 -0.072818 0.053416
0.042126 -0.071978 0.053300
0.038968 -0.077382 0.053109
0.045576 -0.073614 0.053022
0.041031 -0.071645 0.053390
0.037428 -0.079153 0.053146
0.042667 -0.074679 0.053236
0.042546 -0.076108 0.053239
0.035099 -0.078561 0.053148
0.037549 -0.078734 0.053095
0.040329 -0.074605 0.053224
0.045085 -0.077496 0.053075
0.041254 -0.083291 0.053084
0.039683 -0.075606 0.053260
0.045125 -0.076229 0.053114
0.037165 -0.076250 0.053216
0.037645 -0.080462 0.053275
0.037979 -0.081998 0.053300
0.041576 -0.080578 0.053137
0.041387 -0.080860 0.053122
0.046342 -0.071584 0.053028
0.042871 -0.082526 0.052935
0.044791 -0.080040 0.053030
0.037521 -0.072130 0.053552
0.047244 -0.071369 0.053102
0.041655 -0.077000 0.053210
0.039194 -0.079886 0.053194
0.040651 -0.073133 0.053234
0.049338 -0.076064 0.052912
0.039833 -0.072412 0.053346
0.043224 -0.083755 0.052928
0.036073 -0.077329 0.053103
0.048069 -0.074989 0.053069
0.036730 -0.081520 0.053293
0.039141 -0.081737 0.053217
0.042355 -0.083708 0.052993
0.044610 -0.082737 0.052900
0.045961 -0.084501 0.052841
0.042138 -0.080036 0.053121
0.036435 -0.080977 0.053291
0.041192 -0.079896 0.053134
0.036351 -0.077255 0.053124
0.045330 -0.075532 0.053128
0.045993 -0.080864 0.052928
0.040055 -0.079291 0.053151
0.040160 -0.079587 0.053143
0.039649 -0.080064 0.053172
0.040175 -0.082586 0.053136
0.044655 -0.075266 0.053125
0.047297 -0.078527 0.052855
0.047158 -0.079617 0.052881
0.042062 -0.083478 0.053038
0.039958 -0.080940 0.053146
0.038737 -0.072352 0.053448
0.036624 -0.074510 0.053438
0.048355 -0.074753 0.053092
0.043224 -0.083755 0.052928
0.040495 -0.072544 0.053335
0.046938 -0.082490 0.052813
0.037566 -0.076702 0.053126
0.044900 -0.078684 0.053039
0.046641 -0.074216 0.053097
0.049172 -0.075288 0.053035
0.036601 -0.075705 0.053332
0.042310 -0.078386 0.053068
0.044997 -0.080938 0.052982
0.045299 -0.080292 0.053004
0.038031 -0.079225 0.053175
0.039518 -0.084321 0.053128
0.035589 -0.076634 0.053295
0.042310 -0.078386 0.053068
0.041451 -0.080289 0.053126
0.040643 -0.084297 0.053094
0.039099 -0.071623 0.053476
0.037770 -0.080729 0.053271
0.043155 -0.076099 0.053189
0.046075 -0.083377 0.052815
0.041560 -0.083155 0.053083
0.040219 -0.075765 0.053262
0.038845 -0.076724 0.053096
0.048538 -0.079697 0.052775
0.043132 -0.079087 0.053048
0.044023 -0.081803 0.052894
0.049311 -0.076743 0.052815
0.038839 -0.078209 0.053104
0.035299 -0.076613 0.053305
0.042468 -0.082491 0.053015
0.043741 -0.082114 0.052898
0.042757 -0.071801 0.053254
0.039747 -0.078631 0.053172
0.038866 -0.081561 0.053227
0.044382 -0.071398 0.053115
0.044045 -0.071105 0.053174
0.043373 -0.073746 0.053104
0.041200 -0.073752 0.053232
0.042327 -0.084237 0.052966
0.039925 -0.080650 0.053157
0.045676 -0.081070 0.052947
0.045818 -0.082977 0.052864
0.044122 -0.081146 0.052998
0.044248 -0.079750 0.053041
0.044402 -0.082914 0.052904
0.046321 -0.080368 0.052932
0.038263 -0.074564 0.053340
0.048943 -0.076156 0.052916
0.037976 -0.072780 0.053460
0.037617 -0.071440 0.053596
0.039186 -0.075033 0.053249
0.047671 -0.074022 0.053148
0.036458 -0.075449 0.053375
0.038903 -0.083633 0.053174
0.046291 -0.073018 0.053050
0.047830 -0.074807 0.053077
0.041180 -0.073261 0.053277
0.048926 -0.077703 0.052760
0.038348 -0.076804 0.053049
0.040897 -0.084348 0.053085
0.037295 -0.081393 0.053315
0.043453 -0.075008 0.053179
0.042208 -0.083874 0.052979
0.043873 -0.080202 0.053034
0.040935 -0.073039 0.053291
0.035980 -0.080428 0.053246
0.042126 -0.072762 0.053260
0.036016 -0.074791 0.053458
0.039640 -0.080805 0.053151
0.041302 -0.073021 0.053308
0.035463 -0.078658 0.053113
0.034519 -0.077980 0.053246
0.037469 -0.081234 0.053311
0.040938 -0.078895 0.053129
0.044060 -0.071478 0.053138
0.042913 -0.083636 0.052946
0.046355 -0.071176 0.053055
0.035593 -0.078902 0.053101
0.041154 -0.084395 0.053054
0.039084 -0.076875 0.053149
0.041031 -0.071645 0.053390
0.039909 -0.071923 0.053412
0.045853 -0.078704 0.053000
0.041239 -0.071305 0.053397
0.037704 -0.073475 0.053430
0.045657 -0.077280 0.053042
0.045543 -0.082828 0.052859
0.042035 -0.082796 0.053058
0.047736 -0.075160 0.053050
0.043837 -0.070869 0.053205
0.035555 -0.080091 0.053229
0.038679 -0.074852 0.053296
0.041809 -0.074613 0.053240
0.038609 -0.076329 0.053146
0.044531 -0.084715 0.052843
0.040740 -0.084213 0.053083
0.039726 -0.084614 0.053109
0.038151 -0.078907 0.053152
0.039052 -0.082231 0.053212
0.042967 -0.074398 0.053185
0.048170 -0.073523 0.053166
0.041576 -0.085066 0.053032
0.039421 -0.072852 0.053272
0.043083 -0.081603 0.053011
0.038592 -0.073445 0.053363
0.042724 -0.072297 0.053232
0.039751 -0.075108 0.053268
0.043387 -0.079029 0.053046
0.035235 -0.080358 0.053255
0.047754 -0.077844 0.052807
0.044488 -0.072782 0.053004
0.040518 -0.079669 0.053148
0.036073 -0.077329 0.053103
0.044990 -0.070947 0.053103
0.036279 -0.077575 0.053093
0.038839 -0.079290 0.053195
0.046736 -0.078838 0.052914
0.040130 -0.083161 0.053124
0.041852 -0.084446 0.053011
0.036391 -0.078314 0.053078
0.038712 -0.082589 0.053223
0.047026 -0.081646 0.052861
0.037206 -0.078805 0.053100
0.043043 -0.071515 0.053246
0.044850 -0.076338 0.053129
0.036624 -0.074510 0.053438
0.044784 -0.075666 0.053137
0.049386 -0.078159 0.052740
0.039555 -0.077645 0.053169
0.047209 -0.080320 0.052891
0.044912 -0.080517 0.053009
0.048560 -0.075046 0.053062
0.041577 -0.082152 0.053106
0.044286 -0.084126 0.052794
0.039808 -0.073583 0.053210
0.036981 -0.078202 0.053051
0.045479 -0.071354 0.053066
0.036728 -0.074162 0.053450
0.047630 -0.075568 0.052990
0.041546 -0.071093 0.053387
0.043244 -0.075683 0.053188
0.047275 -0.076635 0.052867
0.041993 -0.079405 0.053154
0.046515 -0.076722 0.052930
0.037433 -0.081643 0.053307
0.038841 -0.078842 0.053169
0.044344 -0.079412 0.053040
0.043224 -0.078129 0.053050
0.049708 -0.075965 0.052921
0.045946 -0.075289 0.053102
0.039818 -0.077776 0.053171
0.040534 -0.075211 0.053281
0.043600 -0.084844 0.052849
0.045100 -0.083787 0.052835
0.035983 -0.080659 0.053258
0.037519 -0.076427 0.053171
0.039473 -0.079741 0.053175
0.038802 -0.077104 0.053097
0.038737 -0.080195 0.053221
0.045980 -0.070654 0.053071
0.039997 -0.073171 0.053224
0.042606 -0.072865 0.053202
0.036970 -0.080591 0.053292
0.039396 -0.083703 0.053158
0.043961 -0.077670 0.053074
0.036279 -0.076969 0.053162
0.039744 -0.076255 0.053233
0.049071 -0.078839 0.052724
0.044025 -0.082336 0.052920
0.046796 -0.071907 0.053071
0.044700 -0.084434 0.052844
0.046824 -0.083148 0.052826
0.046352 -0.081740 0.052893
0.043950 -0.075976 0.053128
0.042845 -0.076067 0.053218
0.038462 -0.074423 0.053317
0.040902 -0.083074 0.053098
0.044402 -0.082914 0.052904
0.040968 -0.073538 0.053229
0.042652 -0.077221 0.053174
0.036739 -0.078865 0.053095
0.038170 -0.074205 0.053360
0.044281 -0.083866 0.052838
0.040365 -0.077129 0.053194
0.039928 -0.084070 0.053124
0.044436 -0.076805 0.053115
0.043441 -0.077404 0.053110
0.037531 -0.080189 0.053266
0.043080 -0.074030 0.053148
0.044070 -0.081539 0.052976
0.044191 -0.082681 0.052926
0.038998 -0.075798 0.053218
0.042912 -0.071246 0.053270
0.036457 -0.078999 0.053115
0.046258 -0.076208 0.052948
0.038278 -0.076481 0.053084
0.045829 -0.080238 0.052975
0.043943 -0.076660 0.053121
0.043288 -0.074267 0.053120
0.044171 -0.071934 0.053068
0.047331 -0.072668 0.053117
0.043133 -0.080480 0.053076
0.040526 -0.080236 0.053148
0.047736 -0.075160 0.053050
0.042164 -0.081046 0.053093
0.044491 -0.084087 0.052808
0.046812 -0.074957 0.053080
0.037608 -0.074615 0.053369
0.042412 -0.072566 0.053251
0.044611 -0.078326 0.053053
0.037709 -0.075777 0.053223
0.046062 -0.076491 0.052974
0.045362 -0.082914 0.052834
0.042967 -0.074398 0.053185
0.047241 -0.082432 0.052820
0.046518 -0.075984 0.052954
0.038262 -0.082881 0.053235
0.047232 -0.076203 0.052891
0.037253 -0.080981 0.053320
0.048443 -0.078994 0.052760
0.041042 -0.085190 0.053041
0.045252 -0.079517 0.053011
0.037430 -0.079901 0.053243
0.045935 -0.080506 0.052945
0.045908 -0.083718 0.052805
0.037572 -0.077575 0.052999
0.046114 -0.071856 0.053029
0.043479 -0.079722 0.053053
0.043522 -0.076922 0.053132
0.045845 -0.071313 0.053077
0.041600 -0.084168 0.053041
0.047229 -0.077314 0.052879
0.046000 -0.071085 0.053067
0.039741 -0.076656 0.053221
0.036351 -0.077255 0.053124
0.041298 -0.078379 0.053183
0.047230 -0.079361 0.052860
0.038807 -0.073799 0.053314
0.046397 -0.081319 0.052893
0.048308 -0.079401 0.052786
0.049050 -0.075718 0.052977
0.043793 -0.084917 0.052812
0.044056 -0.074114 0.053047
0.041983 -0.076909 0.053210
0.042586 -0.081765 0.053020
0.043937 -0.084749 0.052786
0.043392 -0.081084 0.053014
0.041588 -0.075958 0.053269
0.042160 -0.077235 0.053195
0.042574 -0.081029 0.053079
0.042986 -0.083967 0.052933
0.043610 -0.073418 0.053078
0.038113 -0.080553 0.053249
0.041786 -0.079236 0.053157
0.039778 -0.078239 0.053168
0.036573 -0.076372 0.053228
0.040782 -0.074963 0.053266
0.042776 -0.079670 0.053099
0.043954 -0.072818 0.053023
0.042992 -0.079396 0.053066
0.046342 -0.071584 0.053028
0.046026 -0.077277 0.053003
0.042310 -0.078386 0.053068
0.048345 -0.077454 0.052796
0.040522 -0.074826 0.053244
0.044344 -0.079412 0.053040
0.038213 -0.082244 0.053271
0.046312 -0.074726 0.053104
0.039789 -0.081890 0.053179
0.046510 -0.083390 0.052821
0.047369 -0.081868 0.052850
0.039112 -0.074667 0.053276
0.042295 -0.083293 0.053017
0.046786 -0.070688 0.053075
0.045330 -0.078223 0.053032
0.037404 -0.075579 0.053279
0.036948 -0.076854 0.053138
0.046235 -0.080557 0.052932
0.041820 -0.081102 0.053136
0.044382 -0.071827 0.053057
0.043305 -0.071294 0.053240
0.037827 -0.080085 0.053246
0.047707 -0.080676 0.052838
0.044241 -0.075153 0.053119
0.035470 -0.078092 0.053059
0.041808 -0.073631 0.053236
0.039647 -0.074576 0.053224
0.041358 -0.075474 0.053266
0.041454 -0.079064 0.053170
0.037314 -0.077410 0.053060
0.044330 -0.084429 0.052807
0.045996 -0.073889 0.053071
0.042845 -0.076067 0.053218
0.045193 -0.072668 0.052975
0.043216 -0.072459 0.053154
0.040818 -0.071381 0.053418
0.040692 -0.081060 0.053138
0.045999 -0.072434 0.053006
0.039241 -0.081385 0.053193
0.044191 -0.082681 0.052926
0.040534 -0.083980 0.053099
0.045933 -0.075578 0.053073
0.039683 -0.075606 0.053260
0.040955 -0.080818 0.053126
0.041559 -0.076181 0.053264
0.045993 -0.080864 0.052928
0.046844 -0.080651 0.052907
0.047685 -0.074513 0.053121
0.043496 -0.073994 0.053087
0.043910 -0.078347 0.053048
0.040374 -0.083241 0.053109
0.039343 -0.075253 0.053265
0.041692 -0.082543 0.053093
0.040869 -0.073708 0.053210
0.041243 -0.076699 0.053226
0.039662 -0.076888 0.053183
0.037304 -0.077756 0.053002
0.045636 -0.081706 0.052888
0.036619 -0.079334 0.053146
0.040861 -0.076407 0.053247
0.035336 -0.080112 0.053236
0.044823 -0.083317 0.052825
0.042735 -0.082842 0.052967
0.044013 -0.074475 0.053077
0.040734 -0.078788 0.053171
0.044912 -0.075020 0.053116
0.035275 -0.076824 0.053302
0.039659 -0.073853 0.053206
0.045526 -0.074865 0.053118
0.041039 -0.077308 0.053205
0.046735 -0.075255 0.053033
0.043213 -0.073410 0.053131
0.036653 -0.080403 0.053284
0.036853 -0.076048 0.053262
0.047232 -0.076203 0.052891
0.043547 -0.080699 0.053036
0.042395 -0.073410 0.053181
0.038558 -0.079614 0.053209
0.048964 -0.078047 0.052741
0.048292 -0.078395 0.052741
0.049217 -0.078425 0.052722
0.048060 -0.072933 0.053162
0.049399 -0.076511 0.052848
0.036086 -0.079177 0.053139
0.041278 -0.076997 0.053217
0.042694 -0.083755 0.052965
0.039262 -0.073522 0.053224
0.044704 -0.076745 0.053109
0.042475 -0.076969 0.053195
0.044520 -0.078955 0.053050
0.045577 -0.081980 0.052895
0.048130 -0.075736 0.052969
0.035332 -0.078443 0.053098
0.043515 -0.078766 0.053043
0.042986 -0.081888 0.052972
0.044640 -0.082398 0.052878
0.045709 -0.076674 0.053032
0.038039 -0.075460 0.053261
0.045980 -0.070654 0.053071
0.048786 -0.074781 0.053085
0.042427 -0.074918 0.053259
0.046110 -0.080814 0.052920
0.042115 -0.073417 0.053233
0.041278 -0.076997 0.053217
0.041980 -0.084102 0.052992
0.040291 -0.076830 0.053218
0.037073 -0.075041 0.053363
0.038845 -0.076491 0.053134
0.045767 -0.084221 0.052825
0.041832 -0.071114 0.053345
0.045498 -0.079973 0.053000
0.036728 -0.074162 0.053450
0.048434 -0.076539 0.052882
0.045015 -0.084300 0.052828
0.042098 -0.079162 0.053132
0.043317 -0.080290 0.053062
0.045089 -0.083375 0.052841
0.046599 -0.079489 0.052917
0.042658 -0.075798 0.053240
0.039333 -0.080364 0.053179
0.041892 -0.082293 0.053099
0.036178 -0.076677 0.053229
0.035212 -0.079760 0.053217
0.039280 -0.075584 0.053250
0.037572 -0.077575 0.052999
0.039121 -0.078875 0.053176
0.037092 -0.075425 0.053322
0.038093 -0.083116 0.053224
0.048675 -0.077265 0.052792
0.043397 -0.081389 0.053017
0.040697 -0.077282 0.053221
0.048914 -0.077386 0.052777
0.036821 -0.081944 0.053293
0.047326 -0.073623 0.053139
0.045459 -0.071696 0.053049
0.035446 -0.076241 0.053342
0.038489 -0.079985 0.053219
0.041621 -0.083792 0.053047
0.036901 -0.076500 0.053167
0.043009 -0.078830 0.053046
0.040026 -0.077997 0.053179
0.042179 -0.074493 0.053248
0.034860 -0.079538 0.053250
0.044478 -0.081733 0.052960
0.041684 -0.080893 0.053138
0.045192 -0.077024 0.053087
0.042869 -0.072978 0.053144
0.039331 -0.082784 0.053185
0.034574 -0.079821 0.053297
0.036812 -0.073690 0.053483
0.045778 -0.072592 0.052999
0.038672 -0.081049 0.053217
0.041184 -0.084611 0.053068
0.035419 -0.077879 0.053121
0.046127 -0.075043 0.053093
0.048750 -0.076540 0.052874
0.041081 -0.078467 0.053191
0.041200 -0.073752 0.053232
0.038695 -0.080493 0.053204
0.048099 -0.078076 0.052771
0.049726 -0.076312 0.052876
0.035584 -0.077044 0.053249
0.044010 -0.083030 0.052890
0.046054 -0.084127 0.052807
0.038110 -0.071769 0.053529
0.042268 -0.074130 0.053243
0.045346 -0.079243 0.052999
0.042804 -0.082131 0.052965
0.040453 -0.073776 0.053197
0.041003 -0.077039 0.053212
0.040803 -0.074634 0.053233
0.039241 -0.081385 0.053193
0.042844 -0.081371 0.053038
0.039229 -0.080969 0.053186
0.048634 -0.075934 0.052952
0.046878 -0.079383 0.052899
0.036587 -0.077751 0.053024
0.044211 -0.074771 0.053100
0.041132 -0.079149 0.053159
0.045778 -0.072592 0.052999
0.039418 -0.071852 0.053442
0.042658 -0.078361 0.053076
0.040003 -0.078954 0.053159
0.043361 -0.072252 0.053139
0.044382 -0.071398 0.053115
0.043216 -0.074048 0.053107
0.040608 -0.076964 0.053215
0.041166 -0.081875 0.053116
0.037074 -0.073463 0.053484
0.036359 -0.074200 0.053475
0.046871 -0.075431 0.053013
0.043239 -0.083053 0.052911
0.038504 -0.082869 0.053229
0.037661 -0.079258 0.053167
0.043244 -0.075683 0.053188
0.038387 -0.081608 0.053232
0.037551 -0.074002 0.053409
0.044762 -0.073530 0.053000
0.042239 -0.072967 0.053254
0.034721 -0.078640 0.053223
0.039778 -0.077965 0.053144
0.049938 -0.077005 0.052824
0.041778 -0.080235 0.053134
0.040993 -0.071102 0.053426
0.045459 -0.071696 0.053049
0.043351 -0.072734 0.053109
0.035195 -0.079333 0.053192
0.037408 -0.073683 0.053441
0.046239 -0.073915 0.053077
0.037429 -0.072725 0.053515
0.044009 -0.084185 0.052834
0.039262 -0.073522 0.053224
0.042475 -0.075615 0.053255
0.039072 -0.072582 0.053381
0.044707 -0.082138 0.052923
0.048029 -0.076293 0.052895
0.037911 -0.079447 0.053187
0.043244 -0.078402 0.053025
0.049059 -0.076616 0.052850
0.048104 -0.079631 0.052807
0.046400 -0.071987 0.053017
0.040942 -0.082754 0.053111
0.035880 -0.079865 0.053199
0.040284 -0.073524 0.053207
0.041702 -0.082874 0.053086
0.041093 -0.072749 0.053323
0.043409 -0.082114 0.052878
0.035935 -0.077687 0.053115
0.041838 -0.074990 0.053270
0.037110 -0.079769 0.053230
0.041613 -0.076621 0.053237
0.045041 -0.071566 0.053067
0.038502 -0.078297 0.053098
0.046495 -0.078379 0.052939
0.038577 -0.082278 0.053235
0.041915 -0.084875 0.053001
0.037004 -0.072609 0.053569
0.046227 -0.073561 0.053063
0.043633 -0.072482 0.053098
0.036573 -0.076372 0.053228
0.038254 -0.077417 0.053035
0.044761 -0.072540 0.052995
0.037882 -0.076828 0.053012
0.037824 -0.078965 0.053138
0.036279 -0.077575 0.053093
0.045818 -0.078467 0.052999
0.046937 -0.082739 0.052818
0.045701 -0.081466 0.052912
0.040593 -0.075638 0.053264
0.037071 -0.074429 0.053406
0.047870 -0.077391 0.052835
0.040942 -0.082754 0.053111
0.046771 -0.081176 0.052880
0.046566 -0.072889 0.053067
0.045651 -0.076350 0.053048
0.037566 -0.076702 0.053126
0.038139 -0.081649 0.053271
0.042488 -0.081326 0.053057
0.042054 -0.081298 0.053114
0.042721 -0.074039 0.053203
0.046250 -0.078032 0.052979
0.036653 -0.078242 0.053064
0.047390 -0.073256 0.053097
0.036552 -0.081376 0.053289
0.043770 -0.076976 0.053114
0.040453 -0.073776 0.053197
0.046767 -0.072345 0.053087
0.038231 -0.076236 0.053152
0.042267 -0.076659 0.053217
0.047270 -0.080635 0.052883
0.046493 -0.072401 0.053061
0.045881 -0.076988 0.053009
0.039365 -0.074156 0.053265
0.041988 -0.083149 0.053060
0.039912 -0.082884 0.053143
0.044147 -0.072593 0.053026
0.046464 -0.073857 0.053085
0.039613 -0.082227 0.053197
0.042251 -0.076272 0.053239
0.046404 -0.084179 0.052802
0.044871 -0.077758 0.053070
0.037714 -0.078248 0.053015
0.042845 -0.077337 0.053156
0.045844 -0.079022 0.052998
0.042103 -0.081834 0.053088
0.043068 -0.073685 0.053150
0.041185 -0.079537 0.053153
0.042915 -0.080622 0.053086
0.037729 -0.081175 0.053290
0.041498 -0.080060 0.053139
0.036916 -0.075729 0.053297
0.034950 -0.078443 0.053158
0.041838 -0.074990 0.053270
0.043603 -0.072122 0.053139
0.035642 -0.080701 0.053247
0.040301 -0.073234 0.053227
0.046315 -0.082702 0.052868
0.036471 -0.074854 0.053425
0.046396 -0.074417 0.053107
0.041230 -0.072319 0.053340
0.048021 -0.074065 0.053123
0.038041 -0.075894 0.053212
0.041578 -0.084568 0.053036
0.046699 -0.080960 0.052899
0.035672 -0.078411 0.053102
0.043547 -0.080699 0.053036
0.035874 -0.075185 0.053437
0.043409 -0.082114 0.052878
0.043741 -0.082379 0.052861
0.041578 -0.084568 0.053036
0.049217 -0.077794 0.052747
0.049449 -0.076950 0.052809
0.045069 -0.080224 0.053014
0.042356 -0.079801 0.053092
0.044218 -0.083393 0.052866
0.041696 -0.083456 0.053061
0.038559 -0.077925 0.053070
0.037750 -0.076843 0.053063
0.039523 -0.076453 0.053225
0.042138 -0.080036 0.053121
0.045015 -0.084300 0.052828
0.044045 -0.071105 0.053174
0.046186 -0.084429 0.052815
0.040534 -0.075211 0.053281
0.041457 -0.079403 0.053158
0.045459 -0.071696 0.053049
0.040663 -0.073957 0.053198
0.038907 -0.071249 0.053493
0.042531 -0.082193 0.053001
0.044060 -0.080697 0.053007
0.038129 -0.080258 0.053235
0.041533 -0.074843 0.053260
0.042763 -0.079034 0.053072
0.045085 -0.077496 0.053075
0.040431 -0.079320 0.053144
0.043590 -0.083794 0.052903
0.045445 -0.082293 0.052898
0.044511 -0.082011 0.052941
0.042991 -0.072208 0.053185
0.043149 -0.075054 0.053209
0.036132 -0.081082 0.053269
0.042986 -0.083967 0.052933
0.039754 -0.073300 0.053213
0.034193 -0.078799 0.053310
0.036352 -0.077909 0.053070
0.045287 -0.080723 0.052993
0.047954 -0.074304 0.053129
0.039403 -0.076149 0.053234
0.043662 -0.083953 0.052867
0.038068 -0.077535 0.053029
0.036877 -0.073086 0.053541
0.039841 -0.076370 0.053241
0.046972 -0.080440 0.052894
0.036947 -0.081309 0.053321
0.046119 -0.077526 0.053000
0.044392 -0.077711 0.053072
0.037935 -0.076444 0.053105
0.047882 -0.077662 0.052795
0.038679 -0.074852 0.053296
0.047592 -0.078908 0.052838
0.045311 -0.070839 0.053087
0.039399 -0.083015 0.053172
0.045032 -0.073962 0.053032
0.046171 -0.081288 0.052901
0.040252 -0.084024 0.053106
0.040450 -0.076108 0.053254
0.045103 -0.075828 0.053130
0.046095 -0.083947 0.052805
0.036714 -0.076594 0.053145
0.047117 -0.071917 0.053090
0.040595 -0.073461 0.053189
0.043698 -0.071193 0.053209
0.042896 -0.075667 0.053221
0.046747 -0.077085 0.052914
0.041315 -0.079238 0.053170
0.039433 -0.075866 0.053245
0.048298 -0.078126 0.052724
0.039055 -0.078527 0.053149
0.037881 -0.074395 0.053373
0.041742 -0.077251 0.053210
0.035794 -0.077333 0.053179
0.040479 -0.072930 0.053277
0.040782 -0.079217 0.053155
0.040024 -0.074461 0.053223
0.035983 -0.080659 0.053258
0.039962 -0.076563 0.053222
0.036714 -0.076594 0.053145
0.038775 -0.072627 0.053420
0.045714 -0.075853 0.053075
0.041785 -0.073356 0.053235
0.049469 -0.076247 0.052884
0.040802 -0.073336 0.053228
0.044257 -0.080324 0.053029
0.041166 -0.081875 0.053116
0.039775 -0.083724 0.053138
0.044702 -0.083818 0.052835
0.041540 -0.072814 0.053305
0.039758 -0.072689 0.053279
0.045041 -0.071566 0.053067
0.046590 -0.071159 0.053072
0.039161 -0.084013 0.053150
0.041897 -0.071391 0.053352
0.042159 -0.071715 0.053316
0.038518 -0.076653 0.053083
0.038695 -0.080493 0.053204
0.044611 -0.078326 0.053053
0.043315 -0.079369 0.053054
0.047412 -0.072029 0.053093
0.041530 -0.079798 0.053149
0.039072 -0.072582 0.053381
0.042007 -0.083770 0.053016
0.043763 -0.081754 0.052947
0.039880 -0.074089 0.053208
0.035649 -0.075995 0.053362
0.035865 -0.076414 0.053297
0.048849 -0.078538 0.052711
0.034880 -0.078797 0.053202
0.047987 -0.075448 0.053013
0.039252 -0.072278 0.053407
0.036981 -0.078202 0.053051
0.044983 -0.073635 0.053008
0.041537 -0.077586 0.053194
0.046291 -0.073018 0.053050
0.045631 -0.070672 0.053081
0.038690 -0.083266 0.053201
0.043871 -0.080884 0.053014
0.039018 -0.080475 0.053202
0.043986 -0.077200 0.053093
0.043355 -0.081920 0.052939
0.045000 -0.075364 0.053136
0.040807 -0.077633 0.053221
0.047631 -0.073464 0.053139
0.047787 -0.077031 0.052864
0.043904 -0.073373 0.053043
0.041119 -0.078761 0.053177
0.037304 -0.077756 0.053002
0.041013 -0.082433 0.053109
0.038247 -0.075223 0.053288
0.048628 -0.077685 0.052765
0.037123 -0.078553 0.053066
0.043688 -0.076288 0.053142
0.044581 -0.080233 0.053029
0.043916 -0.083893 0.052871
0.046869 -0.076227 0.052892
0.040535 -0.077555 0.053224
0.035537 -0.077235 0.053209
0.047767 -0.079919 0.052842
0.043425 -0.071750 0.053194
0.046529 -0.073498 0.053076
0.042975 -0.076649 0.053182
0.041865 -0.081558 0.053121
0.047040 -0.074296 0.053124
0.046489 -0.077691 0.052958
0.041983 -0.076909 0.053210
0.038953 -0.081235 0.053210
0.035674 -0.078029 0.053060
0.040273 -0.080403 0.053152
0.040010 -0.084797 0.053087
0.042805 -0.075053 0.053235
0.045187 -0.071219 0.053070
0.036604 -0.075179 0.053386
0.042435 -0.071178 0.053302
0.044233 -0.077458 0.053083
0.044166 -0.073043 0.053015
0.038853 -0.079912 0.053204
0.046944 -0.077521 0.052910
0.047159 -0.074826 0.053088
0.044820 -0.071981 0.053036
0.040252 -0.084024 0.053106
0.048103 -0.080075 0.052812
0.042989 -0.071891 0.053198
0.038971 -0.083010 0.053197
0.046238 -0.075670 0.053029
0.043250 -0.084016 0.052917
0.041892 -0.082293 0.053099
0.036921 -0.080992 0.053323
0.046030 -0.078356 0.052991
0.037279 -0.074739 0.053367
0.044116 -0.079193 0.053051
0.043244 -0.075683 0.053188
0.043324 -0.078644 0.053036
0.039510 -0.083347 0.053153
0.043996 -0.084459 0.052789
0.047680 -0.079367 0.052835
0.046515 -0.076722 0.052930
0.038387 -0.081608 0.053232
0.043180 -0.077159 0.053144
0.036181 -0.075779 0.053361
0.045282 -0.076633 0.053087
0.039990 -0.084414 0.053104
0.038345 -0.079316 0.053193
0.047244 -0.071369 0.053102
0.046097 -0.076727 0.052984
0.040929 -0.071934 0.053376
0.039086 -0.082660 0.053202
0.043446 -0.077926 0.053066
0.042187 -0.071248 0.053338
0.037068 -0.077528 0.053061
0.042995 -0.078368 0.053048
0.042781 -0.084911 0.052913
0.038213 -0.082244 0.053271
0.040387 -0.085212 0.053061
0.036867 -0.080081 0.053262
0.037400 -0.078352 0.053048
0.035738 -0.080069 0.053219
0.041549 -0.078740 0.053165
0.041132 -0.079149 0.053159
0.039163 -0.078153 0.053140
0.045773 -0.074241 0.053086
0.042390 -0.080793 0.053100
0.042268 -0.078646 0.053094
0.035793 -0.075615 0.053400
0.047194 -0.073938 0.053142
0.036879 -0.074707 0.053405
0.040196 -0.081935 0.053142
0.046992 -0.072149 0.053095
0.040023 -0.072766 0.053246
0.047592 -0.078908 0.052838
0.042559 -0.078539 0.053069
0.040077 -0.083468 0.053121
0.037888 -0.074019 0.053391
0.040838 -0.083375 0.053085
0.043864 -0.072589 0.053039
0.042710 -0.080328 0.053108
0.036279 -0.077575 0.053093
0.043216 -0.072459 0.053154
0.045946 -0.075289 0.053102
0.038396 -0.081939 0.053250
0.038504 -0.082869 0.053229
0.046539 -0.071395 0.053069
0.041331 -0.071844 0.053357
0.044761 -0.084147 0.052832
0.046219 -0.070954 0.053075
0.037731 -0.081425 0.053282
0.049064 -0.077040 0.052805
0.045713 -0.079813 0.052989
0.046002 -0.079221 0.052982
0.041535 -0.078071 0.053173
0.044489 -0.072215 0.053024
0.044338 -0.078252 0.053060
0.037314 -0.077410 0.053060
0.041114 -0.084179 0.053068
0.043648 -0.079461 0.053044
0.041643 -0.075486 0.053178
0.043915 -0.080507 0.053022
0.037473 -0.071705 0.053589
0.045420 -0.083222 0.052846
0.041331 -0.071844 0.053357
0.038662 -0.076836 0.053079
0.037999 -0.072275 0.053494
0.045017 -0.079489 0.053021
0.037884 -0.082391 0.053303
0.044594 -0.077887 0.053066
0.042564 -0.079462 0.053100
0.043293 -0.084933 0.052860
0.042489 -0.070988 0.053327
0.048029 -0.076293 0.052895
0.040552 -0.082974 0.053110
0.045693 -0.083212 0.052838
0.044707 -0.082138 0.052923
0.037408 -0.073264 0.053473
0.038253 -0.083440 0.053194
0.047314 -0.074300 0.053136
0.037615 -0.077229 0.053045
0.038217 -0.082577 0.053257
0.046565 -0.082522 0.052864
0.038262 -0.082881 0.053235
0.040920 -0.075553 0.053282
0.043441 -0.073129 0.053097
0.046812 -0.074957 0.053080
0.040879 -0.074164 0.053196
0.042539 -0.072013 0.053264
0.043240 -0.070862 0.053267
0.045015 -0.084300 0.052828
0.045007 -0.082250 0.052907
0.039883 -0.077512 0.053191
0.043646 -0.072789 0.053072
0.041225 -0.076306 0.053254
0.038939 -0.077807 0.053093
0.045818 -0.082977 0.052864
0.041748 -0.072930 0.053275
0.042531 -0.082193 0.053001
0.038955 -0.075332 0.053256
0.043853 -0.077996 0.053044
0.037429 -0.072725 0.053515
0.041282 -0.083564 0.053073
0.042440 -0.071830 0.053285
0.036714 -0.079750 0.053213
0.045183 -0.073412 0.053006
0.048440 -0.077240 0.052798
0.039043 -0.080181 0.053207
0.046517 -0.075442 0.053035
0.039513 -0.078028 0.053157
0.047518 -0.072972 0.053126
0.044662 -0.080718 0.053004
0.041729 -0.078427 0.053156
0.039349 -0.081977 0.053214
0.037167 -0.081578 0.053315
0.046030 -0.078356 0.052991
0.044698 -0.081352 0.052968
0.040167 -0.072258 0.053368
0.045922 -0.081208 0.052915
0.040164 -0.076342 0.053246
0.043295 -0.078282 0.053027
0.039555 -0.082721 0.053176
0.045937 -0.073498 0.053044
0.043821 -0.073121 0.053039
0.041255 -0.082244 0.053096
0.045397 -0.083621 0.052821
0.048786 -0.074781 0.053085
0.048527 -0.073904 0.053127
0.043653 -0.071454 0.053185
0.044983 -0.073635 0.053008
0.037743 -0.081780 0.053293
0.042694 -0.083755 0.052965
0.047026 -0.081646 0.052861
0.046587 -0.070670 0.053075
0.040582 -0.080709 0.053141
0.035352 -0.078255 0.053099
0.041971 -0.073796 0.053201
0.048161 -0.077099 0.052835
0.038093 -0.083116 0.053224
0.040480 -0.072125 0.053375
0.046812 -0.074957 0.053080
0.047297 -0.078527 0.052855
0.036552 -0.081376 0.053289
0.048951 -0.079096 0.052736
0.046835 -0.073988 0.053113
0.046642 -0.080061 0.052928
0.041278 -0.076997 0.053217
0.042049 -0.077536 0.053192
0.042907 -0.073874 0.053157
0.046240 -0.083632 0.052814
0.047570 -0.072242 0.053123
0.046581 -0.074865 0.053100
0.046272 -0.078364 0.052945
0.046171 -0.078849 0.052971
0.037827 -0.080085 0.053246
0.045664 -0.071904 0.053022
0.041475 -0.074042 0.053222
0.040720 -0.080403 0.053133
0.036326 -0.081421 0.053265
0.036877 -0.073086 0.053541
0.041028 -0.078031 0.053210
0.035874 -0.075185 0.053437
0.043034 -0.075343 0.053216
0.044733 -0.077588 0.053088
0.047158 -0.079617 0.052881
0.037750 -0.080993 0.053287
0.034800 -0.080172 0.053279
0.037054 -0.073988 0.053441
0.046814 -0.082248 0.052858
0.041213 -0.071551 0.053372
0.038974 -0.075013 0.053270
0.042840 -0.084323 0.052927
0.044116 -0.079193 0.053051
0.036305 -0.080387 0.053257
0.042913 -0.083636 0.052946
0.048462 -0.077880 0.052759
0.041185 -0.079537 0.053153
0.043201 -0.083512 0.052921
0.035212 -0.079760 0.053217
0.042564 -0.084042 0.052957
0.044991 -0.074346 0.053069
0.039120 -0.079274 0.053190
0.035189 -0.077636 0.053200
0.043083 -0.081603 0.053011
0.038461 -0.073994 0.053336
0.041373 -0.083969 0.053058
0.046597 -0.078055 0.052946
0.042914 -0.072720 0.053178
0.036728 -0.074162 0.053450
0.040240 -0.084864 0.053078
0.038453 -0.081393 0.053246
0.046089 -0.074394 0.053096
0.043438 -0.083413 0.052914
0.048479 -0.080265 0.052795
0.038524 -0.077655 0.053055
0.040025 -0.073446 0.053193
0.039431 -0.076800 0.053199
0.038383 -0.080325 0.053217
0.042781 -0.084911 0.052913
0.042981 -0.084641 0.052901
0.038320 -0.074873 0.053321
0.040518 -0.079669 0.053148
0.037817 -0.080361 0.053237
0.045169 -0.077921 0.053054
0.042295 -0.083293 0.053017
0.040270 -0.081631 0.053141
0.040829 -0.084046 0.053083
0.039604 -0.075372 0.053248
0.045640 -0.083649 0.052822
0.042539 -0.072013 0.053264
0.037974 -0.073700 0.053404
0.042126 -0.071978 0.053300
0.039634 -0.078950 0.053166
0.039083 -0.072014 0.053450
0.044567 -0.081032 0.052988
0.044168 -0.076377 0.053124
0.041370 -0.077261 0.053210
0.041684 -0.080893 0.053138
0.043710 -0.074259 0.053082
0.042987 -0.081038 0.053064
0.043361 -0.072252 0.053139
0.046137 -0.081046 0.052911
0.044628 -0.073121 0.053000
0.043152 -0.081296 0.053044
0.040376 -0.082780 0.053119
0.047799 -0.078130 0.052791
0.041387 -0.080860 0.053122
0.043174 -0.082305 0.052910
0.045804 -0.076113 0.053039
0.040734 -0.078788 0.053171
0.039202 -0.077539 0.053122
0.040480 -0.072125 0.053375
0.040163 -0.074994 0.053269
0.040593 -0.075638 0.053264
0.038220 -0.077724 0.053039
0.035934 -0.078098 0.053087
0.044341 -0.079970 0.053028
0.040808 -0.082189 0.053117
0.037774 -0.079771 0.053224
0.047294 -0.071842 0.053081
0.036482 -0.073854 0.053487
0.042342 -0.072095 0.053277
0.046335 -0.070678 0.053072
0.041816 -0.071881 0.053327
0.045784 -0.074990 0.053110
0.046396 -0.079777 0.052933
0.047219 -0.079918 0.052892
0.037992 -0.081275 0.053281
0.043856 -0.074873 0.053129
0.049697 -0.077247 0.052792
0.046640 -0.075696 0.052991
0.047554 -0.074867 0.053088
0.048570 -0.078676 0.052729
0.041878 -0.079697 0.053145
0.041095 -0.073903 0.053193
0.047416 -0.081174 0.052853
0.044578 -0.079630 0.053037
0.044610 -0.082737 0.052900
0.038945 -0.079623 0.053203
0.043741 -0.079138 0.053043
0.034587 -0.079015 0.053261
0.035120 -0.077965 0.053165
0.040387 -0.085212 0.053061
0.039241 -0.081385 0.053193
0.037167 -0.081578 0.053315
0.039416 -0.078682 0.053175
0.043242 -0.080845 0.053045
0.036334 -0.079732 0.053194
0.043429 -0.082696 0.052883
0.044931 -0.082519 0.052894
0.045035 -0.079056 0.053012
0.039355 -0.078989 0.053177
0.040811 -0.072446 0.053346
0.035529 -0.077514 0.053178
0.047630 -0.075568 0.052990
0.036319 -0.079419 0.053156
0.044608 -0.074553 0.053079
0.037134 -0.080269 0.053281
0.042615 -0.083162 0.052977
0.042882 -0.076378 0.053204
0.045615 -0.072223 0.052986
0.048683 -0.074330 0.053092
0.038866 -0.081561 0.053227
0.037549 -0.078734 0.053095
0.036319 -0.079419 0.053156
0.038524 -0.077655 0.053055
0.046164 -0.082978 0.052848
0.047326 -0.073623 0.053139
0.044526 -0.074954 0.053106
0.040955 -0.080818 0.053126
0.040273 -0.080403 0.053152
0.047487 -0.079703 0.052862
0.044341 -0.079970 0.053028
0.044810 -0.075986 0.053138
0.035878 -0.079600 0.053173
0.039330 -0.071299 0.053477
0.040856 -0.075974 0.053260
0.040044 -0.083719 0.053123
0.043328 -0.075409 0.053192
0.044482 -0.083568 0.052844
0.034827 -0.077985 0.053191
0.046381 -0.074162 0.053086
0.045613 -0.078329 0.053022
0.039344 -0.082405 0.053203
0.039019 -0.076479 0.053145
0.040850 -0.081832 0.053116
0.046585 -0.074590 0.053097
0.044744 -0.071255 0.053102
0.045429 -0.083984 0.052819
0.041560 -0.083155 0.053083
0.034090 -0.079482 0.053346
0.043568 -0.078414 0.053034
0.036353 -0.078700 0.053090
0.039518 -0.084321 0.053128
0.044738 -0.080360 0.053020
0.041909 -0.074083 0.053234
0.049319 -0.075672 0.052968
0.045987 -0.079995 0.052961
0.039194 -0.079886 0.053194
0.040311 -0.081098 0.053145
0.045963 -0.071849 0.053021
0.042135 -0.074888 0.053265
0.039379 -0.078392 0.053162
0.044856 -0.081729 0.052950
0.041920 -0.076147 0.053256
0.045147 -0.082934 0.052850
0.044482 -0.083568 0.052844
0.046814 -0.082248 0.052858
0.040850 -0.078485 0.053200
0.040803 -0.074634 0.053233
0.041606 -0.073222 0.053267
0.046052 -0.077737 0.053009
0.042179 -0.074493 0.053248
0.034829 -0.077617 0.053223
0.046873 -0.075987 0.052934
0.047156 -0.072965 0.053119
0.045820 -0.072175 0.053001
0.048964 -0.078047 0.052741
0.037360 -0.077006 0.053111
0.035982 -0.077136 0.053183
0.037092 -0.081803 0.053307
0.044379 -0.080687 0.053004
0.041576 -0.080578 0.053137
0.043966 -0.072256 0.053075
0.043701 -0.084316 0.052814
0.037835 -0.077458 0.053019
0.042807 -0.073228 0.053169
0.049071 -0.078839 0.052724
0.045412 -0.081357 0.052940
0.048445 -0.074503 0.053106
0.035499 -0.079716 0.053188
0.045984 -0.082604 0.052867
0.044386 -0.081348 0.052989
0.046422 -0.078951 0.052943
0.038342 -0.073100 0.053420
0.034417 -0.078632 0.053265
0.045526 -0.074865 0.053118
0.043841 -0.073822 0.053050
0.038587 -0.075181 0.053284
0.041409 -0.081527 0.053124
0.047562 -0.082181 0.052833
0.045406 -0.077349 0.053069
0.037954 -0.082781 0.053263
0.044125 -0.073287 0.053009
0.041877 -0.072194 0.053302
0.047279 -0.081405 0.052857
0.045587 -0.073965 0.053056
0.039189 -0.083429 0.053173
0.046178 -0.082214 0.052883
0.042791 -0.076875 0.053185
0.038462 -0.074423 0.053317
0.040732 -0.078240 0.053198
0.041540 -0.072814 0.053305
0.045423 -0.075177 0.053140
0.034793 -0.078224 0.053164
0.046242 -0.079386 0.052956
0.035899 -0.080914 0.053262
0.041132 -0.079149 0.053159
0.041395 -0.084292 0.053050
0.040148 -0.076591 0.053224
0.040100 -0.077353 0.053199
0.048355 -0.076204 0.052918
0.034983 -0.076922 0.053314
0.043821 -0.073121 0.053039
0.044152 -0.078013 0.053060
0.038640 -0.081792 0.053239
0.042490 -0.077721 0.053159
0.038257 -0.081114 0.053252
0.038502 -0.078297 0.053098
0.034560 -0.078311 0.053228
0.036177 -0.078079 0.053069
0.043355 -0.084390 0.052848
0.047564 -0.080082 0.052861
0.046824 -0.083148 0.052826
0.037321 -0.082225 0.053317
0.046580 -0.081466 0.052883
0.047597 -0.081534 0.052840
0.046054 -0.084127 0.052807
0.041589 -0.075226 0.053258
0.042470 -0.077373 0.053177
0.038326 -0.078621 0.053128
0.039032 -0.076137 0.053202
0.046886 -0.075684 0.052973
0.046075 -0.083377 0.052815
0.038948 -0.080811 0.053194
0.046917 -0.080026 0.052911
0.042227 -0.075899 0.053266
0.047487 -0.079703 0.052862
0.039830 -0.083154 0.053140
0.041902 -0.075821 0.053281
0.039952 -0.082272 0.053167
0.044775 -0.079302 0.053032
0.042098 -0.079162 0.053132
0.048675 -0.076901 0.052834
0.044164 -0.084683 0.052794
0.047882 -0.079638 0.052824
0.046412 -0.080954 0.052905
0.037092 -0.075425 0.053322
0.046425 -0.078605 0.052947
0.045192 -0.077024 0.053087
0.039401 -0.074460 0.053260
0.039546 -0.081638 0.053191
0.049293 -0.077346 0.052765
