0.017391 0.069829 0.052260
0.012110 0.066339 0.053289
0.016060 0.069668 0.052200
0.010368 0.065303 0.053705
0.016275 0.070958 0.051876
0.013812 0.066626 0.052837
0.011438 0.069882 0.052389
0.013600 0.073254 0.052076
0.013554 0.072988 0.052016
0.010393 0.067660 0.053414
0.012368 0.064944 0.053317
0.011279 0.067836 0.053160
0.009451 0.070639 0.052260
0.017463 0.068838 0.052373
0.014053 0.066897 0.052782
0.011936 0.072799 0.052028
0.007206 0.070296 0.052236
0.018851 0.072516 0.052361
0.008194 0.067005 0.054001
0.012290 0.073622 0.052149
0.017070 0.067084 0.052519
0.006599 0.073460 0.051884
0.011396 0.068258 0.052981
0.006153 0.069110 0.052922
0.013224 0.075838 0.052242
0.013068 0.071755 0.051704
0.013823 0.069773 0.052291
0.016221 0.072679 0.052105
0.014252 0.074848 0.052241
0.010587 0.070128 0.052374
0.009948 0.067289 0.053604
0.018198 0.068413 0.052463
0.011085 0.069917 0.052422
0.016479 0.072572 0.052137
0.012457 0.073277 0.052137
0.010796 0.075052 0.052158
0.020385 0.071085 0.052593
0.012651 0.067049 0.053052
0.008423 0.070837 0.052059
0.007416 0.070399 0.052082
0.011711 0.073235 0.052066
0.006821 0.072796 0.051712
0.007216 0.072934 0.051722
0.005782 0.069652 0.052613
0.010991 0.067381 0.053351
0.007573 0.074639 0.051968
0.014243 0.072559 0.051917
0.006256 0.070788 0.052157
0.011498 0.066032 0.053441
0.012849 0.072381 0.051804
0.008824 0.066882 0.053941
0.015305 0.067922 0.052538
0.016854 0.070222 0.052146
0.007796 0.070534 0.051957
0.012422 0.077112 0.052236
0.009555 0.074021 0.052116
0.005557 0.074435 0.051782
0.007686 0.070847 0.051656
0.010404 0.068080 0.053305
0.014252 0.074848 0.052241
0.008586 0.068795 0.053362
0.013538 0.067285 0.052845
0.010344 0.065716 0.053728
0.009174 0.072397 0.051984
0.010428 0.067380 0.053476
0.015775 0.071251 0.051769
0.017980 0.068845 0.052386
0.011514 0.066771 0.053345
0.016934 0.073941 0.052332
0.007776 0.065715 0.054346
0.006242 0.074554 0.051814
0.006176 0.068401 0.053238
0.011495 0.066654 0.053390
0.006506 0.068418 0.053294
0.017714 0.068405 0.052438
0.008262 0.074553 0.052011
0.005637 0.071351 0.051981
0.015647 0.076383 0.052434
0.019896 0.071678 0.052519
0.012360 0.076507 0.052206
0.012921 0.069199 0.052456
0.009543 0.065527 0.053987
0.011598 0.071711 0.052022
0.018053 0.070200 0.052302
0.020401 0.069932 0.052633
0.013471 0.067630 0.052803
0.014360 0.065225 0.052769
0.014579 0.065274 0.052693
0.017542 0.070593 0.052211
0.010906 0.075746 0.052176
0.011853 0.076220 0.052209
0.011816 0.065791 0.053380
0.015691 0.074433 0.052302
0.008667 0.069631 0.052848
0.008197 0.075765 0.052021
0.007178 0.074196 0.051899
0.010607 0.072562 0.052128
0.012474 0.072865 0.052052
0.006927 0.070357 0.052251
0.011848 0.073014 0.052018
0.013195 0.070558 0.052034
0.018960 0.068160 0.052583
0.005744 0.071546 0.051983
0.008022 0.066263 0.054204
0.008846 0.075915 0.052091
0.017175 0.074664 0.052406
0.014448 0.076669 0.052361
0.019993 0.071258 0.052536
0.015297 0.075455 0.052356
0.015380 0.067224 0.052590
0.005567 0.070928 0.052093
0.017942 0.071525 0.052276
0.007309 0.067669 0.053813
0.009845 0.075764 0.052133
0.011828 0.069747 0.052384
0.013714 0.074695 0.052257
0.007067 0.069489 0.052869
0.016166 0.068174 0.052458
0.007241 0.069883 0.052634
0.010983 0.076412 0.052207
0.008259 0.071949 0.051779
0.009588 0.067433 0.053663
0.015968 0.072728 0.052098
0.014409 0.066316 0.052726
0.010547 0.075585 0.052157
0.013179 0.069997 0.052238
0.015096 0.068633 0.052453
0.013522 0.074145 0.052221
0.007927 0.070197 0.052435
0.008635 0.067284 0.053888
0.006167 0.071659 0.052028
0.013636 0.077597 0.052331
0.015726 0.067092 0.052570
0.012690 0.066495 0.053167
0.020014 0.070545 0.052548
0.008174 0.075496 0.052011
0.012368 0.064944 0.053317
0.013916 0.073880 0.052181
0.010254 0.073080 0.052134
0.012891 0.067539 0.052861
0.010774 0.069912 0.052454
0.007205 0.071643 0.051487
0.009760 0.072852 0.052077
0.010664 0.069150 0.052804
0.013734 0.076239 0.052278
0.008379 0.074412 0.052012
0.007735 0.068363 0.053547
0.016160 0.070112 0.052095
0.013068 0.064715 0.053131
0.006521 0.067427 0.053870
0.013566 0.068744 0.052570
0.011442 0.075112 0.052183
0.009479 0.075450 0.052133
0.010914 0.064517 0.053644
0.009811 0.070871 0.052195
0.012916 0.076300 0.052177
0.013289 0.077042 0.052254
0.008137 0.070698 0.052012
0.014302 0.076450 0.052340
0.007738 0.073482 0.051869
0.013293 0.066305 0.052990
0.012498 0.073559 0.052154
0.009692 0.074371 0.052133
0.011957 0.069043 0.052600
0.017009 0.071622 0.052108
0.013557 0.069195 0.052435
0.009224 0.074544 0.052109
0.012256 0.076782 0.052217
0.010577 0.074449 0.052169
0.011558 0.072361 0.051967
0.016602 0.073506 0.052268
0.007442 0.068732 0.053264
0.009207 0.075354 0.052128
0.018702 0.070267 0.052368
0.007354 0.073366 0.051824
0.013721 0.069459 0.052365
0.016523 0.074488 0.052349
0.016064 0.072173 0.051985
0.007874 0.072545 0.051736
0.014105 0.076214 0.052318
0.012636 0.071872 0.051744
0.009328 0.066363 0.053920
0.014104 0.065976 0.052805
0.015233 0.076878 0.052440
0.014159 0.077900 0.052401
0.017957 0.067936 0.052518
0.007433 0.069200 0.053061
0.010101 0.073417 0.052145
0.014806 0.073641 0.052141
0.015610 0.074125 0.052267
0.008900 0.068910 0.053282
0.008536 0.066269 0.054105
0.014729 0.068847 0.052432
0.008775 0.065445 0.054227
0.013057 0.077866 0.052317
0.014683 0.075350 0.052285
0.007111 0.072671 0.051672
0.017023 0.068549 0.052403
0.014728 0.076478 0.052365
0.006474 0.073666 0.051872
0.008115 0.071855 0.051670
0.012778 0.066234 0.053168
0.011354 0.070706 0.052119
0.011834 0.076598 0.052239
0.012843 0.066903 0.053034
0.014066 0.070935 0.051997
0.006378 0.067146 0.053988
0.014092 0.067826 0.052698
0.013226 0.067057 0.052926
0.016188 0.075169 0.052386
0.009055 0.065938 0.054081
0.008856 0.075009 0.052082
0.006398 0.068857 0.053039
0.013140 0.072355 0.051829
0.012743 0.069466 0.052383
0.005296 0.073728 0.051777
0.006714 0.070337 0.052297
0.019217 0.070616 0.052430
0.013451 0.071339 0.051806
0.015608 0.075509 0.052381
0.009738 0.068582 0.053242
0.017255 0.074124 0.052359
0.008908 0.072635 0.051974
0.007954 0.074041 0.051968
0.014297 0.071179 0.051960
0.014502 0.072341 0.051930
0.010205 0.072032 0.052105
0.013057 0.077866 0.052317
0.006457 0.074468 0.051826
0.008501 0.069319 0.053074
0.011900 0.064808 0.053443
0.018937 0.071124 0.052392
0.010056 0.068737 0.053137
0.015590 0.073849 0.052228
0.009444 0.073378 0.052059
0.005565 0.071212 0.052027
0.008545 0.072533 0.051899
0.010716 0.076261 0.052187
0.014820 0.070267 0.052113
0.015904 0.068864 0.052363
0.011875 0.069294 0.052536
0.015608 0.067835 0.052519
0.007881 0.072890 0.051767
0.009964 0.072214 0.052088
0.018876 0.069901 0.052403
0.005983 0.068934 0.052956
0.010666 0.065181 0.053668
0.014266 0.067527 0.052705
0.011050 0.074938 0.052172
0.015887 0.065572 0.052549
0.016858 0.072450 0.052188
0.016201 0.068851 0.052358
0.011846 0.068358 0.052847
0.011156 0.068801 0.052848
0.006651 0.068788 0.052984
0.014277 0.071928 0.051897
0.010987 0.072726 0.052106
0.014954 0.071969 0.051938
0.005469 0.073058 0.051829
0.008776 0.070518 0.052323
0.010782 0.072668 0.052128
0.016261 0.070343 0.052025
0.015744 0.072303 0.051933
0.012135 0.072584 0.051984
0.015596 0.068845 0.052375
0.013789 0.065924 0.052877
0.018130 0.067410 0.052581
0.013841 0.066849 0.052799
0.018173 0.073823 0.052287
0.010687 0.073761 0.052151
0.005921 0.071329 0.052042
0.018602 0.069046 0.052413
0.015816 0.067689 0.052527
0.008278 0.068257 0.053609
0.014612 0.070100 0.052184
0.020056 0.070891 0.052546
0.012358 0.071130 0.051862
0.018866 0.067878 0.052619
0.011084 0.067155 0.053386
0.019211 0.067857 0.052662
0.008602 0.074522 0.052039
0.013090 0.066780 0.052996
0.015232 0.070282 0.052072
0.007761 0.074367 0.051974
0.014262 0.066682 0.052744
0.016217 0.072434 0.052067
0.015581 0.073039 0.052111
0.006985 0.074721 0.051871
0.015767 0.072828 0.052095
0.006694 0.074507 0.051828
0.011278 0.067321 0.053296
0.010012 0.065080 0.053838
0.015297 0.070697 0.051985
0.012594 0.071139 0.051765
0.010716 0.076261 0.052187
0.017814 0.070025 0.052285
0.016052 0.067101 0.052554
0.006750 0.073714 0.051883
0.006666 0.071292 0.052033
0.015210 0.071692 0.051906
0.012055 0.074930 0.052210
0.008671 0.066756 0.053944
0.008882 0.066261 0.054052
0.013410 0.073534 0.052143
0.011859 0.066417 0.053324
0.015608 0.067835 0.052519
0.019689 0.072097 0.052488
0.011594 0.076410 0.052230
0.011086 0.068311 0.053038
0.011700 0.074891 0.052192
0.010351 0.066287 0.053710
0.007248 0.073937 0.051882
0.015876 0.065819 0.052550
0.012397 0.066942 0.053126
0.006009 0.072151 0.051902
0.006678 0.068111 0.053498
0.014116 0.075107 0.052260
0.010498 0.064354 0.053911
0.018029 0.072854 0.052287
0.007645 0.072379 0.051663
0.007468 0.067911 0.053724
0.018240 0.071449 0.052315
0.008924 0.065687 0.054152
0.017622 0.074086 0.052357
0.005902 0.070201 0.052362
0.014868 0.076056 0.052354
0.012328 0.074276 0.052209
0.010676 0.068088 0.053238
0.014565 0.072692 0.051966
0.019370 0.072331 0.052434
0.013554 0.064326 0.053032
0.010742 0.070344 0.052296
0.008107 0.065666 0.054314
0.015755 0.071612 0.051867
0.006722 0.071154 0.052062
0.013054 0.064391 0.053164
0.010006 0.075325 0.052135
0.006177 0.068899 0.052959
0.012134 0.076057 0.052190
0.012339 0.070872 0.051926
0.011301 0.076927 0.052250
0.016447 0.071213 0.051913
0.012378 0.069959 0.052267
0.008343 0.074477 0.052013
0.013163 0.067639 0.052817
0.015947 0.070482 0.051952
0.011035 0.070596 0.052196
0.005901 0.073820 0.051812
0.008710 0.066554 0.054008
0.013593 0.066446 0.052878
0.007197 0.067404 0.053900
0.006254 0.066779 0.054144
0.011517 0.073955 0.052175
0.009285 0.065747 0.054051
0.006766 0.070092 0.052452
0.015389 0.067581 0.052561
0.009977 0.071715 0.052132
0.009523 0.074591 0.052130
0.007040 0.065910 0.054306
0.016058 0.069124 0.052306
0.010286 0.069605 0.052661
0.011420 0.067600 0.053195
0.009795 0.070739 0.052227
0.011644 0.069245 0.052577
0.009842 0.065000 0.053937
0.016826 0.073232 0.052277
0.007769 0.068775 0.053306
0.013553 0.069711 0.052303
0.011715 0.067377 0.053161
0.018876 0.069901 0.052403
0.006678 0.068111 0.053498
0.012570 0.070967 0.051816
0.013768 0.065595 0.052890
0.012057 0.073246 0.052107
0.010278 0.070154 0.052394
0.011757 0.064212 0.053545
0.011733 0.067695 0.053094
0.017158 0.067512 0.052510
0.015750 0.069135 0.052308
0.018279 0.069660 0.052343
0.011299 0.072246 0.051990
0.012818 0.072606 0.051830
0.015166 0.067385 0.052593
0.011821 0.073936 0.052183
0.014701 0.075040 0.052264
0.014278 0.068657 0.052514
0.011431 0.069003 0.052740
0.019489 0.072453 0.052461
0.015962 0.074151 0.052291
0.019381 0.070749 0.052445
0.017047 0.071012 0.052088
0.015306 0.076202 0.052404
0.013286 0.077274 0.052291
0.010884 0.073852 0.052152
0.009190 0.068540 0.053423
0.009760 0.072852 0.052077
0.015221 0.066411 0.052613
0.017982 0.071206 0.052282
0.012164 0.068264 0.052801
0.006883 0.069903 0.052599
0.007082 0.069960 0.052542
0.011116 0.075147 0.052173
0.007422 0.071344 0.051445
0.006859 0.067415 0.053886
0.007886 0.071942 0.051603
0.008906 0.068641 0.053388
0.012839 0.070969 0.051769
0.013146 0.065266 0.053078
0.015073 0.065982 0.052627
0.012083 0.066736 0.053226
0.007563 0.066526 0.054182
0.010199 0.069326 0.052820
0.014042 0.073620 0.052144
0.009771 0.065624 0.053878
0.018287 0.071067 0.052315
0.017172 0.071981 0.052170
0.005947 0.073443 0.051829
0.010306 0.071780 0.052125
0.010258 0.073728 0.052163
0.012750 0.068498 0.052682
0.015809 0.073768 0.052238
0.005547 0.072080 0.051921
0.005732 0.072273 0.051909
0.016545 0.069377 0.052274
0.014512 0.073867 0.052145
0.006788 0.067845 0.053687
0.007621 0.067721 0.053801
0.008796 0.073864 0.052016
0.010595 0.075044 0.052136
0.015105 0.073716 0.052173
0.018556 0.070914 0.052352
0.008754 0.073254 0.051969
0.008944 0.073141 0.051996
0.012054 0.071850 0.051866
0.014729 0.068847 0.052432
0.011580 0.072180 0.051932
0.012895 0.067828 0.052824
0.015005 0.073948 0.052189
0.009718 0.067955 0.053503
0.011626 0.063732 0.053607
0.015000 0.074837 0.052276
0.010038 0.072580 0.052101
0.006577 0.069446 0.052834
0.008218 0.072890 0.051824
0.013458 0.075742 0.052253
0.006222 0.070300 0.052373
0.016912 0.066025 0.052518
0.008198 0.069376 0.053030
0.013320 0.070296 0.052142
0.006873 0.071075 0.051987
0.014893 0.067294 0.052623
0.012544 0.073978 0.052182
0.011908 0.067885 0.052995
0.015449 0.066987 0.052601
0.011780 0.066199 0.053357
0.013538 0.067285 0.052845
0.014391 0.065564 0.052755
0.017747 0.066862 0.052543
0.012766 0.066730 0.053099
0.006283 0.072228 0.051785
0.015367 0.074951 0.052323
0.011355 0.071915 0.052048
0.019707 0.071852 0.052479
0.014913 0.068354 0.052519
0.007992 0.067251 0.053933
0.018053 0.073748 0.052327
0.006557 0.066926 0.054077
0.011607 0.065868 0.053432
0.013742 0.064547 0.052968
0.008477 0.073422 0.051947
0.007058 0.066216 0.054280
0.005989 0.070021 0.052460
0.006671 0.070445 0.052210
0.012878 0.065326 0.053151
0.014714 0.073948 0.052166
0.015671 0.070383 0.052012
0.014667 0.070604 0.052066
0.007129 0.072053 0.051574
0.013386 0.074343 0.052239
0.009755 0.070461 0.052322
0.005449 0.071928 0.051895
0.017938 0.072524 0.052288
0.015200 0.075146 0.052326
0.011231 0.072971 0.052087
0.011756 0.066594 0.053328
0.010358 0.064712 0.053847
0.010528 0.065460 0.053693
0.011028 0.073254 0.052082
0.015318 0.070997 0.051919
0.019193 0.067545 0.052698
0.017335 0.071503 0.052167
0.008906 0.068641 0.053388
0.014703 0.075608 0.052318
0.012220 0.075500 0.052199
0.015192 0.070463 0.052042
0.010960 0.064822 0.053615
0.007397 0.066284 0.054253
0.016565 0.068449 0.052410
0.015351 0.066006 0.052591
0.013870 0.075820 0.052294
0.016787 0.073756 0.052311
0.017145 0.066702 0.052529
0.018461 0.071356 0.052345
0.010906 0.075746 0.052176
0.008700 0.075288 0.052073
0.014270 0.077531 0.052389
0.019813 0.069061 0.052614
0.015172 0.072182 0.051936
0.011077 0.069452 0.052624
0.018223 0.069357 0.052352
0.017678 0.071443 0.052233
0.012749 0.077004 0.052222
0.011818 0.072067 0.051934
0.018589 0.070645 0.052351
0.014980 0.068973 0.052388
0.011225 0.065056 0.053561
0.009933 0.071015 0.052195
0.012348 0.073102 0.052114
0.009200 0.072001 0.051973
0.015184 0.073180 0.052072
0.015060 0.069627 0.052226
0.008450 0.075478 0.052050
0.011991 0.065396 0.053369
0.014579 0.066752 0.052681
0.016212 0.069392 0.052254
0.011895 0.070189 0.052213
0.010592 0.067871 0.053312
0.013343 0.066598 0.052942
0.007885 0.066558 0.054153
0.013122 0.071118 0.051756
0.014873 0.071593 0.051948
0.011401 0.073664 0.052153
0.008513 0.066976 0.053964
0.007545 0.071943 0.051557
0.016401 0.070014 0.052142
0.014958 0.077269 0.052451
0.007252 0.075343 0.051914
0.013212 0.069743 0.052299
0.006082 0.070535 0.052253
0.011122 0.072032 0.052073
0.012557 0.077640 0.052304
0.010318 0.075061 0.052121
0.019401 0.070394 0.052461
0.009158 0.072753 0.052017
0.018018 0.068614 0.052422
0.010132 0.075506 0.052132
0.012949 0.067052 0.052970
0.007620 0.072553 0.051674
0.010623 0.073333 0.052133
0.016665 0.067651 0.052498
0.011373 0.064662 0.053572
0.016622 0.070428 0.052064
0.010532 0.072349 0.052150
0.017876 0.073574 0.052347
0.016722 0.072764 0.052190
0.016251 0.065788 0.052542
0.010140 0.064834 0.053817
0.017449 0.071175 0.052169
0.009207 0.064987 0.054177
0.007097 0.073531 0.051833
0.006561 0.072855 0.051743
0.016008 0.067918 0.052489
0.010915 0.069679 0.052542
0.008933 0.068121 0.053611
0.013386 0.072171 0.051809
0.010689 0.071041 0.052158
0.013131 0.070826 0.051900
0.013907 0.066217 0.052839
0.012370 0.063981 0.053419
0.012525 0.072318 0.051854
0.014159 0.077900 0.052401
0.011991 0.073517 0.052147
0.015509 0.075186 0.052349
0.007178 0.074196 0.051899
0.011131 0.074680 0.052186
0.013033 0.076983 0.052208
0.010403 0.071243 0.052143
0.008927 0.074614 0.052081
0.013070 0.076568 0.052188
0.013134 0.065948 0.053060
0.012929 0.068779 0.052592
0.005795 0.070402 0.052233
0.016952 0.072976 0.052267
0.009667 0.068894 0.053096
0.014310 0.074595 0.052214
0.018514 0.069408 0.052379
0.008570 0.074672 0.052042
0.010012 0.065080 0.053838
0.008383 0.066665 0.054046
0.014440 0.075156 0.052252
0.013028 0.077490 0.052289
0.014978 0.075687 0.052345
0.019046 0.071484 0.052388
0.008190 0.070054 0.052596
0.010162 0.074833 0.052132
0.018185 0.072521 0.052302
0.011343 0.076495 0.052223
0.013941 0.076934 0.052314
0.010341 0.074518 0.052145
0.017942 0.071525 0.052276
0.012044 0.070510 0.052082
0.006942 0.068198 0.053461
0.015811 0.071972 0.051905
0.009957 0.073139 0.052116
0.018176 0.066828 0.052566
0.006298 0.072767 0.051838
0.017350 0.068500 0.052416
0.009845 0.075764 0.052133
0.006691 0.069013 0.053014
0.014717 0.068166 0.052567
0.017910 0.070510 0.052273
0.013761 0.067043 0.052825
0.011975 0.074605 0.052213
0.016592 0.067287 0.052522
0.015014 0.065649 0.052645
0.007534 0.072706 0.051683
0.011563 0.075378 0.052183
0.014749 0.068652 0.052470
0.013969 0.074670 0.052243
0.006565 0.071181 0.052064
0.009610 0.068798 0.053198
0.017573 0.071678 0.052218
0.009785 0.068411 0.053135
0.012365 0.067489 0.053002
0.015174 0.071374 0.051922
0.007028 0.070076 0.052448
0.018490 0.071599 0.052341
0.019579 0.069357 0.052547
0.007550 0.069890 0.052653
0.007566 0.069419 0.052951
0.013591 0.076763 0.052267
0.019119 0.069535 0.052455
0.018668 0.071823 0.052341
0.008247 0.067928 0.053695
0.019045 0.072288 0.052378
0.008986 0.070351 0.052409
0.010714 0.070673 0.052226
0.014224 0.074437 0.052189
0.013802 0.067900 0.052726
0.013011 0.077189 0.052263
0.007963 0.071172 0.051594
0.018228 0.067771 0.052569
0.018867 0.067571 0.052662
0.016253 0.068499 0.052414
0.012974 0.065017 0.053143
0.008845 0.074433 0.052062
0.013812 0.066626 0.052837
0.015516 0.065264 0.052594
0.007747 0.067121 0.053913
0.008062 0.069313 0.052989
0.009261 0.070873 0.052169
0.017893 0.069401 0.052329
0.016174 0.066518 0.052562
0.009742 0.073427 0.052111
0.014169 0.071475 0.051902
0.008577 0.071409 0.051873
0.010700 0.071454 0.052114
0.019010 0.071877 0.052371
0.009585 0.070981 0.052159
0.013037 0.073347 0.052094
0.005533 0.074128 0.051783
0.015867 0.070216 0.052047
0.005977 0.072852 0.051883
0.016588 0.072338 0.052131
0.007605 0.066025 0.054300
0.019119 0.069535 0.052455
0.008758 0.074045 0.052028
0.012180 0.070225 0.052179
0.014964 0.074472 0.052242
0.010523 0.071300 0.052120
0.011722 0.069965 0.052314
0.007625 0.074894 0.051989
0.016854 0.070222 0.052146
0.013773 0.075160 0.052271
0.008674 0.071137 0.051945
0.008415 0.075166 0.052044
0.014299 0.069593 0.052321
0.009076 0.068810 0.053298
0.007433 0.069200 0.053061
0.009049 0.069270 0.053043
0.009759 0.067639 0.053570
0.015528 0.069395 0.052260
0.006176 0.068401 0.053238
0.014758 0.066216 0.052673
0.011663 0.074446 0.052194
0.013842 0.076480 0.052293
0.006244 0.069418 0.052796
0.013591 0.076763 0.052267
0.016597 0.073177 0.052233
0.019192 0.072548 0.052415
0.008430 0.067502 0.053811
0.011115 0.069101 0.052758
0.011247 0.071320 0.052085
0.014996 0.072556 0.051965
0.008053 0.068924 0.053285
0.012349 0.070369 0.052106
0.016533 0.066609 0.052544
0.015953 0.066176 0.052568
0.015469 0.071463 0.051874
0.013249 0.069217 0.052435
0.013838 0.067582 0.052766
0.010009 0.065462 0.053799
0.012940 0.075736 0.052227
0.011225 0.065056 0.053561
0.014451 0.068082 0.052609
0.019945 0.069769 0.052568
0.008706 0.072193 0.051892
0.010403 0.071243 0.052143
0.009329 0.069199 0.053029
0.017624 0.069562 0.052307
0.013410 0.073534 0.052143
0.017373 0.066480 0.052529
0.016680 0.074822 0.052389
0.008002 0.072227 0.051725
0.016198 0.073434 0.052208
0.007895 0.069420 0.052972
0.017024 0.069788 0.052251
0.020230 0.069566 0.052633
0.010671 0.073190 0.052135
0.018705 0.073194 0.052333
0.010272 0.066017 0.053732
0.010146 0.073979 0.052165
0.019634 0.068334 0.052666
0.010006 0.068457 0.053210
0.013256 0.068741 0.052588
0.015473 0.069577 0.052220
0.012222 0.072890 0.052047
0.011564 0.072835 0.052046
0.014407 0.076298 0.052340
0.014990 0.070512 0.052051
0.008275 0.075114 0.052029
0.018506 0.067519 0.052623
0.015732 0.069638 0.052201
0.006704 0.072097 0.051658
0.007005 0.073168 0.051773
0.007885 0.066558 0.054153
0.016252 0.075052 0.052381
0.013373 0.072650 0.051915
0.015928 0.075519 0.052403
0.012411 0.067226 0.053051
0.012660 0.074619 0.052226
0.006870 0.070774 0.052065
0.017061 0.070037 0.052213
0.007614 0.068153 0.053631
0.011947 0.063863 0.053531
0.015824 0.073420 0.052177
0.010583 0.072898 0.052137
0.009510 0.068433 0.053404
0.007908 0.074768 0.051995
0.011705 0.070997 0.052037
0.011568 0.070180 0.052248
0.015543 0.073690 0.052202
0.012717 0.072656 0.051933
0.007298 0.066026 0.054312
0.008373 0.069544 0.052914
0.016528 0.066824 0.052538
0.011651 0.071307 0.052031
0.017201 0.069185 0.052326
0.009213 0.067578 0.053704
0.008706 0.072193 0.051892
0.011226 0.068080 0.053086
0.011310 0.074325 0.052187
0.015400 0.069115 0.052329
0.009979 0.066981 0.053668
0.008993 0.067151 0.053872
0.009798 0.069952 0.052560
0.007178 0.074196 0.051899
0.012652 0.065240 0.053235
0.006520 0.069839 0.052612
0.009340 0.069349 0.052899
0.014022 0.071747 0.051863
0.008765 0.075559 0.052086
0.008101 0.074256 0.051984
0.008517 0.071072 0.051935
0.011864 0.072476 0.051941
0.019351 0.068564 0.052587
0.019997 0.068770 0.052672
0.007936 0.075501 0.051980
0.012604 0.070783 0.051867
0.011581 0.077087 0.052262
0.005945 0.068508 0.053124
0.017795 0.072793 0.052287
0.013165 0.067344 0.052873
0.012534 0.070210 0.052171
0.005594 0.072812 0.051858
0.014410 0.065945 0.052737
0.006904 0.068844 0.053109
0.013268 0.071947 0.051750
0.010834 0.071952 0.052081
0.010180 0.069069 0.052952
0.011797 0.076948 0.052261
0.009067 0.073738 0.052042
0.008514 0.069943 0.052673
0.007837 0.071011 0.051593
0.016808 0.067166 0.052521
0.010473 0.074178 0.052172
0.011503 0.073386 0.052105
0.007747 0.072116 0.051625
0.010537 0.066131 0.053693
0.013904 0.068749 0.052540
0.015400 0.069115 0.052329
0.007690 0.069526 0.052868
0.020133 0.071494 0.052556
0.013526 0.075396 0.052266
0.014771 0.068438 0.052514
0.011042 0.075938 0.052187
0.011504 0.068758 0.052801
0.011484 0.072580 0.051998
0.011816 0.068801 0.052718
0.019886 0.068108 0.052734
0.013497 0.076424 0.052249
0.015351 0.072904 0.052011
0.015135 0.072761 0.051992
0.008863 0.070709 0.052252
0.015843 0.068193 0.052468
0.014890 0.076964 0.052423
0.006931 0.071494 0.051587
0.013372 0.073891 0.052199
0.008260 0.065879 0.054245
0.016323 0.070835 0.051942
0.005567 0.070928 0.052093
0.014265 0.067196 0.052729
0.008230 0.066445 0.054130
0.013205 0.076696 0.052201
0.006392 0.072512 0.051764
0.012164 0.067030 0.053146
0.005640 0.071663 0.051935
0.007974 0.073425 0.051883
0.005792 0.070610 0.052191
0.009573 0.073192 0.052072
0.007161 0.068439 0.053357
0.005494 0.073374 0.051805
0.017486 0.073530 0.052347
0.005553 0.073919 0.051778
0.012345 0.065339 0.053292
0.010826 0.076583 0.052208
0.009835 0.068268 0.053336
0.010687 0.073761 0.052151
0.015127 0.070005 0.052128
0.008247 0.073745 0.051956
0.017052 0.073503 0.052323
0.008915 0.070838 0.052174
0.014050 0.069462 0.052357
0.005892 0.069901 0.052519
0.011104 0.076665 0.052228
0.015428 0.072329 0.051952
0.009243 0.075085 0.052129
0.015704 0.066421 0.052576
0.012288 0.071627 0.051792
0.013946 0.077306 0.052330
0.015343 0.076540 0.052429
0.007418 0.070236 0.052256
0.014050 0.077458 0.052359
0.015579 0.072637 0.052021
0.012686 0.067827 0.052830
0.016359 0.067506 0.052513
0.015901 0.072508 0.052038
0.010534 0.068311 0.053181
0.013915 0.073154 0.052040
0.016225 0.074640 0.052349
0.009479 0.066580 0.053861
0.008725 0.069119 0.053196
0.007691 0.066281 0.054231
0.018132 0.069931 0.052320
0.006671 0.070445 0.052210
0.017954 0.067063 0.052561
0.011358 0.069317 0.052636
0.019304 0.068213 0.052624
0.012057 0.063624 0.053513
0.016128 0.076016 0.052450
0.012122 0.076482 0.052211
0.014962 0.069878 0.052170
0.011258 0.070110 0.052326
0.014329 0.070606 0.052085
0.018971 0.067248 0.052698
0.008904 0.068381 0.053523
0.014551 0.067094 0.052675
0.010496 0.068950 0.052929
0.009348 0.070392 0.052362
0.014340 0.070872 0.052026
0.016229 0.066361 0.052551
0.006340 0.070914 0.052047
0.011125 0.064700 0.053609
0.014461 0.068361 0.052554
0.011192 0.064039 0.053686
0.007619 0.071044 0.051563
0.012332 0.072011 0.051818
0.015663 0.066038 0.052577
0.016788 0.074602 0.052383
0.013642 0.071078 0.051924
0.006520 0.069839 0.052612
0.011391 0.065711 0.053501
0.009473 0.075752 0.052132
0.009752 0.065248 0.053919
0.012549 0.068548 0.052693
0.008218 0.073373 0.051908
0.010103 0.070382 0.052325
0.008686 0.072929 0.051944
0.007640 0.070322 0.052219
0.010610 0.069665 0.052580
0.008577 0.065809 0.054198
0.018348 0.070259 0.052327
0.010960 0.064822 0.053615
0.013416 0.068974 0.052508
0.012485 0.066092 0.053239
0.009438 0.067770 0.053619
0.018530 0.072228 0.052319
0.011642 0.069047 0.052677
0.008712 0.070929 0.052063
0.008472 0.073758 0.051967
0.014499 0.071628 0.051932
0.008083 0.069635 0.052863
0.014706 0.073850 0.052163
0.006980 0.071254 0.051680
0.016812 0.071913 0.052101
0.013513 0.065009 0.052987
0.006171 0.067950 0.053500
0.011869 0.065581 0.053391
0.017072 0.069113 0.052330
0.008387 0.069733 0.052755
0.008123 0.067618 0.053814
0.014734 0.065470 0.052681
0.019347 0.071966 0.052427
0.007774 0.075132 0.051984
0.007433 0.075069 0.051955
0.018290 0.068151 0.052516
0.011146 0.066248 0.053544
0.010712 0.065562 0.053643
0.016205 0.066018 0.052547
0.017527 0.067184 0.052533
0.009814 0.069835 0.052625
0.009644 0.069665 0.052768
0.016866 0.067469 0.052508
0.013823 0.069773 0.052291
0.016846 0.068310 0.052432
0.010621 0.067009 0.053521
0.009071 0.074282 0.052076
0.013268 0.071947 0.051750
0.006394 0.067698 0.053718
0.016654 0.074046 0.052335
0.016436 0.074947 0.052383
0.013258 0.064965 0.053058
0.019444 0.068956 0.052560
0.012524 0.075668 0.052207
0.013517 0.065738 0.052942
0.013892 0.069201 0.052419
0.009352 0.074331 0.052096
0.012174 0.065655 0.053310
0.016282 0.066846 0.052555
0.016412 0.071468 0.051883
0.012040 0.069920 0.052298
0.010949 0.071724 0.052106
0.012076 0.072072 0.051882
0.006829 0.070508 0.052182
0.013270 0.073236 0.052085
0.014627 0.070974 0.052009
0.012593 0.067651 0.052917
0.012884 0.069767 0.052311
0.010578 0.065891 0.053694
0.012447 0.066378 0.053231
0.017678 0.071443 0.052233
0.016367 0.067855 0.052486
0.007885 0.066558 0.054153
0.013757 0.076019 0.052280
0.009216 0.066539 0.053879
0.014140 0.068107 0.052647
0.006984 0.072400 0.051636
0.011908 0.075147 0.052188
0.016901 0.068810 0.052363
0.014767 0.067717 0.052613
0.012443 0.069212 0.052474
0.018626 0.068425 0.052501
0.011416 0.064334 0.053606
0.019324 0.071467 0.052432
0.018622 0.069752 0.052368
0.016088 0.070683 0.051928
0.013664 0.072423 0.051864
0.010175 0.071471 0.052154
0.013431 0.074590 0.052255
0.014182 0.072232 0.051892
0.012793 0.077592 0.052287
0.007365 0.070749 0.051754
0.010492 0.074798 0.052145
0.018064 0.069102 0.052365
0.009039 0.075244 0.052114
0.010404 0.068080 0.053305
0.018700 0.068725 0.052469
0.009216 0.066539 0.053879
0.013458 0.068412 0.052653
0.007433 0.069200 0.053061
0.007189 0.066962 0.054046
0.006086 0.068761 0.053046
0.008917 0.067440 0.053794
0.012051 0.075685 0.052185
0.009096 0.070605 0.052296
0.005363 0.072378 0.051868
0.017910 0.070510 0.052273
0.016447 0.071213 0.051913
0.008076 0.075103 0.051993
0.018136 0.071916 0.052269
0.013458 0.070773 0.052004
0.014854 0.074554 0.052237
0.007042 0.073808 0.051883
0.008867 0.071362 0.051936
0.006158 0.074292 0.051828
0.017373 0.066480 0.052529
0.010621 0.067009 0.053521
0.017639 0.069899 0.052277
0.009665 0.069297 0.052936
0.012121 0.076267 0.052178
0.015127 0.070005 0.052128
0.013202 0.076333 0.052200
0.011991 0.073517 0.052147
0.009501 0.072228 0.052025
0.012810 0.065884 0.053174
0.012863 0.074912 0.052244
0.019233 0.069240 0.052491
0.018937 0.070766 0.052398
0.012124 0.066518 0.053269
0.008049 0.074430 0.051992
0.016049 0.074484 0.052329
0.013392 0.064613 0.053056
0.005865 0.074591 0.051803
0.006510 0.074231 0.051850
0.005373 0.072707 0.051846
0.016238 0.075790 0.052436
0.008009 0.070471 0.052173
0.013847 0.070085 0.052218
0.015117 0.071141 0.051945
0.007143 0.070868 0.051858
0.012741 0.064289 0.053260
0.013411 0.075027 0.052269
0.009203 0.065480 0.054107
0.012741 0.064289 0.053260
0.012879 0.074002 0.052185
0.016487 0.075404 0.052412
0.009192 0.071561 0.051989
0.010427 0.070734 0.052226
0.009957 0.073139 0.052116
0.017358 0.073824 0.052355
0.009638 0.074953 0.052137
0.012164 0.067030 0.053146
0.008028 0.068558 0.053485
0.012328 0.074276 0.052209
0.015673 0.073580 0.052197
0.009813 0.074546 0.052139
0.017454 0.067561 0.052518
0.009081 0.075804 0.052109
0.009936 0.066191 0.053751
0.017774 0.067718 0.052529
0.008924 0.065687 0.054152
0.018639 0.067202 0.052639
0.010537 0.072033 0.052128
0.009432 0.065275 0.054048
0.012302 0.070687 0.051989
0.018346 0.068686 0.052438
0.008043 0.066788 0.054074
0.010425 0.071569 0.052110
0.009192 0.071561 0.051989
0.007305 0.068128 0.053582
0.012106 0.074152 0.052202
0.016854 0.066795 0.052526
0.006245 0.073589 0.051853
0.017214 0.069516 0.052293
0.008477 0.073422 0.051947
0.014728 0.076478 0.052365
0.015461 0.071199 0.051830
0.006684 0.073165 0.051834
0.014146 0.076646 0.052331
0.012361 0.077518 0.052282
0.007554 0.073180 0.051787
0.010277 0.067136 0.053567
0.017570 0.072961 0.052298
0.007935 0.071339 0.051543
0.014828 0.071215 0.051976
0.007740 0.073816 0.051920
0.014429 0.067808 0.052649
0.009811 0.070871 0.052195
0.014405 0.074145 0.052140
0.016322 0.069731 0.052199
0.006896 0.066918 0.054067
0.018292 0.071817 0.052299
0.011818 0.070545 0.052094
0.016954 0.067958 0.052470
0.014410 0.065945 0.052737
0.016064 0.071479 0.051788
0.006598 0.070962 0.052084
0.008175 0.070945 0.051840
0.012337 0.075195 0.052210
0.011106 0.066592 0.053514
0.007101 0.071098 0.051781
0.014243 0.072831 0.051972
0.012995 0.072074 0.051766
0.015554 0.076159 0.052418
0.010630 0.075297 0.052147
0.012523 0.075352 0.052217
0.005749 0.070035 0.052430
0.011694 0.068594 0.052803
0.008107 0.074679 0.052007
0.007620 0.072553 0.051674
0.014873 0.071593 0.051948
0.010303 0.071470 0.052123
0.008143 0.073131 0.051852
0.009155 0.066785 0.053897
0.006355 0.071986 0.051818
0.012824 0.070660 0.051910
0.009232 0.066133 0.053993
0.016257 0.073864 0.052282
0.012383 0.076238 0.052197
0.014031 0.075603 0.052283
0.016321 0.067144 0.052538
0.008596 0.068124 0.053639
0.013394 0.069447 0.052368
0.011466 0.066430 0.053429
0.012969 0.068192 0.052739
0.005832 0.071881 0.051974
0.007622 0.075475 0.051957
0.013891 0.072183 0.051857
0.010485 0.073141 0.052147
0.008792 0.070178 0.052513
0.017320 0.071825 0.052181
0.013048 0.070193 0.052179
0.017947 0.069769 0.052313
0.016837 0.066283 0.052532
0.011869 0.071394 0.051985
0.014094 0.066464 0.052793
0.017358 0.073824 0.052355
0.009096 0.073443 0.052028
0.010155 0.066634 0.053707
0.007681 0.067293 0.053914
0.012796 0.075305 0.052234
0.017204 0.072826 0.052274
0.005902 0.070839 0.052137
0.010533 0.065005 0.053688
0.006747 0.069686 0.052725
0.006444 0.069184 0.052945
0.008651 0.074294 0.052033
0.011084 0.065246 0.053592
0.013505 0.066870 0.052890
0.006792 0.069318 0.052927
0.010278 0.070154 0.052394
0.009217 0.071198 0.052051
0.012607 0.074744 0.052231
0.015549 0.070855 0.051901
0.013238 0.064181 0.053139
0.017232 0.071310 0.052143
0.012070 0.064377 0.053452
0.009174 0.069955 0.052667
0.010286 0.069605 0.052661
0.013516 0.065428 0.052952
0.012816 0.073704 0.052153
0.016091 0.067659 0.052515
0.013448 0.066013 0.052964
0.014116 0.070407 0.052143
0.011169 0.073491 0.052123
0.017486 0.073530 0.052347
0.008407 0.072796 0.051874
0.013928 0.071008 0.051943
0.012544 0.074265 0.052210
0.012690 0.073400 0.052101
0.012422 0.074436 0.052216
0.009798 0.069952 0.052560
0.016939 0.072743 0.052234
0.009329 0.069199 0.053029
0.013000 0.076041 0.052205
0.010171 0.072824 0.052112
0.018190 0.073457 0.052324
0.007533 0.070461 0.051972
0.012706 0.077341 0.052255
0.012952 0.076633 0.052183
0.013097 0.073716 0.052164
0.015529 0.066737 0.052587
0.012658 0.068864 0.052584
0.013672 0.071879 0.051810
0.016333 0.071779 0.051906
0.009088 0.065237 0.054179
0.018937 0.070766 0.052398
0.011289 0.075342 0.052178
0.019257 0.069987 0.052452
0.013609 0.077170 0.052292
0.009808 0.071961 0.052069
0.018425 0.072649 0.052297
0.014146 0.076646 0.052331
0.015910 0.067415 0.052539
0.019662 0.070796 0.052488
0.008246 0.071542 0.051726
0.009476 0.069529 0.052848
0.013156 0.067926 0.052770
0.006714 0.066701 0.054157
0.006073 0.070695 0.052182
0.013065 0.074457 0.052242
0.013140 0.072355 0.051829
0.007252 0.074568 0.051920
0.012828 0.076811 0.052180
0.007486 0.072244 0.051621
0.011786 0.074666 0.052199
0.016500 0.068138 0.052452
0.016602 0.073506 0.052268
0.012117 0.064095 0.053477
0.015608 0.070614 0.051939
0.010975 0.071321 0.052121
0.015794 0.072656 0.052051
0.013369 0.071009 0.051897
0.012675 0.064941 0.053242
0.008651 0.067490 0.053801
0.017001 0.070403 0.052144
0.018612 0.068154 0.052544
0.014135 0.073372 0.052092
0.011632 0.066370 0.053368
0.005832 0.074188 0.051807
0.019745 0.071450 0.052507
0.011028 0.074379 0.052183
0.013820 0.073441 0.052098
0.016064 0.072173 0.051985
0.019542 0.067954 0.052698
0.013946 0.077660 0.052366
0.012353 0.075909 0.052190
0.006999 0.067965 0.053635
0.015393 0.069765 0.052179
0.008430 0.067502 0.053811
0.011552 0.076125 0.052205
0.009099 0.067870 0.053649
0.013940 0.067268 0.052780
0.007753 0.069215 0.053071
0.007009 0.067668 0.053796
0.020016 0.070122 0.052561
0.012596 0.070059 0.052241
0.010805 0.075976 0.052180
0.019945 0.069769 0.052568
0.015041 0.073372 0.052107
0.007602 0.068990 0.053164
0.011493 0.072034 0.051998
0.009401 0.071701 0.052027
0.006389 0.066318 0.054301
0.011956 0.071695 0.051915
0.017853 0.069042 0.052354
0.006009 0.072151 0.051902
0.009879 0.076303 0.052145
0.014556 0.076895 0.052384
0.008437 0.065549 0.054276
0.012512 0.070489 0.052023
0.006614 0.066469 0.054245
0.009936 0.066191 0.053751
0.011262 0.075599 0.052181
0.010764 0.074233 0.052174
0.014577 0.071370 0.051958
0.014824 0.073187 0.052061
0.011396 0.068258 0.052981
0.007103 0.068636 0.053251
0.009975 0.069241 0.052909
0.010927 0.064326 0.053669
0.010940 0.068665 0.052942
0.015622 0.067462 0.052558
0.015503 0.073413 0.052163
0.013836 0.070385 0.052145
0.012262 0.073368 0.052147
0.011207 0.076207 0.052204
0.012906 0.063974 0.053252
0.012478 0.068702 0.052643
0.017119 0.074404 0.052378
0.009170 0.068842 0.053275
0.018305 0.070582 0.052317
0.017192 0.072570 0.052247
0.007906 0.070891 0.051682
0.014890 0.076964 0.052423
0.014878 0.066924 0.052625
0.011076 0.067582 0.053281
0.018506 0.067519 0.052623
0.012117 0.077346 0.052273
0.016975 0.074881 0.052408
0.009961 0.075111 0.052120
0.016412 0.071468 0.051883
0.009661 0.071626 0.052095
0.017252 0.068000 0.052470
0.012675 0.064941 0.053242
0.011700 0.074891 0.052192
0.007688 0.071202 0.051486
0.008816 0.069380 0.052996
0.012607 0.074744 0.052231
0.016242 0.073071 0.052160
0.016198 0.073434 0.052208
0.011077 0.064349 0.053668
0.010942 0.075506 0.052170
0.010845 0.068940 0.052860
0.014627 0.070974 0.052009
0.010376 0.076754 0.052180
0.016079 0.071736 0.051885
0.014116 0.070407 0.052143
0.006790 0.071352 0.051722
0.006097 0.072596 0.051860
0.008557 0.075780 0.052058
0.017245 0.068895 0.052363
0.010528 0.076466 0.052182
0.017018 0.073225 0.052304
0.014612 0.070100 0.052184
0.017201 0.067801 0.052489
0.012468 0.064146 0.053374
0.012686 0.075970 0.052195
0.017725 0.072518 0.052273
0.009346 0.070149 0.052524
0.011364 0.071047 0.052078
0.009418 0.068679 0.053319
0.013924 0.071254 0.051901
0.007843 0.067911 0.053732
0.012762 0.067336 0.052959
0.015075 0.067600 0.052587
0.009884 0.065080 0.053903
0.015608 0.075509 0.052381
0.011899 0.075923 0.052198
0.018551 0.067856 0.052590
0.018324 0.067098 0.052602
0.009846 0.065979 0.053815
0.008331 0.074072 0.051984
0.010669 0.076799 0.052209
0.014431 0.077744 0.052430
0.010178 0.071201 0.052184
0.010940 0.066924 0.053468
0.019660 0.070068 0.052508
0.012181 0.067251 0.053059
0.012757 0.065658 0.053192
0.014022 0.070680 0.052073
0.017664 0.066571 0.052535
0.015501 0.075792 0.052381
0.016835 0.066478 0.052536
0.010468 0.069360 0.052748
0.012011 0.068172 0.052876
0.016729 0.071397 0.052024
0.014537 0.073115 0.052038
0.017112 0.066340 0.052522
0.014198 0.065072 0.052828
0.019042 0.070315 0.052419
0.013114 0.071442 0.051704
0.015828 0.070780 0.051887
0.009691 0.066795 0.053781
0.006636 0.071630 0.051773
0.006171 0.067950 0.053500
0.009864 0.074121 0.052144
0.010808 0.069345 0.052701
0.010763 0.066255 0.053648
0.013919 0.072723 0.051948
0.012102 0.067649 0.053028
0.012432 0.069458 0.052395
0.009488 0.072961 0.052040
0.008273 0.068795 0.053391
0.013162 0.066558 0.052962
0.006912 0.075079 0.051863
0.006684 0.067665 0.053772
0.015990 0.066777 0.052565
0.019579 0.069357 0.052547
0.018224 0.073116 0.052293
0.016890 0.074217 0.052360
0.020108 0.069137 0.052654
0.006800 0.071315 0.051877
0.017302 0.073164 0.052314
0.009038 0.076074 0.052108
0.014094 0.066464 0.052793
0.014616 0.074674 0.052225
0.010928 0.073020 0.052114
0.011912 0.067085 0.053195
0.009107 0.075556 0.052116
0.009696 0.065460 0.053932
0.010838 0.068189 0.053150
0.016641 0.070924 0.052017
0.006352 0.073020 0.051863
0.010102 0.070683 0.052252
0.007954 0.074041 0.051968
0.011563 0.075378 0.052183
0.008927 0.074614 0.052081
0.008896 0.071742 0.051913
0.010153 0.076455 0.052156
0.010182 0.065278 0.053765
0.014618 0.077230 0.052414
0.013056 0.069469 0.052374
0.012363 0.067896 0.052869
0.015050 0.069208 0.052326
0.011042 0.075938 0.052187
0.010478 0.076069 0.052166
0.014240 0.066174 0.052758
0.009607 0.070188 0.052461
0.017441 0.067843 0.052492
0.009523 0.073353 0.052067
0.008021 0.071029 0.051683
0.012956 0.066469 0.053076
0.016519 0.072818 0.052155
0.012255 0.066101 0.053277
0.010848 0.073472 0.052137
0.010834 0.071596 0.052116
0.009992 0.067924 0.053442
0.011659 0.068313 0.052903
0.013457 0.065590 0.052962
0.008674 0.070760 0.052191
0.011491 0.065203 0.053511
0.009574 0.068192 0.053467
0.013416 0.076121 0.052240
0.013000 0.070966 0.051771
0.010205 0.072032 0.052105
0.013714 0.071288 0.051860
0.016876 0.071187 0.052072
0.009415 0.068020 0.053563
0.009177 0.070191 0.052498
0.011366 0.075920 0.052186
0.016654 0.074046 0.052335
0.011742 0.073433 0.052124
0.016547 0.068696 0.052376
0.006061 0.069718 0.052628
0.008555 0.072048 0.051858
0.015887 0.065572 0.052549
0.009401 0.066144 0.053913
0.016723 0.069959 0.052191
0.015039 0.076332 0.052390
0.007246 0.072366 0.051627
0.015297 0.074331 0.052263
0.015467 0.073251 0.052140
0.010114 0.069935 0.052517
0.010983 0.076888 0.052235
0.014458 0.070386 0.052131
0.012522 0.065690 0.053252
0.014124 0.069854 0.052272
0.006338 0.071316 0.052058
0.006457 0.070509 0.052269
0.010929 0.076165 0.052193
0.015233 0.068886 0.052390
0.009510 0.068433 0.053404
0.019579 0.071605 0.052472
0.015306 0.073616 0.052170
0.010500 0.066511 0.053663
0.005841 0.069073 0.052880
0.006700 0.066317 0.054287
0.016549 0.071103 0.051983
0.007464 0.065768 0.054371
0.012269 0.063494 0.053451
0.018825 0.072721 0.052342
0.017498 0.074435 0.052380
0.009815 0.072464 0.052085
0.010858 0.065973 0.053634
0.009603 0.067105 0.053734
0.018542 0.073388 0.052314
0.010192 0.064475 0.053962
0.012125 0.069264 0.052484
0.018948 0.069061 0.052462
0.007028 0.067172 0.053975
0.017771 0.067382 0.052543
0.008343 0.074477 0.052013
0.008701 0.068538 0.053414
0.008526 0.074943 0.052054
0.010917 0.067880 0.053227
0.006786 0.071825 0.051622
0.016985 0.067699 0.052493
0.012833 0.065520 0.053166
0.011793 0.077313 0.052274
0.010321 0.070580 0.052236
0.005478 0.071808 0.051924
0.008253 0.072308 0.051818
0.016455 0.074173 0.052328
0.008494 0.070254 0.052475
0.009493 0.069921 0.052651
0.014088 0.068949 0.052469
0.007262 0.071260 0.051482
0.006358 0.073825 0.051854
0.016641 0.070924 0.052017
0.013633 0.074907 0.052268
0.009245 0.068245 0.053526
0.007709 0.066813 0.054091
0.017400 0.066879 0.052536
0.008343 0.074477 0.052013
0.010671 0.073190 0.052135
0.015281 0.072491 0.051966
0.010914 0.067686 0.053293
0.008701 0.068538 0.053414
0.009207 0.075354 0.052128
0.013928 0.071008 0.051943
0.008269 0.074814 0.052024
0.016585 0.065920 0.052532
0.016230 0.071205 0.051796
0.013314 0.068172 0.052706
0.009038 0.066525 0.053964
0.011928 0.069494 0.052445
0.012729 0.071593 0.051709
0.015642 0.074789 0.052329
0.014780 0.069828 0.052222
0.012788 0.075523 0.052226
0.013388 0.071650 0.051739
0.007514 0.074234 0.051940
0.009484 0.068968 0.053142
0.015647 0.076383 0.052434
0.007786 0.071533 0.051477
0.012166 0.073909 0.052182
0.015237 0.075916 0.052378
0.012353 0.075909 0.052190
0.010887 0.065112 0.053620
0.016611 0.069725 0.052224
0.007848 0.069022 0.053136
0.012090 0.071433 0.051905
0.013144 0.068498 0.052658
0.008715 0.066019 0.054132
0.006432 0.073278 0.051880
0.009332 0.074826 0.052130
0.012044 0.074365 0.052208
0.018945 0.073020 0.052357
0.012648 0.069139 0.052498
0.007550 0.069890 0.052653
0.016491 0.066298 0.052543
0.007068 0.066699 0.054143
0.012800 0.071302 0.051685
0.016487 0.075404 0.052412
0.011945 0.073994 0.052189
0.013673 0.072718 0.051950
0.016367 0.067855 0.052486
0.017957 0.068227 0.052475
0.013604 0.070291 0.052157
0.008686 0.072929 0.051944
0.014532 0.074820 0.052234
0.016597 0.073177 0.052233
0.011003 0.068062 0.053161
0.017369 0.070857 0.052165
0.013611 0.077919 0.052362
0.018542 0.073388 0.052314
0.013617 0.066151 0.052909
0.006213 0.069984 0.052522
0.009329 0.069732 0.052785
0.014086 0.065664 0.052824
0.006851 0.074879 0.051852
0.011714 0.065191 0.053454
0.015374 0.074003 0.052228
0.014361 0.066925 0.052723
0.009925 0.070161 0.052428
0.008115 0.071855 0.051670
0.013759 0.068527 0.052612
0.008729 0.067864 0.053677
0.015318 0.070997 0.051919
0.011275 0.066816 0.053420
0.012481 0.064542 0.053329
0.016282 0.066846 0.052555
0.018690 0.071447 0.052356
0.010365 0.068590 0.053117
0.017962 0.073050 0.052301
0.017223 0.072277 0.052220
0.010103 0.071931 0.052103
0.011408 0.074135 0.052180
0.015105 0.073716 0.052173
0.012068 0.076986 0.052249
0.011834 0.076598 0.052239
0.015877 0.069404 0.052248
0.011617 0.074200 0.052157
0.011646 0.075673 0.052188
0.008570 0.069405 0.052971
0.015846 0.075326 0.052383
0.016007 0.074807 0.052348
0.010776 0.064281 0.053784
0.007523 0.067007 0.054009
0.017977 0.073356 0.052332
0.017550 0.072268 0.052250
0.012451 0.066694 0.053179
0.016443 0.072124 0.052046
0.007654 0.071677 0.051485
0.013104 0.074165 0.052221
0.016148 0.067371 0.052534
0.010321 0.075254 0.052136
0.011590 0.076727 0.052255
0.010293 0.072181 0.052128
0.014788 0.069302 0.052326
0.017458 0.072573 0.052263
0.006230 0.073973 0.051840
0.008947 0.069504 0.052874
0.015531 0.071800 0.051907
0.015052 0.065261 0.052654
0.006095 0.070998 0.052063
0.012686 0.067827 0.052830
0.010006 0.075325 0.052135
0.006035 0.072376 0.051845
0.007611 0.068546 0.053401
0.020385 0.071085 0.052593
0.010615 0.073668 0.052152
0.007745 0.069667 0.052815
0.009488 0.072642 0.052044
0.007326 0.071149 0.051557
0.013056 0.069469 0.052374
0.005957 0.069318 0.052795
0.016088 0.072850 0.052121
0.012588 0.063785 0.053362
0.018508 0.069969 0.052352
0.011705 0.070396 0.052153
0.017733 0.071160 0.052236
0.008298 0.067296 0.053918
0.007473 0.067498 0.053872
0.009448 0.064837 0.054095
0.013499 0.067952 0.052746
0.014035 0.064816 0.052885
0.011186 0.068534 0.052930
0.015805 0.075763 0.052409
0.010698 0.064504 0.053787
0.012431 0.072587 0.051970
0.013000 0.076041 0.052205
0.020357 0.070649 0.052590
0.006674 0.068631 0.053178
0.009534 0.071915 0.052001
0.015135 0.072761 0.051992
0.012017 0.070861 0.052008
0.009574 0.068192 0.053467
0.007238 0.066486 0.054207
0.010914 0.067686 0.053293
0.015984 0.070995 0.051812
0.012982 0.073122 0.052069
0.010014 0.074477 0.052138
0.013713 0.074430 0.052239
0.007256 0.068933 0.053153
0.006912 0.075079 0.051863
0.007223 0.070535 0.051982
0.011042 0.065514 0.053589
0.007197 0.067404 0.053900
0.016208 0.075547 0.052417
0.005786 0.072542 0.051882
0.012294 0.071311 0.051847
0.011537 0.067965 0.053046
0.011200 0.073924 0.052171
0.010045 0.065800 0.053780
0.013866 0.077904 0.052388
0.006433 0.074824 0.051805
0.008482 0.067856 0.053693
0.009794 0.075516 0.052131
0.019697 0.068676 0.052634
0.010863 0.068450 0.053037
0.008114 0.072577 0.051796
0.012705 0.068017 0.052796
0.013478 0.077323 0.052301
0.014315 0.075425 0.052278
0.014522 0.073345 0.052080
0.020180 0.070320 0.052579
0.010762 0.067243 0.053433
0.010478 0.076069 0.052166
0.008586 0.068795 0.053362
0.012342 0.068489 0.052717
0.010589 0.075904 0.052167
0.011487 0.068488 0.052884
0.013684 0.064830 0.052966
0.006834 0.074099 0.051874
0.006119 0.071949 0.051965
0.011663 0.069401 0.052540
0.005969 0.069507 0.052685
0.011740 0.064557 0.053510
0.011578 0.069575 0.052473
0.014177 0.073757 0.052152
0.017703 0.073829 0.052359
0.007685 0.070112 0.052477
0.015198 0.068258 0.052512
0.010368 0.065303 0.053705
0.015720 0.069910 0.052140
0.007885 0.066558 0.054153
0.016336 0.069079 0.052312
0.015428 0.068571 0.052442
0.015961 0.073862 0.052267
0.005640 0.073642 0.051790
0.009652 0.066234 0.053858
0.006854 0.073418 0.051857
0.007887 0.069915 0.052665
0.013776 0.070847 0.052009
0.015339 0.071950 0.051899
0.017351 0.070176 0.052222
0.011248 0.069675 0.052501
0.014851 0.072949 0.052021
0.012143 0.068787 0.052660
0.014835 0.064871 0.052722
0.010658 0.071755 0.052119
0.010424 0.069904 0.052492
0.010802 0.074659 0.052177
0.015143 0.067174 0.052603
0.009059 0.074863 0.052107
0.013877 0.065085 0.052899
0.007947 0.068215 0.053626
0.005213 0.074315 0.051754
0.010683 0.068679 0.052996
0.012258 0.065923 0.053284
0.009644 0.070784 0.052193
0.006307 0.068607 0.053171
0.019444 0.068956 0.052560
0.007915 0.070732 0.051801
0.012523 0.068210 0.052747
0.006111 0.073206 0.051868
0.008994 0.069719 0.052799
0.014626 0.077478 0.052436
0.008437 0.073080 0.051895
0.014951 0.070837 0.052008
0.006222 0.070300 0.052373
0.013649 0.073723 0.052169
0.012488 0.071439 0.051759
0.014465 0.069856 0.052253
0.005798 0.073094 0.051851
0.010340 0.071000 0.052195
0.006182 0.073479 0.051853
0.009449 0.075157 0.052138
0.006694 0.067223 0.053958
0.009607 0.076074 0.052134
0.005558 0.072503 0.051863
0.006371 0.069664 0.052694
0.010734 0.067532 0.053367
0.008181 0.070311 0.052388
0.015947 0.070482 0.051952
0.009738 0.075195 0.052130
0.014246 0.070141 0.052203
0.007534 0.072706 0.051683
0.012752 0.076562 0.052191
0.017715 0.068720 0.052397
0.008212 0.071204 0.051740
0.016262 0.074425 0.052325
0.006669 0.074889 0.051814
0.017534 0.072017 0.052232
0.007108 0.069739 0.052728
0.006965 0.074436 0.051868
0.010421 0.070405 0.052302
0.007573 0.074639 0.051968
0.015890 0.072960 0.052134
0.008472 0.072277 0.051871
0.013190 0.075412 0.052255
0.011363 0.065373 0.053531
0.009187 0.072996 0.052018
0.008412 0.070552 0.052249
0.010936 0.072399 0.052101
0.008344 0.069087 0.053233
0.007387 0.074815 0.051957
0.016419 0.073583 0.052267
0.018648 0.071103 0.052361
0.017584 0.068094 0.052472
0.006636 0.071630 0.051773
0.018425 0.072649 0.052297
0.012642 0.073036 0.052079
0.013378 0.065292 0.053000
0.011414 0.067032 0.053337
0.010151 0.066284 0.053733
0.015258 0.069417 0.052265
0.011433 0.073141 0.052047
0.009870 0.066457 0.053785
0.006916 0.070218 0.052311
0.007620 0.070621 0.051792
0.006513 0.067930 0.053597
0.013194 0.077338 0.052292
0.009374 0.073698 0.052085
0.014104 0.068423 0.052592
0.014808 0.074173 0.052198
0.007276 0.069392 0.052947
0.012228 0.069692 0.052349
0.010836 0.066443 0.053607
0.010259 0.068839 0.053047
0.006419 0.066558 0.054216
0.006896 0.066918 0.054067
0.011435 0.064052 0.053631
0.013728 0.075610 0.052277
0.007367 0.067205 0.053951
0.010191 0.072393 0.052138
0.017184 0.067233 0.052523
0.015449 0.066987 0.052601
0.016771 0.069125 0.052319
0.011495 0.066654 0.053390
0.005533 0.074128 0.051783
0.013823 0.069773 0.052291
0.006479 0.070191 0.052420
0.019518 0.067582 0.052731
0.011724 0.068142 0.052947
0.005640 0.073642 0.051790
0.015532 0.068239 0.052485
0.011514 0.066771 0.053345
0.014667 0.065120 0.052715
0.015724 0.073197 0.052163
0.009401 0.071701 0.052027
0.017923 0.071844 0.052267
0.008082 0.073622 0.051928
0.007397 0.066284 0.054253
0.017110 0.073812 0.052343
0.019712 0.070444 0.052507
0.011238 0.071648 0.052082
0.017853 0.069042 0.052354
0.006390 0.071030 0.052039
0.016626 0.068990 0.052334
0.006557 0.070002 0.052528
0.012244 0.068076 0.052850
0.016072 0.070814 0.051868
0.013600 0.066276 0.052879
0.011757 0.073567 0.052147
0.005710 0.070761 0.052140
0.018945 0.073020 0.052357
0.014878 0.066924 0.052625
0.017118 0.068244 0.052444
0.013163 0.067639 0.052817
0.013114 0.071442 0.051704
0.011282 0.072713 0.052078
0.005235 0.074034 0.051765
0.011874 0.075398 0.052183
0.011565 0.064927 0.053509
0.016251 0.065788 0.052542
0.013673 0.072718 0.051950
0.012866 0.070381 0.052084
0.013960 0.074249 0.052205
0.010799 0.066711 0.053558
0.013617 0.070566 0.052083
0.017711 0.073240 0.052322
0.015267 0.065567 0.052615
0.014211 0.073938 0.052151
0.013937 0.074896 0.052258
0.019511 0.069684 0.052505
0.013085 0.075116 0.052259
0.017061 0.070037 0.052213
0.012969 0.068192 0.052739
0.014960 0.076725 0.052407
0.014822 0.072342 0.051945
0.009294 0.075983 0.052120
0.015539 0.070119 0.052090
0.015543 0.073690 0.052202
0.008816 0.072394 0.051928
0.009206 0.074015 0.052081
0.012279 0.063822 0.053445
0.011995 0.068548 0.052743
0.010424 0.069904 0.052492
0.014241 0.077161 0.052364
0.014978 0.075687 0.052345
0.014700 0.074379 0.052208
0.010232 0.075752 0.052144
0.006328 0.068193 0.053386
0.013386 0.074343 0.052239
0.011027 0.074159 0.052174
0.006661 0.072440 0.051675
0.007092 0.074915 0.051890
0.013319 0.077564 0.052300
0.008230 0.066445 0.054130
0.014052 0.064478 0.052902
0.012311 0.068993 0.052569
0.010927 0.064326 0.053669
0.007832 0.072745 0.051740
0.018128 0.070831 0.052297
0.016561 0.070192 0.052107
0.010258 0.073232 0.052145
0.014354 0.073612 0.052122
0.011682 0.065542 0.053434
0.012180 0.070225 0.052179
0.014729 0.065821 0.052680
0.009621 0.073686 0.052116
0.008214 0.069837 0.052731
0.017847 0.072160 0.052273
0.007408 0.068370 0.053458
0.016523 0.074488 0.052349
0.012953 0.065711 0.053122
0.013663 0.065287 0.052921
0.016860 0.069472 0.052278
0.015197 0.070201 0.052089
0.006511 0.071542 0.051980
0.020246 0.070150 0.052594
0.016858 0.072450 0.052188
0.011153 0.065901 0.053558
0.014443 0.068919 0.052439
0.008344 0.069087 0.053233
0.011697 0.073808 0.052173
0.011786 0.074186 0.052187
0.017248 0.070461 0.052175
0.016656 0.067915 0.052470
0.010355 0.064990 0.053757
0.015017 0.075318 0.052322
0.012555 0.069724 0.052331
0.006217 0.067394 0.053867
0.015553 0.072068 0.051900
0.012768 0.074336 0.052221
0.009924 0.076043 0.052135
0.007372 0.070089 0.052453
0.007145 0.071317 0.051525
0.008304 0.066119 0.054187
0.011382 0.070410 0.052184
0.018197 0.072798 0.052284
0.014947 0.067979 0.052568
0.013170 0.072970 0.052019
0.011249 0.072477 0.052047
0.010727 0.071238 0.052124
0.010365 0.068590 0.053117
0.014249 0.073146 0.052031
0.011749 0.066877 0.053281
0.005710 0.070761 0.052140
0.015777 0.076070 0.052432
0.007409 0.069650 0.052801
0.015192 0.066860 0.052608
0.019628 0.071149 0.052480
0.009479 0.066580 0.053861
0.010545 0.073970 0.052167
0.005776 0.071066 0.052069
0.009807 0.068936 0.053090
0.013807 0.078142 0.052384
0.014587 0.067455 0.052661
0.014742 0.069022 0.052392
0.016722 0.072764 0.052190
0.010805 0.075976 0.052180
0.016023 0.073229 0.052180
0.013904 0.075336 0.052276
0.012058 0.065070 0.053378
0.007398 0.066753 0.054114
0.018995 0.068500 0.052537
0.019944 0.069412 0.052600
0.016765 0.070676 0.052063
0.011530 0.067383 0.053226
0.016907 0.072168 0.052162
0.007879 0.067019 0.053999
0.008773 0.067607 0.053715
0.006586 0.070739 0.052171
0.009544 0.065900 0.053934
0.016629 0.073804 0.052302
0.013293 0.066305 0.052990
0.009630 0.064972 0.054013
0.007828 0.067506 0.053869
0.013102 0.068988 0.052517
0.018169 0.072139 0.052292
0.008899 0.072105 0.051919
0.012747 0.064655 0.053232
0.017791 0.070884 0.052247
0.014529 0.074409 0.052190
0.010351 0.072615 0.052146
0.013734 0.076239 0.052278
0.014545 0.075710 0.052314
0.010434 0.066847 0.053604
0.013673 0.072718 0.051950
0.012290 0.073622 0.052149
0.014644 0.069534 0.052297
0.013506 0.070025 0.052227
0.011671 0.063886 0.053591
0.009562 0.071310 0.052115
0.020515 0.070348 0.052626
0.015459 0.070420 0.052024
0.015871 0.068554 0.052419
0.014556 0.076089 0.052338
0.006794 0.068380 0.053335
0.010013 0.066002 0.053759
0.014883 0.066531 0.052640
0.018302 0.069005 0.052386
0.006256 0.070788 0.052157
0.018814 0.072212 0.052353
0.010916 0.070115 0.052356
0.014404 0.064890 0.052798
0.010190 0.074267 0.052161
0.015816 0.067689 0.052527
0.005971 0.071559 0.052005
0.019253 0.071082 0.052422
0.007929 0.065968 0.054276
0.016585 0.065920 0.052532
0.014027 0.065325 0.052850
0.016659 0.071705 0.052013
0.012101 0.071144 0.051946
0.011414 0.074680 0.052193
0.010096 0.067573 0.053510
0.008045 0.069206 0.053101
0.010244 0.067902 0.053388
0.007406 0.070957 0.051673
0.011790 0.072661 0.052004
0.006351 0.071805 0.051937
0.009330 0.066964 0.053831
0.013154 0.065599 0.053052
0.012652 0.075077 0.052231
0.008792 0.070178 0.052513
0.013306 0.077882 0.052324
0.010685 0.064799 0.053719
0.019075 0.068840 0.052507
0.014637 0.067984 0.052602
0.010400 0.073398 0.052154
0.009906 0.071370 0.052164
0.009665 0.069297 0.052936
0.016090 0.073688 0.052252
0.006854 0.066065 0.054326
0.008876 0.072842 0.051984
0.009274 0.067294 0.053776
0.010254 0.073080 0.052134
0.012866 0.070381 0.052084
0.014714 0.073948 0.052166
0.007803 0.073223 0.051825
0.019970 0.068450 0.052706
0.015585 0.065668 0.052579
0.016042 0.069898 0.052146
0.017536 0.069148 0.052339
0.017059 0.071396 0.052113
0.006003 0.070365 0.052296
0.011715 0.067377 0.053161
0.014243 0.075864 0.052317
0.011624 0.067153 0.053262
0.007837 0.071011 0.051593
0.017938 0.072524 0.052288
0.013752 0.071517 0.051835
0.011248 0.069675 0.052501
0.007390 0.073705 0.051885
0.006398 0.068857 0.053039
0.008630 0.068401 0.053527
0.013737 0.068992 0.052486
0.012162 0.072296 0.051911
0.015314 0.074656 0.052283
0.009086 0.069062 0.053172
0.018700 0.068725 0.052469
0.008434 0.067667 0.053704
0.008029 0.071627 0.051578
0.014647 0.071998 0.051937
0.012370 0.074911 0.052225
0.009848 0.074760 0.052130
0.017678 0.070248 0.052256
0.012224 0.064634 0.053383
0.006899 0.066475 0.054227
0.008653 0.073795 0.051992
0.015838 0.074967 0.052356
0.013005 0.072573 0.051866
0.009893 0.073727 0.052134
0.016611 0.069725 0.052224
0.010799 0.072177 0.052125
0.011961 0.073743 0.052168
0.013000 0.066170 0.053111
0.007066 0.069164 0.053033
0.012478 0.068702 0.052643
0.018552 0.073032 0.052319
0.012614 0.076670 0.052191
0.017076 0.070724 0.052113
0.008810 0.073552 0.052001
0.017391 0.069829 0.052260
0.012042 0.068005 0.052906
0.018820 0.069431 0.052409
0.006577 0.069446 0.052834
0.012020 0.066035 0.053318
0.009976 0.064765 0.053932
0.013088 0.074754 0.052254
0.011086 0.070320 0.052270
0.011420 0.071452 0.052055
0.006560 0.073968 0.051864
0.013762 0.068220 0.052674
0.012687 0.072133 0.051752
0.012784 0.070036 0.052237
0.016619 0.075141 0.052405
0.011981 0.067401 0.053106
0.011027 0.070946 0.052149
0.012570 0.070967 0.051816
0.010509 0.064566 0.053866
0.011698 0.070655 0.052085
0.009896 0.066701 0.053754
0.008872 0.071052 0.052027
0.009158 0.069515 0.052886
0.012245 0.074675 0.052214
0.015687 0.070981 0.051822
0.008416 0.068543 0.053487
0.012686 0.075970 0.052195
0.007222 0.067885 0.053713
0.008496 0.071737 0.051842
0.016367 0.070611 0.051981
0.014445 0.069272 0.052369
0.014197 0.069225 0.052402
0.013000 0.072813 0.051990
0.015096 0.068633 0.052453
0.008087 0.068047 0.053633
0.009968 0.069580 0.052732
0.012663 0.076341 0.052188
0.008851 0.069943 0.052677
0.014793 0.075822 0.052346
0.010285 0.076151 0.052156
0.010216 0.068203 0.053301
