-0.047749 0.001791 0.050628
-0.038403 0.005960 0.049774
-0.044158 -0.004002 0.050607
-0.037065 0.007445 0.049407
-0.036060 -0.001347 0.051676
-0.040355 -0.001475 0.051216
-0.040251 0.002072 0.050448
-0.043398 0.005798 0.050733
-0.044036 0.000692 0.050732
-0.046852 -0.000194 0.050621
-0.045815 0.000508 0.050693
-0.037716 0.000340 0.051202
-0.036282 0.007999 0.049489
-0.034932 0.006340 0.050541
-0.035512 -0.000284 0.051597
-0.042076 -0.000563 0.050544
-0.041419 0.010378 0.050522
-0.038660 -0.000045 0.051417
-0.037402 0.001033 0.051211
-0.037340 0.009095 0.048532
-0.036674 0.008187 0.049218
-0.040207 -0.000075 0.051084
-0.044845 0.000679 0.050745
-0.036595 -0.001871 0.051694
-0.041276 0.002647 0.050344
-0.040020 0.008300 0.049471
-0.040600 -0.000723 0.051010
-0.040403 -0.000884 0.051148
-0.037122 -0.000193 0.051259
-0.037922 0.001619 0.051077
-0.042386 0.004416 0.050531
-0.046381 -0.001904 0.050671
-0.042132 0.007758 0.050649
-0.043609 0.000083 0.050664
-0.041117 -0.003796 0.050533
-0.046360 0.004828 0.050650
-0.040865 0.007697 0.050265
-0.042517 0.009747 0.050760
-0.043672 0.003337 0.050735
-0.045545 0.009138 0.050764
-0.043234 0.005073 0.050668
-0.035116 0.007223 0.050268
-0.038005 0.009875 0.048047
-0.039768 0.010649 0.048397
-0.041305 0.005664 0.050367
-0.040391 -0.000165 0.050997
-0.035108 0.001306 0.051460
-0.045193 0.004582 0.050715
-0.042381 -0.002235 0.050473
-0.043864 0.008488 0.050805
-0.041077 -0.003210 0.050704
-0.041009 0.000505 0.050573
-0.038087 0.006909 0.049307
-0.047991 0.006140 0.050543
-0.043041 0.010444 0.050823
-0.046942 0.000813 0.050643
-0.044285 -0.002097 0.050584
-0.046627 -0.002215 0.050681
-0.045781 -0.000387 0.050666
-0.043973 0.009057 0.050807
-0.038799 0.004319 0.050216
-0.039308 -0.001196 0.051514
-0.043785 0.004163 0.050734
-0.044083 0.011597 0.050823
-0.038841 0.003599 0.050401
-0.038387 0.004981 0.050138
-0.043177 0.001902 0.050698
-0.041902 -0.000740 0.050466
-0.035422 0.007249 0.050155
-0.042595 0.000133 0.050621
-0.043802 0.006625 0.050775
-0.041459 0.009891 0.050520
-0.047651 0.005682 0.050630
-0.042961 0.010858 0.050816
-0.036568 0.001008 0.051342
-0.046828 0.010052 0.050627
-0.046938 0.003769 0.050627
-0.039409 -0.001516 0.051477
-0.044543 0.009336 0.050658
-0.047637 0.000725 0.050615
-0.038213 0.000879 0.051226
-0.039314 0.003400 0.050340
-0.043336 0.007031 0.050755
-0.043635 -0.003948 0.050593
-0.042880 0.006380 0.050652
-0.040047 0.002435 0.050436
-0.044093 0.004876 0.050720
-0.047235 0.000612 0.050612
-0.045388 0.008955 0.050768
-0.038094 0.001827 0.051007
-0.038240 0.004207 0.050353
-0.042463 0.007150 0.050712
-0.039826 0.009002 0.048756
-0.037994 -0.001246 0.051487
-0.040117 0.007444 0.049544
-0.041584 -0.003461 0.050314
-0.038423 0.009477 0.048365
-0.045184 -0.000537 0.050661
-0.046567 0.008208 0.050655
-0.044665 0.006320 0.050753
-0.034910 0.005786 0.050692
-0.041948 0.011227 0.050677
-0.043773 -0.004814 0.050587
-0.039966 0.002048 0.050559
-0.047539 -0.000379 0.050583
-0.038607 0.009199 0.048444
-0.045019 0.004255 0.050744
-0.041353 -0.003368 0.050435
-0.039671 -0.000060 0.051329
-0.037777 0.006034 0.049884
-0.043440 0.001255 0.050704
-0.045704 0.008022 0.050707
-0.043126 0.009590 0.050857
-0.040081 -0.003433 0.051380
-0.040402 0.002843 0.050256
-0.037826 -0.000554 0.051441
-0.044001 0.004647 0.050728
-0.042484 0.008965 0.050773
-0.045089 0.010324 0.050685
-0.044886 -0.001351 0.050653
-0.040705 0.008092 0.050176
-0.039597 0.003614 0.050253
-0.038749 0.007689 0.048876
-0.040982 0.006175 0.050297
-0.048224 0.008710 0.050629
-0.036842 0.004884 0.050526
-0.039796 -0.000782 0.051296
-0.040243 0.011795 0.049829
-0.046455 0.006706 0.050677
-0.037745 0.009117 0.048428
-0.037744 0.008848 0.048486
-0.036167 0.002560 0.050992
-0.041535 0.010729 0.050564
-0.039815 -0.003180 0.051382
-0.039352 0.009640 0.048139
-0.041801 0.007450 0.050530
-0.037747 0.001054 0.051177
-0.046917 0.005087 0.050675
-0.041387 0.003133 0.050357
-0.037838 0.009396 0.048333
-0.036552 0.004920 0.050580
-0.039103 0.001674 0.050919
-0.037324 -0.000381 0.051298
-0.036573 0.007110 0.049778
-0.042379 0.004763 0.050563
-0.040777 -0.003844 0.051040
-0.046738 0.000067 0.050609
-0.039003 0.003721 0.050339
-0.042978 0.007584 0.050760
-0.036079 0.001551 0.051274
-0.039037 -0.002069 0.051494
-0.046603 0.007119 0.050696
-0.043362 0.004807 0.050681
-0.047856 0.002086 0.050625
-0.039101 0.005312 0.049942
-0.044670 0.005942 0.050757
-0.041588 0.005677 0.050454
-0.035941 -0.000282 0.051558
-0.038395 0.009819 0.048140
-0.043040 0.005283 0.050691
-0.042032 -0.002143 0.050442
-0.046581 -0.001974 0.050683
-0.040552 0.009349 0.050092
-0.047000 0.009371 0.050614
-0.042011 0.006766 0.050594
-0.043523 -0.000934 0.050625
-0.040817 0.009455 0.050263
-0.044926 0.000356 0.050725
-0.036827 -0.001338 0.051483
-0.041586 0.001527 0.050430
-0.040663 0.009826 0.050052
-0.046837 0.003298 0.050612
-0.048160 0.003629 0.050559
-0.046551 0.003567 0.050637
-0.035425 -0.001297 0.051740
-0.046088 0.008772 0.050751
-0.045849 0.001588 0.050664
-0.043127 0.003500 0.050726
-0.038003 0.005758 0.049943
-0.040614 -0.002559 0.051137
-0.048099 -0.000144 0.050588
-0.038087 -0.000813 0.051460
-0.040167 0.009289 0.049438
-0.045763 0.010534 0.050662
-0.038411 0.006200 0.049643
-0.047215 0.008407 0.050601
-0.035340 0.006634 0.050373
-0.039945 -0.000519 0.051230
-0.039558 0.010498 0.048000
-0.046866 0.001767 0.050664
-0.044296 0.008192 0.050815
-0.040005 0.009414 0.048729
-0.036708 0.000692 0.051315
-0.042518 0.011227 0.050772
-0.037499 0.006544 0.049708
-0.036329 0.006586 0.050087
-0.040525 -0.000336 0.051001
-0.043139 -0.003471 0.050546
-0.037216 0.000811 0.051225
-0.042264 0.000183 0.050582
-0.042670 0.000531 0.050644
-0.038457 0.007149 0.049097
-0.036559 0.005945 0.050250
-0.042207 0.011898 0.050724
-0.045626 0.007584 0.050717
-0.040191 -0.002566 0.051390
-0.035252 0.004777 0.050846
-0.038101 0.004827 0.050211
-0.043399 -0.004110 0.050612
-0.042707 0.008877 0.050804
-0.040929 0.011851 0.050280
-0.041755 0.002321 0.050476
-0.047820 0.003055 0.050543
-0.045498 -0.000328 0.050670
-0.046383 0.008411 0.050687
-0.038770 -0.002269 0.051514
-0.045948 0.002878 0.050638
-0.043748 0.006836 0.050764
-0.034805 0.002291 0.051267
-0.046666 0.002130 0.050653
-0.039791 0.005277 0.049947
-0.047057 0.008708 0.050625
-0.040718 0.001159 0.050501
-0.038747 0.006048 0.049687
-0.038810 0.003218 0.050497
-0.037519 0.000777 0.051179
-0.043453 0.008782 0.050832
-0.040068 0.011555 0.049399
-0.042016 0.009703 0.050619
-0.043303 -0.001140 0.050596
-0.037320 0.008248 0.048891
-0.035660 0.000928 0.051439
-0.043324 -0.004422 0.050600
-0.037353 0.001933 0.051104
-0.041982 0.010836 0.050679
-0.039661 -0.003256 0.051458
-0.041575 0.002476 0.050432
-0.045825 0.008516 0.050764
-0.040559 -0.001999 0.051186
-0.043048 -0.002662 0.050535
-0.047749 0.001791 0.050628
-0.046891 0.004093 0.050644
-0.045040 0.006535 0.050709
-0.044643 0.005323 0.050718
-0.047230 0.007053 0.050701
-0.043329 0.007979 0.050801
-0.037652 0.008283 0.048755
-0.041350 0.011083 0.050510
-0.043595 -0.002593 0.050609
-0.035100 0.001609 0.051379
-0.039221 0.006080 0.049659
-0.043606 0.009657 0.050792
-0.040053 -0.001684 0.051261
-0.041788 -0.003766 0.050286
-0.042076 0.000368 0.050555
-0.041815 0.004604 0.050477
-0.045826 0.002015 0.050644
-0.047795 0.008498 0.050623
-0.042143 0.008508 0.050701
-0.045291 0.008411 0.050663
-0.040282 0.000115 0.050968
-0.038958 0.000605 0.051277
-0.037591 0.004601 0.050380
-0.041777 0.007884 0.050564
-0.040153 0.004120 0.050115
-0.043069 -0.003193 0.050530
-0.045203 0.002318 0.050691
-0.038260 0.007163 0.049108
-0.046254 -0.002866 0.050672
-0.042465 0.008258 0.050759
-0.037008 0.001852 0.051161
-0.039076 0.003353 0.050404
-0.046649 0.005163 0.050636
-0.037328 0.007228 0.049427
-0.040999 -0.000520 0.050731
-0.041000 0.004176 0.050240
-0.045549 0.006819 0.050698
-0.046135 0.003502 0.050651
-0.044816 -0.001791 0.050644
-0.042708 0.000898 0.050641
-0.038385 0.008117 0.048700
-0.040147 -0.000619 0.051194
-0.040636 0.006110 0.050153
-0.046897 0.002366 0.050645
-0.041450 -0.002520 0.050441
-0.041383 0.008141 0.050466
-0.040826 0.002060 0.050313
-0.040872 0.002888 0.050252
-0.043235 0.000398 0.050674
-0.039846 0.001811 0.050672
-0.041378 -0.003058 0.050447
-0.047624 0.002368 0.050635
-0.038153 0.002159 0.050925
-0.034724 0.005183 0.050854
-0.040106 0.008068 0.049558
-0.043763 -0.002976 0.050599
-0.040974 0.011176 0.050404
-0.037856 0.007925 0.048872
-0.046121 -0.001404 0.050667
-0.043761 0.000080 0.050686
-0.043921 -0.002745 0.050623
-0.043643 0.010489 0.050811
-0.041255 -0.003673 0.050449
-0.048333 0.004756 0.050571
-0.038833 0.006433 0.049476
-0.035549 -0.001119 0.051703
-0.045643 0.009445 0.050748
-0.038610 0.007881 0.048787
-0.040662 -0.001029 0.051004
-0.045203 0.007663 0.050759
-0.036842 0.002140 0.051086
-0.041796 -0.001228 0.050474
-0.047540 0.006044 0.050640
-0.045218 0.008716 0.050731
-0.047255 0.002354 0.050643
-0.038886 0.008859 0.048476
-0.039190 0.008191 0.048653
-0.040264 0.007728 0.049719
-0.038787 0.003946 0.050311
-0.041621 0.011768 0.050553
-0.042431 0.002202 0.050606
-0.042878 0.009414 0.050854
-0.036638 -0.001448 0.051586
-0.040604 0.004332 0.050164
-0.035566 0.006251 0.050429
-0.045331 0.002618 0.050679
-0.037999 0.007305 0.049076
-0.043766 -0.000286 0.050694
-0.037400 0.007130 0.049449
-0.045450 0.008095 0.050696
-0.042425 0.007501 0.050708
-0.044351 0.003704 0.050758
-0.047175 0.001631 0.050655
-0.034817 0.002932 0.051169
-0.042171 0.008865 0.050706
-0.038472 -0.001645 0.051517
-0.035268 0.006396 0.050461
-0.034671 0.006598 0.050528
-0.048259 0.005761 0.050645
-0.046063 0.010648 0.050639
-0.042726 -0.002810 0.050495
-0.040229 0.010972 0.049579
-0.041212 0.006233 0.050367
-0.037584 0.007676 0.049030
-0.038018 -0.000114 0.051376
-0.039868 0.001514 0.050776
-0.042337 -0.001353 0.050445
-0.041909 -0.004141 0.050336
-0.040245 0.011303 0.049739
-0.041234 0.002159 0.050354
-0.038868 0.001935 0.050879
-0.041205 0.005119 0.050344
-0.036183 -0.000690 0.051580
-0.048513 0.007801 0.050610
-0.040942 -0.003585 0.050839
-0.043813 0.007327 0.050745
-0.037190 0.002169 0.051054
-0.040503 0.010242 0.049969
-0.044510 0.007729 0.050835
-0.045508 0.003096 0.050663
-0.044038 0.011200 0.050835
-0.035886 0.000606 0.051463
-0.037386 0.007327 0.049311
-0.044758 0.003913 0.050767
-0.042106 0.005954 0.050571
-0.043905 0.003042 0.050737
-0.041016 0.010956 0.050409
-0.041923 0.008189 0.050625
-0.038475 0.001869 0.050956
-0.035525 0.000006 0.051547
-0.035453 0.002310 0.051088
-0.042335 -0.003442 0.050418
-0.043404 0.009436 0.050829
-0.037605 -0.002004 0.051575
-0.044780 0.008575 0.050815
-0.047397 0.005369 0.050647
-0.040318 0.011050 0.049845
-0.042329 0.010912 0.050743
-0.045211 -0.001313 0.050681
-0.043493 -0.000151 0.050678
-0.035949 -0.000014 0.051514
-0.044198 0.000209 0.050720
-0.042182 -0.003884 0.050402
-0.044414 0.002153 0.050716
-0.042975 0.004385 0.050659
-0.037149 0.007173 0.049508
-0.046131 -0.001822 0.050661
-0.035416 0.001977 0.051179
-0.048544 0.007304 0.050608
-0.038461 0.002571 0.050757
-0.044930 0.005824 0.050744
-0.040435 -0.002594 0.051289
-0.045075 0.001831 0.050704
-0.034907 0.002601 0.051174
-0.040479 0.010622 0.050030
-0.042865 0.001844 0.050706
-0.047269 -0.001394 0.050610
-0.040268 -0.002946 0.051332
-0.045645 0.010862 0.050669
-0.035304 0.003171 0.051000
-0.043426 0.010372 0.050804
-0.038211 -0.001254 0.051494
-0.039072 0.002354 0.050688
-0.045370 -0.001932 0.050660
-0.036949 -0.002043 0.051677
-0.044588 0.008703 0.050830
-0.037006 0.005481 0.050297
-0.040905 0.001261 0.050415
-0.036092 0.000123 0.051461
-0.045282 0.009295 0.050773
-0.038993 0.006829 0.049277
-0.046871 0.008135 0.050582
-0.044105 0.004008 0.050722
-0.038971 0.000216 0.051370
-0.042453 -0.000716 0.050583
-0.039845 0.007669 0.049275
-0.037632 0.002792 0.050856
-0.043909 0.010876 0.050830
-0.040386 0.010300 0.049777
-0.046469 0.010116 0.050648
-0.048538 0.004563 0.050589
-0.037222 -0.001926 0.051594
-0.037238 0.001741 0.051161
-0.047266 0.000208 0.050605
-0.042854 0.009770 0.050841
-0.040661 0.009009 0.050173
-0.044617 0.011100 0.050765
-0.041777 0.007006 0.050523
-0.047336 -0.001732 0.050614
-0.045913 -0.001660 0.050688
-0.040931 0.007050 0.050305
-0.045156 -0.003123 0.050678
-0.037448 0.003127 0.050800
-0.041353 0.006579 0.050409
-0.039619 0.006266 0.049632
-0.046161 0.001715 0.050646
-0.035678 0.005863 0.050513
-0.036355 0.003505 0.050838
-0.042851 -0.000029 0.050616
-0.040216 0.001601 0.050595
-0.047991 0.000801 0.050596
-0.040773 -0.002873 0.051022
-0.041816 0.008570 0.050607
-0.042640 -0.004628 0.050477
-0.036469 0.000337 0.051380
-0.046958 0.006960 0.050677
-0.039385 0.009057 0.048420
-0.042321 0.000788 0.050569
-0.036156 0.000594 0.051432
-0.043275 -0.002025 0.050618
-0.035840 0.002111 0.051105
-0.041132 -0.002073 0.050592
-0.041966 0.000768 0.050485
-0.047544 0.008661 0.050575
-0.042941 -0.001919 0.050621
-0.037839 0.002660 0.050865
-0.043316 0.011408 0.050827
-0.042868 0.004975 0.050633
-0.044597 -0.000685 0.050664
-0.043323 0.002447 0.050719
-0.038447 0.003240 0.050576
-0.040592 -0.002346 0.051184
-0.047545 0.007667 0.050702
-0.045384 0.007783 0.050727
-0.037112 0.006536 0.049852
-0.044052 0.009816 0.050760
-0.044157 -0.000436 0.050689
-0.044656 0.000568 0.050738
-0.035383 0.003724 0.050954
-0.044602 0.011409 0.050768
-0.034658 0.004379 0.051012
-0.048202 0.007900 0.050659
-0.039139 0.004970 0.050038
-0.039740 0.004816 0.050021
-0.046124 0.006382 0.050666
-0.038188 -0.000490 0.051419
-0.036634 0.003725 0.050779
-0.047369 0.009431 0.050604
-0.042174 0.008153 0.050690
-0.035210 0.005331 0.050682
-0.042074 0.000526 0.050540
-0.037227 0.005807 0.050126
-0.043930 0.005325 0.050723
-0.041280 0.010834 0.050488
-0.048287 0.006355 0.050570
-0.039711 0.008621 0.048918
-0.040106 0.008068 0.049558
-0.048014 -0.001306 0.050553
-0.045652 0.001250 0.050697
-0.045036 0.000806 0.050732
-0.044613 0.010808 0.050734
-0.042075 0.004063 0.050517
-0.047247 -0.000540 0.050616
-0.044041 0.002807 0.050735
-0.037716 0.000340 0.051202
-0.040844 0.009986 0.050244
-0.044182 -0.001182 0.050630
-0.041142 0.000928 0.050451
-0.046620 -0.001695 0.050656
-0.035780 -0.000888 0.051651
-0.042747 0.010461 0.050799
-0.045974 -0.002468 0.050669
-0.044459 0.008521 0.050831
-0.040148 0.009028 0.049498
-0.047196 0.007788 0.050685
-0.043942 0.001213 0.050725
-0.043383 0.003298 0.050738
-0.042835 0.005593 0.050697
-0.037001 0.001093 0.051272
-0.040557 0.001620 0.050404
-0.038537 0.002161 0.050865
-0.040707 -0.001458 0.051069
-0.041792 0.009395 0.050589
-0.045642 0.003690 0.050694
-0.035561 0.007431 0.050028
-0.048358 0.006987 0.050585
-0.048162 -0.000829 0.050572
-0.044626 -0.003578 0.050693
-0.037924 0.008553 0.048575
-0.040154 0.009829 0.048984
-0.044912 0.007747 0.050804
-0.037878 0.005103 0.050179
-0.047039 0.009729 0.050609
-0.044209 0.010269 0.050755
-0.035707 0.000269 0.051515
-0.036165 0.006420 0.050198
-0.042821 0.004087 0.050659
-0.042817 0.007357 0.050741
-0.046573 0.002931 0.050595
-0.036912 -0.000405 0.051380
-0.045557 0.005776 0.050685
-0.037812 0.001368 0.051139
-0.046128 0.008481 0.050724
-0.038665 -0.001038 0.051492
-0.042025 -0.002435 0.050432
-0.039635 -0.001138 0.051425
-0.042142 0.001068 0.050520
-0.041156 0.009376 0.050399
-0.038070 0.004265 0.050379
-0.036152 0.007724 0.049668
-0.045496 0.008648 0.050749
-0.045752 0.002821 0.050657
-0.035891 0.004702 0.050735
-0.040340 0.004519 0.050110
-0.040127 0.006769 0.049769
-0.042761 0.009175 0.050825
-0.035433 -0.000688 0.051666
-0.036299 0.001273 0.051333
-0.047349 0.002624 0.050628
-0.046056 0.002143 0.050652
-0.037822 0.004783 0.050237
-0.045878 0.007864 0.050713
-0.047478 0.002901 0.050577
-0.044389 0.010154 0.050714
-0.036753 0.001378 0.051282
-0.043922 -0.001715 0.050608
-0.039805 0.004240 0.050084
-0.035363 0.005089 0.050747
-0.036577 0.003044 0.050887
-0.040490 0.009897 0.049902
-0.035770 0.003749 0.050878
-0.035006 0.005413 0.050745
-0.044353 0.005944 0.050761
-0.042781 -0.004870 0.050525
-0.038776 0.002600 0.050671
-0.035915 0.002820 0.050954
-0.047241 -0.000940 0.050617
-0.048501 0.003826 0.050552
-0.042636 0.010128 0.050772
-0.042454 -0.003808 0.050465
-0.041346 -0.001926 0.050474
-0.036658 0.000288 0.051327
-0.038245 0.007322 0.049000
-0.045160 -0.002238 0.050643
-0.042598 -0.002519 0.050495
-0.040555 0.001969 0.050333
-0.036848 0.007682 0.049391
-0.043649 -0.004415 0.050631
-0.047231 0.010142 0.050596
-0.045682 0.008849 0.050776
-0.042643 -0.000170 0.050627
-0.040640 0.011832 0.050226
-0.045887 -0.000109 0.050672
-0.036706 0.006147 0.050140
-0.042674 0.010874 0.050792
-0.035092 0.006070 0.050594
-0.039337 0.000409 0.051286
-0.039503 0.007131 0.049341
-0.034901 0.004157 0.051005
-0.048344 0.001174 0.050572
-0.041698 0.003753 0.050473
-0.043910 0.007706 0.050768
-0.046540 -0.001281 0.050645
-0.043254 0.010669 0.050825
-0.040369 0.011324 0.050018
-0.036990 0.000095 0.051265
-0.039339 0.000057 0.051373
-0.040421 0.005249 0.050064
-0.037741 -0.001035 0.051466
-0.041382 0.009267 0.050468
-0.046267 0.009579 0.050652
-0.047144 0.009027 0.050628
-0.046731 0.004818 0.050676
-0.037856 0.002159 0.050967
-0.039819 0.010290 0.048297
-0.042147 0.007509 0.050618
-0.043460 0.006492 0.050757
-0.040798 -0.000277 0.050855
-0.044110 0.004435 0.050735
-0.043870 0.010249 0.050793
-0.047311 0.003941 0.050624
-0.041823 0.004139 0.050487
-0.044715 0.009283 0.050744
-0.044180 0.007900 0.050830
-0.036807 0.006521 0.049955
-0.040531 0.002740 0.050250
-0.042298 -0.000144 0.050579
-0.044439 0.004050 0.050754
-0.043874 -0.002000 0.050565
-0.038430 0.007503 0.048923
-0.040324 0.005871 0.050000
-0.045790 0.000761 0.050697
-0.041203 -0.000939 0.050603
-0.046392 0.008921 0.050690
-0.043439 0.010096 0.050804
-0.037022 0.002638 0.050938
-0.047498 0.003691 0.050600
-0.037187 0.001441 0.051216
-0.035417 0.005948 0.050549
-0.041256 0.004133 0.050326
-0.043834 0.008767 0.050820
-0.040227 0.003188 0.050238
-0.040349 -0.002300 0.051328
-0.040526 -0.002870 0.051204
-0.039104 -0.000225 0.051449
-0.041788 -0.003766 0.050286
-0.046477 0.001017 0.050633
-0.041236 0.010096 0.050459
-0.040012 -0.003082 0.051371
-0.042740 0.008601 0.050796
-0.034690 0.005572 0.050769
-0.038878 -0.002746 0.051535
-0.046304 0.000672 0.050648
-0.040986 -0.001543 0.050830
-0.044947 -0.001975 0.050643
-0.035326 0.000205 0.051563
-0.035310 0.002122 0.051129
-0.037463 0.007966 0.048970
-0.048384 0.005520 0.050645
-0.043135 -0.000603 0.050645
-0.047024 -0.001077 0.050626
-0.040765 -0.000670 0.050921
-0.044409 0.003263 0.050749
-0.039652 0.003257 0.050299
-0.037669 0.004004 0.050551
-0.043261 -0.000837 0.050622
-0.042080 0.002789 0.050529
-0.037965 0.006634 0.049511
-0.043698 0.003862 0.050726
-0.040055 -0.001367 0.051240
-0.039327 0.002264 0.050671
-0.039106 0.002647 0.050581
-0.040037 0.011024 0.049155
-0.039757 0.007351 0.049319
-0.047575 0.001424 0.050635
-0.044938 -0.000803 0.050644
-0.041089 0.009679 0.050387
-0.040498 -0.001206 0.051162
-0.046734 0.001091 0.050647
-0.035891 0.004702 0.050735
-0.041869 0.009875 0.050624
-0.043665 0.006355 0.050793
-0.040543 0.008694 0.050109
-0.045369 0.000034 0.050694
-0.043433 0.004049 0.050723
-0.041036 0.000095 0.050642
-0.044570 0.002544 0.050719
-0.040064 -0.000308 0.051196
-0.043988 0.003762 0.050711
-0.036011 -0.001055 0.051643
-0.037649 -0.001421 0.051488
-0.045183 0.005761 0.050710
-0.043833 -0.001078 0.050629
-0.038799 0.004319 0.050216
-0.043172 0.009972 0.050851
-0.045029 0.007264 0.050774
-0.040935 0.007349 0.050308
-0.035859 0.006430 0.050286
-0.039571 0.002047 0.050678
-0.036249 0.002131 0.051100
-0.044123 0.002390 0.050731
-0.035686 -0.001433 0.051729
-0.040825 0.000584 0.050581
-0.042921 -0.001163 0.050563
-0.044473 -0.002984 0.050676
-0.043571 -0.001383 0.050605
-0.038322 0.000304 0.051350
-0.042159 0.006249 0.050594
-0.042736 0.011921 0.050801
-0.047633 0.000357 0.050595
-0.036402 -0.000115 0.051439
-0.039502 0.010948 0.048101
-0.046280 -0.000114 0.050652
-0.040101 -0.002244 0.051393
-0.036881 0.001630 0.051224
-0.039522 0.011183 0.048282
-0.044518 0.011646 0.050794
-0.034540 0.005959 0.050733
-0.043107 0.008750 0.050832
-0.040813 0.001661 0.050369
-0.043242 0.001538 0.050723
-0.047348 0.009895 0.050575
-0.042971 -0.002246 0.050596
-0.038356 0.001005 0.051185
-0.038490 0.010351 0.047940
-0.037582 0.009349 0.048367
-0.036157 0.005691 0.050444
-0.044065 -0.003745 0.050586
-0.047615 0.004707 0.050613
-0.040244 0.007108 0.049729
-0.035416 0.001977 0.051179
-0.041344 -0.002816 0.050473
-0.047423 0.006516 0.050654
-0.043252 0.004172 0.050721
-0.043653 0.011593 0.050834
-0.040596 0.000484 0.050769
-0.046543 0.001679 0.050667
-0.042335 0.005986 0.050596
-0.040360 0.009173 0.049889
-0.045469 0.001775 0.050666
-0.046410 0.003392 0.050632
-0.037299 0.005486 0.050220
-0.043880 0.002129 0.050739
-0.045821 0.000939 0.050693
-0.047038 0.005441 0.050653
-0.035908 0.003445 0.050876
-0.041849 0.006448 0.050523
-0.048683 0.007595 0.050619
-0.037515 0.001356 0.051174
-0.040790 0.011417 0.050321
-0.037226 0.000928 0.051240
-0.044088 0.010586 0.050795
-0.045875 0.004111 0.050685
-0.036656 0.007423 0.049596
-0.041789 0.009632 0.050590
-0.039250 0.009968 0.047911
-0.042765 0.011335 0.050808
-0.039653 0.008327 0.048999
-0.039760 0.000313 0.051213
-0.039305 -0.002269 0.051466
-0.036818 0.000860 0.051263
-0.042774 0.007766 0.050750
-0.043595 0.001081 0.050710
-0.045377 0.011612 0.050702
-0.047193 0.003291 0.050613
-0.042181 0.009454 0.050689
-0.035162 0.003493 0.051021
-0.037353 0.001933 0.051104
-0.047807 0.005960 0.050597
-0.044289 0.001889 0.050739
-0.037384 0.005020 0.050340
-0.040261 0.009376 0.049654
-0.047993 0.000142 0.050570
-0.039452 0.008064 0.048885
-0.041167 0.007576 0.050397
-0.036132 0.000409 0.051442
-0.041292 0.007076 0.050416
-0.035100 0.006968 0.050347
-0.038790 -0.002086 0.051499
-0.038046 0.001058 0.051176
-0.038751 -0.001457 0.051515
-0.042288 0.006849 0.050662
-0.038703 -0.002567 0.051520
-0.044977 0.006101 0.050743
-0.045331 0.001260 0.050718
-0.035017 -0.000126 0.051649
-0.042313 0.001371 0.050568
-0.042191 0.005200 0.050527
-0.042923 -0.002517 0.050543
-0.036958 0.008003 0.049173
-0.043468 -0.005073 0.050631
-0.037497 0.004268 0.050513
-0.041416 0.001849 0.050394
-0.046975 -0.001659 0.050619
-0.038338 0.005719 0.049878
-0.034633 0.006321 0.050624
-0.044646 -0.002196 0.050612
-0.045737 0.003354 0.050668
-0.037249 0.008585 0.048768
-0.041909 0.011666 0.050654
-0.043416 0.003613 0.050723
-0.045876 0.009595 0.050718
-0.036465 0.002341 0.051036
-0.038954 0.002922 0.050533
-0.046881 -0.000808 0.050638
-0.043069 -0.000900 0.050611
-0.040086 0.008700 0.049478
-0.044362 -0.000571 0.050677
-0.041584 -0.003461 0.050314
-0.045377 0.011612 0.050702
-0.045358 0.010677 0.050675
-0.047923 0.008176 0.050650
-0.037427 0.004016 0.050610
-0.039510 0.001534 0.050884
-0.040847 0.000860 0.050529
-0.042574 0.009451 0.050802
-0.042153 0.001852 0.050546
-0.041076 -0.004083 0.050474
-0.038886 0.008344 0.048548
-0.048032 0.008982 0.050614
-0.037282 0.004568 0.050489
-0.039913 0.009865 0.048418
-0.036389 0.002780 0.050950
-0.046089 0.009937 0.050673
-0.042260 -0.003019 0.035560
-0.046825 0.008776 0.050631
-0.046390 0.001275 0.050654
-0.037048 -0.000690 0.051449
-0.038693 0.000856 0.051219
-0.039383 0.001120 0.051068
-0.041062 0.010347 0.050380
-0.040005 0.010164 0.048713
-0.045340 0.003297 0.050691
-0.039916 0.008478 0.049274
-0.041126 -0.003508 0.050600
-0.039755 -0.001754 0.051351
-0.039135 0.010949 0.047785
-0.044925 0.010606 0.050705
-0.040386 0.007977 0.049879
-0.038551 0.006442 0.049515
-0.034961 0.004586 0.050935
-0.043633 0.008961 0.050824
-0.044330 0.000507 0.050723
-0.043450 -0.000532 0.050668
-0.046019 0.004630 0.050660
-0.043551 0.000810 0.050710
-0.041199 -0.003114 0.050523
-0.046059 0.001325 0.050669
-0.042011 0.002148 0.050526
-0.037997 0.000186 0.051320
-0.035564 0.002669 0.051022
-0.038024 0.002973 0.050750
-0.043132 0.002684 0.050680
-0.039447 -0.001921 0.051452
-0.045503 -0.002940 0.050680
-0.040266 0.002241 0.050391
-0.037254 0.002824 0.050871
-0.040347 0.002521 0.050319
-0.038617 0.009023 0.048481
-0.043323 0.002447 0.050719
-0.036723 0.000403 0.051313
-0.045504 0.005042 0.050666
-0.039374 0.004707 0.050074
-0.035030 0.006683 0.050434
-0.042237 -0.004552 0.050383
-0.046058 0.000522 0.050670
-0.040265 -0.000397 0.051128
-0.040347 0.000329 0.050943
-0.042728 0.004426 0.050612
-0.041247 -0.000561 0.050566
-0.044921 -0.002518 0.050655
-0.046272 0.006753 0.050676
-0.048089 0.008435 0.050626
-0.035537 0.002944 0.050958
-0.043158 0.003889 0.050727
-0.043990 0.001778 0.050739
-0.043751 0.005697 0.050715
-0.046726 0.006463 0.050667
-0.035735 0.001759 0.051215
-0.036972 0.004630 0.050559
-0.041781 0.001027 0.050435
-0.036729 0.002701 0.050948
-0.046245 0.000236 0.050632
-0.042293 -0.001818 0.050468
-0.036809 0.006902 0.049789
-0.044953 0.004818 0.050698
-0.041436 -0.000300 0.050532
-0.041804 0.003083 0.050458
-0.040528 0.011352 0.050183
-0.044075 0.000411 0.050730
-0.043504 0.011396 0.050833
-0.047735 0.007842 0.050664
-0.042565 -0.001518 0.050507
-0.041161 -0.002846 0.050631
-0.040942 0.008012 0.050324
-0.041609 -0.002230 0.050418
-0.037806 0.004284 0.050427
-0.038389 -0.001927 0.051538
-0.037262 0.008842 0.048658
-0.039256 -0.000572 0.051491
-0.040898 -0.003222 0.050901
-0.038743 0.002276 0.050785
-0.042070 0.010413 0.050682
-0.047577 0.007994 0.050667
-0.042821 0.002367 0.050679
-0.042621 0.005212 0.050638
-0.037647 0.005715 0.050050
-0.041222 0.004755 0.050323
-0.045108 -0.002707 0.050668
-0.044479 -0.001772 0.050608
-0.035211 0.004089 0.050957
-0.042988 -0.000250 0.050642
-0.044264 0.005272 0.050730
-0.048559 0.006557 0.050553
-0.034691 0.005951 0.050675
-0.036352 0.005376 0.050495
-0.045844 -0.001183 0.050677
-0.039017 -0.000942 0.051514
-0.046835 0.002936 0.050594
-0.046622 0.009817 0.050628
-0.040836 0.003304 0.050236
-0.037182 0.004126 0.050636
-0.047065 0.005694 0.050635
-0.042374 0.004138 0.050574
-0.040079 0.004637 0.050043
-0.045694 -0.002800 0.050656
-0.039104 -0.000225 0.051449
-0.044548 0.002918 0.050725
-0.038987 0.009198 0.048396
-0.042580 -0.003525 0.050439
-0.047523 -0.001409 0.050607
-0.039670 0.010012 0.048079
-0.046935 0.007295 0.050718
-0.040506 0.000827 0.050707
-0.043257 0.001098 0.050699
-0.038275 -0.000008 0.051397
-0.040519 0.003137 0.050211
-0.045054 0.000062 0.050703
-0.042496 0.011868 0.050778
-0.040264 0.007728 0.049719
-0.046049 0.011391 0.050645
-0.047043 0.010201 0.050616
-0.037437 0.002146 0.051031
-0.043903 -0.003405 0.050612
-0.043883 0.009288 0.050788
-0.046321 0.002040 0.050660
-0.038348 0.007093 0.049146
-0.038588 0.008476 0.048578
-0.046595 -0.002496 0.050673
-0.041438 -0.001285 0.050517
-0.038375 0.005491 0.049969
-0.041512 0.003490 0.050410
-0.037474 0.000583 0.051173
-0.046901 0.005800 0.050652
-0.045780 0.011642 0.050670
-0.038227 0.008370 0.048620
-0.046560 0.000012 0.050616
-0.042865 0.001844 0.050706
-0.047954 0.001416 0.050571
-0.036169 0.001852 0.051182
-0.047544 0.008309 0.050636
-0.046198 0.002806 0.050610
-0.046275 0.005529 0.050660
-0.042135 -0.003115 0.050403
-0.044617 0.011100 0.050765
-0.041944 0.003773 0.050529
-0.035499 0.005372 0.050663
-0.045682 0.009875 0.050715
-0.035912 0.005795 0.050476
-0.046607 0.008911 0.050620
-0.039445 0.004131 0.050172
-0.047253 0.004535 0.050638
-0.039618 0.001805 0.050751
-0.041564 0.008763 0.050533
-0.044029 0.005934 0.050759
-0.044795 0.002228 0.050724
-0.040127 0.002781 0.050343
-0.035791 0.005267 0.050639
-0.047138 0.001336 0.050645
-0.048793 0.008415 0.050621
-0.043865 0.009553 0.050786
-0.045854 0.007026 0.050687
-0.036062 0.007454 0.049825
-0.035726 0.006920 0.050168
-0.045249 0.005176 0.050690
-0.040173 0.000832 0.050830
-0.041859 0.005590 0.050509
-0.043346 0.009015 0.050820
-0.047818 0.003630 0.050575
-0.040570 -0.001710 0.051172
-0.044591 0.008003 0.050842
-0.037024 0.008919 0.048719
-0.038285 0.008682 0.048510
-0.037909 -0.001728 0.051523
-0.039067 -0.001702 0.051513
-0.043174 -0.004785 0.050616
-0.042551 0.003701 0.032953
-0.038720 0.005345 0.049965
-0.036108 0.006110 0.050317
-0.045590 0.002261 0.050655
-0.043130 0.006295 0.050719
-0.038961 0.007730 0.048857
-0.035428 0.001672 0.051283
-0.045503 -0.002940 0.050680
-0.041118 0.010637 0.050416
-0.042419 0.007862 0.050734
-0.046183 0.009042 0.050725
-0.040646 0.007442 0.050129
-0.044162 -0.002462 0.050594
-0.043565 0.007092 0.050741
-0.041030 -0.001006 0.050744
-0.043299 -0.003409 0.050520
-0.039073 0.007524 0.049008
-0.046635 0.008483 0.050608
-0.046905 -0.001344 0.050626
-0.041162 0.003599 0.050310
-0.046499 0.010675 0.050619
-0.036291 0.004715 0.050671
-0.044158 -0.003127 0.050661
-0.040718 0.004759 0.050143
-0.039134 0.007156 0.049198
-0.035119 0.002247 0.051168
-0.045760 0.011299 0.050667
-0.039525 0.006807 0.049438
-0.042752 0.002992 0.050647
-0.041427 0.007767 0.050475
-0.045886 0.002484 0.050636
-0.034845 0.003578 0.051093
-0.039670 0.000701 0.051130
-0.045192 0.003650 0.050733
-0.047989 0.005704 0.050614
-0.035735 0.001759 0.051215
-0.038168 0.003888 0.050463
-0.044513 -0.002579 0.050647
-0.043605 0.011138 0.050835
-0.047599 0.002672 0.050607
-0.042174 -0.000912 0.050471
-0.036597 -0.000609 0.051499
-0.045012 -0.003588 0.050701
-0.038146 0.009248 0.048416
-0.045133 0.001059 0.050730
-0.035510 0.000646 0.051500
-0.038597 0.002930 0.050617
-0.046311 0.007499 0.050697
-0.047498 0.005037 0.050634
-0.042634 -0.001847 0.050562
-0.047107 0.006644 0.050674
-0.040503 0.004778 0.050117
-0.035344 0.004403 0.050888
-0.040619 0.006943 0.050134
-0.040092 0.004931 0.049928
-0.041353 -0.000918 0.050535
-0.045859 0.006023 0.050664
-0.043621 0.001840 0.050729
-0.036390 -0.001082 0.051597
-0.039749 0.005744 0.049844
-0.045853 0.009074 0.050762
-0.045789 -0.001879 0.050676
-0.046266 0.010381 0.050652
-0.046474 0.009253 0.050648
-0.045207 -0.001031 0.050670
-0.045214 0.008058 0.050707
-0.044141 0.007520 0.050793
-0.037734 -0.000290 0.051376
-0.040254 0.003525 0.050141
-0.043076 -0.001592 0.050606
-0.039976 0.010640 0.048888
-0.047428 0.001101 0.050643
-0.044917 0.008186 0.050795
-0.040866 0.005329 0.050235
-0.040465 -0.000589 0.051080
-0.043195 -0.001414 0.050560
-0.046776 -0.001029 0.050632
-0.045786 0.006355 0.050671
-0.043505 0.008044 0.050813
-0.037673 0.001877 0.051058
-0.041695 -0.003175 0.050352
-0.044333 -0.003440 0.050666
-0.039460 0.003327 0.050304
-0.048490 0.005928 0.050605
-0.044370 0.007067 0.050775
-0.039954 0.003464 0.050219
-0.044057 -0.002129 0.050602
-0.042716 0.001725 0.050670
-0.044288 0.010919 0.050802
-0.043281 0.008213 0.050805
-0.035199 -0.000402 0.051660
-0.039728 0.004551 0.050023
-0.046226 0.004087 0.050678
-0.045958 0.007484 0.050707
-0.041166 -0.001293 0.050658
-0.043946 -0.001387 0.050610
-0.036892 0.003901 0.050723
-0.038332 -0.000294 0.051433
-0.041013 -0.001946 0.050778
-0.045551 0.006571 0.050690
-0.042784 -0.004376 0.050526
-0.040841 0.005915 0.050255
-0.039990 0.008877 0.049087
-0.048183 0.002073 0.050591
-0.038348 0.002357 0.050841
-0.041538 0.002853 0.050404
-0.047898 0.000467 0.050569
-0.041109 0.005857 0.050344
-0.044044 -0.001928 0.050613
-0.044247 0.007284 0.050787
-0.045896 0.010950 0.050653
-0.037668 0.006783 0.049531
-0.038808 0.009544 0.048287
-0.046781 0.001396 0.050644
-0.044359 0.008911 0.050809
-0.044168 0.003530 0.050748
-0.040877 0.005618 0.050257
-0.046243 0.008099 0.050716
-0.042512 0.006064 0.050592
-0.042344 -0.000386 0.050610
-0.041743 -0.003454 0.050246
-0.044324 0.002649 0.050703
-0.045512 0.010248 0.050693
-0.041132 0.001151 0.050401
-0.040410 0.011051 0.050035
-0.045524 0.000374 0.050711
-0.036661 0.004568 0.050640
-0.043204 -0.002894 0.050541
-0.042971 0.002080 0.050706
-0.038158 0.005255 0.050091
-0.037264 -0.000951 0.051485
-0.048041 0.001714 0.050581
-0.044478 0.010591 0.050748
-0.038677 0.008183 0.048662
-0.040037 -0.002782 0.051387
-0.046645 0.002574 0.050617
-0.043340 0.006218 0.050725
-0.041267 -0.002259 0.050520
-0.043866 0.001079 0.050726
-0.048222 0.004012 0.050541
-0.036737 0.000016 0.051320
-0.042764 0.002096 0.050673
-0.039223 0.005633 0.049844
-0.039806 0.008067 0.049224
-0.046151 0.000966 0.050657
-0.044669 0.008976 0.050800
-0.041621 -0.001857 0.050453
-0.036887 0.002937 0.050865
-0.041064 0.008408 0.050361
-0.042228 0.010680 0.050701
-0.037190 0.002169 0.051054
-0.042341 0.009161 0.050746
-0.037945 0.005478 0.050036
-0.042194 0.011549 0.050722
-0.038745 0.007016 0.049175
-0.036080 0.003807 0.050832
-0.044570 0.005625 0.050747
-0.045044 0.009459 0.050768
-0.039104 0.001361 0.051012
-0.043595 -0.002593 0.050609
-0.047773 -0.001255 0.050591
-0.047512 0.002071 0.050646
-0.047355 -0.001149 0.050609
-0.047585 0.009724 0.050551
-0.042813 -0.000737 0.050605
-0.041297 0.000271 0.050450
-0.038883 0.004656 0.050138
-0.039924 0.004324 0.050069
-0.045957 -0.002821 0.050676
-0.040468 -0.003526 0.051217
-0.039816 0.002327 0.050529
-0.045525 0.011387 0.050679
-0.043522 0.006797 0.050758
-0.044615 0.010336 0.050724
-0.047970 0.007032 0.050651
-0.040026 0.003812 0.050131
-0.044643 0.005323 0.050718
-0.040349 0.010790 0.049834
-0.043193 -0.003791 0.050576
-0.045230 0.000409 0.050728
-0.043405 -0.002733 0.050564
-0.041594 -0.002863 0.050403
-0.040708 0.002434 0.050287
-0.043882 -0.000724 0.050666
-0.043564 0.010756 0.050827
-0.042039 0.004510 0.050510
-0.035731 0.005576 0.050578
-0.048018 0.003342 0.050553
-0.040168 0.011582 0.049622
-0.047066 0.002044 0.050638
-0.040116 0.005825 0.049919
-0.038104 0.005927 0.049858
-0.039959 0.006318 0.049823
-0.036347 0.005092 0.050576
-0.047815 0.002665 0.050589
-0.048106 0.006722 0.050596
-0.047185 0.005998 0.050664
-0.039950 0.000599 0.051077
-0.037999 0.007618 0.048966
-0.038356 0.001005 0.051185
-0.045823 0.000222 0.050684
-0.035008 0.000884 0.051544
-0.041056 -0.000695 0.050649
-0.039791 -0.000413 0.051317
-0.045378 -0.001601 0.050668
-0.036345 -0.000369 0.051496
-0.042841 0.006072 0.050678
-0.045359 -0.003356 0.050698
-0.037575 0.008658 0.048627
-0.041829 -0.001661 0.034298
-0.042179 0.006546 0.050613
-0.039843 0.006757 0.049553
-0.042469 0.002716 0.050613
-0.038032 0.000657 0.051246
-0.043833 0.011369 0.050834
-0.041518 0.004950 0.050415
-0.043885 -0.003831 0.050603
-0.039865 0.006497 0.049680
-0.042690 0.011579 0.050798
-0.046947 0.007831 0.050638
-0.047486 0.003181 0.050590
-0.047510 0.007365 0.050696
-0.039082 -0.003025 0.051555
-0.035137 0.001848 0.051295
-0.040349 0.010790 0.049834
-0.043650 -0.002001 0.050598
-0.044197 -0.001862 0.050616
-0.048568 0.008148 0.050627
-0.036782 0.003356 0.050811
-0.045009 0.005462 0.050710
-0.043158 0.003889 0.050727
-0.047928 0.007751 0.050683
-0.039804 0.010902 0.048626
-0.040214 0.000629 0.050930
-0.043271 0.011752 0.050849
-0.041245 -0.003928 0.050355
-0.035824 0.007526 0.049888
-0.044475 -0.001368 0.050629
-0.041982 0.010836 0.050679
-0.041958 0.000126 0.050562
-0.044099 -0.004552 0.050675
-0.042906 0.011186 0.050814
-0.036862 0.002430 0.051003
-0.041620 0.008268 0.050539
-0.037100 -0.001311 0.051499
-0.041628 0.000735 0.050397
-0.040682 0.010968 0.050255
-0.044508 0.004615 0.050725
-0.037560 0.003627 0.050682
-0.043325 0.002154 0.050725
-0.035028 0.003815 0.051024
-0.040419 -0.003080 0.051232
-0.035759 0.005015 0.050700
-0.045198 0.002936 0.050695
-0.041919 -0.002827 0.050403
-0.040397 0.011607 0.050035
-0.039597 0.006675 0.049426
-0.041569 -0.001057 0.050476
-0.044449 0.005050 0.050698
-0.042947 0.008391 0.050816
-0.048181 -0.000437 0.050573
-0.041780 -0.001529 0.050450
-0.038364 0.001583 0.051037
-0.035274 0.002607 0.051061
-0.042713 0.001331 0.050650
-0.038569 0.008814 0.048510
-0.040373 0.006541 0.050002
-0.046747 0.010809 0.050617
-0.042207 0.009840 0.050694
-0.046280 -0.000114 0.050652
-0.040867 -0.002564 0.050948
-0.043415 0.007338 0.050758
-0.045607 -0.001709 0.050690
-0.041721 0.011221 0.050613
-0.038213 -0.002454 0.051520
-0.037105 0.003615 0.050752
-0.044143 0.001485 0.050726
-0.037825 0.007084 0.049248
-0.040706 0.007224 0.050191
-0.043093 0.009143 0.050845
-0.043544 0.001532 0.050716
-0.040032 -0.001973 0.051338
-0.038982 0.010070 0.047962
-0.038774 0.001300 0.051068
-0.047858 0.001264 0.050595
-0.038483 -0.001258 0.051500
-0.041499 0.002213 0.050417
-0.036525 0.007837 0.049458
-0.044246 0.001084 0.050719
-0.038439 -0.002563 0.051552
-0.041096 0.011474 0.050410
-0.037374 0.003344 0.050769
-0.044491 0.007385 0.050800
-0.039794 -0.002125 0.051404
-0.035324 0.001003 0.051478
-0.041393 0.000780 0.050453
-0.035756 0.007157 0.050064
-0.041722 0.001262 0.050453
-0.041789 0.009632 0.050590
-0.045905 0.008177 0.050740
-0.045572 0.000016 0.050688
-0.040847 0.000860 0.050529
-0.044739 0.009994 0.050723
-0.047590 0.008930 0.050613
-0.043987 -0.000044 0.050704
-0.036113 0.004303 0.050768
-0.040161 -0.003231 0.051340
-0.041000 0.002473 0.050286
-0.039537 0.003019 0.050384
-0.041919 0.003453 0.050514
-0.044831 0.005059 0.050709
-0.045513 0.004068 0.050699
-0.046132 0.005885 0.050664
-0.047580 0.009184 0.050600
-0.048272 0.003163 0.050531
-0.038549 0.004274 0.050277
-0.039254 0.002978 0.050452
-0.047849 -0.000487 0.050567
-0.048607 0.005210 0.050650
-0.041601 0.011037 0.050587
-0.040419 -0.003080 0.051232
-0.042733 -0.002218 0.050566
-0.044902 0.003051 0.050710
-0.035769 0.003143 0.050899
-0.046419 0.000532 0.050648
-0.044796 0.005316 0.050697
-0.045765 0.004463 0.050678
-0.038070 0.006142 0.049750
-0.037818 0.003945 0.050531
-0.040257 0.005557 0.049974
-0.037660 0.005321 0.050179
-0.045405 0.004349 0.050714
-0.047847 -0.000906 0.050586
-0.041220 0.001614 0.050396
-0.045487 -0.002494 0.050667
-0.042431 0.002202 0.050606
-0.042590 0.003378 0.050638
-0.048601 0.008709 0.050615
-0.043170 0.011254 0.050813
-0.043658 0.002994 0.050745
-0.040032 0.007824 0.049403
-0.040298 0.003739 0.050152
-0.045533 0.005435 0.050680
-0.041100 0.001875 0.050369
-0.046904 0.008466 0.050613
-0.047768 0.004532 0.050588
-0.038245 0.006982 0.049233
-0.039738 0.001128 0.050978
-0.041966 0.000768 0.050485
-0.040013 -0.001033 0.051268
-0.044670 0.005942 0.050757
-0.045162 0.011459 0.050692
-0.041688 0.001897 0.050457
-0.040942 -0.003585 0.050839
-0.047147 0.005176 0.050656
-0.040633 -0.003149 0.051125
-0.040840 0.005000 0.050215
-0.039301 -0.002636 0.051475
-0.043360 0.000107 0.050669
-0.048292 0.005093 0.050620
-0.043108 0.005828 0.050718
-0.041966 0.000768 0.050485
-0.037453 0.001623 0.051129
-0.041723 0.005294 0.050459
-0.037649 0.004919 0.050279
-0.042251 0.003681 0.050566
-0.041395 -0.002205 0.050443
-0.038203 0.006716 0.049409
-0.039926 0.005061 0.049949
-0.044402 0.009226 0.050718
-0.034823 0.001896 0.051372
-0.038896 0.008008 0.048720
-0.043846 0.007899 0.050815
-0.036419 0.004000 0.050769
-0.039587 -0.002604 0.051396
-0.047916 0.007398 0.050685
-0.042275 -0.004208 0.050433
-0.042121 0.007164 0.050634
-0.046214 -0.001090 0.050651
-0.040676 0.003667 0.050208
-0.036611 0.008396 0.049139
-0.037227 0.007730 0.049191
-0.048300 0.008174 0.050647
-0.048638 0.007100 0.050550
-0.041497 0.009587 0.050500
-0.041227 0.004492 0.050293
-0.043717 0.002675 0.050753
-0.039556 0.006005 0.049761
-0.042024 0.004898 0.050507
-0.043074 0.003159 0.050701
-0.039162 0.004380 0.050166
-0.046283 0.002404 0.050624
-0.046618 0.007822 0.050671
-0.044321 0.009944 0.050729
-0.048308 0.004295 0.050572
-0.038552 0.003922 0.050367
-0.039790 -0.001418 0.051357
-0.037451 -0.001668 0.051523
-0.043973 0.009057 0.050807
-0.040356 -0.001731 0.051221
-0.044694 0.001878 0.050731
-0.044625 -0.000244 0.050694
-0.035995 0.006916 0.050070
-0.041532 0.006350 0.050453
-0.045344 0.007416 0.050754
-0.041003 -0.002941 0.050793
-0.040124 0.006123 0.049908
-0.034975 0.000249 0.051614
-0.043001 0.011562 0.050820
-0.036827 -0.001338 0.051483
-0.047058 -0.001955 0.050599
-0.034773 0.006141 0.050640
-0.039493 -0.000803 0.051456
-0.041310 -0.002432 0.050497
-0.040081 -0.003433 0.051380
-0.041225 0.011803 0.050393
-0.041181 0.003127 0.050262
-0.040274 -0.001980 0.051295
-0.040974 0.008853 0.050318
-0.045869 -0.001450 0.050687
-0.045520 0.006097 0.050663
-0.036602 0.001914 0.051161
-0.038403 0.006635 0.049428
-0.034859 0.005469 0.050745
-0.044083 0.005593 0.050741
-0.043667 0.002369 0.050729
-0.037968 0.004483 0.050327
-0.045295 -0.000140 0.050683
-0.036053 0.007168 0.049951
-0.040326 0.008758 0.049866
-0.042913 -0.003523 0.050531
-0.035012 0.005046 0.050833
-0.039099 0.006565 0.049414
-0.035539 -0.000468 0.051595
-0.041208 -0.001642 0.050604
-0.040676 0.003667 0.050208
-0.040832 0.010768 0.050309
-0.047519 0.006355 0.050640
-0.042401 0.010531 0.050743
-0.043359 -0.001682 0.050608
-0.045325 -0.002724 0.050665
-0.040422 -0.002143 0.051249
-0.046729 0.003849 0.050656
-0.043636 0.009228 0.050809
-0.038213 -0.002454 0.051520
-0.041206 0.006783 0.050380
-0.043581 -0.001739 0.050610
-0.039444 0.005712 0.049823
-0.048241 0.000305 0.050571
-0.041311 0.008465 0.050446
-0.039536 0.004347 0.050109
-0.036723 0.004102 0.050713
-0.040365 0.006932 0.049925
-0.039645 0.008179 0.049032
-0.035228 0.005658 0.050658
-0.048559 0.006557 0.050553
-0.035119 0.002882 0.051077
-0.039021 -0.001354 0.051521
-0.047774 0.006303 0.050590
-0.037796 0.006407 0.049676
-0.044041 0.008404 0.050762
-0.041341 0.000119 0.050532
-0.048069 0.000510 0.050581
-0.040107 0.000298 0.051075
-0.038716 0.006354 0.049535
-0.046270 0.005174 0.050646
-0.047599 0.007028 0.050680
-0.047058 -0.001955 0.050599
-0.041744 -0.002557 0.050404
-0.048387 0.008447 0.050645
-0.040201 0.010708 0.049404
-0.048087 0.005377 0.050638
-0.041327 0.005399 0.050364
-0.043910 0.007706 0.050768
-0.036205 0.000842 0.051408
-0.041985 0.005453 0.050512
-0.046557 0.000810 0.050652
-0.037078 0.005079 0.050409
-0.046654 0.009517 0.050614
-0.042517 0.009747 0.050760
-0.042087 -0.001541 0.050434
-0.039826 -0.002559 0.051413
-0.039694 0.004023 0.050160
-0.044950 0.009196 0.050787
-0.042129 0.005724 0.050559
-0.045625 0.008328 0.050723
-0.042990 0.000215 0.050657
-0.040929 -0.003993 0.050843
-0.039265 0.001908 0.050810
-0.043590 -0.003545 0.050572
-0.039041 -0.002482 0.051502
-0.045517 -0.000599 0.050659
-0.046237 0.007062 0.050691
-0.035772 0.002451 0.051024
-0.037647 -0.000045 0.051257
-0.038083 0.009556 0.048282
-0.035176 0.000609 0.051550
-0.045367 0.009926 0.050731
-0.035575 0.004059 0.050890
-0.044629 0.004886 0.050718
-0.036351 0.005823 0.050349
-0.046240 0.010929 0.050629
-0.044180 0.007900 0.050830
-0.042154 -0.002901 0.050429
-0.041608 0.004391 0.050417
-0.041980 0.009195 0.050649
-0.040477 0.008394 0.050021
-0.043667 0.002369 0.050729
-0.044881 0.004576 0.050731
-0.046447 0.006240 0.050674
-0.035809 0.006146 0.050396
-0.041182 0.001387 0.050401
-0.038875 0.005695 0.049800
-0.035013 0.003226 0.051083
-0.037229 0.003867 0.050689
-0.037260 0.002428 0.050968
-0.041646 0.000026 0.050549
-0.044748 0.004294 0.050751
-0.035437 0.006972 0.050248
-0.036321 0.000088 0.051431
-0.038968 0.000928 0.051171
-0.039895 0.007086 0.049522
-0.043376 0.008460 0.050830
-0.039394 0.007590 0.049041
-0.046408 0.008642 0.050678
-0.043373 0.004451 0.050697
-0.037461 0.006851 0.049565
-0.047010 -0.000507 0.050623
-0.036943 0.008451 0.048965
-0.047216 0.004068 0.050631
-0.044788 0.001198 0.050698
-0.042644 0.003764 0.050649
-0.037890 0.006804 0.049421
-0.043184 -0.001861 0.050632
-0.042149 0.011184 0.050712
-0.044855 -0.000467 0.050672
-0.037826 -0.000554 0.051441
-0.036304 0.008227 0.049369
-0.047043 0.010201 0.050616
-0.039140 0.003136 0.050430
-0.040434 0.011971 0.050101
-0.042906 0.006972 0.050715
-0.046093 0.011164 0.050642
-0.037328 -0.000135 0.051184
-0.035523 0.003456 0.050929
-0.040568 0.005680 0.050137
-0.041442 0.003975 0.050372
-0.037646 0.007037 0.049380
-0.043451 -0.001378 0.035994
-0.040617 0.009649 0.050091
-0.045077 0.001399 0.050714
-0.044664 0.003599 0.050765
-0.038749 0.007360 0.049031
-0.037665 0.007390 0.049122
-0.037772 0.003263 0.050728
-0.039630 0.011360 0.048554
-0.039763 0.009153 0.048570
-0.045937 -0.002113 0.050673
-0.036765 0.005596 0.050310
-0.041655 0.009077 0.050557
-0.038370 0.008966 0.048471
-0.038479 0.006913 0.049235
-0.036941 0.008665 0.048868
-0.043731 0.009903 0.050797
-0.041456 -0.003702 0.050340
-0.046645 0.002574 0.050617
-0.042707 0.008877 0.050804
-0.042761 0.009175 0.050825
-0.038027 -0.000304 0.051421
-0.043792 0.003556 0.050733
-0.047802 -0.000140 0.050590
-0.044520 0.000858 0.050726
-0.045577 0.007180 0.050717
-0.047509 0.000013 0.050601
-0.039755 -0.001754 0.051351
-0.042565 0.005802 0.050638
-0.036008 0.006705 0.050144
-0.045993 0.003114 0.050651
-0.045371 -0.000713 0.050657
-0.037611 0.002337 0.050961
-0.037525 -0.002340 0.051655
-0.045282 -0.003719 0.050702
-0.040524 0.007713 0.050011
-0.047133 0.004320 0.050642
-0.040989 0.000977 0.050446
-0.039075 0.006226 0.049575
-0.047133 0.004320 0.050642
-0.048198 0.005982 0.050604
-0.047198 0.000986 0.050634
-0.040881 0.006564 0.050249
-0.041470 0.008557 0.050500
-0.040519 0.003137 0.050211
-0.040256 0.009627 0.049407
-0.043825 0.010646 0.050822
-0.038734 0.001584 0.050997
-0.046362 0.003158 0.050618
-0.038661 0.000434 0.051328
-0.044413 0.004273 0.050748
-0.045724 -0.000632 0.050660
-0.040651 0.000047 0.050850
-0.043658 0.005396 0.050716
-0.047117 0.004852 0.050668
-0.045346 0.009598 0.050748
-0.040400 0.009573 0.049834
-0.040244 0.004958 0.049997
-0.041097 0.000717 0.050507
-0.041240 -0.002512 0.050569
-0.034705 0.004836 0.050934
-0.042635 -0.003178 0.050470
-0.046574 0.000342 0.050616
-0.039529 -0.002308 0.051396
-0.036956 0.003050 0.050808
-0.042990 0.010157 0.050837
-0.038421 0.000695 0.051271
-0.045025 0.010914 0.050702
-0.043895 0.008169 0.050823
-0.036184 0.003136 0.050899
-0.044183 0.008538 0.050764
-0.041480 0.005302 0.050422
-0.041825 0.008907 0.050611
-0.045976 0.006721 0.050674
-0.043088 -0.004171 0.050581
-0.036358 0.007133 0.049855
-0.044089 0.006336 0.050769
-0.040891 0.006858 0.050281
-0.040371 0.006195 0.050014
-0.038738 0.005021 0.050063
-0.040466 0.001798 0.050411
-0.037964 0.004104 0.050446
-0.044457 0.006618 0.050753
-0.037422 -0.001214 0.051480
-0.040336 0.009963 0.049533
-0.039457 0.002639 0.050518
-0.046916 0.006235 0.050677
-0.041154 0.007936 0.050401
-0.048459 0.003494 0.050571
-0.047203 0.007458 0.050723
-0.034718 0.003249 0.051166
-0.039749 0.009494 0.048334
-0.042658 -0.000458 0.050640
-0.047080 0.000339 0.050587
-0.038569 0.004740 0.050166
-0.041068 -0.002580 0.050721
-0.042064 0.002368 0.050535
-0.042434 0.011434 0.050739
-0.045486 0.002843 0.050672
-0.044341 0.006242 0.050762
-0.041948 0.011227 0.050677
-0.044709 -0.003837 0.050687
-0.043116 0.000662 0.050691
-0.039901 0.011414 0.049034
-0.043644 -0.000646 0.050661
-0.047889 0.008734 0.050619
-0.047515 0.003995 0.050610
-0.043756 0.001375 0.050722
-0.039652 0.006502 0.049490
-0.038204 0.006422 0.049580
-0.047225 0.006348 0.050660
-0.043321 0.002969 0.050731
-0.044243 -0.002805 0.050656
-0.041821 -0.004460 0.050263
-0.037134 0.003188 0.050804
-0.045000 -0.001093 0.050669
-0.042065 -0.001794 0.050413
-0.042287 0.010150 0.050698
-0.038656 0.005644 0.049861
-0.045039 0.008501 0.050721
-0.038252 0.001335 0.051114
-0.046298 -0.000751 0.050661
-0.039794 -0.002912 0.051375
-0.041929 -0.000226 0.050560
-0.038593 0.003554 0.050467
-0.047437 0.001755 0.050653
-0.046814 0.009202 0.050594
-0.037441 0.006112 0.049933
-0.041663 0.002594 0.050446
-0.042114 -0.001178 0.050442
-0.040675 0.005394 0.050183
-0.044778 -0.002907 0.050678
-0.045783 0.005223 0.050665
-0.041652 0.010125 0.050593
-0.040191 -0.002566 0.051390
-0.048113 0.001030 0.050568
-0.041754 -0.000494 0.050527
-0.046806 0.000588 0.050627
-0.042721 0.006622 0.050627
-0.039272 0.007944 0.048778
-0.038182 -0.001530 0.051511
-0.043492 -0.003151 0.050533
-0.043737 0.004607 0.050693
-0.045523 0.004765 0.050683
-0.044158 0.008774 0.050811
-0.038036 0.008908 0.048465
-0.047545 0.007667 0.050702
-0.039022 0.004070 0.050251
-0.045391 -0.001068 0.050661
-0.042297 0.005595 0.050580
-0.036592 0.006700 0.049954
-0.040265 -0.001174 0.051232
-0.041439 0.001143 0.050440
-0.040868 0.000285 0.050678
-0.038270 0.007835 0.048813
-0.042671 0.004641 0.050591
-0.043325 -0.002345 0.050593
-0.044107 -0.000274 0.050698
-0.046955 0.000138 0.050589
-0.044741 0.007422 0.050814
-0.042278 0.002503 0.050572
-0.042508 0.005507 0.050631
-0.036007 0.005432 0.050557
-0.037606 0.007200 0.049285
-0.043583 0.006120 0.050764
-0.037929 0.003583 0.050615
-0.039954 0.006005 0.049866
-0.035078 -0.000872 0.051741
-0.046350 -0.001519 0.050630
-0.044664 0.008271 0.050842
-0.041771 0.010824 0.050634
-0.045203 0.007663 0.050759
-0.040732 0.008617 0.050218
-0.036487 0.001608 0.051249
-0.045204 0.006944 0.050718
-0.035506 0.005624 0.050613
-0.039533 0.005117 0.049988
-0.038268 0.003583 0.050535
-0.041061 -0.000167 0.050665
-0.036805 -0.001044 0.051518
-0.047167 0.008077 0.050633
-0.046069 0.009328 0.050716
-0.045451 0.000795 0.050725
-0.047206 -0.000140 0.050616
-0.045961 -0.000882 0.050677
-0.035897 0.007978 0.049666
-0.038328 0.004557 0.050250
-0.042028 0.010118 0.050674
-0.038951 -0.000492 0.051484
-0.038371 0.002884 0.050686
-0.044148 0.006721 0.050763
-0.043658 0.002994 0.050745
-0.047242 0.003559 0.050612
-0.042903 0.003622 0.050703
-0.037318 0.000154 0.051207
-0.040800 -0.001853 0.051034
-0.036878 0.007137 0.049646
-0.035569 0.001639 0.051245
-0.047654 0.003937 0.050577
-0.041018 -0.004028 0.050665
-0.039324 0.000745 0.051202
-0.042596 0.008157 0.050774
-0.043131 0.004282 0.050696
-0.039832 0.005599 0.049886
-0.044935 0.002692 0.050713
-0.041421 0.000444 0.050457
-0.040265 0.010475 0.049482
-0.040724 0.010471 0.050167
-0.039287 0.007760 0.048907
-0.047545 0.007667 0.050702
-0.047863 0.009250 0.050604
-0.041859 0.005590 0.050509
-0.036198 -0.000298 0.051519
-0.042688 0.001904 0.050661
-0.044475 -0.001368 0.050629
-0.036349 0.006869 0.049970
-0.047938 0.004835 0.050595
-0.045959 0.005572 0.050663
-0.045487 -0.002494 0.050667
-0.035559 0.004743 0.050790
-0.039579 0.008828 0.048643
-0.035929 0.001125 0.051385
-0.048260 0.007333 0.050636
-0.043523 0.000494 0.050698
-0.038730 0.006681 0.049357
-0.043055 0.004693 0.050640
-0.046321 0.009793 0.050626
-0.046183 -0.002234 0.050652
-0.040572 0.001439 0.050480
-0.036498 0.005629 0.050376
-0.042795 0.002672 0.050666
-0.046377 0.004326 0.050660
-0.047399 0.004723 0.050607
-0.037004 0.006152 0.050052
-0.040623 0.010066 0.050040
-0.037944 -0.002269 0.051573
-0.043012 0.001167 0.050707
-0.041057 0.009167 0.050360
-0.037030 0.000551 0.051229
-0.040681 -0.003500 0.051093
-0.041391 0.011451 0.050494
-0.048032 0.008982 0.050614
-0.047723 0.005424 0.050606
-0.038038 -0.002052 0.051553
-0.046666 0.007457 0.050707
-0.036973 0.004289 0.050639
-0.038982 -0.000018 0.051417
-0.039319 0.007324 0.049168
-0.039067 -0.001702 0.051513
-0.036933 0.005793 0.050205
-0.040030 0.001256 0.050796
-0.039786 0.002735 0.050429
-0.040480 0.003445 0.050191
-0.045056 0.008897 0.050773
-0.038113 0.002637 0.050816
-0.045765 -0.002482 0.050653
-0.038439 0.005304 0.050031
-0.041488 -0.001636 0.050495
-0.042833 -0.001473 0.050578
-0.037560 0.003627 0.050682
-0.037535 -0.000825 0.051466
-0.041818 0.010439 0.050616
-0.044088 0.010586 0.050795
-0.035653 0.006643 0.050284
-0.045054 0.009760 0.050747
-0.041389 0.006005 0.050410
-0.044000 0.003272 0.050740
-0.043983 0.007044 0.050765
-0.041018 -0.004028 0.050665
-0.045893 0.010224 0.050669
-0.043629 0.004995 0.050701
-0.043641 0.008456 0.050832
-0.045158 0.003997 0.050742
-0.039900 0.003059 0.050318
-0.039245 0.010548 0.047864
-0.039832 0.003822 0.050175
-0.041932 0.001462 0.050496
-0.044044 0.010039 0.050739
-0.047884 0.004236 0.050592
-0.043988 -0.004225 0.050657
-0.042661 0.006942 0.050694
-0.036424 0.000587 0.051388
-0.039561 0.005602 0.049831
-0.040470 0.002190 0.050349
-0.043751 0.000765 0.050722
-0.047580 -0.000731 0.050578
-0.046710 0.006756 0.050677
-0.046268 0.007801 0.050698
-0.035770 -0.000547 0.051609
-0.045104 -0.001617 0.050669
-0.044909 0.006916 0.050738
-0.039188 0.008604 0.048514
-0.039435 0.008451 0.048734
-0.035714 0.001496 0.051305
-0.045132 0.010019 0.050719
-0.047716 0.001074 0.050613
-0.044749 0.009578 0.050714
-0.036345 -0.001551 0.051677
-0.047949 0.003903 0.050574
-0.039105 0.005921 0.049734
-0.040679 0.003923 0.050194
-0.041822 0.005996 0.050518
-0.040077 0.009261 0.049080
-0.041651 0.006691 0.050492
-0.043313 -0.000243 0.050651
-0.040375 -0.003313 0.051270
-0.045560 0.002555 0.050644
-0.047686 0.003391 0.050567
-0.037227 0.007730 0.049191
-0.043172 0.009972 0.050851
-0.040131 0.005208 0.049896
-0.047692 0.009531 0.050581
-0.043679 0.004340 0.050723
-0.048154 0.002840 0.050564
-0.040555 0.001969 0.050333
-0.043469 0.002685 0.050740
-0.037944 0.002373 0.050911
-0.038403 -0.002246 0.051541
-0.040970 0.003832 0.050242
-0.036746 0.005259 0.050434
-0.046704 0.010381 0.050619
-0.043129 0.002362 0.050712
-0.046590 0.003307 0.050596
-0.039970 -0.000012 0.051202
-0.043117 0.006709 0.050726
-0.044312 -0.000136 0.050703
-0.042640 -0.004628 0.050477
-0.038722 -0.001927 0.051522
-0.042017 -0.003473 0.050320
-0.046488 0.003908 0.050662
-0.042282 0.003186 0.050571
-0.043004 -0.004509 0.050566
-0.035475 0.001331 0.051389
-0.043108 0.005828 0.050718
-0.046929 0.007604 0.050706
-0.042593 -0.001091 0.050523
-0.044891 0.003375 0.050736
-0.044962 0.011277 0.050727
-0.044656 -0.001604 0.050636
-0.045277 0.004889 0.050700
-0.043811 0.006161 0.050779
-0.043583 0.007677 0.050789
-0.042456 0.006655 0.050631
-0.045058 -0.000191 0.050684
-0.043329 0.007979 0.050801
-0.043397 0.005413 0.050703
-0.039786 0.002735 0.050429
-0.042817 0.008097 0.050796
-0.046445 0.004522 0.050659
-0.040397 0.011607 0.050035
-0.037691 0.000767 0.051160
-0.040028 0.007557 0.049351
-0.041317 0.008847 0.050451
-0.046246 -0.002620 0.050657
-0.048334 0.007578 0.050653
-0.041597 0.004661 0.050414
-0.040300 -0.003666 0.051331
-0.037292 0.006385 0.049858
-0.039989 0.000902 0.050943
-0.046596 0.005892 0.050674
-0.041839 -0.001884 0.050429
-0.044667 0.001539 0.050723
-0.039472 0.007322 0.049190
-0.045250 0.006123 0.050706
-0.035310 0.002122 0.051129
-0.034765 0.006988 0.050415
-0.045950 0.004922 0.050659
-0.045760 0.011299 0.050667
-0.044374 -0.003763 0.050656
-0.042556 0.008360 0.050776
-0.044171 0.009194 0.050762
-0.044656 0.006991 0.050768
-0.048125 0.004563 0.050593
-0.048293 0.002390 0.050611
-0.035628 0.007748 0.049874
-0.046542 -0.000464 0.050647
-0.043348 0.009851 0.050824
-0.045600 -0.002096 0.050679
-0.043348 0.009851 0.050824
-0.041138 -0.001867 0.050557
-0.037575 0.008658 0.048627
-0.045346 0.006481 0.050702
-0.045158 0.003997 0.050742
-0.047692 0.006670 0.050636
-0.038638 0.001218 0.051112
-0.044784 0.006717 0.050726
-0.043303 0.010964 0.050832
-0.042373 0.001669 0.050594
-0.045982 -0.003130 0.050667
-0.036338 0.007454 0.049713
-0.047978 0.002403 0.050609
-0.040012 -0.003082 0.051371
-0.045646 -0.000904 0.050675
-0.045108 -0.002707 0.050668
-0.039549 -0.002931 0.051458
-0.043766 -0.000286 0.050694
-0.036539 0.006311 0.050125
-0.044625 -0.002682 0.050662
-0.041023 -0.003792 0.050693
-0.047141 0.002924 0.050614
-0.043399 -0.004110 0.050612
-0.041063 -0.002288 0.050741
-0.045715 -0.003213 0.050676
-0.041765 0.004953 0.050439
-0.040160 0.010326 0.049155
-0.044667 0.001539 0.050723
-0.039315 0.003865 0.050256
-0.044724 0.000015 0.050707
-0.037180 0.006901 0.049645
-0.038018 0.009714 0.048118
-0.047527 0.004316 0.050618
-0.042428 0.008564 0.050760
-0.047868 0.005166 0.050619
-0.036922 -0.001714 0.051589
-0.044903 0.011657 0.050751
-0.043830 0.000341 0.050698
-0.044755 -0.003267 0.050693
-0.039396 0.006428 0.049476
-0.046815 0.009010 0.050621
-0.045229 -0.000773 0.050656
-0.048239 0.001495 0.050573
-0.039021 0.002181 0.050762
-0.040309 0.001115 0.050708
-0.042522 -0.004412 0.050474
-0.040185 0.008418 0.049676
-0.043604 0.008732 0.050833
-0.039280 0.006908 0.049355
-0.044137 0.006892 0.050747
-0.042379 0.000419 0.050594
-0.043142 0.005543 0.050727
-0.046094 -0.000494 0.050669
-0.039375 0.010139 0.047918
-0.045551 -0.001366 0.050687
-0.047318 0.008711 0.050609
-0.046869 0.004513 0.050670
-0.042259 -0.002691 0.050421
-0.042404 -0.002940 0.050460
-0.041534 -0.004102 0.050250
-0.040359 0.007406 0.049853
-0.046620 0.005528 0.050650
-0.044586 -0.001021 0.050641
-0.043963 0.008651 0.050783
-0.046061 0.003859 0.050659
-0.039594 0.002401 0.050565
-0.047553 -0.001081 0.050602
-0.046995 0.002630 0.050634
-0.042431 0.001114 0.050543
-0.047351 0.005715 0.050655
-0.047856 0.002086 0.050625
-0.040160 0.010326 0.049155
-0.042969 0.001667 0.050714
-0.040864 -0.001153 0.050914
-0.036512 0.003238 0.050861
-0.044307 0.011356 0.050816
-0.035840 0.002111 0.051105
-0.043571 0.010124 0.050782
-0.035734 0.004418 0.050815
-0.046172 0.004328 0.050669
-0.039135 0.007839 0.048816
-0.037460 -0.000588 0.051424
-0.043776 -0.002322 0.050608
-0.039552 0.000920 0.051116
-0.046528 0.004266 0.050666
-0.047439 0.006741 0.050666
-0.036085 0.005089 0.050627
-0.043126 0.007209 0.050738
-0.039601 0.007618 0.049139
-0.042532 0.006344 0.050624
-0.037983 0.008123 0.048722
-0.044559 0.000216 0.050710
-0.039436 0.006125 0.049647
-0.040486 0.007180 0.049999
-0.046572 -0.000834 0.050640
-0.036592 0.006700 0.049954
-0.039487 -0.000339 0.051428
-0.036637 -0.000274 0.051412
-0.044440 -0.004191 0.050684
-0.044408 0.009558 0.050676
-0.041731 0.000412 0.050506
-0.045550 0.007884 0.050673
-0.046771 -0.002026 0.050648
-0.043449 -0.004708 0.050626
-0.041853 -0.000963 0.050473
-0.036436 0.004398 0.050709
-0.043226 0.007691 0.050779
-0.035872 0.004108 0.050832
-0.046257 0.011262 0.050629
-0.038338 -0.000945 0.051476
-0.040864 0.004602 0.050198
-0.041112 0.005446 0.050325
-0.041570 -0.000736 0.050507
-0.044215 -0.000822 0.050635
-0.047449 -0.000222 0.050587
-0.041472 0.007392 0.050477
-0.045414 0.011142 0.050685
-0.045993 0.006489 0.050676
-0.044575 0.009750 0.050716
-0.039945 0.007342 0.049402
-0.042720 -0.004001 0.050520
-0.040779 0.001471 0.050392
-0.047975 0.006479 0.050534
-0.040838 -0.002206 0.051002
-0.041255 -0.003673 0.050449
-0.042846 0.003262 0.050685
-0.038147 0.003282 0.050645
-0.041191 0.000377 0.050535
-0.038637 -0.000629 0.051479
-0.039585 0.005445 0.049904
-0.044238 -0.001548 0.050605
-0.040676 0.003667 0.050208
-0.039959 0.005444 0.049913
-0.043245 0.010206 0.050836
-0.043043 0.008035 0.050797
-0.039901 0.011414 0.049034
-0.044145 0.009500 0.050735
