0.039092 0.071156 0.053658
0.035106 0.072559 0.053515
0.038075 0.072312 0.053649
0.044966 0.071975 0.052840
0.044300 0.075208 0.052873
0.048155 0.071811 0.052367
0.048298 0.072877 0.052384
0.038885 0.069292 0.053631
0.047431 0.076259 0.052643
0.039219 0.066378 0.053408
0.044782 0.078939 0.052978
0.046403 0.076292 0.052727
0.038740 0.072275 0.053614
0.038269 0.072896 0.053589
0.047190 0.075327 0.052607
0.039578 0.067781 0.053520
0.046883 0.067929 0.052856
0.045479 0.068756 0.052992
0.042435 0.067326 0.053464
0.042456 0.071385 0.053193
0.037977 0.067923 0.053443
0.048526 0.069842 0.052225
0.039022 0.068276 0.053507
0.044864 0.067709 0.053192
0.048735 0.070196 0.052196
0.036819 0.073544 0.053542
0.040055 0.068614 0.053538
0.040386 0.068921 0.053550
0.039471 0.069530 0.053625
0.046203 0.071287 0.052688
0.041602 0.070839 0.053388
0.048651 0.072270 0.052304
0.038025 0.070894 0.053665
0.044213 0.078120 0.053023
0.037163 0.071030 0.053625
0.038645 0.076206 0.053187
0.036456 0.073556 0.053534
0.038749 0.068010 0.053472
0.049061 0.071340 0.052110
0.044197 0.077669 0.052999
0.037968 0.075378 0.053224
0.042589 0.073389 0.053018
0.038544 0.072391 0.053614
0.043334 0.072084 0.053036
0.041479 0.068775 0.053517
0.040642 0.068722 0.053539
0.045110 0.076433 0.052829
0.040928 0.074895 0.053034
0.041274 0.069472 0.053489
0.036268 0.072900 0.053570
0.047831 0.070035 0.052328
0.041332 0.067611 0.053524
0.038544 0.072391 0.053614
0.035234 0.073146 0.053550
0.045462 0.070715 0.052869
0.044534 0.078248 0.052986
0.045196 0.077859 0.052920
0.037364 0.069033 0.053492
0.047045 0.071874 0.052557
0.042295 0.071717 0.053161
0.039256 0.075659 0.053136
0.040344 0.076353 0.053052
0.040860 0.066638 0.053490
0.036507 0.069435 0.053465
0.042693 0.078404 0.053074
0.047344 0.069272 0.052478
0.047229 0.071270 0.052509
0.042157 0.069119 0.053435
0.039226 0.066579 0.053427
0.041722 0.075525 0.052949
0.046274 0.066893 0.053082
0.043525 0.065317 0.053427
0.041246 0.077705 0.053006
0.039531 0.072289 0.053518
0.043724 0.070524 0.053157
0.041007 0.076253 0.052966
0.036331 0.071093 0.053563
0.037884 0.073383 0.053554
0.048677 0.072621 0.052287
0.042766 0.070579 0.053243
0.036492 0.073111 0.053556
0.042488 0.073029 0.053029
0.047875 0.075822 0.052550
0.040404 0.076749 0.053074
0.037403 0.069730 0.053562
0.046743 0.073521 0.052638
0.038851 0.071292 0.053674
0.036607 0.072840 0.053579
0.039314 0.068743 0.053569
0.042559 0.067638 0.053452
0.044021 0.078392 0.053063
0.040812 0.065910 0.053473
0.041224 0.069744 0.053485
0.045705 0.067959 0.053057
0.044016 0.076389 0.052896
0.045662 0.071556 0.052787
0.048323 0.070572 0.052259
0.038615 0.068890 0.053539
0.045891 0.066761 0.053141
0.040119 0.073036 0.053293
0.047813 0.073641 0.052499
0.041092 0.068998 0.053512
0.046740 0.069567 0.052634
0.040175 0.070987 0.053564
0.042307 0.075196 0.052963
0.045575 0.078246 0.052905
0.036913 0.067948 0.053396
0.043808 0.065116 0.053424
0.042756 0.076106 0.052923
0.043146 0.068690 0.053353
0.038605 0.074732 0.053325
0.048810 0.070405 0.052176
0.047540 0.074732 0.052583
0.043216 0.073820 0.052952
0.044008 0.070455 0.053126
0.037398 0.074634 0.053425
0.040583 0.069115 0.053544
0.039585 0.076324 0.053104
0.045575 0.066589 0.053194
0.043888 0.073387 0.052931
0.038469 0.070577 0.053695
0.035525 0.071007 0.053495
0.045069 0.069651 0.053008
0.039740 0.069702 0.053626
0.044498 0.072803 0.052871
0.047003 0.071367 0.052541
0.041105 0.077204 0.053020
0.040471 0.073556 0.053175
0.038520 0.075844 0.053182
0.043392 0.075165 0.052945
0.046256 0.075092 0.052706
0.049189 0.070547 0.052064
0.035709 0.072817 0.053563
0.040157 0.071577 0.053511
0.045448 0.077544 0.052888
0.039155 0.067107 0.053460
0.040745 0.070624 0.053528
0.044541 0.074335 0.052870
0.044643 0.078594 0.052975
0.041894 0.073252 0.052975
0.041883 0.070684 0.053355
0.045084 0.074742 0.052793
0.042898 0.075056 0.052955
0.036592 0.072510 0.053608
0.039958 0.076858 0.053111
0.047055 0.074610 0.052636
0.036008 0.068568 0.053392
0.038005 0.069350 0.053556
0.043922 0.077720 0.053017
0.041044 0.071492 0.053408
0.044975 0.065795 0.053317
0.045137 0.070792 0.052915
0.043304 0.076926 0.052967
0.041829 0.065609 0.053399
0.037398 0.073782 0.053532
0.042838 0.073186 0.052987
0.040318 0.067989 0.053529
0.037560 0.071586 0.053653
0.041021 0.066029 0.053459
0.037009 0.069930 0.053535
0.045318 0.072173 0.052799
0.039134 0.069267 0.053636
0.037059 0.070292 0.053569
0.045048 0.069351 0.053014
0.043168 0.075513 0.052932
0.046964 0.071000 0.052536
0.046527 0.071768 0.052630
0.039170 0.076202 0.053149
0.039262 0.077045 0.053136
0.042037 0.067834 0.053502
0.045214 0.070025 0.052962
0.038008 0.071946 0.053665
0.048375 0.069564 0.052252
0.042800 0.066493 0.053454
0.039740 0.075403 0.053085
0.041336 0.066386 0.053484
0.047753 0.069468 0.052345
0.042053 0.075960 0.052923
0.037993 0.067570 0.053417
0.040344 0.075866 0.053029
0.042182 0.076629 0.052955
0.041030 0.072722 0.053258
0.043786 0.071269 0.053086
0.041478 0.067122 0.053504
0.046020 0.072744 0.052733
0.043041 0.076484 0.052937
0.043775 0.078867 0.053088
0.042421 0.075666 0.052917
0.038862 0.075391 0.053136
0.040318 0.067989 0.053529
0.043350 0.069297 0.053292
0.043098 0.074606 0.052966
0.046532 0.077795 0.052867
0.041805 0.079185 0.053127
0.043775 0.078867 0.053088
0.037133 0.071379 0.053616
0.041142 0.067827 0.053541
0.042697 0.069557 0.053345
0.047838 0.075341 0.052543
0.046372 0.067200 0.053037
0.040263 0.070230 0.053591
0.041417 0.069085 0.053499
0.037127 0.074462 0.053484
0.038894 0.074247 0.053356
0.041224 0.069744 0.053485
0.043713 0.072261 0.052986
0.043644 0.077553 0.053001
0.039871 0.067142 0.053473
0.044936 0.071357 0.052917
0.046774 0.077962 0.052851
0.035352 0.072978 0.053536
0.042695 0.075766 0.052934
0.043388 0.077754 0.053016
0.044942 0.068027 0.053154
0.046011 0.075580 0.052728
0.043486 0.073160 0.052950
0.039427 0.069820 0.053659
0.039900 0.073761 0.053209
0.047486 0.072223 0.052502
0.047389 0.072969 0.052482
0.040709 0.076572 0.053028
0.040150 0.071929 0.053465
0.043966 0.077917 0.053030
0.043210 0.065254 0.053425
0.048779 0.072315 0.052245
0.042618 0.079612 0.053124
0.047110 0.069126 0.052587
0.036272 0.070694 0.053542
0.045658 0.066203 0.053219
0.048718 0.072078 0.052253
0.041473 0.075437 0.052956
0.045305 0.072574 0.052794
0.038973 0.066636 0.053426
0.045144 0.071579 0.052863
0.036236 0.073424 0.053559
0.038583 0.071290 0.053686
0.044178 0.069219 0.053161
0.043871 0.071576 0.053041
0.040341 0.066036 0.053428
0.042868 0.068876 0.053378
0.038833 0.076215 0.053160
0.038793 0.072657 0.053573
0.042693 0.078404 0.053074
0.036210 0.074441 0.053504
0.035946 0.071113 0.053536
0.041468 0.078557 0.053027
0.041775 0.074844 0.052999
0.041833 0.070348 0.053392
0.047808 0.075092 0.052551
0.048671 0.070939 0.052170
0.042477 0.076666 0.052966
0.035394 0.071395 0.053493
0.039848 0.068797 0.053565
0.037235 0.075332 0.053251
0.038615 0.075134 0.053227
0.044449 0.068699 0.053160
0.046436 0.066267 0.053117
0.039670 0.066849 0.053469
0.047640 0.068115 0.052703
0.037226 0.072810 0.053600
0.047831 0.070035 0.052328
0.044044 0.068222 0.053257
0.048287 0.069900 0.052273
0.042087 0.079372 0.053140
0.042291 0.068014 0.053478
0.044958 0.076926 0.052883
0.043948 0.066256 0.053348
0.040776 0.075448 0.052986
0.036718 0.067357 0.053368
0.039597 0.074842 0.053179
0.046273 0.067582 0.053010
0.041715 0.069623 0.053439
0.043999 0.072547 0.052929
0.045848 0.070043 0.052831
0.037572 0.072674 0.053619
0.035436 0.072189 0.053507
0.044275 0.074481 0.052896
0.045418 0.076008 0.052780
0.044677 0.068184 0.053177
0.045530 0.064981 0.053317
0.037671 0.070359 0.053648
0.044633 0.075971 0.052843
0.039621 0.073169 0.053383
0.045400 0.069605 0.052953
0.043887 0.067551 0.053313
0.043094 0.079372 0.053096
0.043349 0.068200 0.053343
0.040051 0.075906 0.053042
0.048088 0.070102 0.052300
0.047165 0.067766 0.052837
0.045598 0.069143 0.052941
0.037635 0.075229 0.053285
0.040622 0.074734 0.053076
0.039725 0.071191 0.053600
0.044000 0.071847 0.052989
0.037545 0.068857 0.053483
0.044297 0.071570 0.052981
0.046189 0.074673 0.052716
0.044095 0.075830 0.052881
0.040119 0.073036 0.053293
0.045354 0.076650 0.052816
0.043126 0.075204 0.052949
0.046256 0.075092 0.052706
0.043732 0.076511 0.052904
0.038606 0.071952 0.053650
0.048283 0.072700 0.052411
0.044580 0.071808 0.052916
0.039985 0.073270 0.053282
0.038953 0.076494 0.053175
0.042879 0.075403 0.052939
0.039823 0.076107 0.053060
0.044645 0.075684 0.052829
0.042642 0.076423 0.052948
0.040549 0.071953 0.053409
0.041160 0.068031 0.053523
0.048053 0.072916 0.052449
0.039281 0.069893 0.053663
0.037113 0.073877 0.053537
0.042386 0.074025 0.053022
0.042305 0.079604 0.053147
0.035943 0.070901 0.053529
0.045421 0.074527 0.052775
0.038183 0.070784 0.053692
0.047429 0.068985 0.052535
0.039350 0.067303 0.053470
0.047604 0.073875 0.052548
0.041973 0.071854 0.053193
0.045766 0.069716 0.052873
0.039219 0.066378 0.053408
0.041730 0.077288 0.052993
0.036332 0.068477 0.053391
0.047430 0.068644 0.052628
0.044075 0.078729 0.053060
0.044377 0.078856 0.053024
0.045970 0.071492 0.052732
0.042590 0.075081 0.052959
0.042403 0.077199 0.052996
0.040767 0.073827 0.053136
0.037799 0.069909 0.053578
0.046831 0.073856 0.052632
0.043118 0.067564 0.053407
0.038351 0.075140 0.053286
0.044391 0.070621 0.053056
0.041066 0.066186 0.053441
0.043983 0.073783 0.052935
0.042183 0.067235 0.053481
0.041502 0.069837 0.053448
0.036633 0.068325 0.053396
0.048799 0.069719 0.052162
0.038560 0.071655 0.053671
0.048639 0.069981 0.052199
0.037957 0.067041 0.053390
0.038088 0.068597 0.053493
0.041132 0.065803 0.053458
0.044154 0.068798 0.053185
0.040775 0.071357 0.053461
0.043960 0.077469 0.052985
0.047705 0.070273 0.052352
0.046129 0.070968 0.052719
0.045805 0.070940 0.052788
0.041890 0.074520 0.053020
0.038385 0.074664 0.053313
0.045421 0.068104 0.053078
0.049054 0.070200 0.052127
0.047856 0.071874 0.052430
0.041140 0.075800 0.052924
0.046655 0.073717 0.052626
0.043070 0.072752 0.052972
0.041533 0.070523 0.053428
0.046511 0.076674 0.052725
0.046228 0.068667 0.052874
0.037974 0.066686 0.053373
0.044037 0.075184 0.052895
0.044769 0.068523 0.053123
0.039363 0.070580 0.053667
0.045333 0.070380 0.052911
0.048583 0.070449 0.052204
0.039509 0.074535 0.053223
0.042183 0.067235 0.053481
0.047746 0.072900 0.052476
0.040031 0.076255 0.053065
0.046868 0.076823 0.052758
0.040959 0.070870 0.053483
0.041295 0.070330 0.053471
0.039596 0.071894 0.053553
0.040026 0.067911 0.053517
0.036041 0.069054 0.053431
0.039159 0.074139 0.053329
0.041019 0.074360 0.053070
0.041758 0.068608 0.053504
0.045820 0.078429 0.052892
0.038983 0.072922 0.053517
0.044509 0.076588 0.052896
0.039889 0.069001 0.053583
0.046929 0.074903 0.052639
0.046172 0.066278 0.053150
0.041451 0.078855 0.053051
0.046502 0.074559 0.052681
0.045987 0.073065 0.052707
0.037530 0.074653 0.053412
0.042914 0.065716 0.053417
0.039039 0.070611 0.053672
0.042041 0.069477 0.053414
0.041396 0.066167 0.053471
0.046102 0.069802 0.052792
0.046279 0.077317 0.052854
0.043419 0.075571 0.052924
0.037975 0.073582 0.053517
0.041765 0.068951 0.053483
0.045034 0.066511 0.053261
0.045514 0.077033 0.052853
0.039367 0.075382 0.053133
0.040862 0.072181 0.053336
0.039092 0.071156 0.053658
0.043146 0.068690 0.053353
0.038547 0.070305 0.053678
0.035915 0.072998 0.053580
0.046375 0.073479 0.052694
0.046248 0.070025 0.052735
0.038811 0.073321 0.053486
0.043069 0.079722 0.053072
0.044878 0.074473 0.052829
0.045640 0.077653 0.052886
0.047167 0.067285 0.052902
0.038241 0.074842 0.053335
0.041615 0.066483 0.053492
0.035372 0.072642 0.053517
0.039000 0.075926 0.053168
0.040569 0.077590 0.053052
0.039589 0.077051 0.053129
0.044555 0.073240 0.052839
0.039781 0.067997 0.053534
0.047103 0.073689 0.052611
0.044520 0.070067 0.053076
0.043114 0.078880 0.053089
0.046543 0.072868 0.052665
0.040135 0.066941 0.053423
0.047880 0.068912 0.052442
0.040591 0.067920 0.053553
0.039805 0.077210 0.053118
0.046608 0.074902 0.052664
0.041050 0.074083 0.053088
0.048544 0.073295 0.052381
0.041691 0.074071 0.053066
0.045011 0.070495 0.052963
0.040970 0.068592 0.053544
0.039280 0.075012 0.053203
0.047978 0.070732 0.052338
0.047489 0.076521 0.052657
0.039817 0.072142 0.053493
0.040157 0.071577 0.053511
0.041533 0.070523 0.053428
0.043071 0.072393 0.053000
0.048282 0.070402 0.052258
0.045521 0.076810 0.052830
0.044223 0.070319 0.053104
0.043736 0.068320 0.053283
0.042575 0.078989 0.053108
0.047855 0.074562 0.052544
0.045091 0.073570 0.052808
0.044731 0.069599 0.053062
0.045617 0.070189 0.052872
0.042571 0.075465 0.052942
0.043979 0.076916 0.052938
0.046489 0.075345 0.052671
0.041507 0.076385 0.052929
0.035263 0.073354 0.053552
0.046299 0.072813 0.052701
0.038151 0.074481 0.053388
0.039134 0.069267 0.053636
0.044275 0.074078 0.052903
0.046002 0.077238 0.052855
0.046682 0.076518 0.052715
0.038286 0.070309 0.053680
0.048634 0.071241 0.052191
0.043416 0.070659 0.053178
0.043437 0.074760 0.052955
0.045766 0.069716 0.052873
0.039119 0.075370 0.053166
0.041872 0.065846 0.053424
0.042233 0.066391 0.053470
0.040539 0.076038 0.053015
0.048615 0.071524 0.052214
0.045556 0.072447 0.052775
0.045084 0.074742 0.052793
0.037439 0.072381 0.053639
0.039330 0.076547 0.053143
0.039763 0.074346 0.053189
0.035946 0.069665 0.053474
0.037439 0.072381 0.053639
0.038296 0.067624 0.053434
0.039363 0.070580 0.053667
0.036951 0.074048 0.053533
0.042121 0.070165 0.053361
0.042297 0.076367 0.052944
0.046531 0.074073 0.052666
0.041563 0.074549 0.053025
0.045242 0.065620 0.053290
0.039731 0.070070 0.053645
0.047555 0.073162 0.052507
0.047553 0.071384 0.052463
0.045215 0.072865 0.052788
0.042007 0.078699 0.053094
0.041404 0.073366 0.053176
0.047390 0.068328 0.052703
0.035860 0.068798 0.053406
0.041354 0.076991 0.052983
0.038890 0.075642 0.053164
0.037749 0.071868 0.053648
0.041504 0.077894 0.052999
0.045965 0.077662 0.052885
0.038187 0.073342 0.053549
0.048290 0.073952 0.052478
0.038808 0.070468 0.053690
0.039367 0.075382 0.053133
0.038644 0.074083 0.053400
0.043334 0.066691 0.053408
0.046942 0.067596 0.052893
0.039636 0.068630 0.053546
0.044478 0.069024 0.053126
0.039958 0.076858 0.053111
0.039919 0.071778 0.053520
0.038555 0.066700 0.053412
0.039556 0.075862 0.053081
0.047455 0.070796 0.052431
0.046290 0.073166 0.052700
0.047423 0.075105 0.052588
0.041078 0.066686 0.053473
0.036339 0.073769 0.053552
0.040860 0.066638 0.053490
0.038915 0.074003 0.053388
0.037224 0.072233 0.053622
0.041836 0.066220 0.053464
0.037061 0.069166 0.053485
0.046048 0.070630 0.052746
0.041325 0.077272 0.053005
0.046463 0.073765 0.052667
0.048145 0.071578 0.052332
0.046482 0.072619 0.052672
0.042917 0.070179 0.053270
0.043038 0.068343 0.053379
0.047467 0.069939 0.052394
0.041681 0.076924 0.052976
0.039099 0.070306 0.053689
0.045607 0.066916 0.053162
0.036962 0.073314 0.053555
0.044419 0.069406 0.053120
0.037425 0.068123 0.053427
0.044656 0.072172 0.052861
0.040471 0.074007 0.053127
0.038227 0.073880 0.053465
0.040570 0.069529 0.053555
0.037659 0.067661 0.053414
0.043071 0.072393 0.053000
0.039732 0.066215 0.053415
0.048914 0.070120 0.052151
0.037949 0.074777 0.053355
0.043738 0.076275 0.052906
0.037703 0.069169 0.053511
0.036819 0.073544 0.053542
0.043305 0.067854 0.053368
0.037527 0.072045 0.053649
0.047520 0.075454 0.052572
0.036043 0.072670 0.053582
0.038750 0.069861 0.053675
0.038442 0.073947 0.053407
0.046132 0.076546 0.052766
0.042082 0.066692 0.053485
0.046419 0.075987 0.052698
0.044806 0.074819 0.052818
0.044719 0.069257 0.053078
0.048446 0.072116 0.052337
0.047997 0.073927 0.052501
0.037458 0.074902 0.053366
0.039501 0.070965 0.053638
0.043146 0.077977 0.053038
0.045298 0.071052 0.052875
0.048459 0.069172 0.052316
0.048337 0.071015 0.052251
0.040782 0.066233 0.053468
0.040489 0.070436 0.053566
0.044488 0.076288 0.052876
0.036923 0.067181 0.053374
0.041507 0.076385 0.052929
0.042115 0.071262 0.053243
0.048090 0.074770 0.052507
0.039266 0.072788 0.053496
0.035202 0.072021 0.053476
0.046773 0.074350 0.052659
0.038890 0.075642 0.053164
0.047261 0.075547 0.052592
0.041774 0.077782 0.053002
0.041993 0.075591 0.052944
0.046415 0.078060 0.052878
0.041698 0.067191 0.053485
0.043422 0.076268 0.052917
0.039325 0.073921 0.053306
0.042951 0.077844 0.053008
0.037430 0.070701 0.053641
0.046048 0.070630 0.052746
0.045436 0.067361 0.053145
0.044572 0.067893 0.053218
0.036143 0.068801 0.053414
0.040705 0.068481 0.053541
0.041805 0.079185 0.053127
0.039921 0.068216 0.053524
0.044391 0.070621 0.053056
0.037484 0.069397 0.053521
0.045307 0.065986 0.053273
0.040088 0.067627 0.053473
0.044025 0.065881 0.053381
0.039408 0.067505 0.053481
0.045632 0.074896 0.052762
0.044247 0.072319 0.052903
0.040399 0.067069 0.053435
0.038636 0.068534 0.053510
0.042958 0.075713 0.052931
0.043334 0.070362 0.053213
0.048231 0.073106 0.052427
0.041083 0.072077 0.053315
0.048095 0.074290 0.052508
0.039954 0.066439 0.053445
0.044423 0.070953 0.053024
0.049088 0.070959 0.052089
0.046511 0.076674 0.052725
0.048810 0.070405 0.052176
0.046152 0.073836 0.052710
0.036553 0.068832 0.053431
0.047762 0.074201 0.052547
0.039641 0.068406 0.053508
0.035525 0.071607 0.053501
0.038214 0.075336 0.053259
0.040029 0.072249 0.053445
0.044364 0.072743 0.052885
0.045550 0.065518 0.053271
0.043389 0.066240 0.053413
0.046035 0.069519 0.052832
0.042514 0.065949 0.053435
0.042731 0.069888 0.053313
0.042328 0.065691 0.053411
0.040844 0.069321 0.053523
0.045293 0.074088 0.052800
0.047047 0.077522 0.052783
0.046652 0.067739 0.052923
0.041820 0.066915 0.053498
0.044244 0.077234 0.052964
0.044855 0.069881 0.053034
0.048323 0.070572 0.052259
0.035919 0.074155 0.053537
0.037105 0.068249 0.053419
0.047703 0.068720 0.052547
0.039141 0.071424 0.053641
0.044644 0.076980 0.052924
0.046726 0.072861 0.052615
0.035839 0.072413 0.053566
0.043035 0.077143 0.052986
0.038645 0.076206 0.053187
0.042889 0.071182 0.053183
0.045699 0.077057 0.052847
0.045231 0.068872 0.053021
0.045233 0.068508 0.053053
0.038086 0.070582 0.053682
0.041544 0.077558 0.053005
0.043984 0.065452 0.053406
0.043813 0.068673 0.053256
0.036913 0.074316 0.053519
0.040558 0.066300 0.053458
0.037264 0.068606 0.053445
0.043334 0.070362 0.053213
0.037819 0.074568 0.053405
0.045158 0.064827 0.053362
0.039053 0.068573 0.053531
0.043612 0.066441 0.053366
0.047669 0.071078 0.052430
0.044413 0.072415 0.052878
0.044534 0.078248 0.052986
0.038424 0.075434 0.053227
0.042970 0.073612 0.052978
0.040005 0.070168 0.053595
0.037329 0.073234 0.053545
0.041616 0.067483 0.053516
0.043008 0.066834 0.053440
0.038276 0.067277 0.053418
0.045640 0.077653 0.052886
0.043773 0.079148 0.053072
0.039553 0.075621 0.053078
0.044071 0.070765 0.053088
0.046644 0.077073 0.052806
0.039545 0.072627 0.053475
0.040976 0.077459 0.053028
0.043437 0.074760 0.052955
0.045556 0.072447 0.052775
0.042600 0.066363 0.053458
0.041938 0.078949 0.053119
0.045683 0.076125 0.052765
0.042775 0.074107 0.053000
0.048058 0.070501 0.052285
0.046576 0.067448 0.052976
0.037749 0.071868 0.053648
0.038424 0.076397 0.053216
0.035868 0.071578 0.053533
0.043840 0.069405 0.053217
0.046214 0.068991 0.052835
0.047540 0.070128 0.052381
0.041153 0.066906 0.053495
0.044534 0.078248 0.052986
0.045472 0.065285 0.053294
0.035948 0.073372 0.053576
0.044737 0.067363 0.053228
0.038583 0.071290 0.053686
0.044127 0.068537 0.053221
0.040353 0.066724 0.053446
0.044018 0.074543 0.052920
0.047383 0.071848 0.052498
0.043854 0.069808 0.053198
0.041852 0.069934 0.053406
0.044622 0.073111 0.052853
0.036663 0.069133 0.053455
0.037068 0.066983 0.053364
0.044014 0.072158 0.052950
0.037588 0.070556 0.053639
0.041656 0.073598 0.053127
0.038193 0.071585 0.053685
0.041833 0.070348 0.053392
0.044825 0.078025 0.052955
0.036008 0.068568 0.053392
0.037976 0.068337 0.053469
0.042291 0.073643 0.053050
0.044572 0.075020 0.052842
0.044870 0.070236 0.053006
0.044272 0.066472 0.053308
0.048128 0.072074 0.052392
0.040161 0.072668 0.053348
0.038361 0.068555 0.053515
0.044516 0.064920 0.053410
0.046407 0.069560 0.052731
0.042068 0.077833 0.053011
0.036840 0.071903 0.053617
0.036173 0.067995 0.053370
0.044208 0.065053 0.053412
0.040558 0.072559 0.053315
0.043612 0.066441 0.053366
0.042515 0.078662 0.053085
0.046301 0.069289 0.052784
0.041351 0.066654 0.053493
0.047268 0.071577 0.052513
0.046531 0.074073 0.052666
0.045614 0.070888 0.052831
0.035639 0.069845 0.053491
0.041678 0.075199 0.052970
0.039458 0.075910 0.053097
0.044516 0.064920 0.053410
0.045705 0.067959 0.053057
0.038855 0.067307 0.053451
0.046738 0.068581 0.052767
0.039897 0.067375 0.053476
0.042326 0.065414 0.053384
0.045002 0.065375 0.053332
0.044353 0.073328 0.052877
0.047718 0.070520 0.052365
0.044724 0.077388 0.052944
0.042590 0.075081 0.052959
0.037847 0.068850 0.053495
0.047974 0.069728 0.052310
0.048583 0.070449 0.052204
0.043921 0.070129 0.053164
0.037766 0.070719 0.053669
0.040487 0.067585 0.053500
0.043448 0.079581 0.053041
0.040545 0.073216 0.053219
0.039823 0.075083 0.053120
0.041896 0.077484 0.052997
0.044808 0.071009 0.052961
0.047799 0.073792 0.052509
0.043910 0.069000 0.053222
0.038817 0.073702 0.053440
0.046290 0.073166 0.052700
0.037226 0.072810 0.053600
0.046271 0.074015 0.052671
0.042453 0.070323 0.053300
0.042958 0.075713 0.052931
0.040074 0.077664 0.053105
0.039578 0.067781 0.053520
0.042588 0.078169 0.053062
0.042781 0.068529 0.053406
0.040652 0.071044 0.053508
0.047285 0.077319 0.052726
0.036618 0.071232 0.053585
0.040618 0.076289 0.053018
0.040640 0.075760 0.052996
0.039395 0.073339 0.053395
0.037364 0.069033 0.053492
0.037920 0.072646 0.053626
0.044712 0.065572 0.053356
0.047386 0.073378 0.052521
0.048528 0.072495 0.052353
0.045921 0.076367 0.052757
0.039280 0.075012 0.053203
0.047254 0.077725 0.052791
0.039980 0.072515 0.053416
0.047259 0.070584 0.052458
0.044843 0.073405 0.052837
0.037148 0.071958 0.053632
0.043746 0.070876 0.053128
0.045085 0.074017 0.052815
0.045602 0.065868 0.053243
0.041354 0.076991 0.052983
0.043008 0.066834 0.053440
0.046299 0.072813 0.052701
0.046807 0.069897 0.052578
0.042046 0.068822 0.053468
0.046886 0.070638 0.052537
0.044488 0.076288 0.052876
0.044008 0.070455 0.053126
0.037920 0.069007 0.053508
0.039116 0.069637 0.053663
0.047486 0.072223 0.052502
0.040410 0.072910 0.053275
0.044643 0.078594 0.052975
0.040888 0.073196 0.053219
0.042676 0.073777 0.053012
0.038645 0.076206 0.053187
0.044308 0.066822 0.053283
0.044020 0.078972 0.053038
0.043914 0.066648 0.053331
0.042293 0.067563 0.053474
0.042351 0.072296 0.053079
0.039544 0.067257 0.053481
0.043384 0.074405 0.052967
0.036553 0.068832 0.053431
0.040918 0.075863 0.052954
0.038259 0.069342 0.053580
0.044878 0.074473 0.052829
0.043168 0.075513 0.052932
0.045427 0.078466 0.052901
0.037263 0.072565 0.053622
0.042435 0.067326 0.053464
0.038086 0.070582 0.053682
0.038769 0.076462 0.053166
0.039536 0.066343 0.053399
0.046771 0.069044 0.052680
0.042490 0.071929 0.053097
0.040353 0.075168 0.053068
0.036041 0.069054 0.053431
0.039913 0.070933 0.053593
0.041396 0.072308 0.053256
0.036366 0.072749 0.053587
0.039715 0.076714 0.053119
0.041239 0.074085 0.053083
0.043313 0.072644 0.052956
0.034674 0.072831 0.053530
0.046480 0.069841 0.052684
0.044404 0.068363 0.053197
0.036492 0.067590 0.053365
0.039897 0.067375 0.053476
0.044263 0.076443 0.052873
0.037681 0.068009 0.053435
0.044749 0.072582 0.052845
0.042861 0.078761 0.053079
0.046203 0.071287 0.052688
0.038371 0.069994 0.053659
0.042127 0.071505 0.053217
0.043445 0.078061 0.053038
0.043137 0.074854 0.052962
0.042890 0.079140 0.053108
0.037754 0.071374 0.053662
0.046329 0.072051 0.052673
0.047223 0.076273 0.052661
0.040444 0.070784 0.053554
0.040548 0.069811 0.053552
0.046960 0.069641 0.052564
0.041829 0.075903 0.052924
0.048237 0.072431 0.052402
0.043840 0.069405 0.053217
0.041813 0.076200 0.052906
0.037263 0.072565 0.053622
0.046964 0.071000 0.052536
0.035493 0.070254 0.053492
0.043666 0.079349 0.053037
0.043115 0.074030 0.052974
0.042540 0.074557 0.052982
0.047179 0.075053 0.052616
0.036456 0.073556 0.053534
0.040830 0.069860 0.053535
0.046204 0.071672 0.052683
0.042432 0.079246 0.053118
0.039061 0.071993 0.053562
0.045111 0.073331 0.052784
0.038424 0.076397 0.053216
0.042464 0.066206 0.053455
0.037356 0.067012 0.053376
0.046079 0.072207 0.052712
0.036230 0.069612 0.053475
0.047008 0.075551 0.052626
0.038058 0.071278 0.053690
0.037659 0.067661 0.053414
0.047508 0.070470 0.052400
0.041404 0.073366 0.053176
0.046517 0.070968 0.052631
0.035187 0.071758 0.053478
0.038968 0.075133 0.053205
0.045646 0.076502 0.052796
0.047438 0.070312 0.052407
0.040774 0.074605 0.053070
0.042192 0.072078 0.053133
0.036811 0.069387 0.053480
0.042758 0.072812 0.052990
0.040840 0.068959 0.053523
0.047518 0.075708 0.052584
0.044364 0.066093 0.053341
0.041950 0.078376 0.053057
0.044450 0.077121 0.052948
0.045526 0.067681 0.053105
0.045683 0.076125 0.052765
0.046614 0.073186 0.052655
0.045765 0.073061 0.052623
0.040052 0.075594 0.053045
0.039166 0.070852 0.053672
0.039905 0.073173 0.053315
0.038483 0.070918 0.053695
0.034525 0.073024 0.053574
0.047487 0.069531 0.052403
0.043235 0.078788 0.053072
0.043404 0.076565 0.052933
0.044825 0.078025 0.052955
0.044200 0.069963 0.053134
0.043445 0.078061 0.053038
0.039432 0.068069 0.053515
0.045319 0.067060 0.053184
0.040358 0.077354 0.053088
0.041584 0.074864 0.052996
0.041674 0.075839 0.052925
0.041468 0.078557 0.053027
0.037588 0.070556 0.053639
0.039096 0.074460 0.053303
0.038644 0.074083 0.053400
0.045069 0.078540 0.052933
0.041982 0.074142 0.053040
0.041544 0.077558 0.053005
0.041142 0.067827 0.053541
0.037096 0.069494 0.053512
0.045034 0.067224 0.053203
0.040399 0.067069 0.053435
0.048229 0.069359 0.052292
0.043717 0.065637 0.053409
0.041240 0.069992 0.053479
0.042472 0.068668 0.053440
0.042725 0.077531 0.052991
0.044065 0.065169 0.053394
0.045427 0.078466 0.052901
0.043619 0.070264 0.053191
0.046562 0.066752 0.053058
0.037644 0.073986 0.053498
0.036951 0.073655 0.053545
0.045331 0.078158 0.052911
0.043259 0.077362 0.052989
0.045209 0.074371 0.052801
0.040959 0.069574 0.053520
0.042989 0.078495 0.053074
0.037924 0.071548 0.053677
0.046465 0.071476 0.052639
0.036417 0.073278 0.053549
0.040736 0.067323 0.053472
0.048287 0.069900 0.052273
0.037250 0.071659 0.053635
0.047252 0.072548 0.052557
0.041730 0.077288 0.052993
0.043460 0.068537 0.053312
0.044478 0.069024 0.053126
0.046233 0.068200 0.052941
0.037972 0.070365 0.053672
0.036639 0.069973 0.053502
0.038855 0.067307 0.053451
0.046618 0.077339 0.052824
0.044008 0.070455 0.053126
0.043443 0.067419 0.053369
0.039995 0.077311 0.053105
0.038643 0.066896 0.053427
0.048842 0.072050 0.052201
0.041907 0.071050 0.053299
0.041883 0.071615 0.053234
0.048164 0.071223 0.052333
0.041017 0.076852 0.053010
0.038296 0.067624 0.053434
0.043414 0.071311 0.053121
0.036189 0.072134 0.053590
0.044065 0.067393 0.053300
0.039427 0.069820 0.053659
0.040706 0.072799 0.053267
0.046021 0.074360 0.052733
0.044683 0.066315 0.053302
0.038328 0.071359 0.053684
0.040472 0.071427 0.053488
0.039609 0.066493 0.053431
0.047818 0.075579 0.052539
0.035919 0.074155 0.053537
0.043576 0.067700 0.053337
0.036594 0.071598 0.053589
0.040506 0.074391 0.053101
0.038035 0.073760 0.053474
0.044999 0.073123 0.052814
0.043871 0.071576 0.053041
0.039099 0.073476 0.053430
0.047130 0.068107 0.052782
0.042291 0.073643 0.053050
0.040394 0.075509 0.053038
0.046230 0.075819 0.052709
0.046397 0.076625 0.052749
0.046728 0.075206 0.052651
0.042798 0.066062 0.053443
0.044498 0.072803 0.052871
0.042766 0.070579 0.053243
0.043242 0.070059 0.053249
0.043746 0.070876 0.053128
0.044465 0.077504 0.052968
0.037263 0.067690 0.053392
0.037767 0.069636 0.053566
0.044783 0.077754 0.052951
0.042890 0.069799 0.053300
0.045146 0.067525 0.053166
0.036160 0.073104 0.053574
0.036966 0.068814 0.053449
0.049199 0.070207 0.052077
0.037991 0.074027 0.053469
0.045778 0.073739 0.052726
0.042281 0.075030 0.052962
0.038447 0.073169 0.053545
0.046333 0.070726 0.052657
0.042394 0.069983 0.053341
0.047128 0.068834 0.052644
0.041183 0.068790 0.053527
0.040569 0.077590 0.053052
0.040162 0.068184 0.053524
0.045883 0.076710 0.052803
0.039361 0.068425 0.053531
0.041858 0.067601 0.053501
0.044878 0.074473 0.052829
0.046976 0.075172 0.052613
0.043083 0.076198 0.052931
0.043314 0.073585 0.052963
0.046333 0.070726 0.052657
0.046043 0.073451 0.052724
0.040545 0.073216 0.053219
0.041072 0.067140 0.053476
0.042443 0.069743 0.053359
0.044086 0.072881 0.052911
0.040349 0.071179 0.053530
0.046137 0.078015 0.052886
0.042787 0.074703 0.052971
0.038246 0.074197 0.053419
0.037090 0.074780 0.053414
0.042680 0.070173 0.053294
0.047130 0.073934 0.052618
0.047364 0.067520 0.052841
0.039297 0.073660 0.053361
0.040545 0.073216 0.053219
0.044890 0.065077 0.053364
0.043526 0.071581 0.053075
0.040775 0.077862 0.053025
0.048018 0.071021 0.052358
0.041938 0.078949 0.053119
0.046894 0.076388 0.052677
0.043724 0.070524 0.053157
0.045069 0.069651 0.053008
0.045937 0.071813 0.052735
0.040410 0.068650 0.053535
0.042397 0.075949 0.052927
0.048509 0.070708 0.052212
0.038192 0.068120 0.053467
0.040599 0.077951 0.053040
0.045652 0.075352 0.052756
0.048508 0.072877 0.052361
0.041597 0.071769 0.053274
0.043893 0.076125 0.052902
0.042540 0.074557 0.052982
0.036221 0.069971 0.053492
0.038114 0.075566 0.053236
0.047028 0.067063 0.052953
0.037630 0.068602 0.053455
0.041544 0.077558 0.053005
0.046599 0.068073 0.052883
0.047822 0.074844 0.052534
0.039202 0.067698 0.053485
0.041265 0.076008 0.052921
0.044307 0.078466 0.053014
0.035766 0.069129 0.053439
0.041895 0.066505 0.053489
0.045443 0.073832 0.052748
0.040858 0.072438 0.053300
0.041296 0.078189 0.052978
0.039040 0.072190 0.053575
0.042066 0.068505 0.053489
0.035114 0.071479 0.053484
0.043021 0.069462 0.053321
0.047320 0.073995 0.052599
0.039410 0.069356 0.053636
0.045318 0.072173 0.052799
0.047750 0.070824 0.052392
0.041473 0.075437 0.052956
0.042675 0.069245 0.053369
0.044377 0.078856 0.053024
0.045215 0.072865 0.052788
0.038760 0.069011 0.053582
0.042342 0.074784 0.052987
0.043909 0.075658 0.052874
0.039366 0.070074 0.053675
0.041156 0.071741 0.053355
0.042191 0.077432 0.052985
0.044588 0.073477 0.052859
0.038968 0.075133 0.053205
0.040985 0.077913 0.053008
0.043464 0.070964 0.053152
0.043952 0.074185 0.052934
0.046582 0.070769 0.052605
0.037396 0.068371 0.053437
0.045472 0.077848 0.052904
0.047721 0.068385 0.052628
0.046793 0.068265 0.052812
0.039520 0.073704 0.053304
0.040554 0.075303 0.053042
0.041246 0.077705 0.053006
0.042976 0.067981 0.053398
0.040189 0.077028 0.053102
0.041056 0.071163 0.053442
0.040541 0.070124 0.053563
0.039256 0.072434 0.053537
0.037549 0.073417 0.053557
0.048164 0.071223 0.052333
0.046543 0.072868 0.052665
0.034939 0.072389 0.053499
0.040264 0.070482 0.053571
0.048195 0.070782 0.052297
0.043775 0.078867 0.053088
0.046742 0.070312 0.052562
0.045942 0.069195 0.052878
0.039029 0.067413 0.053454
0.041618 0.065794 0.053433
0.047508 0.070470 0.052400
0.043215 0.069615 0.053278
0.040263 0.069658 0.053588
0.039297 0.074699 0.053244
0.038793 0.067677 0.053457
0.047188 0.075769 0.052620
0.036231 0.071668 0.053575
0.038447 0.073169 0.053545
0.045733 0.070506 0.052827
0.038540 0.074405 0.053366
0.044020 0.078972 0.053038
0.041434 0.071519 0.053337
0.045556 0.072447 0.052775
0.045777 0.078032 0.052898
0.047555 0.073162 0.052507
0.040970 0.068592 0.053544
0.047440 0.076012 0.052612
0.036633 0.073875 0.053539
0.037560 0.071586 0.053653
0.044415 0.065727 0.053370
0.045812 0.068284 0.053005
0.040154 0.073374 0.053243
0.047179 0.075053 0.052616
0.047057 0.068482 0.052730
0.041912 0.067332 0.053499
0.042798 0.079891 0.053103
0.040011 0.069146 0.053576
0.038918 0.071914 0.053617
0.044736 0.070667 0.052997
0.038005 0.069350 0.053556
0.037059 0.070292 0.053569
0.043030 0.067210 0.053430
0.047351 0.069666 0.052415
0.042525 0.068991 0.053412
0.044179 0.074874 0.052891
0.036849 0.071036 0.053594
0.041697 0.072073 0.053226
0.035535 0.072519 0.053537
0.039262 0.072029 0.053572
0.042252 0.074430 0.053014
0.037484 0.071163 0.053655
0.040558 0.072559 0.053315
0.042626 0.067049 0.053465
0.037061 0.069166 0.053485
0.036961 0.075118 0.053315
0.048257 0.074541 0.052487
0.041810 0.078538 0.053064
0.048661 0.073057 0.052312
0.045370 0.071826 0.052816
0.036324 0.070206 0.053513
0.038393 0.067958 0.053449
0.047045 0.071874 0.052557
0.037588 0.070556 0.053639
0.043334 0.072084 0.053036
0.038589 0.067509 0.053436
0.042190 0.078796 0.053101
0.041506 0.069427 0.053475
0.044089 0.071120 0.053059
0.045976 0.067756 0.053039
0.045472 0.065285 0.053294
0.039769 0.072469 0.053459
0.038231 0.066736 0.053394
0.045968 0.075225 0.052734
0.047130 0.069873 0.052483
0.045877 0.065733 0.053225
0.046543 0.072868 0.052665
0.040266 0.077796 0.053080
0.038995 0.072551 0.053556
0.036268 0.072442 0.053599
0.039957 0.077533 0.053116
0.039388 0.066736 0.053446
0.046834 0.068795 0.052709
0.043198 0.065916 0.053429
0.042039 0.077123 0.052995
0.044264 0.073683 0.052906
0.042432 0.079246 0.053118
0.039428 0.067027 0.053470
0.037355 0.070226 0.053609
0.047909 0.071322 0.052395
0.042192 0.072078 0.053133
0.042244 0.077624 0.052959
0.047909 0.071322 0.052395
0.043581 0.073491 0.052949
0.045290 0.073123 0.052785
0.041377 0.068493 0.053539
0.040794 0.077175 0.053045
0.047954 0.069312 0.052329
0.044600 0.065261 0.053384
0.042375 0.069393 0.053387
0.041223 0.078591 0.053039
0.042571 0.075465 0.052942
0.040877 0.066433 0.053466
0.042775 0.074107 0.053000
0.036686 0.070526 0.053551
0.041208 0.076500 0.052961
0.046412 0.077545 0.052862
0.046599 0.068073 0.052883
0.044850 0.076645 0.052866
0.042297 0.076935 0.052988
0.041513 0.066809 0.053474
0.037572 0.072674 0.053619
0.043100 0.066355 0.053437
0.045022 0.077220 0.052903
0.038424 0.076397 0.053216
0.047188 0.075769 0.052620
0.039636 0.068630 0.053546
0.039448 0.076910 0.053137
0.042648 0.076936 0.052983
0.046665 0.069325 0.052678
0.044404 0.068363 0.053197
0.046107 0.067354 0.053057
0.044601 0.074676 0.052850
0.042663 0.071547 0.053152
0.038808 0.074467 0.053339
0.036840 0.071903 0.053617
0.040294 0.067324 0.053439
0.045021 0.066175 0.053292
0.045340 0.077305 0.052884
0.039407 0.074234 0.053271
0.045613 0.074170 0.052773
0.041321 0.071027 0.053418
0.043069 0.079722 0.053072
0.045255 0.076932 0.052858
0.042973 0.072066 0.053050
0.040795 0.068250 0.053560
0.046485 0.070541 0.052620
0.040775 0.071357 0.053461
0.044229 0.067736 0.053267
0.044698 0.075417 0.052834
0.035210 0.071084 0.053489
0.042293 0.067563 0.053474
0.038087 0.073047 0.053584
0.039786 0.073508 0.053279
0.047946 0.072594 0.052457
0.039974 0.066700 0.053454
0.046265 0.077783 0.052886
0.043054 0.071459 0.053139
0.045598 0.073581 0.052631
0.046326 0.070371 0.052676
0.045450 0.075187 0.052765
0.037484 0.069397 0.053521
0.044856 0.073797 0.052845
0.046895 0.073200 0.052573
0.037941 0.070092 0.053636
0.036836 0.067674 0.053385
0.043414 0.071311 0.053121
0.046373 0.069076 0.052780
0.044213 0.078120 0.053023
0.037630 0.069990 0.053599
0.047486 0.072223 0.052502
0.043726 0.067241 0.053343
0.047285 0.077319 0.052726
0.045719 0.074509 0.052764
0.043642 0.076793 0.052950
0.039375 0.069056 0.053612
0.046037 0.068085 0.052994
0.039721 0.070619 0.053625
0.048770 0.071844 0.052205
0.042676 0.073777 0.053012
0.040782 0.066233 0.053468
0.044746 0.076260 0.052851
0.041907 0.071050 0.053299
0.046576 0.067448 0.052976
0.045556 0.072447 0.052775
0.040959 0.070870 0.053483
0.043710 0.078012 0.053039
0.046603 0.072339 0.052646
0.035738 0.073764 0.053562
0.047088 0.070818 0.052506
0.045017 0.066873 0.053231
0.040853 0.071833 0.053386
0.046182 0.071476 0.052655
0.047245 0.077221 0.052732
0.040571 0.067219 0.053462
0.048113 0.073336 0.052453
0.048058 0.070501 0.052285
0.047502 0.076831 0.052682
0.041409 0.069725 0.053462
0.044694 0.065959 0.053332
0.043525 0.069949 0.053219
0.042559 0.067638 0.053452
0.040038 0.069601 0.053592
0.040089 0.073521 0.053218
0.038019 0.072756 0.053602
0.041687 0.068254 0.053521
0.042295 0.078452 0.053073
0.046817 0.072648 0.052622
0.041325 0.077272 0.053005
0.042161 0.066058 0.053437
0.040779 0.074197 0.053103
0.040692 0.073576 0.053167
0.037024 0.072964 0.053575
0.035594 0.069596 0.053479
0.047299 0.074805 0.052611
0.041981 0.068147 0.053502
0.045387 0.075514 0.052761
0.040858 0.072438 0.053300
0.037218 0.073439 0.053554
0.044835 0.078348 0.052962
0.045313 0.074910 0.052772
0.041281 0.071319 0.053392
0.041932 0.076359 0.052924
0.040540 0.078174 0.053051
0.047268 0.071577 0.052513
0.035868 0.071578 0.053533
0.040591 0.067920 0.053553
0.038525 0.068278 0.053495
0.038208 0.071076 0.053692
0.045385 0.073483 0.052749
0.043665 0.074291 0.052954
0.037545 0.068857 0.053483
0.038935 0.066939 0.053439
0.044272 0.066472 0.053308
0.044377 0.078856 0.053024
0.040157 0.068929 0.053547
0.039869 0.067483 0.053480
0.047620 0.072694 0.052452
0.036767 0.074938 0.053391
0.039141 0.071424 0.053641
0.037623 0.067135 0.053386
0.047123 0.072922 0.052569
0.035074 0.072791 0.053520
0.045337 0.066346 0.053246
0.043054 0.071459 0.053139
0.038584 0.073407 0.053500
0.043535 0.069373 0.053263
0.038244 0.075810 0.053211
0.045536 0.071177 0.052826
0.039740 0.069282 0.053607
0.048053 0.072916 0.052449
0.047280 0.073181 0.052543
0.039702 0.073368 0.053330
0.041807 0.069234 0.053456
0.040330 0.069271 0.053569
0.040753 0.067045 0.053486
0.040150 0.071929 0.053465
0.047600 0.071744 0.052465
0.038313 0.072565 0.053622
0.042525 0.068991 0.053412
0.040840 0.068959 0.053523
0.042183 0.070523 0.053323
0.047832 0.070240 0.052331
0.046539 0.075695 0.052676
0.043657 0.068033 0.053312
0.037677 0.068353 0.053450
0.036553 0.068832 0.053431
0.042488 0.073029 0.053029
0.039725 0.071191 0.053600
0.042121 0.070165 0.053361
0.040038 0.069601 0.053592
0.043629 0.066856 0.053366
0.046781 0.074647 0.052653
0.044702 0.068892 0.053105
0.045076 0.068272 0.053104
0.040834 0.077268 0.053035
0.047177 0.072148 0.052546
0.044539 0.073866 0.052882
0.037401 0.067866 0.053411
0.043550 0.078669 0.053100
0.039642 0.073995 0.053241
0.039105 0.067960 0.053480
0.038894 0.074247 0.053356
0.037623 0.067135 0.053386
0.045997 0.067070 0.053100
0.044119 0.069628 0.053164
0.046655 0.073717 0.052626
0.039641 0.068406 0.053508
0.046111 0.076889 0.052812
0.039593 0.068907 0.053573
0.046781 0.075871 0.052661
0.044729 0.066654 0.053265
0.042450 0.077886 0.053020
0.036796 0.073078 0.053553
0.039806 0.067723 0.053513
0.040918 0.075863 0.052954
0.040554 0.076962 0.053066
0.040986 0.078248 0.052984
0.040730 0.071622 0.053433
0.042890 0.079140 0.053108
0.035263 0.073354 0.053552
0.038612 0.067122 0.053429
0.046274 0.066893 0.053082
0.044518 0.071156 0.052994
0.041746 0.078081 0.053021
0.037738 0.074888 0.053353
0.039040 0.072190 0.053575
0.042481 0.070783 0.053257
0.046189 0.074673 0.052716
0.044356 0.075568 0.052862
0.040826 0.066795 0.053485
0.047654 0.073460 0.052515
0.041377 0.072669 0.053235
0.045875 0.072422 0.052747
0.043269 0.071753 0.053083
0.035824 0.072048 0.053552
0.038463 0.076011 0.053171
0.038033 0.075147 0.053293
0.036516 0.070928 0.053567
0.038988 0.074764 0.053279
0.036713 0.074657 0.053472
0.043098 0.074606 0.052966
0.040017 0.074139 0.053160
0.044137 0.079151 0.053053
0.041833 0.070348 0.053392
0.042481 0.070783 0.053257
0.041270 0.067357 0.053519
0.043246 0.076702 0.052929
0.044196 0.076651 0.052906
0.040349 0.071179 0.053530
0.047701 0.076051 0.052593
0.046395 0.074930 0.052685
0.036052 0.073835 0.053561
0.041419 0.075657 0.052934
0.041707 0.067872 0.053516
0.043769 0.078474 0.053089
0.041499 0.074257 0.053056
0.039068 0.073861 0.053382
0.039156 0.073153 0.053463
0.044423 0.070953 0.053024
0.035724 0.070600 0.053505
0.037266 0.073702 0.053543
0.042650 0.072174 0.053049
0.039642 0.068240 0.053526
0.044115 0.073466 0.052913
0.039573 0.070351 0.053656
0.048473 0.071791 0.052290
0.040981 0.073847 0.053132
0.036970 0.072528 0.053611
0.043524 0.068849 0.053293
0.039768 0.075726 0.053063
0.035233 0.072388 0.053504
0.038078 0.069803 0.053615
0.042053 0.075960 0.052923
0.036718 0.067357 0.053368
0.045867 0.068867 0.052925
0.036557 0.074415 0.053515
0.047865 0.071593 0.052406
0.048890 0.069873 0.052148
0.037783 0.073051 0.053592
0.045706 0.067194 0.053124
0.048375 0.069564 0.052252
0.042954 0.077583 0.053008
0.038707 0.075897 0.053182
0.047654 0.073460 0.052515
0.040554 0.076962 0.053066
0.041758 0.068608 0.053504
0.046229 0.072499 0.052707
0.039925 0.068421 0.053531
0.046845 0.072972 0.052605
0.045285 0.073774 0.052765
0.041946 0.073472 0.053067
0.039900 0.073761 0.053209
0.041997 0.075256 0.052969
0.038745 0.069582 0.053648
0.037766 0.070719 0.053669
0.041116 0.072435 0.053280
0.043535 0.069619 0.053246
0.038701 0.070692 0.053678
0.038793 0.067677 0.053457
0.045706 0.067194 0.053124
0.045938 0.074028 0.052744
0.038721 0.073006 0.053534
0.040283 0.066435 0.053460
0.036008 0.068568 0.053392
0.044808 0.071009 0.052961
0.044325 0.065396 0.053394
0.042639 0.065590 0.053413
0.038784 0.068745 0.053543
0.039556 0.075862 0.053081
0.039045 0.068928 0.053594
0.047467 0.069939 0.052394
0.040613 0.075054 0.053058
0.041525 0.070121 0.053440
0.041241 0.074263 0.053048
0.037752 0.069339 0.053507
0.046494 0.068789 0.052786
0.041931 0.073020 0.053094
0.043526 0.071581 0.053075
0.042570 0.077660 0.052965
0.045479 0.068756 0.052992
0.042403 0.071162 0.053226
0.041082 0.073521 0.053177
0.043350 0.067104 0.053396
0.046652 0.067739 0.052923
0.042298 0.075526 0.052939
0.039489 0.075231 0.053142
0.042743 0.077816 0.053023
0.040381 0.074811 0.053096
0.037239 0.075041 0.053336
0.045607 0.066916 0.053162
0.045244 0.065130 0.053321
0.042741 0.066824 0.053442
0.038676 0.076607 0.053206
0.039859 0.069570 0.053586
0.045719 0.077349 0.052872
0.046917 0.077221 0.052785
0.042002 0.074961 0.052986
0.036417 0.073278 0.053549
0.042180 0.073931 0.053008
0.043657 0.071891 0.053020
0.045152 0.077598 0.052917
0.041141 0.066449 0.053484
0.044601 0.074676 0.052850
0.044416 0.075843 0.052838
0.047211 0.069596 0.052481
0.042540 0.074557 0.052982
0.040720 0.077445 0.053041
0.037969 0.075799 0.053192
0.038879 0.071589 0.053654
0.043259 0.077362 0.052989
0.047030 0.072415 0.052587
0.045523 0.072888 0.052746
0.037121 0.073110 0.053566
0.040353 0.075168 0.053068
0.047459 0.074397 0.052599
0.041763 0.068057 0.053488
0.038587 0.069282 0.053608
0.044712 0.065572 0.053356
0.045640 0.077653 0.052886
0.037090 0.074780 0.053414
0.047028 0.067063 0.052953
0.042660 0.068180 0.053425
0.047669 0.071078 0.052430
0.040230 0.073831 0.053158
0.035210 0.071084 0.053489
0.047468 0.067867 0.052774
0.042246 0.068818 0.053454
0.037314 0.067253 0.053380
0.043835 0.078637 0.053071
0.047310 0.077053 0.052729
0.040413 0.071680 0.053461
0.040031 0.076255 0.053065
0.042554 0.067858 0.053449
0.048073 0.073585 0.052473
0.043197 0.079111 0.053109
0.038469 0.070577 0.053695
0.042525 0.068991 0.053412
0.045281 0.066713 0.053219
0.045231 0.068872 0.053021
0.042488 0.073029 0.053029
0.039642 0.068240 0.053526
0.042180 0.065584 0.053399
0.042512 0.077350 0.052978
0.040606 0.066830 0.053486
0.041418 0.065691 0.053433
0.046737 0.071243 0.052593
0.048398 0.070197 0.052257
0.044312 0.068069 0.053239
0.044335 0.076727 0.052894
0.042154 0.078147 0.053048
0.044482 0.066721 0.053258
0.045776 0.072774 0.052723
0.039375 0.069056 0.053612
0.038811 0.070963 0.053682
0.041581 0.072925 0.053193
0.043179 0.073222 0.052963
0.042921 0.076801 0.052966
0.040029 0.072249 0.053445
0.043081 0.069823 0.053285
0.037293 0.074131 0.053514
0.046079 0.072207 0.052712
0.041766 0.071379 0.053288
0.043909 0.075658 0.052874
0.041153 0.074702 0.053034
0.044893 0.072861 0.052828
0.037176 0.068037 0.053411
0.036633 0.073875 0.053539
0.046338 0.077072 0.052824
0.043709 0.075464 0.052920
0.039513 0.071589 0.053592
0.036931 0.072815 0.053589
0.046512 0.070101 0.052642
0.042032 0.065757 0.053415
0.041542 0.073877 0.053098
0.036515 0.069760 0.053486
0.044935 0.075125 0.052800
0.040965 0.069126 0.053513
0.043905 0.076623 0.052918
0.034939 0.073164 0.053552
0.037503 0.067454 0.053400
0.045656 0.072066 0.052773
0.036342 0.074108 0.053545
0.036829 0.072183 0.053613
0.044364 0.066093 0.053341
0.035725 0.071295 0.053510
0.041915 0.073821 0.053076
0.043215 0.075938 0.052924
0.046914 0.070108 0.052507
0.041392 0.068077 0.053536
0.038738 0.074966 0.053269
0.039200 0.071698 0.053613
0.038310 0.066981 0.053400
0.047031 0.069379 0.052568
0.047245 0.077221 0.052732
0.045276 0.075801 0.052779
0.042731 0.069888 0.053313
0.041426 0.067761 0.053502
0.043276 0.073005 0.052959
0.043035 0.073055 0.052971
0.044254 0.071338 0.053013
0.044358 0.067197 0.053276
0.034992 0.072101 0.053469
0.040709 0.076572 0.053028
0.036633 0.073875 0.053539
0.039987 0.070405 0.053613
0.042207 0.073222 0.053048
0.042975 0.069137 0.053353
0.047001 0.076037 0.052658
0.042160 0.070903 0.053284
0.045985 0.066058 0.053189
0.040061 0.069356 0.053561
0.044346 0.076883 0.052925
0.046797 0.077593 0.052814
0.037829 0.067377 0.053406
0.041602 0.076098 0.052919
0.041045 0.075263 0.052976
0.046211 0.073325 0.052692
0.042976 0.067981 0.053398
0.045876 0.071209 0.052764
0.035493 0.070254 0.053492
0.034992 0.072101 0.053469
0.042569 0.071170 0.053206
0.043426 0.072402 0.052991
0.044178 0.069219 0.053161
0.036509 0.067958 0.053379
0.042748 0.077270 0.052990
0.047987 0.072291 0.052440
0.039796 0.071524 0.053565
0.044317 0.071943 0.052932
0.041200 0.073091 0.053219
0.044835 0.078348 0.052962
0.040263 0.069945 0.053592
0.045000 0.069049 0.053039
0.047341 0.071030 0.052479
0.046244 0.074221 0.052702
0.035705 0.069359 0.053463
0.040148 0.074489 0.053132
0.039453 0.072986 0.053439
0.040097 0.074922 0.053114
0.036370 0.070372 0.053528
0.045737 0.068626 0.052974
0.042569 0.071170 0.053206
0.039262 0.077045 0.053136
0.037777 0.072324 0.053653
0.048924 0.070546 0.052133
0.045387 0.075514 0.052761
0.045255 0.076932 0.052858
0.042764 0.072428 0.052999
0.041591 0.071151 0.053354
0.041156 0.069298 0.053500
0.038151 0.074481 0.053388
0.036038 0.070315 0.053511
0.044089 0.071120 0.053059
0.046845 0.072972 0.052605
0.042305 0.079604 0.053147
0.041010 0.076514 0.052988
0.043611 0.077231 0.052981
0.043435 0.073987 0.052967
0.041265 0.076008 0.052921
0.043389 0.066240 0.053413
0.045480 0.069903 0.052919
0.037458 0.073049 0.053583
0.036592 0.072304 0.053605
0.040313 0.072110 0.053420
0.044945 0.075773 0.052813
0.047928 0.073261 0.052463
0.040539 0.068432 0.053534
0.040567 0.072320 0.053354
0.045537 0.068386 0.053031
0.034825 0.072608 0.053506
0.040979 0.067394 0.053512
0.046526 0.076847 0.052777
0.046929 0.074903 0.052639
0.042542 0.072562 0.053031
0.037551 0.074360 0.053464
0.042693 0.078404 0.053074
0.045866 0.066430 0.053173
0.046329 0.072051 0.052673
0.047665 0.072461 0.052485
0.046942 0.067596 0.052893
0.041215 0.078420 0.053025
0.044694 0.066991 0.053246
0.045866 0.066430 0.053173
0.042509 0.077488 0.052976
0.043276 0.073005 0.052959
0.036143 0.068801 0.053414
0.040599 0.077951 0.053040
0.040825 0.070269 0.053535
0.046470 0.066471 0.053096
0.044208 0.065053 0.053412
0.043856 0.078244 0.053058
0.035828 0.070111 0.053498
0.035406 0.073736 0.053559
0.044795 0.064795 0.053395
0.048862 0.071211 0.052143
0.042798 0.066062 0.053443
0.036717 0.073379 0.053540
0.045384 0.071428 0.052843
0.043261 0.069019 0.053323
0.041434 0.071519 0.053337
0.044404 0.068363 0.053197
0.040049 0.066185 0.053415
0.037705 0.073688 0.053509
0.038198 0.068836 0.053527
0.045136 0.071187 0.052898
0.037086 0.067421 0.053387
0.044633 0.071413 0.052954
0.040436 0.068259 0.053533
0.042319 0.072783 0.053069
0.046037 0.070286 0.052768
0.044825 0.078025 0.052955
0.038371 0.069994 0.053659
0.038257 0.073606 0.053506
0.048033 0.070318 0.052305
0.045071 0.076111 0.052818
0.043414 0.079276 0.053072
0.037121 0.073110 0.053566
0.036714 0.074142 0.053537
0.036507 0.069435 0.053465
0.040914 0.068000 0.053567
0.040835 0.075111 0.053024
0.046256 0.075092 0.052706
0.040233 0.076063 0.053047
0.046750 0.072085 0.052610
0.041718 0.073268 0.053110
0.036268 0.072442 0.053599
0.038366 0.069051 0.053555
0.045049 0.078175 0.052932
0.041248 0.070703 0.053458
0.042914 0.078132 0.053057
0.045480 0.069903 0.052919
0.047372 0.073608 0.052567
0.038480 0.074959 0.053305
0.047109 0.076872 0.052740
0.043462 0.078975 0.053097
0.045682 0.069449 0.052910
0.040629 0.066541 0.053485
0.045472 0.065285 0.053294
0.039350 0.067303 0.053470
0.042385 0.068336 0.053463
0.037845 0.071110 0.053678
0.040833 0.067661 0.053543
0.047101 0.070269 0.052478
0.038748 0.070156 0.053691
0.045384 0.071428 0.052843
0.038424 0.075434 0.053227
0.036494 0.071957 0.053598
0.043620 0.078319 0.053078
0.043301 0.078270 0.053066
0.046634 0.067035 0.053012
0.042574 0.079414 0.053119
0.042191 0.077432 0.052985
0.038547 0.070305 0.053678
0.046810 0.071593 0.052586
0.047948 0.068516 0.052556
0.040239 0.068396 0.053528
0.036928 0.071556 0.053614
0.043484 0.065822 0.053413
0.040239 0.068396 0.053528
0.043775 0.078867 0.053088
0.039155 0.067107 0.053460
0.042187 0.076113 0.052931
0.042990 0.074371 0.052978
0.042117 0.072520 0.053114
0.043247 0.079587 0.053059
0.037786 0.075557 0.053223
0.047425 0.072712 0.052508
0.037329 0.073234 0.053545
0.046002 0.077238 0.052855
0.040268 0.072381 0.053388
0.038500 0.073706 0.053469
0.043096 0.070500 0.053221
0.047055 0.074610 0.052636
0.041329 0.071988 0.053297
0.045133 0.075314 0.052775
0.048287 0.069900 0.052273
0.046762 0.075508 0.052651
0.035491 0.071854 0.053503
0.042517 0.066681 0.053469
0.045798 0.067489 0.053087
0.042832 0.067699 0.053427
0.037064 0.070637 0.053599
0.044827 0.071699 0.052893
0.041151 0.067542 0.053517
0.038360 0.069619 0.053627
0.042761 0.067403 0.053443
0.041042 0.070063 0.053506
0.043770 0.074663 0.052936
0.045965 0.077662 0.052885
0.041533 0.070523 0.053428
0.036943 0.068410 0.053420
0.040100 0.070676 0.053592
0.048301 0.071427 0.052301
0.039256 0.075659 0.053136
0.042605 0.074323 0.052996
0.040829 0.076100 0.052980
0.046807 0.069897 0.052578
0.038713 0.075337 0.053174
0.045678 0.073303 0.052710
0.037974 0.066686 0.053373
0.037705 0.073688 0.053509
0.046568 0.070280 0.052610
0.037786 0.075557 0.053223
0.038606 0.071952 0.053650
0.041950 0.072247 0.053161
0.041678 0.072469 0.053201
0.042745 0.075248 0.052932
0.039407 0.071353 0.053621
0.043629 0.066856 0.053366
0.037113 0.073877 0.053537
0.041700 0.078346 0.053018
0.045877 0.065733 0.053225
0.046302 0.075441 0.052697
0.043416 0.070659 0.053178
0.044938 0.068731 0.053075
0.039453 0.072986 0.053439
0.047057 0.074411 0.052642
0.040465 0.066111 0.053451
0.044244 0.077234 0.052964
0.044003 0.067037 0.053317
0.042247 0.066973 0.053481
0.048054 0.075112 0.052510
0.037896 0.074250 0.053448
0.041248 0.078014 0.052974
0.035612 0.073314 0.053564
0.041900 0.072738 0.053153
0.040063 0.075257 0.053069
0.046271 0.074015 0.052671
0.043698 0.073826 0.052955
0.039848 0.068797 0.053565
0.042975 0.069137 0.053353
0.046335 0.067883 0.052963
0.047232 0.074499 0.052623
0.043903 0.077131 0.052968
0.046154 0.077519 0.052874
0.041931 0.073020 0.053094
0.039893 0.074677 0.053153
0.042839 0.079546 0.053106
0.042855 0.065382 0.053394
0.046738 0.068581 0.052767
0.043435 0.073987 0.052967
0.044966 0.071975 0.052840
0.045136 0.071187 0.052898
0.042761 0.074480 0.052949
0.044475 0.067538 0.053249
0.044413 0.072415 0.052878
0.044245 0.076171 0.052880
0.047647 0.075077 0.052565
0.044455 0.069777 0.053099
0.038615 0.068890 0.053539
0.042800 0.066493 0.053454
0.046781 0.075871 0.052661
0.041045 0.075544 0.052941
0.046740 0.069567 0.052634
0.043995 0.075428 0.052894
0.043572 0.076004 0.052911
0.039756 0.072848 0.053407
0.047705 0.070273 0.052352
0.041271 0.073737 0.053137
0.047665 0.069194 0.052398
0.047211 0.069596 0.052481
0.045017 0.072301 0.052827
0.045613 0.074170 0.052773
0.044749 0.072582 0.052845
0.039170 0.076202 0.053149
0.042764 0.072428 0.052999
0.039074 0.069952 0.053684
0.041306 0.065917 0.053433
0.044938 0.068731 0.053075
0.040323 0.067722 0.053491
0.040736 0.078226 0.053040
0.042192 0.072078 0.053133
0.043698 0.073826 0.052955
0.048163 0.069074 0.052360
0.041329 0.071988 0.053297
0.043159 0.071018 0.053175
0.048058 0.070501 0.052285
0.041467 0.078228 0.053010
0.036332 0.068477 0.053391
0.046228 0.068667 0.052874
0.048612 0.069381 0.052226
0.042127 0.071505 0.053217
0.044462 0.077887 0.052980
0.045729 0.075736 0.052751
0.043411 0.072829 0.052953
0.043620 0.078319 0.053078
0.040315 0.074206 0.053131
0.043324 0.065543 0.053408
0.042904 0.071807 0.053096
0.042672 0.079299 0.053113
0.041996 0.076747 0.052964
0.041082 0.073521 0.053177
0.043327 0.078538 0.053090
0.039226 0.066579 0.053427
0.042174 0.079097 0.053122
0.037401 0.067866 0.053411
0.047808 0.075092 0.052551
0.039636 0.067468 0.053494
0.042120 0.069779 0.053384
0.045116 0.075582 0.052784
0.040119 0.073036 0.053293
0.048113 0.073336 0.052453
0.041697 0.078850 0.053095
0.047085 0.074181 0.052633
0.041329 0.071988 0.053297
0.041813 0.076200 0.052906
0.036364 0.069034 0.053444
0.045391 0.076303 0.052801
0.045113 0.076643 0.052839
0.042521 0.067473 0.053456
0.045350 0.069231 0.052978
0.043777 0.075767 0.052903
0.041263 0.074499 0.053046
0.039589 0.077051 0.053129
0.041306 0.065917 0.053433
0.034939 0.073164 0.053552
0.038005 0.069350 0.053556
0.046845 0.072972 0.052605
0.045022 0.077220 0.052903
0.038598 0.075582 0.053141
0.040558 0.066300 0.053458
0.036054 0.070512 0.053523
0.048090 0.074770 0.052507
0.041322 0.075097 0.052985
0.047079 0.073359 0.052588
0.040036 0.076577 0.053091
0.046459 0.071191 0.052642
0.045229 0.067841 0.053130
0.046160 0.066612 0.053122
0.046172 0.066278 0.053150
0.039000 0.075926 0.053168
0.045057 0.072657 0.052815
0.038300 0.076126 0.053211
0.036370 0.070372 0.053528
0.042859 0.077021 0.052982
0.036110 0.069349 0.053459
0.046042 0.068427 0.052949
0.043612 0.066441 0.053366
0.043620 0.069130 0.053263
0.040775 0.071357 0.053461
0.043792 0.073033 0.052932
0.043683 0.072672 0.052952
0.039011 0.066549 0.053422
0.045924 0.074792 0.052741
0.043746 0.075057 0.052927
0.047383 0.071848 0.052498
0.044212 0.073207 0.052899
0.046895 0.073200 0.052573
0.047839 0.073192 0.052474
0.039249 0.068241 0.053500
0.044559 0.070349 0.053046
0.037766 0.070719 0.053669
0.041657 0.066097 0.053462
0.047948 0.068516 0.052556
0.046437 0.068367 0.052869
0.043672 0.066084 0.053388
0.041997 0.075256 0.052969
0.035326 0.070634 0.053489
0.041133 0.068261 0.053556
0.041393 0.076700 0.052960
0.041932 0.076359 0.052924
0.046271 0.074015 0.052671
0.036366 0.072749 0.053587
0.047288 0.076737 0.052711
0.044814 0.074162 0.052847
0.046705 0.076213 0.052694
0.048323 0.073418 0.052445
0.038343 0.072140 0.053651
0.047727 0.069679 0.052341
0.039988 0.069864 0.053616
0.040076 0.071310 0.053549
0.036633 0.068325 0.053396
0.041031 0.070482 0.053497
0.041730 0.076519 0.052940
0.039954 0.066439 0.053445
0.042798 0.066062 0.053443
0.037024 0.072964 0.053575
0.046459 0.071191 0.052642
0.041263 0.076281 0.052936
0.044516 0.064920 0.053410
0.038707 0.075897 0.053182
0.042812 0.070929 0.053215
0.039609 0.066493 0.053431
0.040613 0.075054 0.053058
0.038586 0.072772 0.053580
0.044855 0.069881 0.053034
0.046835 0.067307 0.052950
0.046916 0.074103 0.052641
0.043930 0.067889 0.053292
0.039731 0.070070 0.053645
0.047127 0.077112 0.052749
0.048779 0.072315 0.052245
0.041240 0.069992 0.053479
0.038784 0.068745 0.053543
0.036162 0.071318 0.053554
0.047086 0.076546 0.052702
0.038855 0.067307 0.053451
0.047746 0.072098 0.052461
0.044095 0.075830 0.052881
0.039544 0.067257 0.053481
0.041697 0.078850 0.053095
0.043102 0.065493 0.053412
0.043105 0.070762 0.053204
0.043777 0.075767 0.052903
0.039097 0.076792 0.053177
0.043411 0.072829 0.052953
0.047978 0.070732 0.052338
0.041973 0.071854 0.053193
0.046055 0.076065 0.052736
0.038284 0.071845 0.053672
0.036333 0.067777 0.053365
