-0.055570 -0.003282 0.041520
-0.055023 0.003446 0.045295
-0.054253 0.008771 0.047432
-0.054880 0.001404 0.043368
-0.055115 -0.001425 0.045994
-0.050742 0.005090 0.050586
-0.049314 0.005422 0.050578
-0.055140 0.003574 0.041890
-0.051267 0.006105 0.050590
-0.054615 0.000116 0.049474
-0.054959 0.002643 0.044914
-0.055155 0.005640 0.041521
-0.055121 -0.002157 0.045758
-0.053546 0.005081 0.050586
-0.050113 0.003726 0.050486
-0.048890 0.002218 0.050599
-0.055047 0.005882 0.043395
-0.054634 0.002742 0.047133
-0.050922 -0.000204 0.050569
-0.054416 0.007458 0.048012
-0.052890 -0.000895 0.050604
-0.055203 0.002562 0.040002
-0.055063 0.004075 0.044819
-0.054972 0.006925 0.044860
-0.055215 0.001734 0.042165
-0.055204 0.001579 0.041136
-0.054554 0.007382 0.048439
-0.054676 0.005735 0.046867
-0.054863 0.000467 0.046664
-0.055121 0.005575 0.042915
-0.051561 0.007462 0.050609
-0.055001 0.003274 0.043839
-0.052071 0.004654 0.050596
-0.049232 0.008413 0.050608
-0.054979 0.002156 0.043505
-0.055101 0.008053 0.044109
-0.051499 0.008604 0.050623
-0.055172 0.000304 0.043053
-0.054710 -0.000836 0.049202
-0.054732 0.004266 0.045885
-0.055346 -0.002991 0.043837
-0.049994 0.005394 0.050565
-0.055040 0.001434 0.045617
-0.048813 0.007337 0.050613
-0.055158 0.006515 0.042024
-0.055243 0.004322 0.041005
-0.055300 -0.000433 0.043265
-0.051787 -0.001128 0.050578
-0.053089 0.004458 0.050715
-0.055266 0.007861 0.040253
-0.048325 -0.000094 0.050572
-0.054606 0.007495 0.046443
-0.055125 0.004456 0.045160
-0.054678 0.001294 0.038874
-0.054256 0.002612 0.047674
-0.055847 -0.000024 0.042526
-0.054747 -0.001425 0.039825
-0.054779 0.006512 0.048355
-0.055168 0.006262 0.041984
-0.054704 0.003391 0.046845
-0.054784 -0.001085 0.046844
-0.055454 0.000832 0.040341
-0.055303 0.008623 0.041569
-0.054579 0.001266 0.047447
-0.053633 0.007496 0.050477
-0.049826 -0.001088 0.050542
-0.054588 0.006829 0.047610
-0.054719 0.008155 0.045542
-0.049981 0.004639 0.050547
-0.055126 -0.001194 0.044804
-0.054994 0.007874 0.045233
-0.051033 0.005698 0.050533
-0.054485 0.007131 0.048169
-0.052545 0.000754 0.050627
-0.052170 0.005093 0.050659
-0.050246 0.005149 0.050601
-0.055279 0.003832 0.039684
-0.055155 -0.001372 0.045154
-0.050037 0.006272 0.050527
-0.055119 0.007019 0.043399
-0.049579 -0.000653 0.050491
-0.054991 0.001109 0.045770
-0.052384 0.003677 0.050622
-0.052733 0.002795 0.050605
-0.050593 -0.000467 0.050555
-0.055006 0.000781 0.039235
-0.051515 0.002141 0.050568
-0.055107 0.007666 0.042082
-0.050876 -0.001139 0.050543
-0.055183 0.008236 0.043675
-0.054582 0.008571 0.046054
-0.054728 0.003476 0.046727
-0.053856 0.006430 0.050350
-0.050346 0.001630 0.050556
-0.055178 -0.001532 0.044573
-0.055175 -0.001431 0.045529
-0.055204 -0.001620 0.044322
-0.055106 0.007132 0.042621
-0.053776 0.000941 0.050510
-0.054886 0.002032 0.045855
-0.052877 0.007467 0.050680
-0.053900 0.000072 0.050376
-0.055017 0.002257 0.045467
-0.054646 0.005456 0.046643
-0.054714 -0.001687 0.049247
-0.055652 -0.000322 0.042803
-0.054842 0.001584 0.046239
-0.052729 0.005472 0.050683
-0.055277 -0.001002 0.043467
-0.054932 0.006524 0.044686
-0.050562 -0.000045 0.050538
-0.054973 -0.000555 0.045739
-0.054848 0.006215 0.038931
-0.055281 -0.001161 0.044063
-0.050336 0.002284 0.050504
-0.054548 0.008717 0.046414
-0.055068 0.008519 0.043828
-0.051816 0.004770 0.050622
-0.054557 0.003454 0.047566
-0.055227 0.000680 0.042656
-0.050466 0.003763 0.050517
-0.054495 0.001453 0.049301
-0.054983 0.002812 0.043525
-0.050409 0.007741 0.050603
-0.050915 0.007611 0.050584
-0.055133 0.008041 0.044753
-0.053935 -0.001934 0.050482
-0.053544 0.001092 0.050548
-0.055990 0.000069 0.042384
-0.055208 0.005070 0.042829
-0.052924 0.007838 0.050701
-0.055553 -0.001835 0.043210
-0.053929 0.002675 0.050428
-0.054871 0.001494 0.043795
-0.051636 0.005901 0.050632
-0.055255 -0.002828 0.044062
-0.054507 0.002329 0.048199
-0.053288 0.004172 0.050621
-0.054616 0.003893 0.046218
-0.048915 0.002026 0.050543
-0.055220 -0.002211 0.044149
-0.054400 0.002274 0.049406
-0.054708 0.002284 0.046706
-0.054686 0.002602 0.046715
-0.054707 0.004507 0.048768
-0.054238 0.007541 0.047255
-0.055055 0.007324 0.044817
-0.049784 0.001730 0.050533
-0.054924 0.004721 0.044297
-0.054501 -0.000297 0.049398
-0.054850 -0.001842 0.048867
-0.054324 0.005784 0.049762
-0.055139 0.006579 0.041111
-0.050746 0.006257 0.050576
-0.054696 0.006011 0.047988
-0.054753 0.000705 0.048439
-0.055449 -0.003056 0.043578
-0.055034 -0.001754 0.046066
-0.054743 0.001105 0.048471
-0.054995 0.007533 0.045015
-0.054646 0.003388 0.047215
-0.048926 0.004802 0.050594
-0.054921 -0.000681 0.048210
-0.050868 0.002399 0.050509
-0.054626 0.003346 0.049283
-0.049811 0.002601 0.050546
-0.054806 0.007008 0.049450
-0.053668 0.002335 0.050548
-0.049883 0.003022 0.050513
-0.055215 0.001734 0.042165
-0.054741 0.001924 0.046913
-0.048389 0.000119 0.050562
-0.055045 0.007629 0.042576
-0.053679 0.002692 0.050541
-0.048581 0.001220 0.050564
-0.055106 -0.000307 0.045309
-0.055443 -0.001287 0.043249
-0.055043 0.004408 0.044195
-0.055239 0.001887 0.042909
-0.054455 0.000612 0.049703
-0.051984 0.003282 0.050601
-0.055362 -0.002728 0.043792
-0.050130 0.007115 0.050461
-0.054578 0.006911 0.038708
-0.055958 -0.000295 0.042067
-0.055107 0.004531 0.045474
-0.055065 0.003693 0.044553
-0.055086 0.005784 0.040076
-0.055218 0.005588 0.041245
-0.054390 0.007730 0.047276
-0.050799 0.000559 0.050527
-0.054679 0.007344 0.049446
-0.054914 0.004596 0.043221
-0.048638 0.001029 0.050559
-0.055111 -0.002201 0.044655
-0.054723 0.003336 0.046127
-0.055624 0.000810 0.040885
-0.053509 0.002096 0.050537
-0.051039 0.006427 0.050608
-0.055223 0.007995 0.043529
-0.052655 0.002367 0.050585
-0.054364 -0.001643 0.039459
-0.054810 -0.000091 0.047890
-0.055151 -0.001573 0.044910
-0.055200 0.001982 0.042368
-0.054850 -0.000879 0.046211
-0.055296 0.008022 0.040747
-0.055721 -0.001616 0.042033
-0.054660 0.003219 0.038772
-0.053638 0.001883 0.050422
-0.051490 0.005217 0.050611
-0.054298 0.003191 0.047957
-0.055709 -0.000742 0.041433
-0.054510 0.002385 0.049129
-0.054910 0.006914 0.048967
-0.055098 0.002281 0.042809
-0.052761 0.004207 0.050736
-0.055155 -0.001931 0.044444
-0.054038 0.002737 0.050300
-0.052312 0.000534 0.050607
-0.055016 0.003517 0.044276
-0.054730 0.005030 0.048414
-0.054525 0.003371 0.048498
-0.049274 0.002138 0.050574
-0.052565 0.001692 0.050588
-0.055106 0.008730 0.043568
-0.055035 0.003625 0.043711
-0.054828 0.007570 0.049039
-0.055340 0.004738 0.042186
-0.048344 0.000752 0.050576
-0.055770 -0.002815 0.042398
-0.055230 0.005276 0.042654
-0.055518 0.001037 0.040703
-0.054906 0.002347 0.045714
-0.055157 -0.002496 0.046026
-0.051501 -0.000850 0.050514
-0.055227 0.000680 0.042656
-0.054523 0.007092 0.046735
-0.054983 0.003696 0.043556
-0.055134 0.006829 0.044186
-0.054567 0.004400 0.047072
-0.055761 -0.002374 0.042093
-0.049626 0.005726 0.050548
-0.054987 -0.000706 0.048677
-0.049585 0.006123 0.050550
-0.048426 -0.000989 0.050544
-0.049056 0.003763 0.050543
-0.055328 0.005091 0.042229
-0.054914 -0.000596 0.047352
-0.055332 0.002176 0.041590
-0.052761 0.003530 0.050592
-0.052890 0.007105 0.050703
-0.054897 -0.001927 0.048441
-0.054482 0.004101 0.049567
-0.054450 -0.001586 0.049821
-0.054685 0.003447 0.046282
-0.055012 0.006481 0.049077
-0.049403 0.000726 0.050513
-0.055142 -0.001056 0.045286
-0.054880 0.006697 0.045277
-0.055245 0.003542 0.039458
-0.049475 0.006887 0.050534
-0.051747 0.001982 0.050610
-0.054453 0.005910 0.049659
-0.054677 0.003583 0.049140
-0.050029 0.003400 0.050463
-0.053506 0.004422 0.050608
-0.054723 0.004498 0.049337
-0.054896 0.006025 0.045310
-0.052349 0.008147 0.050706
-0.054669 0.001622 0.048164
-0.054579 0.008386 0.046526
-0.055083 0.006783 0.042830
-0.049973 -0.000860 0.050554
-0.055044 0.008533 0.045285
-0.054522 0.005961 0.046260
-0.054256 0.002612 0.047674
-0.051419 0.004916 0.050602
-0.055900 -0.000289 0.042691
-0.052753 0.004519 0.050744
-0.054468 -0.000657 0.049396
-0.054162 0.004665 0.050062
-0.055058 -0.002405 0.046220
-0.052218 0.001467 0.050572
-0.055835 -0.001499 0.042873
-0.055128 0.006725 0.041802
-0.055570 -0.003282 0.041520
-0.050009 0.001888 0.050504
-0.055278 0.000442 0.042629
-0.052247 0.001757 0.050580
-0.053850 0.005594 0.050458
-0.055213 0.003772 0.041792
-0.054587 -0.001436 0.049125
-0.048568 0.002015 0.050570
-0.055171 0.008823 0.044466
-0.055085 0.007638 0.042391
-0.055128 0.006986 0.040887
-0.055515 -0.002511 0.043215
-0.054670 0.001783 0.047241
-0.054721 -0.001351 0.046817
-0.055324 0.004068 0.040238
-0.055178 -0.001532 0.044573
-0.054506 0.001980 0.047966
-0.053760 0.005947 0.050428
-0.054245 0.003294 0.050241
-0.055851 0.000564 0.041820
-0.055059 -0.000066 0.045111
-0.052663 -0.001820 0.050571
-0.050098 0.000978 0.050483
-0.054992 0.006110 0.039288
-0.052307 0.003259 0.050601
-0.055805 -0.001998 0.042762
-0.049237 0.003437 0.050508
-0.054726 0.003020 0.045811
-0.055220 0.008526 0.039938
-0.054587 0.004270 0.046066
-0.054873 0.000030 0.047091
-0.054989 0.007869 0.042813
-0.050299 -0.000345 0.050512
-0.054782 0.006081 0.048310
-0.053753 0.003125 0.050464
-0.048778 -0.000477 0.050540
-0.054927 0.002446 0.043870
-0.055296 0.008022 0.040747
-0.054989 0.002616 0.044532
-0.054708 0.003040 0.046141
-0.055327 0.008348 0.041201
-0.055142 0.006248 0.041555
-0.054426 0.007064 0.046956
-0.054586 0.006225 0.047289
-0.053976 -0.000471 0.050275
-0.054705 0.002670 0.045966
-0.055213 0.003772 0.041792
-0.054846 0.005887 0.043907
-0.054669 0.001622 0.048164
-0.050014 0.002738 0.050540
-0.055061 0.006806 0.039434
-0.055052 0.008658 0.043150
-0.054555 0.008656 0.048557
-0.055093 0.000952 0.044494
-0.054558 0.002742 0.049247
-0.052938 -0.001598 0.050575
-0.053328 0.003850 0.050607
-0.055052 0.003331 0.042534
-0.051839 0.006461 0.050622
-0.049707 0.001512 0.050569
-0.054909 -0.001582 0.047890
-0.054712 0.001416 0.048865
-0.054929 0.007441 0.039042
-0.054801 0.005451 0.048430
-0.054899 0.004423 0.043319
-0.054700 0.006424 0.047940
-0.055430 -0.001852 0.043474
-0.055008 0.003663 0.045059
-0.053487 0.002728 0.050531
-0.055171 0.001933 0.042151
-0.049660 0.002169 0.050553
-0.049889 0.000440 0.050486
-0.054958 0.005105 0.044789
-0.053812 -0.001281 0.050438
-0.054974 0.001616 0.043167
-0.054888 -0.001241 0.047490
-0.054833 0.006221 0.045124
-0.053424 0.007480 0.050601
-0.055438 -0.003419 0.041126
-0.054336 0.001247 0.049725
-0.052615 0.003332 0.050589
-0.054708 0.001520 0.048526
-0.054674 -0.000128 0.049273
-0.055097 0.002289 0.039145
-0.055094 0.002926 0.041976
-0.054557 0.003454 0.047566
-0.054712 0.007144 0.045553
-0.055112 0.008159 0.043844
-0.053977 -0.000152 0.050316
-0.048669 0.002391 0.050605
-0.048981 0.001081 0.050508
-0.054897 -0.002313 0.046950
-0.055352 0.003591 0.041322
-0.055555 -0.003148 0.042624
-0.054582 0.006203 0.046408
-0.054992 0.003778 0.042744
-0.049332 0.005896 0.050562
-0.055162 0.002508 0.039419
-0.054942 0.007031 0.045220
-0.054499 0.001940 0.047573
-0.051535 0.005510 0.050641
-0.051369 0.002482 0.050536
-0.054693 0.008768 0.047275
-0.054637 0.003710 0.046823
-0.054499 0.001823 0.049256
-0.054701 0.001880 0.046600
-0.054967 0.002896 0.045288
-0.052004 -0.000294 0.050583
-0.054669 -0.001255 0.049146
-0.054891 0.000637 0.047227
-0.049377 0.006329 0.050542
-0.052011 0.000991 0.050585
-0.055037 0.006421 0.039487
-0.054899 0.003990 0.038918
-0.055530 -0.001099 0.041121
-0.054276 0.008125 0.047560
-0.052310 0.005860 0.050592
-0.054939 0.006753 0.049302
-0.053956 0.003280 0.050324
-0.054063 -0.001504 0.050264
-0.054465 0.006933 0.047275
-0.055559 -0.003181 0.042954
-0.053949 -0.001778 0.039296
-0.048883 0.004419 0.050562
-0.049908 0.007323 0.050572
-0.053928 0.002946 0.050319
-0.055430 -0.002305 0.043547
-0.055061 0.006806 0.039434
-0.054683 0.005696 0.046631
-0.052861 0.000376 0.050646
-0.055191 -0.001676 0.045224
-0.054716 0.001203 0.048173
-0.054340 0.003632 0.050196
-0.052712 -0.000160 0.050631
-0.049342 0.000367 0.050502
-0.055020 0.005590 0.045402
-0.054817 0.000739 0.046648
-0.054818 0.003486 0.045917
-0.055318 0.000082 0.043854
-0.051747 0.003614 0.050591
-0.053927 0.005290 0.050422
-0.051771 0.006214 0.050577
-0.054517 -0.002317 0.039706
-0.055148 0.001604 0.039206
-0.055034 0.003590 0.043942
-0.054657 0.007111 0.049544
-0.054914 0.007949 0.038996
-0.054905 0.006542 0.045026
-0.054893 0.005756 0.038997
-0.055036 0.005771 0.045012
-0.055306 0.004874 0.042581
-0.054939 0.006753 0.049302
-0.048621 0.002965 0.050550
-0.050386 0.002997 0.050531
-0.051984 0.007579 0.050648
-0.049201 0.004929 0.050575
-0.051025 0.003974 0.050529
-0.051271 0.003049 0.050554
-0.055029 0.000225 0.045181
-0.050746 0.008179 0.050624
-0.050191 0.004010 0.050512
-0.053371 -0.001251 0.050574
-0.054644 0.000617 0.047929
-0.049588 0.000486 0.050471
-0.054654 0.006043 0.049471
-0.055320 -0.001957 0.040856
-0.054960 -0.001995 0.047282
-0.050676 0.007775 0.050611
-0.054909 0.005841 0.049157
-0.054218 0.005944 0.049917
-0.054728 0.000842 0.049246
-0.054177 -0.000267 0.050154
-0.054948 0.001573 0.046005
-0.054532 0.004370 0.049479
-0.053562 -0.001486 0.050550
-0.055124 0.007898 0.043238
-0.053522 -0.000620 0.050470
-0.054920 0.005697 0.043677
-0.050233 0.005975 0.050502
-0.054759 0.004563 0.049092
-0.054637 0.004061 0.048152
-0.050811 -0.000813 0.050544
-0.054837 0.005868 0.044249
-0.054608 0.004013 0.049393
-0.054113 0.000405 0.050254
-0.054972 0.001872 0.043387
-0.048786 0.007973 0.050577
-0.055126 0.000112 0.042126
-0.055578 0.000063 0.040580
-0.055144 -0.000723 0.040045
-0.048970 0.007679 0.050608
-0.051299 -0.000036 0.050563
-0.053975 0.004168 0.050457
-0.055209 0.005839 0.042054
-0.055228 0.000104 0.044096
-0.054715 0.005500 0.045993
-0.055590 -0.001386 0.043208
-0.052549 0.006488 0.050628
-0.054830 -0.000011 0.049096
-0.054919 -0.002094 0.046404
-0.054753 0.008128 0.049167
-0.054948 0.006822 0.045112
-0.051245 -0.000310 0.050539
-0.049500 0.007190 0.050604
-0.052071 0.001952 0.050621
-0.055597 0.000911 0.041701
-0.053443 -0.001882 0.050546
-0.054921 -0.000166 0.047340
-0.055019 0.005532 0.045615
-0.055675 -0.002592 0.041779
-0.055326 -0.002432 0.043906
-0.049821 0.006995 0.050500
-0.053357 0.003486 0.050588
-0.055812 -0.001378 0.042542
-0.048546 0.001498 0.050534
-0.051143 -0.000815 0.050540
-0.053236 0.002543 0.050597
-0.053869 -0.001616 0.050464
-0.055097 0.008217 0.045085
-0.054810 0.000108 0.048458
-0.053382 0.001804 0.050536
-0.054981 0.008599 0.042786
-0.052503 0.007200 0.050695
-0.054979 -0.002446 0.047947
-0.054642 0.005662 0.046345
-0.054591 0.004359 0.046373
-0.054543 0.003691 0.048256
-0.054700 0.005010 0.046118
-0.055461 0.003031 0.041295
-0.054637 0.003553 0.047059
-0.055052 0.000760 0.043570
-0.055074 0.003004 0.042173
-0.054466 0.007171 0.049564
-0.054981 0.000365 0.045935
-0.054021 -0.001130 0.050251
-0.055224 0.001021 0.042535
-0.054554 -0.001379 0.049284
-0.049289 0.003683 0.050480
-0.055170 -0.002392 0.045541
-0.052391 0.005483 0.050637
-0.055034 0.003590 0.043942
-0.054063 0.005836 0.050212
-0.051247 0.006741 0.050629
-0.055170 0.004339 0.041736
-0.053617 -0.000830 0.050488
-0.054618 0.006558 0.046585
-0.055015 0.005845 0.045212
-0.050773 0.004714 0.050561
-0.052445 0.006811 0.050678
-0.055514 -0.002915 0.043255
-0.054877 0.007204 0.045393
-0.054564 0.005107 0.038717
-0.055419 0.002454 0.041300
-0.055040 0.000444 0.044746
-0.051293 -0.000582 0.050549
-0.055135 0.001039 0.042710
-0.054599 0.005383 0.047296
-0.054982 0.000821 0.044941
-0.054791 0.007896 0.048964
-0.055709 -0.003052 0.041962
-0.054628 0.003705 0.049424
-0.054678 0.008385 0.045758
-0.055083 0.002590 0.042612
-0.054678 0.001790 0.048473
-0.051161 0.003369 0.050556
-0.055299 -0.000872 0.044011
-0.055013 -0.000818 0.045584
-0.054649 0.003974 0.045961
-0.055089 0.001202 0.039194
-0.055265 0.008083 0.040188
-0.054994 0.003463 0.042787
-0.054935 0.004660 0.043959
-0.051293 -0.000582 0.050549
-0.055825 -0.002054 0.042508
-0.055066 0.003837 0.045366
-0.053263 0.000575 0.050606
-0.054859 0.000878 0.047344
-0.055471 -0.002173 0.043320
-0.054643 0.006479 0.046132
-0.054036 0.002296 0.050403
-0.055457 -0.002204 0.043103
-0.054586 0.005747 0.049521
-0.054728 0.008590 0.047158
-0.053269 -0.000449 0.050575
-0.054826 0.000852 0.047580
-0.050998 0.006769 0.050619
-0.054893 -0.001021 0.047667
-0.054451 0.004567 0.047612
-0.054688 0.002155 0.047004
-0.055217 0.002354 0.039713
-0.054973 -0.002324 0.046273
-0.054449 0.000128 0.049842
-0.055073 0.007386 0.042835
-0.054555 0.003639 0.046138
-0.054871 0.005405 0.043820
-0.054921 0.000141 0.039345
-0.051154 0.000670 0.050572
-0.055342 -0.000016 0.042782
-0.053685 0.004185 0.050561
-0.054655 -0.000429 0.049212
-0.054645 0.007777 0.046051
-0.053923 0.008657 0.050125
-0.052366 0.002165 0.050600
-0.055250 -0.001790 0.043858
-0.048433 0.002183 0.050609
-0.054910 0.003501 0.043136
-0.054556 0.003332 0.047371
-0.054185 -0.001891 0.050255
-0.055027 0.003517 0.043694
-0.054626 0.004523 0.046688
-0.048820 0.000281 0.050523
-0.055165 -0.001325 0.045835
-0.054895 0.002879 0.045041
-0.053712 0.008083 0.050341
-0.054630 0.004307 0.046894
-0.054678 0.007057 0.046364
-0.054551 0.006376 0.047345
-0.055019 0.003900 0.043934
-0.055143 -0.000718 0.044816
-0.053235 0.005688 0.050686
-0.050996 0.003182 0.050503
-0.053458 0.008439 0.050465
-0.054195 -0.001292 0.050140
-0.054587 0.004073 0.048429
-0.049578 0.008430 0.050582
-0.054780 0.004817 0.046005
-0.055174 -0.000803 0.044470
-0.055158 -0.002052 0.045629
-0.054615 0.002360 0.047055
-0.055916 -0.000636 0.042398
-0.051747 0.001982 0.050610
-0.054778 0.000899 0.048810
-0.054621 0.006794 0.045598
-0.048787 0.005028 0.050645
-0.055426 -0.001130 0.043323
-0.054702 0.003703 0.046676
-0.055043 0.001192 0.044112
-0.055222 0.000346 0.043785
-0.054837 -0.001024 0.047267
-0.055220 0.005153 0.039969
-0.054988 0.002148 0.043273
-0.049479 0.004264 0.050534
-0.049814 0.005035 0.050573
-0.054876 0.004954 0.044034
-0.052865 0.001662 0.050584
-0.055332 0.008457 0.040755
-0.054703 0.005024 0.049424
-0.054924 0.002861 0.043977
-0.054923 0.000485 0.039234
-0.054915 -0.000051 0.047575
-0.050297 0.008037 0.050673
-0.054960 0.001742 0.045879
-0.055259 0.001265 0.039496
-0.055052 0.003639 0.042526
-0.055032 -0.001342 0.040171
-0.054792 0.008657 0.038893
-0.055163 -0.002750 0.045426
-0.055005 0.000760 0.045857
-0.055136 0.007143 0.039853
-0.054898 -0.002943 0.040084
-0.054527 0.005320 0.047512
-0.054337 0.004452 0.049641
-0.055083 0.006728 0.039874
-0.054858 0.004418 0.045749
-0.054331 0.007744 0.047641
-0.054820 0.001048 0.046396
-0.054692 0.005786 0.049352
-0.052380 0.004739 0.050666
-0.054929 0.005663 0.048881
-0.055605 -0.000011 0.042485
-0.055078 0.003395 0.042275
-0.049304 0.004067 0.050543
-0.054217 0.002591 0.050236
-0.052128 0.007265 0.050629
-0.055993 -0.000253 0.042500
-0.054849 0.003849 0.045836
-0.054877 -0.001541 0.048193
-0.055075 0.007481 0.043172
-0.050415 0.007101 0.050489
-0.054660 0.005449 0.049440
-0.055015 0.008621 0.039308
-0.051302 0.005763 0.050577
-0.055082 0.003058 0.041854
-0.052381 0.003848 0.050648
-0.054947 0.005896 0.039117
-0.048702 0.003694 0.050575
-0.055102 0.007590 0.044620
-0.054178 0.006865 0.049813
-0.054928 0.006468 0.049313
-0.054501 0.007279 0.046749
-0.054828 0.002739 0.045715
-0.055142 -0.001871 0.044731
-0.054626 0.006815 0.045801
-0.053653 0.006565 0.050458
-0.054971 0.002931 0.044329
-0.054607 0.001821 0.049041
-0.055104 -0.000997 0.045676
-0.054977 0.001387 0.045900
-0.055056 0.008565 0.041997
-0.054818 0.001733 0.043948
-0.054874 0.001971 0.043714
-0.055779 -0.002651 0.042158
-0.054901 0.003924 0.042874
-0.054596 0.003984 0.047627
-0.054750 0.006852 0.048455
-0.055138 0.006315 0.043139
-0.051813 0.005629 0.050669
-0.055240 0.005328 0.040762
-0.054000 0.007502 0.050092
-0.055023 0.002204 0.044778
-0.054244 -0.001707 0.050128
-0.054162 0.000805 0.050225
-0.055147 -0.002060 0.044942
-0.049802 0.003431 0.050479
-0.049993 0.005677 0.050520
-0.048720 -0.001170 0.050559
-0.052810 -0.001293 0.050579
-0.055296 0.008758 0.040456
-0.054449 0.003450 0.047898
-0.055346 -0.002991 0.043837
-0.055000 -0.001844 0.047621
-0.055081 0.003859 0.044309
-0.055358 0.001449 0.039698
-0.053878 0.006797 0.050386
-0.054961 0.002691 0.043014
-0.051984 0.007579 0.050648
-0.055160 0.006687 0.040846
-0.054458 0.002512 0.047681
-0.054824 0.001068 0.047146
-0.055101 0.006631 0.043203
-0.054910 0.003501 0.043136
-0.054582 0.008238 0.045983
-0.051499 0.008604 0.050623
-0.055375 0.002898 0.041670
-0.055024 0.002119 0.044975
-0.054800 -0.000509 0.046564
-0.049965 0.008042 0.050671
-0.048452 0.000453 0.050566
-0.055977 -0.000479 0.042603
-0.055173 0.007596 0.043519
-0.055327 0.001531 0.039535
-0.055266 0.008234 0.041580
-0.055037 0.005271 0.045121
-0.049018 -0.000581 0.050536
-0.054579 0.008386 0.046526
-0.054980 0.003133 0.045254
-0.052519 0.002022 0.050584
-0.054644 0.006035 0.047047
-0.049114 0.007937 0.050551
-0.052710 0.005820 0.050656
-0.053988 0.003656 0.050399
-0.054214 0.007485 0.049745
-0.054878 0.001689 0.043490
-0.055112 0.000640 0.044072
-0.055244 0.007365 0.043886
-0.054291 0.004245 0.049868
-0.052152 0.002669 0.050646
-0.053939 0.004849 0.050349
-0.054741 0.003479 0.046580
-0.055310 -0.002633 0.040861
-0.048325 -0.000094 0.050572
-0.054840 0.000153 0.048796
-0.055766 -0.002552 0.042679
-0.052919 0.007452 0.037920
-0.054527 0.002332 0.038682
-0.055132 0.002872 0.039334
-0.054716 0.000397 0.048197
-0.054927 -0.001633 0.047348
-0.055231 0.000200 0.043395
-0.055188 0.005568 0.040595
-0.053940 0.006184 0.050285
-0.053525 0.007773 0.050449
-0.052151 -0.000449 0.050548
-0.048607 0.004876 0.050622
-0.054235 -0.000652 0.050015
-0.054915 -0.000051 0.047575
-0.054870 0.007518 0.045442
-0.055297 0.004726 0.040983
-0.054661 0.008590 0.047330
-0.055056 0.000394 0.045005
-0.054968 0.007458 0.045253
-0.054952 0.001068 0.043357
-0.055004 0.006755 0.044368
-0.052180 0.008470 0.050674
-0.049212 0.008181 0.050564
-0.055062 0.004021 0.042525
-0.054848 0.001477 0.046401
-0.055043 0.005632 0.039609
-0.052914 0.000097 0.050655
-0.052605 0.007501 0.050726
-0.050546 0.002512 0.050513
-0.051188 0.002585 0.050458
-0.054580 0.007885 0.047146
-0.055345 0.001862 0.040940
-0.054444 0.002680 0.048183
-0.055104 0.003514 0.042070
-0.052607 0.007843 0.050728
-0.055096 0.008777 0.044144
-0.055410 0.002424 0.041611
-0.054603 0.003752 0.047397
-0.050688 -0.001384 0.050539
-0.050230 0.004380 0.050496
-0.054682 0.008770 0.049028
-0.055015 0.004269 0.043927
-0.054216 0.005052 0.049978
-0.055644 -0.003140 0.042484
-0.054618 0.006362 0.046877
-0.052501 0.004156 0.037767
-0.054679 0.005170 0.048143
-0.055048 0.001540 0.044855
-0.049908 0.005991 0.050535
-0.054735 0.008455 0.045538
-0.054987 -0.000706 0.048677
-0.054941 -0.002236 0.048310
-0.055108 -0.001154 0.045960
-0.050111 0.000787 0.050436
-0.055397 0.000607 0.042288
-0.048984 0.001598 0.050469
-0.052214 0.006964 0.050619
-0.054584 0.002066 0.048885
-0.054665 0.008100 0.048723
-0.054781 0.000772 0.046360
-0.049258 -0.000447 0.050502
-0.055161 0.008256 0.043273
-0.055161 0.007224 0.041031
-0.054481 0.000339 0.049700
-0.054437 0.003350 0.050109
-0.054805 -0.001561 0.048642
-0.054082 0.007199 0.049946
-0.055044 0.003883 0.042182
-0.053574 -0.002386 0.039163
-0.055239 0.000374 0.042860
-0.050024 0.000073 0.050461
-0.055077 0.004167 0.045550
-0.055134 0.007779 0.039565
-0.055167 0.007478 0.039731
-0.055004 0.005747 0.043487
-0.050711 0.003068 0.050521
-0.054468 0.003665 0.050005
-0.049019 0.003452 0.050539
-0.050729 0.002721 0.050517
-0.054962 0.006966 0.039093
-0.054954 0.004146 0.045699
-0.050806 0.006546 0.050596
-0.054966 0.002725 0.045542
-0.055368 0.004542 0.040567
-0.055087 0.004121 0.044194
-0.050315 0.004594 0.050511
-0.054683 0.006855 0.046112
-0.054866 0.005567 0.044191
-0.055811 -0.001752 0.042470
-0.050949 -0.000515 0.050563
-0.054412 0.008269 0.049504
-0.049788 0.003946 0.050495
-0.049330 -0.001065 0.050554
-0.054581 0.003917 0.048366
-0.054274 0.008638 0.047746
-0.051243 0.008027 0.050599
-0.050489 0.004303 0.050508
-0.054668 -0.002082 0.049534
-0.053595 -0.001160 0.050518
-0.055148 0.005132 0.039568
-0.054697 0.001574 0.047138
-0.054129 0.001676 0.050247
-0.054656 0.006776 0.047993
-0.055031 0.008262 0.042926
-0.052202 0.007835 0.050650
-0.054983 -0.000814 0.046008
-0.049109 0.002451 0.050598
-0.055091 0.008396 0.044154
-0.055154 0.008549 0.045030
-0.055435 -0.001474 0.043358
-0.054782 0.000724 0.049083
-0.055748 -0.001665 0.043064
-0.054840 0.005608 0.049220
-0.053173 0.008379 0.050612
-0.054357 0.002790 0.047622
-0.052590 0.001327 0.050560
-0.054428 0.003213 0.047588
-0.054565 0.005208 0.047809
-0.055316 -0.000118 0.043846
-0.051629 0.008178 0.050628
-0.050785 0.000229 0.050521
-0.054957 0.004582 0.045718
-0.051320 0.002750 0.050492
-0.055300 0.008025 0.041089
-0.051256 -0.001148 0.050519
-0.054966 0.005402 0.043371
-0.054140 0.003562 0.050268
-0.054937 0.000764 0.044667
-0.054869 -0.001219 0.046474
-0.054943 0.001601 0.044210
-0.055542 -0.002515 0.041416
-0.055124 -0.002595 0.040498
-0.054538 -0.001514 0.049584
-0.055475 -0.000267 0.042929
-0.054890 -0.000370 0.046109
-0.054888 -0.002184 0.048964
-0.052628 0.008220 0.050738
-0.054876 -0.000046 0.046369
-0.054422 0.004748 0.049676
-0.049344 0.007721 0.050611
-0.054792 0.001479 0.046525
-0.054677 0.003583 0.049140
-0.055052 0.000693 0.044473
-0.050285 0.001962 0.050549
-0.054528 -0.001867 0.049697
-0.055355 0.000831 0.042190
-0.055223 0.007094 0.043975
-0.055072 0.004816 0.042977
-0.055596 -0.000613 0.040973
-0.049903 -0.000524 0.050471
-0.055147 -0.002060 0.044942
-0.054564 0.002775 0.048982
-0.049618 0.007496 0.050642
-0.054791 0.000816 0.046989
-0.054431 0.006240 0.049647
-0.053983 0.001937 0.050374
-0.054835 -0.002172 0.048615
-0.054238 -0.000163 0.050093
-0.053143 0.008039 0.050648
-0.055145 0.006604 0.040620
-0.054496 0.002244 0.047693
-0.054931 0.000283 0.046170
-0.052830 0.002019 0.050604
-0.055075 -0.000700 0.045464
-0.048875 0.007065 0.050595
-0.054948 0.001192 0.043823
-0.055009 0.003560 0.044733
-0.053238 0.000930 0.050568
-0.052487 -0.001457 0.050574
-0.049270 0.007481 0.050638
-0.054961 0.001212 0.044978
-0.054875 0.005247 0.044156
-0.052463 0.008466 0.050693
-0.054995 0.000973 0.044587
-0.051005 0.000977 0.050555
-0.055747 -0.001194 0.042052
-0.055822 -0.001124 0.042761
-0.052678 0.001002 0.050593
-0.053111 0.000351 0.050638
-0.055212 0.003358 0.039657
-0.054172 0.002948 0.050235
-0.054065 -0.001137 0.039213
-0.048787 0.005028 0.050645
-0.054682 0.007091 0.046114
-0.055111 0.000357 0.044422
-0.055368 -0.000529 0.040362
-0.054679 0.000510 0.049350
-0.055465 0.000512 0.040264
-0.052425 -0.000113 0.050559
-0.055087 0.000047 0.044957
-0.050536 0.002811 0.050542
-0.055127 0.007602 0.041771
-0.055218 0.003971 0.041662
-0.053693 0.001315 0.050514
-0.055205 0.003045 0.040041
-0.049228 0.004600 0.050542
-0.054718 0.000843 0.048135
-0.049566 0.003614 0.050492
-0.055237 0.005434 0.041055
-0.055364 0.003269 0.041616
-0.050198 0.008335 0.050697
-0.051432 0.006497 0.050623
-0.054838 0.002523 0.045639
-0.054771 0.001599 0.046913
-0.052632 0.006971 0.050724
-0.054788 -0.001270 0.046704
-0.055337 0.004645 0.040202
-0.051377 0.000337 0.050586
-0.054426 0.005176 0.049627
-0.049097 0.002773 0.050558
-0.055023 -0.002561 0.046378
-0.053309 0.007865 0.050587
-0.051271 0.003049 0.050554
-0.054986 0.003728 0.045644
-0.055165 0.005492 0.040272
-0.055209 0.005981 0.041103
-0.051771 0.006214 0.050577
-0.055668 -0.002076 0.043025
-0.054509 0.002591 0.047493
-0.054343 -0.000194 0.049962
-0.054291 0.007397 0.047540
-0.052290 0.000919 0.050578
-0.053304 0.005378 0.050683
-0.050388 0.006362 0.050533
-0.055652 -0.000322 0.042803
-0.055578 -0.002762 0.043027
-0.054890 0.004995 0.043625
-0.055115 0.005994 0.043056
-0.054632 -0.003401 0.039605
-0.054818 0.000122 0.046724
-0.051930 0.000617 0.050591
-0.054541 0.004820 0.046993
-0.054893 -0.001021 0.047667
-0.054937 0.004736 0.043300
-0.053269 0.001053 0.038395
-0.054911 0.000388 0.047269
-0.053768 0.004506 0.050529
-0.054952 0.003058 0.044613
-0.046375 0.008025 0.035220
-0.055220 0.001656 0.042587
-0.051713 0.007799 0.050624
-0.050186 0.003135 0.050474
-0.054331 0.007744 0.047641
-0.054185 -0.001011 0.050121
-0.050191 0.004010 0.050512
-0.052706 0.003740 0.050624
-0.053659 0.008604 0.050381
-0.054619 0.006313 0.047139
-0.052948 0.006415 0.050655
-0.055176 0.002771 0.039738
-0.054829 0.005220 0.043893
-0.052359 0.007527 0.050699
-0.053251 0.007242 0.050648
-0.049479 0.004264 0.050534
-0.054354 0.002989 0.050169
-0.052150 0.006629 0.050630
-0.049956 0.001292 0.050538
-0.054449 0.008017 0.047401
-0.054612 0.003972 0.047032
-0.054502 0.004789 0.047819
-0.051613 0.007017 0.050636
-0.055293 -0.001550 0.043827
-0.054527 0.002966 0.047341
-0.049706 0.000981 0.050528
-0.052624 0.000489 0.050647
-0.051516 -0.001086 0.050559
-0.052411 0.002605 0.050592
-0.053800 0.000326 0.050439
-0.054476 0.008577 0.049526
-0.055305 0.002451 0.041801
-0.054901 0.006812 0.044535
-0.051989 0.005908 0.050627
-0.055691 -0.000176 0.040961
-0.055993 0.000127 0.042073
-0.052247 0.006212 0.050596
-0.055220 -0.000083 0.042940
-0.054624 0.003498 0.048867
-0.055281 0.008384 0.041608
-0.054981 0.001994 0.045747
-0.054561 0.008319 0.046310
-0.054097 0.004524 0.038387
-0.054329 0.001485 0.049486
-0.054919 0.001036 0.046047
-0.055217 0.003159 0.040182
-0.054508 0.003162 0.049678
-0.055158 0.000420 0.044113
-0.055391 -0.003084 0.040982
-0.054538 0.000992 0.049476
-0.048532 0.003214 0.050557
-0.054858 0.004418 0.045749
-0.051795 0.002479 0.050636
-0.054854 0.003280 0.045754
-0.054840 0.007592 0.048902
-0.055115 0.001456 0.044467
-0.054912 -0.001066 0.048622
-0.054697 0.000260 0.047916
-0.055062 0.007020 0.041417
-0.055148 0.001604 0.039206
-0.055150 -0.002798 0.046017
-0.055298 0.005066 0.040726
-0.054478 0.004483 0.047850
-0.054823 -0.000281 0.046721
-0.054679 0.004369 0.048405
-0.049108 0.000615 0.050522
-0.054601 0.005763 0.047373
-0.054975 0.003211 0.044972
-0.054515 0.004621 0.047331
-0.055588 -0.001555 0.041543
-0.054921 -0.001768 0.046447
-0.054652 0.006587 0.047670
-0.055161 -0.002424 0.045756
-0.054855 0.000410 0.046886
-0.055792 0.000135 0.041176
-0.054450 0.005547 0.049631
-0.054291 0.007397 0.047540
-0.055067 0.004861 0.045057
-0.055140 -0.000240 0.044902
-0.054057 -0.000811 0.050183
-0.054400 0.006712 0.049572
-0.053735 0.007683 0.050386
-0.054961 0.001212 0.044978
-0.054653 0.006854 0.049541
-0.055253 -0.001480 0.044058
-0.054993 0.004380 0.042834
-0.054824 0.001167 0.046804
-0.054293 0.008124 0.049643
-0.055345 -0.001856 0.043701
-0.055164 0.004499 0.039376
-0.048945 0.005233 0.050624
-0.054939 -0.002325 0.046502
-0.054574 0.002993 0.049332
-0.053145 0.007669 0.050668
-0.052656 -0.000559 0.050617
-0.054956 0.005370 0.044555
-0.053678 0.007167 0.050528
-0.054796 0.004538 0.045910
-0.055421 0.002855 0.041000
-0.055334 0.001689 0.039703
-0.054066 0.006878 0.050137
-0.054433 0.008438 0.047413
-0.054065 -0.001137 0.039213
-0.049131 0.006960 0.050592
-0.055101 0.008053 0.044109
-0.049599 -0.000307 0.050462
-0.054664 0.002647 0.046265
-0.054648 0.005543 0.047077
-0.055109 0.006704 0.041517
-0.055117 0.000773 0.042888
-0.055060 0.005205 0.043056
-0.055844 0.000473 0.041328
-0.053843 0.002418 0.050513
-0.054923 -0.000520 0.048448
-0.055756 0.000742 0.041405
-0.054655 -0.000429 0.049212
-0.054980 0.003252 0.043512
-0.054340 -0.001205 0.049909
-0.054860 -0.000475 0.046300
-0.053576 0.006283 0.050412
-0.053929 0.001205 0.050449
-0.055200 0.005749 0.040731
-0.048625 0.000184 0.050541
-0.054849 0.005647 0.043885
-0.055006 0.000764 0.043162
-0.054658 0.006459 0.045785
-0.054889 0.001386 0.046136
-0.051866 -0.001570 0.050610
-0.054889 -0.000248 0.046006
-0.054509 0.007723 0.048216
-0.053524 0.005742 0.050590
-0.055368 -0.000958 0.040614
-0.051796 0.001320 0.050565
-0.050146 -0.001152 0.050569
-0.054914 0.007949 0.038996
-0.055074 0.006408 0.043838
-0.049973 0.006522 0.050497
-0.049042 -0.001033 0.050558
-0.049234 0.002974 0.050492
-0.054658 0.008275 0.047292
-0.054840 0.007592 0.048902
-0.049294 -0.000785 0.050501
-0.048809 0.004041 0.050568
-0.055173 -0.000290 0.039866
-0.050230 0.006710 0.050433
-0.054504 0.002666 0.049486
-0.052618 0.004757 0.050696
-0.052469 -0.000395 0.050600
-0.054840 0.006703 0.049456
-0.054706 0.007506 0.045887
-0.054707 0.003137 0.047000
-0.054955 0.006129 0.045021
-0.055328 0.000066 0.042327
-0.055166 0.008272 0.039712
-0.055147 0.005686 0.041714
-0.054584 0.008104 0.046149
-0.055152 0.001726 0.043008
-0.055128 0.007218 0.042020
-0.055219 0.007604 0.040190
-0.055235 0.001018 0.039588
-0.054445 0.004912 0.047481
-0.046409 0.000020 0.036568
-0.050466 -0.000963 0.050566
-0.052565 0.001692 0.050588
-0.055296 -0.000544 0.043464
-0.055176 0.005905 0.042576
-0.055360 0.004694 0.040781
-0.050570 0.006746 0.050545
-0.055167 0.002949 0.039593
-0.055239 0.001887 0.042909
-0.049158 0.001843 0.050493
-0.054956 0.004517 0.043077
-0.055055 0.001205 0.045657
-0.054961 0.002581 0.044202
-0.054676 0.001325 0.048319
-0.049304 0.004067 0.050543
-0.055176 0.006294 0.042378
-0.051989 0.002954 0.050639
-0.054353 0.002399 0.049963
-0.055062 0.007994 0.044413
-0.055046 0.000716 0.045272
-0.055331 -0.002145 0.043819
-0.050109 0.002968 0.050514
-0.055012 0.008865 0.042134
-0.049096 0.007289 0.050632
-0.050788 0.005469 0.050568
-0.050196 0.000210 0.050507
-0.054953 -0.002068 0.048335
-0.055256 0.004732 0.041786
-0.052998 0.006120 0.050650
-0.051726 -0.001016 0.038373
-0.055359 0.002563 0.040832
-0.054899 0.003640 0.042934
-0.054827 -0.001532 0.046721
-0.054226 0.008530 0.049580
-0.054876 -0.000333 0.047079
-0.054286 0.003079 0.047790
-0.054997 -0.000044 0.045762
-0.049784 0.004249 0.050494
-0.054572 0.003558 0.047813
-0.051180 0.008361 0.050630
-0.055337 0.004244 0.040748
-0.055691 -0.002422 0.042913
-0.054567 0.003926 0.049549
-0.055248 0.003635 0.039973
-0.055709 -0.003346 0.042126
-0.049292 0.001106 0.050529
-0.054619 0.008013 0.049342
-0.055320 0.001348 0.041849
-0.054068 0.008301 0.049973
-0.055158 0.000095 0.039684
-0.055084 0.006892 0.041588
-0.054910 -0.000337 0.047460
-0.053239 0.005048 0.050670
-0.055218 -0.000242 0.043936
-0.054920 -0.000464 0.046029
-0.051767 0.006721 0.050651
-0.055111 0.007445 0.041565
-0.054737 0.003632 0.046032
-0.055324 0.001807 0.040454
-0.054393 0.002462 0.047853
-0.055268 -0.002534 0.044077
-0.052939 0.002544 0.050590
-0.054970 0.003917 0.045713
-0.054152 -0.003064 0.039432
-0.054978 0.003895 0.044854
-0.055909 -0.000075 0.041629
-0.054337 0.008113 0.047863
-0.054943 0.000046 0.046035
-0.054038 0.007478 0.049929
-0.055065 0.006857 0.041046
-0.053217 0.000134 0.050607
-0.055167 0.008526 0.044649
-0.048460 -0.000597 0.050564
-0.055066 0.007130 0.044490
-0.052696 0.006174 0.050621
-0.049409 0.002689 0.050559
-0.054473 0.003087 0.049978
-0.055054 -0.000324 0.045592
-0.053525 0.001610 0.050463
-0.054582 0.004822 0.046739
-0.050540 0.002060 0.050547
-0.052921 0.002284 0.050610
-0.055143 0.006755 0.042155
-0.054962 0.006966 0.039093
-0.048891 0.006009 0.050517
-0.054604 0.006105 0.046003
-0.055310 0.008416 0.040427
-0.053544 0.001092 0.050548
-0.054996 0.001911 0.044470
-0.055125 0.000467 0.043416
-0.054870 0.006127 0.049272
-0.050781 0.003837 0.050537
-0.055233 0.005836 0.042365
-0.054794 0.000444 0.048840
-0.055119 0.005960 0.041738
-0.055070 0.004185 0.042692
-0.055305 0.002451 0.041801
-0.055178 -0.000102 0.044637
-0.050868 0.001166 0.050549
-0.054570 0.007919 0.046408
-0.052253 0.004413 0.050621
-0.048480 0.002661 0.050586
-0.054600 0.005228 0.047017
-0.054688 0.002155 0.047004
-0.054615 0.001568 0.049139
-0.055725 0.000618 0.041074
-0.053952 0.000665 0.050412
-0.054647 0.007942 0.046977
-0.055189 0.002163 0.042689
-0.054804 0.006843 0.045456
-0.054026 0.003877 0.050454
-0.050002 0.002269 0.050519
-0.050102 0.001552 0.050519
-0.055547 0.000219 0.042326
-0.051188 0.002585 0.050458
-0.055091 0.007073 0.043010
-0.052104 0.002302 0.050639
-0.054935 0.008467 0.042433
-0.054599 0.006916 0.046651
-0.054667 0.006716 0.046391
-0.055134 0.008800 0.045142
-0.054670 0.001715 0.046366
-0.053406 0.008128 0.050474
-0.055260 0.003982 0.040860
-0.055010 0.004895 0.045560
-0.049568 0.006637 0.050523
-0.054748 0.003141 0.046643
-0.055384 0.001302 0.040342
-0.050926 0.007953 0.050606
-0.049126 0.006621 0.050532
-0.055205 0.002211 0.039400
-0.049053 0.000834 0.050514
-0.053873 0.001553 0.050405
-0.055263 0.004455 0.042084
-0.055899 -0.000535 0.042688
-0.055210 -0.002927 0.044946
-0.054426 0.008063 0.048146
-0.053815 0.002142 0.050469
-0.054848 0.005343 0.049153
-0.054491 0.007695 0.046668
-0.051592 -0.000459 0.050542
-0.054927 -0.000535 0.049033
-0.054999 0.008173 0.042248
-0.054734 0.001133 0.047438
-0.055127 0.008245 0.044458
-0.051222 0.001839 0.050558
-0.055807 -0.002370 0.042485
-0.054426 0.007114 0.047547
-0.054598 0.002053 0.048455
-0.055182 0.004647 0.041334
-0.054319 -0.000826 0.049707
-0.055217 0.004403 0.042444
-0.054269 0.004498 0.049897
-0.052504 0.004329 0.050701
-0.055135 0.000126 0.044765
-0.055173 0.006228 0.042768
-0.052106 0.003557 0.050619
-0.054850 0.007334 0.048908
-0.054923 0.002262 0.044067
-0.055035 -0.000441 0.048902
-0.055230 -0.001534 0.040568
-0.048699 -0.000795 0.050563
-0.051293 -0.000582 0.050549
-0.054766 0.006165 0.045750
-0.054679 0.002191 0.046324
-0.050831 0.007139 0.050592
-0.049748 0.006377 0.050529
-0.053174 0.004776 0.050709
-0.054837 0.007279 0.049217
-0.051558 0.001054 0.050578
-0.054534 0.005058 0.047271
-0.054717 0.008399 0.049028
-0.054636 0.005951 0.046664
-0.055668 -0.001122 0.041651
-0.054721 -0.000685 0.039483
-0.055049 0.000929 0.043907
-0.052379 0.005245 0.050679
-0.050921 0.006072 0.050568
-0.048452 0.000453 0.050566
-0.050806 0.006546 0.050596
-0.055001 0.001090 0.045307
-0.051427 0.003948 0.050525
-0.054174 0.004295 0.050198
-0.055079 -0.001317 0.044959
-0.051165 0.004673 0.050572
-0.054922 0.000412 0.046050
-0.055315 0.004980 0.040453
-0.054710 0.002690 0.046554
-0.054936 0.001158 0.043621
-0.054966 0.005592 0.045667
-0.051133 0.005300 0.050564
-0.055308 0.004994 0.041857
-0.053581 0.006847 0.050565
-0.055267 0.000222 0.042221
-0.054643 0.004691 0.048151
-0.055203 0.003243 0.039430
-0.055383 -0.000357 0.043060
-0.055034 0.007634 0.042831
-0.055269 0.002028 0.039607
-0.050817 0.004318 0.050549
-0.055023 0.005468 0.044880
-0.055218 0.007673 0.041229
-0.054347 0.007237 0.047856
-0.054860 0.001337 0.046323
-0.048397 0.001745 0.050551
-0.054269 0.001632 0.049879
-0.054469 0.007933 0.038614
-0.054615 0.002360 0.047055
-0.054911 -0.000408 0.047697
-0.054443 0.008354 0.048139
-0.054708 0.000932 0.047756
-0.053149 0.006617 0.050651
-0.053536 0.003922 0.050543
-0.054899 0.004781 0.044044
-0.054696 0.001271 0.047845
-0.054581 0.003917 0.048366
-0.055239 -0.000929 0.044255
-0.051933 0.006995 0.050642
-0.054842 0.005261 0.048734
-0.055190 0.003628 0.039333
-0.055101 -0.000496 0.045061
-0.054063 -0.001504 0.050264
-0.051567 0.002845 0.050603
-0.050377 -0.001284 0.050514
-0.048875 -0.000087 0.050495
-0.055018 0.003339 0.044480
-0.055035 0.006295 0.048898
-0.054946 0.004089 0.043579
-0.055191 -0.002197 0.040627
-0.055450 -0.002149 0.041193
-0.051777 0.001646 0.050590
-0.050437 0.003331 0.050502
-0.055054 0.000424 0.045553
-0.054133 0.006580 0.050028
-0.053475 0.007108 0.050633
-0.054778 0.008688 0.045863
-0.055185 -0.001960 0.045314
-0.055005 0.002841 0.042796
-0.054515 0.007600 0.049488
-0.055535 -0.002905 0.041394
-0.055597 0.000911 0.041701
-0.053391 0.001413 0.050568
-0.050677 0.001389 0.050560
-0.054574 0.004275 0.047738
-0.055333 0.001426 0.039917
-0.054738 -0.001378 0.048523
-0.049082 0.006333 0.050525
-0.055321 -0.000971 0.043680
-0.054988 0.002148 0.043273
-0.054998 0.003250 0.044181
-0.055004 0.006096 0.049022
-0.049479 0.005097 0.050547
-0.053428 0.002242 0.038233
-0.054963 -0.001951 0.048225
-0.054592 0.005652 0.047786
-0.055094 0.006464 0.040316
-0.054643 0.008495 0.046794
-0.055203 0.004111 0.041250
-0.051352 0.007567 0.050527
-0.048790 0.001335 0.050525
-0.054519 0.008826 0.046664
-0.050643 0.001064 0.050500
-0.055836 -0.001616 0.042708
-0.052269 0.004086 0.050662
-0.054991 0.002154 0.045130
-0.055143 0.007280 0.042350
-0.054635 0.005259 0.046257
-0.054966 0.005402 0.043371
-0.054902 0.000626 0.047477
-0.054534 0.003429 0.047721
-0.055097 0.005982 0.040282
-0.055234 0.001697 0.042856
-0.054668 0.001419 0.047430
-0.054024 0.000972 0.050401
-0.055050 0.003511 0.044600
-0.055668 -0.001058 0.043115
-0.054401 0.008624 0.048127
-0.054491 0.007695 0.046668
-0.054154 0.001239 0.050198
-0.054581 0.008076 0.048427
-0.053581 0.006847 0.050565
-0.049592 -0.001013 0.050541
-0.054757 0.002260 0.046016
-0.054696 0.007372 0.046120
-0.050039 0.004250 0.050497
-0.055822 -0.000701 0.041862
-0.054957 0.006292 0.049160
-0.054646 0.004065 0.046675
-0.049074 0.001347 0.050508
-0.054012 0.005087 0.050303
-0.054912 -0.001086 0.039891
-0.055504 -0.002730 0.043129
-0.055136 0.006603 0.042746
-0.051789 0.005216 0.050659
-0.055230 0.005276 0.042654
-0.055190 0.008383 0.043459
-0.055074 0.004332 0.044460
-0.055097 0.005532 0.039831
-0.055449 0.002743 0.041559
-0.055035 -0.000073 0.039553
-0.054866 0.006099 0.044375
-0.055360 0.003281 0.040759
-0.054692 0.001158 0.049139
-0.052910 0.000705 0.050623
-0.054968 0.002505 0.043691
-0.055087 0.007748 0.044941
-0.055193 -0.002436 0.044207
-0.054738 0.007727 0.049229
-0.055345 0.001496 0.041075
-0.054507 0.002329 0.048199
-0.055099 0.001802 0.044711
-0.051729 0.000327 0.050599
-0.055327 0.002207 0.040827
-0.052013 0.008139 0.050648
-0.054669 0.008712 0.049350
-0.051542 -0.001664 0.050626
-0.054899 0.006156 0.044045
-0.055162 -0.001729 0.044587
-0.055084 0.002049 0.043110
-0.054990 -0.001283 0.046166
-0.054535 0.002540 0.048537
-0.054900 0.005050 0.045763
-0.054626 0.008027 0.045793
-0.051029 0.004443 0.050570
-0.054835 -0.002172 0.048615
-0.052146 0.001228 0.050557
-0.055162 0.006419 0.042977
-0.051257 -0.001580 0.050556
-0.055059 0.007504 0.039298
-0.055363 0.000571 0.040005
-0.049877 0.006784 0.050477
-0.054898 -0.002943 0.040084
-0.054602 0.004565 0.046898
-0.054885 0.000263 0.047489
-0.054835 0.006367 0.045486
-0.055000 -0.000289 0.048984
-0.050218 -0.000575 0.050545
-0.054352 0.002067 0.049706
-0.054191 0.007831 0.049786
-0.054934 -0.001513 0.047731
-0.055277 0.000752 0.042542
-0.049701 0.008139 0.050609
-0.055158 -0.000422 0.044520
-0.054999 0.004747 0.044621
-0.054214 0.000034 0.050151
-0.054827 -0.001532 0.046721
-0.055118 -0.001703 0.045616
-0.050570 0.006746 0.050545
-0.053397 -0.000879 0.050548
-0.051301 0.003623 0.050528
-0.054086 0.005423 0.050238
-0.055759 -0.000397 0.041303
-0.051210 0.007432 0.050570
-0.049069 -0.000260 0.050511
-0.049965 0.008042 0.050671
-0.054835 -0.001208 0.048411
-0.055172 0.006291 0.040740
-0.051509 -0.000143 0.050523
-0.055033 0.005530 0.045074
-0.055217 -0.000539 0.044152
-0.055324 0.000898 0.042291
-0.055266 0.008234 0.041580
-0.051009 0.003628 0.050542
-0.051573 0.003264 0.050607
-0.055217 0.005164 0.041423
-0.054980 0.005404 0.045654
-0.048591 -0.000258 0.050548
-0.053181 0.002153 0.050602
-0.053462 0.000376 0.050561
-0.053096 0.003717 0.050632
-0.054978 0.002276 0.044375
-0.055672 -0.002132 0.041803
-0.055329 0.000942 0.039938
-0.049743 0.000155 0.050471
-0.055073 0.006195 0.043394
-0.055206 0.001329 0.042410
-0.053807 0.004920 0.050477
-0.055148 0.001531 0.044668
-0.052650 0.000157 0.050630
-0.054948 0.001573 0.046005
-0.050222 0.007406 0.050546
-0.053228 -0.001519 0.050564
-0.054598 0.008071 0.046714
-0.054176 0.006243 0.050012
-0.051566 0.000114 0.050575
-0.054459 0.003911 0.049741
-0.054639 -0.001791 0.049528
-0.055840 -0.000948 0.042576
-0.051398 0.007804 0.050571
-0.054954 0.006571 0.039125
-0.054571 0.002048 0.047238
-0.055368 -0.003463 0.040807
-0.054878 -0.000753 0.047831
-0.054488 -0.000083 0.049679
-0.051807 0.007294 0.050640
-0.053457 0.002390 0.050567
-0.055118 -0.001703 0.045616
-0.055012 0.008865 0.042134
-0.055783 -0.002015 0.042243
-0.049069 -0.000260 0.050511
-0.051900 -0.000464 0.050557
-0.054628 0.004167 0.048809
-0.055171 0.006251 0.042988
-0.052969 0.004011 0.050683
-0.054344 0.000356 0.049969
-0.051729 0.000327 0.050599
-0.054405 0.002039 0.049349
-0.054455 0.000612 0.049703
-0.054534 0.007706 0.046883
-0.053698 -0.001789 0.050551
-0.055223 0.008474 0.041711
-0.055016 0.000461 0.045220
-0.055396 -0.002507 0.043651
-0.050539 0.005441 0.050595
-0.054834 0.005509 0.045838
-0.055348 -0.000714 0.043306
-0.053098 0.003345 0.050586
-0.054900 0.005050 0.045763
-0.055173 -0.002339 0.045320
-0.053022 0.001269 0.050593
-0.055152 0.000573 0.039551
-0.054246 0.007074 0.049623
-0.055087 0.007748 0.044941
-0.055140 0.008034 0.041794
-0.053046 0.002829 0.050621
-0.055091 0.001386 0.042866
-0.055054 0.000983 0.045590
-0.048741 0.003383 0.050543
-0.054434 0.003315 0.048173
-0.054739 0.005779 0.048285
-0.055045 0.004175 0.042381
-0.052586 0.003952 0.050680
-0.054542 0.004066 0.047460
-0.055288 0.004883 0.042741
-0.054996 0.005996 0.043651
-0.055028 0.006329 0.040027
-0.055221 -0.002880 0.040629
-0.053274 0.005981 0.050622
-0.054281 0.002772 0.047838
-0.052890 0.008145 0.050719
-0.053335 -0.000128 0.050572
-0.049483 0.001772 0.050553
-0.049871 0.003700 0.050436
-0.054962 0.003009 0.043157
-0.049610 0.002652 0.036971
-0.054953 -0.000236 0.048720
-0.055257 0.005065 0.041039
-0.055239 0.001868 0.041739
-0.055047 0.002472 0.042949
-0.053887 0.008330 0.050198
-0.055231 0.005561 0.042551
-0.054431 -0.002003 0.049842
-0.054605 0.003826 0.047872
-0.055087 0.004121 0.044194
-0.049422 0.003925 0.050499
-0.054818 0.003628 0.045920
-0.055315 0.004980 0.040453
-0.055118 -0.002345 0.044362
-0.054259 0.005500 0.049901
-0.055160 0.007171 0.040450
-0.054430 -0.000488 0.049250
-0.055201 0.007726 0.043824
-0.050326 0.003590 0.050483
-0.055410 0.001534 0.040791
-0.051862 0.008614 0.050639
-0.048713 0.001544 0.050490
-0.050029 -0.001386 0.050568
-0.049652 0.003285 0.050484
-0.055814 0.000356 0.042216
-0.052950 0.001007 0.050565
-0.051234 0.000993 0.050571
-0.054601 0.007161 0.046596
-0.055140 -0.001682 0.045830
-0.055023 0.008885 0.043808
-0.051556 0.003734 0.050522
-0.055053 0.005703 0.043208
-0.054982 -0.002134 0.046252
-0.055148 -0.002550 0.044739
-0.054729 0.004704 0.048486
-0.054875 0.005874 0.045651
-0.052851 -0.000243 0.050632
-0.055187 0.005878 0.041370
-0.055318 -0.000525 0.043800
-0.052118 -0.000046 0.050589
-0.051528 -0.001350 0.050595
-0.049400 0.003198 0.050501
-0.049048 0.005697 0.050577
-0.054921 0.000141 0.039345
-0.054873 -0.001021 0.048923
-0.051486 0.000708 0.050580
-0.050668 0.003994 0.050522
-0.055768 -0.001334 0.043066
-0.055085 0.007272 0.039404
-0.051898 0.007933 0.050611
-0.055172 -0.000185 0.044292
-0.054980 -0.000344 0.039611
-0.054398 0.001285 0.049423
-0.054539 0.006801 0.046921
-0.055188 0.002857 0.041871
-0.054927 -0.000956 0.048373
-0.054644 0.003122 0.047199
-0.055012 -0.002110 0.047899
-0.055588 -0.001555 0.041543
-0.054787 0.004752 0.049323
-0.053706 -0.000544 0.050426
-0.054720 0.007173 0.048598
-0.055283 0.000972 0.042411
-0.055112 -0.000704 0.045149
-0.055405 -0.001234 0.040840
-0.055387 0.000292 0.040081
-0.054172 0.003879 0.050322
-0.055588 0.000487 0.040628
-0.053268 0.006322 0.050576
-0.053494 0.003104 0.050567
-0.049377 0.006329 0.050542
-0.052298 -0.000707 0.050577
-0.054408 0.007467 0.047011
-0.050245 0.002653 0.050534
-0.054177 0.008532 0.049784
-0.053770 0.005263 0.050490
-0.053303 0.002861 0.050605
-0.054585 0.003113 0.048828
-0.051336 0.004320 0.050560
-0.054693 0.008768 0.047275
-0.053618 0.005421 0.050584
-0.054980 0.005041 0.043288
-0.054835 -0.002216 0.049297
-0.054835 0.000066 0.046566
-0.051195 0.002234 0.050528
-0.055335 -0.000033 0.042537
-0.055120 0.007284 0.041293
-0.054892 0.008648 0.045600
-0.054887 -0.000069 0.047732
-0.055164 0.003178 0.041905
-0.054832 0.004993 0.049114
-0.050553 0.007433 0.050581
-0.052122 -0.000998 0.050571
-0.050410 0.004844 0.050551
-0.054718 -0.000027 0.048104
-0.052806 0.008455 0.050701
-0.055177 0.008898 0.044671
-0.054811 -0.001264 0.048698
-0.055260 0.001857 0.039417
-0.054909 0.005057 0.044472
-0.051540 0.004526 0.050560
-0.055112 0.006531 0.041598
-0.054928 -0.001402 0.046311
-0.054533 0.006035 0.038676
-0.049710 0.005433 0.050510
-0.055003 0.003005 0.045581
-0.048764 0.006786 0.050538
-0.053126 0.001696 0.050604
-0.054542 0.003445 0.049772
-0.055252 0.000169 0.042375
-0.055319 0.008901 0.041361
-0.054810 0.006389 0.045220
-0.055548 -0.000725 0.043115
-0.055380 0.000986 0.042122
-0.055150 0.006862 0.042440
-0.052906 0.004862 0.050733
-0.052877 0.007467 0.050680
-0.054995 -0.002387 0.047477
-0.054066 0.006878 0.050137
-0.052851 -0.000243 0.050632
-0.052875 0.003138 0.050590
-0.053465 0.004745 0.050625
-0.055175 0.006218 0.041174
-0.054999 -0.002067 0.047490
-0.055135 0.002578 0.042233
-0.055009 0.001467 0.045242
-0.055337 0.004490 0.040905
-0.055840 -0.000406 0.041605
-0.054751 0.006532 0.045614
-0.055180 0.000065 0.044478
-0.055096 0.004806 0.045359
-0.054965 0.001782 0.045085
-0.055340 -0.000908 0.043846
-0.054663 0.004551 0.046109
-0.051700 0.004074 0.050592
-0.055431 -0.002773 0.043521
-0.053895 0.007698 0.050250
-0.052151 -0.001324 0.050568
-0.055180 0.006079 0.042437
-0.049419 0.008036 0.050592
-0.052847 0.006772 0.050703
-0.053827 -0.000879 0.050389
-0.055715 -0.003225 0.042273
-0.055224 0.007886 0.041480
-0.055044 0.008533 0.045285
-0.055179 -0.001087 0.044617
-0.053898 0.007309 0.050301
-0.054825 0.000199 0.047713
-0.054760 0.000585 0.048593
-0.049907 0.008386 0.050629
-0.054978 0.002561 0.045257
-0.055112 0.007645 0.044267
-0.054372 0.001757 0.049460
-0.055041 0.003029 0.042435
-0.054619 0.004840 0.046366
-0.055284 0.001945 0.039954
-0.054845 -0.000668 0.046972
-0.054907 0.006626 0.044434
-0.049024 0.003114 0.050526
-0.055286 0.004756 0.039820
-0.055254 -0.000118 0.043214
-0.049020 0.008183 0.050586
-0.054707 0.002645 0.046859
-0.051799 -0.000095 0.050585
-0.050998 0.002814 0.050475
-0.055109 0.001235 0.044590
-0.054241 0.008431 0.047554
-0.051796 0.000933 0.050592
-0.052443 0.002914 0.050610
-0.054581 0.006539 0.047300
-0.054550 0.003784 0.048613
-0.054700 0.007198 0.045860
-0.054227 0.002080 0.050160
-0.054956 0.005261 0.039100
-0.054788 0.000546 0.047701
-0.055573 0.001063 0.041054
-0.055801 -0.001130 0.042950
-0.055098 -0.001032 0.044994
-0.054874 -0.001764 0.046673
-0.052066 0.005570 0.050628
-0.055284 0.001889 0.041242
-0.048723 0.005488 0.050627
-0.055025 0.001941 0.045644
-0.053222 0.006909 0.050668
-0.054984 0.008757 0.042417
-0.054453 0.005910 0.049659
-0.054638 0.001212 0.047574
-0.052969 0.004011 0.050683
-0.049132 0.004187 0.050561
-0.054856 0.000374 0.046493
-0.055807 -0.001823 0.042940
-0.054779 0.000907 0.049080
-0.055185 -0.002698 0.044355
-0.055072 0.006431 0.043480
-0.053543 0.000058 0.050511
-0.055264 0.002169 0.040297
-0.054866 -0.001174 0.047787
-0.054497 0.002974 0.048425
-0.054332 -0.001672 0.050008
-0.054553 0.002297 0.048770
-0.053330 0.001166 0.050586
-0.054045 0.007870 0.049996
-0.054938 0.001152 0.043109
-0.048838 0.006394 0.050496
-0.054951 -0.002336 0.040227
-0.054999 0.003216 0.045508
-0.054557 0.002810 0.048719
-0.054262 0.006504 0.049766
-0.048677 0.006225 0.050543
-0.050155 -0.000171 0.050504
-0.054730 0.007621 0.048671
-0.054538 0.005110 0.046660
-0.055213 0.007432 0.044049
-0.055036 0.005958 0.039722
-0.054728 0.003476 0.046727
-0.053544 0.001092 0.050548
-0.054692 0.005785 0.045983
-0.055227 -0.001217 0.044334
-0.055669 -0.002847 0.042708
-0.050372 0.001279 0.050500
-0.054021 -0.001130 0.050251
-0.054409 0.002471 0.049621
-0.048799 0.001767 0.050486
-0.048853 0.002734 0.050550
-0.049295 -0.000029 0.050478
-0.052964 -0.000490 0.050629
-0.054804 -0.001426 0.048933
-0.055127 0.006913 0.040294
-0.055338 0.001968 0.040757
-0.053496 0.006046 0.050487
-0.054964 0.005769 0.044604
-0.055005 0.002841 0.042796
-0.049992 0.007644 0.050637
-0.054673 0.003708 0.046441
-0.055046 0.008253 0.039300
-0.052378 0.000205 0.050614
-0.054316 0.004235 0.049628
-0.054590 0.003789 0.048051
-0.054688 0.007877 0.045567
-0.055271 0.005464 0.042277
-0.050520 0.008460 0.050694
-0.049571 0.004618 0.050548
-0.054952 0.006161 0.043811
-0.054325 0.000927 0.049915
-0.053682 0.003597 0.050489
-0.055298 -0.003059 0.043993
-0.054651 0.008372 0.049325
-0.054966 0.001136 0.044730
-0.054534 0.002526 0.048902
-0.055174 0.007243 0.044222
-0.054875 0.001984 0.044116
-0.054707 0.008193 0.047055
-0.054383 0.007848 0.049563
-0.054947 0.006544 0.048754
-0.054857 -0.001976 0.049133
-0.052026 0.000257 0.050586
-0.053042 -0.000154 0.050636
-0.054754 0.001876 0.046108
-0.055173 0.007596 0.043519
-0.055171 0.008847 0.044905
-0.055174 0.004398 0.041166
-0.048706 0.000808 0.050551
-0.055319 0.008868 0.040930
-0.055198 0.007264 0.043660
-0.055174 -0.002620 0.045053
-0.055033 0.001961 0.044925
-0.054899 0.004079 0.043121
-0.054509 0.002935 0.049741
-0.054782 0.001337 0.047140
-0.055032 0.005134 0.045430
-0.051832 -0.000728 0.050522
-0.054986 0.007225 0.045024
-0.050792 0.003457 0.050507
-0.053490 0.000738 0.050551
-0.054786 0.000336 0.047617
-0.055323 0.008463 0.041493
-0.054672 0.001999 0.046264
-0.055224 -0.001847 0.044102
-0.054546 0.002687 0.047278
-0.054029 0.004838 0.050174
-0.054906 -0.000874 0.047566
-0.055002 0.002450 0.043320
-0.054534 0.007706 0.046883
-0.054763 0.005191 0.045978
-0.055319 0.004263 0.039811
-0.054490 -0.001091 0.049473
-0.055030 0.001845 0.045410
-0.053150 -0.001084 0.050591
-0.054286 0.000084 0.038995
-0.055092 0.004097 0.044585
-0.055154 0.004157 0.042074
-0.054946 0.002870 0.043753
-0.055116 -0.002129 0.045940
-0.054255 0.000597 0.050010
-0.055337 -0.000074 0.040071
-0.054797 -0.000772 0.046571
-0.051063 0.001310 0.050567
-0.054718 0.007617 0.045667
-0.054664 0.004209 0.049208
-0.055141 0.005881 0.041519
-0.055918 0.000348 0.041592
-0.052503 0.007200 0.050695
-0.052570 0.005111 0.050700
-0.053574 0.003401 0.050487
-0.054627 0.001666 0.047705
-0.055218 0.005375 0.041759
-0.050998 0.000196 0.050570
-0.054609 0.003646 0.047695
-0.049496 0.002394 0.050578
-0.054987 0.003160 0.042753
-0.054907 0.008284 0.045402
-0.055250 0.002465 0.040347
-0.048769 0.000587 0.050522
-0.054793 -0.001414 0.047063
-0.054723 0.003336 0.046127
-0.050829 0.001993 0.050560
-0.054760 0.000444 0.048491
-0.052941 0.005224 0.050727
-0.054931 -0.001844 0.048299
-0.054555 0.003639 0.046138
-0.054890 0.006967 0.049283
-0.050204 0.000530 0.050483
-0.054367 0.003005 0.048079
-0.051062 0.004882 0.050565
-0.054671 0.001768 0.048716
-0.054901 0.004515 0.043649
-0.055080 -0.000022 0.045562
-0.055095 0.004466 0.044812
-0.050974 -0.001485 0.050511
-0.055503 -0.000271 0.040522
-0.049586 0.001341 0.050556
-0.055329 -0.001416 0.043618
-0.054915 0.003029 0.045654
-0.054573 0.004204 0.047374
-0.053895 0.007698 0.050250
-0.054331 0.007233 0.047176
-0.054675 0.004681 0.049465
-0.054780 0.004892 0.048784
-0.054868 -0.000332 0.048149
-0.055266 0.007821 0.040452
-0.054386 -0.000443 0.049708
-0.052986 0.005548 0.050714
-0.051297 0.007070 0.050626
-0.053526 -0.000317 0.050473
-0.048662 0.005691 0.050581
-0.055008 0.003584 0.045467
-0.050424 0.000787 0.050476
-0.055128 0.004212 0.045341
-0.055768 -0.002341 0.042770
-0.050576 0.001737 0.050583
-0.055639 0.000727 0.041985
-0.054047 0.006499 0.050219
-0.054832 0.004993 0.049114
-0.055836 -0.001616 0.042708
-0.055121 0.000978 0.044309
-0.054567 0.004400 0.047072
-0.054969 0.006124 0.044704
-0.055020 0.005616 0.039388
-0.054683 0.005476 0.046091
-0.055245 0.001402 0.041173
-0.055770 -0.000807 0.042869
-0.054622 0.005758 0.047097
-0.052948 0.006415 0.050655
-0.051417 0.001440 0.050567
-0.055236 -0.003405 0.040507
-0.050742 0.005090 0.050586
-0.055324 0.000898 0.042291
-0.054603 0.006214 0.047591
-0.054421 0.002733 0.049934
-0.054698 0.002451 0.046319
-0.052536 -0.001040 0.050562
-0.054981 -0.000720 0.039794
-0.052632 0.006971 0.050724
-0.053680 0.000564 0.050486
-0.054934 -0.001513 0.047731
-0.050616 0.005869 0.050533
-0.049707 0.007799 0.050646
-0.055316 -0.000076 0.043621
-0.053366 0.006631 0.050557
-0.049032 0.000320 0.050503
-0.049835 -0.000169 0.050437
-0.054703 0.005570 0.048102
-0.055162 0.006786 0.043674
-0.054513 0.002047 0.049163
-0.052985 0.006942 0.050718
-0.054359 -0.001978 0.050034
-0.054710 0.006436 0.049464
-0.052937 0.003518 0.050590
-0.054876 -0.001869 0.046887
-0.055267 0.001861 0.042714
-0.055253 0.003465 0.040202
-0.053286 0.002332 0.050606
-0.055193 0.002110 0.042069
-0.054890 0.004995 0.043625
-0.055183 0.006779 0.043960
-0.054870 -0.001007 0.048081
-0.055059 0.004082 0.045071
-0.053759 -0.000235 0.050409
-0.054576 -0.001385 0.039591
-0.048628 0.004291 0.050560
-0.049287 0.001547 0.050490
-0.052053 0.003904 0.050644
-0.049572 0.002963 0.050499
-0.049707 0.007799 0.050646
-0.049192 0.006091 0.050518
-0.055235 0.001519 0.041394
-0.055458 -0.000087 0.042583
-0.053200 0.003121 0.050617
-0.050832 0.001569 0.050556
-0.054539 0.006977 0.047848
-0.054543 0.003691 0.048256
-0.055279 0.002902 0.040457
-0.055079 0.000069 0.045400
-0.054973 -0.001755 0.047940
-0.055030 0.006285 0.039845
-0.055029 0.008058 0.041959
-0.055458 0.001163 0.041367
-0.048564 0.004121 0.050520
-0.054897 -0.001927 0.048441
-0.053342 0.008667 0.050544
-0.055316 -0.001208 0.043871
-0.054902 0.000641 0.046151
-0.050551 0.000337 0.050483
-0.051945 0.004368 0.050622
-0.054899 0.003990 0.038918
-0.050284 0.005610 0.050564
-0.055115 0.005994 0.043056
-0.053962 0.004587 0.050345
-0.054999 0.008098 0.042557
-0.054643 0.003842 0.049056
-0.055175 -0.001742 0.045472
-0.054628 0.004373 0.048058
-0.049834 0.000695 0.050453
-0.054469 0.007933 0.038614
-0.053841 0.003884 0.050505
-0.054611 -0.001763 0.039736
-0.054992 0.003778 0.042744
-0.054976 0.008888 0.042705
-0.055146 0.008880 0.039741
-0.054840 0.005744 0.048589
-0.054949 0.007721 0.045359
-0.055203 0.007448 0.040897
-0.053133 -0.000714 0.050592
-0.055132 0.002872 0.039334
-0.054843 0.007885 0.045453
-0.053397 -0.000879 0.050548
-0.055409 -0.001599 0.040988
-0.053040 0.005840 0.050667
-0.054923 -0.001854 0.040152
-0.055311 0.003799 0.040758
-0.054973 0.006438 0.044320
-0.054543 0.003691 0.048256
-0.054556 0.002311 0.047362
-0.055206 0.004665 0.042733
-0.054351 0.003954 0.050082
-0.054938 0.006098 0.048698
-0.050584 0.004612 0.050535
