0.066112 0.077650 0.052478
0.061933 0.071002 0.052100
0.067264 0.072004 0.051883
0.063931 0.075559 0.052052
0.068129 0.072964 0.051955
0.068388 0.063436 0.051352
0.066716 0.069492 0.051659
0.061776 0.073011 0.052312
0.070986 0.067965 0.051737
0.063106 0.068584 0.052059
0.061263 0.072774 0.052339
0.061646 0.075915 0.052223
0.064119 0.066344 0.051757
0.061612 0.065889 0.052068
0.060219 0.071705 0.052244
0.062356 0.077129 0.052202
0.060280 0.067492 0.052194
0.067193 0.064887 0.051405
0.072745 0.071736 0.051780
0.062497 0.066180 0.051991
0.072928 0.071680 0.051789
0.061670 0.072750 0.052302
0.066052 0.075132 0.052210
0.061298 0.075143 0.052316
0.060850 0.073674 0.052338
0.064329 0.075663 0.052051
0.069845 0.065724 0.051607
0.069046 0.064261 0.051461
0.068045 0.066402 0.051511
0.062824 0.073559 0.052161
0.067995 0.068606 0.051577
0.070572 0.074614 0.052085
0.062961 0.072054 0.051876
0.069851 0.067626 0.051616
0.067870 0.072343 0.051936
0.072181 0.070843 0.051799
0.063447 0.070901 0.051974
0.067966 0.069452 0.051613
0.063608 0.065144 0.051757
0.069663 0.066273 0.051615
0.067330 0.077691 0.052647
0.067204 0.071757 0.051875
0.068030 0.070474 0.051681
0.069063 0.064941 0.051510
0.071197 0.071232 0.051902
0.064499 0.074527 0.052039
0.062521 0.073322 0.052170
0.061224 0.071095 0.052142
0.063031 0.071581 0.051905
0.062329 0.074347 0.052247
0.059753 0.071900 0.052252
0.063610 0.073515 0.052055
0.067286 0.068464 0.051564
0.064420 0.066872 0.051779
0.065344 0.067796 0.051754
0.068919 0.063921 0.051430
0.065851 0.063987 0.051408
0.067314 0.067447 0.051530
0.065311 0.071890 0.051861
0.061874 0.065961 0.052028
0.065946 0.066750 0.051636
0.063803 0.076744 0.052280
0.063398 0.070347 0.052022
0.064284 0.073429 0.051994
0.067995 0.068606 0.051577
0.068249 0.066135 0.051509
0.066878 0.068029 0.051587
0.063409 0.076231 0.052244
0.061078 0.067108 0.052188
0.060545 0.066773 0.052180
0.070211 0.071442 0.051932
0.061767 0.070154 0.052145
0.064783 0.070649 0.051845
0.070355 0.066067 0.051638
0.072154 0.071247 0.051782
0.068234 0.075138 0.052004
0.060547 0.068504 0.052186
0.060465 0.066183 0.052148
0.067657 0.064346 0.051379
0.067293 0.074165 0.052032
0.062546 0.073563 0.052213
0.060280 0.067492 0.052194
0.067763 0.068476 0.051564
0.067719 0.075298 0.052017
0.065155 0.071676 0.051803
0.061798 0.076617 0.052314
0.071032 0.073235 0.051948
0.064640 0.069660 0.051910
0.063565 0.064495 0.051708
0.068615 0.067169 0.051551
0.071944 0.071155 0.051785
0.058819 0.069464 0.052057
0.070377 0.066705 0.051650
0.067551 0.073669 0.052033
0.063629 0.068153 0.051998
0.065301 0.065568 0.051538
0.064350 0.069717 0.051946
0.068242 0.072388 0.051939
0.070231 0.070933 0.051902
0.069358 0.073498 0.052021
0.061432 0.072514 0.052307
0.068047 0.075434 0.052020
0.062439 0.065943 0.051966
0.065682 0.075676 0.052239
0.062618 0.069383 0.052132
0.063931 0.075559 0.052052
0.066438 0.077087 0.052485
0.065897 0.071564 0.051786
0.067281 0.065469 0.051455
0.069043 0.067446 0.051591
0.071371 0.071466 0.051875
0.064135 0.072359 0.051844
0.068285 0.065593 0.051505
0.068809 0.075916 0.052212
0.062836 0.065135 0.051848
0.065690 0.064195 0.051419
0.066645 0.066212 0.051532
0.063944 0.065829 0.051754
0.067785 0.075564 0.052087
0.061215 0.066221 0.052098
0.068074 0.075831 0.052143
0.061745 0.071503 0.052119
0.062765 0.076501 0.052263
0.064564 0.075899 0.052058
0.061460 0.071283 0.052148
0.068791 0.070090 0.051663
0.063833 0.064715 0.051677
0.065093 0.074234 0.052075
0.064547 0.077157 0.052290
0.067773 0.064629 0.051401
0.061897 0.075925 0.052192
0.060962 0.068910 0.052184
0.063535 0.068606 0.052009
0.066470 0.067359 0.051614
0.071023 0.073958 0.051948
0.065773 0.071772 0.051836
0.060866 0.073906 0.052357
0.068919 0.063921 0.051430
0.061871 0.075446 0.052152
0.071916 0.069990 0.051847
0.067400 0.076698 0.052429
0.067398 0.070410 0.051723
0.060916 0.069261 0.052154
0.067411 0.075662 0.052210
0.062005 0.069074 0.052196
0.062052 0.076466 0.052283
0.066637 0.070417 0.051696
0.060185 0.067647 0.052231
0.068368 0.070420 0.051663
0.067497 0.074576 0.052010
0.061247 0.065285 0.052032
0.071264 0.070534 0.051897
0.061377 0.073877 0.052349
0.060148 0.068724 0.052181
0.064566 0.065142 0.051582
0.065913 0.067745 0.051676
0.065828 0.074665 0.052132
0.067913 0.073045 0.051996
0.064432 0.063716 0.051508
0.061149 0.067624 0.052186
0.068892 0.067249 0.051580
0.065523 0.073811 0.052024
0.063990 0.069143 0.051976
0.067655 0.073322 0.052023
0.062428 0.069643 0.052141
0.069484 0.071444 0.051896
0.066552 0.071475 0.051824
0.066669 0.072440 0.051953
0.065693 0.066447 0.051622
0.065228 0.075280 0.052043
0.067165 0.065731 0.051475
0.059399 0.070524 0.052061
0.067358 0.076458 0.052378
0.062602 0.069878 0.052112
0.071711 0.069413 0.051849
0.061289 0.074854 0.052356
0.062149 0.076720 0.052281
0.063788 0.072021 0.051852
0.069157 0.072601 0.051955
0.067524 0.072100 0.051854
0.062012 0.066444 0.052072
0.061728 0.075328 0.052188
0.072314 0.071997 0.051848
0.063128 0.074025 0.052181
0.068793 0.069401 0.051629
0.070353 0.073446 0.052005
0.064559 0.075246 0.052071
0.059930 0.069356 0.052119
0.061795 0.071716 0.052124
0.065169 0.074015 0.052056
0.061990 0.074862 0.052233
0.070860 0.071223 0.051896
0.069484 0.071444 0.051896
0.060442 0.065766 0.052121
0.064197 0.065533 0.051686
0.065375 0.069642 0.051771
0.067634 0.074185 0.052003
0.067688 0.068079 0.051532
0.061647 0.067419 0.052176
0.072062 0.069999 0.051844
0.067786 0.066542 0.051510
0.070628 0.074321 0.052057
0.069745 0.071226 0.051882
0.062678 0.069051 0.052125
0.067380 0.075366 0.052131
0.066729 0.063642 0.051320
0.065232 0.072247 0.051895
0.062284 0.071006 0.052071
0.063461 0.073003 0.051940
0.062836 0.069735 0.052095
0.071365 0.069294 0.051848
0.068782 0.068858 0.051622
0.069090 0.070465 0.051710
0.069779 0.067336 0.051615
0.070253 0.072167 0.051963
0.063362 0.069701 0.052046
0.065944 0.066538 0.051622
0.067819 0.069866 0.051633
0.065669 0.068002 0.051718
0.065246 0.074528 0.052046
0.067891 0.077971 0.052571
0.060410 0.072577 0.052329
0.069247 0.068915 0.051659
0.069557 0.070652 0.051788
0.062473 0.076420 0.052265
0.067907 0.067247 0.051518
0.063221 0.072641 0.051925
0.066541 0.065784 0.051509
0.066806 0.074644 0.052067
0.070332 0.067974 0.051695
0.067585 0.067599 0.051518
0.063516 0.076694 0.052254
0.062120 0.075932 0.052218
0.065682 0.075676 0.052239
0.062868 0.067363 0.052048
0.069412 0.064184 0.051495
0.064195 0.068274 0.051948
0.069351 0.072380 0.051952
0.067569 0.064785 0.051410
0.062313 0.070086 0.052125
0.068216 0.077004 0.052498
0.065044 0.069170 0.051836
0.065058 0.076091 0.052190
0.067301 0.076294 0.052332
0.068045 0.066402 0.051511
0.071083 0.072799 0.051972
0.066187 0.064746 0.051453
0.060219 0.071705 0.052244
0.067393 0.071169 0.051818
0.071603 0.072668 0.051938
0.067786 0.066542 0.051510
0.061387 0.068912 0.052212
0.066183 0.073935 0.052052
0.065523 0.073811 0.052024
0.068309 0.071177 0.051796
0.062132 0.072460 0.052151
0.065196 0.066836 0.051697
0.064286 0.066063 0.051713
0.072880 0.072097 0.051837
0.061517 0.067746 0.052169
0.071293 0.072495 0.051938
0.059078 0.069347 0.052068
0.069663 0.066273 0.051615
0.067319 0.064653 0.051394
0.060776 0.071326 0.052197
0.067759 0.072100 0.051898
0.065134 0.066453 0.051652
0.071430 0.073516 0.051983
0.066273 0.069091 0.051680
0.065698 0.064497 0.051433
0.066135 0.065975 0.051554
0.066030 0.069266 0.051680
0.066950 0.072615 0.051966
0.061971 0.072065 0.052142
0.060185 0.066188 0.052159
0.066409 0.077784 0.052549
0.065435 0.073284 0.052012
0.068379 0.070955 0.051746
0.063089 0.068077 0.052050
0.068360 0.072620 0.051943
0.066135 0.065975 0.051554
0.066315 0.070447 0.051697
0.067915 0.065798 0.051488
0.063332 0.067961 0.052024
0.068816 0.072188 0.051934
0.061027 0.066383 0.052093
0.063576 0.071384 0.051900
0.068097 0.075647 0.052095
0.060875 0.073385 0.052296
0.068730 0.071455 0.051841
0.061460 0.064321 0.051967
0.070913 0.070351 0.051906
0.065992 0.071259 0.051801
0.069895 0.068991 0.051741
0.059977 0.071632 0.052238
0.071266 0.068161 0.051773
0.062132 0.072460 0.052151
0.068561 0.072916 0.051965
0.067014 0.064577 0.051389
0.063359 0.071539 0.051903
0.071048 0.068513 0.051788
0.064419 0.073756 0.052058
0.067928 0.068852 0.051591
0.065901 0.075384 0.052243
0.066241 0.065101 0.051468
0.065865 0.074134 0.052098
0.068615 0.067169 0.051551
0.063235 0.071908 0.051881
0.061154 0.064983 0.052026
0.062030 0.076949 0.052272
0.061362 0.063991 0.051977
0.066922 0.069850 0.051662
0.064006 0.076461 0.052199
0.061699 0.064017 0.051951
0.069425 0.073917 0.052019
0.061194 0.066710 0.052128
0.069247 0.067920 0.051623
0.067132 0.070402 0.051724
0.067039 0.073975 0.052035
0.067320 0.077356 0.052571
0.063493 0.074254 0.052158
0.068787 0.066812 0.051566
0.062384 0.072411 0.052057
0.063881 0.075004 0.052200
0.066288 0.074948 0.052185
0.065232 0.072247 0.051895
0.067869 0.064152 0.051368
0.068350 0.064973 0.051464
0.063224 0.065087 0.051801
0.064183 0.067092 0.051832
0.062023 0.068098 0.052137
0.069029 0.068828 0.051640
0.065969 0.070173 0.051706
0.069390 0.064430 0.051502
0.070522 0.072820 0.051968
0.069854 0.075264 0.052102
0.063504 0.072686 0.051936
0.068350 0.075449 0.052037
0.061882 0.072301 0.052195
0.064896 0.071778 0.051825
0.071916 0.069990 0.051847
0.071484 0.071337 0.051863
0.065040 0.074051 0.052089
0.067333 0.074473 0.052020
0.071444 0.071968 0.051916
0.066548 0.063985 0.051358
0.064061 0.072780 0.051867
0.068854 0.070988 0.051771
0.065030 0.072030 0.051857
0.066733 0.068296 0.051606
0.068712 0.063265 0.051388
0.067410 0.067104 0.051519
0.069643 0.073023 0.051967
0.067055 0.066877 0.051538
0.060569 0.065667 0.052121
0.062913 0.070045 0.052076
0.063064 0.065601 0.051866
0.063642 0.063923 0.051649
0.071756 0.072339 0.051916
0.070857 0.073656 0.052007
0.068250 0.074575 0.052002
0.069565 0.074102 0.052042
0.064133 0.070746 0.051915
0.063834 0.076120 0.052093
0.070725 0.067526 0.051687
0.070680 0.068130 0.051722
0.060890 0.074647 0.052369
0.068419 0.070696 0.051700
0.065374 0.069150 0.051781
0.063106 0.068584 0.052059
0.066833 0.073497 0.051988
0.066192 0.076418 0.052408
0.064592 0.070951 0.051838
0.061737 0.071292 0.052111
0.070523 0.069534 0.051824
0.060458 0.068718 0.052174
0.063535 0.067715 0.051986
0.070444 0.067284 0.051663
0.068097 0.075647 0.052095
0.060248 0.072053 0.052298
0.060829 0.066747 0.052172
0.070128 0.069804 0.051779
0.062998 0.075136 0.052262
0.070553 0.070285 0.051853
0.070032 0.068270 0.051710
0.070180 0.074842 0.052033
0.067237 0.076005 0.052317
0.062156 0.066072 0.052008
0.068369 0.064089 0.051404
0.063062 0.073684 0.052141
0.069419 0.071781 0.051932
0.068550 0.064802 0.051464
0.060949 0.069573 0.052143
0.070428 0.067643 0.051675
0.065055 0.067683 0.051800
0.063882 0.070245 0.051980
0.063455 0.069447 0.052034
0.061175 0.064491 0.051997
0.066135 0.077304 0.052428
0.067729 0.069421 0.051618
0.066478 0.071739 0.051861
0.070145 0.071888 0.051953
0.062539 0.070842 0.052042
0.068701 0.064212 0.051436
0.071973 0.071281 0.051792
0.065809 0.073066 0.052011
0.060201 0.069840 0.052119
0.071931 0.070851 0.051803
0.064820 0.073352 0.051983
0.060522 0.070395 0.052127
0.062968 0.064326 0.051796
0.067773 0.067840 0.051500
0.068699 0.074232 0.052034
0.059908 0.068879 0.052165
0.069946 0.072947 0.051940
0.067417 0.073272 0.052024
0.062701 0.071592 0.051923
0.067069 0.074732 0.052068
0.068090 0.070991 0.051766
0.069223 0.065678 0.051552
0.062546 0.073563 0.052213
0.070762 0.070524 0.051902
0.065200 0.074933 0.052051
0.064006 0.076461 0.052199
0.072843 0.071352 0.051719
0.060152 0.066480 0.052127
0.066007 0.064604 0.051448
0.064266 0.067929 0.051920
0.065683 0.064667 0.051440
0.061961 0.066991 0.052133
0.061617 0.065202 0.051975
0.067047 0.064242 0.051350
0.067759 0.072100 0.051898
0.068918 0.070708 0.051726
0.060964 0.067981 0.052198
0.062155 0.073032 0.052235
0.063918 0.067701 0.051945
0.065984 0.064317 0.051425
0.063762 0.074582 0.052193
0.070226 0.073138 0.051980
0.063339 0.071233 0.051946
0.062947 0.074373 0.052219
0.060219 0.071705 0.052244
0.067506 0.065188 0.051437
0.062063 0.066766 0.052081
0.066886 0.069642 0.051644
0.069121 0.075887 0.052218
0.066396 0.066018 0.051540
0.066847 0.070533 0.051725
0.072168 0.072355 0.051904
0.063920 0.074383 0.052131
0.071386 0.072873 0.051961
0.059546 0.071399 0.052169
0.061647 0.067419 0.052176
0.067107 0.076395 0.052401
0.063254 0.066881 0.051937
0.063396 0.069228 0.052038
0.061580 0.075478 0.052168
0.068676 0.070495 0.051676
0.062903 0.071836 0.051870
0.067524 0.068340 0.051541
0.067499 0.072325 0.051926
0.066648 0.074262 0.052052
0.060833 0.074407 0.052362
0.063461 0.073003 0.051940
0.062102 0.063778 0.051899
0.072426 0.072154 0.051868
0.063493 0.074254 0.052158
0.068963 0.072350 0.051944
0.068723 0.072998 0.051986
0.070099 0.072825 0.051954
0.069473 0.072648 0.051964
0.072432 0.071348 0.051753
0.068699 0.074232 0.052034
0.061996 0.065082 0.051933
0.063360 0.068336 0.052025
0.070119 0.070086 0.051812
0.067129 0.070826 0.051768
0.067531 0.068685 0.051579
0.060401 0.067941 0.052229
0.067061 0.072100 0.051866
0.069802 0.069342 0.051720
0.066847 0.072946 0.051994
0.060916 0.069261 0.052154
0.072193 0.071016 0.051784
0.061497 0.066186 0.052097
0.064592 0.070951 0.051838
0.061916 0.069425 0.052184
0.069070 0.063432 0.051416
0.068398 0.067734 0.051530
0.060998 0.072628 0.052345
0.070709 0.067829 0.051709
0.060996 0.074222 0.052379
0.060023 0.072698 0.052242
0.071435 0.070998 0.051875
0.064021 0.068859 0.051972
0.067082 0.073629 0.052020
0.064233 0.067559 0.051886
0.066784 0.064009 0.051339
0.064051 0.076029 0.052075
0.062509 0.075624 0.052234
0.063182 0.069139 0.052047
0.065157 0.073120 0.052000
0.061939 0.075166 0.052198
0.061106 0.073425 0.052357
0.068980 0.068680 0.051617
0.069667 0.075261 0.052111
0.064702 0.073674 0.051982
0.069187 0.073978 0.052009
0.064520 0.077479 0.052400
0.069537 0.066833 0.051600
0.065614 0.071135 0.051799
0.063206 0.069393 0.052063
0.060469 0.071659 0.052200
0.070981 0.071700 0.051922
0.063608 0.070160 0.052004
0.063648 0.077381 0.052315
0.066554 0.071084 0.051775
0.066295 0.068909 0.051676
0.061740 0.066779 0.052131
0.068550 0.074015 0.052017
0.061483 0.072181 0.052247
0.062698 0.067561 0.052084
0.065086 0.065006 0.051487
0.064645 0.064447 0.051506
0.069407 0.068160 0.051653
0.069861 0.070003 0.051754
0.062283 0.071302 0.052050
0.070881 0.074456 0.052066
0.069450 0.067848 0.051637
0.066608 0.065102 0.051449
0.069832 0.071763 0.051941
0.059133 0.070072 0.052050
0.066992 0.074280 0.052037
0.065845 0.073921 0.052062
0.070446 0.070607 0.051892
0.070659 0.067062 0.051663
0.064024 0.067335 0.051882
0.062632 0.076963 0.052182
0.070526 0.069202 0.051820
0.062334 0.073670 0.052263
0.069269 0.070690 0.051760
0.066514 0.068037 0.051610
0.062489 0.070301 0.052090
0.071530 0.070053 0.051850
0.061972 0.071440 0.052084
0.060160 0.070809 0.052171
0.072062 0.069999 0.051844
0.062754 0.065726 0.051920
0.066774 0.075300 0.052186
0.062411 0.076082 0.052229
0.060711 0.065202 0.052051
0.063151 0.067597 0.052023
0.069383 0.073205 0.052000
0.062764 0.064502 0.051836
0.065784 0.069502 0.051692
0.067272 0.068080 0.051543
0.069390 0.064430 0.051502
0.069867 0.071489 0.051924
0.062836 0.069735 0.052095
0.066785 0.074948 0.052115
0.069087 0.071608 0.051898
0.062220 0.074195 0.052279
0.064637 0.065552 0.051610
0.063309 0.068878 0.052034
0.062428 0.069643 0.052141
0.071019 0.069625 0.051854
0.062848 0.072186 0.051880
0.069785 0.073511 0.051998
0.061658 0.073317 0.052330
0.064060 0.063817 0.051568
0.068909 0.074484 0.052055
0.062211 0.068226 0.052103
0.070239 0.069376 0.051797
0.071611 0.071724 0.051873
0.061450 0.066784 0.052138
0.059982 0.069699 0.052106
0.071681 0.070139 0.051853
0.065867 0.070586 0.051745
0.070680 0.068130 0.051722
0.068029 0.064468 0.051409
0.065058 0.076091 0.052190
0.064839 0.066645 0.051708
0.060647 0.070495 0.052121
0.061721 0.072016 0.052184
0.061651 0.069580 0.052179
0.059258 0.069266 0.052070
0.069634 0.068114 0.051671
0.062074 0.073882 0.052299
0.064509 0.070714 0.051868
0.061012 0.073131 0.052344
0.062367 0.069261 0.052168
0.065600 0.064916 0.051458
0.062943 0.074839 0.052236
0.065527 0.074353 0.052088
0.071375 0.068423 0.051790
0.067301 0.076294 0.052332
0.067988 0.065196 0.051468
0.065797 0.065904 0.051560
0.068633 0.066191 0.051517
0.068524 0.076563 0.052340
0.071594 0.070737 0.051861
0.066772 0.064758 0.051416
0.065644 0.068350 0.051728
0.064072 0.074172 0.052138
0.068670 0.064498 0.051450
0.061140 0.070725 0.052153
0.066275 0.075612 0.052312
0.060715 0.068797 0.052174
0.068474 0.077155 0.052508
0.063078 0.065918 0.051896
0.064025 0.071116 0.051876
0.062454 0.075329 0.052249
0.060939 0.064710 0.052028
0.064242 0.074386 0.052123
0.068097 0.073771 0.051978
0.064623 0.072467 0.051847
0.069306 0.073741 0.052016
0.064359 0.070213 0.051924
0.064745 0.076908 0.052266
0.066258 0.070981 0.051771
0.069159 0.075680 0.052177
0.069327 0.075585 0.052145
0.058916 0.070295 0.052037
0.060759 0.069141 0.052154
0.066261 0.069630 0.051680
0.067798 0.071520 0.051860
0.059668 0.071673 0.052191
0.060770 0.067714 0.052216
0.071380 0.069399 0.051840
0.070438 0.071252 0.051927
0.062707 0.065466 0.051877
0.069916 0.074361 0.052079
0.063517 0.075116 0.052276
0.062405 0.073366 0.052207
0.068077 0.075961 0.052187
0.064680 0.073953 0.052086
0.065999 0.074242 0.052099
0.063109 0.063998 0.051755
0.061443 0.067352 0.052180
0.070970 0.071444 0.051921
0.063752 0.077053 0.052335
0.071055 0.073434 0.051970
0.067991 0.077601 0.052548
0.066866 0.065926 0.051497
0.062547 0.072249 0.051978
0.068859 0.076102 0.052237
0.064761 0.073061 0.051950
0.060489 0.066536 0.052125
0.060407 0.070979 0.052191
0.062659 0.072523 0.051957
0.066871 0.076137 0.052368
0.059740 0.067311 0.052254
0.069425 0.073917 0.052019
0.065865 0.065155 0.051477
0.062674 0.066470 0.051998
0.069802 0.070273 0.051768
0.067162 0.063988 0.051338
0.071465 0.072217 0.051925
0.060152 0.066480 0.052127
0.064378 0.076244 0.052164
0.064419 0.073756 0.052058
0.063233 0.066555 0.051909
0.068148 0.071559 0.051868
0.063015 0.068242 0.052067
0.062922 0.072710 0.051923
0.066174 0.073456 0.052026
0.066560 0.076148 0.052398
0.063801 0.074063 0.052130
0.062296 0.070794 0.052074
0.068277 0.064698 0.051443
0.061646 0.076240 0.052302
0.068281 0.068343 0.051564
0.068369 0.069308 0.051613
0.062283 0.066917 0.052086
0.060653 0.072751 0.052344
0.071881 0.071497 0.051823
0.065694 0.065611 0.051529
0.069699 0.066585 0.051619
0.064687 0.067792 0.051860
0.061692 0.068848 0.052206
0.065118 0.072817 0.051972
0.066863 0.070171 0.051693
0.069964 0.073157 0.051974
0.068430 0.064474 0.051435
0.062283 0.071302 0.052050
0.066872 0.070749 0.051748
0.067879 0.075954 0.052192
0.069309 0.074198 0.052034
0.059589 0.070786 0.052110
0.063934 0.077221 0.052347
0.063592 0.066206 0.051840
0.064008 0.073388 0.051996
0.071384 0.070006 0.051878
0.070151 0.070706 0.051876
0.060930 0.065726 0.052105
0.065644 0.068350 0.051728
0.068141 0.077291 0.052548
0.069668 0.069595 0.051704
0.068419 0.070696 0.051700
0.065486 0.071623 0.051837
0.066547 0.075434 0.052256
0.062831 0.071034 0.052001
0.070155 0.068742 0.051761
0.070722 0.069746 0.051855
0.069357 0.074765 0.052082
0.062244 0.075006 0.052240
0.065979 0.065727 0.051541
0.059610 0.070195 0.052044
0.066192 0.069799 0.051684
0.060949 0.074819 0.052377
0.069292 0.070255 0.051709
0.061150 0.068596 0.052209
0.064882 0.077221 0.052345
0.068095 0.063995 0.051380
0.066807 0.076374 0.052416
0.067652 0.066822 0.051511
0.059491 0.068140 0.052219
0.061146 0.069813 0.052145
0.065586 0.065314 0.051496
0.067570 0.076179 0.052302
0.059968 0.072376 0.052272
0.069490 0.067523 0.051617
0.063696 0.066010 0.051809
0.069438 0.069932 0.051704
0.072567 0.071623 0.051768
0.062441 0.068268 0.052109
0.060755 0.074110 0.052361
0.070163 0.071695 0.051929
0.064368 0.074435 0.052063
0.062722 0.068490 0.052099
0.061478 0.074421 0.052285
0.068595 0.072754 0.051964
0.070073 0.069553 0.051771
0.064153 0.068616 0.051952
0.066885 0.066487 0.051546
0.070037 0.065444 0.051602
0.062889 0.073034 0.052019
0.064659 0.070385 0.051872
0.070570 0.066541 0.051645
0.072465 0.071851 0.051815
0.069678 0.065276 0.051573
0.060786 0.070244 0.052125
0.064783 0.071488 0.051816
0.070278 0.074001 0.051997
0.066239 0.064199 0.051402
0.060757 0.069913 0.052132
0.061914 0.076355 0.052285
0.068549 0.070228 0.051642
0.063763 0.066977 0.051867
0.070898 0.068763 0.051804
0.065086 0.063620 0.051437
0.064560 0.074269 0.052105
0.065019 0.070830 0.051812
0.064417 0.071568 0.051809
0.068285 0.065593 0.051505
0.066638 0.077314 0.052532
0.068044 0.063490 0.051344
0.062750 0.074680 0.052235
0.067998 0.064810 0.051437
0.070659 0.067062 0.051663
0.065814 0.075248 0.052199
0.068423 0.074888 0.052021
0.065865 0.065155 0.051477
0.067072 0.075176 0.052139
0.066728 0.072147 0.051906
0.063524 0.076052 0.052183
0.067458 0.063692 0.051328
0.068474 0.077155 0.052508
0.064067 0.072132 0.051837
0.065645 0.067244 0.051695
0.062186 0.067751 0.052133
0.062331 0.064746 0.051876
0.059426 0.071105 0.052114
0.060912 0.065312 0.052056
0.061475 0.073026 0.052346
0.069875 0.073646 0.051989
0.063273 0.064400 0.051749
0.062355 0.075799 0.052207
0.063665 0.074803 0.052238
0.065608 0.073171 0.052023
0.068285 0.066448 0.051526
0.068234 0.072114 0.051907
0.070649 0.073923 0.051959
0.062367 0.069261 0.052168
0.061924 0.073238 0.052309
0.065507 0.064580 0.051435
0.061517 0.065374 0.052020
0.061945 0.073578 0.052305
0.061889 0.066623 0.052101
0.061931 0.076158 0.052242
0.065860 0.070952 0.051781
0.062719 0.073290 0.052117
0.062843 0.072406 0.051909
0.068163 0.076037 0.052208
0.065414 0.065169 0.051481
0.068066 0.067101 0.051528
0.063711 0.071120 0.051914
0.068830 0.068258 0.051599
0.064985 0.072224 0.051873
0.071239 0.074028 0.051976
0.067515 0.071771 0.051869
0.068935 0.070219 0.051682
0.069355 0.069185 0.051673
0.060635 0.072172 0.052334
0.062539 0.070842 0.052042
0.068553 0.072315 0.051935
0.060671 0.072475 0.052363
0.068943 0.075665 0.052166
0.063859 0.075268 0.052157
0.071987 0.072558 0.051914
0.068349 0.072949 0.051978
0.060662 0.068053 0.052214
0.067950 0.071867 0.051902
0.063194 0.074285 0.052179
0.066050 0.073212 0.052019
0.069879 0.066930 0.051627
0.066059 0.071747 0.051799
0.066200 0.067947 0.051648
0.069836 0.074120 0.052046
0.061594 0.065644 0.052034
0.066031 0.067489 0.051654
0.060412 0.070152 0.052126
0.063972 0.074660 0.052173
0.067534 0.070923 0.051786
0.067059 0.069511 0.051647
0.068597 0.068254 0.051576
0.068076 0.068867 0.051596
0.065435 0.069450 0.051760
0.061713 0.068118 0.052133
0.060094 0.067374 0.052241
0.064924 0.064362 0.051461
0.066059 0.071747 0.051799
0.067503 0.066380 0.051507
0.066025 0.074453 0.052121
0.069055 0.065471 0.051533
0.069745 0.072050 0.051955
0.063873 0.069964 0.051990
0.065195 0.071004 0.051789
0.060919 0.071031 0.052166
0.068976 0.072841 0.051976
0.064881 0.067495 0.051809
0.070664 0.068521 0.051764
0.066065 0.072945 0.051985
0.063741 0.074223 0.052095
0.061383 0.069312 0.052193
0.071947 0.073046 0.051943
0.067125 0.077233 0.052567
0.062175 0.069410 0.052180
0.061564 0.066649 0.052094
0.069297 0.066628 0.051581
0.070451 0.071583 0.051912
0.063086 0.071239 0.051953
0.070830 0.069848 0.051868
0.067647 0.067211 0.051495
0.063884 0.070855 0.051935
0.061516 0.071534 0.052157
0.059297 0.070770 0.052062
0.064376 0.074082 0.052135
0.060761 0.067086 0.052186
0.063762 0.073208 0.051983
0.066439 0.072057 0.051912
0.066473 0.074768 0.052135
0.067367 0.067798 0.051542
0.062222 0.065681 0.051971
0.066766 0.071335 0.051797
0.068592 0.069154 0.051610
0.064549 0.072722 0.051893
0.064806 0.063781 0.051469
0.060522 0.070395 0.052127
0.059599 0.070070 0.052055
0.068936 0.071941 0.051922
0.068325 0.075761 0.052136
0.066172 0.072104 0.051893
0.072113 0.070602 0.051832
0.065555 0.075245 0.052138
0.069450 0.070995 0.051827
0.067618 0.075852 0.052213
0.068309 0.071177 0.051796
0.065719 0.070255 0.051740
0.067934 0.074006 0.052003
0.061441 0.069645 0.052152
0.069208 0.066340 0.051575
0.066310 0.069402 0.051677
0.062696 0.068142 0.052101
0.070855 0.073271 0.051949
0.062749 0.075353 0.052261
0.061486 0.070367 0.052145
0.068598 0.067542 0.051560
0.061783 0.068366 0.052163
0.069984 0.072089 0.051953
0.066006 0.075572 0.052300
0.065420 0.071317 0.051814
0.066418 0.076743 0.052474
0.059157 0.070381 0.052024
0.059794 0.069747 0.052094
0.065568 0.070533 0.051774
0.066733 0.068296 0.051606
0.064474 0.073254 0.051969
0.072408 0.070842 0.051760
0.064555 0.069997 0.051907
0.066022 0.069852 0.051698
0.064516 0.067281 0.051822
0.062464 0.065565 0.051929
0.060321 0.069364 0.052124
0.062174 0.069772 0.052145
0.064513 0.067614 0.051860
0.062602 0.074988 0.052253
0.066456 0.068401 0.051645
0.070523 0.069534 0.051824
0.059742 0.071128 0.052162
0.070986 0.067965 0.051737
0.059936 0.068487 0.052208
0.067212 0.071466 0.051846
0.066723 0.076906 0.052498
0.072454 0.071180 0.051774
0.071632 0.072428 0.051920
0.063189 0.074550 0.052208
0.064378 0.072147 0.051817
0.066576 0.069279 0.051669
0.066505 0.064828 0.051441
0.068517 0.063562 0.051376
0.066285 0.076596 0.052461
0.065959 0.068842 0.051703
0.061911 0.074615 0.052263
0.062894 0.068843 0.052093
0.064871 0.074129 0.052097
0.068603 0.075580 0.052100
0.065849 0.067365 0.051668
0.063191 0.072892 0.051961
0.060023 0.072698 0.052242
0.061240 0.069571 0.052158
0.061287 0.075658 0.052253
0.063130 0.063700 0.051732
0.061373 0.066281 0.052097
0.065094 0.068830 0.051828
0.068611 0.076928 0.052445
0.070680 0.068130 0.051722
0.066491 0.076442 0.052441
0.059128 0.068686 0.052142
0.068332 0.069035 0.051612
0.063282 0.065501 0.051834
0.062692 0.064109 0.051823
0.069430 0.064977 0.051522
0.068150 0.072646 0.051950
0.066339 0.066908 0.051609
0.063008 0.075513 0.052265
0.066519 0.069772 0.051665
0.064342 0.075413 0.052051
0.064149 0.073100 0.051953
0.058951 0.069756 0.052055
0.062481 0.071469 0.051993
0.061204 0.070909 0.052139
0.063959 0.073636 0.052039
0.066620 0.068760 0.051645
0.063526 0.067144 0.051923
0.068689 0.067893 0.051576
0.063540 0.074508 0.052163
0.063516 0.076694 0.052254
0.067715 0.071864 0.051858
0.070438 0.071252 0.051927
0.066592 0.073119 0.051998
0.068785 0.072538 0.051953
0.067079 0.071189 0.051812
0.060367 0.071294 0.052208
0.064321 0.072868 0.051899
0.062426 0.070528 0.052080
0.065202 0.070003 0.051812
0.065750 0.073773 0.052062
0.065479 0.067200 0.051708
0.060619 0.073603 0.052278
0.068234 0.072114 0.051907
0.062926 0.069262 0.052098
0.059380 0.070241 0.052046
0.069581 0.070343 0.051741
0.066286 0.070051 0.051670
0.069611 0.068959 0.051698
0.064286 0.066063 0.051713
0.071944 0.071155 0.051785
0.069996 0.072388 0.051963
0.067548 0.070104 0.051659
0.065439 0.065967 0.051581
0.070037 0.066485 0.051635
0.064110 0.073277 0.051965
0.069513 0.073351 0.051981
0.063757 0.076385 0.052172
0.063276 0.076406 0.052246
0.066519 0.069772 0.051665
0.066323 0.075093 0.052211
0.064112 0.064654 0.051632
0.065107 0.071463 0.051822
0.064842 0.070005 0.051870
0.069689 0.073295 0.051988
0.062007 0.070650 0.052112
0.066946 0.068587 0.051594
0.067820 0.063797 0.051352
0.063630 0.066742 0.051854
0.069126 0.067765 0.051605
0.067406 0.074857 0.052033
0.069292 0.070255 0.051709
0.061886 0.067562 0.052142
0.069245 0.071307 0.051868
0.063937 0.064348 0.051632
0.071973 0.071281 0.051792
0.064110 0.069466 0.051967
0.061748 0.064447 0.051938
0.061155 0.074561 0.052372
0.068514 0.063788 0.051389
0.067832 0.075065 0.051986
0.065649 0.076950 0.052356
0.062900 0.076046 0.052246
0.059967 0.067867 0.052239
0.060786 0.066906 0.052172
0.069085 0.069870 0.051676
0.061204 0.070909 0.052139
0.064286 0.067222 0.051837
0.068484 0.073196 0.052002
0.071278 0.073384 0.051943
0.068653 0.065104 0.051481
0.058723 0.069713 0.052024
0.059869 0.070651 0.052125
0.065100 0.067146 0.051747
0.063959 0.073636 0.052039
0.067731 0.076738 0.052425
0.071186 0.073060 0.051979
0.065356 0.074132 0.052053
0.070046 0.068442 0.051728
0.060875 0.073385 0.052296
0.061211 0.069072 0.052177
0.066728 0.072147 0.051906
0.065488 0.074755 0.052080
0.064668 0.064810 0.051531
0.067515 0.072587 0.051971
0.061961 0.068693 0.052182
0.065344 0.068061 0.051770
0.068049 0.066697 0.051525
0.068298 0.066731 0.051543
0.060349 0.071661 0.052210
0.066866 0.065926 0.051497
0.063725 0.067409 0.051927
0.066329 0.075319 0.052249
0.064015 0.076910 0.052313
0.062890 0.076697 0.052233
0.067562 0.077430 0.052596
0.065888 0.072006 0.051876
0.069933 0.073409 0.051988
0.063740 0.068817 0.051989
0.063313 0.064180 0.051715
0.063805 0.066390 0.051813
0.069068 0.070961 0.051786
0.063396 0.064856 0.051754
0.064886 0.064870 0.051508
0.059211 0.068379 0.052184
0.068980 0.068680 0.051617
0.071860 0.070537 0.051850
0.070832 0.072792 0.051957
0.069160 0.066895 0.051582
0.068840 0.075290 0.052078
0.064805 0.071284 0.051797
0.062722 0.068490 0.052099
0.064967 0.073804 0.052047
0.064717 0.069023 0.051885
0.066648 0.067502 0.051608
0.068604 0.065817 0.051520
0.064520 0.070482 0.051875
0.064257 0.075978 0.052088
0.070649 0.073923 0.051959
0.062285 0.064023 0.051862
0.066984 0.069233 0.051647
0.059672 0.067883 0.052236
0.062177 0.073361 0.052269
0.060591 0.069142 0.052146
0.059908 0.068879 0.052165
0.061215 0.066221 0.052098
0.061855 0.066185 0.052077
0.066375 0.073631 0.052019
0.069117 0.073336 0.052021
0.065928 0.076286 0.052295
0.067322 0.076651 0.052425
0.064090 0.070346 0.051944
0.061745 0.071503 0.052119
0.064480 0.068096 0.051904
0.063445 0.073257 0.051991
0.067402 0.070763 0.051765
0.066071 0.070338 0.051679
0.063525 0.065759 0.051814
0.066249 0.072690 0.051952
0.061272 0.067443 0.052185
0.064422 0.072331 0.051780
0.072049 0.071436 0.051787
0.060720 0.067238 0.052177
0.061129 0.065818 0.052086
0.065178 0.069410 0.051811
0.063739 0.073825 0.052083
0.064125 0.075748 0.052040
0.069631 0.065504 0.051606
0.061817 0.065360 0.051982
0.062801 0.075006 0.052216
0.067581 0.075048 0.052017
0.070141 0.069062 0.051777
0.063172 0.073172 0.051993
0.070695 0.071807 0.051944
0.062385 0.072661 0.052065
0.064570 0.071246 0.051826
0.063517 0.075116 0.052276
0.066084 0.065375 0.051490
0.070146 0.067297 0.051644
0.072606 0.072394 0.051886
0.061460 0.071283 0.052148
0.071200 0.073553 0.051948
0.065325 0.070608 0.051773
0.069895 0.065659 0.051613
0.070762 0.070524 0.051902
0.061748 0.066463 0.052099
0.067524 0.069672 0.051641
0.060651 0.070793 0.052164
0.070398 0.066992 0.051656
0.062712 0.066861 0.052034
0.066517 0.075076 0.052186
0.066183 0.073935 0.052052
0.069365 0.072883 0.051979
0.069643 0.073023 0.051967
0.067054 0.077606 0.052631
0.067230 0.066586 0.051527
0.067745 0.063457 0.051323
0.064789 0.067071 0.051774
0.069122 0.074642 0.052071
0.062364 0.066482 0.052042
0.070502 0.072029 0.051929
0.062617 0.070107 0.052096
0.068050 0.070711 0.051719
0.065571 0.067576 0.051717
0.070876 0.073036 0.051976
0.068003 0.067638 0.051521
0.059438 0.068687 0.052171
0.065739 0.069019 0.051726
0.060219 0.071705 0.052244
0.065551 0.072250 0.051906
0.063876 0.068019 0.051976
0.060978 0.072826 0.052325
0.063625 0.069788 0.052010
0.067612 0.076455 0.052365
0.065832 0.077596 0.052448
0.068619 0.069552 0.051618
0.070290 0.074356 0.052071
0.072245 0.070289 0.051835
0.063711 0.071120 0.051914
0.071687 0.071440 0.051823
0.066289 0.074527 0.052117
0.062103 0.064736 0.051894
0.062458 0.064345 0.051864
0.061377 0.065027 0.052000
0.061335 0.071807 0.052214
0.061646 0.076240 0.052302
0.068553 0.072315 0.051935
0.063574 0.075410 0.052164
0.068314 0.067409 0.051525
0.066306 0.063971 0.051363
0.067972 0.066949 0.051521
0.062658 0.076194 0.052254
0.062296 0.068929 0.052168
0.060651 0.070793 0.052164
0.060915 0.070624 0.052150
0.059128 0.068686 0.052142
0.068494 0.073711 0.051980
0.066041 0.069589 0.051688
0.070392 0.070909 0.051894
0.070887 0.069453 0.051829
0.065397 0.077098 0.052354
0.062996 0.073363 0.052051
0.067869 0.064152 0.051368
0.066754 0.073995 0.052032
0.061813 0.075661 0.052173
0.062915 0.074569 0.052188
0.060338 0.070557 0.052139
0.066445 0.075870 0.052355
0.064512 0.066238 0.051693
0.060430 0.067099 0.052224
0.063183 0.075813 0.052238
0.068911 0.067657 0.051584
0.069631 0.065504 0.051606
0.062422 0.072918 0.052136
0.061809 0.072488 0.052240
0.066321 0.066449 0.051583
0.068306 0.065244 0.051489
0.065268 0.073843 0.052007
0.063182 0.069139 0.052047
0.062649 0.076753 0.052230
0.062262 0.076547 0.052288
0.070777 0.070049 0.051889
0.067773 0.067840 0.051500
0.061481 0.070035 0.052119
0.062235 0.072176 0.052081
0.063601 0.070420 0.051998
0.063579 0.069073 0.052003
0.065683 0.064667 0.051440
0.062329 0.068006 0.052126
0.065570 0.071990 0.051877
0.062181 0.071910 0.052056
0.066620 0.068760 0.051645
0.064497 0.066519 0.051729
0.069656 0.075485 0.052140
0.067096 0.073213 0.052013
0.072411 0.071065 0.051779
0.066995 0.065691 0.051470
0.063631 0.075245 0.052237
0.066233 0.071859 0.051868
0.062396 0.066758 0.052060
0.070278 0.074001 0.051997
0.066021 0.075823 0.052322
0.060790 0.071880 0.052275
0.067590 0.075518 0.052114
0.071534 0.070363 0.051876
0.062244 0.076289 0.052254
0.061807 0.074072 0.052321
0.071575 0.073194 0.051963
0.069929 0.065912 0.051611
0.068846 0.063520 0.051407
0.063227 0.075238 0.052285
0.066041 0.069589 0.051688
0.068438 0.071744 0.051882
0.063364 0.066081 0.051858
0.063063 0.070754 0.052018
0.065226 0.076452 0.052258
0.060980 0.072041 0.052293
0.064492 0.074978 0.052070
0.067798 0.070664 0.051734
0.066414 0.064469 0.051415
0.068639 0.072025 0.051911
0.069025 0.063695 0.051429
0.067663 0.077084 0.052484
0.060489 0.073198 0.052266
0.065881 0.068543 0.051707
0.068550 0.074015 0.052017
0.067612 0.076455 0.052365
0.065198 0.067420 0.051757
0.064771 0.072724 0.051914
0.062643 0.067095 0.052048
0.059901 0.070081 0.052095
0.072344 0.070651 0.051803
0.061093 0.073722 0.052359
0.060788 0.064968 0.052042
0.066791 0.073292 0.051999
0.069769 0.068620 0.051719
0.071611 0.071724 0.051873
0.063944 0.069626 0.051983
0.064332 0.070985 0.051863
0.061481 0.070035 0.052119
0.065292 0.068546 0.051797
0.063629 0.068153 0.051998
0.070808 0.074141 0.051989
0.063172 0.069852 0.052056
0.062950 0.066674 0.051973
0.060216 0.066881 0.052215
0.068476 0.074283 0.052000
0.068160 0.063280 0.051322
0.061495 0.075643 0.052206
0.066439 0.067783 0.051620
0.069947 0.067928 0.051661
0.069784 0.074961 0.052075
0.066036 0.072593 0.051952
0.064687 0.067792 0.051860
0.071281 0.069018 0.051837
0.065512 0.064188 0.051423
0.062422 0.072918 0.052136
0.064231 0.066694 0.051784
0.067977 0.074780 0.051979
0.068183 0.071860 0.051907
0.066152 0.067232 0.051635
0.063487 0.076404 0.052237
0.060655 0.066368 0.052136
0.069323 0.068676 0.051657
0.065049 0.064092 0.051440
0.061807 0.074072 0.052321
0.065231 0.064360 0.051436
0.065889 0.065448 0.051510
0.061289 0.074854 0.052356
0.062515 0.068706 0.052129
0.065373 0.076774 0.052297
0.071167 0.068751 0.051819
0.063029 0.069546 0.052083
0.063223 0.076111 0.052244
0.059258 0.069648 0.052052
0.065311 0.071890 0.051861
0.062921 0.067880 0.052068
0.072237 0.071664 0.051789
0.068278 0.074249 0.052000
0.070065 0.071165 0.051907
0.070294 0.072583 0.051967
0.070120 0.073358 0.051992
0.066393 0.072860 0.051979
0.070094 0.074164 0.052045
0.061663 0.069223 0.052204
0.065581 0.069749 0.051729
0.067371 0.066846 0.051525
0.063597 0.070961 0.051959
0.064117 0.071551 0.051809
0.069407 0.069567 0.051687
0.066514 0.074027 0.052030
0.064653 0.076659 0.052241
0.063829 0.068520 0.051982
0.065738 0.069949 0.051724
0.066072 0.074786 0.052162
0.065044 0.065835 0.051587
0.064961 0.070239 0.051844
0.070374 0.073012 0.051958
0.063191 0.070252 0.052038
0.062877 0.063795 0.051781
0.071984 0.070222 0.051844
0.064689 0.076326 0.052201
0.066378 0.066673 0.051602
0.067891 0.073661 0.052005
0.061022 0.071689 0.052230
0.067033 0.067756 0.051569
0.068706 0.068580 0.051608
0.068538 0.075279 0.052050
0.064233 0.067559 0.051886
0.062856 0.066272 0.051957
0.063200 0.072277 0.051874
0.071887 0.072710 0.051918
0.069113 0.073634 0.052026
0.067900 0.065501 0.051480
0.066948 0.068993 0.051630
0.066025 0.074453 0.052121
0.067557 0.073956 0.052028
0.066417 0.077570 0.052491
0.059624 0.068432 0.052208
0.062712 0.066861 0.052034
0.062186 0.066218 0.052034
0.060003 0.070494 0.052124
0.069710 0.072456 0.051958
0.060779 0.071584 0.052206
0.062039 0.070022 0.052150
0.062458 0.064345 0.051864
0.070628 0.071060 0.051913
0.066951 0.074485 0.052058
0.063808 0.072305 0.051851
0.071658 0.072890 0.051950
0.067912 0.075686 0.052120
0.060904 0.067407 0.052206
0.068942 0.073525 0.052012
0.060904 0.072374 0.052346
0.062303 0.067075 0.052099
0.064777 0.075939 0.052113
0.068262 0.073947 0.052006
0.062220 0.074195 0.052279
0.063545 0.074001 0.052144
0.062211 0.075396 0.052193
0.065313 0.063874 0.051428
0.062107 0.075566 0.052195
0.064018 0.071799 0.051813
0.072062 0.071800 0.051828
0.066860 0.073690 0.052007
0.067264 0.072004 0.051883
0.071266 0.069776 0.051851
0.068273 0.069615 0.051609
0.072158 0.072778 0.051924
0.061834 0.067847 0.052153
0.060107 0.070234 0.052113
0.063874 0.071384 0.051849
0.061285 0.065619 0.052068
0.064276 0.074758 0.052059
0.061137 0.071399 0.052183
0.068148 0.069904 0.051609
0.067688 0.068079 0.051532
0.061376 0.073560 0.052359
0.066069 0.066323 0.051592
0.064803 0.075586 0.052055
0.069198 0.072068 0.051936
0.071214 0.070904 0.051892
0.065642 0.068645 0.051742
0.068090 0.070991 0.051766
0.065030 0.064580 0.051455
0.070193 0.070430 0.051846
0.064192 0.075158 0.052086
0.060705 0.065431 0.052082
0.066585 0.066483 0.051571
0.061669 0.074870 0.052279
0.068846 0.076417 0.052287
0.066889 0.072337 0.051899
0.067688 0.064952 0.051424
0.061631 0.067086 0.052176
0.068234 0.075138 0.052004
0.062192 0.071642 0.052040
0.062050 0.065972 0.052017
0.062452 0.073123 0.052164
0.062985 0.073848 0.052155
0.061535 0.067994 0.052165
0.067123 0.072888 0.052003
0.064257 0.071303 0.051834
0.069574 0.075187 0.052100
0.063500 0.065399 0.051786
0.069512 0.067112 0.051602
0.070385 0.068912 0.051792
0.061160 0.067839 0.052154
0.060546 0.073925 0.052312
0.060678 0.069522 0.052127
0.066776 0.063472 0.051330
0.065438 0.068862 0.051777
0.065285 0.075649 0.052105
0.070410 0.070022 0.051846
0.069023 0.076660 0.052360
0.062709 0.077184 0.052171
0.063869 0.070530 0.051965
0.070159 0.074593 0.052062
0.059078 0.069347 0.052068
0.067332 0.064355 0.051369
0.065998 0.063798 0.051391
0.068050 0.070711 0.051719
0.061802 0.070429 0.052141
0.061908 0.067249 0.052153
0.069176 0.076259 0.052283
0.061433 0.068523 0.052200
0.070423 0.074100 0.052005
0.066898 0.077368 0.052588
0.068459 0.071377 0.051832
0.069443 0.068558 0.051674
0.071859 0.071850 0.051851
0.070886 0.067308 0.051687
0.064495 0.073021 0.051946
0.065833 0.076666 0.052364
0.062940 0.064780 0.051821
0.069105 0.074304 0.052040
0.062532 0.068478 0.052094
0.064492 0.074978 0.052070
0.066248 0.063591 0.051358
0.066638 0.077314 0.052532
0.068566 0.066494 0.051548
0.070132 0.065878 0.051621
0.061421 0.066436 0.052075
0.067038 0.075427 0.052215
0.065228 0.075280 0.052043
0.066656 0.064203 0.051364
0.068865 0.073811 0.051997
0.064815 0.074425 0.052049
0.066481 0.070741 0.051739
0.067870 0.072343 0.051936
0.065879 0.077020 0.052371
0.062156 0.066072 0.052008
0.062203 0.068508 0.052142
0.070423 0.071834 0.051945
0.067930 0.070155 0.051646
0.058964 0.068957 0.052094
0.067263 0.073459 0.052025
0.065867 0.077283 0.052401
0.070332 0.066394 0.051635
0.062253 0.065316 0.051919
0.063473 0.072441 0.051903
0.067881 0.069094 0.051602
0.064761 0.073061 0.051950
0.064710 0.074724 0.052050
0.068996 0.067995 0.051604
0.065374 0.066259 0.051607
0.065649 0.072543 0.051949
0.070113 0.066921 0.051636
0.066579 0.070103 0.051663
0.067805 0.066170 0.051495
0.061609 0.075160 0.052236
0.069889 0.074695 0.052069
0.060776 0.071326 0.052197
0.060061 0.072098 0.052297
0.065700 0.071362 0.051812
0.068994 0.069118 0.051645
0.059572 0.069514 0.052085
0.064246 0.071879 0.051826
0.061053 0.070044 0.052131
0.067990 0.074358 0.051987
0.067000 0.065092 0.051431
0.060367 0.071294 0.052208
0.071479 0.069612 0.051856
0.064425 0.065703 0.051658
0.064937 0.072482 0.051898
0.064309 0.070533 0.051906
0.066574 0.063749 0.051338
0.071095 0.069891 0.051885
0.060689 0.065958 0.052142
0.066208 0.068569 0.051673
0.065155 0.071676 0.051803
0.063499 0.073839 0.052115
0.071977 0.069658 0.051847
0.063503 0.077070 0.052269
0.064707 0.068726 0.051883
0.068333 0.068018 0.051547
0.067394 0.075161 0.052054
0.064283 0.069135 0.051948
0.069282 0.065974 0.051573
0.062018 0.072736 0.052226
0.067490 0.072794 0.051972
0.062508 0.076662 0.052266
0.064946 0.065584 0.051578
0.068290 0.067021 0.051539
0.065514 0.072914 0.052000
0.065291 0.064766 0.051446
0.069613 0.073648 0.052006
0.060523 0.072677 0.052337
0.069840 0.069692 0.051730
0.065582 0.076371 0.052255
0.060185 0.067647 0.052231
0.069751 0.075763 0.052180
0.066918 0.065379 0.051455
0.064527 0.064073 0.051512
0.069688 0.068335 0.051694
0.069266 0.067238 0.051601
0.068241 0.073253 0.051999
0.067702 0.074487 0.051975
0.065375 0.073565 0.051964
0.062588 0.071988 0.051917
0.071167 0.068751 0.051819
0.066193 0.065609 0.051515
0.062976 0.076883 0.052190
0.069113 0.073634 0.052026
0.061217 0.065918 0.052084
0.059914 0.071372 0.052204
0.065738 0.074962 0.052142
0.070709 0.067829 0.051709
0.069895 0.065659 0.051613
0.070502 0.072029 0.051929
0.065886 0.063611 0.051398
0.070898 0.070949 0.051910
0.061173 0.070368 0.052123
0.071861 0.072100 0.051890
0.069033 0.071246 0.051833
0.067154 0.074967 0.052084
0.068869 0.066323 0.051559
0.067585 0.067599 0.051518
0.070804 0.072293 0.051932
0.068183 0.071860 0.051907
0.063165 0.066340 0.051916
0.067528 0.065903 0.051486
0.066593 0.076616 0.052432
0.067594 0.065606 0.051475
0.069603 0.075836 0.052199
0.068577 0.076261 0.052261
0.065572 0.077259 0.052360
0.060248 0.072053 0.052298
0.070836 0.069355 0.051830
0.067129 0.076767 0.052468
0.064592 0.070951 0.051838
0.063823 0.065466 0.051749
0.063338 0.070592 0.052005
0.067018 0.075699 0.052288
0.060143 0.071230 0.052215
0.069105 0.074304 0.052040
0.062873 0.074114 0.052222
0.070451 0.071583 0.051912
0.071658 0.071071 0.051808
0.067934 0.074006 0.052003
0.068044 0.063490 0.051344
0.063891 0.068338 0.051976
0.067820 0.063797 0.051352
0.061261 0.064237 0.051975
0.059686 0.070346 0.052072
0.064197 0.077108 0.052304
0.064391 0.068814 0.051920
0.066442 0.065419 0.051487
0.066700 0.072739 0.051969
0.070638 0.068916 0.051807
0.070441 0.069770 0.051812
0.062836 0.069735 0.052095
0.066317 0.074211 0.052054
0.061750 0.074370 0.052299
0.066363 0.077388 0.052484
0.061517 0.065374 0.052020
0.060489 0.071529 0.052204
0.070790 0.072061 0.051949
0.060397 0.072840 0.052311
0.067207 0.070092 0.051689
0.060682 0.071112 0.052187
0.068850 0.064765 0.051486
0.068760 0.071701 0.051890
0.066300 0.072368 0.051941
0.063155 0.070980 0.051988
0.069578 0.074791 0.052080
0.071083 0.069443 0.051841
0.071793 0.073346 0.051979
0.067298 0.073807 0.052036
0.069525 0.072173 0.051956
0.060523 0.069778 0.052129
0.062976 0.076883 0.052190
0.059822 0.068168 0.052230
0.066205 0.067539 0.051620
0.065599 0.070890 0.051782
0.060609 0.068313 0.052180
0.071071 0.072461 0.051923
0.070563 0.072351 0.051959
0.064361 0.069430 0.051946
0.063786 0.072895 0.051942
0.066757 0.065484 0.051469
0.061658 0.073317 0.052330
0.067484 0.071481 0.051835
0.064813 0.069381 0.051874
0.063608 0.070160 0.052004
0.065311 0.071890 0.051861
0.070085 0.075044 0.052061
0.066712 0.077608 0.052586
0.068006 0.070846 0.051746
0.071344 0.073194 0.051968
0.060086 0.068194 0.052229
0.068736 0.069883 0.051635
0.069275 0.065305 0.051546
0.063832 0.072567 0.051901
0.065671 0.069276 0.051722
0.067364 0.077022 0.052491
0.069330 0.075965 0.052230
0.059988 0.066782 0.052194
0.059010 0.070584 0.052028
0.069398 0.066474 0.051590
0.071067 0.071856 0.051938
0.063898 0.066073 0.051778
0.060303 0.068450 0.052203
0.063597 0.070961 0.051959
0.071133 0.070229 0.051908
0.061662 0.073729 0.052336
0.067336 0.069387 0.051637
0.065634 0.074097 0.052090
0.062993 0.067097 0.052009
0.068940 0.065171 0.051512
0.069855 0.070835 0.051852
0.070722 0.069746 0.051855
0.061803 0.064810 0.051951
0.060195 0.072419 0.052278
0.060485 0.071902 0.052273
0.063859 0.075268 0.052157
0.063639 0.068382 0.051971
0.060867 0.066113 0.052130
0.061175 0.064491 0.051997
0.059315 0.068988 0.052121
0.059599 0.070070 0.052055
0.068598 0.067542 0.051560
0.067199 0.075592 0.052223
0.068926 0.066596 0.051556
0.067302 0.070887 0.051780
0.065512 0.066783 0.051667
0.066501 0.073704 0.052017
0.061299 0.073264 0.052364
0.065176 0.071161 0.051783
0.064904 0.068494 0.051855
0.061549 0.074640 0.052314
0.069136 0.073044 0.051996
0.065822 0.072773 0.051985
0.063226 0.076629 0.052247
0.065488 0.070026 0.051761
0.064299 0.064343 0.051571
0.069386 0.065554 0.051590
0.068134 0.076773 0.052432
0.068745 0.073498 0.051976
0.061497 0.074117 0.052333
0.069642 0.065990 0.051601
0.062476 0.065120 0.051882
0.067761 0.067527 0.051511
0.064255 0.077381 0.052341
0.064733 0.065920 0.051627
0.061517 0.065374 0.052020
0.064474 0.073254 0.051969
0.069587 0.074433 0.052078
0.066548 0.063985 0.051358
0.065790 0.067043 0.051670
0.071048 0.068513 0.051788
0.065502 0.077570 0.052440
0.064783 0.066260 0.051667
0.064525 0.073497 0.051987
0.059413 0.070063 0.052051
0.069286 0.074482 0.052067
0.069435 0.075034 0.052090
0.060790 0.071880 0.052275
0.064982 0.076830 0.052278
0.069113 0.073634 0.052026
0.068227 0.067633 0.051528
0.068371 0.069933 0.051624
0.060398 0.069033 0.052151
0.070351 0.074865 0.052062
0.063513 0.072160 0.051871
0.067191 0.072328 0.051919
0.066620 0.068760 0.051645
0.069435 0.075034 0.052090
0.061684 0.065036 0.051969
0.064415 0.076883 0.052261
0.066034 0.067032 0.051652
0.068041 0.069694 0.051616
0.063385 0.070023 0.052026
0.061662 0.073729 0.052336
0.072113 0.070602 0.051832
0.061380 0.070660 0.052145
0.064388 0.065328 0.051630
0.070657 0.070754 0.051904
0.065798 0.066167 0.051590
0.066753 0.064556 0.051401
0.062659 0.072855 0.052045
0.064729 0.066783 0.051743
0.070033 0.075360 0.052094
0.062416 0.073952 0.052255
0.069854 0.075264 0.052102
0.067404 0.069111 0.051616
0.066123 0.070750 0.051744
0.063596 0.070659 0.051983
0.068285 0.066448 0.051526
0.069816 0.073882 0.051984
0.065050 0.066109 0.051612
0.066519 0.072273 0.051951
0.069089 0.068484 0.051627
0.072168 0.072355 0.051904
0.063547 0.071822 0.051867
0.059732 0.070596 0.052106
0.061182 0.072257 0.052299
0.067914 0.077019 0.052508
0.066644 0.074494 0.052066
0.067615 0.077727 0.052619
0.066673 0.075602 0.052280
0.061215 0.072989 0.052346
0.065860 0.070952 0.051781
0.067104 0.067284 0.051545
0.067387 0.072983 0.052009
0.072382 0.072613 0.051907
0.069090 0.070465 0.051710
0.065719 0.070255 0.051740
0.059740 0.067311 0.052254
0.061299 0.073264 0.052364
0.068685 0.074900 0.052051
0.064378 0.064625 0.051579
0.066112 0.077650 0.052478
0.070837 0.072523 0.051953
0.069158 0.075204 0.052096
0.062039 0.070022 0.052150
0.064708 0.070780 0.051840
0.065711 0.074407 0.052107
0.070165 0.073912 0.051988
0.071534 0.070363 0.051876
0.063112 0.067374 0.052011
0.062370 0.067545 0.052124
0.064368 0.074435 0.052063
0.066911 0.067452 0.051569
0.061218 0.074257 0.052368
0.068510 0.076036 0.052214
0.061871 0.075446 0.052152
0.072776 0.071920 0.051827
0.062754 0.071722 0.051878
0.063253 0.076918 0.052211
0.065756 0.076036 0.052251
0.064805 0.071284 0.051797
0.063908 0.066702 0.051822
0.072106 0.072140 0.051882
0.060855 0.068534 0.052195
0.068740 0.063843 0.051414
0.068657 0.075807 0.052181
0.063739 0.073825 0.052083
0.060261 0.069586 0.052114
0.065821 0.069716 0.051706
0.065202 0.070003 0.051812
0.065927 0.072317 0.051901
0.064745 0.065254 0.051557
0.067729 0.069421 0.051618
0.062116 0.064392 0.051885
0.070910 0.068315 0.051752
0.063601 0.070420 0.051998
0.062464 0.065565 0.051929
0.070851 0.073862 0.051977
0.063322 0.067327 0.051969
0.065143 0.077052 0.052321
0.069606 0.064669 0.051528
0.063524 0.076052 0.052183
0.066018 0.068212 0.051685
0.068419 0.068520 0.051582
0.062588 0.071110 0.052020
0.067079 0.071189 0.051812
0.063336 0.075451 0.052252
0.065075 0.070472 0.051819
0.062612 0.063752 0.051793
0.062587 0.064752 0.051863
0.067503 0.064004 0.051339
0.066039 0.073737 0.052029
0.069135 0.073857 0.052005
0.066120 0.076889 0.052439
0.070397 0.068279 0.051729
0.071270 0.069538 0.051850
0.065325 0.070608 0.051773
0.065414 0.071013 0.051772
0.063356 0.073784 0.052126
0.066375 0.073631 0.052019
0.064145 0.069970 0.051956
0.070037 0.066485 0.051635
0.063514 0.066585 0.051869
0.069213 0.068216 0.051635
0.069221 0.063896 0.051455
0.060196 0.066641 0.052127
0.063124 0.070551 0.052029
0.062790 0.075771 0.052248
0.062765 0.065953 0.051935
0.065758 0.073435 0.052031
0.065181 0.077416 0.052405
0.068824 0.074727 0.052058
0.072624 0.071053 0.051760
0.061128 0.068307 0.052196
0.065869 0.064892 0.051453
0.067400 0.076698 0.052429
0.063516 0.076694 0.052254
0.064013 0.065199 0.051691
0.067734 0.071106 0.051806
0.064502 0.068480 0.051909
0.064391 0.068814 0.051920
0.068569 0.074545 0.052030
0.067191 0.072328 0.051919
0.065306 0.072553 0.051949
0.067973 0.071208 0.051808
0.066508 0.073417 0.052009
0.068136 0.063735 0.051361
0.061445 0.064784 0.051990
0.072745 0.071736 0.051780
0.069327 0.075585 0.052145
0.068654 0.070796 0.051726
0.060609 0.068313 0.052180
0.060445 0.065974 0.052148
0.063473 0.072441 0.051903
0.066259 0.071544 0.051824
0.069988 0.066173 0.051626
0.070898 0.068763 0.051804
0.066844 0.075912 0.052346
0.064159 0.073615 0.052033
0.069383 0.073205 0.052000
0.062509 0.075624 0.052234
0.062023 0.071198 0.052093
0.061192 0.074022 0.052336
0.066159 0.076095 0.052350
0.064282 0.064946 0.051622
0.066968 0.071915 0.051874
0.070631 0.071537 0.051932
0.064982 0.069696 0.051850
0.059923 0.067047 0.052253
0.068109 0.069249 0.051609
0.066931 0.067084 0.051558
0.062539 0.067789 0.052116
0.068061 0.067904 0.051508
0.062798 0.070663 0.052034
0.063854 0.067197 0.051879
0.061453 0.068250 0.052171
0.060830 0.068262 0.052200
0.071095 0.072183 0.051941
0.060831 0.066575 0.052138
0.068990 0.074112 0.052020
0.071242 0.071614 0.051911
0.067130 0.063490 0.051327
0.069211 0.074950 0.052086
0.068245 0.064416 0.051419
0.068267 0.073516 0.051984
0.065568 0.063705 0.051413
0.063460 0.075695 0.052151
0.068540 0.066808 0.051556
0.061486 0.070367 0.052145
0.065168 0.073484 0.052001
0.068696 0.073287 0.052001
0.067809 0.077348 0.052569
0.068971 0.066060 0.051545
0.065044 0.065835 0.051587
0.066707 0.067154 0.051587
0.061897 0.075925 0.052192
0.066692 0.066787 0.051579
0.061908 0.065602 0.051995
0.064956 0.067962 0.051825
0.063788 0.075908 0.052061
0.067663 0.070338 0.051694
0.070337 0.068577 0.051744
0.059717 0.067553 0.052248
0.064843 0.077479 0.052432
0.067296 0.069787 0.051650
0.067482 0.076780 0.052442
0.067059 0.066255 0.051518
0.064849 0.075118 0.052052
0.069511 0.072385 0.051956
0.068054 0.067343 0.051528
0.068922 0.073218 0.051993
0.062768 0.071345 0.051963
0.066484 0.072599 0.051966
0.064965 0.071186 0.051806
0.061671 0.070669 0.052142
0.062141 0.070367 0.052111
0.061933 0.071002 0.052100
0.071622 0.069069 0.051828
0.066673 0.075602 0.052280
0.070232 0.073659 0.051970
0.066832 0.071051 0.051782
0.069880 0.070520 0.051794
0.061869 0.069792 0.052165
0.070977 0.069115 0.051841
0.061939 0.075166 0.052198
0.063819 0.064964 0.051707
0.062679 0.074425 0.052236
0.068911 0.067657 0.051584
0.066755 0.069661 0.051659
0.060219 0.071705 0.052244
0.069709 0.067827 0.051646
0.061914 0.076355 0.052285
0.068139 0.076548 0.052353
0.064710 0.072230 0.051836
0.059128 0.068686 0.052142
0.062536 0.074179 0.052247
0.071543 0.068768 0.051815
0.067615 0.077727 0.052619
0.060349 0.066425 0.052131
0.059583 0.069201 0.052116
0.070253 0.072167 0.051963
0.063139 0.077238 0.052163
0.069732 0.072764 0.051961
0.070507 0.073780 0.051996
0.060325 0.072267 0.052326
0.062244 0.075006 0.052240
0.066266 0.071259 0.051800
0.059481 0.069850 0.052058
0.065372 0.070786 0.051786
0.061012 0.075099 0.052379
0.068943 0.075665 0.052166
0.062426 0.076873 0.052214
0.067959 0.076294 0.052287
0.067281 0.066018 0.051483
0.064133 0.070746 0.051915
0.066898 0.071554 0.051837
0.061377 0.073877 0.052349
0.064697 0.068163 0.051870
0.070278 0.074001 0.051997
0.063934 0.077221 0.052347
0.067581 0.075048 0.052017
0.069297 0.066628 0.051581
0.068332 0.069035 0.051612
0.060829 0.072973 0.052326
0.064245 0.072578 0.051861
0.062674 0.066470 0.051998
0.066941 0.063737 0.051325
0.060485 0.067498 0.052220
0.067579 0.070614 0.051736
0.064649 0.071645 0.051791
0.066634 0.069080 0.051662
0.062468 0.074686 0.052241
0.064610 0.071933 0.051828
0.065407 0.074923 0.052079
0.062483 0.071787 0.051950
0.068250 0.076316 0.052257
0.065608 0.073171 0.052023
0.062456 0.074415 0.052202
0.067979 0.072093 0.051926
0.068671 0.071088 0.051780
0.069146 0.064591 0.051495
0.069087 0.069545 0.051659
0.061344 0.074353 0.052341
0.067897 0.072658 0.051966
0.061362 0.063991 0.051977
0.061995 0.064164 0.051909
0.061012 0.075099 0.052379
0.070108 0.067659 0.051651
0.068459 0.071377 0.051832
0.065401 0.076018 0.052196
0.063579 0.069073 0.052003
0.068541 0.073449 0.051998
0.068644 0.065426 0.051514
0.063353 0.074092 0.052155
0.062722 0.069572 0.052105
0.065919 0.073608 0.052052
0.068411 0.068784 0.051602
0.063713 0.069326 0.052001
0.067665 0.068959 0.051597
0.062729 0.073854 0.052218
0.070685 0.073484 0.052008
0.060075 0.069109 0.052146
0.064516 0.067281 0.051822
0.066881 0.076642 0.052456
0.067692 0.074823 0.052005
0.066320 0.073182 0.052005
0.068017 0.068269 0.051554
0.067081 0.068245 0.051559
0.062820 0.070371 0.052056
0.063377 0.063745 0.051684
0.068926 0.065750 0.051540
0.062719 0.073290 0.052117
0.063166 0.064588 0.051779
0.064257 0.075978 0.052088
0.068788 0.074026 0.052019
0.064762 0.071050 0.051793
0.062184 0.065039 0.051898
0.060569 0.065667 0.052121
0.069040 0.074872 0.052076
0.061358 0.067029 0.052180
0.062028 0.074227 0.052293
0.063268 0.073440 0.052066
0.067209 0.072671 0.051984
0.071831 0.070295 0.051850
0.064101 0.064009 0.051578
0.071096 0.074235 0.052016
0.068333 0.065894 0.051506
0.059640 0.068874 0.052159
0.070374 0.073012 0.051958
0.061577 0.070991 0.052130
0.059941 0.070961 0.052170
0.067233 0.068824 0.051602
0.066442 0.065419 0.051487
0.068699 0.074232 0.052034
0.068540 0.066808 0.051556
0.061393 0.075370 0.052248
0.064088 0.073902 0.052108
0.070995 0.070684 0.051909
0.065033 0.065313 0.051535
0.064560 0.074269 0.052105
0.061594 0.065644 0.052034
0.071032 0.073235 0.051948
0.061274 0.067994 0.052173
0.069412 0.064184 0.051495
0.069548 0.065720 0.051601
0.064088 0.076259 0.052133
0.069323 0.068676 0.051657
0.061212 0.067333 0.052192
0.065291 0.064766 0.051446
0.068015 0.073327 0.052006
0.070579 0.073188 0.051992
0.065594 0.067809 0.051732
0.068135 0.070190 0.051641
0.064973 0.076488 0.052255
0.069832 0.064984 0.051555
0.063328 0.074915 0.052256
0.071143 0.073735 0.051981
0.066687 0.067741 0.051599
0.070069 0.073620 0.051980
0.064839 0.066645 0.051708
0.062189 0.074546 0.052251
0.069450 0.070995 0.051827
0.069096 0.069374 0.051656
0.062187 0.067398 0.052119
0.066289 0.074527 0.052117
0.068846 0.063520 0.051407
0.068577 0.076261 0.052261
0.060392 0.068189 0.052220
0.071714 0.069841 0.051859
0.061067 0.066821 0.052166
0.067679 0.072881 0.051995
0.064559 0.069300 0.051918
0.066922 0.077106 0.052541
0.062499 0.067304 0.052097
0.064240 0.076579 0.052235
0.059501 0.071144 0.052128
0.065338 0.070280 0.051795
0.063944 0.069626 0.051983
0.063766 0.071602 0.051848
0.063010 0.076350 0.052260
0.063036 0.065392 0.051850
0.066725 0.071795 0.051855
0.071239 0.074028 0.051976
0.069407 0.069567 0.051687
0.061272 0.067443 0.052185
0.059968 0.071922 0.052274
0.063526 0.067144 0.051923
0.067482 0.068974 0.051602
0.063676 0.064166 0.051661
0.065130 0.068258 0.051812
