0.089831 0.078813 0.251145
0.096359 0.076137 0.260620
0.095064 0.079374 0.255478
0.092682 0.079680 0.252079
0.095382 0.078278 0.257742
0.096376 0.075771 0.260936
0.090896 0.077391 0.252774
0.091606 0.079463 0.251449
0.091154 0.077950 0.253813
0.090487 0.078243 0.254281
0.091237 0.074755 0.260812
0.091519 0.078220 0.254138
0.089293 0.078080 0.255389
0.089677 0.077014 0.252213
0.096910 0.079296 0.256704
0.093588 0.080329 0.251590
0.093144 0.080123 0.251625
0.092043 0.079331 0.252118
0.091881 0.079447 0.251814
0.087314 0.076923 0.254095
0.092001 0.079602 0.251590
0.090567 0.079503 0.250362
0.090857 0.075678 0.259843
0.092671 0.079442 0.252494
0.095591 0.080755 0.252172
0.095154 0.079270 0.255797
0.091777 0.076239 0.259453
0.095503 0.079230 0.256393
0.094833 0.079218 0.255813
0.090178 0.077269 0.252582
0.096418 0.078620 0.257748
0.094393 0.077662 0.258141
0.090864 0.078006 0.256496
0.096486 0.079441 0.254786
0.093177 0.078573 0.256475
0.097111 0.080806 0.253217
0.096140 0.079166 0.255023
0.095656 0.079295 0.254661
0.092146 0.075966 0.259724
0.096914 0.077289 0.259554
0.088553 0.077521 0.253981
0.095990 0.080265 0.253586
0.090840 0.074681 0.260764
0.090295 0.078568 0.255007
0.093563 0.079241 0.253284
0.087904 0.076583 0.257076
0.095456 0.076167 0.260490
0.094524 0.079326 0.254617
0.091667 0.078447 0.256076
0.090564 0.078618 0.254892
0.092163 0.078988 0.254894
0.095804 0.075716 0.260913
0.091745 0.078065 0.253491
0.092546 0.078436 0.253106
0.087744 0.076628 0.256194
0.089117 0.077789 0.254164
0.089121 0.077941 0.255162
0.090326 0.075314 0.260136
0.087921 0.076487 0.257455
0.088342 0.077404 0.254076
0.095824 0.076943 0.259745
0.097945 0.079313 0.256223
0.095442 0.077873 0.258099
0.093790 0.075552 0.260636
0.097448 0.079345 0.255637
0.091263 0.076878 0.258510
0.093230 0.077296 0.258320
0.096074 0.077250 0.259463
0.090888 0.077206 0.256964
0.093900 0.079231 0.255045
0.096078 0.080795 0.252396
0.091248 0.075874 0.259691
0.096310 0.076345 0.260414
0.096818 0.077155 0.259725
0.088653 0.077630 0.255170
0.097649 0.080369 0.254514
0.091172 0.076203 0.259351
0.087105 0.076415 0.256155
0.090760 0.077768 0.256664
0.097014 0.079140 0.255365
0.093267 0.077568 0.257765
0.088461 0.077560 0.254784
0.091565 0.076820 0.258807
0.095506 0.079769 0.253965
0.093741 0.078934 0.253884
0.088770 0.077231 0.256072
0.092810 0.080165 0.250947
0.091106 0.078748 0.254738
0.097355 0.079367 0.255389
0.088268 0.077195 0.252779
0.095042 0.079502 0.254142
0.092540 0.078957 0.255552
0.094665 0.079927 0.253234
0.093088 0.075357 0.260726
0.090285 0.076091 0.259272
0.096844 0.080695 0.253188
0.089512 0.077929 0.255911
0.089797 0.077786 0.253714
0.092079 0.079720 0.251389
0.092211 0.075337 0.260585
0.091268 0.078679 0.255635
0.088807 0.077790 0.255365
0.089437 0.078027 0.254755
0.087852 0.076516 0.257311
0.091632 0.074238 0.261036
0.097743 0.079783 0.255226
0.098394 0.080208 0.255244
0.091571 0.077283 0.257295
0.092459 0.078283 0.253631
0.093787 0.075232 0.260893
0.090512 0.077292 0.251856
0.096621 0.079322 0.256551
0.097486 0.080716 0.253642
0.097028 0.079440 0.256071
0.089652 0.077309 0.252590
0.093769 0.079466 0.253238
0.094960 0.079133 0.256297
0.090378 0.078008 0.253980
0.095678 0.078551 0.257547
0.091307 0.077584 0.252937
0.092449 0.078526 0.256259
0.095860 0.076275 0.260428
0.093025 0.078343 0.256786
0.096735 0.080770 0.253011
0.096849 0.080267 0.254293
0.087737 0.075528 0.258852
0.087504 0.076673 0.255885
0.089580 0.076968 0.257305
0.089993 0.077642 0.253384
0.096330 0.080926 0.252150
0.090687 0.078379 0.254461
0.093225 0.078463 0.256668
0.097582 0.078322 0.258362
0.086081 0.076154 0.255482
0.092220 0.078658 0.254353
0.090482 0.077587 0.256692
0.091351 0.076822 0.258661
0.090550 0.077073 0.257859
0.095987 0.080314 0.253369
0.095961 0.076741 0.259964
0.095525 0.076899 0.259800
0.095519 0.079301 0.254576
0.094622 0.078810 0.256747
0.090713 0.076314 0.259114
0.097020 0.078883 0.257510
0.096496 0.079367 0.255992
0.091359 0.078121 0.256291
0.096407 0.077307 0.259486
0.092643 0.079534 0.252288
0.091449 0.079464 0.251349
0.089784 0.076988 0.256985
0.091019 0.078686 0.254673
0.089649 0.074224 0.260655
0.092831 0.077625 0.257438
0.090214 0.075779 0.259557
0.093419 0.076601 0.259768
0.097661 0.081057 0.252924
0.088304 0.077465 0.254606
0.093827 0.079271 0.253529
0.095834 0.080172 0.253659
0.096197 0.076739 0.260001
0.094685 0.074621 0.261193
0.091781 0.074775 0.260886
0.098014 0.079359 0.256726
0.093149 0.078046 0.257200
0.090520 0.079136 0.251300
0.092137 0.077208 0.257728
0.090476 0.076507 0.258682
0.092065 0.076000 0.259732
0.091778 0.077181 0.257504
0.088090 0.076368 0.257727
0.092384 0.078721 0.252740
0.096524 0.078804 0.257493
0.092912 0.076449 0.259648
0.095348 0.080794 0.251826
0.089538 0.078169 0.255060
0.096145 0.077451 0.259275
0.091531 0.079086 0.252028
0.090332 0.078458 0.255542
0.088317 0.076752 0.256580
0.090682 0.077325 0.251877
0.096908 0.079459 0.254946
0.097668 0.079378 0.255684
0.092337 0.078647 0.255999
0.090226 0.077937 0.251489
0.091291 0.078675 0.254512
0.095512 0.079282 0.256295
0.094705 0.078235 0.257515
0.094661 0.076728 0.259872
0.096624 0.077230 0.259613
0.093081 0.079145 0.254903
0.096684 0.081038 0.251905
0.090048 0.077154 0.251954
0.090206 0.075223 0.260226
0.089340 0.077772 0.253513
0.095768 0.079382 0.255697
0.094114 0.078462 0.257140
0.091191 0.076514 0.259018
0.091421 0.078623 0.254475
0.094277 0.076990 0.259561
0.097629 0.079190 0.257123
0.094274 0.080525 0.251694
0.095262 0.076232 0.260341
0.090894 0.079407 0.251129
0.095497 0.080778 0.252091
0.093553 0.077321 0.258869
0.095705 0.076195 0.260508
0.094998 0.079394 0.255351
0.090123 0.075617 0.259791
0.093156 0.077292 0.258767
0.086902 0.075973 0.257552
0.095770 0.077197 0.259469
0.096114 0.080882 0.252169
0.092211 0.077933 0.256936
0.096594 0.076911 0.259935
0.091264 0.077845 0.256691
0.093775 0.080435 0.251335
0.093247 0.077279 0.258127
0.088049 0.077288 0.253928
0.089495 0.074502 0.260511
0.097789 0.079384 0.256359
0.096526 0.077971 0.258307
0.088603 0.077621 0.254935
0.091713 0.078111 0.253695
0.092514 0.074162 0.261055
0.098349 0.079422 0.255921
0.091459 0.075972 0.259650
0.095437 0.079278 0.254459
0.095281 0.076022 0.260599
0.094509 0.077945 0.257696
0.097556 0.080914 0.253188
0.089748 0.078091 0.255782
0.092901 0.077424 0.257655
0.090928 0.078480 0.255740
0.095177 0.077408 0.258978
0.091191 0.075119 0.260549
0.091360 0.077750 0.252145
0.089013 0.076661 0.257714
0.093959 0.075052 0.261042
0.094138 0.079291 0.254548
0.090888 0.078701 0.254758
0.092280 0.079473 0.252068
0.088648 0.077693 0.255535
0.090950 0.075493 0.260081
0.093367 0.075972 0.260277
0.095232 0.078950 0.256768
0.094138 0.078176 0.257476
0.086371 0.076214 0.255775
0.094032 0.079180 0.255745
0.092504 0.079382 0.252369
0.097104 0.079505 0.255088
0.088091 0.075256 0.259287
0.087529 0.077003 0.253907
0.088933 0.077026 0.256329
0.091496 0.078071 0.253726
0.090965 0.077113 0.257179
0.096286 0.078042 0.258191
0.091837 0.078135 0.253604
0.095377 0.080196 0.253140
0.087708 0.077184 0.254828
0.089818 0.078033 0.255877
0.095457 0.075860 0.260752
0.091614 0.077177 0.257759
0.092469 0.077971 0.256990
0.095656 0.076580 0.260093
0.086967 0.076763 0.254072
0.093568 0.078528 0.256692
0.096846 0.080907 0.252505
0.088406 0.076749 0.256846
0.091971 0.077482 0.257161
0.092878 0.077351 0.257871
0.090629 0.077760 0.253428
0.095505 0.079120 0.256581
0.092502 0.078303 0.256672
0.094206 0.076665 0.259856
0.088616 0.076758 0.257252
0.095983 0.079369 0.256163
0.093840 0.075372 0.260819
0.094219 0.075862 0.260481
0.090368 0.076021 0.259388
0.093696 0.077409 0.258184
0.088833 0.077676 0.254077
0.092637 0.077262 0.258191
0.097756 0.080838 0.253399
0.090850 0.075570 0.259965
0.087462 0.077035 0.254376
0.094270 0.075717 0.260656
0.088210 0.077220 0.253336
0.091106 0.076613 0.258825
0.097523 0.079510 0.255231
0.090268 0.077074 0.257291
0.089800 0.075998 0.259216
0.098343 0.080637 0.254443
0.097500 0.077929 0.258630
0.091917 0.077177 0.257873
0.094938 0.079395 0.254457
0.094080 0.079298 0.254963
0.093983 0.079562 0.253245
0.088385 0.076723 0.257087
0.095348 0.076184 0.260399
0.092556 0.077217 0.258084
0.094585 0.079258 0.255651
0.093457 0.078945 0.255937
0.097222 0.080265 0.254563
0.093605 0.079230 0.255351
0.096246 0.078605 0.257716
0.095043 0.076585 0.260042
0.090882 0.079313 0.251349
0.092742 0.078876 0.255825
0.087534 0.075474 0.258803
0.089596 0.076073 0.258985
0.094808 0.079272 0.255458
0.094611 0.079323 0.254748
0.091464 0.078649 0.252105
0.091731 0.078781 0.255643
0.093835 0.079224 0.255474
0.093821 0.078158 0.257419
0.093615 0.077320 0.258802
0.092045 0.079000 0.255284
0.095411 0.078754 0.257129
0.093819 0.079172 0.254472
0.092874 0.074208 0.261093
0.093158 0.080199 0.251333
0.091464 0.076927 0.258601
0.091303 0.079352 0.251444
0.096168 0.079252 0.254910
0.096275 0.079754 0.254430
0.091654 0.077008 0.258598
0.097253 0.079701 0.255028
0.095730 0.080578 0.252603
0.088356 0.076690 0.257270
0.097942 0.079202 0.257184
0.096868 0.079272 0.255583
0.089998 0.078455 0.255070
0.098610 0.080207 0.255274
0.092187 0.078766 0.255759
0.098205 0.080232 0.255106
0.088652 0.075824 0.258835
0.094752 0.078148 0.257627
0.090061 0.075777 0.259561
0.096299 0.079223 0.255107
0.091691 0.077100 0.258498
0.090649 0.079319 0.250987
0.091665 0.077679 0.252761
0.091114 0.078971 0.255004
0.094135 0.079269 0.253640
0.097213 0.079914 0.254882
0.093535 0.079672 0.252811
0.092547 0.075368 0.260634
0.090600 0.077311 0.252491
0.089375 0.076958 0.257057
0.087981 0.076895 0.255893
0.091413 0.077181 0.258083
0.091809 0.077829 0.252735
0.093937 0.076314 0.260049
0.095009 0.079390 0.255162
0.090258 0.077329 0.251653
0.090537 0.077093 0.257080
0.097013 0.079324 0.256539
0.092430 0.077238 0.258222
0.092891 0.080059 0.251367
0.088810 0.075772 0.258988
0.095477 0.077308 0.259373
0.093689 0.075766 0.260404
0.086490 0.076349 0.255419
0.098904 0.080618 0.254652
0.093352 0.079191 0.255409
0.091465 0.079679 0.250787
0.094261 0.079174 0.255674
0.096413 0.076676 0.260090
0.094869 0.080311 0.252587
0.094989 0.079310 0.255580
0.097378 0.078915 0.257526
0.087799 0.077033 0.255618
0.092750 0.078305 0.253407
0.092692 0.078208 0.253308
0.091983 0.078260 0.253859
0.097564 0.081101 0.252677
0.090461 0.077985 0.253866
0.090474 0.074457 0.260776
0.089298 0.076943 0.256823
0.092184 0.077390 0.257395
0.090502 0.078171 0.254165
0.096602 0.078286 0.258097
0.090676 0.077510 0.251790
0.094832 0.079377 0.254296
0.094705 0.079386 0.254937
0.090340 0.075713 0.259715
0.092831 0.079899 0.251762
0.089739 0.078100 0.254568
0.094115 0.075823 0.260483
0.093365 0.078642 0.256422
0.093462 0.075730 0.260449
0.090700 0.078075 0.256321
0.095974 0.080905 0.251997
0.098188 0.079416 0.255880
0.091165 0.075678 0.259893
0.092497 0.079510 0.252115
0.090053 0.077947 0.251416
0.095788 0.075536 0.261052
0.093568 0.079200 0.254952
0.091897 0.078985 0.255094
0.091173 0.079456 0.251215
0.092522 0.076851 0.259091
0.094654 0.077250 0.259308
0.090213 0.077085 0.257656
0.094222 0.077664 0.258003
0.090934 0.074972 0.260585
0.089157 0.074020 0.260601
0.090441 0.078878 0.251454
0.095794 0.075043 0.261264
0.094055 0.078818 0.256492
0.089861 0.077716 0.251330
0.087718 0.076556 0.256843
0.090401 0.077800 0.253590
0.089045 0.077291 0.256127
0.091148 0.078954 0.255262
0.094314 0.078793 0.256620
0.095364 0.078568 0.257381
0.089062 0.076924 0.256651
0.090538 0.079234 0.251128
0.089708 0.077637 0.253333
0.090462 0.076698 0.258433
0.095044 0.080779 0.251530
0.091093 0.078053 0.253921
0.096778 0.078781 0.257615
0.091027 0.074534 0.260875
0.089244 0.076109 0.258769
0.089642 0.077481 0.253053
0.086850 0.076099 0.257312
0.091739 0.079593 0.251352
0.095834 0.078729 0.257342
0.091986 0.078717 0.255779
0.092481 0.079961 0.251240
0.092929 0.077298 0.258450
0.088489 0.077575 0.255558
0.092298 0.077163 0.258547
0.090978 0.074199 0.260995
0.087795 0.076584 0.256315
0.093441 0.080291 0.251561
0.094468 0.079261 0.255556
0.092378 0.078541 0.252825
0.089696 0.077047 0.251487
0.087875 0.075785 0.258546
0.088848 0.077555 0.253365
0.093102 0.080222 0.251180
0.093591 0.078861 0.256150
0.094922 0.080632 0.252062
0.095864 0.076457 0.260218
0.091139 0.077389 0.252172
0.095034 0.075910 0.260661
0.095125 0.076981 0.259616
0.089523 0.077819 0.253743
0.095141 0.079389 0.254515
0.089129 0.077712 0.253417
0.093101 0.079111 0.254782
0.098447 0.080632 0.254320
0.088055 0.076811 0.256082
0.090360 0.079366 0.250590
0.095189 0.079503 0.254256
0.089291 0.076561 0.258049
0.094224 0.075253 0.260971
0.090389 0.075498 0.259979
0.093656 0.079090 0.253600
0.093819 0.079908 0.252579
0.087933 0.075947 0.258315
0.091424 0.077169 0.257444
0.091424 0.077501 0.256996
0.097351 0.080419 0.254215
0.097196 0.078367 0.258179
0.087670 0.076283 0.257635
0.092933 0.079413 0.252781
0.094152 0.077388 0.258589
0.088465 0.075871 0.258673
0.090467 0.077437 0.253038
0.091277 0.078872 0.251919
0.090413 0.077973 0.256317
0.097670 0.078917 0.257627
0.090380 0.078645 0.255160
0.092828 0.079097 0.255368
0.090035 0.075230 0.260178
0.087309 0.075756 0.258263
0.089832 0.078245 0.255590
0.098345 0.080739 0.254016
0.095026 0.077284 0.259374
0.097038 0.079379 0.255742
0.094090 0.075593 0.260620
0.097078 0.080701 0.253472
0.090930 0.076069 0.259457
0.086323 0.076467 0.254761
0.088637 0.077641 0.254252
0.090015 0.074495 0.260572
0.090698 0.077355 0.252889
0.090267 0.077028 0.257111
0.087880 0.077300 0.254743
0.094505 0.080628 0.251448
0.090749 0.077110 0.257043
0.097041 0.077699 0.258823
0.097141 0.077582 0.259064
0.092658 0.075722 0.260392
0.094146 0.080156 0.252387
0.093802 0.077810 0.257761
0.088865 0.077144 0.256159
0.089760 0.075109 0.260202
0.093352 0.076361 0.259975
0.093088 0.079776 0.252350
0.089056 0.077106 0.252545
0.088017 0.077079 0.255735
0.096743 0.079242 0.256826
0.092576 0.078220 0.253293
0.088434 0.077512 0.254169
0.094855 0.079673 0.253710
0.092773 0.078390 0.256664
0.090420 0.077624 0.253306
0.098034 0.080889 0.253573
0.088743 0.076139 0.258441
0.094383 0.076116 0.260375
0.089939 0.077336 0.252692
0.095659 0.079369 0.255479
0.092211 0.079663 0.251687
0.088077 0.076621 0.257123
0.089999 0.077476 0.252994
0.092096 0.076558 0.259231
0.088564 0.077353 0.253494
0.091591 0.077846 0.256794
0.090917 0.077357 0.252206
0.092479 0.077687 0.257260
0.097094 0.078972 0.257378
0.090392 0.078356 0.254524
0.091265 0.079689 0.250598
0.092419 0.079661 0.251871
0.091458 0.077048 0.258412
0.090233 0.077350 0.252733
0.089453 0.074339 0.260566
0.095250 0.079642 0.254020
0.095124 0.080712 0.252004
0.091126 0.076808 0.258566
0.093054 0.079633 0.252607
0.091065 0.078630 0.255579
0.095017 0.075210 0.261092
0.092065 0.077230 0.258292
0.094181 0.079226 0.254339
0.089429 0.076382 0.258401
0.091015 0.079430 0.251254
0.097196 0.079308 0.256689
0.094579 0.077402 0.258582
0.096457 0.076513 0.260283
0.095709 0.077636 0.258622
0.088670 0.075118 0.259747
0.090457 0.077239 0.251962
0.088806 0.077303 0.252867
0.093391 0.078991 0.253463
0.089161 0.076923 0.256924
0.093754 0.074752 0.261105
0.091752 0.077948 0.253265
0.093586 0.079778 0.252719
0.087288 0.076252 0.257396
0.091639 0.079688 0.250981
0.090330 0.076785 0.258232
0.092216 0.078161 0.253389
0.094294 0.079196 0.253798
0.094012 0.080022 0.252474
0.091427 0.075527 0.260156
0.089818 0.074499 0.260582
0.092178 0.079379 0.252163
0.096449 0.080193 0.254016
0.089998 0.077567 0.253194
0.091205 0.078324 0.254343
0.098426 0.079842 0.255533
0.094787 0.079208 0.255965
0.092603 0.078473 0.253790
0.096479 0.076049 0.260718
0.093978 0.079247 0.254519
0.092069 0.078107 0.253369
0.094095 0.079121 0.253741
0.091957 0.074056 0.261049
0.095140 0.080777 0.251670
0.089299 0.075393 0.259663
0.094168 0.080354 0.252038
0.090773 0.078166 0.251738
0.094352 0.079265 0.254407
0.090441 0.077128 0.257637
0.089479 0.077024 0.251878
0.092672 0.078599 0.256237
0.088497 0.075305 0.259429
0.090806 0.077140 0.257506
0.087224 0.076539 0.255879
0.093788 0.075667 0.260512
0.088477 0.076205 0.258167
0.093118 0.075816 0.260405
0.086574 0.076473 0.255166
0.088452 0.075705 0.258880
0.093573 0.079104 0.255716
0.089974 0.076990 0.257138
0.091736 0.078239 0.253977
0.094093 0.079078 0.253830
0.090995 0.077956 0.253687
0.091504 0.077735 0.256855
0.091484 0.078015 0.256519
0.095476 0.077697 0.258385
0.090174 0.078286 0.254566
0.095675 0.077788 0.258248
0.095814 0.079063 0.256817
0.089667 0.076778 0.257863
0.093645 0.075473 0.260664
0.092365 0.079797 0.251541
0.092838 0.077784 0.257328
0.093979 0.079871 0.252793
0.097984 0.079679 0.255461
0.094365 0.080371 0.252184
0.088915 0.077744 0.254272
0.092555 0.076514 0.259400
0.092059 0.074720 0.260927
0.090728 0.078144 0.256190
0.089643 0.076141 0.258768
0.094808 0.079850 0.253478
0.091350 0.074211 0.261020
0.095122 0.080092 0.253152
0.091407 0.076189 0.259422
0.091816 0.077492 0.257052
0.091833 0.078918 0.255454
0.091319 0.077673 0.253126
0.096880 0.078904 0.257443
0.089690 0.075462 0.259792
0.094455 0.075480 0.260916
0.089938 0.078255 0.254779
0.087158 0.076387 0.256613
0.094570 0.080469 0.252151
0.089913 0.077621 0.256267
0.091903 0.078758 0.254591
0.088872 0.077781 0.255122
0.095392 0.078064 0.257944
0.092842 0.078933 0.255750
0.093285 0.077853 0.257536
0.086050 0.076324 0.254942
0.088731 0.077164 0.252674
0.097005 0.079308 0.256650
0.096094 0.075698 0.260903
0.096822 0.077730 0.258784
0.089507 0.076232 0.258664
0.089988 0.075096 0.260281
0.092103 0.077209 0.258116
0.095373 0.077180 0.259497
0.096263 0.080840 0.252372
0.094881 0.080037 0.253169
0.097629 0.079355 0.256125
0.093354 0.078779 0.256176
0.088584 0.076142 0.258338
0.096632 0.080821 0.252562
0.089434 0.078144 0.255395
0.089124 0.075767 0.259174
0.089523 0.078156 0.255524
0.094385 0.080215 0.252494
0.090839 0.078800 0.255121
0.090086 0.078488 0.255331
0.089868 0.077079 0.256717
0.091964 0.078827 0.255624
0.094353 0.080445 0.252047
0.096128 0.079126 0.256859
0.096075 0.078984 0.257063
0.097276 0.078650 0.257919
0.090043 0.079108 0.250829
0.096722 0.080975 0.252266
0.093883 0.075496 0.260717
0.092987 0.079033 0.254616
0.094740 0.079347 0.254567
0.088835 0.076887 0.252226
0.091406 0.077790 0.253248
0.087686 0.075937 0.258154
0.089881 0.078330 0.255477
0.097709 0.079309 0.255898
0.095727 0.077448 0.259193
0.088586 0.077062 0.256087
0.091657 0.076272 0.259389
0.092682 0.075891 0.260236
0.093099 0.077135 0.259002
0.096390 0.080696 0.252879
0.093980 0.076762 0.259675
0.093246 0.078710 0.253681
0.087812 0.075366 0.259091
0.093206 0.076525 0.259788
0.095030 0.079566 0.253921
0.090614 0.077243 0.256902
0.091238 0.078468 0.254429
0.095852 0.077607 0.258683
0.093149 0.076127 0.260149
0.089003 0.076179 0.258509
0.095797 0.080871 0.251876
0.089756 0.074349 0.260634
0.087639 0.077118 0.254166
0.092658 0.078902 0.254391
0.087857 0.076577 0.256729
0.090906 0.077426 0.251990
0.097525 0.080267 0.254694
0.097345 0.079333 0.255694
0.096789 0.076784 0.260057
0.092263 0.076267 0.259539
0.098676 0.080034 0.255517
0.093966 0.077648 0.257911
0.094595 0.074817 0.261136
0.090991 0.078347 0.254367
0.094771 0.077489 0.258426
0.094916 0.079425 0.254073
0.090346 0.077244 0.252248
0.087245 0.076599 0.255719
0.091458 0.078725 0.254539
0.092726 0.078421 0.253216
0.088599 0.075629 0.259041
0.097335 0.080224 0.254676
0.096395 0.079320 0.256335
0.089541 0.076066 0.258992
0.087022 0.076372 0.256436
0.092125 0.079515 0.251889
0.090842 0.079412 0.250942
0.093140 0.077394 0.257878
0.093150 0.079121 0.255551
0.097391 0.079205 0.256983
0.093585 0.075042 0.260968
0.088421 0.076746 0.256228
0.096076 0.075103 0.261294
0.091615 0.077656 0.252672
0.090807 0.073970 0.261052
0.091228 0.077498 0.252605
0.092560 0.078112 0.253404
0.090700 0.077994 0.253775
0.089144 0.078027 0.255473
0.086677 0.076645 0.254595
0.092858 0.078653 0.253886
0.092458 0.079028 0.255314
0.093847 0.079014 0.253771
0.088322 0.075243 0.259419
0.096136 0.079871 0.254244
0.090730 0.077114 0.257253
0.090456 0.077085 0.257222
0.093256 0.079178 0.255036
0.092112 0.078907 0.255543
0.092963 0.078271 0.256912
0.087416 0.076552 0.256138
0.092437 0.078393 0.256467
0.090485 0.077309 0.252717
0.089905 0.078410 0.255360
0.091503 0.079270 0.251866
0.090677 0.075396 0.260133
0.090248 0.077670 0.253439
0.097921 0.080726 0.253866
0.092395 0.075547 0.260462
0.092771 0.079907 0.251596
0.094728 0.077364 0.258784
0.088452 0.077074 0.252565
0.088533 0.076433 0.257862
0.091836 0.078274 0.256348
0.090881 0.079139 0.251550
0.093488 0.078281 0.257109
0.088561 0.076538 0.257718
0.095264 0.076663 0.259985
0.089634 0.077047 0.256627
0.094836 0.076554 0.260098
0.094356 0.079309 0.254528
0.097397 0.080074 0.254867
0.093193 0.079009 0.253149
0.090887 0.076589 0.258741
0.095878 0.079785 0.254199
0.090037 0.078603 0.251392
0.094081 0.077341 0.258767
0.089690 0.076978 0.257334
0.097069 0.080337 0.254236
0.095055 0.074751 0.261258
0.088025 0.076688 0.256303
0.096460 0.077701 0.258684
0.093222 0.078923 0.255916
0.092717 0.079089 0.255106
0.094503 0.075850 0.260589
0.091917 0.076358 0.259384
0.091893 0.078091 0.253444
0.092584 0.078727 0.255981
0.087312 0.076664 0.255647
0.097393 0.079843 0.255002
0.090854 0.077831 0.253466
0.086949 0.076534 0.255561
0.092295 0.078987 0.254810
0.090625 0.077278 0.252043
0.087512 0.076218 0.257606
0.091828 0.077166 0.257599
0.090974 0.076361 0.259096
0.097243 0.079486 0.255958
0.096124 0.078207 0.258038
0.090820 0.077139 0.257730
0.092901 0.075058 0.260890
0.095551 0.079335 0.255975
0.087150 0.076671 0.255452
0.094745 0.080605 0.251989
0.086267 0.076195 0.255569
0.086503 0.076514 0.254855
0.093455 0.076115 0.260134
0.090524 0.076178 0.259278
0.087430 0.076248 0.257467
0.094230 0.077388 0.258809
0.093129 0.078737 0.256191
0.097288 0.080705 0.253530
0.088289 0.075777 0.258745
0.089190 0.076904 0.257199
0.088551 0.076786 0.256685
0.087119 0.076752 0.255155
0.088609 0.076773 0.257067
0.095315 0.079359 0.255205
0.090200 0.079121 0.251101
0.095056 0.076807 0.259805
0.090347 0.075104 0.260331
0.089572 0.075869 0.259265
0.092237 0.076977 0.258749
0.089807 0.077393 0.252869
0.093521 0.076561 0.259813
0.091691 0.077489 0.257084
0.088383 0.077367 0.255713
0.098152 0.079305 0.257023
0.090401 0.076272 0.259054
0.088451 0.077606 0.255376
0.095186 0.075039 0.261180
0.093852 0.077360 0.258424
0.095446 0.077427 0.259001
0.095833 0.074772 0.261307
0.096239 0.080747 0.252554
0.093025 0.077294 0.258076
0.094918 0.077076 0.259520
0.086676 0.076200 0.256036
0.095638 0.080308 0.252953
0.088439 0.077047 0.255988
0.092747 0.076337 0.259654
0.092978 0.076957 0.259127
0.089774 0.078306 0.255037
0.086852 0.076611 0.255162
0.096365 0.078314 0.257989
0.097987 0.079908 0.255277
0.088541 0.077437 0.253782
0.091656 0.075823 0.259855
0.088385 0.077324 0.253641
0.094545 0.078294 0.257443
0.092182 0.075169 0.260710
0.093036 0.078148 0.257068
0.092132 0.075882 0.260013
0.090929 0.078325 0.255961
0.091141 0.074966 0.260665
0.093925 0.079119 0.254229
0.091174 0.077094 0.257476
0.087595 0.077130 0.254428
0.093931 0.079229 0.255273
0.097602 0.080386 0.254339
0.089436 0.077559 0.256127
0.092349 0.078954 0.255466
0.096924 0.076966 0.259932
0.088931 0.075930 0.258895
0.089973 0.078016 0.254289
0.089152 0.077878 0.255789
0.096426 0.079313 0.256480
0.098436 0.080442 0.254858
0.092254 0.079034 0.255105
0.088776 0.077717 0.254674
0.093496 0.079923 0.252319
0.090164 0.077851 0.253775
0.096532 0.078139 0.258212
0.091948 0.075403 0.260362
0.088232 0.077465 0.255257
0.095848 0.078899 0.257104
0.091309 0.077164 0.257682
0.087561 0.077086 0.254758
0.089661 0.077164 0.252374
0.091623 0.078101 0.252109
0.092964 0.078793 0.253149
0.091219 0.079011 0.255058
0.096613 0.076676 0.260138
0.089399 0.077794 0.255958
0.090409 0.077362 0.256801
0.092951 0.078508 0.256492
0.095916 0.079393 0.255735
0.094636 0.076229 0.260350
0.095152 0.079169 0.256306
0.090322 0.078277 0.255785
0.092686 0.075452 0.260600
0.093388 0.079144 0.254711
0.090306 0.077784 0.256436
0.088354 0.075388 0.259254
0.088198 0.076786 0.256286
0.090562 0.077900 0.256512
0.091923 0.079729 0.251239
0.095350 0.080734 0.252102
0.094021 0.076406 0.260028
0.096942 0.079329 0.256460
0.093279 0.075851 0.260377
0.089904 0.074110 0.260760
0.090293 0.076499 0.258646
0.094968 0.075019 0.261176
0.090167 0.077886 0.256182
0.094779 0.075006 0.261139
0.093887 0.076559 0.259886
0.094552 0.079283 0.254391
0.097086 0.078766 0.257701
0.096177 0.078830 0.257331
0.092900 0.079141 0.255196
0.095030 0.076294 0.260311
0.097600 0.080520 0.254189
0.094258 0.077523 0.258241
0.088447 0.077554 0.255187
0.097642 0.080829 0.253332
0.096981 0.077880 0.258539
0.093350 0.078796 0.253548
0.094179 0.077341 0.259004
0.094138 0.080027 0.252658
0.097761 0.078678 0.258022
0.089802 0.076624 0.258181
0.098434 0.080591 0.254172
0.093981 0.078315 0.257287
0.090745 0.075929 0.259580
0.091082 0.079061 0.251711
0.097675 0.080689 0.253900
0.091968 0.078659 0.252443
0.090199 0.077740 0.253592
0.090173 0.079175 0.250941
0.096303 0.075005 0.261316
0.093557 0.076118 0.260073
0.093089 0.077593 0.257613
0.091971 0.077994 0.253105
0.086776 0.076642 0.254865
0.097513 0.079654 0.255134
0.096282 0.080007 0.254126
0.094803 0.079339 0.255092
0.093651 0.079250 0.255132
0.092072 0.078181 0.253652
0.091007 0.077462 0.252906
0.092993 0.076607 0.259483
0.094940 0.080700 0.251854
0.091333 0.079155 0.251816
0.093679 0.080072 0.252152
0.090711 0.077315 0.252613
0.088754 0.077032 0.256236
0.087538 0.077086 0.254665
0.096994 0.077568 0.259187
0.092070 0.078158 0.252856
0.087856 0.075485 0.258959
0.093683 0.078972 0.254101
0.095313 0.079880 0.253693
0.095136 0.080450 0.252534
0.095147 0.080260 0.252854
0.086668 0.076263 0.255953
0.092581 0.078918 0.252791
0.092425 0.076020 0.259975
0.090434 0.078414 0.254600
0.088848 0.074851 0.260119
0.098322 0.080038 0.255341
0.091176 0.078977 0.254960
0.087015 0.076472 0.255782
0.093116 0.079039 0.255709
0.094004 0.077128 0.259324
0.091934 0.078462 0.256149
0.094346 0.079189 0.254261
0.096972 0.079079 0.257160
0.089306 0.077797 0.253931
0.095618 0.078724 0.257290
0.087233 0.076916 0.254450
0.090743 0.076193 0.259322
0.093228 0.078808 0.254154
0.087055 0.076763 0.254892
0.088224 0.077422 0.255116
0.094422 0.080515 0.251910
0.094291 0.078439 0.257212
0.088831 0.076746 0.257478
0.093788 0.079142 0.255731
0.090210 0.078219 0.251493
0.090130 0.078356 0.255585
0.093548 0.077321 0.258345
0.096658 0.080492 0.253567
0.088211 0.076661 0.257108
0.095367 0.079352 0.255637
0.091831 0.078433 0.252403
0.095635 0.077523 0.258846
0.093341 0.077323 0.258571
0.094333 0.079169 0.255938
0.086805 0.076265 0.256074
0.093532 0.076253 0.260030
0.090037 0.078930 0.251192
0.091858 0.077305 0.257352
0.090602 0.076452 0.258835
0.094348 0.077348 0.259110
0.094691 0.075426 0.260938
0.089165 0.077908 0.254723
0.093551 0.079547 0.252991
0.088756 0.076789 0.257078
0.086237 0.076262 0.255354
0.091804 0.079108 0.252200
0.087386 0.076944 0.255104
0.097036 0.077447 0.259382
0.092949 0.080015 0.251614
0.091302 0.077613 0.256833
0.095651 0.077454 0.259101
0.097220 0.079324 0.255332
0.093438 0.079999 0.252147
0.088864 0.076653 0.257643
0.091763 0.077734 0.256908
0.092115 0.077242 0.257530
0.097153 0.080909 0.252914
0.093952 0.080356 0.251806
0.094120 0.078713 0.256699
0.088882 0.076495 0.257911
0.090309 0.074172 0.260844
0.090753 0.079456 0.250730
0.093575 0.079190 0.254777
0.094575 0.078487 0.257205
0.093038 0.076508 0.259708
0.095710 0.079259 0.256390
0.097990 0.080622 0.254303
0.093132 0.076723 0.259468
0.091193 0.078157 0.256276
0.093122 0.074725 0.261052
0.094794 0.079453 0.253913
0.096246 0.080676 0.252713
0.091470 0.075864 0.259776
0.096003 0.075814 0.260837
0.096739 0.079346 0.254880
0.089616 0.073622 0.260915
0.086302 0.076366 0.255094
0.094926 0.079273 0.255703
0.096462 0.079726 0.254541
0.091675 0.078315 0.256250
0.095911 0.078323 0.257875
0.092975 0.078879 0.255913
0.095072 0.079047 0.256556
0.091393 0.077197 0.257903
0.086892 0.076563 0.255348
0.091954 0.077913 0.252898
0.088674 0.077388 0.253050
0.095448 0.079375 0.255384
0.092795 0.076003 0.260142
0.095389 0.077764 0.258250
0.096702 0.076592 0.260267
0.093888 0.078856 0.256335
0.087829 0.077242 0.254218
0.095698 0.077958 0.258079
0.093708 0.076366 0.259984
0.095620 0.075034 0.261227
0.087476 0.077002 0.254153
0.094042 0.080488 0.251504
0.094693 0.080100 0.252936
0.095711 0.078185 0.257929
0.092001 0.078385 0.256277
0.096010 0.080666 0.252620
0.096569 0.079249 0.254974
0.090708 0.078562 0.254716
0.088375 0.075924 0.258578
0.096081 0.074907 0.261314
0.097176 0.080509 0.253946
0.095538 0.075228 0.261131
0.089441 0.078004 0.255785
0.089241 0.077842 0.254295
0.092878 0.078745 0.254053
0.091434 0.075730 0.259904
0.090746 0.076716 0.258526
0.088745 0.077642 0.255746
0.096311 0.079597 0.254608
0.093132 0.079875 0.252167
0.091185 0.077273 0.257072
0.092001 0.079848 0.250839
0.093274 0.079202 0.253121
0.092137 0.077451 0.257258
0.096204 0.078747 0.257467
0.093970 0.075945 0.260321
0.092111 0.078227 0.256513
0.094056 0.074941 0.261096
0.093631 0.079492 0.253115
0.093306 0.079559 0.252828
0.091564 0.078867 0.254794
0.088674 0.076209 0.258213
0.091700 0.077804 0.252454
0.091706 0.074976 0.260790
0.097143 0.078110 0.258372
0.097196 0.080612 0.253799
0.092565 0.075114 0.260782
0.086512 0.076196 0.256600
0.094461 0.077537 0.258344
0.088897 0.077777 0.255689
0.091276 0.076953 0.258407
0.091775 0.075509 0.260252
0.093338 0.075257 0.260792
0.090192 0.078215 0.254430
0.094648 0.078954 0.256512
0.094439 0.076859 0.259701
0.087872 0.077228 0.254011
0.091577 0.079361 0.251789
0.093403 0.079174 0.253278
0.090478 0.078330 0.251596
0.094006 0.077350 0.258574
0.086762 0.076708 0.254348
0.098205 0.079814 0.255423
0.090830 0.078921 0.251669
0.092987 0.078914 0.254342
0.092424 0.079562 0.252007
0.093412 0.077044 0.259209
0.093656 0.074518 0.261075
0.089089 0.075003 0.260042
0.095746 0.079352 0.256137
0.094177 0.078596 0.256911
0.090618 0.076038 0.259458
0.094290 0.079349 0.253585
0.096542 0.079296 0.255527
0.093154 0.076279 0.260006
0.087921 0.076377 0.257629
0.093022 0.077781 0.257438
0.089287 0.077300 0.256243
0.087963 0.075358 0.259128
0.092476 0.079266 0.252499
0.089977 0.077163 0.251633
0.089891 0.078707 0.251264
0.090803 0.074362 0.260894
0.091613 0.078088 0.256458
0.097565 0.078658 0.257976
0.095642 0.080428 0.252826
0.087448 0.077013 0.254820
0.086861 0.076260 0.256984
0.096287 0.077636 0.258694
0.093008 0.078672 0.253653
0.091787 0.074447 0.261000
0.097500 0.078402 0.258278
0.093199 0.078806 0.253498
0.097262 0.079423 0.255847
0.088531 0.077214 0.252784
0.098976 0.080558 0.254753
0.088207 0.075414 0.259143
0.091949 0.076981 0.258721
0.088162 0.075570 0.258954
0.096511 0.079215 0.255180
0.091062 0.077062 0.258137
0.094513 0.079280 0.253945
0.089066 0.076019 0.258861
0.094448 0.080293 0.252352
0.094260 0.077107 0.259421
0.091765 0.078382 0.256213
0.094403 0.080004 0.252912
0.090554 0.076874 0.258220
0.089131 0.074295 0.260511
0.087384 0.076399 0.257130
0.095385 0.077360 0.259249
0.092144 0.078490 0.256183
0.090927 0.078393 0.251808
0.092274 0.078437 0.252839
0.088752 0.075971 0.258748
0.097993 0.080127 0.255100
0.094702 0.079277 0.255573
0.090704 0.078345 0.255852
0.093453 0.079216 0.255157
0.096050 0.077525 0.259089
0.096366 0.080357 0.253671
0.093245 0.080033 0.251943
0.095819 0.080427 0.253007
0.094631 0.076561 0.260032
0.090036 0.077853 0.253889
0.090891 0.078080 0.253915
0.088255 0.075995 0.258413
0.090892 0.077690 0.253266
0.087742 0.077140 0.254086
0.095866 0.076019 0.260660
0.088586 0.075468 0.259239
0.095775 0.079913 0.253973
0.092480 0.078758 0.254340
0.093078 0.079084 0.255635
0.090378 0.077147 0.256940
0.094574 0.077768 0.257994
0.093213 0.078926 0.254413
0.090633 0.078162 0.256085
0.092380 0.078255 0.253224
0.093553 0.079842 0.252564
0.096883 0.079153 0.255318
0.088447 0.075031 0.259749
0.091038 0.075726 0.259815
0.092724 0.079838 0.251787
0.089035 0.077729 0.254083
0.097184 0.078858 0.257561
0.086645 0.076224 0.256833
0.091637 0.078866 0.254871
0.097221 0.079321 0.255688
0.087742 0.077231 0.254540
0.097741 0.080327 0.254682
0.089629 0.077719 0.253499
0.093936 0.074599 0.261099
0.090823 0.075957 0.259556
0.088324 0.076596 0.257471
0.088960 0.074454 0.260395
0.089556 0.077931 0.254019
0.091040 0.077633 0.256725
0.090348 0.077473 0.256712
0.089569 0.075225 0.260005
0.093691 0.078280 0.257216
0.089329 0.077269 0.252901
0.096154 0.079257 0.255352
0.089466 0.073824 0.260813
0.092481 0.078595 0.254124
0.089311 0.076941 0.257177
0.095328 0.076934 0.259731
0.086803 0.076717 0.254484
0.095798 0.079186 0.256596
0.091636 0.077197 0.258035
0.093603 0.075928 0.260284
0.091483 0.074759 0.260864
0.095174 0.077363 0.259226
0.094921 0.077667 0.258196
0.094501 0.076709 0.259862
0.088644 0.077667 0.254447
0.092468 0.077243 0.258394
0.096564 0.076296 0.260516
0.090339 0.073865 0.260949
0.095860 0.079612 0.254364
0.096432 0.076863 0.259924
0.092826 0.079649 0.252355
0.095843 0.077698 0.258443
0.095898 0.080123 0.253772
0.098731 0.080242 0.255319
0.091547 0.078213 0.256278
0.098256 0.080624 0.254233
0.095145 0.077719 0.258216
0.096795 0.079142 0.257030
0.097968 0.079328 0.255865
0.094552 0.079220 0.255778
0.092498 0.079038 0.254966
0.092936 0.080185 0.251056
0.087202 0.075822 0.258105
0.089285 0.074737 0.260358
0.090342 0.078181 0.254231
0.093465 0.078000 0.257463
0.089177 0.077871 0.254423
0.091015 0.078734 0.251814
0.093722 0.076143 0.260097
0.096172 0.080201 0.253796
0.091673 0.075429 0.260348
0.090851 0.075180 0.260385
0.096180 0.080644 0.252823
0.089669 0.074410 0.260586
0.096688 0.078927 0.257345
0.095855 0.080351 0.253203
0.094112 0.076837 0.259663
0.097902 0.079538 0.255565
0.092014 0.078376 0.254042
0.092463 0.078170 0.256836
0.097160 0.079255 0.255515
0.093312 0.079871 0.252321
0.096545 0.079152 0.256958
0.094451 0.078650 0.256914
0.094190 0.080448 0.251828
0.097212 0.079179 0.257021
0.095343 0.079267 0.255899
0.096171 0.077863 0.258273
0.090011 0.077017 0.256889
0.089021 0.075362 0.259611
0.096882 0.080062 0.254532
0.090716 0.077865 0.253569
0.096357 0.079318 0.256179
0.095022 0.079434 0.254316
0.094419 0.078141 0.257554
0.093826 0.079653 0.253030
0.090038 0.078782 0.251326
0.091637 0.074559 0.260950
0.095199 0.079390 0.255393
0.088559 0.076712 0.257381
0.088885 0.074348 0.260457
0.091164 0.078263 0.256111
0.097213 0.077802 0.258684
0.091521 0.077852 0.252217
0.094372 0.076525 0.259987
0.091155 0.078589 0.254506
0.093886 0.076835 0.259598
0.088002 0.076214 0.257927
0.088786 0.077522 0.253579
0.094860 0.079392 0.254778
0.097015 0.080234 0.254464
0.095618 0.080013 0.253700
0.090252 0.079234 0.250914
0.094827 0.078381 0.257400
0.088288 0.077285 0.253067
0.096431 0.078916 0.257272
0.087456 0.076484 0.256840
0.096633 0.079346 0.255718
0.094285 0.078907 0.256432
0.089420 0.075733 0.259358
0.096939 0.080484 0.253834
0.091794 0.078889 0.254866
0.089310 0.076670 0.257763
0.091693 0.077960 0.256683
0.093046 0.076312 0.259955
0.095872 0.080724 0.252446
0.088554 0.077277 0.255922
0.092208 0.077616 0.257166
0.089947 0.076453 0.258513
0.095413 0.075330 0.260950
0.093701 0.079235 0.255001
0.096356 0.080262 0.253811
0.089698 0.078035 0.254382
0.089206 0.075086 0.259950
0.093235 0.079061 0.254652
0.093105 0.077318 0.258591
0.093596 0.076470 0.259899
0.088625 0.076786 0.256863
0.092247 0.078989 0.255391
0.089299 0.076987 0.251994
0.093318 0.080169 0.251727
0.089165 0.076349 0.258323
0.091592 0.075625 0.260034
0.091927 0.075922 0.259839
0.095742 0.079226 0.254826
0.091313 0.077607 0.252194
0.096426 0.079850 0.254354
0.096924 0.081043 0.251950
0.090065 0.073917 0.260878
0.089136 0.076983 0.252240
0.094903 0.080725 0.251600
0.094860 0.080394 0.252435
0.089690 0.077707 0.256129
0.092510 0.078478 0.253907
0.096257 0.075176 0.261245
0.089204 0.074520 0.260435
0.089431 0.075305 0.259785
0.088357 0.077490 0.254973
0.092849 0.076806 0.259233
0.089684 0.073736 0.260881
0.088542 0.077373 0.253252
0.089748 0.077075 0.252022
0.097656 0.080160 0.254899
0.090203 0.075033 0.260376
0.094265 0.079356 0.255018
0.090538 0.079375 0.250779
0.097421 0.080336 0.254485
0.091278 0.079008 0.255202
0.092735 0.078283 0.253514
0.098769 0.080430 0.255066
0.088233 0.076692 0.256698
0.088897 0.075219 0.259737
0.089124 0.075198 0.259836
0.094784 0.079345 0.255327
0.094606 0.077652 0.258214
0.089410 0.077637 0.253291
0.093307 0.079172 0.254892
0.097658 0.079088 0.257364
0.093486 0.078852 0.253768
0.092740 0.078707 0.254079
0.088082 0.077232 0.253024
0.089043 0.077929 0.255670
0.096812 0.079322 0.256606
0.092479 0.078815 0.255790
0.097015 0.081039 0.252153
0.087564 0.075977 0.258075
0.088221 0.076325 0.257870
0.087946 0.077204 0.253803
0.088304 0.077363 0.253871
0.090062 0.078370 0.251438
0.087767 0.076199 0.257814
0.092461 0.077084 0.258725
0.088414 0.075522 0.259101
0.094466 0.076346 0.260088
0.087691 0.076698 0.256027
0.097454 0.079369 0.256468
0.088852 0.075613 0.259201
0.089084 0.077001 0.256457
0.092082 0.078565 0.256036
0.097067 0.077248 0.259671
0.094091 0.075501 0.260761
0.090361 0.077616 0.251569
0.092621 0.079156 0.252677
0.087702 0.077169 0.255215
0.090408 0.078258 0.254368
0.093152 0.078699 0.253872
0.087555 0.077079 0.255198
0.095130 0.077429 0.258739
0.094386 0.079724 0.253243
0.087979 0.076622 0.256609
0.095362 0.079999 0.253519
0.090619 0.075828 0.259656
0.097035 0.080893 0.252633
0.094398 0.077207 0.259343
0.095057 0.078265 0.257622
0.087350 0.076445 0.256635
0.092681 0.076047 0.260059
0.091921 0.076676 0.259088
0.088617 0.074691 0.260194
0.093656 0.076723 0.259672
0.096418 0.077806 0.258458
0.092654 0.078745 0.254263
0.094364 0.080144 0.252638
0.097540 0.079412 0.256333
0.090089 0.077215 0.256646
0.093697 0.076958 0.259410
0.092659 0.079033 0.254704
0.093904 0.080189 0.252089
0.098500 0.080336 0.255110
0.095268 0.078179 0.257800
0.091738 0.075161 0.260626
0.093606 0.077309 0.258574
0.098521 0.079547 0.255853
0.091888 0.075174 0.260669
0.090592 0.075604 0.259877
0.089789 0.074859 0.260375
0.088751 0.076868 0.256499
0.089648 0.078134 0.254812
0.094500 0.079392 0.254931
0.095349 0.080401 0.252736
0.092222 0.076769 0.259089
0.090687 0.074844 0.260603
0.090644 0.078230 0.254303
0.095982 0.077663 0.258481
0.096435 0.078503 0.257849
0.097708 0.078761 0.257863
0.095553 0.079330 0.255829
0.095637 0.077720 0.258410
0.092039 0.078980 0.254959
0.092061 0.079025 0.255108
0.091623 0.078554 0.252248
0.091000 0.079225 0.251501
0.087376 0.075845 0.258168
0.097339 0.080808 0.253339
0.094613 0.077352 0.258777
0.090806 0.078233 0.254346
0.094666 0.079632 0.253644
0.089506 0.076802 0.257735
0.091187 0.076013 0.259556
0.094453 0.079039 0.256306
0.087303 0.076867 0.253866
0.087151 0.076478 0.255961
0.093996 0.079312 0.253582
0.092024 0.074967 0.260809
0.092176 0.077111 0.258598
0.089123 0.075483 0.259492
0.093851 0.077229 0.259015
0.093856 0.078005 0.257588
0.092963 0.075923 0.260287
0.091671 0.079442 0.251624
0.091169 0.077865 0.253472
0.094915 0.077808 0.258011
0.094620 0.079494 0.253764
0.092095 0.075577 0.260309
0.093103 0.079103 0.253007
0.096704 0.080410 0.253778
0.097418 0.081025 0.252783
0.098525 0.079645 0.255733
0.095602 0.079317 0.256235
0.089740 0.076315 0.258612
0.092534 0.080058 0.250922
0.093748 0.077136 0.259229
0.089884 0.073817 0.260878
0.095148 0.077877 0.258049
0.097505 0.081011 0.252963
0.094870 0.078753 0.256937
0.090982 0.075851 0.259667
0.093157 0.074356 0.261107
0.092520 0.078425 0.253815
0.092084 0.075383 0.260453
0.098516 0.080605 0.254652
0.097786 0.080018 0.255098
0.094443 0.075359 0.260966
0.090850 0.078132 0.254027
0.095056 0.079917 0.253476
0.093417 0.078853 0.256084
0.091813 0.078358 0.254156
0.097173 0.079394 0.256249
0.090738 0.075060 0.260465
0.089719 0.077446 0.256302
0.088172 0.077208 0.253189
0.091881 0.075722 0.260076
0.088816 0.077039 0.252486
0.096196 0.077527 0.259142
0.094703 0.077352 0.259053
0.088163 0.075852 0.258574
0.091618 0.077942 0.253380
0.087795 0.076850 0.255830
0.090073 0.078059 0.254192
0.095641 0.076769 0.259900
0.089251 0.076794 0.257603
0.094033 0.076139 0.260174
0.089823 0.077575 0.253196
0.087863 0.076988 0.253361
0.095790 0.079064 0.254828
0.094560 0.074704 0.261145
0.096947 0.079870 0.254690
0.092605 0.078433 0.256507
0.091630 0.078902 0.252204
0.087539 0.076833 0.255643
0.096837 0.080653 0.253350
0.089948 0.076873 0.257856
0.091443 0.077979 0.253549
0.090101 0.075398 0.260025
0.094915 0.075501 0.260903
0.090037 0.077004 0.257722
0.096372 0.079280 0.255454
0.089486 0.076971 0.256724
0.089275 0.077652 0.253833
0.090431 0.076946 0.257977
0.095203 0.075311 0.261019
0.096162 0.077717 0.258449
0.091732 0.078831 0.254715
0.096773 0.079333 0.256420
0.093341 0.079401 0.253018
0.095142 0.077472 0.258612
0.098219 0.080395 0.254853
0.094844 0.079943 0.253360
0.095899 0.079299 0.255341
0.098040 0.080238 0.255026
0.094718 0.079296 0.254115
0.097015 0.079767 0.254818
0.097322 0.079076 0.257260
0.092223 0.074527 0.261015
0.092538 0.074531 0.261039
0.091208 0.079260 0.251586
0.097839 0.080127 0.254981
0.094303 0.077419 0.258470
0.090057 0.076751 0.258117
0.091421 0.077547 0.252731
0.097304 0.081071 0.252222
0.088461 0.077567 0.254403
0.097855 0.080487 0.254433
0.092971 0.077293 0.258237
0.092769 0.077289 0.258098
0.090952 0.076258 0.259256
0.089476 0.076078 0.258911
0.088301 0.076223 0.258064
0.091471 0.078384 0.254332
0.089977 0.077127 0.251845
0.094241 0.079315 0.255204
0.087374 0.076591 0.255942
0.096683 0.080274 0.254161
0.089836 0.078415 0.251310
0.094228 0.074868 0.261085
0.094137 0.078991 0.256274
0.087233 0.076902 0.254659
0.086761 0.076285 0.256736
0.090272 0.078065 0.254082
0.096023 0.075456 0.261121
0.088085 0.075081 0.259484
0.088986 0.077717 0.254082
0.094985 0.079418 0.254961
0.095879 0.075655 0.260967
0.092461 0.077013 0.258873
0.094936 0.078581 0.257177
0.095714 0.077331 0.259347
0.095652 0.079620 0.254226
0.093202 0.079790 0.252413
0.094147 0.076430 0.260015
0.088927 0.074681 0.260285
0.089410 0.076938 0.257329
0.097558 0.080746 0.253412
0.090230 0.076655 0.258391
0.091884 0.075347 0.260467
0.094142 0.074469 0.261109
0.097308 0.079402 0.256364
0.093385 0.076750 0.259568
0.090031 0.079054 0.251018
0.095350 0.075095 0.261140
0.090036 0.077155 0.252155
0.096592 0.077077 0.259771
0.093583 0.079172 0.255554
0.093480 0.078702 0.256293
0.096055 0.079213 0.256650
0.097526 0.080696 0.253810
0.088279 0.077219 0.253523
0.093964 0.077235 0.259137
0.093448 0.077322 0.258210
0.092693 0.077317 0.257923
0.091764 0.078967 0.255146
0.089169 0.074852 0.260219
0.088492 0.076787 0.256549
0.087895 0.077199 0.255479
0.093534 0.076856 0.259473
0.093754 0.080345 0.251683
0.094350 0.079351 0.254804
0.093637 0.078389 0.256995
0.090264 0.078536 0.255342
0.092321 0.078521 0.256209
0.089066 0.077864 0.254903
0.095860 0.077138 0.259532
0.094732 0.079093 0.256308
0.088787 0.075342 0.259532
0.090466 0.074960 0.260455
0.089048 0.077706 0.253904
0.089860 0.076287 0.258701
0.089058 0.077430 0.253021
0.090702 0.078864 0.251632
0.090738 0.077137 0.256931
0.090887 0.077381 0.252436
0.090107 0.078368 0.254784
0.089929 0.076634 0.258177
0.091460 0.077931 0.256675
0.095578 0.079255 0.254958
0.090483 0.077125 0.257399
0.096285 0.077676 0.258531
0.087623 0.076489 0.257097
0.089001 0.076846 0.257036
0.091592 0.079605 0.251121
0.093204 0.079947 0.252079
0.095602 0.075738 0.260864
0.092036 0.077194 0.258421
0.094330 0.079077 0.256205
0.093797 0.080401 0.251539
0.093530 0.077858 0.257626
0.091012 0.078135 0.256303
0.095536 0.077027 0.259676
0.094140 0.077974 0.257658
0.094888 0.080167 0.252885
0.096652 0.079298 0.256700
0.089457 0.076991 0.252120
0.096640 0.078638 0.257759
0.096336 0.078220 0.258095
0.088322 0.077485 0.254739
0.095360 0.077501 0.258705
0.090916 0.076773 0.258507
0.091797 0.076872 0.258813
0.092905 0.078673 0.256220
0.089709 0.077060 0.251758
0.090211 0.076122 0.259143
0.091729 0.078576 0.254417
0.088392 0.077284 0.252931
0.089036 0.076772 0.257560
0.096494 0.080321 0.253839
0.094116 0.077181 0.259307
0.089310 0.073794 0.260776
0.087414 0.076840 0.253600
0.090957 0.077122 0.257925
0.092256 0.074252 0.261038
0.096191 0.075363 0.261175
0.098174 0.080033 0.255262
0.089325 0.077132 0.252440
0.091705 0.076707 0.259004
0.089490 0.077278 0.252544
0.097917 0.079090 0.257435
0.087622 0.077122 0.255054
0.089207 0.077506 0.256038
0.089026 0.074789 0.260249
0.090689 0.078635 0.255309
0.095021 0.077514 0.258431
0.093638 0.077653 0.257862
0.093402 0.077183 0.259032
0.089696 0.077003 0.256816
0.093865 0.078504 0.256910
0.087828 0.077227 0.255305
0.088470 0.076861 0.256161
0.095475 0.079022 0.256743
0.093268 0.078206 0.257089
0.093132 0.079367 0.252920
0.095878 0.080812 0.252205
0.095423 0.080524 0.252549
0.090496 0.078062 0.256227
0.093736 0.079303 0.253373
0.095744 0.076278 0.260429
0.092582 0.077329 0.257675
0.091325 0.077916 0.253490
0.092412 0.078168 0.253449
0.096650 0.080791 0.252840
0.090357 0.075926 0.259487
0.091548 0.076713 0.258972
0.091023 0.077141 0.257697
0.095084 0.079211 0.256016
0.094914 0.077385 0.258969
0.094035 0.077442 0.258226
0.097284 0.077998 0.258517
0.096332 0.079051 0.257053
0.095659 0.080692 0.252370
0.097364 0.078278 0.258330
0.089697 0.078289 0.255315
0.090029 0.076087 0.259165
0.093644 0.079230 0.255264
0.089373 0.077914 0.254121
0.092057 0.079805 0.251153
0.094843 0.075882 0.260669
0.092895 0.077253 0.258735
0.088327 0.076459 0.257720
0.091672 0.078977 0.255084
0.096054 0.080050 0.253947
0.091315 0.077096 0.258211
0.091054 0.075198 0.260406
0.089406 0.076675 0.257898
0.088856 0.077752 0.254426
0.092719 0.079569 0.252379
0.086501 0.076190 0.256367
0.089715 0.077814 0.253772
0.098318 0.079525 0.255790
0.096713 0.079083 0.255229
0.096415 0.077075 0.259705
0.095485 0.079260 0.254780
0.095055 0.075405 0.260965
0.089464 0.078161 0.255280
0.096843 0.077643 0.258994
0.089293 0.078043 0.255093
0.093586 0.079194 0.253419
0.094963 0.078443 0.257313
0.092296 0.079309 0.252290
0.090217 0.078576 0.255203
0.087567 0.076849 0.253430
0.094807 0.075643 0.260809
0.090814 0.078761 0.254933
0.089130 0.077098 0.256329
0.095883 0.077528 0.258908
0.097302 0.077616 0.258897
0.090127 0.076202 0.259000
0.088131 0.077351 0.254171
0.088968 0.076966 0.256471
0.093935 0.076430 0.259997
0.096963 0.079228 0.256877
0.096087 0.079505 0.254551
0.098204 0.080763 0.253987
0.088707 0.077681 0.254546
0.094871 0.074770 0.261218
0.089943 0.077802 0.256138
0.092687 0.078975 0.255626
0.087963 0.077355 0.254599
0.087179 0.076765 0.253756
0.092376 0.079041 0.252566
0.089269 0.076879 0.257435
0.094982 0.078025 0.257825
0.093455 0.077665 0.257791
0.090911 0.079484 0.250799
0.096586 0.080043 0.254312
0.093600 0.080389 0.251166
0.093987 0.077019 0.259451
0.097220 0.080667 0.253666
0.087694 0.075847 0.258336
0.089983 0.076589 0.258332
0.096837 0.080332 0.254147
0.091405 0.078390 0.256038
0.096748 0.081004 0.252128
0.096133 0.076830 0.259881
0.086874 0.076752 0.254177
0.092422 0.079977 0.251113
0.089320 0.076990 0.256572
0.096902 0.079427 0.255867
0.097939 0.080276 0.254884
0.089163 0.077779 0.253545
0.090509 0.078320 0.255827
0.096260 0.080054 0.253956
0.090363 0.077293 0.252482
0.098523 0.080132 0.255354
0.091184 0.077461 0.252347
0.094502 0.079368 0.255091
0.094569 0.075154 0.261040
0.088087 0.077378 0.254861
0.087611 0.077051 0.255378
0.095165 0.078778 0.257005
0.095158 0.077299 0.259360
0.092638 0.077188 0.258703
0.095338 0.079395 0.254381
0.086974 0.075955 0.257706
0.092664 0.076704 0.259267
0.093136 0.075628 0.260537
0.092400 0.076917 0.258990
0.091613 0.078337 0.252166
0.090369 0.076872 0.258105
0.097125 0.080079 0.254691
0.091566 0.077155 0.257561
0.093062 0.076839 0.259260
0.094003 0.079225 0.254415
0.096235 0.080595 0.253001
0.088837 0.077729 0.254916
0.096233 0.080440 0.253328
0.093046 0.079524 0.252766
0.095548 0.075480 0.260997
0.092314 0.077566 0.257280
0.095074 0.075588 0.260848
0.092636 0.078690 0.252971
0.092173 0.074638 0.260980
0.092791 0.079314 0.252700
0.088814 0.077453 0.253116
0.094716 0.078500 0.257212
0.098270 0.079324 0.256138
0.088650 0.076658 0.257560
0.097216 0.080330 0.254414
0.091630 0.077772 0.253101
0.093976 0.079262 0.254680
0.094697 0.080649 0.251745
0.094296 0.077829 0.257808
0.091210 0.078045 0.256476
0.097359 0.080935 0.253065
0.088442 0.075132 0.259621
0.096595 0.077603 0.259003
0.087923 0.077324 0.254382
0.089058 0.077252 0.252790
0.092917 0.079091 0.254869
0.092654 0.079047 0.255390
0.097757 0.079262 0.256757
0.094568 0.079364 0.255244
0.088861 0.077492 0.255929
0.095243 0.075807 0.260747
0.089841 0.078142 0.254623
0.092385 0.077313 0.257623
0.087028 0.075853 0.257955
0.088853 0.076810 0.256769
0.091399 0.074992 0.260723
0.087939 0.076789 0.256021
0.091847 0.078105 0.256543
0.092122 0.077148 0.257910
0.096908 0.078193 0.258237
0.091302 0.078000 0.253722
0.089329 0.075068 0.260045
0.095297 0.079311 0.254712
0.091002 0.077114 0.257373
0.097426 0.080617 0.253913
0.092729 0.077129 0.258863
0.096857 0.079363 0.255718
0.088907 0.075478 0.259431
0.095320 0.080080 0.253305
0.091745 0.079765 0.250781
0.094104 0.079686 0.253145
0.092417 0.076571 0.259303
0.098724 0.080657 0.254496
0.089957 0.074794 0.260465
0.098176 0.080804 0.253868
0.088110 0.076606 0.257282
0.092732 0.077003 0.259021
0.095526 0.080572 0.252461
0.089495 0.077330 0.252612
0.095144 0.080759 0.251847
0.090409 0.078223 0.255914
0.095384 0.075744 0.260811
0.096390 0.077535 0.259156
0.097466 0.079400 0.255466
0.092200 0.076401 0.259395
0.088279 0.077442 0.254486
0.090981 0.077391 0.252596
0.086772 0.076287 0.256486
0.094480 0.075610 0.260828
0.091251 0.076375 0.259222
0.093953 0.074863 0.261106
0.095488 0.076619 0.260055
0.093586 0.079919 0.252385
0.095459 0.079307 0.256126
0.087167 0.076099 0.257590
0.088906 0.077759 0.254743
0.092966 0.079043 0.255620
0.091299 0.077848 0.252058
0.089444 0.077128 0.256421
0.097389 0.079479 0.255261
0.089026 0.077841 0.254616
0.086704 0.076455 0.255429
0.092752 0.077973 0.257156
0.089341 0.078009 0.254851
0.089538 0.074810 0.260381
0.089332 0.075877 0.259153
0.095908 0.079238 0.256514
0.093992 0.075312 0.260902
0.092322 0.075791 0.260215
0.095847 0.079359 0.255496
0.091275 0.077169 0.257278
0.091298 0.078766 0.254643
0.092237 0.075458 0.260453
0.090526 0.073991 0.260931
0.090285 0.078058 0.256086
0.095781 0.080244 0.253382
0.092718 0.079795 0.251897
0.092323 0.074670 0.260957
0.093828 0.079198 0.255631
0.089566 0.076311 0.258572
0.096732 0.080189 0.254313
0.094494 0.077314 0.259184
0.088876 0.076371 0.258098
0.088784 0.077594 0.253786
0.096975 0.079545 0.254938
0.090157 0.077709 0.251463
0.095478 0.079609 0.254117
0.096294 0.076682 0.260062
0.095858 0.079406 0.254573
0.090875 0.078189 0.256154
0.090342 0.076364 0.258827
0.091608 0.078747 0.254582
0.092629 0.078204 0.253451
0.092310 0.077203 0.257992
0.093065 0.080010 0.251778
0.091823 0.077826 0.252983
0.094974 0.079382 0.254610
0.093098 0.078638 0.256358
0.095434 0.074994 0.261222
0.088774 0.076555 0.257788
0.098128 0.080592 0.254410
0.091848 0.077164 0.257707
0.089876 0.077212 0.251428
0.087292 0.076929 0.254322
0.096735 0.077421 0.259400
0.087039 0.076154 0.257271
0.092275 0.079865 0.251270
0.097623 0.079248 0.256894
0.090982 0.078041 0.251858
0.097819 0.080630 0.254165
0.089514 0.076513 0.258212
0.093381 0.074525 0.261094
0.094422 0.075987 0.260492
0.097751 0.079364 0.256551
0.096160 0.076037 0.260675
0.087506 0.076915 0.253736
0.087992 0.075686 0.258731
0.096563 0.079668 0.254651
0.097233 0.079337 0.256563
0.095936 0.079173 0.254947
0.094010 0.075684 0.260559
0.088528 0.074934 0.259898
0.093951 0.078974 0.256216
0.094803 0.080515 0.252194
0.092662 0.078604 0.253953
0.088614 0.077438 0.253641
0.092229 0.074836 0.260837
0.087889 0.075241 0.259243
0.091000 0.076939 0.258318
0.097482 0.079375 0.255843
0.090342 0.079259 0.250879
0.092878 0.075608 0.260536
0.091434 0.079334 0.251657
0.088898 0.076061 0.258689
0.090865 0.077020 0.258120
0.090237 0.074464 0.260676
0.096673 0.080337 0.253984
0.091625 0.077218 0.257425
0.092707 0.074995 0.260882
0.094980 0.078908 0.256751
0.096687 0.076962 0.259895
0.090797 0.077446 0.256825
0.087588 0.076122 0.257856
0.097576 0.079932 0.255050
0.093788 0.077521 0.258023
0.093729 0.079763 0.252815
0.092318 0.078347 0.253021
0.086655 0.076225 0.256180
0.092659 0.077428 0.257540
0.095572 0.080869 0.251672
0.095356 0.079293 0.254894
0.095174 0.076141 0.260444
0.088371 0.076304 0.257978
0.089832 0.078410 0.255199
0.094524 0.080121 0.252775
0.089426 0.075562 0.259481
0.092077 0.077731 0.257020
0.096067 0.076378 0.260335
0.090505 0.078100 0.251609
0.090679 0.077504 0.253093
0.094328 0.075628 0.260801
0.094336 0.076198 0.260228
0.088286 0.077462 0.255456
0.098494 0.080668 0.254459
0.088194 0.077419 0.254804
0.091274 0.075352 0.260312
0.096232 0.080389 0.253481
0.091064 0.078816 0.255369
0.090546 0.074687 0.260668
0.091209 0.078206 0.254160
0.095283 0.078887 0.256878
0.089151 0.075689 0.259290
0.097900 0.079287 0.256938
0.090239 0.074788 0.260523
0.087799 0.076590 0.256422
0.087625 0.076540 0.256593
0.095075 0.077191 0.259461
0.095959 0.078089 0.258058
0.090274 0.078535 0.251504
0.095759 0.075863 0.260772
0.089768 0.077260 0.256458
0.091070 0.078857 0.254864
0.092322 0.079710 0.251709
0.087066 0.076833 0.254277
0.090618 0.077296 0.252319
0.087671 0.077005 0.253702
0.093063 0.078775 0.254063
0.091287 0.078936 0.255344
0.092312 0.078313 0.256538
0.089560 0.073965 0.260770
0.095591 0.074776 0.261303
0.094468 0.079543 0.253557
0.088273 0.077173 0.255814
0.094251 0.078275 0.257400
0.092486 0.079061 0.255149
0.092512 0.077269 0.257895
0.094144 0.076273 0.260099
0.096221 0.079374 0.256058
0.089871 0.076378 0.258573
0.097906 0.079233 0.256036
0.094757 0.077913 0.257849
0.090719 0.075216 0.260335
0.091658 0.079330 0.251887
0.090190 0.077079 0.256911
0.095056 0.080574 0.252263
0.096225 0.079260 0.255461
0.095560 0.080798 0.251980
0.092191 0.075995 0.259826
0.090059 0.074150 0.260761
0.089764 0.076927 0.257686
0.093185 0.075080 0.260912
0.089111 0.076157 0.258598
0.087287 0.075981 0.257900
0.092855 0.074555 0.261068
0.086428 0.076517 0.254720
0.091360 0.074434 0.260955
0.088038 0.077348 0.255332
0.087486 0.076521 0.256394
0.092807 0.078790 0.255987
0.092512 0.076374 0.259498
0.091976 0.074378 0.261027
0.094663 0.076384 0.260204
0.089942 0.075380 0.259970
0.090926 0.079627 0.250487
0.096357 0.079295 0.254894
0.098075 0.080697 0.254106
0.092522 0.075913 0.260158
0.091165 0.078491 0.255837
0.092602 0.076280 0.259680
0.090636 0.078509 0.255583
0.089048 0.076445 0.258093
0.088013 0.076613 0.256880
0.087632 0.075650 0.258620
0.092659 0.074658 0.260987
0.092689 0.080064 0.251126
0.091353 0.076702 0.258858
0.087785 0.077120 0.253801
0.091128 0.075499 0.260111
0.092356 0.078436 0.254010
0.091730 0.076515 0.259214
0.096138 0.078459 0.257823
0.095638 0.079351 0.255321
0.093357 0.078961 0.254385
0.098580 0.080495 0.254902
0.090234 0.077099 0.257463
0.096586 0.080928 0.252303
0.095248 0.079065 0.256584
0.094484 0.079323 0.255354
0.092169 0.078173 0.253133
0.090734 0.077811 0.253464
0.095331 0.079285 0.254541
0.093548 0.080358 0.251396
0.091226 0.074051 0.261065
0.087943 0.077296 0.255079
0.096698 0.079873 0.254530
0.087001 0.076346 0.256763
0.091037 0.078455 0.255840
0.088430 0.076092 0.258339
0.091434 0.079018 0.255104
0.091332 0.078577 0.255812
0.090618 0.078697 0.255119
0.094275 0.077407 0.258754
0.092696 0.077276 0.258319
0.092169 0.078228 0.252998
0.090939 0.075296 0.260282
0.087932 0.077132 0.253126
0.089668 0.076368 0.258502
0.096176 0.080957 0.251892
0.095359 0.080633 0.252330
0.093366 0.078812 0.254009
0.097411 0.080909 0.253188
0.089923 0.078467 0.255234
0.097994 0.080944 0.253267
0.098219 0.079598 0.255622
0.095264 0.079249 0.256109
0.090389 0.078447 0.254735
0.089259 0.076266 0.258500
0.098210 0.079386 0.256624
