-0.019003 -0.085249 0.013939
-0.014092 -0.085434 0.011501
-0.011878 -0.085467 0.013584
-0.011591 -0.084564 0.008364
-0.018822 -0.084466 0.010238
-0.015739 -0.085101 0.007400
-0.019798 -0.085280 0.013757
-0.020544 -0.085118 0.010454
-0.021347 -0.083796 0.004864
-0.026257 -0.084021 0.009872
-0.016753 -0.085037 0.009603
-0.012653 -0.085316 0.006360
-0.012394 -0.085107 0.005194
-0.017809 -0.084376 0.006239
-0.023278 -0.084103 0.007311
-0.013928 -0.085346 0.012872
-0.017933 -0.084538 0.007378
-0.023776 -0.084583 0.009444
-0.020614 -0.084907 0.013233
-0.019997 -0.085017 0.013189
-0.011380 -0.085428 0.013194
-0.012879 -0.085346 0.011759
-0.014078 -0.085217 0.010520
-0.013097 -0.085362 0.014451
-0.023852 -0.084006 0.006738
-0.019055 -0.083854 0.004350
-0.014400 -0.085332 0.007604
-0.021146 -0.083799 0.006206
-0.012318 -0.085250 0.006586
-0.011336 -0.085143 0.011637
-0.019299 -0.084137 0.007914
-0.013308 -0.085336 0.006952
-0.012537 -0.085215 0.007091
-0.023852 -0.084006 0.006738
-0.011980 -0.085211 0.005250
-0.013732 -0.085364 0.011900
-0.013085 -0.085219 0.009918
-0.019634 -0.085391 0.014052
-0.019173 -0.084217 0.007199
-0.012293 -0.085454 0.014442
-0.025915 -0.084087 0.008060
-0.021105 -0.085008 0.013940
-0.018943 -0.085469 0.015746
-0.012116 -0.085280 0.006398
-0.017661 -0.084831 0.009184
-0.016616 -0.085628 0.015557
-0.024472 -0.083674 0.005835
-0.011022 -0.085340 0.011036
-0.019180 -0.084417 0.010083
-0.020255 -0.085243 0.013844
-0.024058 -0.084451 0.009003
-0.021166 -0.084288 0.008011
-0.025241 -0.084332 0.009632
-0.017686 -0.084441 0.006686
-0.024572 -0.084451 0.012038
-0.017665 -0.084828 0.009633
-0.012882 -0.085326 0.011530
-0.014990 -0.084788 0.009897
-0.015585 -0.084268 0.004268
-0.023767 -0.084498 0.009044
-0.014802 -0.085136 0.008615
-0.019748 -0.084355 0.009107
-0.026225 -0.084053 0.008073
-0.014551 -0.085133 0.010629
-0.016123 -0.085202 0.011171
-0.017201 -0.085015 0.008832
-0.023565 -0.083761 0.005733
-0.019483 -0.084043 0.007536
-0.015839 -0.084911 0.008574
-0.025994 -0.084050 0.010240
-0.014294 -0.085449 0.011384
-0.024430 -0.084490 0.009635
-0.011645 -0.085343 0.009531
-0.019025 -0.084403 0.009501
-0.027495 -0.083802 0.012191
-0.022005 -0.084464 0.008773
-0.019145 -0.084306 0.006555
-0.016987 -0.085244 0.012524
-0.010952 -0.085402 0.011466
-0.013366 -0.085319 0.011447
-0.022997 -0.084309 0.008373
-0.017198 -0.085045 0.010679
-0.018229 -0.084523 0.009392
-0.017306 -0.085183 0.012418
-0.020208 -0.084778 0.012191
-0.013074 -0.085236 0.010672
-0.014367 -0.085088 0.010165
-0.024096 -0.084565 0.009705
-0.020630 -0.083911 0.005863
-0.012450 -0.085271 0.010784
-0.025508 -0.084255 0.009904
-0.013965 -0.085073 0.009261
-0.014067 -0.085278 0.006515
-0.024003 -0.084303 0.008186
-0.022300 -0.085041 0.013455
-0.012450 -0.085271 0.010784
-0.019798 -0.085280 0.013757
-0.016610 -0.084089 0.004499
-0.011253 -0.085364 0.011324
-0.014716 -0.085023 0.010423
-0.025194 -0.082882 0.004197
-0.012537 -0.085215 0.007091
-0.022484 -0.083655 0.004882
-0.016449 -0.085029 0.006732
-0.019655 -0.083991 0.007710
-0.018198 -0.084530 0.008888
-0.015056 -0.085017 0.010622
-0.023222 -0.084710 0.009726
-0.026094 -0.084157 0.008369
-0.018876 -0.084697 0.011095
-0.026920 -0.083831 0.010898
-0.017052 -0.085036 0.009247
-0.024523 -0.084347 0.008637
-0.017201 -0.085015 0.008832
-0.020017 -0.084297 0.009696
-0.018771 -0.085146 0.013765
-0.024951 -0.084415 0.010399
-0.020630 -0.083911 0.005863
-0.022674 -0.084025 0.007284
-0.017667 -0.084812 0.008640
-0.012403 -0.085317 0.011917
-0.011645 -0.085343 0.009531
-0.011340 -0.085321 0.012387
-0.014122 -0.085408 0.011265
-0.012435 -0.085202 0.011218
-0.027227 -0.083784 0.011303
-0.011595 -0.084628 0.008083
-0.011697 -0.085169 0.011806
-0.012068 -0.085481 0.009634
-0.019521 -0.084070 0.004879
-0.025169 -0.083999 0.007338
-0.017353 -0.084822 0.007188
-0.012355 -0.085388 0.013907
-0.016608 -0.085099 0.007970
-0.023115 -0.085654 0.018295
-0.016139 -0.084917 0.006171
-0.026215 -0.084180 0.008741
-0.013142 -0.085286 0.007452
-0.011899 -0.084744 0.008266
-0.016955 -0.085325 0.013450
-0.021369 -0.084549 0.008883
-0.025802 -0.084198 0.009700
-0.019589 -0.084167 0.006860
-0.020083 -0.085188 0.013600
-0.013413 -0.085350 0.012711
-0.014219 -0.085063 0.009803
-0.019869 -0.084053 0.007888
-0.022253 -0.083870 0.006127
-0.011277 -0.085185 0.009448
-0.023758 -0.084156 0.007422
-0.018254 -0.085398 0.015379
-0.011663 -0.085531 0.013741
-0.023956 -0.084597 0.010726
-0.020584 -0.083932 0.006923
-0.015974 -0.085066 0.010595
-0.018213 -0.084346 0.006042
-0.011057 -0.085291 0.011884
-0.012353 -0.085417 0.009395
-0.014481 -0.085303 0.012361
-0.016106 -0.085562 0.015136
-0.025228 -0.084321 0.009165
-0.014869 -0.085012 0.010543
-0.022775 -0.083891 0.006199
-0.022005 -0.084464 0.008773
-0.013955 -0.085107 0.009518
-0.021159 -0.084954 0.013542
-0.018623 -0.084327 0.006149
-0.023466 -0.084675 0.010528
-0.012977 -0.085288 0.010947
-0.018957 -0.084281 0.006842
-0.012258 -0.085323 0.012712
-0.013017 -0.085150 0.010311
-0.017665 -0.084828 0.009633
-0.020017 -0.084297 0.009696
-0.015041 -0.085126 0.006295
-0.014668 -0.084909 0.009437
-0.022565 -0.084694 0.010065
-0.026908 -0.083900 0.012148
-0.018058 -0.084230 0.006818
-0.021847 -0.085047 0.013804
-0.019304 -0.084397 0.009124
-0.016610 -0.084089 0.004499
-0.012686 -0.085272 0.007888
-0.026169 -0.084119 0.009556
-0.012450 -0.085271 0.010784
-0.012633 -0.085341 0.011852
-0.012242 -0.085079 0.008278
-0.018649 -0.084364 0.008812
-0.026585 -0.083668 0.007341
-0.019596 -0.084981 0.013032
-0.018770 -0.084288 0.007937
-0.019750 -0.085483 0.014543
-0.021146 -0.083799 0.006206
-0.023316 -0.084614 0.011623
-0.012686 -0.085272 0.007888
-0.012068 -0.085481 0.009634
-0.026808 -0.084655 0.014601
-0.016522 -0.084626 0.005659
-0.017646 -0.085134 0.012704
-0.024956 -0.083958 0.007003
-0.018227 -0.084618 0.009789
-0.014615 -0.085299 0.011771
-0.015875 -0.084958 0.009433
-0.013358 -0.085264 0.010853
-0.022414 -0.083943 0.006830
-0.014964 -0.084988 0.008888
-0.014618 -0.085282 0.011099
-0.016384 -0.085032 0.008943
-0.019380 -0.085265 0.013777
-0.017411 -0.085110 0.011878
-0.016449 -0.085029 0.006732
-0.022187 -0.084029 0.007478
-0.011076 -0.085369 0.012359
-0.011276 -0.085273 0.012642
-0.019774 -0.084889 0.012703
-0.017306 -0.085183 0.012418
-0.011000 -0.085340 0.012535
-0.017198 -0.085045 0.010679
-0.014665 -0.085213 0.006755
-0.019180 -0.084417 0.010083
-0.019513 -0.084127 0.008136
-0.019448 -0.084304 0.009729
-0.021870 -0.084662 0.009845
-0.012327 -0.085206 0.008213
-0.011878 -0.085467 0.013584
-0.015878 -0.085042 0.007565
-0.019308 -0.084157 0.008467
-0.016420 -0.085226 0.011232
-0.013436 -0.085248 0.006065
-0.013074 -0.085236 0.010672
-0.017710 -0.085211 0.013405
-0.022979 -0.080475 0.000663
-0.013772 -0.085367 0.011455
-0.017353 -0.084822 0.007188
-0.014078 -0.085217 0.010520
-0.021135 -0.084552 0.008783
-0.018442 -0.084593 0.010644
-0.013728 -0.085257 0.010769
-0.016522 -0.084626 0.005659
-0.019557 -0.084693 0.010886
-0.022674 -0.084025 0.007284
-0.020115 -0.084013 0.007199
-0.022759 -0.084356 0.008533
-0.024477 -0.084530 0.010092
-0.017830 -0.083895 0.004133
-0.018452 -0.084653 0.010895
-0.011434 -0.085238 0.011460
-0.019655 -0.083991 0.007710
-0.011591 -0.084564 0.008364
-0.020697 -0.085123 0.013926
-0.019304 -0.084397 0.009124
-0.020681 -0.085155 0.010341
-0.023222 -0.084710 0.009726
-0.025906 -0.084214 0.009355
-0.014815 -0.084914 0.009167
-0.022883 -0.084224 0.008095
-0.015711 -0.084911 0.009785
-0.012977 -0.085288 0.010947
-0.014092 -0.085434 0.011501
-0.020241 -0.085351 0.014111
-0.018062 -0.085197 0.013880
-0.018544 -0.085085 0.013277
-0.018299 -0.085145 0.013631
-0.012355 -0.085388 0.013907
-0.024715 -0.084413 0.009450
-0.018673 -0.084826 0.011578
-0.019545 -0.084410 0.008869
-0.016899 -0.085071 0.008295
-0.025104 -0.084117 0.007743
-0.019686 -0.084353 0.010064
-0.022089 -0.085053 0.013271
-0.013772 -0.085367 0.011455
-0.018356 -0.084948 0.012069
-0.017738 -0.084833 0.010522
-0.018360 -0.085065 0.012928
-0.023693 -0.084645 0.009755
-0.020102 -0.084479 0.010096
-0.016533 -0.085247 0.012145
-0.014055 -0.085367 0.011833
-0.018756 -0.084190 0.008538
-0.013484 -0.085340 0.006813
-0.025101 -0.084317 0.008822
-0.013136 -0.085386 0.015321
-0.020886 -0.084888 0.009734
-0.019299 -0.085605 0.016957
-0.013631 -0.085400 0.008638
-0.020149 -0.084863 0.012837
-0.025153 -0.083804 0.006617
-0.027452 -0.083714 0.011168
-0.015710 -0.084981 0.010144
-0.019774 -0.084889 0.012703
-0.018632 -0.084467 0.009558
-0.018673 -0.084826 0.011578
-0.013661 -0.085309 0.011015
-0.020102 -0.084479 0.010096
-0.022131 -0.083593 0.004618
-0.020875 -0.084594 0.008819
-0.014821 -0.085235 0.008187
-0.017828 -0.084373 0.005883
-0.023956 -0.084597 0.010726
-0.011645 -0.085343 0.009531
-0.011795 -0.085304 0.006223
-0.019686 -0.084353 0.010064
-0.019055 -0.083854 0.004350
-0.025696 -0.084119 0.010726
-0.013084 -0.085363 0.012279
-0.013585 -0.085320 0.011298
-0.014618 -0.085282 0.011099
-0.020299 -0.085007 0.010572
-0.021369 -0.084549 0.008883
-0.020449 -0.084508 0.008714
-0.016118 -0.085107 0.010288
-0.020771 -0.083924 0.005077
-0.012067 -0.085342 0.012856
-0.025304 -0.084207 0.008283
-0.020043 -0.084028 0.006761
-0.026585 -0.083668 0.007341
-0.013059 -0.085296 0.013462
-0.017543 -0.084979 0.011131
-0.012025 -0.085145 0.006922
-0.020287 -0.084480 0.009636
-0.020730 -0.084507 0.008550
-0.019866 -0.081489 0.001679
-0.024901 -0.084422 0.009844
-0.013832 -0.084913 0.004921
-0.012604 -0.085181 0.011107
-0.012953 -0.085295 0.013648
-0.018950 -0.084996 0.012962
-0.011298 -0.085255 0.010419
-0.018863 -0.084988 0.012799
-0.012653 -0.085316 0.006360
-0.024635 -0.084491 0.010463
-0.025552 -0.084167 0.008238
-0.022469 -0.084696 0.011601
-0.012163 -0.085258 0.011437
-0.021159 -0.084954 0.013542
-0.026801 -0.083834 0.008144
-0.012690 -0.085301 0.008155
-0.012482 -0.085350 0.010571
-0.019308 -0.084157 0.008467
-0.016118 -0.085107 0.010288
-0.012604 -0.085181 0.011107
-0.012293 -0.085454 0.014442
-0.021851 -0.083825 0.005713
-0.013413 -0.085350 0.012711
-0.018427 -0.084300 0.008054
-0.012942 -0.085314 0.008834
-0.014190 -0.085257 0.008615
-0.012256 -0.085373 0.013575
-0.011324 -0.085277 0.012858
-0.012221 -0.084934 0.008572
-0.021504 -0.085027 0.013437
-0.018704 -0.084362 0.007501
-0.013450 -0.085306 0.013344
-0.012019 -0.085264 0.012203
-0.012303 -0.085201 0.007982
-0.021647 -0.083790 0.005238
-0.018257 -0.084092 0.006785
-0.015045 -0.084923 0.010333
-0.014105 -0.085322 0.007230
-0.017474 -0.085413 0.014780
-0.019068 -0.084194 0.008379
-0.017224 -0.085002 0.009863
-0.013496 -0.085332 0.012927
-0.025153 -0.083804 0.006617
-0.020149 -0.084863 0.012837
-0.012318 -0.085250 0.006586
-0.026530 -0.083885 0.010323
-0.025652 -0.084180 0.010115
-0.012024 -0.085409 0.013413
-0.021443 -0.084675 0.011453
-0.018793 -0.084470 0.009968
-0.026128 -0.083828 0.007454
-0.021098 -0.084802 0.012506
-0.012637 -0.085230 0.005945
-0.019989 -0.083993 0.007729
-0.020423 -0.084302 0.008109
-0.017914 -0.085349 0.014869
-0.021411 -0.084296 0.008167
-0.018452 -0.085433 0.015672
-0.017224 -0.085002 0.009863
-0.021890 -0.084939 0.012894
-0.012327 -0.085206 0.008213
-0.024871 -0.084382 0.009355
-0.021135 -0.084552 0.008783
-0.011601 -0.084892 0.007880
-0.012394 -0.085107 0.005194
-0.023278 -0.084103 0.007311
-0.019928 -0.084078 0.005006
-0.013484 -0.085340 0.006813
-0.019380 -0.085265 0.013777
-0.018898 -0.085021 0.013073
-0.022395 -0.085017 0.013681
-0.018751 -0.085418 0.015290
-0.012435 -0.085202 0.011218
-0.013289 -0.085368 0.008074
-0.011601 -0.084892 0.007880
-0.021080 -0.083867 0.005472
-0.020654 -0.084616 0.009222
-0.025022 -0.084358 0.010802
-0.021688 -0.084639 0.010857
-0.012416 -0.085321 0.013298
-0.024477 -0.084530 0.010092
-0.018794 -0.084278 0.007052
-0.021770 -0.084135 0.007782
-0.017661 -0.084831 0.009184
-0.027125 -0.083805 0.011768
-0.016609 -0.085281 0.012691
-0.019236 -0.084154 0.007463
-0.014615 -0.085299 0.011771
-0.012028 -0.085173 0.007543
-0.012749 -0.085219 0.008728
-0.014488 -0.085299 0.012109
-0.023119 -0.084377 0.008563
-0.014422 -0.085141 0.010480
-0.011697 -0.085169 0.011806
-0.023767 -0.084498 0.009044
-0.014662 -0.085430 0.014795
-0.027340 -0.083966 0.012701
-0.021979 -0.083979 0.007211
-0.021616 -0.085029 0.013284
-0.011708 -0.085301 0.010421
-0.019059 -0.084414 0.009896
-0.022005 -0.084464 0.008773
-0.015585 -0.084268 0.004268
-0.012764 -0.085290 0.006618
-0.012977 -0.085288 0.010947
-0.021616 -0.085029 0.013284
-0.016501 -0.082829 0.002354
-0.022300 -0.085041 0.013455
-0.020688 -0.084758 0.009583
-0.012633 -0.085341 0.011852
-0.018444 -0.084395 0.007314
-0.014327 -0.085022 0.009099
-0.018707 -0.084438 0.009162
-0.019778 -0.084175 0.008134
-0.019064 -0.084895 0.012217
-0.019687 -0.083978 0.007520
-0.016409 -0.085345 0.013291
-0.013371 -0.085095 0.009890
-0.011823 -0.085108 0.007752
-0.025673 -0.083567 0.006226
-0.011511 -0.085099 0.007595
-0.014774 -0.085295 0.007273
-0.019483 -0.084043 0.007536
-0.016501 -0.082829 0.002354
-0.011694 -0.085303 0.012206
-0.019855 -0.084424 0.008698
-0.017165 -0.085567 0.015633
-0.020733 -0.084363 0.008160
-0.019377 -0.084303 0.006254
-0.014055 -0.085351 0.012594
-0.012977 -0.085288 0.010947
-0.017771 -0.085148 0.012993
-0.025259 -0.084288 0.011817
-0.019244 -0.084246 0.006889
-0.020939 -0.084876 0.013285
-0.018712 -0.084271 0.006578
-0.025420 -0.084230 0.010537
-0.011795 -0.085304 0.006223
-0.011416 -0.085310 0.009599
-0.024361 -0.084464 0.009388
-0.014990 -0.084788 0.009897
-0.017136 -0.085045 0.010207
-0.015868 -0.085087 0.010833
-0.016533 -0.085247 0.012145
-0.021347 -0.083796 0.004864
-0.018048 -0.084512 0.007737
-0.013140 -0.085311 0.013085
-0.025169 -0.083999 0.007338
-0.016835 -0.085628 0.015736
-0.020557 -0.084044 0.007370
-0.020072 -0.084254 0.008322
-0.016447 -0.085041 0.009671
-0.016455 -0.085401 0.013787
-0.026908 -0.083900 0.012148
-0.024635 -0.084491 0.010463
-0.015732 -0.085012 0.010593
-0.022403 -0.084645 0.009252
-0.023067 -0.084494 0.008865
-0.012525 -0.085177 0.008869
-0.012258 -0.085323 0.012712
-0.014422 -0.085141 0.010480
-0.023466 -0.084675 0.010528
-0.014443 -0.085209 0.010760
-0.026211 -0.084163 0.009200
-0.012258 -0.085323 0.012712
-0.020650 -0.084220 0.007813
-0.014078 -0.085217 0.010520
-0.011663 -0.085531 0.013741
-0.012764 -0.085290 0.006618
-0.025304 -0.084207 0.008283
-0.013151 -0.085096 0.005445
-0.015872 -0.085234 0.011668
-0.019689 -0.084245 0.009498
-0.020149 -0.084863 0.012837
-0.026289 -0.083996 0.011292
-0.023703 -0.084667 0.010133
-0.011708 -0.085301 0.010421
-0.012510 -0.084983 0.004502
-0.016384 -0.085032 0.008580
-0.023546 -0.084341 0.008358
-0.018697 -0.085117 0.013626
-0.012518 -0.085271 0.010973
-0.021531 -0.085043 0.013630
-0.017678 -0.084884 0.010786
-0.017809 -0.084376 0.006239
-0.019300 -0.084997 0.012999
-0.016384 -0.085032 0.008580
-0.012012 -0.085317 0.009320
-0.014988 -0.085242 0.011741
-0.016455 -0.085401 0.013787
-0.021159 -0.084954 0.013542
-0.017323 -0.084991 0.009385
-0.014988 -0.085242 0.011741
-0.011725 -0.084922 0.009012
-0.013151 -0.085096 0.005445
-0.017988 -0.085410 0.015344
-0.013372 -0.085313 0.008922
-0.018048 -0.084512 0.007737
-0.017512 -0.085314 0.014109
-0.020944 -0.084956 0.010103
-0.022674 -0.084025 0.007284
-0.018356 -0.084948 0.012069
-0.026289 -0.083996 0.011292
-0.016995 -0.085211 0.012065
-0.014701 -0.085007 0.008948
-0.013538 -0.085138 0.010107
-0.017678 -0.084884 0.010786
-0.020071 -0.084716 0.010391
-0.026257 -0.084021 0.009872
-0.020875 -0.084594 0.008819
-0.017306 -0.085183 0.012418
-0.019521 -0.084070 0.004879
-0.013719 -0.085355 0.014460
-0.016955 -0.085325 0.013450
-0.024333 -0.084564 0.010401
-0.022324 -0.084690 0.009499
-0.014899 -0.084641 0.004658
-0.013413 -0.085350 0.012711
-0.017136 -0.085045 0.010207
-0.011682 -0.085247 0.012517
-0.012180 -0.085485 0.010434
-0.022620 -0.084705 0.009631
-0.018571 -0.084241 0.005435
-0.024082 -0.084607 0.010351
-0.012811 -0.085349 0.012518
-0.026169 -0.084119 0.009556
-0.011114 -0.085281 0.010650
-0.024607 -0.084197 0.007835
-0.014919 -0.085270 0.007675
-0.012633 -0.085341 0.011852
-0.016017 -0.084801 0.005757
-0.022910 -0.084864 0.012758
-0.019057 -0.084416 0.009153
-0.019971 -0.084409 0.010003
-0.014027 -0.085301 0.010897
-0.020875 -0.084594 0.008819
-0.018213 -0.084346 0.006042
-0.012025 -0.085145 0.006922
-0.025194 -0.082882 0.004197
-0.015712 -0.085199 0.011337
-0.012180 -0.085485 0.010434
-0.016118 -0.085107 0.010288
-0.013446 -0.085314 0.007311
-0.016955 -0.085325 0.013450
-0.012403 -0.085317 0.011917
-0.013446 -0.085314 0.007311
-0.017678 -0.084884 0.010786
-0.022719 -0.084674 0.009340
-0.020518 -0.083991 0.005479
-0.012168 -0.085360 0.010921
-0.014665 -0.085213 0.006755
-0.011991 -0.085468 0.013885
-0.020092 -0.084303 0.009126
-0.020456 -0.085026 0.010337
-0.022759 -0.084356 0.008533
-0.021386 -0.083817 0.005911
-0.018254 -0.085398 0.015379
-0.020688 -0.083864 0.006512
-0.013074 -0.085236 0.010672
-0.017828 -0.084373 0.005883
-0.013712 -0.085362 0.007706
-0.013356 -0.085366 0.012447
-0.017894 -0.085622 0.016865
-0.025764 -0.083881 0.007378
-0.014055 -0.085351 0.012594
-0.016894 -0.085057 0.007496
-0.020584 -0.083932 0.006923
-0.011725 -0.084922 0.009012
-0.018048 -0.084512 0.007737
-0.016915 -0.085054 0.009070
-0.018299 -0.085145 0.013631
-0.012201 -0.085289 0.011793
-0.011369 -0.085322 0.012142
-0.020630 -0.083911 0.005863
-0.019068 -0.084194 0.008379
-0.026012 -0.083666 0.006829
-0.024361 -0.084464 0.009388
-0.026169 -0.084119 0.009556
-0.014870 -0.085250 0.011960
-0.014177 -0.085118 0.005800
-0.013500 -0.085346 0.011726
-0.015655 -0.084983 0.006105
-0.015875 -0.084958 0.009433
-0.023383 -0.084015 0.006805
-0.013779 -0.085316 0.013342
-0.019989 -0.083993 0.007729
-0.018524 -0.085206 0.014072
-0.024938 -0.084300 0.008563
-0.013838 -0.085413 0.008147
-0.011798 -0.085429 0.013239
-0.012637 -0.085230 0.005945
-0.013366 -0.085319 0.011447
-0.021074 -0.084437 0.008391
-0.017624 -0.085469 0.015489
-0.013585 -0.085320 0.011298
-0.020115 -0.084013 0.007199
-0.018299 -0.085145 0.013631
-0.016366 -0.085092 0.007401
-0.020688 -0.084758 0.009583
-0.022883 -0.083651 0.005123
-0.014768 -0.084935 0.010143
-0.025099 -0.083327 0.005249
-0.018704 -0.084362 0.007501
-0.014488 -0.085299 0.012109
-0.025767 -0.084002 0.007757
-0.025241 -0.084332 0.009632
-0.023278 -0.084103 0.007311
-0.022678 -0.084549 0.008990
-0.016449 -0.085029 0.006732
-0.014802 -0.085136 0.008615
-0.026530 -0.083885 0.010323
-0.011694 -0.085303 0.012206
-0.011076 -0.085369 0.012359
-0.021954 -0.084282 0.008314
-0.026091 -0.083973 0.007806
-0.013232 -0.085307 0.007695
-0.012977 -0.085288 0.010947
-0.026257 -0.084021 0.009872
-0.019235 -0.085404 0.014465
-0.026493 -0.083969 0.008060
-0.013233 -0.085088 0.010119
-0.018600 -0.084346 0.007807
-0.025508 -0.084255 0.009904
-0.025041 -0.084396 0.010251
-0.024012 -0.083882 0.006335
-0.019232 -0.084340 0.008795
-0.026094 -0.084157 0.008369
-0.015310 -0.085126 0.010983
-0.025897 -0.084236 0.008958
-0.011744 -0.085233 0.006797
-0.025696 -0.084119 0.010726
-0.011965 -0.085403 0.010756
-0.021416 -0.084392 0.008456
-0.020072 -0.084254 0.008322
-0.019059 -0.084414 0.009896
-0.019386 -0.084279 0.006576
-0.020133 -0.084062 0.005958
-0.018929 -0.084291 0.007319
-0.015839 -0.084911 0.008574
-0.011579 -0.085344 0.010613
-0.012525 -0.085177 0.008869
-0.012510 -0.085394 0.014204
-0.018524 -0.085206 0.014072
-0.018712 -0.084202 0.008246
-0.017052 -0.085036 0.009247
-0.015996 -0.085578 0.015774
-0.025797 -0.084184 0.008379
-0.024938 -0.084300 0.008563
-0.013084 -0.085363 0.012279
-0.016123 -0.085202 0.011171
-0.019443 -0.073929 0.000621
-0.025259 -0.084288 0.011817
-0.015709 -0.085148 0.007259
-0.024188 -0.084195 0.007615
-0.022177 -0.083743 0.005182
-0.023051 -0.084738 0.009963
-0.024671 -0.084420 0.011200
-0.021732 -0.083830 0.006045
-0.016995 -0.085211 0.012065
-0.024012 -0.083882 0.006335
-0.024294 -0.083296 0.004739
-0.024094 -0.085113 0.015581
-0.022934 -0.083959 0.006670
-0.018018 -0.084540 0.008077
-0.011623 -0.085370 0.010247
-0.014400 -0.085332 0.007604
-0.020147 -0.084427 0.008881
-0.019990 -0.084259 0.009412
-0.013280 -0.085432 0.008681
-0.017667 -0.084812 0.008640
-0.022565 -0.084694 0.010065
-0.022251 -0.084132 0.007913
-0.023409 -0.084643 0.011017
-0.011963 -0.085513 0.010201
-0.017710 -0.085211 0.013405
-0.012293 -0.085454 0.014442
-0.019107 -0.084302 0.006030
-0.014899 -0.084641 0.004658
-0.011324 -0.085277 0.012858
-0.016219 -0.085020 0.009202
-0.016455 -0.085401 0.013787
-0.016866 -0.085618 0.015913
-0.018474 -0.084134 0.006777
-0.014481 -0.085303 0.012361
-0.019595 -0.085468 0.015228
-0.020803 -0.083853 0.006102
-0.019979 -0.085386 0.014026
-0.013097 -0.085362 0.014451
-0.018649 -0.084364 0.008812
-0.016499 -0.085120 0.010041
-0.016731 -0.085057 0.008856
-0.012749 -0.085219 0.008728
-0.018524 -0.085206 0.014072
-0.011725 -0.084922 0.009012
-0.020899 -0.084419 0.008274
-0.012155 -0.085353 0.013136
-0.026289 -0.083996 0.011292
-0.015831 -0.084573 0.005028
-0.011741 -0.085329 0.010959
-0.015045 -0.084923 0.010333
-0.014315 -0.085284 0.006924
-0.012509 -0.085313 0.012974
-0.012028 -0.085173 0.007543
-0.016409 -0.085345 0.013291
-0.016894 -0.085057 0.007496
-0.018876 -0.084697 0.011095
-0.023748 -0.084084 0.007066
-0.015015 -0.084854 0.009626
-0.020077 -0.084221 0.008148
-0.014367 -0.085088 0.010165
-0.018841 -0.084136 0.008424
-0.015044 -0.085228 0.011266
-0.015732 -0.085012 0.010593
-0.018442 -0.084593 0.010644
-0.013493 -0.085192 0.009636
-0.023111 -0.083335 0.004419
-0.011899 -0.084744 0.008266
-0.027721 -0.084135 0.013207
-0.024671 -0.084420 0.011200
-0.026117 -0.083997 0.010625
-0.017738 -0.084833 0.010522
-0.020703 -0.084797 0.011276
-0.012067 -0.085342 0.012856
-0.012801 -0.085287 0.011012
-0.013767 -0.085143 0.009819
-0.012355 -0.085388 0.013907
-0.018621 -0.084290 0.007945
-0.025590 -0.084157 0.011174
-0.025209 -0.084341 0.010055
-0.022389 -0.082995 0.003560
-0.013772 -0.085367 0.011455
-0.020296 -0.084380 0.009169
-0.027487 -0.083721 0.011823
-0.013270 -0.085019 0.004999
-0.026091 -0.083973 0.007806
-0.021443 -0.084675 0.011453
-0.022305 -0.084674 0.009885
-0.019513 -0.084127 0.008136
-0.018712 -0.084271 0.006578
-0.026452 -0.084058 0.009408
-0.020554 -0.084816 0.012853
-0.014821 -0.085241 0.007021
-0.019107 -0.084302 0.006030
-0.012652 -0.085401 0.014487
-0.017665 -0.084828 0.009633
-0.022469 -0.084696 0.011601
-0.017429 -0.084480 0.005914
-0.015996 -0.085578 0.015774
-0.019055 -0.083854 0.004350
-0.024430 -0.084490 0.009635
-0.011022 -0.085340 0.011036
-0.012612 -0.085200 0.008563
-0.020161 -0.085435 0.014563
-0.014389 -0.085348 0.008085
-0.019438 -0.084201 0.005364
-0.019270 -0.084118 0.007710
-0.025897 -0.084236 0.008958
-0.016457 -0.085443 0.014318
-0.011980 -0.085211 0.005250
-0.012254 -0.085381 0.010759
-0.025652 -0.084180 0.010115
-0.018018 -0.084540 0.008077
-0.023279 -0.084322 0.008342
-0.011109 -0.085346 0.012198
-0.016831 -0.085182 0.011403
-0.015466 -0.085129 0.007448
-0.013366 -0.085319 0.011447
-0.017411 -0.085110 0.011878
-0.026563 -0.084056 0.009096
-0.020072 -0.084254 0.008322
-0.014837 -0.085281 0.011481
-0.017646 -0.085134 0.012704
-0.023483 -0.083894 0.006385
-0.011891 -0.085284 0.012019
-0.025897 -0.084236 0.008958
-0.017667 -0.084812 0.008640
-0.018058 -0.084748 0.010818
-0.019798 -0.085280 0.013757
-0.013741 -0.084517 0.003936
-0.012690 -0.085301 0.008155
-0.018462 -0.084755 0.011230
-0.013308 -0.085336 0.006952
-0.023304 -0.084952 0.014175
-0.020803 -0.083853 0.006102
-0.016831 -0.085182 0.011403
-0.020043 -0.084028 0.006761
-0.013314 -0.085302 0.011142
-0.015425 -0.084862 0.009852
-0.013805 -0.085366 0.012476
-0.025041 -0.084396 0.010251
-0.026012 -0.083666 0.006829
-0.022187 -0.084029 0.007478
-0.024951 -0.084415 0.010399
-0.022934 -0.083959 0.006670
-0.018898 -0.085021 0.013073
-0.012820 -0.085312 0.013729
-0.027487 -0.083721 0.011823
-0.023403 -0.084632 0.009410
-0.024726 -0.084436 0.009652
-0.014177 -0.085118 0.005800
-0.019471 -0.084392 0.009105
-0.015732 -0.085012 0.010593
-0.020179 -0.085095 0.013410
-0.026530 -0.083885 0.010323
-0.021098 -0.084802 0.012506
-0.013358 -0.085264 0.010853
-0.018950 -0.084315 0.008742
-0.017710 -0.085211 0.013405
-0.017429 -0.084480 0.005914
-0.017513 -0.084474 0.006328
-0.012254 -0.085381 0.010759
-0.026169 -0.084119 0.009556
-0.016449 -0.085618 0.016729
-0.014701 -0.085007 0.008948
-0.011715 -0.084737 0.008830
-0.019299 -0.084137 0.007914
-0.024938 -0.084300 0.008563
-0.018243 -0.084169 0.006629
-0.016894 -0.085057 0.007496
-0.014796 -0.085135 0.010798
-0.025357 -0.084262 0.011743
-0.012879 -0.085346 0.011759
-0.018935 -0.084401 0.008949
-0.022883 -0.083651 0.005123
-0.023741 -0.083273 0.004486
-0.014055 -0.085367 0.011833
-0.013548 -0.085109 0.010572
-0.025475 -0.084261 0.008702
-0.019868 -0.085451 0.014247
-0.015709 -0.085148 0.007259
-0.024635 -0.084491 0.010463
-0.019166 -0.084394 0.009310
-0.019270 -0.084118 0.007710
-0.011414 -0.085348 0.011029
-0.021265 -0.084745 0.010574
-0.017001 -0.085626 0.015640
-0.014092 -0.085434 0.011501
-0.024726 -0.084436 0.009652
-0.012612 -0.085200 0.008563
-0.020899 -0.084419 0.008274
-0.015992 -0.085016 0.009810
-0.016909 -0.085095 0.010165
-0.017817 -0.085037 0.012117
-0.022089 -0.085053 0.013271
-0.022389 -0.082995 0.003560
-0.022300 -0.085041 0.013455
-0.021109 -0.085325 0.015410
-0.024002 -0.083596 0.005392
-0.020173 -0.084260 0.008246
-0.015996 -0.085578 0.015774
-0.016803 -0.085577 0.015217
-0.012067 -0.085342 0.012856
-0.026890 -0.083790 0.009953
-0.018968 -0.084258 0.007743
-0.022510 -0.083830 0.005770
-0.012470 -0.085505 0.009683
-0.020614 -0.083824 0.004591
-0.020899 -0.084419 0.008274
-0.020733 -0.084363 0.008160
-0.013832 -0.084913 0.004921
-0.012801 -0.085287 0.011012
-0.023885 -0.084563 0.011309
-0.020456 -0.085026 0.010337
-0.017429 -0.084480 0.005914
-0.012942 -0.085314 0.008834
-0.011907 -0.085182 0.004931
-0.025570 -0.084266 0.009534
-0.020734 -0.085025 0.013643
-0.016384 -0.085032 0.008943
-0.026215 -0.084180 0.008741
-0.020072 -0.084254 0.008322
-0.025767 -0.084002 0.007757
-0.015732 -0.085012 0.010593
-0.013097 -0.085362 0.014451
-0.023279 -0.084322 0.008342
-0.014866 -0.085236 0.011107
-0.026738 -0.083742 0.007676
-0.021890 -0.084939 0.012894
-0.025099 -0.083327 0.005249
-0.019596 -0.084981 0.013032
-0.018645 -0.084128 0.008449
-0.026225 -0.084053 0.008073
-0.012155 -0.085353 0.013136
-0.018876 -0.084697 0.011095
-0.011948 -0.084963 0.008035
-0.020904 -0.084537 0.008594
-0.019595 -0.085468 0.015228
-0.016123 -0.085202 0.011171
-0.026117 -0.083997 0.010625
-0.017459 -0.084862 0.007513
-0.013535 -0.085175 0.010668
-0.019299 -0.084137 0.007914
-0.019448 -0.084304 0.009729
-0.023409 -0.084643 0.011017
-0.014768 -0.084935 0.010143
-0.012646 -0.085428 0.014993
-0.012516 -0.085329 0.012570
-0.025994 -0.084050 0.010240
-0.022947 -0.084702 0.010414
-0.018414 -0.084283 0.008438
-0.018935 -0.084401 0.008949
-0.011298 -0.085255 0.010419
-0.026738 -0.083742 0.007676
-0.023483 -0.084419 0.008663
-0.026324 -0.084114 0.008359
-0.016449 -0.085618 0.016729
-0.011057 -0.085291 0.011884
-0.017111 -0.085026 0.009528
-0.022678 -0.084549 0.008990
-0.014315 -0.085284 0.006924
-0.023119 -0.084377 0.008563
-0.020255 -0.084105 0.007736
-0.013541 -0.085320 0.013789
-0.024082 -0.084607 0.010351
-0.014821 -0.085235 0.008187
-0.019691 -0.084281 0.008458
-0.023798 -0.084594 0.011941
-0.012518 -0.085271 0.010973
-0.014422 -0.085141 0.010480
-0.017474 -0.085413 0.014780
-0.016915 -0.085054 0.009070
-0.015219 -0.084873 0.009327
-0.011022 -0.085340 0.011036
-0.018822 -0.084466 0.010238
-0.018623 -0.084327 0.006149
-0.020241 -0.085351 0.014111
-0.019774 -0.084261 0.009766
-0.020086 -0.084921 0.010786
-0.013546 -0.085165 0.009128
-0.013233 -0.085088 0.010119
-0.017661 -0.084831 0.009184
-0.016169 -0.085233 0.011519
-0.013358 -0.085264 0.010853
-0.017830 -0.083895 0.004133
-0.021847 -0.085047 0.013804
-0.013548 -0.085109 0.010572
-0.022187 -0.084029 0.007478
-0.012578 -0.085297 0.011489
-0.014231 -0.085334 0.013300
-0.018571 -0.084241 0.005435
-0.013446 -0.085314 0.007311
-0.021171 -0.084638 0.009037
-0.025673 -0.083567 0.006226
-0.023067 -0.084494 0.008865
-0.015739 -0.085101 0.007400
-0.026424 -0.083850 0.007692
-0.025696 -0.084119 0.010726
-0.021531 -0.085043 0.013630
-0.018793 -0.084470 0.009968
-0.013585 -0.085320 0.011298
-0.018153 -0.084907 0.011629
-0.014190 -0.085257 0.008615
-0.020188 -0.084252 0.009265
-0.013085 -0.085219 0.009918
-0.020225 -0.084340 0.009035
-0.025915 -0.084087 0.008060
-0.013799 -0.085189 0.008958
-0.020092 -0.084303 0.009126
-0.011848 -0.085425 0.010442
-0.014988 -0.085242 0.011741
-0.013358 -0.085264 0.010853
-0.012094 -0.085286 0.011107
-0.012977 -0.085288 0.010947
-0.017201 -0.085015 0.008832
-0.014078 -0.085217 0.010520
-0.011606 -0.085315 0.012075
-0.019634 -0.085391 0.014052
-0.025357 -0.084262 0.011743
-0.018428 -0.085495 0.016095
-0.020757 -0.085122 0.010267
-0.016995 -0.085211 0.012065
-0.020554 -0.084816 0.012853
-0.019589 -0.084167 0.006860
-0.012509 -0.085313 0.012974
-0.014443 -0.085209 0.010760
-0.018649 -0.084364 0.008812
-0.027227 -0.083784 0.011303
-0.021098 -0.084802 0.012506
-0.020730 -0.084507 0.008550
-0.019300 -0.084997 0.012999
-0.015712 -0.085199 0.011337
-0.020518 -0.083991 0.005479
-0.015974 -0.085066 0.010595
-0.018474 -0.084134 0.006777
-0.023776 -0.084583 0.009444
-0.011298 -0.085255 0.010419
-0.023222 -0.084710 0.009726
-0.025259 -0.084288 0.011817
-0.013631 -0.085400 0.008638
-0.012163 -0.085258 0.011437
-0.012654 -0.085308 0.013556
-0.014716 -0.085023 0.010423
-0.013973 -0.085158 0.010123
-0.013017 -0.085150 0.010311
-0.012515 -0.085256 0.008301
-0.022933 -0.084713 0.009608
-0.016715 -0.083623 0.003442
-0.012820 -0.085312 0.013729
-0.013541 -0.085320 0.013789
-0.012796 -0.085345 0.014041
-0.017817 -0.085037 0.012117
-0.011710 -0.085288 0.011282
-0.019180 -0.084417 0.010083
-0.024174 -0.084480 0.009265
-0.026452 -0.084058 0.009408
-0.014701 -0.085007 0.008948
-0.025652 -0.084180 0.010115
-0.013928 -0.085346 0.012872
-0.025041 -0.084396 0.010251
-0.013232 -0.085307 0.007695
-0.011606 -0.085315 0.012075
-0.015295 -0.084971 0.008675
-0.013308 -0.085336 0.006952
-0.024188 -0.084195 0.007615
-0.013140 -0.085311 0.013085
-0.014357 -0.085315 0.011042
-0.019778 -0.084175 0.008134
-0.014200 -0.085467 0.011425
-0.022510 -0.083830 0.005770
-0.013973 -0.085158 0.010123
-0.017984 -0.085464 0.015735
-0.018227 -0.084618 0.009789
-0.013404 -0.085460 0.008415
-0.013356 -0.085366 0.012447
-0.015639 -0.084880 0.009196
-0.014920 -0.084867 0.005234
-0.014027 -0.085301 0.010897
-0.019482 -0.084409 0.010192
-0.012719 -0.085352 0.009285
-0.019689 -0.084245 0.009498
-0.014821 -0.085235 0.008187
-0.016803 -0.085577 0.015217
-0.021353 -0.084729 0.009359
-0.019065 -0.085105 0.013438
-0.018898 -0.085021 0.013073
-0.016610 -0.084089 0.004499
-0.013136 -0.085386 0.015321
-0.014400 -0.085332 0.007604
-0.025099 -0.083327 0.005249
-0.017984 -0.085464 0.015735
-0.017459 -0.084862 0.007513
-0.011891 -0.085284 0.012019
-0.015432 -0.084986 0.010521
-0.020456 -0.085026 0.010337
-0.023383 -0.084015 0.006805
-0.025241 -0.084332 0.009632
-0.019166 -0.084394 0.009310
-0.011530 -0.085516 0.013492
-0.026211 -0.084163 0.009200
-0.013436 -0.085248 0.006065
-0.011865 -0.084691 0.008649
-0.018229 -0.084523 0.009392
-0.020161 -0.085435 0.014563
-0.016522 -0.084626 0.005659
-0.018898 -0.085021 0.013073
-0.021647 -0.083790 0.005238
-0.016616 -0.085628 0.015557
-0.023115 -0.085654 0.018295
-0.026808 -0.084655 0.014601
-0.013535 -0.085175 0.010668
-0.020614 -0.083824 0.004591
-0.012154 -0.085170 0.007163
-0.015739 -0.085101 0.007400
-0.019393 -0.084790 0.011613
-0.011322 -0.085278 0.009817
-0.012725 -0.085336 0.010241
-0.018198 -0.084530 0.008888
-0.012827 -0.085318 0.012870
-0.017095 -0.085029 0.007721
-0.022389 -0.082995 0.003560
-0.016409 -0.085345 0.013291
-0.019686 -0.084353 0.010064
-0.013280 -0.085432 0.008681
-0.026211 -0.084163 0.009200
-0.011753 -0.085174 0.007324
-0.022997 -0.084309 0.008373
-0.014219 -0.085080 0.010004
-0.012538 -0.085498 0.010002
-0.021257 -0.083969 0.007145
-0.013184 -0.085260 0.009133
-0.024343 -0.084066 0.007143
-0.024572 -0.084451 0.012038
-0.012538 -0.085498 0.010002
-0.021234 -0.084831 0.009669
-0.019055 -0.084490 0.010354
-0.012116 -0.085280 0.006398
-0.016384 -0.085032 0.008943
-0.014668 -0.084909 0.009437
-0.022414 -0.083943 0.006830
-0.020703 -0.084797 0.011276
-0.024094 -0.085113 0.015581
-0.020681 -0.085155 0.010341
-0.016118 -0.085107 0.010288
-0.014327 -0.085022 0.009099
-0.013085 -0.085219 0.009918
-0.017767 -0.084798 0.010020
-0.012067 -0.085342 0.012856
-0.023956 -0.084597 0.010726
-0.019596 -0.084981 0.013032
-0.018444 -0.084395 0.007314
-0.016626 -0.085043 0.009227
-0.019866 -0.081489 0.001679
-0.016731 -0.085057 0.008856
-0.022177 -0.083743 0.005182
-0.011752 -0.085202 0.011563
-0.011298 -0.085255 0.010419
-0.015601 -0.085376 0.013600
-0.022324 -0.084690 0.009499
-0.014219 -0.085080 0.010004
-0.017095 -0.085029 0.007721
-0.011727 -0.085376 0.009698
-0.015970 -0.084961 0.008958
-0.020247 -0.084384 0.008453
-0.019866 -0.081489 0.001679
-0.019760 -0.084051 0.007198
-0.019545 -0.084410 0.008869
-0.018822 -0.084466 0.010238
-0.020518 -0.083991 0.005479
-0.015585 -0.084268 0.004268
-0.022775 -0.083891 0.006199
-0.027078 -0.083730 0.009696
-0.016609 -0.085281 0.012691
-0.016533 -0.085247 0.012145
-0.012776 -0.085407 0.009784
-0.022395 -0.085017 0.013681
-0.022435 -0.084413 0.008677
-0.026878 -0.083867 0.009521
-0.011835 -0.084731 0.008033
-0.015974 -0.085066 0.010595
-0.016501 -0.082829 0.002354
-0.016609 -0.085281 0.012691
-0.014177 -0.085118 0.005800
-0.011523 -0.085330 0.009915
-0.013546 -0.085165 0.009128
-0.012525 -0.085177 0.008869
-0.022414 -0.083943 0.006830
-0.012155 -0.085353 0.013136
-0.018665 -0.084543 0.010472
-0.021465 -0.084743 0.009992
-0.011744 -0.085233 0.006797
-0.018697 -0.085117 0.013626
-0.015655 -0.084983 0.006105
-0.026567 -0.084032 0.008577
-0.013500 -0.085346 0.011726
-0.017738 -0.084833 0.010522
-0.011963 -0.085513 0.010201
-0.019972 -0.083995 0.007510
-0.024871 -0.084382 0.009355
-0.011109 -0.085346 0.012198
-0.015041 -0.085126 0.006295
-0.014488 -0.085299 0.012109
-0.024107 -0.084388 0.008673
-0.019498 -0.084135 0.007150
-0.023693 -0.084645 0.009755
-0.014881 -0.084936 0.010272
-0.020875 -0.084594 0.008819
-0.023124 -0.083803 0.005794
-0.015466 -0.085129 0.007448
-0.021607 -0.083833 0.006313
-0.024082 -0.084607 0.010351
-0.015831 -0.084573 0.005028
-0.011623 -0.085370 0.010247
-0.021159 -0.084954 0.013542
-0.011109 -0.085346 0.012198
-0.020544 -0.085118 0.010454
-0.021783 -0.085083 0.013541
-0.016626 -0.085043 0.009227
-0.020250 -0.084039 0.007447
-0.026128 -0.083828 0.007454
-0.012612 -0.085200 0.008563
-0.021851 -0.083825 0.005713
-0.021010 -0.085115 0.014302
-0.014055 -0.085367 0.011833
-0.013828 -0.085320 0.006914
-0.012690 -0.085301 0.008155
-0.021098 -0.084802 0.012506
-0.016420 -0.085226 0.011232
-0.011298 -0.085255 0.010419
-0.017474 -0.085413 0.014780
-0.013184 -0.085260 0.009133
-0.022484 -0.083655 0.004882
-0.025767 -0.084002 0.007757
-0.014219 -0.085063 0.009803
-0.015441 -0.085035 0.007954
-0.011277 -0.085266 0.010164
-0.018198 -0.084530 0.008888
-0.012612 -0.085200 0.008563
-0.011340 -0.085321 0.012387
-0.012953 -0.085295 0.013648
-0.018863 -0.084988 0.012799
-0.025885 -0.084225 0.008646
-0.023279 -0.084322 0.008342
-0.013131 -0.085299 0.009493
-0.021817 -0.084676 0.009443
-0.013955 -0.085107 0.009518
-0.019774 -0.084261 0.009766
-0.026920 -0.083831 0.010898
-0.015288 -0.085221 0.011464
-0.024573 -0.084410 0.009187
-0.026554 -0.084186 0.012891
-0.017686 -0.084441 0.006686
-0.025153 -0.083804 0.006617
-0.011277 -0.085185 0.009448
-0.012234 -0.085548 0.010013
-0.015974 -0.085066 0.010595
-0.027487 -0.083721 0.011823
-0.013955 -0.085107 0.009518
-0.024343 -0.084066 0.007143
-0.021607 -0.083833 0.006313
-0.011848 -0.085425 0.010442
-0.011880 -0.085307 0.012677
-0.016106 -0.085006 0.008047
-0.015545 -0.084886 0.008951
-0.023693 -0.084645 0.009755
-0.016866 -0.085618 0.015913
-0.012271 -0.085295 0.006196
-0.020688 -0.083864 0.006512
-0.023008 -0.084633 0.009255
-0.020614 -0.084907 0.013233
-0.012484 -0.085143 0.006819
-0.026890 -0.083790 0.009953
-0.015219 -0.084873 0.009327
-0.012047 -0.084999 0.008957
-0.012435 -0.085202 0.011218
-0.025856 -0.084139 0.011687
-0.020115 -0.084013 0.007199
-0.023111 -0.083335 0.004419
-0.019949 -0.084127 0.005427
-0.012135 -0.085296 0.012488
-0.012168 -0.085360 0.010921
-0.018442 -0.084593 0.010644
-0.015310 -0.085126 0.010983
-0.025570 -0.084266 0.009534
-0.014315 -0.085284 0.006924
-0.021001 -0.084848 0.013096
-0.018969 -0.084236 0.008027
-0.018058 -0.084748 0.010818
-0.027432 -0.083706 0.010853
-0.027495 -0.083802 0.012191
-0.013973 -0.085158 0.010123
-0.022719 -0.084674 0.009340
-0.016169 -0.085233 0.011519
-0.016449 -0.085029 0.006732
-0.020669 -0.085104 0.010230
-0.022979 -0.080475 0.000663
-0.016457 -0.085443 0.014318
-0.015401 -0.084708 0.005002
-0.011715 -0.084737 0.008830
-0.024416 -0.084408 0.008978
-0.012652 -0.085401 0.014487
-0.012410 -0.085325 0.012183
-0.025153 -0.083804 0.006617
-0.025673 -0.083567 0.006226
-0.019064 -0.084895 0.012217
-0.013450 -0.085306 0.013344
-0.022251 -0.084132 0.007913
-0.021095 -0.083798 0.006039
-0.011000 -0.085340 0.012535
-0.014988 -0.085242 0.011741
-0.011798 -0.085429 0.013239
-0.014919 -0.085270 0.007675
-0.013541 -0.085320 0.013789
-0.017984 -0.085464 0.015735
-0.021531 -0.085043 0.013630
-0.011579 -0.085344 0.010613
-0.014768 -0.084935 0.010143
-0.012293 -0.085454 0.014442
-0.013500 -0.085346 0.011726
-0.018227 -0.084618 0.009789
-0.017624 -0.085469 0.015489
-0.026801 -0.083834 0.008144
-0.011434 -0.085238 0.011460
-0.020654 -0.084616 0.009222
-0.017111 -0.085026 0.009528
-0.015154 -0.084898 0.009057
-0.017817 -0.085037 0.012117
-0.017665 -0.084828 0.009633
-0.016753 -0.085037 0.009603
-0.023279 -0.084322 0.008342
-0.027929 -0.084341 0.013748
-0.015425 -0.084862 0.009852
-0.015080 -0.085111 0.008378
-0.015308 -0.084874 0.010173
-0.014796 -0.085135 0.010798
-0.012827 -0.085318 0.012870
-0.017933 -0.084538 0.007378
-0.023278 -0.084103 0.007311
-0.012256 -0.085373 0.013575
-0.021584 -0.085048 0.014436
-0.020538 -0.085307 0.014385
-0.011795 -0.085304 0.006223
-0.014796 -0.085135 0.010798
-0.014122 -0.085408 0.011265
-0.019028 -0.084213 0.007470
-0.023124 -0.083803 0.005794
-0.012254 -0.085381 0.010759
-0.025357 -0.084262 0.011743
-0.025508 -0.084255 0.009904
-0.012416 -0.085321 0.013298
-0.014837 -0.085281 0.011481
-0.027188 -0.083757 0.008996
-0.011011 -0.085278 0.012834
-0.023837 -0.084748 0.013213
-0.014389 -0.085348 0.008085
-0.013484 -0.085340 0.006813
-0.026424 -0.083850 0.007692
-0.014796 -0.085135 0.010798
-0.021095 -0.083798 0.006039
-0.025915 -0.084087 0.008060
-0.013585 -0.085174 0.009331
-0.015970 -0.084961 0.008958
-0.012604 -0.085181 0.011107
-0.019028 -0.084213 0.007470
-0.012953 -0.085295 0.013648
-0.024956 -0.083958 0.007003
-0.022933 -0.084713 0.009608
-0.019299 -0.085605 0.016957
-0.019438 -0.084201 0.005364
-0.016123 -0.085202 0.011171
-0.018427 -0.084300 0.008054
-0.013308 -0.085336 0.006952
-0.020650 -0.084220 0.007813
-0.023605 -0.083554 0.005136
-0.025146 -0.084291 0.011201
-0.021584 -0.085048 0.014436
-0.018227 -0.084618 0.009789
-0.013358 -0.085264 0.010853
-0.011894 -0.084733 0.008846
-0.026890 -0.083790 0.009953
-0.011878 -0.085467 0.013584
-0.012094 -0.085286 0.011107
-0.021783 -0.085083 0.013541
-0.020250 -0.084039 0.007447
-0.020083 -0.085188 0.013600
-0.023233 -0.083885 0.006179
-0.019949 -0.084127 0.005427
-0.013140 -0.085311 0.013085
-0.016894 -0.085057 0.007496
-0.012749 -0.085298 0.013285
-0.019798 -0.085280 0.013757
-0.011668 -0.085352 0.012909
-0.018243 -0.084169 0.006629
-0.019971 -0.084409 0.010003
-0.018153 -0.084907 0.011629
-0.015639 -0.084880 0.009196
-0.012518 -0.085271 0.010973
-0.013372 -0.085313 0.008922
-0.015432 -0.084986 0.010521
-0.018462 -0.084755 0.011230
-0.013728 -0.085257 0.010769
-0.025552 -0.084167 0.008238
-0.026738 -0.083742 0.007676
-0.014821 -0.085235 0.008187
-0.024477 -0.084530 0.010092
-0.025475 -0.084261 0.008702
-0.016501 -0.082829 0.002354
-0.013308 -0.085336 0.006952
-0.021074 -0.084437 0.008391
-0.022759 -0.084356 0.008533
-0.022853 -0.084731 0.009957
-0.020086 -0.084921 0.010786
-0.013097 -0.085362 0.014451
-0.014821 -0.085235 0.008187
-0.013017 -0.085150 0.010311
-0.023852 -0.084006 0.006738
-0.012327 -0.085206 0.008213
-0.023008 -0.084633 0.009255
-0.012452 -0.085469 0.010266
-0.017661 -0.084831 0.009184
-0.027929 -0.084341 0.013748
-0.014701 -0.085007 0.008948
-0.020518 -0.083991 0.005479
-0.015231 -0.085242 0.007326
-0.017646 -0.085134 0.012704
-0.018649 -0.084364 0.008812
-0.020771 -0.083924 0.005077
-0.019436 -0.086047 0.020088
-0.018078 -0.084534 0.008540
-0.021238 -0.083849 0.006588
-0.022510 -0.083830 0.005770
-0.021954 -0.084282 0.008314
-0.018243 -0.084306 0.006379
-0.020133 -0.084062 0.005958
-0.017306 -0.085183 0.012418
-0.018058 -0.084748 0.010818
-0.014481 -0.085303 0.012361
-0.022026 -0.085019 0.014159
-0.026563 -0.084056 0.009096
-0.019689 -0.084245 0.009498
-0.020688 -0.083864 0.006512
-0.018257 -0.084092 0.006785
-0.013493 -0.085192 0.009636
-0.018969 -0.084236 0.008027
-0.023124 -0.083803 0.005794
-0.026530 -0.083885 0.010323
-0.023758 -0.084156 0.007422
-0.020750 -0.085026 0.010517
-0.024472 -0.083674 0.005835
-0.019990 -0.084259 0.009412
-0.012827 -0.085318 0.012870
-0.016139 -0.084917 0.006171
-0.023278 -0.084103 0.007311
-0.018712 -0.084202 0.008246
-0.012984 -0.085375 0.008418
-0.018058 -0.084748 0.010818
-0.016917 -0.084960 0.006994
-0.024843 -0.084459 0.010144
-0.018712 -0.084271 0.006578
-0.011416 -0.085310 0.009599
-0.020147 -0.084427 0.008881
-0.019748 -0.084355 0.009107
-0.014370 -0.085408 0.011533
-0.022883 -0.084224 0.008095
-0.011400 -0.084945 0.009010
-0.019173 -0.084217 0.007199
-0.016320 -0.085031 0.009471
-0.020043 -0.084028 0.006761
-0.012578 -0.085297 0.011489
-0.016703 -0.084837 0.006343
-0.018229 -0.084523 0.009392
-0.023937 -0.084212 0.007685
-0.015996 -0.085578 0.015774
-0.020423 -0.084302 0.008109
-0.024188 -0.084195 0.007615
-0.015585 -0.084835 0.005531
-0.014821 -0.085241 0.007021
-0.025412 -0.084087 0.007849
-0.020697 -0.085123 0.013926
-0.015970 -0.084961 0.008958
-0.019634 -0.085391 0.014052
-0.023837 -0.084748 0.013213
-0.024333 -0.084564 0.010401
-0.011322 -0.085278 0.009817
-0.019855 -0.084424 0.008698
-0.015878 -0.085042 0.007565
-0.012740 -0.085354 0.012248
-0.022508 -0.084214 0.008168
-0.022435 -0.084413 0.008677
-0.013184 -0.085260 0.009133
-0.011414 -0.085348 0.011029
-0.018968 -0.084258 0.007743
-0.013184 -0.085260 0.009133
-0.013548 -0.085109 0.010572
-0.013741 -0.084517 0.003936
-0.017281 -0.084676 0.006577
-0.012604 -0.085181 0.011107
-0.020115 -0.084013 0.007199
-0.025420 -0.084230 0.010537
-0.014092 -0.085434 0.011501
-0.011276 -0.085273 0.012642
-0.014964 -0.084988 0.008888
-0.013074 -0.085236 0.010672
-0.013585 -0.085320 0.011298
-0.017138 -0.085245 0.012815
-0.017095 -0.085029 0.007721
-0.019301 -0.085343 0.014040
-0.021324 -0.084914 0.013050
-0.022933 -0.084713 0.009608
-0.018243 -0.084169 0.006629
-0.013213 -0.085308 0.013687
-0.023395 -0.084541 0.009054
-0.020071 -0.084716 0.010391
-0.013446 -0.085314 0.007311
-0.013280 -0.085432 0.008681
-0.012537 -0.085215 0.007091
-0.023852 -0.084006 0.006738
-0.023051 -0.084738 0.009963
-0.011697 -0.085169 0.011806
-0.022510 -0.083830 0.005770
-0.018950 -0.084315 0.008742
-0.013385 -0.085373 0.014898
-0.024572 -0.084451 0.012038
-0.013347 -0.085146 0.010476
-0.019613 -0.084033 0.007871
-0.011277 -0.085185 0.009448
-0.025101 -0.084317 0.008822
-0.025104 -0.084117 0.007743
-0.014027 -0.085301 0.010897
-0.026493 -0.083969 0.008060
-0.021870 -0.084662 0.009845
-0.016017 -0.084801 0.005757
-0.013131 -0.085299 0.009493
-0.018452 -0.084653 0.010895
-0.018712 -0.084202 0.008246
-0.025552 -0.084167 0.008238
-0.022484 -0.083655 0.004882
-0.023546 -0.084341 0.008358
-0.011434 -0.085238 0.011460
-0.013496 -0.085332 0.012927
-0.012180 -0.085485 0.010434
-0.022603 -0.084991 0.013235
-0.016499 -0.085120 0.010041
-0.018257 -0.084092 0.006785
-0.019448 -0.084304 0.009729
-0.019025 -0.084403 0.009501
-0.019928 -0.084078 0.005006
-0.017411 -0.085110 0.011878
-0.013167 -0.085331 0.006460
-0.024572 -0.084451 0.012038
-0.012094 -0.085286 0.011107
-0.025856 -0.084139 0.011687
-0.024671 -0.084420 0.011200
-0.011298 -0.085255 0.010419
-0.011798 -0.085429 0.013239
-0.017136 -0.085045 0.010207
-0.011114 -0.085281 0.010650
-0.018621 -0.084290 0.007945
-0.018957 -0.084281 0.006842
-0.014400 -0.085332 0.007604
-0.024343 -0.084066 0.007143
-0.011276 -0.085273 0.012642
-0.012515 -0.085256 0.008301
-0.016608 -0.085099 0.007970
-0.015192 -0.085211 0.006978
-0.012470 -0.085505 0.009683
-0.018299 -0.085145 0.013631
-0.019990 -0.084259 0.009412
-0.020771 -0.083924 0.005077
-0.017411 -0.085110 0.011878
-0.018665 -0.084543 0.010472
-0.025885 -0.084225 0.008646
-0.020681 -0.085155 0.010341
-0.017165 -0.085567 0.015633
-0.015781 -0.085026 0.010390
-0.016987 -0.085244 0.012524
-0.024416 -0.084408 0.008978
-0.023748 -0.084084 0.007066
-0.024843 -0.084459 0.010144
-0.018356 -0.084948 0.012069
-0.026117 -0.083997 0.010625
-0.014899 -0.084641 0.004658
-0.018950 -0.084315 0.008742
-0.019232 -0.084340 0.008795
-0.024384 -0.084470 0.011560
-0.023115 -0.085654 0.018295
-0.014349 -0.084968 0.009435
-0.011991 -0.085468 0.013885
-0.021357 -0.085007 0.013794
-0.011400 -0.084945 0.009010
-0.021870 -0.084662 0.009845
-0.018371 -0.085357 0.014992
-0.016384 -0.085032 0.008943
-0.015709 -0.085148 0.007259
-0.020557 -0.084044 0.007370
-0.011380 -0.085428 0.013194
-0.022603 -0.084991 0.013235
-0.027188 -0.083757 0.008996
-0.020386 -0.085107 0.013571
-0.022933 -0.084713 0.009608
-0.018751 -0.085418 0.015290
-0.027452 -0.083714 0.011168
-0.017512 -0.085314 0.014109
-0.012749 -0.085219 0.008728
-0.026920 -0.083831 0.010898
-0.018444 -0.084395 0.007314
-0.018229 -0.084523 0.009392
-0.019236 -0.084154 0.007463
-0.026738 -0.083742 0.007676
-0.012764 -0.085290 0.006618
-0.023837 -0.084748 0.013213
-0.015585 -0.084268 0.004268
-0.014668 -0.084909 0.009437
-0.020299 -0.084023 0.005096
-0.016508 -0.085165 0.010741
-0.025652 -0.084180 0.010115
-0.012484 -0.085143 0.006819
-0.018371 -0.085357 0.014992
-0.016703 -0.084837 0.006343
-0.017323 -0.084991 0.009385
-0.021095 -0.083798 0.006039
-0.013548 -0.085109 0.010572
-0.022759 -0.084356 0.008533
-0.016616 -0.085628 0.015557
-0.017224 -0.085002 0.009863
-0.025412 -0.084087 0.007849
-0.012516 -0.085329 0.012570
-0.020043 -0.084028 0.006761
-0.023337 -0.084711 0.010056
-0.011445 -0.085251 0.011921
-0.019304 -0.084397 0.009124
-0.018048 -0.084512 0.007737
-0.018969 -0.084236 0.008027
-0.014821 -0.085235 0.008187
-0.019848 -0.085150 0.013452
-0.021171 -0.084638 0.009037
-0.018794 -0.084278 0.007052
-0.022251 -0.084132 0.007913
-0.021369 -0.084549 0.008883
-0.019774 -0.084261 0.009766
-0.019166 -0.084394 0.009310
-0.012719 -0.085352 0.009285
-0.018929 -0.084291 0.007319
-0.019483 -0.084043 0.007536
-0.024472 -0.083674 0.005835
-0.020335 -0.084971 0.013198
-0.021783 -0.085083 0.013541
-0.020188 -0.084252 0.009265
-0.020255 -0.084105 0.007736
-0.023852 -0.084006 0.006738
-0.020037 -0.084864 0.011045
-0.014668 -0.084909 0.009437
-0.025603 -0.084271 0.009132
-0.019386 -0.084279 0.006576
-0.011899 -0.084744 0.008266
-0.021095 -0.083798 0.006039
-0.015585 -0.084835 0.005531
-0.013799 -0.085189 0.008958
-0.017830 -0.083895 0.004133
-0.012484 -0.085446 0.014759
-0.018697 -0.085117 0.013626
-0.020296 -0.084380 0.009169
-0.021770 -0.084135 0.007782
-0.018712 -0.084271 0.006578
-0.013443 -0.085367 0.012096
-0.014177 -0.085118 0.005800
-0.023395 -0.084541 0.009054
-0.019448 -0.084304 0.009729
-0.021299 -0.084664 0.011023
-0.015056 -0.085017 0.010622
-0.012353 -0.085417 0.009395
-0.025856 -0.084139 0.011687
-0.011894 -0.084733 0.008846
-0.012510 -0.085394 0.014204
-0.019979 -0.085386 0.014026
-0.018360 -0.085065 0.012928
-0.018876 -0.084697 0.011095
-0.020386 -0.085001 0.010782
-0.012067 -0.085342 0.012856
-0.019691 -0.084281 0.008458
-0.018058 -0.084748 0.010818
-0.012764 -0.085290 0.006618
-0.012776 -0.085407 0.009784
-0.017001 -0.085626 0.015640
-0.017314 -0.084981 0.010411
-0.020734 -0.085025 0.013643
-0.017984 -0.085464 0.015735
-0.013805 -0.085366 0.012476
-0.012394 -0.085107 0.005194
-0.012484 -0.085446 0.014759
-0.019458 -0.084318 0.009378
-0.024107 -0.084388 0.008673
-0.013347 -0.085146 0.010476
-0.019393 -0.084790 0.011613
-0.019820 -0.084513 0.010316
-0.022910 -0.084864 0.012758
-0.015970 -0.084961 0.008958
-0.018062 -0.085197 0.013880
-0.019613 -0.084033 0.007871
-0.018712 -0.084202 0.008246
-0.013314 -0.085302 0.011142
-0.018297 -0.084450 0.007697
-0.024294 -0.083296 0.004739
-0.019928 -0.084078 0.005006
-0.018929 -0.084291 0.007319
-0.026920 -0.083831 0.010898
-0.020875 -0.084594 0.008819
-0.023395 -0.084541 0.009054
-0.020582 -0.084884 0.009990
-0.011340 -0.085321 0.012387
-0.019855 -0.084424 0.008698
-0.017111 -0.085026 0.009528
-0.011907 -0.085182 0.004931
-0.020296 -0.084380 0.009169
-0.012978 -0.085297 0.006943
-0.021783 -0.085083 0.013541
-0.019592 -0.084229 0.005788
-0.016616 -0.085628 0.015557
-0.022251 -0.084132 0.007913
-0.012258 -0.085323 0.012712
-0.015401 -0.084708 0.005002
-0.019544 -0.085125 0.013392
-0.023767 -0.084498 0.009044
-0.012452 -0.085469 0.010266
-0.026908 -0.083900 0.012148
-0.017314 -0.084981 0.010411
-0.018143 -0.084679 0.010455
-0.021166 -0.084288 0.008011
-0.014615 -0.085299 0.011771
-0.016455 -0.085401 0.013787
-0.011658 -0.085164 0.009241
-0.012024 -0.085409 0.013413
-0.011380 -0.085428 0.013194
-0.012763 -0.085260 0.011151
-0.011880 -0.085307 0.012677
-0.026554 -0.084186 0.012891
-0.019748 -0.084355 0.009107
-0.011725 -0.084922 0.009012
-0.019989 -0.083993 0.007729
-0.019979 -0.085386 0.014026
-0.013356 -0.085366 0.012447
-0.013631 -0.085400 0.008638
-0.018621 -0.084290 0.007945
-0.016106 -0.085006 0.008047
-0.025304 -0.084207 0.008283
-0.015401 -0.084708 0.005002
-0.011835 -0.084731 0.008033
-0.011601 -0.084892 0.007880
-0.020669 -0.085104 0.010230
-0.012978 -0.085297 0.006943
-0.020149 -0.084863 0.012837
-0.026997 -0.083838 0.011340
-0.024774 -0.084365 0.008969
-0.012314 -0.085240 0.009141
-0.012796 -0.085345 0.014041
-0.020939 -0.084876 0.013285
-0.020538 -0.085307 0.014385
-0.014067 -0.085278 0.006515
-0.011253 -0.085364 0.011324
-0.013661 -0.085309 0.011015
-0.024607 -0.084197 0.007835
-0.014481 -0.085303 0.012361
-0.025590 -0.084157 0.011174
-0.013213 -0.085308 0.013687
-0.025475 -0.084261 0.008702
-0.013443 -0.085367 0.012096
-0.019055 -0.085014 0.013098
-0.023466 -0.084675 0.010528
-0.024084 -0.084606 0.010052
-0.019438 -0.084201 0.005364
-0.018143 -0.084679 0.010455
-0.018794 -0.084278 0.007052
-0.018794 -0.084278 0.007052
-0.022414 -0.083943 0.006830
-0.023605 -0.083554 0.005136
-0.017543 -0.084979 0.011131
-0.016139 -0.084917 0.006171
-0.016610 -0.084089 0.004499
-0.021890 -0.084939 0.012894
-0.021505 -0.084041 0.007389
-0.013179 -0.085345 0.011764
-0.014488 -0.085299 0.012109
-0.012201 -0.085289 0.011793
-0.018254 -0.085398 0.015379
-0.021080 -0.083867 0.005472
-0.020584 -0.083932 0.006923
-0.019299 -0.084137 0.007914
-0.011757 -0.084594 0.008751
-0.021293 -0.084942 0.013249
-0.023316 -0.084614 0.011623
-0.014488 -0.085299 0.012109
-0.013308 -0.085336 0.006952
-0.018452 -0.085433 0.015672
-0.026554 -0.084186 0.012891
-0.019868 -0.085451 0.014247
-0.021299 -0.084664 0.011023
-0.019301 -0.085343 0.014040
-0.015816 -0.085122 0.006726
-0.017306 -0.085183 0.012418
-0.023798 -0.084594 0.011941
-0.025101 -0.084317 0.008822
-0.023703 -0.084667 0.010133
-0.013016 -0.085344 0.012631
-0.011601 -0.084892 0.007880
-0.019687 -0.083978 0.007520
-0.024384 -0.084470 0.011560
-0.024082 -0.084607 0.010351
-0.016608 -0.085099 0.007970
-0.014634 -0.084931 0.009795
-0.018199 -0.084659 0.010166
-0.023316 -0.084227 0.007907
-0.020518 -0.083991 0.005479
-0.027078 -0.083730 0.009696
-0.023067 -0.084494 0.008865
-0.021890 -0.084939 0.012894
-0.016123 -0.085202 0.011171
-0.021562 -0.085000 0.014115
-0.019632 -0.084212 0.006396
-0.018389 -0.084225 0.006988
-0.022933 -0.084713 0.009608
-0.013631 -0.085400 0.008638
-0.021159 -0.084954 0.013542
-0.020456 -0.085026 0.010337
-0.022674 -0.084025 0.007284
-0.012242 -0.085079 0.008278
-0.020650 -0.084220 0.007813
-0.013233 -0.085088 0.010119
-0.019025 -0.084403 0.009501
-0.020750 -0.085026 0.010517
-0.012094 -0.085286 0.011107
-0.014551 -0.085133 0.010629
-0.020017 -0.084297 0.009696
-0.026324 -0.084114 0.008359
-0.015709 -0.085148 0.007259
-0.016118 -0.085107 0.010288
-0.023546 -0.084341 0.008358
-0.011980 -0.085211 0.005250
-0.027023 -0.083765 0.010430
-0.020083 -0.085188 0.013600
-0.014899 -0.084641 0.004658
-0.025475 -0.084261 0.008702
-0.012293 -0.085454 0.014442
-0.019589 -0.084167 0.006860
-0.015712 -0.085199 0.011337
-0.012963 -0.085305 0.007942
-0.022759 -0.084356 0.008533
-0.013678 -0.085174 0.010476
-0.014899 -0.084641 0.004658
-0.011497 -0.085346 0.011235
-0.024343 -0.084066 0.007143
-0.019868 -0.085451 0.014247
-0.016609 -0.085281 0.012691
-0.012930 -0.085360 0.012027
-0.015491 -0.085250 0.012185
-0.015781 -0.085026 0.010390
-0.014367 -0.085088 0.010165
-0.021293 -0.084942 0.013249
-0.021688 -0.084639 0.010857
-0.018389 -0.084225 0.006988
-0.020149 -0.084863 0.012837
-0.012416 -0.085321 0.013298
-0.011741 -0.085329 0.010959
-0.025652 -0.084180 0.010115
-0.013772 -0.085367 0.011455
-0.011725 -0.084922 0.009012
-0.013710 -0.085373 0.012178
-0.021010 -0.084150 0.007630
-0.014618 -0.085282 0.011099
-0.013973 -0.085158 0.010123
-0.021299 -0.084664 0.011023
-0.018297 -0.084450 0.007697
-0.020115 -0.084013 0.007199
-0.015044 -0.085228 0.011266
-0.017933 -0.084538 0.007378
-0.013828 -0.085320 0.006914
-0.020757 -0.085122 0.010267
-0.014919 -0.085270 0.007675
-0.020688 -0.083864 0.006512
-0.021324 -0.084914 0.013050
-0.014048 -0.085355 0.012294
-0.022300 -0.085041 0.013455
-0.019870 -0.084825 0.010871
-0.011523 -0.085330 0.009915
-0.012510 -0.085394 0.014204
-0.017710 -0.085211 0.013405
-0.015154 -0.084898 0.009057
-0.019820 -0.084513 0.010316
-0.013079 -0.085289 0.011123
-0.017314 -0.084981 0.010411
-0.016973 -0.085923 0.019063
-0.017945 -0.084274 0.006561
-0.019557 -0.084693 0.010886
-0.027929 -0.084341 0.013748
-0.020733 -0.084363 0.008160
-0.021890 -0.084939 0.012894
-0.019055 -0.085014 0.013098
-0.011894 -0.084733 0.008846
-0.025051 -0.084212 0.008158
-0.012510 -0.084983 0.004502
-0.019632 -0.084212 0.006396
-0.021293 -0.084942 0.013249
-0.017809 -0.084376 0.006239
-0.018452 -0.085433 0.015672
-0.022131 -0.083593 0.004618
-0.019595 -0.085468 0.015228
-0.024084 -0.084606 0.010052
-0.025412 -0.084087 0.007849
-0.022389 -0.082995 0.003560
-0.020335 -0.084971 0.013198
-0.012056 -0.085265 0.005702
-0.024094 -0.085113 0.015581
-0.020250 -0.084039 0.007447
-0.015308 -0.084874 0.010173
-0.020703 -0.084797 0.011276
-0.018600 -0.084346 0.007807
-0.023383 -0.084015 0.006805
-0.016616 -0.085628 0.015557
-0.021353 -0.084729 0.009359
-0.023395 -0.084541 0.009054
-0.021095 -0.083798 0.006039
-0.017945 -0.084274 0.006561
-0.020987 -0.084748 0.009317
-0.015037 -0.085247 0.011437
-0.015712 -0.085199 0.011337
-0.013436 -0.085248 0.006065
-0.013820 -0.085343 0.011192
-0.021562 -0.085000 0.014115
-0.018751 -0.085418 0.015290
-0.011445 -0.085251 0.011921
-0.014866 -0.085236 0.011107
-0.022603 -0.084991 0.013235
-0.015816 -0.085122 0.006726
-0.012725 -0.085336 0.010241
-0.022089 -0.085053 0.013271
-0.020939 -0.084876 0.013285
-0.015525 -0.084891 0.009539
-0.016384 -0.085032 0.008943
-0.013371 -0.085095 0.009890
-0.014558 -0.085350 0.011285
-0.016501 -0.082829 0.002354
-0.022253 -0.083870 0.006127
-0.019068 -0.084194 0.008379
-0.013289 -0.085368 0.008074
-0.021770 -0.084135 0.007782
-0.016457 -0.085443 0.014318
-0.011891 -0.085284 0.012019
-0.012811 -0.085349 0.012518
-0.023222 -0.084710 0.009726
-0.019689 -0.084245 0.009498
-0.017564 -0.084117 0.004755
-0.015525 -0.084891 0.009539
-0.024477 -0.084530 0.010092
-0.021353 -0.084729 0.009359
-0.025885 -0.084225 0.008646
-0.022674 -0.084025 0.007284
-0.017828 -0.084373 0.005883
-0.018198 -0.084530 0.008888
-0.016917 -0.084960 0.006994
-0.023767 -0.084498 0.009044
-0.019377 -0.084303 0.006254
-0.012740 -0.085354 0.012248
-0.026128 -0.083828 0.007454
-0.018600 -0.084346 0.007807
-0.019634 -0.085391 0.014052
-0.012755 -0.085253 0.010649
-0.012154 -0.085170 0.007163
-0.012094 -0.085286 0.011107
-0.014919 -0.085270 0.007675
-0.020987 -0.084748 0.009317
-0.023383 -0.084015 0.006805
-0.017436 -0.084899 0.008005
-0.018057 -0.085258 0.014362
-0.025590 -0.084157 0.011174
-0.020554 -0.084816 0.012853
-0.015231 -0.085242 0.007326
-0.022947 -0.084702 0.010414
-0.011848 -0.085425 0.010442
-0.013308 -0.085336 0.006952
-0.016409 -0.085345 0.013291
-0.012730 -0.085261 0.007497
-0.016835 -0.085628 0.015736
-0.022933 -0.084713 0.009608
-0.012221 -0.084934 0.008572
-0.017201 -0.085015 0.008832
-0.012168 -0.085360 0.010921
-0.014662 -0.085430 0.014795
-0.019498 -0.084135 0.007150
-0.025169 -0.083999 0.007338
-0.021443 -0.084675 0.011453
-0.012525 -0.085177 0.008869
-0.025767 -0.084002 0.007757
-0.012258 -0.085323 0.012712
-0.011105 -0.085300 0.011553
-0.013404 -0.085460 0.008415
-0.011541 -0.084723 0.008667
-0.012979 -0.085306 0.011338
-0.017933 -0.084538 0.007378
-0.019304 -0.084397 0.009124
-0.015868 -0.085087 0.010833
-0.017667 -0.084812 0.008640
-0.015441 -0.085035 0.007954
-0.020173 -0.084260 0.008246
-0.019848 -0.085150 0.013452
-0.015154 -0.084898 0.009057
-0.012256 -0.085373 0.013575
-0.020561 -0.084539 0.008889
-0.012612 -0.085200 0.008563
-0.020987 -0.084748 0.009317
-0.020071 -0.084716 0.010391
-0.025146 -0.084291 0.011201
-0.026424 -0.083850 0.007692
-0.017314 -0.084981 0.010411
-0.019689 -0.084245 0.009498
-0.018544 -0.085085 0.013277
-0.021647 -0.083790 0.005238
-0.018018 -0.084540 0.008077
-0.019380 -0.085265 0.013777
-0.019760 -0.084051 0.007198
-0.018371 -0.085357 0.014992
-0.016169 -0.085233 0.011519
-0.014400 -0.085332 0.007604
-0.017165 -0.085567 0.015633
-0.017111 -0.085026 0.009528
-0.021010 -0.085115 0.014302
-0.019926 -0.084786 0.011382
-0.020188 -0.084252 0.009265
-0.021997 -0.084654 0.010278
-0.019386 -0.084279 0.006576
-0.018632 -0.084467 0.009558
-0.023119 -0.084377 0.008563
-0.025802 -0.084198 0.009700
-0.012410 -0.085325 0.012183
-0.013496 -0.085332 0.012927
-0.022725 -0.084109 0.007700
-0.012435 -0.085202 0.011218
-0.023115 -0.085654 0.018295
-0.016499 -0.085120 0.010041
-0.021411 -0.084296 0.008167
-0.014821 -0.085241 0.007021
-0.018356 -0.084948 0.012069
-0.013289 -0.085368 0.008074
-0.025856 -0.084139 0.011687
-0.018018 -0.084540 0.008077
-0.013385 -0.085373 0.014898
-0.014507 -0.085274 0.008405
-0.027340 -0.083966 0.012701
-0.023748 -0.084084 0.007066
-0.019244 -0.084246 0.006889
-0.011823 -0.085108 0.007752
-0.016987 -0.085244 0.012524
-0.018712 -0.084202 0.008246
-0.015219 -0.084873 0.009327
-0.013289 -0.085368 0.008074
-0.011862 -0.085475 0.009922
-0.011511 -0.085099 0.007595
-0.019791 -0.084440 0.008860
-0.023483 -0.083894 0.006385
-0.014122 -0.085408 0.011265
-0.023115 -0.085654 0.018295
-0.018632 -0.084467 0.009558
-0.019750 -0.085483 0.014543
-0.020688 -0.084758 0.009583
-0.017767 -0.084798 0.010020
-0.020703 -0.084797 0.011276
-0.020071 -0.084716 0.010391
-0.022187 -0.084029 0.007478
-0.013308 -0.085336 0.006952
-0.013413 -0.085350 0.012711
-0.020149 -0.084863 0.012837
-0.012154 -0.085170 0.007163
-0.012730 -0.085261 0.007497
-0.021840 -0.083895 0.006701
-0.018771 -0.085146 0.013765
-0.020133 -0.084062 0.005958
-0.024572 -0.084451 0.012038
-0.024956 -0.083958 0.007003
-0.019180 -0.084417 0.010083
