-0.049101 -0.003468 0.050538
-0.048084 -0.011053 0.050546
-0.055900 -0.007473 0.042401
-0.055600 -0.009861 0.043274
-0.054990 -0.010292 0.049526
-0.048136 -0.009342 0.050646
-0.055563 -0.010202 0.043142
-0.047333 -0.002046 0.050604
-0.051386 -0.006467 0.050599
-0.056106 -0.010375 0.041530
-0.055871 -0.008406 0.044270
-0.052352 -0.012748 0.050526
-0.045796 -0.009230 0.050602
-0.049645 -0.008378 0.050500
-0.055033 -0.008819 0.049123
-0.054444 -0.007888 0.038655
-0.046950 -0.003589 0.050624
-0.054659 -0.004324 0.049754
-0.045754 -0.006738 0.050638
-0.047028 -0.012473 0.050553
-0.051514 -0.013705 0.050580
-0.052695 -0.004417 0.050559
-0.054127 -0.005189 0.050367
-0.055193 -0.007981 0.048319
-0.055759 -0.006881 0.040772
-0.055341 -0.003889 0.040568
-0.050476 -0.001592 0.050526
-0.049877 -0.008004 0.050441
-0.055236 -0.004201 0.044271
-0.055340 -0.009866 0.046126
-0.050158 -0.008626 0.050552
-0.056264 -0.009283 0.041487
-0.054346 -0.010049 0.050321
-0.051164 -0.004295 0.050551
-0.047100 -0.005880 0.050692
-0.055940 -0.011015 0.041384
-0.045584 -0.010350 0.050596
-0.055366 -0.010336 0.047002
-0.053082 -0.002759 0.050603
-0.045944 -0.006355 0.050611
-0.054936 -0.006021 0.048807
-0.055765 -0.005611 0.042362
-0.055302 -0.011832 0.048854
-0.054266 -0.010669 0.050283
-0.050770 -0.009636 0.050540
-0.049847 -0.008359 0.050485
-0.052397 -0.011345 0.050480
-0.048305 -0.006402 0.050620
-0.049224 -0.013504 0.050484
-0.055787 -0.011873 0.041778
-0.053368 -0.004476 0.050601
-0.055829 -0.006680 0.041628
-0.046041 -0.006767 0.050628
-0.054343 -0.002357 0.050112
-0.054294 -0.004254 0.050181
-0.055024 -0.005318 0.048448
-0.055440 -0.009618 0.044368
-0.055298 -0.004743 0.045734
-0.050551 -0.010572 0.050526
-0.055151 -0.003245 0.044274
-0.054930 -0.004842 0.046963
-0.047303 -0.003081 0.050624
-0.053461 -0.005339 0.038777
-0.054609 -0.003197 0.049697
-0.054983 -0.006414 0.047708
-0.055039 -0.005119 0.048171
-0.049664 -0.002223 0.050530
-0.045121 -0.004913 0.050703
-0.055878 -0.006416 0.044129
-0.055113 -0.009373 0.048813
-0.051202 -0.003339 0.050513
-0.054974 -0.008114 0.049225
-0.048071 -0.013673 0.050500
-0.055871 -0.007112 0.042222
-0.047794 -0.002459 0.050579
-0.052318 -0.002480 0.050602
-0.049556 -0.012275 0.050556
-0.054141 -0.006175 0.050329
-0.047067 -0.009494 0.050591
-0.055264 -0.012337 0.047426
-0.048509 -0.011478 0.050580
-0.048740 -0.007131 0.050559
-0.056077 -0.007306 0.041037
-0.056069 -0.008006 0.042107
-0.047311 -0.004280 0.050653
-0.053673 -0.004259 0.050544
-0.052235 -0.008332 0.050616
-0.055369 -0.004275 0.043596
-0.052687 -0.005407 0.050582
-0.048041 -0.007613 0.050637
-0.054966 -0.008498 0.049262
-0.054744 -0.009066 0.038942
-0.055224 -0.007440 0.048399
-0.047378 -0.004800 0.050607
-0.055630 -0.008725 0.043709
-0.055461 -0.010809 0.043303
-0.055202 -0.008537 0.047447
-0.044850 -0.006004 0.050706
-0.055593 -0.008079 0.043258
-0.044969 -0.008766 0.050591
-0.045384 -0.006269 0.050676
-0.055520 -0.006303 0.046273
-0.049775 -0.013254 0.050456
-0.054742 -0.003238 0.049491
-0.047803 -0.011086 0.050559
-0.049015 -0.001775 0.050551
-0.046351 -0.004491 0.050669
-0.051848 -0.011501 0.050381
-0.055260 -0.008852 0.046747
-0.055239 -0.004127 0.044455
-0.055432 -0.010602 0.044414
-0.055461 -0.004445 0.040704
-0.047137 -0.002698 0.050649
-0.053791 -0.006679 0.050514
-0.055480 -0.009529 0.045476
-0.055786 -0.006814 0.041081
-0.055299 -0.011956 0.047917
-0.055954 -0.007036 0.041022
-0.048479 -0.003548 0.050559
-0.054149 -0.005842 0.050314
-0.053840 -0.005121 0.050448
-0.048818 -0.012583 0.050559
-0.050225 -0.005352 0.050568
-0.055806 -0.006355 0.043466
-0.056310 -0.008877 0.041654
-0.044509 -0.009122 0.050580
-0.055601 -0.009647 0.043313
-0.047073 -0.009898 0.050559
-0.047362 -0.010401 0.050590
-0.055291 -0.010347 0.047948
-0.046272 -0.010411 0.050570
-0.055541 -0.009003 0.044544
-0.055008 -0.004448 0.046986
-0.055064 -0.004982 0.048324
-0.046277 -0.005838 0.050648
-0.050943 -0.006059 0.050576
-0.055615 -0.006129 0.041375
-0.049279 -0.008336 0.050533
-0.055002 -0.003826 0.047499
-0.046474 -0.004809 0.050656
-0.048681 -0.012546 0.050540
-0.054111 -0.002725 0.050384
-0.055013 -0.008456 0.048967
-0.047685 -0.006836 0.050663
-0.054935 -0.002946 0.047788
-0.048624 -0.001875 0.050557
-0.050876 -0.004508 0.050547
-0.047137 -0.008095 0.050622
-0.048628 -0.005768 0.050623
-0.055522 -0.004177 0.041041
-0.053850 -0.007375 0.050460
-0.053514 -0.007349 0.050549
-0.055200 -0.009226 0.047477
-0.050642 -0.002617 0.050580
-0.055145 -0.008181 0.047538
-0.054942 -0.012747 0.049238
-0.055557 -0.004206 0.041381
-0.053102 -0.006758 0.050579
-0.055510 -0.004206 0.042915
-0.052613 -0.012198 0.050520
-0.046133 -0.011742 0.050555
-0.051764 -0.004951 0.050558
-0.050935 -0.002967 0.050565
-0.044462 -0.006076 0.050701
-0.055137 -0.006038 0.046625
-0.055684 -0.008242 0.043433
-0.049365 -0.001762 0.050538
-0.054939 -0.006593 0.039303
-0.055163 -0.011250 0.047037
-0.047547 -0.005458 0.050692
-0.050641 -0.006963 0.038308
-0.054917 -0.002511 0.048724
-0.049548 -0.008638 0.050527
-0.055058 -0.011838 0.049216
-0.047744 -0.012141 0.050556
-0.054696 -0.007918 0.049564
-0.055829 -0.011475 0.040869
-0.054967 -0.002708 0.047667
-0.047934 -0.002089 0.050571
-0.055190 -0.010018 0.039411
-0.055316 -0.004580 0.043794
-0.046376 -0.007683 0.050653
-0.055026 -0.003843 0.047055
-0.051204 -0.013877 0.050490
-0.045341 -0.011576 0.050555
-0.054809 -0.009680 0.049719
-0.054869 -0.003279 0.049372
-0.055465 -0.010127 0.044995
-0.055545 -0.003590 0.042832
-0.054870 -0.008583 0.049617
-0.050136 -0.003789 0.050515
-0.054863 -0.012275 0.049638
-0.055794 -0.005863 0.042425
-0.055457 -0.010610 0.046834
-0.055157 -0.012394 0.046776
-0.055224 -0.004269 0.045110
-0.054816 -0.006078 0.048012
-0.053375 -0.012751 0.050586
-0.044022 -0.005709 0.050655
-0.048418 -0.001323 0.050557
-0.053265 -0.006293 0.050545
-0.055617 -0.008757 0.044643
-0.053862 -0.002462 0.050499
-0.055606 -0.007984 0.039704
-0.050289 -0.002267 0.050495
-0.055199 -0.003920 0.045072
-0.055112 -0.010375 0.049267
-0.054939 -0.002981 0.047402
-0.047688 -0.013550 0.050550
-0.051460 -0.011059 0.050443
-0.052939 -0.009429 0.050568
-0.050219 -0.008993 0.050578
-0.055202 -0.011670 0.047687
-0.049463 -0.003984 0.050467
-0.054874 -0.004677 0.049073
-0.049553 -0.009083 0.050525
-0.053890 -0.010369 0.050544
-0.047278 -0.013038 0.050506
-0.051519 -0.004396 0.050526
-0.055772 -0.006609 0.042342
-0.053629 -0.008231 0.050537
-0.045033 -0.010294 0.050572
-0.053458 -0.009899 0.050571
-0.048049 -0.008496 0.050636
-0.055824 -0.009401 0.040183
-0.055622 -0.005548 0.041581
-0.050532 -0.011388 0.050510
-0.055026 -0.003126 0.046925
-0.048156 -0.008829 0.050614
-0.052790 -0.012551 0.050528
-0.054178 -0.011660 0.050323
-0.053032 -0.002235 0.050581
-0.052072 -0.012298 0.050431
-0.055868 -0.006455 0.043865
-0.049226 -0.006460 0.050529
-0.048981 -0.002595 0.050557
-0.053574 -0.005705 0.050531
-0.051179 -0.006846 0.050559
-0.049049 -0.008638 0.050579
-0.055584 -0.005918 0.043511
-0.055677 -0.009864 0.039960
-0.050468 -0.013929 0.050349
-0.045000 -0.006293 0.050697
-0.044269 -0.006547 0.050666
-0.055528 -0.010892 0.046207
-0.049908 -0.012142 0.050554
-0.055357 -0.005631 0.040506
-0.055207 -0.010108 0.047756
-0.055484 -0.009073 0.045125
-0.053687 -0.004931 0.050532
-0.055178 -0.007107 0.047334
-0.055445 -0.007427 0.046040
-0.054179 -0.007756 0.050353
-0.055537 -0.011454 0.045899
-0.049806 -0.002567 0.050521
-0.046183 -0.009584 0.050584
-0.048775 -0.012957 0.050534
-0.053344 -0.013393 0.050550
-0.055477 -0.009726 0.044581
-0.055090 -0.009987 0.049288
-0.055159 -0.008508 0.047870
-0.049981 -0.006190 0.050502
-0.053861 -0.004758 0.050456
-0.055219 -0.005462 0.040123
-0.055645 -0.005065 0.042762
-0.046724 -0.011795 0.050514
-0.055081 -0.008936 0.048922
-0.056348 -0.008328 0.041496
-0.046859 -0.002623 0.050654
-0.055644 -0.004383 0.041713
-0.054733 -0.006818 0.047834
-0.052455 -0.009284 0.050610
-0.056189 -0.009304 0.041874
-0.053846 -0.013305 0.050469
-0.050308 -0.007642 0.050530
-0.046204 -0.003894 0.050666
-0.055768 -0.006864 0.042587
-0.054133 -0.012530 0.050460
-0.044426 -0.008370 0.050677
-0.053662 -0.013214 0.050544
-0.055188 -0.011423 0.047966
-0.048675 -0.008814 0.050608
-0.054951 -0.012324 0.049325
-0.045567 -0.005726 0.050655
-0.046934 -0.008651 0.050636
-0.052794 -0.007208 0.050502
-0.054915 -0.002828 0.048530
-0.051506 -0.008482 0.050574
-0.055593 -0.005306 0.042928
-0.048191 -0.008001 0.050658
-0.052368 -0.008032 0.050612
-0.054963 -0.006983 0.039150
-0.055388 -0.011237 0.044073
-0.055255 -0.009750 0.047707
-0.055480 -0.006876 0.046152
-0.054795 -0.011704 0.049968
-0.055328 -0.006903 0.046594
-0.053623 -0.010641 0.050566
-0.048219 -0.013296 0.050521
-0.052679 -0.006768 0.050603
-0.044428 -0.004652 0.050702
-0.053251 -0.010608 0.050581
-0.052825 -0.011114 0.050532
-0.048525 -0.006153 0.050616
-0.055045 -0.007787 0.049256
-0.055491 -0.006658 0.044797
-0.055197 -0.012074 0.049095
-0.055186 -0.006642 0.039799
-0.050504 -0.012353 0.050479
-0.055029 -0.004122 0.047737
-0.055683 -0.009394 0.039803
-0.055466 -0.010412 0.045786
-0.050183 -0.005120 0.050547
-0.051133 -0.010037 0.050574
-0.054839 -0.005785 0.048128
-0.055002 -0.006238 0.046788
-0.047644 -0.011959 0.050581
-0.056117 -0.007301 0.041532
-0.049686 -0.003759 0.050514
-0.055650 -0.008890 0.039609
-0.050656 -0.011712 0.050500
-0.055459 -0.003947 0.043277
-0.055626 -0.011975 0.044256
-0.050123 -0.004273 0.050486
-0.050501 -0.003191 0.050593
-0.054573 -0.006722 0.049974
-0.055120 -0.009081 0.047754
-0.055379 -0.011481 0.046582
-0.049998 -0.012442 0.050517
-0.048498 -0.004517 0.050607
-0.055462 -0.010239 0.045458
-0.055419 -0.009487 0.043571
-0.055312 -0.005007 0.045938
-0.055733 -0.011835 0.042217
-0.047258 -0.010694 0.050563
-0.054878 -0.009570 0.039138
-0.055410 -0.011619 0.044339
-0.055235 -0.004294 0.044458
-0.055477 -0.008836 0.044982
-0.049242 -0.006147 0.050543
-0.055919 -0.009934 0.042173
-0.055451 -0.004085 0.041571
-0.051371 -0.004850 0.050562
-0.055491 -0.003554 0.043278
-0.051225 -0.011831 0.050482
-0.053196 -0.012378 0.050575
-0.055659 -0.007323 0.043059
-0.055525 -0.010573 0.043191
-0.055286 -0.010359 0.047225
-0.055353 -0.006992 0.046978
-0.053285 -0.006545 0.050529
-0.050191 -0.012452 0.050496
-0.055310 -0.011966 0.048325
-0.048017 -0.014116 0.050505
-0.046908 -0.009160 0.050618
-0.055817 -0.006264 0.041789
-0.055362 -0.008790 0.046220
-0.055215 -0.009929 0.047575
-0.055690 -0.006100 0.042952
-0.046993 -0.005478 0.050692
-0.055412 -0.006018 0.046319
-0.055657 -0.006796 0.045513
-0.050068 -0.009894 0.050502
-0.048756 -0.007962 0.050592
-0.048544 -0.007349 0.050590
-0.048000 -0.004019 0.050630
-0.054266 -0.008490 0.050381
-0.048019 -0.002796 0.050556
-0.052820 -0.006032 0.050567
-0.053504 -0.007904 0.050563
-0.048384 -0.002479 0.050551
-0.047277 -0.009390 0.050649
-0.044277 -0.009880 0.050640
-0.055512 -0.008833 0.045682
-0.055789 -0.006388 0.042238
-0.055696 -0.009099 0.043000
-0.054938 -0.006686 0.049348
-0.055713 -0.010992 0.042749
-0.048545 -0.012064 0.050524
-0.047307 -0.008691 0.050633
-0.055838 -0.007831 0.042549
-0.055850 -0.008197 0.045031
-0.055806 -0.011528 0.041427
-0.051005 -0.004893 0.050549
-0.051496 -0.010755 0.050454
-0.055845 -0.005661 0.042219
-0.046414 -0.008659 0.050633
-0.054545 -0.006272 0.038657
-0.055615 -0.003504 0.042477
-0.055837 -0.007461 0.042600
-0.048771 -0.010615 0.050561
-0.055801 -0.004791 0.041854
-0.055445 -0.009012 0.043656
-0.053142 -0.006979 0.050592
-0.055245 -0.005435 0.044782
-0.054632 -0.008060 0.049835
-0.055774 -0.008834 0.042596
-0.044803 -0.009440 0.050629
-0.055108 -0.005364 0.039804
-0.055336 -0.004732 0.040386
-0.055483 -0.009030 0.043988
-0.048366 -0.009096 0.050630
-0.051517 -0.005687 0.050571
-0.045403 -0.007753 0.050653
-0.054936 -0.002992 0.047575
-0.053340 -0.011497 0.050531
-0.055396 -0.004854 0.043676
-0.055176 -0.011695 0.049054
-0.047568 -0.007486 0.050656
-0.045127 -0.010884 0.050552
-0.055741 -0.006385 0.043107
-0.055348 -0.012072 0.048925
-0.051954 -0.008157 0.050585
-0.051540 -0.011467 0.050413
-0.050917 -0.007144 0.050563
-0.055601 -0.010482 0.043070
-0.048141 -0.012419 0.050527
-0.048228 -0.011942 0.050542
-0.047267 -0.003715 0.050637
-0.056162 -0.009960 0.041677
-0.053091 -0.010356 0.050567
-0.054725 -0.004972 0.049512
-0.055265 -0.012139 0.047378
-0.051275 -0.003032 0.050550
-0.051155 -0.011199 0.050456
-0.054940 -0.005729 0.039450
-0.055592 -0.004278 0.042743
-0.054682 -0.005930 0.038860
-0.046334 -0.007013 0.050645
-0.051009 -0.012799 0.050577
-0.050459 -0.010908 0.050526
-0.048927 -0.008471 0.050592
-0.055678 -0.006497 0.045630
-0.053258 -0.008809 0.050610
-0.055214 -0.008049 0.046947
-0.051452 -0.004101 0.050507
-0.045700 -0.004938 0.050680
-0.055709 -0.008579 0.042834
-0.054945 -0.006721 0.048361
-0.055710 -0.011393 0.042628
-0.055659 -0.006077 0.044209
-0.055749 -0.009245 0.042741
-0.055254 -0.011899 0.047474
-0.055413 -0.005568 0.046132
-0.055457 -0.008703 0.045030
-0.044636 -0.011043 0.050543
-0.047719 -0.002720 0.050591
-0.055237 -0.003770 0.044359
-0.047579 -0.010415 0.050584
-0.050435 -0.002198 0.050556
-0.055711 -0.004369 0.042374
-0.046276 -0.009415 0.050555
-0.050079 -0.010492 0.050541
-0.048903 -0.003207 0.050551
-0.054738 -0.002573 0.049536
-0.055231 -0.003629 0.044876
-0.055559 -0.010958 0.045287
-0.050889 -0.004155 0.050552
-0.054539 -0.006347 0.050000
-0.055139 -0.009370 0.047781
-0.048159 -0.006115 0.050637
-0.046594 -0.008212 0.050627
-0.050883 -0.003509 0.050516
-0.046670 -0.013240 0.050550
-0.055438 -0.006514 0.046349
-0.050768 -0.010746 0.050507
-0.050798 -0.013791 0.050405
-0.048092 -0.009651 0.050640
-0.045554 -0.004448 0.050733
-0.055454 -0.007322 0.045783
-0.049011 -0.002877 0.050550
-0.055066 -0.003222 0.046363
-0.055576 -0.006505 0.046147
-0.052232 -0.010993 0.050463
-0.055179 -0.004124 0.040169
-0.055166 -0.004200 0.045436
-0.049566 -0.012844 0.050493
-0.055801 -0.006746 0.043348
-0.051859 -0.007637 0.050592
-0.048793 -0.011322 0.050600
-0.055179 -0.008593 0.048072
-0.049636 -0.011930 0.050565
-0.049487 -0.008436 0.050520
-0.055512 -0.011921 0.044667
-0.044104 -0.005398 0.050679
-0.055556 -0.011885 0.043275
-0.055026 -0.003016 0.046315
-0.049244 -0.007030 0.050523
-0.055252 -0.012037 0.047150
-0.049949 -0.012953 0.050457
-0.045622 -0.004761 0.050713
-0.051375 -0.012747 0.050561
-0.055547 -0.004098 0.042019
-0.051119 -0.012467 0.050537
-0.055322 -0.008357 0.038906
-0.052151 -0.010631 0.050589
-0.047078 -0.007185 0.050670
-0.044846 -0.004881 0.050693
-0.053457 -0.005401 0.050580
-0.045816 -0.003518 0.050699
-0.051432 -0.009777 0.050565
-0.055664 -0.007635 0.040034
-0.045954 -0.011460 0.050549
-0.055255 -0.004726 0.044987
-0.055122 -0.002852 0.045762
-0.045063 -0.004113 0.050695
-0.054900 -0.011577 0.049727
-0.046004 -0.006068 0.050628
-0.046234 -0.004152 0.050655
-0.048318 -0.012533 0.050522
-0.049704 -0.001477 0.050534
-0.052388 -0.005183 0.050609
-0.047384 -0.003989 0.050651
-0.055645 -0.003472 0.041980
-0.055201 -0.011012 0.049047
-0.055315 -0.006197 0.046487
-0.048792 -0.014013 0.050494
-0.055914 -0.010248 0.041988
-0.054092 -0.010115 0.050483
-0.054539 -0.010798 0.050154
-0.055373 -0.003897 0.043522
-0.054669 -0.007298 0.049830
-0.048146 -0.011762 0.050577
-0.047436 -0.013333 0.050548
-0.049039 -0.008890 0.050572
-0.048043 -0.001775 0.050552
-0.050805 -0.012473 0.050520
-0.054832 -0.003818 0.048474
-0.055190 -0.011263 0.048454
-0.055465 -0.009789 0.045712
-0.056020 -0.009644 0.042060
-0.052301 -0.006936 0.050626
-0.047826 -0.013826 0.050514
-0.054745 -0.012849 0.049652
-0.054244 -0.005489 0.050280
-0.047539 -0.008279 0.050645
-0.048753 -0.014319 0.050483
-0.055835 -0.007172 0.044588
-0.052026 -0.011260 0.050453
-0.054031 -0.009749 0.050437
-0.050565 -0.013571 0.050408
-0.052635 -0.011423 0.050523
-0.056324 -0.008746 0.041442
-0.047292 -0.011962 0.050571
-0.055587 -0.003878 0.042498
-0.051665 -0.011245 0.050447
-0.055339 -0.006270 0.044892
-0.050466 -0.005263 0.050588
-0.045579 -0.008614 0.050622
-0.049939 -0.005265 0.050465
-0.050849 -0.009046 0.050578
-0.053603 -0.003958 0.050523
-0.051185 -0.003607 0.050524
-0.048334 -0.001666 0.050551
-0.046142 -0.004346 0.036820
-0.054738 -0.011650 0.050007
-0.048864 -0.005975 0.050575
-0.055163 -0.011917 0.049114
-0.053754 -0.002824 0.050511
-0.052310 -0.012096 0.050491
-0.055293 -0.004762 0.044548
-0.048887 -0.002383 0.050550
-0.046901 -0.002926 0.050638
-0.055707 -0.010594 0.042839
-0.055195 -0.004135 0.045229
-0.055747 -0.009143 0.042377
-0.051571 -0.006068 0.050596
-0.055214 -0.007489 0.039196
-0.051684 -0.003142 0.050527
-0.055308 -0.004844 0.043810
-0.054593 -0.009916 0.050120
-0.047990 -0.012666 0.050531
-0.052102 -0.006595 0.050604
-0.044935 -0.009858 0.050658
-0.055613 -0.012150 0.044526
-0.055734 -0.006836 0.044591
-0.055719 -0.008715 0.044112
-0.046300 -0.011560 0.050554
-0.055069 -0.008155 0.048805
-0.055135 -0.012584 0.049160
-0.054312 -0.003758 0.039311
-0.049492 -0.005599 0.050480
-0.049404 -0.010265 0.050571
-0.048388 -0.009883 0.050611
-0.055868 -0.007215 0.044001
-0.054081 -0.004275 0.039069
-0.044638 -0.008705 0.050628
-0.044968 -0.005039 0.050677
-0.055501 -0.009699 0.043442
-0.053032 -0.009095 0.050610
-0.056192 -0.007860 0.040968
-0.045344 -0.007309 0.050657
-0.049991 -0.010980 0.050544
-0.046019 -0.010189 0.050576
-0.054960 -0.010903 0.049513
-0.054422 -0.008941 0.050156
-0.052874 -0.002867 0.050595
-0.051611 -0.007990 0.050580
-0.045687 -0.007749 0.050628
-0.047752 -0.005691 0.050668
-0.055855 -0.011267 0.042173
-0.055311 -0.012641 0.049011
-0.053184 -0.011174 0.050554
-0.055358 -0.012445 0.048758
-0.052936 -0.005118 0.050586
-0.055124 -0.011041 0.048113
-0.046294 -0.004987 0.050617
-0.055900 -0.010391 0.042250
-0.054851 -0.005632 0.049378
-0.052735 -0.002138 0.050542
-0.044900 -0.006830 0.050696
-0.055748 -0.005268 0.041764
-0.054622 -0.002868 0.049687
-0.050693 -0.004740 0.050563
-0.052502 -0.008331 0.050635
-0.055865 -0.006564 0.042086
-0.054048 -0.004278 0.050395
-0.045025 -0.004557 0.050686
-0.048670 -0.003807 0.050575
-0.055462 -0.010146 0.046261
-0.047025 -0.002240 0.050647
-0.053477 -0.004783 0.050591
-0.052858 -0.002295 0.050562
-0.047590 -0.003600 0.050629
-0.052813 -0.003768 0.050522
-0.053111 -0.013016 0.050571
-0.055692 -0.005620 0.042659
-0.055295 -0.006094 0.040242
-0.048449 -0.013075 0.050544
-0.055176 -0.007428 0.048774
-0.056166 -0.007884 0.041907
-0.054151 -0.012868 0.050440
-0.048209 -0.009773 0.050632
-0.052120 -0.005653 0.050592
-0.055454 -0.012497 0.046309
-0.055068 -0.005010 0.046530
-0.055691 -0.006011 0.043966
-0.055735 -0.009343 0.042190
-0.055036 -0.004103 0.046880
-0.055421 -0.005983 0.044310
-0.049227 -0.009649 0.050578
-0.048935 -0.001435 0.050555
-0.055122 -0.007467 0.047387
-0.051959 -0.012614 0.050477
-0.054807 -0.004023 0.049346
-0.052375 -0.002081 0.050585
-0.053170 -0.005383 0.050583
-0.044751 -0.008373 0.050656
-0.051514 -0.003801 0.050535
-0.047174 -0.004551 0.050629
-0.052579 -0.006077 0.050569
-0.052690 -0.006447 0.050596
-0.054319 -0.002834 0.050232
-0.055486 -0.005815 0.045353
-0.055028 -0.004302 0.047858
-0.056069 -0.007282 0.041831
-0.054923 -0.002818 0.047469
-0.053862 -0.004323 0.050495
-0.053855 -0.012505 0.050541
-0.052987 -0.010673 0.050554
-0.055045 -0.003479 0.047196
-0.055353 -0.005045 0.045271
-0.047657 -0.012523 0.050549
-0.055395 -0.007059 0.046821
-0.055256 -0.003911 0.044169
-0.054038 -0.011074 0.050366
-0.047554 -0.009306 0.050658
-0.048894 -0.009968 0.050593
-0.055560 -0.011502 0.043739
-0.048788 -0.013274 0.050510
-0.055900 -0.010894 0.042172
-0.055477 -0.012185 0.045422
-0.050240 -0.011036 0.050546
-0.050240 -0.006723 0.050526
-0.051520 -0.010054 0.050549
-0.054704 -0.005940 0.049780
-0.055611 -0.004737 0.042880
-0.045797 -0.008026 0.050664
-0.056010 -0.010748 0.041508
-0.055437 -0.004455 0.043479
-0.051496 -0.007232 0.050542
-0.052577 -0.004949 0.050580
-0.055190 -0.010191 0.047572
-0.046049 -0.007518 0.050671
-0.055810 -0.008937 0.040056
-0.045373 -0.006473 0.050652
-0.054760 -0.006111 0.049560
-0.052663 -0.013387 0.050470
-0.055299 -0.006077 0.044668
-0.048793 -0.013628 0.050501
-0.055072 -0.003999 0.045776
-0.051068 -0.006494 0.050584
-0.049572 -0.008095 0.050476
-0.052258 -0.011832 0.050477
-0.046874 -0.013050 0.050500
-0.051384 -0.002225 0.050563
-0.055768 -0.012136 0.043753
-0.054692 -0.006424 0.049817
-0.049227 -0.004727 0.050599
-0.054456 -0.004632 0.050095
-0.055656 -0.009462 0.043157
-0.055459 -0.005747 0.045694
-0.055912 -0.006522 0.044227
-0.048475 -0.008515 0.050621
-0.051812 -0.003560 0.050529
-0.055186 -0.003110 0.044705
-0.055712 -0.007193 0.045233
-0.050652 -0.001836 0.050552
-0.049515 -0.001997 0.050539
-0.054955 -0.004562 0.048922
-0.056040 -0.010750 0.041337
-0.054863 -0.011924 0.049821
-0.048121 -0.003621 0.050608
-0.045112 -0.005682 0.050689
-0.055540 -0.011503 0.046390
-0.052522 -0.004649 0.050574
-0.053390 -0.002173 0.050587
-0.055387 -0.005008 0.045780
-0.055721 -0.008472 0.042597
-0.053425 -0.002720 0.050590
-0.055525 -0.011533 0.044045
-0.055912 -0.006855 0.043877
-0.048671 -0.002987 0.050554
-0.054361 -0.007556 0.050230
-0.050994 -0.005777 0.050538
-0.051925 -0.004288 0.050465
-0.047641 -0.010820 0.050558
-0.050598 -0.007920 0.050569
-0.046249 -0.008199 0.050664
-0.047352 -0.005734 0.050704
-0.054372 -0.003212 0.050061
-0.054512 -0.003721 0.049863
-0.047803 -0.004703 0.050650
-0.048646 -0.009151 0.050632
-0.055202 -0.004717 0.045946
-0.055336 -0.003886 0.043738
-0.055382 -0.010947 0.043816
-0.048432 -0.011881 0.050533
-0.048319 -0.005221 0.050633
-0.055266 -0.004186 0.044048
-0.055506 -0.010397 0.045211
-0.052198 -0.007360 0.050616
-0.055203 -0.006905 0.047287
-0.055540 -0.011184 0.043140
-0.044607 -0.010526 0.050553
-0.055664 -0.008385 0.039694
-0.048414 -0.011073 0.050577
-0.055400 -0.004603 0.043554
-0.055542 -0.006226 0.044410
-0.049442 -0.014100 0.050427
-0.055050 -0.004504 0.047618
-0.050509 -0.006580 0.050549
-0.055351 -0.005378 0.046215
-0.054625 -0.005762 0.038741
-0.053809 -0.012199 0.050538
-0.055454 -0.007269 0.045559
-0.051323 -0.005110 0.050539
-0.054719 -0.010971 0.049946
-0.055385 -0.007216 0.046322
-0.049353 -0.011471 0.050569
-0.053720 -0.010865 0.050521
-0.045791 -0.005110 0.050655
-0.053676 -0.009060 0.050551
-0.049444 -0.013175 0.050466
-0.055539 -0.011700 0.045449
-0.047215 -0.013481 0.050520
-0.055553 -0.006678 0.045152
-0.047986 -0.010379 0.050568
-0.046770 -0.007031 0.050669
-0.048314 -0.002128 0.050572
-0.055500 -0.010009 0.043356
-0.052581 -0.011818 0.050522
-0.049685 -0.008622 0.050514
-0.056218 -0.009603 0.041754
-0.055619 -0.011366 0.045268
-0.050376 -0.004104 0.050464
-0.054497 -0.004298 0.050009
-0.051991 -0.010944 0.050523
-0.055164 -0.006302 0.046574
-0.047777 -0.007229 0.050656
-0.045448 -0.011096 0.050537
-0.054977 -0.002698 0.047072
-0.055030 -0.005887 0.039675
-0.053121 -0.009796 0.050580
-0.055906 -0.010648 0.042229
-0.054794 -0.006520 0.049544
-0.052894 -0.008794 0.050650
-0.055624 -0.003633 0.042196
-0.044174 -0.004941 0.050666
-0.054954 -0.008623 0.049390
-0.055571 -0.011252 0.046207
-0.044878 -0.007188 0.050736
-0.053366 -0.004153 0.050584
-0.049530 -0.009480 0.050538
-0.055281 -0.012596 0.048147
-0.055846 -0.011146 0.040753
-0.048399 -0.013420 0.050510
-0.053315 -0.006137 0.050538
-0.053029 -0.007245 0.050555
-0.055350 -0.007604 0.046411
-0.046848 -0.010590 0.050537
-0.055535 -0.012008 0.045950
-0.046832 -0.006646 0.050679
-0.051006 -0.013459 0.050489
-0.051163 -0.009079 0.050577
-0.048356 -0.007789 0.050614
-0.048370 -0.009924 0.037664
-0.049243 -0.004435 0.050599
-0.055867 -0.010372 0.041925
-0.056060 -0.010611 0.041217
-0.054897 -0.005930 0.049173
-0.055741 -0.007523 0.044074
-0.052146 -0.008707 0.050612
-0.046672 -0.003283 0.050636
-0.055900 -0.008247 0.044497
-0.056001 -0.007779 0.042201
-0.055120 -0.007109 0.047969
-0.046557 -0.007882 0.050642
-0.055271 -0.012828 0.048805
-0.043995 -0.007788 0.050670
-0.050708 -0.012325 0.050458
-0.054598 -0.009486 0.050063
-0.049160 -0.002075 0.050528
-0.054567 -0.007670 0.049565
-0.049754 -0.009759 0.050522
-0.054777 -0.008669 0.049802
-0.055061 -0.003555 0.046637
-0.053466 -0.007379 0.038615
-0.050436 -0.012609 0.050502
-0.050479 -0.010288 0.050551
-0.048363 -0.014277 0.050480
-0.055453 -0.011895 0.044445
-0.049681 -0.010181 0.050555
-0.052409 -0.006418 0.050584
-0.055509 -0.009132 0.045415
-0.044486 -0.006761 0.050703
-0.050076 -0.010287 0.050523
-0.055009 -0.009268 0.049502
-0.055216 -0.003312 0.045006
-0.055488 -0.005238 0.043774
-0.047628 -0.002076 0.050598
-0.055671 -0.008698 0.043071
-0.045130 -0.007082 0.050698
-0.047398 -0.002708 0.050631
-0.055535 -0.010993 0.046007
-0.052310 -0.004821 0.050604
-0.045642 -0.006423 0.050624
-0.046667 -0.010818 0.050534
-0.055356 -0.005117 0.040566
-0.045568 -0.003674 0.050704
-0.055057 -0.006600 0.048714
-0.055018 -0.004665 0.047310
-0.055285 -0.012358 0.046653
-0.055715 -0.007578 0.044327
-0.055625 -0.006742 0.040763
-0.047042 -0.005058 0.050633
-0.055328 -0.007917 0.046386
-0.054757 -0.004948 0.039124
-0.046955 -0.011596 0.050538
-0.055970 -0.009108 0.040626
-0.048055 -0.009045 0.050636
-0.052510 -0.009526 0.050593
-0.054879 -0.005162 0.049191
-0.055442 -0.008798 0.045988
-0.051150 -0.012137 0.050495
-0.054286 -0.012023 0.050313
-0.054980 -0.002724 0.046467
-0.047290 -0.011073 0.050558
-0.052952 -0.006522 0.050573
-0.055966 -0.009399 0.042040
-0.055939 -0.010682 0.040849
-0.055509 -0.011916 0.045482
-0.052952 -0.011982 0.050536
-0.051264 -0.008252 0.050592
-0.055777 -0.010350 0.042692
-0.055026 -0.004202 0.047305
-0.055631 -0.011037 0.045015
-0.054874 -0.002994 0.047954
-0.055436 -0.008434 0.046069
-0.053826 -0.011112 0.050491
-0.054501 -0.002714 0.049682
-0.045237 -0.011269 0.050545
-0.054971 -0.003167 0.048595
-0.055399 -0.006627 0.040215
-0.053280 -0.012107 0.050567
-0.055205 -0.008210 0.048100
-0.055110 -0.007910 0.038799
-0.055231 -0.005318 0.046419
-0.055234 -0.011369 0.048809
-0.047759 -0.004052 0.050658
-0.051455 -0.002558 0.050580
-0.055657 -0.008921 0.044244
-0.054245 -0.003926 0.050221
-0.050548 -0.012058 0.050492
-0.055779 -0.007162 0.044920
-0.054953 -0.002813 0.048965
-0.045151 -0.009011 0.050561
-0.054510 -0.007879 0.050097
-0.055300 -0.008413 0.046829
-0.053775 -0.006028 0.050448
-0.055287 -0.012650 0.048555
-0.051920 -0.006187 0.050558
-0.052764 -0.007839 0.050571
-0.054583 -0.006555 0.049946
-0.053123 -0.006033 0.050554
-0.055327 -0.012247 0.048080
-0.054527 -0.011247 0.050169
-0.054480 -0.008682 0.050156
-0.044209 -0.009018 0.050623
-0.049522 -0.006803 0.050484
-0.054879 -0.003560 0.049130
-0.055173 -0.007076 0.048963
-0.055225 -0.010688 0.047918
-0.049693 -0.007499 0.050495
-0.055151 -0.011060 0.047730
-0.047837 -0.006026 0.050661
-0.045495 -0.006022 0.050679
-0.055345 -0.008934 0.039114
-0.051797 -0.007266 0.050608
-0.055663 -0.007687 0.044146
-0.054234 -0.004511 0.050311
-0.055657 -0.008727 0.043462
-0.055865 -0.011231 0.041588
-0.054814 -0.004661 0.049347
-0.056294 -0.008346 0.041756
-0.055239 -0.008992 0.047462
-0.055735 -0.005987 0.042733
-0.047537 -0.004561 0.050635
-0.055747 -0.007075 0.040512
-0.047946 -0.013340 0.050552
-0.052002 -0.003315 0.050527
-0.050599 -0.003970 0.050519
-0.055233 -0.005970 0.046535
-0.048008 -0.009955 0.050613
-0.055890 -0.005741 0.042068
-0.049555 -0.004827 0.050546
-0.053172 -0.010072 0.050563
-0.055555 -0.005681 0.041252
-0.055261 -0.008897 0.047300
-0.053969 -0.007538 0.050368
-0.049499 -0.010566 0.050566
-0.047772 -0.012901 0.050502
-0.055148 -0.010635 0.039632
-0.055290 -0.003411 0.044053
-0.047910 -0.011975 0.050583
-0.055241 -0.009603 0.048175
-0.050157 -0.009657 0.050491
-0.049243 -0.004237 0.050550
-0.051580 -0.012410 0.050450
-0.056152 -0.007588 0.040963
-0.047157 -0.013284 0.050522
-0.055716 -0.007146 0.042838
-0.047976 -0.006844 0.050618
-0.051793 -0.010645 0.050565
-0.048190 -0.004289 0.050595
-0.054702 -0.009347 0.049902
-0.055719 -0.009752 0.042738
-0.046087 -0.005051 0.050659
-0.055955 -0.011000 0.041066
-0.055265 -0.004430 0.044224
-0.055226 -0.010915 0.048718
-0.050153 -0.010730 0.050555
-0.049909 -0.009612 0.050493
-0.055829 -0.007228 0.044757
-0.055377 -0.007385 0.046642
-0.054902 -0.005540 0.046843
-0.055306 -0.009957 0.044081
-0.052258 -0.013357 0.050471
-0.054813 -0.004926 0.049172
-0.050401 -0.009997 0.050508
-0.051281 -0.007939 0.050613
-0.055209 -0.010610 0.049098
-0.054965 -0.005410 0.048199
-0.045350 -0.004678 0.050721
-0.054152 -0.005955 0.038644
-0.055169 -0.009120 0.048050
-0.055100 -0.011214 0.047882
-0.055903 -0.006777 0.044192
-0.048342 -0.004947 0.050606
-0.054447 -0.005657 0.050096
-0.054907 -0.012044 0.049305
-0.044605 -0.010762 0.050563
-0.055817 -0.007723 0.045292
-0.047631 -0.004187 0.050649
-0.050874 -0.005437 0.050536
-0.053261 -0.008089 0.050567
-0.052403 -0.005634 0.050547
-0.044672 -0.011630 0.050533
-0.046579 -0.002871 0.050661
-0.044435 -0.008784 0.050635
-0.055497 -0.005737 0.044192
-0.046663 -0.009879 0.050580
-0.053020 -0.009433 0.038811
-0.055508 -0.008848 0.043767
-0.055344 -0.010174 0.043633
-0.054966 -0.006320 0.047034
-0.055666 -0.006930 0.044952
-0.045679 -0.005385 0.050673
-0.048653 -0.004739 0.050598
-0.046692 -0.010228 0.050559
-0.045232 -0.007539 0.050688
-0.047521 -0.002918 0.050601
-0.055636 -0.005710 0.043058
-0.053823 -0.006501 0.050510
-0.045516 -0.011891 0.050552
-0.049077 -0.013129 0.050487
-0.048841 -0.003477 0.050550
-0.047151 -0.011686 0.050545
-0.054256 -0.011379 0.050296
-0.055483 -0.011256 0.043880
-0.055043 -0.003462 0.046131
-0.052688 -0.009015 0.050634
-0.055512 -0.005453 0.043774
-0.049724 -0.012498 0.050536
-0.048073 -0.004814 0.050632
-0.055318 -0.009499 0.046215
-0.048572 -0.010109 0.050594
-0.053584 -0.002462 0.050582
-0.052967 -0.006312 0.050574
-0.046947 -0.008180 0.050633
-0.055026 -0.004628 0.046471
-0.055478 -0.009808 0.045191
-0.050371 -0.002473 0.050532
-0.046902 -0.011158 0.050556
-0.049380 -0.011965 0.038114
-0.054130 -0.006989 0.050308
-0.049808 -0.006662 0.050463
-0.055097 -0.008349 0.048449
-0.055041 -0.004201 0.047634
-0.055707 -0.009358 0.043046
-0.055346 -0.009619 0.043912
-0.055422 -0.006460 0.044593
-0.052807 -0.010408 0.050570
-0.055849 -0.010277 0.042487
-0.055351 -0.010742 0.043558
-0.053299 -0.005713 0.050567
-0.053980 -0.008695 0.050489
-0.047822 -0.003231 0.050587
-0.050102 -0.013202 0.050462
-0.055505 -0.003786 0.041761
-0.054214 -0.003219 0.050307
-0.047086 -0.004021 0.050643
-0.055365 -0.005475 0.045160
-0.055642 -0.007116 0.045476
-0.054182 -0.006618 0.038578
-0.048939 -0.006951 0.050533
-0.045682 -0.010050 0.050580
-0.043702 -0.005934 0.050647
-0.046141 -0.008414 0.050675
-0.054905 -0.006080 0.048360
-0.055490 -0.005091 0.043618
-0.048650 -0.011223 0.050613
-0.044654 -0.006333 0.050689
-0.054995 -0.005809 0.046733
-0.055736 -0.006845 0.042783
-0.054986 -0.006281 0.047824
-0.050171 -0.002691 0.050512
-0.055768 -0.011483 0.042304
-0.055482 -0.011664 0.043467
-0.052549 -0.002329 0.050570
-0.055682 -0.009739 0.043094
-0.056094 -0.009620 0.041954
-0.046053 -0.009225 0.050591
-0.055489 -0.004198 0.043155
-0.056270 -0.009248 0.041707
-0.055220 -0.009582 0.046435
-0.055313 -0.008701 0.046498
-0.046674 -0.008885 0.050595
-0.055722 -0.004916 0.041450
-0.048390 -0.004030 0.050573
-0.055215 -0.009616 0.047290
-0.055040 -0.007166 0.049303
-0.051690 -0.010259 0.050586
-0.052770 -0.003081 0.050584
-0.049638 -0.005849 0.050491
-0.054915 -0.002387 0.049061
-0.053671 -0.008789 0.050568
-0.044380 -0.005599 0.050704
-0.055022 -0.004926 0.047608
-0.056151 -0.008818 0.041910
-0.054886 -0.007348 0.038745
-0.055128 -0.004396 0.045801
-0.054969 -0.003727 0.048356
-0.051687 -0.002786 0.050564
-0.046268 -0.011191 0.050532
-0.052826 -0.004787 0.050564
-0.046998 -0.008847 0.050635
-0.047854 -0.012327 0.050558
-0.055154 -0.011458 0.047038
-0.053552 -0.012209 0.050550
-0.055528 -0.009440 0.044778
-0.046776 -0.005792 0.050681
-0.056057 -0.009712 0.040936
-0.054924 -0.002611 0.049209
-0.054664 -0.007103 0.049841
-0.050339 -0.006952 0.050511
-0.054377 -0.007980 0.050324
-0.055518 -0.010638 0.046388
-0.055795 -0.008089 0.045461
-0.050348 -0.012931 0.050464
-0.050419 -0.011163 0.050514
-0.055316 -0.010025 0.048071
-0.055196 -0.008818 0.048002
-0.055233 -0.009921 0.048881
-0.055141 -0.011361 0.049123
-0.054113 -0.013186 0.050375
-0.044673 -0.007005 0.050740
-0.055743 -0.004470 0.042079
-0.055966 -0.010245 0.040788
-0.051749 -0.006432 0.050604
-0.048617 -0.002338 0.050570
-0.054999 -0.007548 0.049338
-0.046930 -0.007615 0.050646
-0.055099 -0.003842 0.045444
-0.051710 -0.012654 0.050496
-0.049850 -0.003174 0.050547
-0.047406 -0.013703 0.050545
-0.052167 -0.012722 0.050496
-0.048619 -0.005480 0.050617
-0.055304 -0.012025 0.046693
-0.047292 -0.012416 0.050564
-0.047817 -0.008289 0.050648
-0.053714 -0.008537 0.050552
-0.055133 -0.008801 0.048402
-0.055033 -0.004292 0.046568
-0.055352 -0.010561 0.043737
-0.052858 -0.002444 0.050593
-0.055462 -0.010096 0.046448
-0.055580 -0.005759 0.043364
-0.053444 -0.006799 0.050563
-0.043866 -0.005130 0.050626
-0.054992 -0.005217 0.047742
-0.045578 -0.012137 0.050557
-0.053777 -0.011885 0.050514
-0.055387 -0.003427 0.043686
-0.055193 -0.009644 0.048354
-0.051680 -0.002146 0.050603
-0.045492 -0.006708 0.050662
-0.052124 -0.003725 0.050479
-0.051964 -0.011895 0.050407
-0.050216 -0.008020 0.050471
-0.050737 -0.005854 0.050564
-0.054836 -0.008544 0.038799
-0.051869 -0.006744 0.050602
-0.047760 -0.004905 0.050671
-0.050976 -0.011812 0.050486
-0.055633 -0.011963 0.045058
-0.047325 -0.009781 0.050610
-0.055059 -0.003523 0.045820
-0.052127 -0.005994 0.050561
-0.049899 -0.002905 0.050538
-0.055843 -0.008961 0.042100
-0.054329 -0.004714 0.050284
-0.055487 -0.003907 0.042958
-0.052899 -0.011520 0.050510
-0.050451 -0.009158 0.050584
-0.053395 -0.008464 0.050582
-0.051095 -0.010737 0.050458
-0.055794 -0.004495 0.042251
-0.046783 -0.004569 0.050639
-0.050894 -0.011475 0.050488
-0.054833 -0.003884 0.039670
-0.044691 -0.009169 0.050526
-0.055149 -0.007823 0.048997
-0.047288 -0.005279 0.050691
-0.049084 -0.014144 0.050481
-0.049261 -0.009262 0.050566
-0.055293 -0.004154 0.043914
-0.054947 -0.006797 0.047754
-0.049683 -0.011246 0.050565
-0.044965 -0.006575 0.050673
-0.054857 -0.003997 0.048686
-0.045242 -0.006022 0.050691
-0.055684 -0.010359 0.042898
-0.051157 -0.003891 0.050539
-0.054196 -0.008162 0.050426
-0.054907 -0.003196 0.048211
-0.051231 -0.005989 0.050569
-0.054748 -0.012185 0.049910
-0.054802 -0.002802 0.048128
-0.046341 -0.003243 0.050655
-0.054792 -0.005306 0.049490
-0.047629 -0.011373 0.050529
-0.053154 -0.004812 0.050598
-0.050121 -0.012253 0.050520
-0.047016 -0.012226 0.050567
-0.054153 -0.009102 0.050336
-0.055170 -0.007137 0.049122
-0.052876 -0.006885 0.050567
-0.053028 -0.007966 0.050544
-0.050166 -0.003007 0.050574
-0.054018 -0.011812 0.050439
-0.055724 -0.005844 0.041636
-0.054904 -0.002551 0.048238
-0.055836 -0.011056 0.042347
-0.054341 -0.012526 0.050294
-0.052296 -0.004458 0.050547
-0.055300 -0.010373 0.043901
-0.055486 -0.010902 0.044482
-0.052147 -0.004158 0.050471
-0.056227 -0.007655 0.041280
-0.054819 -0.006206 0.046869
-0.052374 -0.004112 0.050512
-0.048118 -0.004616 0.050611
-0.049137 -0.004057 0.050540
-0.052717 -0.009418 0.050595
-0.047622 -0.005794 0.050684
-0.047246 -0.003400 0.050624
-0.054989 -0.004425 0.048641
-0.050699 -0.010040 0.050563
-0.055255 -0.010678 0.047473
-0.054973 -0.002998 0.046522
-0.051472 -0.007621 0.050593
-0.053009 -0.004484 0.050596
-0.055871 -0.011237 0.042003
-0.055500 -0.009190 0.045637
-0.048054 -0.003070 0.050549
-0.046573 -0.004274 0.050668
-0.055468 -0.010821 0.046689
-0.046142 -0.004688 0.050655
-0.052514 -0.010322 0.050596
-0.047557 -0.005021 0.050671
-0.055858 -0.009775 0.040378
-0.048499 -0.010339 0.050574
-0.054958 -0.007145 0.038923
-0.045765 -0.004499 0.050716
-0.055397 -0.009819 0.046065
-0.050798 -0.007429 0.050586
-0.048140 -0.005842 0.050646
-0.051753 -0.012408 0.050404
-0.054912 -0.008962 0.049670
-0.055516 -0.009482 0.045155
-0.053779 -0.009380 0.050471
-0.050199 -0.011680 0.050547
-0.051786 -0.005459 0.050552
-0.049869 -0.007660 0.050428
-0.044874 -0.010586 0.050572
-0.048613 -0.007679 0.050586
-0.054786 -0.010939 0.049666
-0.047914 -0.005015 0.050645
-0.055331 -0.006799 0.046827
-0.045918 -0.003919 0.050700
-0.051837 -0.009342 0.050546
-0.044594 -0.009684 0.050665
-0.046482 -0.009462 0.050584
-0.055862 -0.005859 0.041929
-0.055979 -0.008717 0.040522
-0.055521 -0.005836 0.045594
-0.052363 -0.009036 0.050616
-0.055282 -0.011686 0.046821
-0.049761 -0.009386 0.050505
-0.048972 -0.006615 0.050540
-0.055524 -0.008340 0.045886
-0.049722 -0.006924 0.050480
-0.044054 -0.008446 0.050637
-0.055147 -0.008278 0.047153
-0.053423 -0.003685 0.050506
-0.055464 -0.010141 0.045618
-0.054754 -0.010538 0.049952
-0.045404 -0.005100 0.050684
-0.047074 -0.006456 0.050686
-0.054815 -0.003658 0.048701
-0.055329 -0.005907 0.044488
-0.055631 -0.011899 0.042954
-0.055422 -0.008083 0.039157
-0.049593 -0.007138 0.050512
-0.048411 -0.007445 0.050606
-0.054417 -0.003096 0.049859
-0.055268 -0.005190 0.045016
-0.045647 -0.007061 0.050666
-0.055515 -0.005454 0.043480
-0.048173 -0.010152 0.050595
-0.055422 -0.011272 0.044404
-0.050685 -0.009348 0.050566
-0.054555 -0.012438 0.050052
-0.055687 -0.007882 0.045541
-0.047360 -0.008146 0.050649
-0.050388 -0.009474 0.050546
-0.053821 -0.009993 0.050554
-0.055204 -0.007699 0.048550
-0.055692 -0.004513 0.041462
-0.047812 -0.004338 0.050621
-0.049066 -0.010404 0.050564
-0.048017 -0.005293 0.050633
-0.047749 -0.006449 0.050661
-0.055685 -0.006027 0.043189
-0.055723 -0.009498 0.042581
-0.054924 -0.005669 0.048943
-0.047230 -0.004919 0.050647
-0.055503 -0.010695 0.045214
-0.048179 -0.006669 0.050612
-0.051761 -0.011003 0.050494
-0.053469 -0.003071 0.050547
-0.055523 -0.009067 0.044747
-0.049829 -0.005611 0.050442
-0.054925 -0.006347 0.048063
-0.053094 -0.011678 0.050502
-0.055230 -0.010330 0.047574
-0.044057 -0.008112 0.050679
-0.054944 -0.006072 0.047757
-0.047690 -0.001658 0.050590
-0.055243 -0.003866 0.044693
-0.048765 -0.009777 0.050602
-0.054957 -0.005168 0.046871
-0.052681 -0.004069 0.050541
-0.055795 -0.008326 0.040062
-0.055624 -0.007517 0.043283
-0.055093 -0.006608 0.047373
-0.055631 -0.004587 0.041158
-0.054322 -0.004896 0.050275
-0.050913 -0.008395 0.050577
-0.053930 -0.009175 0.050443
-0.045723 -0.006058 0.050642
-0.055013 -0.008400 0.048654
-0.049914 -0.011767 0.050571
-0.055255 -0.007890 0.046818
-0.047817 -0.009242 0.050630
-0.050649 -0.006352 0.050565
-0.054867 -0.009403 0.049737
-0.055331 -0.004793 0.044052
-0.055306 -0.005171 0.044474
-0.047591 -0.006595 0.050679
-0.055509 -0.005392 0.040956
-0.055264 -0.006524 0.046603
-0.050450 -0.007321 0.050544
-0.055978 -0.007025 0.041371
-0.049278 -0.005452 0.050539
-0.052312 -0.013007 0.050482
-0.055453 -0.006391 0.040592
-0.055047 -0.005449 0.046649
-0.051705 -0.011744 0.050389
-0.051488 -0.008740 0.050575
-0.055004 -0.008448 0.048540
-0.046300 -0.009949 0.050557
-0.055094 -0.006930 0.048694
-0.055574 -0.010734 0.045094
-0.047803 -0.005405 0.050646
-0.055640 -0.007487 0.044141
-0.055223 -0.009724 0.047848
-0.055373 -0.009157 0.046126
-0.054944 -0.004820 0.048949
-0.049438 -0.007776 0.050525
-0.046494 -0.011830 0.050552
-0.052462 -0.012465 0.050530
-0.054936 -0.004811 0.039390
-0.055413 -0.012427 0.045691
-0.055794 -0.011689 0.041852
-0.056048 -0.009930 0.041848
-0.055967 -0.008037 0.042286
-0.048762 -0.008250 0.050608
-0.048125 -0.003354 0.050565
-0.052455 -0.006703 0.050618
-0.055605 -0.012111 0.045270
-0.054982 -0.003314 0.047470
-0.046851 -0.004869 0.050655
-0.052235 -0.010068 0.050628
-0.053926 -0.003070 0.050429
-0.048028 -0.002487 0.050575
-0.054848 -0.004501 0.039313
-0.050683 -0.005092 0.050567
-0.054594 -0.003608 0.049688
-0.052819 -0.002662 0.050610
-0.051803 -0.012122 0.050376
-0.055289 -0.010052 0.048517
-0.050859 -0.002590 0.050573
-0.048215 -0.001240 0.050562
-0.049308 -0.007416 0.050526
-0.055645 -0.008441 0.045554
-0.050949 -0.008089 0.050598
-0.055696 -0.006479 0.041411
-0.055962 -0.009335 0.040658
-0.053887 -0.007991 0.050478
-0.055046 -0.006418 0.048895
-0.050244 -0.012041 0.050522
-0.054936 -0.005560 0.047844
-0.054423 -0.005073 0.050119
-0.055361 -0.006409 0.046475
-0.048841 -0.010296 0.050576
-0.055216 -0.012555 0.047178
-0.055830 -0.008835 0.042338
-0.053729 -0.007798 0.050535
-0.053930 -0.006436 0.050456
-0.049118 -0.008092 0.050566
-0.055244 -0.004308 0.044703
-0.054434 -0.012263 0.050130
-0.051543 -0.005260 0.050559
-0.050832 -0.011130 0.050483
-0.055673 -0.008545 0.043351
-0.052064 -0.009311 0.050573
-0.052641 -0.012849 0.050539
-0.050798 -0.012089 0.050460
-0.055312 -0.008721 0.047027
-0.055538 -0.003349 0.042656
-0.050982 -0.003271 0.050516
-0.053945 -0.008388 0.050473
-0.047485 -0.007901 0.050645
-0.055272 -0.008538 0.047154
-0.055387 -0.004957 0.045576
-0.055033 -0.004638 0.039624
-0.052604 -0.013130 0.050504
-0.051058 -0.005908 0.050564
-0.049527 -0.010945 0.050554
-0.046372 -0.009135 0.050565
-0.055100 -0.003110 0.045937
-0.046297 -0.008011 0.050633
-0.051948 -0.002580 0.050567
-0.055822 -0.004690 0.042250
-0.053580 -0.012526 0.050573
-0.055179 -0.011429 0.047449
-0.047085 -0.012719 0.050500
-0.053692 -0.004588 0.050546
-0.050379 -0.010509 0.050549
-0.055465 -0.003786 0.041257
-0.048410 -0.003775 0.050585
-0.054080 -0.002270 0.050404
-0.045139 -0.007814 0.050689
-0.055800 -0.006400 0.044265
-0.055889 -0.006707 0.043661
-0.053730 -0.007068 0.050509
-0.050979 -0.001875 0.050547
-0.044605 -0.009384 0.050605
-0.054492 -0.010289 0.050174
-0.055188 -0.009326 0.047133
-0.046841 -0.003929 0.050605
-0.053012 -0.012726 0.050569
-0.047676 -0.011692 0.050575
-0.047670 -0.008606 0.050623
-0.053114 -0.003161 0.050578
-0.055786 -0.007483 0.043684
-0.055561 -0.006215 0.046070
-0.045727 -0.004216 0.050723
-0.055375 -0.007329 0.046925
-0.054256 -0.008855 0.050322
-0.053041 -0.010871 0.050563
-0.044543 -0.010018 0.050676
-0.055372 -0.009827 0.043606
-0.045157 -0.009250 0.050538
-0.056146 -0.009023 0.041041
-0.055522 -0.011610 0.043214
-0.046364 -0.006591 0.050657
-0.055477 -0.007708 0.039606
-0.044373 -0.007103 0.050732
-0.055092 -0.007929 0.047230
-0.051428 -0.011814 0.050447
-0.055417 -0.010992 0.040001
-0.047754 -0.010190 0.050567
-0.044653 -0.008037 0.050693
-0.055458 -0.010546 0.045513
-0.055021 -0.004750 0.047938
-0.055166 -0.007840 0.048780
-0.045212 -0.011821 0.050538
-0.055121 -0.006728 0.048899
-0.045607 -0.011302 0.050529
-0.055771 -0.006724 0.041369
-0.054972 -0.003042 0.049191
-0.051037 -0.010465 0.050547
-0.055602 -0.006196 0.045573
-0.054620 -0.005705 0.049860
-0.054912 -0.005377 0.049018
-0.045622 -0.009806 0.050596
-0.053739 -0.002148 0.050547
-0.055602 -0.007988 0.043057
-0.047573 -0.011122 0.050559
-0.054662 -0.005451 0.049814
-0.054957 -0.005752 0.047330
-0.055683 -0.006085 0.043599
-0.055457 -0.005928 0.040809
-0.054826 -0.002981 0.049505
-0.055065 -0.008650 0.048719
-0.055478 -0.009961 0.045407
-0.052972 -0.003492 0.050545
-0.048459 -0.004234 0.050599
-0.048826 -0.010996 0.050592
-0.054892 -0.006906 0.048042
-0.056177 -0.008275 0.041947
-0.054432 -0.002837 0.049943
-0.055533 -0.005328 0.043293
-0.055136 -0.006278 0.039829
-0.052923 -0.005680 0.050562
-0.046925 -0.007418 0.050653
-0.052439 -0.010752 0.050522
-0.047686 -0.008941 0.050631
-0.055760 -0.010083 0.042608
-0.055209 -0.002960 0.045135
-0.052056 -0.002277 0.050608
-0.055526 -0.004959 0.043242
-0.055009 -0.003911 0.047857
-0.055420 -0.005127 0.043892
-0.056280 -0.008075 0.041216
-0.055110 -0.009137 0.047576
-0.048713 -0.001546 0.050533
-0.049524 -0.007498 0.050498
-0.045938 -0.006971 0.050656
-0.054493 -0.002339 0.049730
-0.054115 -0.003685 0.050341
-0.055993 -0.008425 0.042177
-0.055804 -0.007226 0.044304
-0.054607 -0.004765 0.049829
-0.046621 -0.007382 0.050645
-0.051059 -0.002436 0.050551
-0.055410 -0.010291 0.044463
-0.048825 -0.006295 0.050579
-0.055085 -0.005650 0.039793
-0.044652 -0.006559 0.050685
-0.046715 -0.003648 0.050608
-0.052901 -0.013422 0.050516
-0.050140 -0.008283 0.050509
-0.055527 -0.004510 0.043138
-0.054629 -0.011190 0.050054
-0.051551 -0.004610 0.050554
-0.050519 -0.008833 0.050587
-0.055701 -0.006057 0.043387
-0.051347 -0.001916 0.050596
-0.055634 -0.005285 0.041333
-0.045806 -0.007526 0.050661
-0.055473 -0.005770 0.045968
-0.055203 -0.004969 0.040027
-0.054994 -0.003033 0.048852
-0.055095 -0.010701 0.049353
-0.055441 -0.010381 0.046874
-0.048409 -0.008181 0.050633
-0.054735 -0.003585 0.049486
-0.054298 -0.006694 0.050185
-0.050596 -0.003589 0.050535
-0.055317 -0.012502 0.047770
-0.045985 -0.011087 0.050560
-0.052623 -0.002689 0.050600
-0.045972 -0.008969 0.050626
-0.045947 -0.009837 0.050593
-0.049962 -0.013858 0.050406
-0.049592 -0.005076 0.050477
-0.045759 -0.011607 0.050550
-0.045200 -0.006777 0.050666
-0.056108 -0.008199 0.040765
-0.049895 -0.004548 0.050527
-0.055807 -0.007606 0.043891
-0.053909 -0.013069 0.050509
-0.046480 -0.009694 0.050598
-0.054975 -0.004465 0.048059
-0.046092 -0.004288 0.050678
-0.055356 -0.012064 0.048689
-0.047038 -0.011914 0.050532
-0.055242 -0.007208 0.047140
-0.052001 -0.013487 0.050583
-0.055376 -0.009917 0.046172
-0.055767 -0.004916 0.042509
-0.043681 -0.005443 0.050649
-0.049900 -0.003505 0.050520
-0.055214 -0.005749 0.044707
-0.047259 -0.009050 0.050636
-0.053269 -0.006479 0.038612
-0.049119 -0.005164 0.050559
-0.055441 -0.011803 0.046457
-0.049388 -0.012609 0.050546
-0.055168 -0.005998 0.046595
-0.054618 -0.008595 0.049971
-0.049564 -0.003015 0.050542
-0.043802 -0.006559 0.050655
-0.055526 -0.011276 0.045417
-0.054414 -0.005305 0.038837
-0.055523 -0.006066 0.045800
-0.044387 -0.010388 0.050624
-0.044770 -0.006264 0.050689
-0.047130 -0.010331 0.050557
-0.051874 -0.009892 0.050594
-0.054899 -0.010647 0.049684
-0.055582 -0.006462 0.041036
-0.047897 -0.007967 0.050639
-0.047939 -0.010695 0.050571
-0.055470 -0.009835 0.044800
-0.052828 -0.012319 0.050552
-0.054741 -0.007459 0.049601
-0.054806 -0.005993 0.049359
-0.048351 -0.013869 0.050485
-0.050639 -0.013233 0.050483
-0.055223 -0.011729 0.047179
-0.054891 -0.005940 0.046982
-0.055181 -0.012325 0.046967
-0.054888 -0.011173 0.049649
-0.053951 -0.003440 0.050404
-0.046558 -0.012939 0.050552
-0.054968 -0.006312 0.049133
-0.048967 -0.005682 0.050583
-0.050083 -0.009327 0.050536
-0.055012 -0.003896 0.045976
-0.044975 -0.005209 0.050699
-0.054991 -0.005376 0.047539
-0.055199 -0.010292 0.049154
-0.055009 -0.005040 0.048711
-0.054304 -0.011035 0.050278
-0.050870 -0.013093 0.050552
-0.055692 -0.007058 0.043158
-0.047728 -0.009935 0.050626
-0.055644 -0.011873 0.043601
-0.050576 -0.006105 0.050558
-0.055110 -0.007625 0.047135
-0.051853 -0.013710 0.050625
-0.045649 -0.011020 0.050549
-0.055509 -0.005221 0.043466
-0.047636 -0.003464 0.050620
-0.051515 -0.003495 0.050539
-0.049925 -0.005959 0.050502
-0.053977 -0.007108 0.050415
-0.051113 -0.002709 0.050579
-0.054375 -0.009703 0.050243
-0.049547 -0.006411 0.050496
-0.054482 -0.003421 0.049840
-0.055342 -0.010318 0.044201
-0.043080 -0.003553 0.035975
-0.055467 -0.010382 0.043353
-0.054983 -0.005127 0.047902
-0.056217 -0.007585 0.041565
-0.047617 -0.003886 0.050648
-0.055238 -0.007687 0.047002
-0.048058 -0.012860 0.050528
-0.050461 -0.011743 0.050520
-0.055335 -0.012306 0.048968
-0.056130 -0.008100 0.042016
-0.050448 -0.002813 0.050586
-0.055044 -0.011625 0.039842
-0.046583 -0.012561 0.050545
-0.050336 -0.004854 0.050549
-0.045281 -0.009558 0.050592
-0.049908 -0.004944 0.050474
-0.054849 -0.004194 0.039493
-0.050307 -0.010262 0.050519
-0.055621 -0.003676 0.042400
-0.055676 -0.010527 0.042923
-0.052990 -0.004140 0.050578
-0.048055 -0.008194 0.050668
-0.055818 -0.011567 0.041236
-0.055479 -0.003305 0.043492
-0.056211 -0.009740 0.041440
-0.055004 -0.006135 0.047365
-0.048988 -0.007619 0.050540
-0.049927 -0.006372 0.050490
-0.055385 -0.009419 0.044192
-0.054355 -0.013059 0.050211
-0.051658 -0.009659 0.050559
-0.053755 -0.003198 0.050476
-0.055214 -0.009186 0.046394
-0.055426 -0.005380 0.044325
-0.055228 -0.003508 0.044658
-0.050610 -0.007601 0.050587
-0.045324 -0.004135 0.050704
-0.051894 -0.003962 0.050486
-0.054499 -0.005371 0.050050
-0.053466 -0.006067 0.050509
-0.049266 -0.011209 0.050578
-0.055038 -0.009552 0.049316
-0.051753 -0.013394 0.050608
-0.045680 -0.008999 0.050606
-0.055959 -0.007478 0.042152
-0.047351 -0.011719 0.050532
-0.055234 -0.007892 0.047907
-0.054643 -0.004202 0.039252
-0.050273 -0.013665 0.050390
-0.055549 -0.004963 0.040949
-0.046402 -0.012449 0.050554
-0.043970 -0.007567 0.050687
-0.054526 -0.012032 0.050108
-0.055884 -0.008166 0.044280
-0.053668 -0.009628 0.050551
-0.044683 -0.011321 0.050534
-0.053193 -0.009347 0.050595
-0.047541 -0.010025 0.050622
-0.044961 -0.008203 0.050644
-0.055835 -0.008366 0.042491
-0.050290 -0.001829 0.050577
-0.054974 -0.003690 0.048192
-0.047709 -0.002363 0.050586
-0.055333 -0.010635 0.047076
-0.052151 -0.006358 0.050526
-0.055649 -0.011704 0.042848
-0.047996 -0.007047 0.050632
-0.055359 -0.010186 0.046945
-0.054927 -0.002729 0.046717
-0.055883 -0.011335 0.041119
-0.055372 -0.003748 0.040783
-0.055341 -0.004754 0.044303
-0.055352 -0.010994 0.043577
-0.055799 -0.008239 0.045265
-0.052518 -0.011086 0.050495
-0.046111 -0.008708 0.050626
-0.044732 -0.008933 0.050547
-0.055696 -0.011853 0.043944
-0.050993 -0.007732 0.050601
-0.051396 -0.012441 0.050491
-0.055862 -0.007811 0.044613
-0.046713 -0.012965 0.050526
-0.055436 -0.011199 0.043467
-0.051157 -0.009432 0.050563
-0.054766 -0.006768 0.038801
-0.054968 -0.003991 0.047260
-0.055236 -0.007340 0.048192
-0.055335 -0.009953 0.048305
-0.046575 -0.006833 0.050674
-0.055410 -0.005727 0.046228
-0.044231 -0.006273 0.050675
-0.053937 -0.011477 0.050439
-0.046619 -0.006096 0.050651
-0.055738 -0.009700 0.042304
-0.052762 -0.007480 0.050521
-0.044611 -0.005755 0.050710
-0.047475 -0.007204 0.050664
-0.055784 -0.004631 0.042457
-0.051080 -0.002134 0.050551
-0.052036 -0.002029 0.050608
-0.047377 -0.002429 0.050620
-0.055714 -0.006854 0.042990
-0.046456 -0.010730 0.050531
-0.055736 -0.007470 0.042751
-0.054308 -0.006329 0.050190
-0.055126 -0.003498 0.045367
-0.055464 -0.005466 0.045559
-0.051245 -0.011596 0.050459
-0.054448 -0.005983 0.050093
-0.052591 -0.008608 0.050649
-0.055131 -0.009713 0.049179
-0.054663 -0.013029 0.049833
-0.051374 -0.010383 0.050529
-0.055166 -0.007482 0.049127
-0.052640 -0.008179 0.050621
-0.055463 -0.009396 0.045732
-0.055260 -0.004569 0.045543
-0.053440 -0.009251 0.050582
-0.046516 -0.005703 0.050646
-0.055604 -0.008193 0.045707
-0.054866 -0.012732 0.049449
-0.055458 -0.007358 0.045631
-0.054990 -0.005065 0.047248
-0.054725 -0.010153 0.049928
-0.054942 -0.003250 0.047780
-0.045887 -0.009503 0.050574
-0.055582 -0.011251 0.044782
-0.048308 -0.002913 0.050554
-0.055310 -0.006760 0.046378
-0.056243 -0.008486 0.041111
-0.055601 -0.006583 0.045848
-0.055452 -0.004299 0.043383
-0.055572 -0.011743 0.046322
-0.055149 -0.009657 0.046945
-0.055793 -0.007903 0.044031
-0.046718 -0.012320 0.050558
-0.048089 -0.013055 0.050547
-0.044425 -0.007869 0.050697
-0.055526 -0.007087 0.045636
-0.055283 -0.009875 0.046738
-0.046371 -0.012192 0.050562
-0.054978 -0.006382 0.039440
-0.050033 -0.013492 0.050434
-0.044710 -0.010264 0.050628
-0.054661 -0.008308 0.049905
-0.053649 -0.011577 0.050527
-0.055474 -0.007988 0.046001
-0.056001 -0.010247 0.041799
-0.051147 -0.008692 0.050555
-0.055195 -0.007639 0.047656
-0.046958 -0.002467 0.050668
-0.055790 -0.008625 0.044469
-0.048994 -0.004552 0.050609
-0.047146 -0.008395 0.050639
-0.055085 -0.002785 0.046265
-0.046309 -0.005372 0.050658
-0.055522 -0.008552 0.045792
-0.055901 -0.008036 0.044590
-0.054745 -0.006760 0.049751
-0.050010 -0.007307 0.050504
-0.045398 -0.009792 0.050567
-0.049342 -0.012022 0.050558
-0.054940 -0.003912 0.048403
-0.055189 -0.003775 0.040280
-0.044931 -0.009127 0.050572
-0.055027 -0.003720 0.046248
-0.054176 -0.010403 0.050408
-0.048660 -0.002729 0.050560
-0.055108 -0.009521 0.049086
-0.052123 -0.004970 0.050610
-0.055042 -0.004246 0.046168
-0.055968 -0.007033 0.041971
-0.049349 -0.008743 0.050542
-0.049806 -0.010555 0.050557
-0.055298 -0.010964 0.046971
-0.053934 -0.010762 0.050472
-0.055668 -0.011365 0.040426
-0.049821 -0.001908 0.050514
-0.048639 -0.005266 0.050568
-0.045828 -0.008739 0.050643
-0.055443 -0.005453 0.043955
-0.050040 -0.006591 0.050503
-0.049227 -0.010854 0.050569
-0.054947 -0.005483 0.047174
-0.054847 -0.006259 0.049327
-0.046772 -0.012044 0.050537
-0.055304 -0.008032 0.046667
-0.056368 -0.008567 0.041635
-0.054824 -0.008338 0.049548
-0.055492 -0.009788 0.039577
-0.044855 -0.004232 0.050670
-0.055815 -0.007498 0.044949
-0.047319 -0.011432 0.050547
-0.046170 -0.010766 0.050568
-0.054803 -0.010102 0.049732
-0.048784 -0.007560 0.050575
-0.055523 -0.008708 0.045282
-0.049506 -0.004532 0.050584
-0.055809 -0.012140 0.043982
-0.044695 -0.004615 0.050676
-0.052363 -0.003812 0.038773
-0.051818 -0.008588 0.050602
-0.051780 -0.007524 0.050598
-0.054663 -0.009000 0.049934
-0.049274 -0.005817 0.050535
-0.050815 -0.006367 0.050580
-0.048992 -0.011834 0.050574
-0.054891 -0.004318 0.049055
-0.055973 -0.007019 0.041695
-0.055012 -0.009170 0.049244
-0.054822 -0.003909 0.048960
-0.054474 -0.007070 0.038600
-0.055722 -0.009470 0.042933
-0.055378 -0.008024 0.046212
-0.054382 -0.007128 0.050142
-0.055651 -0.011490 0.045082
-0.050704 -0.002995 0.050593
-0.055394 -0.007650 0.046214
-0.047178 -0.006910 0.050682
-0.055659 -0.010022 0.043016
-0.046235 -0.007379 0.050645
-0.055276 -0.010046 0.043812
-0.045042 -0.007388 0.050707
-0.046081 -0.012080 0.050567
-0.053123 -0.004254 0.050587
-0.055166 -0.007432 0.048536
-0.056275 -0.007889 0.041591
-0.055097 -0.006782 0.049111
-0.054935 -0.005487 0.048675
-0.049118 -0.012741 0.050538
-0.045292 -0.004359 0.050711
-0.050461 -0.005660 0.050577
-0.055750 -0.012054 0.044095
-0.041200 -0.005883 0.033022
-0.053186 -0.003864 0.050559
-0.055151 -0.003631 0.045076
-0.054827 -0.007830 0.049365
-0.045925 -0.004286 0.050680
-0.055376 -0.009964 0.044375
-0.048614 -0.006661 0.050585
-0.048755 -0.002109 0.050564
-0.049321 -0.008083 0.050520
-0.055265 -0.007625 0.048233
-0.055757 -0.005342 0.042443
-0.055031 -0.004628 0.048305
-0.053962 -0.004042 0.050409
-0.045917 -0.007247 0.050653
-0.048235 -0.008300 0.050662
-0.053611 -0.011297 0.050537
-0.055553 -0.011606 0.044786
-0.050014 -0.001692 0.050570
-0.054374 -0.009234 0.050188
-0.055839 -0.007457 0.044634
-0.054733 -0.009684 0.049897
-0.055897 -0.007971 0.045283
-0.055297 -0.012306 0.048375
-0.055934 -0.010668 0.041868
-0.051429 -0.013329 0.050544
-0.044949 -0.007897 0.050688
-0.055491 -0.011013 0.043168
-0.046176 -0.012441 0.050563
-0.045375 -0.008983 0.050538
-0.055740 -0.006464 0.042759
-0.050062 -0.002120 0.050528
-0.046326 -0.012745 0.050557
-0.049781 -0.005125 0.050417
-0.055761 -0.008280 0.043737
-0.048713 -0.011781 0.050516
-0.051299 -0.005465 0.050530
-0.055396 -0.009269 0.043781
-0.054918 -0.006106 0.039385
-0.055751 -0.010748 0.040434
-0.050825 -0.008688 0.050569
-0.054946 -0.003590 0.039954
-0.044107 -0.006842 0.050672
-0.055839 -0.010571 0.042497
-0.050735 -0.010383 0.050569
-0.047810 -0.009615 0.050631
-0.055128 -0.011180 0.047181
-0.055495 -0.011129 0.046472
-0.048968 -0.009066 0.050590
-0.051543 -0.009498 0.050541
-0.055268 -0.010366 0.048888
-0.055189 -0.008923 0.047543
-0.048435 -0.007034 0.050594
-0.049188 -0.010605 0.050550
-0.045846 -0.008381 0.050670
-0.055231 -0.009605 0.047636
-0.047824 -0.003737 0.050634
-0.050451 -0.009788 0.050532
-0.049610 -0.006156 0.050511
-0.053228 -0.002450 0.050609
-0.055161 -0.009913 0.047705
-0.046427 -0.003779 0.050644
-0.052665 -0.005793 0.050572
-0.054360 -0.008245 0.050380
-0.048315 -0.005880 0.050646
-0.044209 -0.005942 0.050690
-0.044139 -0.009527 0.050579
-0.045221 -0.006520 0.050678
-0.046933 -0.003202 0.050631
-0.049228 -0.009036 0.050526
-0.052408 -0.008803 0.050633
-0.054347 -0.003028 0.050190
-0.046109 -0.003577 0.050684
-0.054986 -0.009531 0.049557
-0.055485 -0.008507 0.039200
-0.050323 -0.004464 0.050474
-0.055157 -0.003132 0.045289
-0.046871 -0.010822 0.050543
-0.050813 -0.003297 0.050546
-0.056153 -0.009365 0.041147
-0.048773 -0.011560 0.050552
-0.049688 -0.013972 0.050429
-0.043809 -0.007004 0.050660
-0.055098 -0.003159 0.045620
-0.047462 -0.006851 0.050672
-0.054460 -0.003997 0.049992
-0.051297 -0.007042 0.050559
-0.055434 -0.010157 0.044641
-0.048631 -0.003184 0.050553
-0.046669 -0.006390 0.050667
-0.044585 -0.005019 0.050703
-0.053726 -0.012849 0.050534
-0.046692 -0.004020 0.050647
-0.049350 -0.005083 0.050554
-0.048970 -0.011176 0.050576
-0.055181 -0.012872 0.049098
-0.046558 -0.011096 0.050545
-0.050173 -0.003382 0.050566
-0.054989 -0.002932 0.047334
-0.055538 -0.010577 0.044792
-0.050358 -0.013281 0.050448
-0.049689 -0.011575 0.050569
-0.055111 -0.007154 0.048385
-0.055483 -0.011907 0.045669
-0.055711 -0.004565 0.042612
-0.055852 -0.011365 0.042123
-0.051964 -0.013028 0.050529
-0.055331 -0.005588 0.044485
-0.048915 -0.004748 0.050590
-0.052311 -0.002743 0.050585
-0.055725 -0.008847 0.044349
-0.054986 -0.006362 0.048549
-0.055242 -0.011085 0.048840
-0.055225 -0.007446 0.047861
-0.053286 -0.007291 0.050568
-0.044448 -0.009519 0.050612
-0.055194 -0.008359 0.047814
-0.044306 -0.007512 0.050725
-0.055101 -0.004680 0.046168
-0.055064 -0.003616 0.046985
-0.055422 -0.009432 0.045951
-0.049559 -0.004212 0.050548
-0.047511 -0.012661 0.050542
-0.051856 -0.005760 0.050589
-0.055473 -0.010120 0.045905
-0.054960 -0.003338 0.048828
-0.054163 -0.006488 0.050334
-0.054360 -0.012817 0.050261
-0.047303 -0.007596 0.050642
-0.054923 -0.003559 0.048459
-0.053635 -0.006396 0.050508
-0.055577 -0.010845 0.043059
-0.055839 -0.005113 0.042136
-0.055029 -0.003564 0.046002
-0.055167 -0.003075 0.044355
-0.047748 -0.007588 0.050638
-0.055142 -0.007046 0.047554
-0.055126 -0.007826 0.049169
-0.046766 -0.007850 0.050643
-0.049307 -0.002390 0.050552
-0.055593 -0.011657 0.046180
-0.047936 -0.005795 0.050635
-0.046237 -0.008961 0.050609
-0.049611 -0.003386 0.050522
-0.055633 -0.008548 0.044977
-0.055674 -0.007828 0.042724
-0.055504 -0.011457 0.045626
-0.055223 -0.003179 0.044163
-0.054550 -0.006660 0.038590
-0.054849 -0.006981 0.049512
-0.048218 -0.012092 0.050550
-0.051196 -0.004569 0.050562
-0.048457 -0.010688 0.050533
-0.050508 -0.008359 0.050550
-0.049827 -0.012672 0.050502
-0.055898 -0.007871 0.044994
-0.055116 -0.009582 0.048568
-0.051767 -0.001862 0.050622
-0.047367 -0.010127 0.050600
-0.055538 -0.008830 0.044806
-0.050582 -0.004417 0.050532
-0.051143 -0.007374 0.050575
-0.052200 -0.007776 0.050587
-0.053972 -0.004503 0.050452
-0.049323 -0.003682 0.050495
-0.054071 -0.009428 0.050324
-0.049904 -0.009003 0.050528
-0.049059 -0.009484 0.050604
-0.054934 -0.005360 0.039405
-0.055198 -0.006686 0.047018
-0.051158 -0.013292 0.050499
-0.055861 -0.008062 0.040268
-0.046922 -0.004301 0.050654
-0.055784 -0.006175 0.042446
-0.055097 -0.003033 0.045726
-0.051532 -0.012160 0.050426
-0.055240 -0.005791 0.046499
-0.055163 -0.009652 0.048961
-0.055305 -0.005830 0.045001
-0.050057 -0.011890 0.050566
-0.044403 -0.005278 0.050690
-0.055568 -0.005777 0.043643
-0.055222 -0.010000 0.047177
-0.048584 -0.012310 0.050554
-0.055156 -0.007824 0.047538
-0.044716 -0.005433 0.050697
-0.055590 -0.007429 0.045509
-0.048867 -0.009353 0.050617
-0.055724 -0.006648 0.043059
-0.054488 -0.008304 0.050209
-0.055173 -0.010936 0.047130
-0.055467 -0.010286 0.046628
-0.050221 -0.006074 0.050518
-0.047391 -0.012765 0.050532
-0.049611 -0.005343 0.050472
-0.054114 -0.007317 0.050310
-0.045836 -0.012385 0.050571
-0.048286 -0.003873 0.050602
-0.055805 -0.008430 0.043996
-0.054843 -0.006671 0.047953
-0.054604 -0.010489 0.039341
-0.056118 -0.010037 0.041159
-0.055102 -0.010943 0.047853
-0.047398 -0.006520 0.050679
-0.055346 -0.010278 0.048252
-0.055301 -0.003744 0.043942
-0.055901 -0.007074 0.044197
-0.055825 -0.007915 0.044372
