0.046827 0.103662 0.027265
0.048869 0.103189 0.027129
0.054506 0.103474 0.029404
0.044446 0.103972 0.028168
0.047819 0.103040 0.026059
0.040677 0.104057 0.029216
0.050005 0.103201 0.025411
0.049199 0.103733 0.028243
0.044393 0.104396 0.033478
0.052639 0.102897 0.022581
0.047348 0.104733 0.035542
0.050751 0.103673 0.027755
0.050128 0.103514 0.027063
0.046391 0.103480 0.026427
0.051732 0.104056 0.032896
0.048801 0.104824 0.036941
0.046949 0.104583 0.034050
0.050789 0.103562 0.026224
0.046425 0.103507 0.026584
0.044448 0.104376 0.032907
0.047779 0.103787 0.028031
0.053675 0.103331 0.026715
0.044238 0.103661 0.026582
0.052471 0.102926 0.023984
0.045587 0.104243 0.031045
0.043745 0.103625 0.025007
0.052485 0.102911 0.024461
0.046409 0.103638 0.027853
0.049275 0.102866 0.021444
0.051390 0.104078 0.033441
0.052530 0.103354 0.025875
0.051373 0.103793 0.028072
0.054381 0.103104 0.025886
0.046977 0.104344 0.032100
0.048850 0.103308 0.027330
0.050002 0.103198 0.023261
0.042882 0.104178 0.031045
0.043771 0.103301 0.023384
0.046716 0.103044 0.024652
0.043511 0.103948 0.025676
0.044718 0.104236 0.031928
0.042477 0.103981 0.026770
0.045052 0.103349 0.024780
0.047423 0.102991 0.021813
0.042151 0.103972 0.026899
0.046288 0.103618 0.028005
0.043716 0.104069 0.028086
0.044208 0.103981 0.027944
0.043780 0.104100 0.031252
0.052756 0.103437 0.026269
0.055228 0.103355 0.029681
0.047017 0.102957 0.024207
0.046583 0.103150 0.025166
0.051750 0.104069 0.034632
0.043619 0.103856 0.026240
0.055083 0.103224 0.026114
0.053918 0.103116 0.024246
0.050796 0.102833 0.022687
0.041434 0.104115 0.030621
0.045633 0.103130 0.023200
0.043646 0.104040 0.026893
0.054654 0.103379 0.028941
0.054006 0.103417 0.027784
0.055068 0.102766 0.024583
0.045395 0.103435 0.026800
0.048741 0.104786 0.036638
0.043001 0.103343 0.024351
0.054702 0.103387 0.027251
0.049875 0.102965 0.021942
0.045661 0.104293 0.031487
0.046451 0.104374 0.032395
0.043739 0.103783 0.025251
0.047395 0.103727 0.027538
0.044778 0.104403 0.033010
0.047292 0.102973 0.022069
0.041203 0.103893 0.027273
0.051242 0.102643 0.022334
0.047953 0.104310 0.032303
0.051514 0.102723 0.022680
0.041314 0.103501 0.025539
0.044197 0.104161 0.031704
0.047312 0.103798 0.028043
0.045718 0.103451 0.025859
0.056787 0.103276 0.027209
0.044487 0.103566 0.026094
0.051477 0.103350 0.025605
0.052251 0.103670 0.027452
0.053555 0.102992 0.024717
0.044253 0.103178 0.022402
0.047080 0.104233 0.031341
0.049707 0.103698 0.028015
0.045527 0.103106 0.023014
0.043291 0.103185 0.022680
0.051854 0.102741 0.022555
0.046877 0.104020 0.030199
0.047348 0.104327 0.031986
0.044608 0.103517 0.026289
0.044236 0.103421 0.024520
0.042239 0.104211 0.029441
0.047716 0.103624 0.027015
0.046854 0.103446 0.026202
0.045718 0.104461 0.033633
0.043458 0.103287 0.023412
0.047718 0.103319 0.026326
0.045003 0.104237 0.030645
0.045936 0.103820 0.028783
0.042045 0.104012 0.028071
0.051414 0.102968 0.024131
0.050747 0.102964 0.024009
0.051861 0.103491 0.026338
0.043347 0.104101 0.031082
0.046177 0.103540 0.027472
0.045095 0.103462 0.027108
0.049644 0.103226 0.025951
0.044675 0.103720 0.027398
0.044604 0.103522 0.025741
0.053758 0.103153 0.024318
0.045204 0.104277 0.030074
0.049427 0.104047 0.031881
0.048637 0.103293 0.027118
0.051597 0.103487 0.026375
0.050155 0.103745 0.028583
0.043845 0.104008 0.028741
0.049781 0.103205 0.025633
0.043854 0.103976 0.027054
0.045578 0.103230 0.024224
0.045837 0.104432 0.033465
0.050817 0.102963 0.023872
0.050578 0.103707 0.027998
0.043793 0.103303 0.023199
0.045547 0.102990 0.022380
0.054937 0.103551 0.030344
0.053694 0.103077 0.025621
0.045482 0.104101 0.029192
0.043859 0.103802 0.026472
0.047186 0.103408 0.026222
0.051787 0.103678 0.027128
0.050187 0.103181 0.023378
0.050651 0.103554 0.027380
0.044186 0.104380 0.033887
0.041867 0.103940 0.027827
0.046715 0.104088 0.030844
0.046060 0.104129 0.029768
0.043919 0.103415 0.024548
0.054551 0.102847 0.023561
0.043946 0.104044 0.030178
0.047087 0.103039 0.024861
0.052185 0.102806 0.022150
0.042846 0.104200 0.030771
0.042335 0.103962 0.027051
0.041694 0.103871 0.026650
0.046297 0.103230 0.025225
0.050049 0.103192 0.023516
0.044884 0.104017 0.028566
0.050137 0.102807 0.021570
0.045735 0.103051 0.022609
0.053401 0.103079 0.025386
0.045674 0.104388 0.032283
0.049984 0.102878 0.021728
0.050120 0.103436 0.026167
0.046087 0.103193 0.024369
0.043627 0.103947 0.026567
0.044952 0.103388 0.025800
0.051994 0.103678 0.027105
0.048636 0.102633 0.025388
0.042333 0.103506 0.024629
0.045019 0.103704 0.027796
0.045858 0.104418 0.033232
0.045786 0.103479 0.027660
0.051512 0.103550 0.026642
0.044959 0.103567 0.026592
0.044781 0.104170 0.030957
0.046908 0.103638 0.026956
0.045088 0.104377 0.032660
0.041479 0.103363 0.023814
0.045305 0.104257 0.030550
0.049298 0.103934 0.028995
0.053525 0.102935 0.023230
0.044814 0.103578 0.027055
0.041035 0.103490 0.025595
0.051092 0.103044 0.025149
0.045551 0.103219 0.024116
0.043111 0.104103 0.031527
0.052447 0.103628 0.026964
0.043043 0.103993 0.027739
0.045409 0.103289 0.024780
0.045626 0.103430 0.027600
0.044474 0.103198 0.022817
0.046312 0.104070 0.029469
0.044268 0.104382 0.033227
0.049186 0.104794 0.036920
0.041749 0.103962 0.028268
0.049502 0.103446 0.026808
0.051254 0.103166 0.025355
0.047499 0.103452 0.026418
0.045676 0.104410 0.032719
0.054057 0.103003 0.024405
0.047993 0.102751 0.025753
0.043792 0.103832 0.025696
0.050873 0.103749 0.028444
0.047397 0.103009 0.022821
0.044236 0.104025 0.028697
0.040864 0.104055 0.027638
0.047727 0.104582 0.034310
0.047801 0.104003 0.028695
0.042066 0.103535 0.025241
0.043432 0.103892 0.025364
0.043187 0.104138 0.029424
0.053689 0.103248 0.026213
0.047311 0.104415 0.033109
0.046059 0.103442 0.026000
0.049199 0.103370 0.027351
0.044281 0.104031 0.030530
0.050664 0.104004 0.032846
0.051982 0.103299 0.025478
0.050508 0.103518 0.026513
0.044328 0.103987 0.028885
0.046261 0.104088 0.029566
0.041422 0.104006 0.028748
0.052098 0.103153 0.025056
0.051059 0.104066 0.033192
0.049337 0.102917 0.025141
0.045554 0.103325 0.024997
0.047193 0.103678 0.027146
0.053888 0.103365 0.027649
0.052127 0.102927 0.023188
0.042984 0.104077 0.028253
0.042388 0.104332 0.032580
0.050376 0.103077 0.024518
0.042303 0.103230 0.023052
0.044390 0.103527 0.026450
0.042333 0.103434 0.024968
0.052048 0.102960 0.024228
0.048219 0.104293 0.032498
0.043720 0.103390 0.024744
0.050231 0.103619 0.027530
0.051319 0.103679 0.027405
0.046096 0.104378 0.032170
0.045147 0.103819 0.028155
0.041114 0.104017 0.029432
0.054354 0.103436 0.028921
0.045392 0.104266 0.030297
0.049068 0.103636 0.027860
0.043516 0.104100 0.030225
0.045445 0.104251 0.029942
0.044342 0.103600 0.025911
0.043987 0.103735 0.026301
0.049911 0.102856 0.021607
0.050332 0.103710 0.028098
0.054081 0.103422 0.028232
0.044270 0.103915 0.027665
0.043405 0.104014 0.027435
0.051422 0.103582 0.026872
0.046668 0.104352 0.032110
0.053777 0.103126 0.024075
0.042155 0.104210 0.031382
0.047514 0.103746 0.027695
0.049349 0.103173 0.026288
0.051085 0.103536 0.026486
0.049886 0.103188 0.023758
0.044718 0.104156 0.030102
0.041671 0.103267 0.022679
0.041683 0.103895 0.027237
0.049051 0.102824 0.025203
0.053945 0.103123 0.025879
0.051232 0.103481 0.025634
0.043067 0.103965 0.026247
0.047456 0.104086 0.030010
0.043606 0.103161 0.022534
0.050420 0.103329 0.025524
0.044774 0.103575 0.026770
0.043717 0.104287 0.032395
0.048562 0.103372 0.027197
0.046520 0.104029 0.029511
0.054958 0.103357 0.028211
0.043708 0.103993 0.026747
0.051094 0.103579 0.026148
0.055198 0.103366 0.027223
0.045900 0.103530 0.026631
0.044040 0.103951 0.027521
0.045434 0.103370 0.025194
0.042850 0.104189 0.030311
0.048440 0.103350 0.027022
0.044971 0.104241 0.029923
0.041474 0.103909 0.028185
0.045036 0.104424 0.033277
0.052192 0.104045 0.032432
0.044773 0.103942 0.028288
0.040963 0.104024 0.029189
0.042663 0.104208 0.031156
0.040677 0.104057 0.029216
0.046611 0.103386 0.025923
0.049487 0.103056 0.025452
0.053556 0.102938 0.022459
0.053059 0.103485 0.027100
0.051898 0.104060 0.034015
0.052828 0.102949 0.023634
0.043558 0.104040 0.027755
0.043791 0.103335 0.023687
0.044884 0.103563 0.026225
0.041547 0.103962 0.027952
0.047170 0.104053 0.030003
0.046577 0.103766 0.028748
0.045307 0.104353 0.032402
0.043750 0.104095 0.031059
0.049844 0.103061 0.022352
0.043621 0.103749 0.025114
0.040950 0.103829 0.026715
0.044977 0.103312 0.025612
0.044525 0.103382 0.024374
0.044143 0.103495 0.025002
0.045615 0.104232 0.030472
0.049075 0.103085 0.022558
0.050734 0.104587 0.036364
0.051940 0.104123 0.033283
0.054788 0.103418 0.026163
0.045440 0.104408 0.032797
0.049275 0.102963 0.021869
0.047349 0.103209 0.025803
0.051911 0.103413 0.025989
0.049247 0.103165 0.023104
0.044692 0.103490 0.025931
0.047653 0.103168 0.026042
0.041607 0.103532 0.025588
0.046686 0.103722 0.027898
0.042315 0.103657 0.025395
0.047868 0.103523 0.026816
0.046752 0.104374 0.032725
0.051868 0.104115 0.033542
0.052125 0.104101 0.033516
0.043611 0.103379 0.023852
0.047300 0.104075 0.029207
0.041878 0.104126 0.029369
0.042395 0.103897 0.027735
0.051034 0.103504 0.025595
0.054750 0.102800 0.025106
0.048588 0.103710 0.028802
0.043879 0.103166 0.022549
0.043297 0.103219 0.022969
0.046331 0.103397 0.025808
0.042201 0.104178 0.029185
0.050658 0.103506 0.026701
0.047536 0.103763 0.027840
0.055586 0.103333 0.029833
0.044939 0.103292 0.024122
0.044604 0.103497 0.025183
0.051253 0.102964 0.023979
0.050880 0.103051 0.024843
0.043506 0.104067 0.029166
0.042626 0.104225 0.030962
0.047688 0.104100 0.028852
0.043167 0.104127 0.029119
0.041194 0.103417 0.024503
0.046524 0.103074 0.024019
0.052251 0.103670 0.027452
0.046351 0.104353 0.031989
0.045098 0.103601 0.027595
0.044655 0.103201 0.022962
0.054709 0.103024 0.025725
0.042075 0.104196 0.029986
0.040774 0.104136 0.027780
0.052315 0.102930 0.024213
0.047817 0.103634 0.027161
0.046536 0.103189 0.025252
0.049907 0.104794 0.037232
0.054254 0.103149 0.026033
0.049512 0.103123 0.025681
0.050127 0.103476 0.026776
0.043613 0.103458 0.024881
0.048121 0.103826 0.028500
0.051512 0.103550 0.026642
0.048438 0.103662 0.028748
0.043913 0.103389 0.024271
0.042172 0.103716 0.025960
0.045744 0.103051 0.022016
0.046398 0.103709 0.028194
0.044669 0.103160 0.022665
0.052064 0.102859 0.022766
0.044028 0.103924 0.027201
0.045854 0.104406 0.032578
0.048777 0.103688 0.028503
0.045630 0.103348 0.025211
0.046174 0.104128 0.030734
0.046484 0.103635 0.027611
0.047239 0.103843 0.028334
0.046207 0.103895 0.029042
0.041547 0.103962 0.027952
0.050182 0.103487 0.026629
0.053601 0.102958 0.022826
0.054745 0.102786 0.024765
0.050737 0.103905 0.032495
0.050951 0.103013 0.023281
0.041355 0.103602 0.025846
0.046731 0.103763 0.028139
0.049877 0.104435 0.034430
0.052304 0.104094 0.033280
0.045072 0.103074 0.022326
0.054289 0.103267 0.026731
0.045660 0.103458 0.026810
0.046294 0.103434 0.025986
0.049970 0.104628 0.036008
0.044333 0.104027 0.030218
0.046176 0.103794 0.028845
0.051746 0.103380 0.025781
0.045821 0.103407 0.025643
0.047288 0.102901 0.024498
0.052089 0.103624 0.026782
0.049386 0.103134 0.025950
0.050627 0.104237 0.033706
0.045716 0.103314 0.025024
0.043396 0.104265 0.031881
0.044019 0.103721 0.025761
0.044510 0.103444 0.026505
0.046479 0.103563 0.026828
0.048173 0.102966 0.026288
0.053442 0.103386 0.027333
0.042506 0.103727 0.025581
0.047689 0.103452 0.026504
0.051116 0.103364 0.025475
0.043543 0.103335 0.024216
0.052871 0.102917 0.024241
0.040894 0.103921 0.027234
0.047524 0.103999 0.028685
0.049935 0.103114 0.022711
0.049070 0.104082 0.029735
0.047300 0.104075 0.029207
0.049619 0.103365 0.026574
0.040761 0.104080 0.029804
0.046411 0.104382 0.032675
0.047661 0.102900 0.024102
0.045104 0.104167 0.031230
0.041482 0.103319 0.023491
0.048845 0.102923 0.026081
0.044026 0.104033 0.030767
0.050890 0.103536 0.025685
0.044527 0.103248 0.023303
0.044301 0.103882 0.027498
0.053793 0.103348 0.027345
0.049733 0.102949 0.021855
0.051581 0.104080 0.034093
0.049561 0.104879 0.037355
0.046998 0.104044 0.029313
0.051097 0.104079 0.033447
0.044179 0.104382 0.033634
0.047143 0.103632 0.026827
0.045173 0.103417 0.025239
0.042802 0.103930 0.027381
0.051746 0.103969 0.032362
0.052025 0.104032 0.032473
0.045560 0.103592 0.027846
0.051548 0.102805 0.022938
0.049726 0.104909 0.037586
0.050945 0.103741 0.027955
0.044544 0.103425 0.024642
0.042584 0.103499 0.024919
0.050499 0.103084 0.023314
0.052255 0.104005 0.032149
0.045019 0.104433 0.033540
0.045151 0.103176 0.022971
0.044649 0.104147 0.030368
0.042400 0.104225 0.031161
0.043939 0.103595 0.025079
0.051229 0.102750 0.021797
0.051875 0.104092 0.033019
0.051541 0.103630 0.027012
0.043892 0.104334 0.032708
0.055001 0.103326 0.026659
0.047576 0.104114 0.029598
0.043177 0.103780 0.025318
0.044841 0.103266 0.023896
0.041246 0.103450 0.024846
0.042747 0.104353 0.032702
0.045614 0.103810 0.028350
0.051889 0.102961 0.023542
0.045700 0.103255 0.024695
0.043621 0.103749 0.025114
0.052229 0.103525 0.026370
0.048702 0.103643 0.028267
0.043808 0.104018 0.029131
0.043765 0.104079 0.030410
0.043037 0.103318 0.023996
0.045312 0.103709 0.027980
0.043330 0.103381 0.024407
0.055083 0.103224 0.026114
0.045510 0.103083 0.022759
0.049230 0.103130 0.022769
0.050429 0.103881 0.031803
0.045546 0.104418 0.033039
0.047105 0.104360 0.032419
0.044906 0.104211 0.029665
0.050710 0.103729 0.028550
0.042139 0.103225 0.022793
0.050248 0.103005 0.022509
0.054834 0.103488 0.026199
0.054233 0.103441 0.027899
0.045530 0.103569 0.026359
0.049960 0.103608 0.027588
0.047516 0.103111 0.025720
0.042611 0.103259 0.023288
0.045546 0.103557 0.026224
0.043750 0.104020 0.029598
0.049075 0.103085 0.022558
0.046096 0.104114 0.030148
0.047925 0.102934 0.026019
0.051664 0.102973 0.024166
0.041479 0.103863 0.027430
0.042199 0.103953 0.026624
0.042672 0.104220 0.029734
0.042756 0.103890 0.027628
0.042517 0.104225 0.029911
0.051279 0.102836 0.022940
0.042042 0.104112 0.028645
0.045523 0.103201 0.023599
0.045121 0.103527 0.027385
0.044577 0.103837 0.027758
0.043535 0.104109 0.031347
0.045324 0.104422 0.033093
0.043061 0.103971 0.027469
0.050434 0.103722 0.028596
0.048246 0.102670 0.025204
0.043853 0.104347 0.033002
0.041921 0.103359 0.024037
0.043354 0.104051 0.027865
0.054477 0.103405 0.027694
0.054963 0.102844 0.025392
0.045519 0.103201 0.023957
0.049434 0.102871 0.021535
0.048985 0.103014 0.026397
0.041114 0.104024 0.028649
0.042315 0.103714 0.025800
0.043306 0.104305 0.032954
0.046469 0.103081 0.022439
0.054488 0.102812 0.024558
0.054958 0.103357 0.028211
0.043275 0.104015 0.027614
0.041889 0.103476 0.024662
0.040888 0.104020 0.028461
0.046456 0.103454 0.026129
0.042987 0.103658 0.025189
0.054389 0.102858 0.025188
0.049247 0.103165 0.023104
0.045986 0.103075 0.023036
0.051017 0.103520 0.026747
0.043859 0.103802 0.026472
0.054053 0.103195 0.026216
0.043739 0.103998 0.027345
0.045811 0.104376 0.032149
0.040618 0.104080 0.029672
0.046096 0.104114 0.030148
0.054169 0.103243 0.026550
0.051668 0.102758 0.021905
0.047316 0.104382 0.032854
0.045105 0.104411 0.032964
0.042776 0.103947 0.026296
0.041865 0.103504 0.025529
0.043955 0.103725 0.026078
0.046494 0.104261 0.031450
0.047261 0.104468 0.033397
0.044595 0.103553 0.026580
0.045353 0.103968 0.028808
0.051213 0.102987 0.024711
0.046288 0.103618 0.028005
0.044883 0.104151 0.029460
0.045967 0.104136 0.029582
0.047070 0.104075 0.029649
0.049983 0.102973 0.022075
0.052447 0.103628 0.026964
0.045840 0.102967 0.022430
0.042520 0.104199 0.029129
0.045369 0.104017 0.028952
0.049875 0.103727 0.028118
0.051017 0.103722 0.027779
0.050064 0.103732 0.028201
0.048211 0.103696 0.027986
0.047884 0.104133 0.029191
0.051346 0.103520 0.026333
0.044626 0.104405 0.033211
0.043673 0.104008 0.027533
0.042328 0.104228 0.029896
0.045732 0.103401 0.025521
0.054851 0.103520 0.030068
0.044097 0.103949 0.029961
0.052496 0.103952 0.031708
0.043892 0.104334 0.032708
0.043240 0.104097 0.028831
0.048010 0.102735 0.025388
0.043253 0.103585 0.025009
0.042973 0.103317 0.024534
0.042938 0.104093 0.031522
0.045571 0.104233 0.030744
0.047033 0.104062 0.030652
0.043919 0.104175 0.032248
0.045505 0.104458 0.033653
0.046601 0.103762 0.028506
0.043047 0.104004 0.026487
0.043953 0.103996 0.028939
0.046736 0.103059 0.022049
0.045894 0.103582 0.027889
0.046921 0.103748 0.027856
0.054502 0.102829 0.023961
0.047538 0.102878 0.024507
0.043330 0.103381 0.024407
0.046665 0.104078 0.029664
0.042731 0.104193 0.030025
0.049832 0.103515 0.027078
0.043110 0.104355 0.032476
0.042938 0.103752 0.025467
0.044613 0.103237 0.023300
0.051820 0.102974 0.023867
0.042217 0.103449 0.025046
0.047699 0.104329 0.032271
0.043770 0.104108 0.031407
0.047599 0.104127 0.029310
0.052525 0.102949 0.023705
0.045500 0.104320 0.031725
0.044971 0.104241 0.029923
0.054396 0.103540 0.029582
0.044085 0.103322 0.023845
0.046591 0.103469 0.026253
0.047067 0.104389 0.033000
0.047495 0.104212 0.031146
0.054556 0.103228 0.026147
0.041109 0.104046 0.029690
0.050975 0.102951 0.024006
0.045533 0.103396 0.027008
0.045144 0.103188 0.023052
0.050561 0.103013 0.024374
0.045956 0.103227 0.024645
0.045839 0.103443 0.027346
0.052318 0.102992 0.024668
0.046028 0.104149 0.030538
0.046157 0.104391 0.032476
0.043533 0.104048 0.027161
0.044134 0.103650 0.025658
0.045015 0.104172 0.031341
0.045882 0.104237 0.031161
0.042759 0.103977 0.026901
0.050631 0.103628 0.027647
0.049110 0.103206 0.027173
0.047150 0.103279 0.025983
0.050179 0.103045 0.022638
0.050811 0.103389 0.025488
0.045926 0.103448 0.025981
0.053915 0.103340 0.027187
0.049739 0.103046 0.025084
0.043130 0.104084 0.028154
0.046081 0.104446 0.033527
0.046396 0.104395 0.033002
0.051732 0.104056 0.032896
0.044748 0.104021 0.028835
0.047877 0.103392 0.026551
0.046196 0.103392 0.025712
0.048376 0.102594 0.025678
0.044838 0.103229 0.023543
0.050899 0.102956 0.024385
0.041595 0.103400 0.024483
0.044154 0.103331 0.024002
0.048874 0.104062 0.029302
0.044635 0.104152 0.030692
0.052639 0.102897 0.022581
0.046301 0.103481 0.026233
0.046728 0.103038 0.022574
0.041343 0.103790 0.026447
0.044785 0.104392 0.032859
0.052212 0.102894 0.022847
0.050967 0.103175 0.025265
0.047008 0.103870 0.028761
0.045882 0.104237 0.031161
0.045230 0.103137 0.022774
0.046922 0.104409 0.033241
0.043422 0.103696 0.025106
0.046793 0.104457 0.033509
0.053689 0.103248 0.026213
0.054321 0.102896 0.023863
0.043892 0.104020 0.029297
0.054751 0.103509 0.029916
0.040718 0.104140 0.027953
0.049040 0.103167 0.026998
0.055600 0.103069 0.025927
0.049575 0.104764 0.036960
0.051333 0.102908 0.023136
0.045637 0.103161 0.023350
0.043134 0.104004 0.026753
0.051446 0.104135 0.034430
0.042898 0.103945 0.026052
0.043639 0.104132 0.031582
0.043002 0.103512 0.024916
0.042187 0.103288 0.023689
0.049828 0.103787 0.028689
0.053888 0.102933 0.022612
0.043585 0.104047 0.029948
0.053469 0.102946 0.023553
0.051066 0.102724 0.022593
0.043433 0.104073 0.026977
0.048336 0.103314 0.026858
0.050860 0.103003 0.024645
0.044619 0.104040 0.028620
0.045533 0.103252 0.024587
0.043771 0.104178 0.032012
0.044417 0.104330 0.032566
0.055343 0.102829 0.025478
0.053097 0.103457 0.027358
0.049704 0.104126 0.032822
0.046121 0.104113 0.030316
0.047195 0.104598 0.034098
0.046667 0.103760 0.028784
0.047670 0.104264 0.031484
0.045320 0.103280 0.024617
0.043067 0.103965 0.026247
0.044410 0.103574 0.025740
0.051533 0.102683 0.022290
0.042321 0.103251 0.023351
0.046973 0.103666 0.027153
0.054764 0.103406 0.029411
0.049938 0.103400 0.026390
0.041270 0.104016 0.029082
0.042646 0.104040 0.028225
0.043646 0.104040 0.026893
0.047034 0.104031 0.030360
0.043053 0.103168 0.022525
0.051428 0.102980 0.024581
0.046121 0.103234 0.025071
0.051002 0.103650 0.027510
0.054350 0.103485 0.029212
0.043929 0.104359 0.033258
0.045733 0.104116 0.029348
0.048336 0.103721 0.028736
0.045921 0.103173 0.023469
0.051856 0.103331 0.025636
0.045042 0.104244 0.031566
0.052100 0.103377 0.025865
0.049891 0.103997 0.032423
0.049390 0.103537 0.027434
0.044842 0.103225 0.023393
0.043319 0.103320 0.023944
0.051193 0.102978 0.023605
0.047115 0.103127 0.025096
0.046710 0.104082 0.029648
0.043607 0.103266 0.023037
0.050703 0.103489 0.026946
0.047898 0.102928 0.024951
0.042842 0.104204 0.029294
0.047170 0.104088 0.029593
0.053477 0.103003 0.025029
0.053656 0.103295 0.026421
0.049218 0.103001 0.025667
0.048830 0.103628 0.028041
0.044509 0.103998 0.029067
0.043632 0.103925 0.025399
0.045678 0.104227 0.030770
0.042320 0.104242 0.030791
0.041026 0.103774 0.026443
0.044150 0.103985 0.030619
0.046290 0.104068 0.030283
0.044528 0.104127 0.029927
0.044782 0.104210 0.029822
0.041810 0.103252 0.023326
0.041443 0.103434 0.024716
0.051674 0.103051 0.024693
0.043934 0.103284 0.023116
0.050409 0.104058 0.032932
0.042902 0.104151 0.028924
0.051689 0.103796 0.027998
0.044905 0.104239 0.030207
0.047982 0.103727 0.027904
0.047983 0.104119 0.029500
0.046891 0.104600 0.034391
0.041255 0.103877 0.028202
0.045305 0.103198 0.023640
0.048308 0.104115 0.029693
0.045410 0.104243 0.031237
0.050170 0.102885 0.021924
0.047681 0.103716 0.027580
0.048870 0.102880 0.025790
0.054610 0.103132 0.025937
0.048705 0.103078 0.026577
0.047578 0.103839 0.028198
0.049108 0.104032 0.029267
0.041375 0.103406 0.024377
0.042554 0.103868 0.027610
0.053173 0.103429 0.027640
0.043435 0.104069 0.028714
0.053715 0.102975 0.023739
0.043552 0.104327 0.033078
0.047840 0.104343 0.032611
0.045419 0.103193 0.023443
0.045856 0.103322 0.025163
0.042522 0.103223 0.023171
0.045103 0.103410 0.025476
0.050655 0.103032 0.023544
0.051728 0.103996 0.032560
0.048518 0.102870 0.024472
0.042345 0.104120 0.028628
0.042978 0.104331 0.032947
0.045374 0.103793 0.028189
0.043453 0.104287 0.032095
0.042191 0.103979 0.026763
0.041671 0.103267 0.022679
0.042713 0.103367 0.024093
0.050654 0.103734 0.028251
0.041546 0.103830 0.028337
0.046572 0.104547 0.034005
0.044884 0.103193 0.022993
0.046421 0.104112 0.030886
0.044258 0.103615 0.026209
0.043925 0.103902 0.026792
0.050555 0.103122 0.024938
0.050712 0.104132 0.033230
0.048251 0.103769 0.028643
0.044982 0.104097 0.029260
0.046785 0.104395 0.033147
0.054176 0.102878 0.025122
0.043651 0.103420 0.024435
0.053243 0.102926 0.022546
0.047835 0.102953 0.024842
0.047978 0.104370 0.032988
0.044246 0.103986 0.029879
0.053229 0.102931 0.023373
0.048844 0.104157 0.029934
0.045528 0.104175 0.029400
0.041837 0.103504 0.025380
0.042121 0.103597 0.025558
0.052269 0.104019 0.034093
0.042187 0.103884 0.027605
0.043265 0.103861 0.025410
0.046067 0.103208 0.023700
0.048158 0.104318 0.032712
0.054791 0.102759 0.024122
0.047898 0.102928 0.024951
0.044062 0.103216 0.022803
0.048173 0.102966 0.026288
0.051498 0.102977 0.023939
0.049575 0.104764 0.036960
0.045411 0.104208 0.029551
0.042552 0.103706 0.025406
0.041121 0.103875 0.027037
0.046219 0.103163 0.023368
0.042752 0.103713 0.025448
0.043651 0.104069 0.028444
0.046237 0.103983 0.029228
0.044713 0.104010 0.029003
0.049712 0.103101 0.025323
0.045010 0.103224 0.023704
0.041806 0.103404 0.025082
0.051306 0.104046 0.033812
0.046583 0.103150 0.025166
0.045162 0.103975 0.028616
0.047334 0.104347 0.032257
0.047766 0.102888 0.025623
0.050224 0.103090 0.024112
0.049018 0.103406 0.027466
0.045997 0.103783 0.028364
0.047335 0.104271 0.031476
0.054827 0.103413 0.027301
0.050219 0.104002 0.032666
0.050337 0.102753 0.021439
0.048612 0.102655 0.025584
0.052230 0.103654 0.026984
0.050523 0.103026 0.023813
0.052923 0.102949 0.024576
0.041987 0.103238 0.022663
0.044555 0.104062 0.030253
0.043859 0.103802 0.026472
0.046442 0.104675 0.035095
0.040837 0.104034 0.029549
0.043139 0.103954 0.026897
0.050376 0.103077 0.024518
0.041964 0.103930 0.027113
0.042418 0.103868 0.026306
0.049477 0.104707 0.036381
0.043035 0.104158 0.029635
0.051885 0.103214 0.025231
0.050860 0.102949 0.024235
0.041845 0.103701 0.026085
0.040410 0.104132 0.029909
0.043144 0.103316 0.023677
0.044803 0.103122 0.022423
0.051273 0.103059 0.025213
0.044270 0.104095 0.031031
0.041876 0.103886 0.027424
0.044477 0.103802 0.027399
0.042848 0.103315 0.023743
0.047644 0.103608 0.026871
0.045079 0.103127 0.022547
0.047716 0.103624 0.027015
0.048594 0.103052 0.023154
0.041568 0.103909 0.028478
0.049390 0.103537 0.027434
0.047312 0.102954 0.024760
0.048566 0.103618 0.028005
0.051380 0.103997 0.032888
0.049439 0.103481 0.026948
0.044518 0.104023 0.028746
0.048399 0.102797 0.026216
0.044980 0.103818 0.028070
0.051687 0.102944 0.023391
0.046793 0.104363 0.032393
0.046204 0.104314 0.031665
0.041730 0.104087 0.029241
0.050315 0.103065 0.024311
0.046012 0.103509 0.026211
0.050332 0.103710 0.028098
0.050723 0.104095 0.033114
0.041761 0.103812 0.026393
0.051006 0.103867 0.032408
0.044326 0.103285 0.023767
0.050634 0.103477 0.025752
0.048676 0.104707 0.035921
0.052151 0.102829 0.022592
0.045872 0.103198 0.024119
0.050974 0.104113 0.033691
0.045091 0.103492 0.026790
0.051791 0.103571 0.026627
0.041694 0.103323 0.023636
0.046254 0.103537 0.026779
0.043653 0.103294 0.023196
0.044568 0.103699 0.027085
0.047431 0.104249 0.031345
0.044281 0.104031 0.030530
0.045264 0.104253 0.031472
0.049572 0.103260 0.026424
0.043395 0.103972 0.025860
0.044376 0.104044 0.031286
0.045326 0.103163 0.023103
0.053701 0.103225 0.024196
0.054232 0.102999 0.025579
0.046737 0.104192 0.031218
0.046998 0.104477 0.033540
0.049814 0.103053 0.024948
0.042519 0.104226 0.030205
0.053078 0.102962 0.023950
0.048975 0.102819 0.025476
0.045743 0.103558 0.026357
0.041512 0.104052 0.029325
0.045846 0.104201 0.030774
0.050074 0.103331 0.025757
0.050859 0.103790 0.030291
0.050079 0.103034 0.022436
0.045860 0.103939 0.029009
0.045756 0.103083 0.022893
0.050132 0.103113 0.024972
0.044581 0.104275 0.032313
0.043347 0.104101 0.031082
0.049317 0.103812 0.028449
0.052399 0.104036 0.033698
0.045737 0.103697 0.028092
0.046294 0.104072 0.030048
0.050448 0.104108 0.033079
0.045184 0.104195 0.031306
0.042634 0.104004 0.028088
0.045311 0.103588 0.027734
0.042068 0.103583 0.025402
0.046488 0.103960 0.029205
0.048128 0.104415 0.033391
0.052255 0.103306 0.025616
0.052828 0.102949 0.023634
0.051068 0.102728 0.022214
0.050483 0.103603 0.027451
0.046301 0.103116 0.024186
0.046731 0.102973 0.024342
0.044096 0.104014 0.029608
0.044671 0.103324 0.024099
0.043209 0.103275 0.024137
0.046963 0.103824 0.028537
0.041413 0.104030 0.031497
0.045946 0.103548 0.026430
0.050399 0.103623 0.027485
0.049248 0.103047 0.022267
0.050654 0.103535 0.026395
0.050601 0.103514 0.025988
0.054781 0.103220 0.025990
0.047300 0.104075 0.029207
0.053319 0.103411 0.026714
0.041702 0.103369 0.024883
0.045163 0.103228 0.024046
0.044488 0.103910 0.027963
0.045571 0.104233 0.030744
0.043936 0.103365 0.023984
0.051194 0.104083 0.033383
0.054374 0.102887 0.024100
0.049841 0.103748 0.029061
0.043516 0.104330 0.033557
0.046800 0.103700 0.027622
0.042509 0.103498 0.024620
0.050432 0.102923 0.022406
0.047107 0.104566 0.033829
0.050332 0.103573 0.027347
0.046741 0.104027 0.029999
0.055864 0.103275 0.028935
0.044947 0.103203 0.023127
0.042998 0.104106 0.028435
0.051995 0.103750 0.027865
0.040416 0.104108 0.029306
0.045543 0.103082 0.022624
0.045102 0.104023 0.028850
0.046668 0.103767 0.028343
0.044909 0.104025 0.028664
0.047632 0.102950 0.024770
0.054411 0.103335 0.027257
0.050786 0.103525 0.026531
0.046399 0.104080 0.030708
0.046138 0.103213 0.024882
0.051544 0.104056 0.033678
0.042331 0.103914 0.026457
0.044510 0.104213 0.031808
0.041778 0.104168 0.030487
0.053173 0.103429 0.027640
0.048581 0.104237 0.032478
0.051564 0.104300 0.035297
0.053097 0.103457 0.027358
0.045821 0.103407 0.025643
0.047765 0.104296 0.031907
0.044768 0.104200 0.030231
0.044803 0.103122 0.022423
0.042164 0.103224 0.022901
0.054847 0.103519 0.026161
0.045643 0.104428 0.033357
0.048829 0.103171 0.026955
0.046816 0.103766 0.028034
0.045945 0.103497 0.026914
0.046634 0.103600 0.026948
0.050305 0.103487 0.026887
0.043699 0.103374 0.023848
0.049953 0.103335 0.025949
0.050653 0.103216 0.025233
0.047847 0.103653 0.027358
0.051213 0.102977 0.023332
0.050020 0.103118 0.024407
0.044129 0.104088 0.031175
0.054282 0.102922 0.023261
0.054447 0.102818 0.024966
0.043433 0.104073 0.026977
0.047193 0.103678 0.027146
0.043477 0.104212 0.031786
0.044064 0.103164 0.022516
0.047556 0.104507 0.033528
0.042555 0.103851 0.026068
0.049577 0.103860 0.028931
0.046050 0.103695 0.028163
0.044942 0.104253 0.031724
0.051279 0.103751 0.027804
0.044535 0.103476 0.025020
0.046398 0.103709 0.028194
0.042643 0.104151 0.028759
0.046159 0.104246 0.031317
0.040894 0.103921 0.027234
0.053379 0.103306 0.026207
0.048601 0.103050 0.022530
0.043624 0.103447 0.024630
0.042627 0.103809 0.025793
0.053619 0.103178 0.024188
0.050290 0.103176 0.025196
0.048281 0.102798 0.026208
0.048705 0.103297 0.027258
0.047937 0.103141 0.026279
0.041546 0.103830 0.028337
0.048384 0.103072 0.026524
0.049952 0.103155 0.024014
0.043475 0.103904 0.026030
0.046623 0.104313 0.031734
0.051575 0.103705 0.027425
0.050135 0.103176 0.025266
0.049435 0.103177 0.022930
0.043186 0.104121 0.029886
0.047220 0.103902 0.028605
0.049776 0.103310 0.026200
0.049736 0.103184 0.023018
0.045208 0.104254 0.029801
0.045720 0.103523 0.026132
0.050289 0.103487 0.026149
0.040632 0.104121 0.028315
0.044718 0.104156 0.030102
0.049266 0.102949 0.025404
0.046641 0.104023 0.030415
0.042951 0.103937 0.025816
0.049704 0.104126 0.032822
0.048791 0.104140 0.029673
0.050362 0.103122 0.023496
0.046317 0.103563 0.027087
0.041941 0.103942 0.026944
0.043647 0.104338 0.033357
0.046595 0.103532 0.026604
0.054455 0.102844 0.024304
0.041957 0.103936 0.026761
0.042523 0.103293 0.023534
0.051886 0.103697 0.027304
0.042214 0.104232 0.032118
0.052701 0.103566 0.026905
0.043583 0.104023 0.026706
0.041682 0.103257 0.023013
0.052485 0.102911 0.024461
0.043968 0.103534 0.024938
0.051405 0.103050 0.024841
0.045461 0.103005 0.022239
0.046098 0.103075 0.022494
0.045280 0.104243 0.030753
0.048409 0.103991 0.029214
0.044197 0.104161 0.031704
0.046585 0.103100 0.022202
0.046308 0.103284 0.025335
0.043162 0.104144 0.030785
0.048198 0.102640 0.025677
0.044312 0.104057 0.029361
0.046386 0.103128 0.024504
0.052315 0.103709 0.027943
0.051597 0.103117 0.024981
0.053694 0.103077 0.025621
0.043624 0.103447 0.024630
0.044504 0.103538 0.025596
0.042879 0.104208 0.029513
0.044893 0.103572 0.027214
0.042040 0.104174 0.031870
0.052156 0.102951 0.024023
0.044278 0.104057 0.030804
0.048966 0.103584 0.027722
0.045588 0.104266 0.031319
0.044040 0.103701 0.025498
0.042008 0.103417 0.024234
0.048612 0.102655 0.025584
0.047262 0.104129 0.030884
0.052156 0.102951 0.024023
0.046383 0.103369 0.025648
0.045254 0.103031 0.022228
0.053202 0.103010 0.024748
0.048503 0.103230 0.026794
0.041159 0.103990 0.031660
0.050215 0.103111 0.024648
0.046176 0.103794 0.028845
0.049517 0.103453 0.027055
0.042432 0.104148 0.028894
0.045956 0.103227 0.024645
0.051867 0.103641 0.026888
0.044223 0.103569 0.025410
0.041560 0.104053 0.029086
0.046065 0.104399 0.032748
0.053496 0.103071 0.024411
0.042114 0.104192 0.031588
0.044085 0.103322 0.023845
0.043516 0.104326 0.032300
0.041565 0.103460 0.025262
0.049871 0.104678 0.036566
0.049896 0.103500 0.026859
0.051520 0.104085 0.033209
0.041912 0.104116 0.029071
0.050119 0.103307 0.025636
0.042509 0.103498 0.024620
0.042609 0.103210 0.022865
0.047885 0.104094 0.028957
0.051356 0.103514 0.026051
0.047716 0.103624 0.027015
0.046405 0.103169 0.024814
0.053974 0.103281 0.026739
0.050108 0.103948 0.032359
0.043122 0.104110 0.031248
0.055162 0.103266 0.026356
0.053244 0.104086 0.033768
0.053178 0.103266 0.025940
0.044127 0.104288 0.032444
0.050455 0.103492 0.027113
0.047069 0.103706 0.027474
0.052309 0.104085 0.032834
0.051034 0.103504 0.025595
0.044627 0.104109 0.029395
0.045130 0.104270 0.030423
0.048219 0.102784 0.026020
0.053915 0.103683 0.030051
0.049619 0.103365 0.026574
0.047918 0.102886 0.024679
0.042731 0.104193 0.030025
0.046275 0.103761 0.028509
0.047949 0.103019 0.022299
0.045852 0.104190 0.030577
0.054207 0.103345 0.027546
0.045831 0.103218 0.024349
0.044406 0.103335 0.024095
0.048382 0.102573 0.025509
0.042235 0.103484 0.024795
0.050009 0.103125 0.024225
0.052731 0.103016 0.024824
0.046024 0.103407 0.025800
0.043519 0.103958 0.025500
0.042063 0.104203 0.031212
0.048008 0.103651 0.027580
0.046831 0.104029 0.030551
0.046807 0.103970 0.029175
0.053237 0.102964 0.023689
0.044563 0.103988 0.028324
0.045095 0.103462 0.027108
0.045991 0.104047 0.029294
0.047291 0.104061 0.030226
0.043872 0.104358 0.033580
0.042729 0.103440 0.024423
0.056847 0.103245 0.027497
0.050871 0.103105 0.025057
0.044904 0.104154 0.031145
0.050295 0.103431 0.025922
0.047006 0.102974 0.022195
0.045136 0.104187 0.029502
0.050832 0.103574 0.025892
0.053517 0.103155 0.025828
0.051028 0.103769 0.028205
0.043971 0.104055 0.028182
0.055644 0.103212 0.026264
0.052144 0.103463 0.026175
0.051498 0.102977 0.023939
0.047205 0.103216 0.025604
0.041791 0.103467 0.025216
0.046164 0.103176 0.023938
0.044021 0.103940 0.029777
0.051089 0.102666 0.022418
0.045387 0.103426 0.025602
0.044459 0.104130 0.031519
0.048670 0.102895 0.026304
0.041845 0.103701 0.026085
0.049243 0.103251 0.027096
0.056102 0.103285 0.027778
0.042052 0.103238 0.023283
0.044887 0.104236 0.030447
0.048170 0.103400 0.026843
0.041947 0.103329 0.023902
0.049938 0.103738 0.028948
0.045539 0.103530 0.026542
0.042726 0.104268 0.032041
0.043674 0.103813 0.026015
0.042998 0.104106 0.028435
0.045162 0.103975 0.028616
0.042151 0.103972 0.026899
0.044851 0.103467 0.025248
0.043227 0.103302 0.023488
0.049482 0.104676 0.035979
0.050572 0.102983 0.022934
0.045184 0.104347 0.032455
0.048428 0.103772 0.028914
0.054834 0.103488 0.026199
0.051557 0.102977 0.024458
0.046250 0.103557 0.027341
0.045732 0.104328 0.031746
0.053720 0.103358 0.027128
0.055297 0.102735 0.025146
0.043277 0.103316 0.023590
0.042420 0.103366 0.024022
0.052042 0.102962 0.023873
0.047146 0.103748 0.027769
0.046554 0.103627 0.027347
0.048710 0.103606 0.027824
0.044153 0.103624 0.026062
0.042520 0.104199 0.029129
0.053827 0.102934 0.024993
0.041677 0.103644 0.025947
0.053985 0.103483 0.028658
0.046624 0.103137 0.024871
0.048134 0.103923 0.028863
0.050665 0.102978 0.024226
0.047381 0.104106 0.029602
0.043716 0.104069 0.028086
0.041154 0.103915 0.028355
0.042584 0.104241 0.029489
0.050187 0.103181 0.023378
0.051589 0.103807 0.028330
0.044839 0.103421 0.024970
0.046764 0.104056 0.029494
0.050191 0.103129 0.023804
0.047257 0.104086 0.029725
0.050678 0.102818 0.022209
0.049533 0.103881 0.029286
0.040431 0.104081 0.029474
0.045243 0.103529 0.026585
0.042947 0.104183 0.031815
0.042334 0.104233 0.030146
0.053928 0.103036 0.025586
0.043816 0.103803 0.026282
0.051148 0.103050 0.025233
0.044277 0.103850 0.027260
0.046134 0.104180 0.030994
0.044633 0.103258 0.023784
0.054119 0.102871 0.024944
0.044387 0.104114 0.029710
0.048136 0.103774 0.028235
0.040732 0.104113 0.030177
0.054876 0.103374 0.026113
0.047847 0.103653 0.027358
0.047479 0.103894 0.028411
0.051356 0.103514 0.026051
0.053892 0.102980 0.025334
0.048534 0.103439 0.027377
0.049351 0.104737 0.036685
0.044810 0.103386 0.024663
0.052125 0.104101 0.033516
0.044878 0.104287 0.032347
0.042993 0.104152 0.029864
0.054940 0.103330 0.029175
0.049513 0.103113 0.022573
0.043769 0.103869 0.025528
0.044882 0.104050 0.029104
0.054575 0.103265 0.026437
0.047745 0.102941 0.025217
0.045108 0.103432 0.026979
0.045246 0.103390 0.026923
0.051403 0.103463 0.025792
0.053438 0.103039 0.023968
0.041051 0.103606 0.025895
0.052223 0.102949 0.023746
0.041419 0.103421 0.024994
0.043017 0.104040 0.028014
0.045777 0.104228 0.030938
0.048134 0.104083 0.029225
0.049138 0.103801 0.028485
0.044069 0.104086 0.030959
0.050665 0.102978 0.024226
0.046103 0.104413 0.033151
0.048558 0.103553 0.027675
0.041565 0.103460 0.025262
0.044608 0.103145 0.022436
0.042846 0.104200 0.030771
0.047664 0.103697 0.027368
0.045745 0.103441 0.026988
0.044511 0.104092 0.031074
0.050384 0.103052 0.023958
0.045480 0.103491 0.026021
0.050791 0.104288 0.034220
0.042584 0.104241 0.029489
0.052123 0.102968 0.024420
0.047387 0.102884 0.024281
0.050851 0.103513 0.027107
0.048136 0.103252 0.026562
0.050952 0.102958 0.023091
0.042214 0.104226 0.030398
0.053724 0.103399 0.027940
0.041742 0.103841 0.027605
0.051813 0.102908 0.023230
0.043179 0.103977 0.025991
0.047030 0.104092 0.030843
0.042344 0.104207 0.031495
0.049702 0.103778 0.028420
0.044718 0.104360 0.032672
0.042450 0.103334 0.023878
0.044190 0.103987 0.029049
0.049573 0.103514 0.026932
0.042208 0.104237 0.030997
0.055093 0.102750 0.024836
0.041546 0.103830 0.028337
0.045697 0.103181 0.023481
0.053838 0.102963 0.022865
0.050399 0.103505 0.026267
0.044357 0.103186 0.022568
0.042430 0.104229 0.031817
0.044777 0.103836 0.027980
0.046551 0.104038 0.030151
0.044056 0.104052 0.028485
0.041617 0.103892 0.026973
0.042755 0.104335 0.032391
0.042391 0.103201 0.022694
0.043780 0.104100 0.031252
0.054041 0.103426 0.027940
0.043092 0.104307 0.032169
0.051109 0.103570 0.025822
0.049372 0.103669 0.027989
0.051822 0.102816 0.022870
0.041443 0.103434 0.024716
0.053077 0.103476 0.026817
0.045983 0.103494 0.027613
0.050007 0.103145 0.025239
0.045697 0.103181 0.023481
0.048867 0.102933 0.025952
0.050284 0.103049 0.022840
0.040811 0.103973 0.027375
0.047008 0.103870 0.028761
0.050651 0.103554 0.027380
0.043555 0.104338 0.032728
0.046028 0.104149 0.030538
0.042795 0.103577 0.025031
0.050754 0.102813 0.022483
0.049119 0.103013 0.026254
0.044290 0.103576 0.025630
0.052678 0.102899 0.024446
0.047313 0.103703 0.027321
0.042856 0.103284 0.023407
0.040406 0.104104 0.029651
0.052255 0.104005 0.032149
0.045106 0.103209 0.023390
0.051007 0.104162 0.034051
0.042716 0.104165 0.031364
0.047350 0.104587 0.033936
0.042354 0.104051 0.028225
0.045579 0.103422 0.027466
0.051681 0.103916 0.031989
0.041139 0.104047 0.028905
0.044779 0.104437 0.033976
0.042112 0.103223 0.023482
0.054018 0.102965 0.023821
0.042231 0.104015 0.028033
0.044582 0.103449 0.024848
0.043692 0.104020 0.028736
0.045679 0.103230 0.024429
0.045666 0.104083 0.029229
0.051268 0.104127 0.034174
0.051714 0.104084 0.033825
0.041116 0.103923 0.027487
0.052118 0.104067 0.032626
0.045227 0.103437 0.025958
0.043257 0.104099 0.028490
0.042943 0.103436 0.024654
0.044770 0.104172 0.031471
0.044785 0.103481 0.026083
0.054940 0.103330 0.029175
0.054144 0.102988 0.024128
0.041776 0.104172 0.030843
0.047310 0.103746 0.027761
0.051656 0.103597 0.026775
0.051598 0.103749 0.027725
0.043510 0.104076 0.029443
0.045225 0.104289 0.031652
0.048910 0.103645 0.027837
0.046188 0.103091 0.022810
0.042941 0.104363 0.032594
0.050430 0.104179 0.033325
0.045676 0.102985 0.022229
0.041475 0.103252 0.023180
0.048072 0.102821 0.024988
0.045424 0.103199 0.023814
0.043815 0.104069 0.030816
0.054647 0.102782 0.023845
0.041163 0.103965 0.027759
0.043343 0.104085 0.028190
0.050372 0.103087 0.023074
0.044690 0.104417 0.033537
0.045411 0.104269 0.030118
0.044482 0.103140 0.022306
0.045103 0.103222 0.023873
0.054143 0.103415 0.027749
0.056466 0.103283 0.027290
0.051188 0.103044 0.024958
0.054226 0.102866 0.024669
0.042958 0.104124 0.028632
0.045326 0.104307 0.031799
0.046625 0.103270 0.025480
0.049281 0.104855 0.037178
0.051056 0.103845 0.032065
0.047918 0.102886 0.024679
0.049487 0.103056 0.025452
0.048780 0.103474 0.027574
0.040523 0.104113 0.029811
0.042881 0.103234 0.023104
0.046631 0.103678 0.027676
0.048356 0.103600 0.027732
0.049476 0.103747 0.028238
0.049110 0.103206 0.027173
0.047690 0.102941 0.025529
0.046982 0.103778 0.028045
0.045096 0.103321 0.024607
0.045034 0.103594 0.026268
0.049965 0.103763 0.028452
0.052118 0.104067 0.032626
0.041681 0.104080 0.031632
0.044370 0.104037 0.028469
0.040781 0.104129 0.028633
0.048505 0.103688 0.028568
0.046169 0.103523 0.026516
0.053854 0.102981 0.024654
0.051232 0.103481 0.025634
0.044123 0.103858 0.029822
0.042187 0.103288 0.023689
0.044995 0.103508 0.026079
0.051057 0.104222 0.034320
0.042063 0.104203 0.031212
0.052731 0.103562 0.027289
0.045742 0.104204 0.030268
0.044627 0.104109 0.029395
0.046102 0.103385 0.025536
0.046012 0.104284 0.031474
0.042655 0.104188 0.031683
0.049089 0.103655 0.028049
0.045036 0.104424 0.033277
0.049806 0.103553 0.027385
0.045818 0.104410 0.032957
0.053178 0.102917 0.023072
0.047033 0.102936 0.024563
0.046233 0.103768 0.028704
0.041375 0.103902 0.028487
0.043349 0.103493 0.024808
0.053769 0.102881 0.022291
0.051085 0.103536 0.026486
0.041682 0.103257 0.023013
0.048469 0.104277 0.032721
0.051020 0.102991 0.024681
0.047234 0.103549 0.026549
0.041447 0.103884 0.027243
0.045968 0.103072 0.022261
0.051921 0.102971 0.024064
0.045040 0.103392 0.025068
0.044070 0.104028 0.030392
0.044818 0.104202 0.030764
0.046453 0.104438 0.033417
0.044316 0.103241 0.023003
0.050674 0.103959 0.032648
0.049953 0.103474 0.026706
0.046299 0.103225 0.021997
0.054958 0.103357 0.028211
0.044581 0.104174 0.029664
0.048403 0.103691 0.028215
0.047416 0.103634 0.026880
0.043654 0.103369 0.023983
0.049437 0.103143 0.023713
0.042546 0.103618 0.025204
0.047332 0.104545 0.033699
0.043889 0.104020 0.030620
0.043347 0.104140 0.031503
0.048967 0.104115 0.029454
0.043110 0.104355 0.032476
0.046776 0.104066 0.029834
0.050662 0.103041 0.024628
0.051790 0.103152 0.025011
0.049542 0.103510 0.027330
0.047605 0.103545 0.026671
0.054361 0.103408 0.028479
0.043193 0.103929 0.025583
0.042825 0.103993 0.026676
0.044691 0.104017 0.028486
0.044446 0.103972 0.028168
0.046866 0.103918 0.029035
0.044393 0.103756 0.026974
0.052284 0.103084 0.024909
0.051184 0.103012 0.025204
0.044858 0.103356 0.024495
0.044590 0.103510 0.025351
0.053551 0.103191 0.025974
0.041554 0.103385 0.024225
0.045350 0.103273 0.024388
0.053120 0.102970 0.024337
0.046749 0.103146 0.025080
0.044311 0.103455 0.024848
0.046418 0.103181 0.025128
0.044682 0.104333 0.032549
0.051822 0.103256 0.025383
0.050417 0.102957 0.022612
0.050710 0.103036 0.023248
0.046909 0.103592 0.026691
0.050063 0.102792 0.021422
0.043539 0.104103 0.030660
0.053160 0.103051 0.025068
0.051802 0.102978 0.024044
0.048134 0.103923 0.028863
0.043028 0.103203 0.022842
0.050824 0.104138 0.033398
0.049951 0.103769 0.029452
0.054072 0.102951 0.022985
0.047028 0.103209 0.025390
0.045987 0.103402 0.025676
0.041441 0.103840 0.027605
0.048036 0.103766 0.028099
0.045821 0.103407 0.025643
0.042188 0.103920 0.027325
0.045731 0.103205 0.023708
0.040771 0.103890 0.026983
0.052328 0.103389 0.025943
0.046010 0.103153 0.021987
0.048941 0.103208 0.026809
0.055049 0.102767 0.025168
0.050947 0.103010 0.023474
0.045759 0.104191 0.030053
0.053166 0.103124 0.025391
0.042481 0.103925 0.027309
0.047590 0.104105 0.029018
0.043314 0.103158 0.022396
0.049873 0.103087 0.024674
0.042391 0.103201 0.022694
0.050056 0.103672 0.027862
0.044059 0.103625 0.025247
0.042015 0.104213 0.030846
0.045501 0.103419 0.027214
0.045577 0.103881 0.028641
0.047235 0.103138 0.025215
0.044995 0.104254 0.031948
0.041867 0.103940 0.027827
0.050917 0.102756 0.021921
0.049513 0.103113 0.022573
0.045959 0.103482 0.027172
0.043510 0.104076 0.029443
0.050352 0.103128 0.024844
0.043277 0.104101 0.031239
0.045979 0.104397 0.032454
0.047566 0.103686 0.027253
0.044709 0.103348 0.024293
0.050883 0.102976 0.023746
0.054464 0.103584 0.029911
0.051199 0.102954 0.024477
0.051120 0.102947 0.024219
0.050580 0.104356 0.034268
0.046444 0.104181 0.031146
0.051037 0.103909 0.032692
0.048829 0.103171 0.026955
0.044511 0.104177 0.029771
0.047060 0.103493 0.026349
0.044033 0.103904 0.026996
0.050368 0.102852 0.022013
0.044997 0.103324 0.024397
0.050433 0.103106 0.024706
0.047885 0.103810 0.028173
0.043771 0.104178 0.032012
0.047246 0.104096 0.029425
0.050873 0.103749 0.028444
0.040954 0.104071 0.027858
0.042204 0.104132 0.028920
0.046903 0.103338 0.025945
0.052330 0.102932 0.024023
0.054321 0.103221 0.026372
0.053518 0.103349 0.027639
0.043551 0.103158 0.022432
0.050681 0.104275 0.033995
0.052435 0.103606 0.026794
0.052902 0.102920 0.024431
0.049875 0.102965 0.021942
0.045263 0.103261 0.024180
0.051889 0.103813 0.028255
0.051150 0.104297 0.034823
0.046880 0.103531 0.026449
0.047779 0.103787 0.028031
0.048619 0.104149 0.030568
0.041096 0.104055 0.031156
0.054128 0.103327 0.027257
0.045676 0.104398 0.032473
0.053116 0.102833 0.021857
0.050388 0.103733 0.028415
0.045508 0.104356 0.032142
0.049248 0.103877 0.028736
0.048005 0.103404 0.026664
0.049910 0.104705 0.036834
0.042678 0.104097 0.028444
0.042214 0.104226 0.030398
0.046067 0.103208 0.023700
0.052054 0.104077 0.033792
0.047643 0.104144 0.030584
0.040690 0.104041 0.029389
0.048188 0.104264 0.032056
0.052754 0.103101 0.025100
0.051116 0.103364 0.025475
0.049765 0.103636 0.027763
0.044995 0.104254 0.031948
0.052098 0.103153 0.025056
0.043182 0.103324 0.023888
0.054278 0.103423 0.028135
0.042699 0.103965 0.027077
0.045026 0.103956 0.028456
0.050313 0.104052 0.032863
0.044376 0.104044 0.031286
0.045852 0.103448 0.027477
0.047575 0.104391 0.032955
0.051556 0.103144 0.025195
0.046202 0.104081 0.029459
0.049250 0.103342 0.026937
0.042330 0.104230 0.029668
0.044980 0.104255 0.032151
0.054798 0.103344 0.026338
0.041977 0.104162 0.029697
0.051290 0.102662 0.022510
0.051279 0.103751 0.027804
0.052993 0.103041 0.024938
0.047082 0.104371 0.032717
0.050954 0.103608 0.026006
0.052624 0.102946 0.024622
0.052736 0.103350 0.025959
0.049286 0.102970 0.024624
0.051116 0.103364 0.025475
0.042699 0.103965 0.027077
0.054835 0.103350 0.026906
0.047313 0.103703 0.027321
0.049504 0.103874 0.028802
0.051805 0.103097 0.024824
0.041197 0.103980 0.027999
0.044162 0.103848 0.026960
0.049907 0.104794 0.037232
0.048997 0.103949 0.029013
0.041682 0.103350 0.023908
0.054361 0.103408 0.028479
0.042608 0.103924 0.027848
0.052328 0.103562 0.026536
0.050573 0.102910 0.022721
0.053030 0.103445 0.026507
0.051961 0.104075 0.032800
0.045987 0.103402 0.025676
0.046831 0.103282 0.025688
0.047179 0.104301 0.031709
0.050544 0.103978 0.032668
0.043807 0.103239 0.022881
0.051509 0.102975 0.023694
0.044361 0.104002 0.029157
0.046051 0.103770 0.028770
0.042546 0.103618 0.025204
0.043427 0.103468 0.024588
0.049243 0.103251 0.027096
0.049688 0.103018 0.022121
0.044816 0.103694 0.027527
0.047785 0.103894 0.028421
0.043229 0.103447 0.024615
0.045316 0.103380 0.027017
0.047575 0.104549 0.033809
0.044077 0.104046 0.028201
0.045743 0.104536 0.034289
0.049776 0.103310 0.026200
0.042097 0.103342 0.023956
0.045430 0.104299 0.031592
0.051544 0.102960 0.023464
0.043602 0.103203 0.022800
0.049047 0.103068 0.022420
0.048707 0.103014 0.022130
0.050819 0.103737 0.028736
0.049359 0.103097 0.022534
0.051532 0.102922 0.023255
0.043979 0.103449 0.024788
0.042993 0.104152 0.029864
0.047591 0.104445 0.033267
0.051212 0.103573 0.027008
0.048994 0.103017 0.022127
0.047704 0.103018 0.025834
0.050360 0.103697 0.029085
0.047419 0.104365 0.032618
0.048010 0.102735 0.025388
0.043409 0.104080 0.029746
0.053871 0.102940 0.023236
0.053392 0.103382 0.027772
0.048002 0.103366 0.026584
0.050255 0.103153 0.023252
0.043263 0.104225 0.031811
0.049464 0.103621 0.027775
0.044347 0.103275 0.023503
0.041241 0.103417 0.025059
0.049061 0.104710 0.036101
0.049581 0.103576 0.027549
0.050478 0.103497 0.026753
0.055386 0.102997 0.025812
0.048293 0.102565 0.025663
0.046494 0.103178 0.022083
0.051580 0.103394 0.025795
0.053075 0.103375 0.026243
0.052681 0.103524 0.026578
0.052645 0.102898 0.024290
0.042408 0.104341 0.032801
0.046483 0.103843 0.028943
0.049489 0.103200 0.023207
0.046781 0.103781 0.028680
0.050697 0.103489 0.027178
0.047524 0.103999 0.028685
0.047010 0.104071 0.029465
0.051231 0.103789 0.028369
0.044753 0.104231 0.032104
0.040864 0.104055 0.027638
0.041871 0.104153 0.031378
0.045361 0.103085 0.022534
0.043639 0.104132 0.031582
0.049279 0.103537 0.027548
0.050108 0.103948 0.032359
0.047080 0.104233 0.031341
0.047802 0.104111 0.029865
0.045759 0.104191 0.030053
0.041971 0.103356 0.024939
0.050988 0.103955 0.032879
0.045113 0.104276 0.030287
0.044827 0.103559 0.026940
0.044906 0.104211 0.029665
0.054423 0.102817 0.024703
0.055068 0.103065 0.025828
0.043539 0.104103 0.030660
0.044723 0.103288 0.023944
0.042171 0.103766 0.026144
0.041881 0.103284 0.023636
0.047390 0.103109 0.025422
0.043693 0.103852 0.025870
0.052871 0.102917 0.024241
0.043382 0.104341 0.032423
0.043455 0.104057 0.028951
0.046842 0.104261 0.031478
0.050434 0.103722 0.028596
0.046143 0.103563 0.027756
0.043287 0.103266 0.023183
0.046788 0.103852 0.028909
0.043770 0.104108 0.031407
0.051246 0.102961 0.023761
0.052255 0.103751 0.028815
0.047223 0.104193 0.031156
0.047315 0.104623 0.034510
0.052064 0.103545 0.026463
0.054610 0.102909 0.025458
0.040966 0.103976 0.028216
0.050442 0.103629 0.027591
0.051959 0.103796 0.028142
0.052888 0.103523 0.027512
0.045668 0.104201 0.029763
0.044786 0.103447 0.025559
0.042153 0.103524 0.024535
0.048668 0.103898 0.029093
0.053712 0.102926 0.023535
0.052125 0.104101 0.033516
0.049087 0.103200 0.026606
0.047039 0.102989 0.021870
0.050187 0.103181 0.023378
0.052295 0.102958 0.023486
0.040857 0.104116 0.028880
0.041295 0.103447 0.025251
0.045375 0.104430 0.033303
0.051383 0.102711 0.022126
0.049099 0.103013 0.025995
0.043848 0.104137 0.031820
0.051151 0.102807 0.022823
0.045641 0.103931 0.028892
0.051594 0.103430 0.025978
0.045850 0.103128 0.023298
0.055720 0.103437 0.030529
0.046674 0.104035 0.030585
0.042578 0.104230 0.030599
0.046402 0.104019 0.029372
0.042404 0.103437 0.024274
0.042026 0.103586 0.024615
0.050313 0.102804 0.021723
0.051335 0.102951 0.024341
0.048582 0.103381 0.027247
0.048951 0.102927 0.026238
0.046041 0.104350 0.031874
0.044075 0.103298 0.023510
0.045676 0.104170 0.029523
0.047923 0.102764 0.025609
0.050655 0.103032 0.023544
0.044280 0.103279 0.023245
0.046377 0.103169 0.023733
0.043350 0.103957 0.026388
0.053927 0.102918 0.023554
0.044349 0.103520 0.025255
0.042054 0.104075 0.028379
0.045914 0.103797 0.028502
0.048857 0.104739 0.036282
0.045326 0.103362 0.025061
0.041934 0.103608 0.025763
0.042679 0.103966 0.026476
0.045860 0.103939 0.029009
0.046399 0.104080 0.030708
0.045327 0.103485 0.027493
0.051671 0.104107 0.033421
0.051891 0.103972 0.032234
0.044137 0.104200 0.032026
0.041166 0.103697 0.026152
0.043791 0.104014 0.029887
0.049482 0.104676 0.035979
0.054423 0.102817 0.024703
0.055841 0.103296 0.026740
0.043359 0.103921 0.026196
0.050295 0.102908 0.022160
0.044675 0.103720 0.027398
0.050453 0.103921 0.032430
0.047113 0.103813 0.028233
0.050640 0.102734 0.021408
0.048336 0.103314 0.026858
0.046290 0.103156 0.022235
0.044141 0.103646 0.026406
0.052025 0.104032 0.032473
0.054633 0.103298 0.026635
0.045318 0.103893 0.028443
0.048475 0.102731 0.025837
0.051697 0.103693 0.027266
0.050505 0.103013 0.024097
0.051812 0.102994 0.024423
0.047030 0.104092 0.030843
0.044874 0.103142 0.022661
0.046479 0.104062 0.029717
0.047048 0.103266 0.025721
0.049671 0.102852 0.021517
0.051878 0.103717 0.027566
0.042286 0.103946 0.027884
0.047466 0.103669 0.027068
0.041275 0.103841 0.026752
0.045213 0.103206 0.023967
0.043893 0.104071 0.028280
0.043755 0.103162 0.022658
0.044535 0.103476 0.025020
0.052191 0.104098 0.033385
0.045250 0.104220 0.031011
0.048650 0.102691 0.025122
0.050087 0.103151 0.023030
0.049210 0.103323 0.026783
0.043552 0.104327 0.033078
0.043166 0.104006 0.027083
0.043125 0.103355 0.024516
0.050208 0.103708 0.028808
0.044145 0.103367 0.024246
0.046135 0.103759 0.028350
0.052963 0.103544 0.027832
0.050591 0.102781 0.021874
0.053343 0.103364 0.026420
0.042805 0.103892 0.025939
0.043910 0.104013 0.027805
0.041841 0.103432 0.024373
0.045893 0.103769 0.028300
0.044281 0.104031 0.030530
0.046562 0.103165 0.025014
0.049049 0.104752 0.036520
0.041743 0.103972 0.028042
0.054200 0.102913 0.023585
0.049589 0.104712 0.036694
0.044974 0.103169 0.022869
0.045868 0.104269 0.031369
0.042026 0.103881 0.026475
0.048649 0.104067 0.029390
0.049841 0.103452 0.026663
0.045860 0.103188 0.023864
0.050011 0.103558 0.027335
0.050833 0.102980 0.024496
0.046961 0.104136 0.031025
0.051257 0.103535 0.026678
0.048252 0.103432 0.027011
0.043608 0.104031 0.028972
0.050712 0.104132 0.033230
0.050906 0.102894 0.022903
0.048400 0.102887 0.026357
0.047170 0.103984 0.028946
0.044432 0.103696 0.026817
0.041796 0.104089 0.028822
0.044398 0.104259 0.032171
0.050289 0.103487 0.026149
0.043224 0.103995 0.025775
0.049672 0.103922 0.030357
0.052786 0.102929 0.023983
0.053075 0.103375 0.026243
0.041768 0.104040 0.028542
0.043794 0.104000 0.026917
0.044897 0.103589 0.026401
0.042071 0.103562 0.024654
0.041730 0.103268 0.022832
0.043928 0.104127 0.031632
0.048216 0.103562 0.027428
0.051589 0.103465 0.026218
0.050483 0.103603 0.027451
0.048879 0.103789 0.028719
0.043107 0.103281 0.023357
0.051538 0.103201 0.025401
0.042333 0.103506 0.024629
0.051393 0.103931 0.032569
0.047908 0.102986 0.021724
0.043383 0.104034 0.026713
0.053160 0.103051 0.025068
0.048606 0.102847 0.026052
0.047440 0.103316 0.026157
0.053343 0.103364 0.026420
0.053398 0.103410 0.027043
0.046633 0.103097 0.023842
0.055313 0.103644 0.031388
0.043349 0.103493 0.024808
0.040611 0.104135 0.029083
0.044105 0.104109 0.031418
0.045241 0.103340 0.024945
0.042055 0.103795 0.026270
0.045232 0.104301 0.032032
0.047732 0.102984 0.024978
0.042960 0.103974 0.026901
0.045533 0.103469 0.027639
0.047767 0.104139 0.028990
0.054562 0.103632 0.030393
0.046898 0.104314 0.031787
0.045466 0.103447 0.025799
0.052042 0.103047 0.024714
0.044170 0.104355 0.032878
0.053933 0.103243 0.026407
0.045184 0.104195 0.031306
0.051850 0.104032 0.034321
0.040963 0.104024 0.029189
0.054743 0.103312 0.026559
0.050444 0.103662 0.027799
0.042503 0.103316 0.023747
0.044983 0.104208 0.030921
0.046299 0.103225 0.021997
0.045833 0.103264 0.024874
0.044890 0.104361 0.032630
0.045922 0.104492 0.033782
0.044651 0.103918 0.028144
0.041985 0.103245 0.022982
0.046908 0.103798 0.028318
0.054511 0.103316 0.026954
0.042321 0.103251 0.023351
0.046730 0.103079 0.023453
0.049743 0.103210 0.023408
0.045901 0.104157 0.030011
0.054786 0.103410 0.027518
0.051556 0.103144 0.025195
0.048256 0.103484 0.027178
0.046180 0.103613 0.027983
0.043155 0.104298 0.033160
0.050689 0.102741 0.021613
0.043476 0.103343 0.023723
0.051450 0.103897 0.032275
0.049368 0.103358 0.027225
0.045255 0.103559 0.026307
0.044518 0.104046 0.030176
0.047416 0.103041 0.025051
0.048705 0.103297 0.027258
0.044531 0.103979 0.028929
0.041663 0.104126 0.031156
0.050526 0.103042 0.023669
0.048964 0.103714 0.028339
0.052289 0.103651 0.027140
0.041297 0.103988 0.028653
0.045411 0.103373 0.025385
0.048245 0.102595 0.025485
0.048649 0.104067 0.029390
0.044611 0.104057 0.031293
0.042420 0.103366 0.024022
0.045252 0.104107 0.029193
0.052444 0.103470 0.026242
0.049733 0.103752 0.028255
0.046019 0.103341 0.025308
0.042055 0.103795 0.026270
0.047837 0.102889 0.025808
0.053835 0.103332 0.026977
0.050725 0.104377 0.034776
0.055197 0.103308 0.029197
0.042781 0.103166 0.022524
0.052251 0.103670 0.027452
0.054201 0.103304 0.027026
0.052046 0.102953 0.023409
0.049373 0.103313 0.026616
0.046445 0.104297 0.031598
0.054115 0.103865 0.031808
0.049348 0.103501 0.027418
0.045180 0.103398 0.025719
0.048030 0.103546 0.027087
0.042803 0.103823 0.025638
0.054811 0.102782 0.024509
0.046837 0.104537 0.033820
0.054150 0.103326 0.027401
0.046413 0.104502 0.033779
0.050165 0.103706 0.029216
0.046786 0.103004 0.022281
0.041464 0.103921 0.027786
0.048489 0.103598 0.027851
0.043265 0.103861 0.025410
0.041496 0.104087 0.029756
0.042884 0.103193 0.022722
0.040431 0.104081 0.029474
0.041525 0.103729 0.026212
0.040480 0.104275 0.028730
0.049550 0.103824 0.028584
0.052513 0.102941 0.023159
0.056787 0.103276 0.027209
0.046396 0.104056 0.030482
0.055233 0.103413 0.030071
