0.093214 -0.020190 0.052820
0.092481 -0.013983 0.052400
0.090911 -0.015293 0.052626
0.093676 -0.021063 0.052789
0.085622 -0.020538 0.052709
0.085796 -0.017617 0.052754
0.094480 -0.020204 0.052670
0.093180 -0.020932 0.052811
0.088787 -0.011908 0.052995
0.088157 -0.020468 0.052650
0.085851 -0.021571 0.052587
0.083581 -0.019181 0.052766
0.089545 -0.021884 0.052554
0.088345 -0.015638 0.052764
0.083455 -0.016563 0.052756
0.094515 -0.019315 0.052543
0.094974 -0.022577 0.052193
0.092906 -0.017934 0.052661
0.094551 -0.021178 0.052679
0.088187 -0.013802 0.052874
0.088778 -0.019778 0.052659
0.094129 -0.018714 0.052524
0.094182 -0.015451 0.051808
0.093522 -0.015036 0.052141
0.084826 -0.016575 0.052747
0.089812 -0.013901 0.052718
0.086233 -0.018705 0.052756
0.096089 -0.017862 0.051818
0.090459 -0.018947 0.052727
0.086701 -0.020728 0.052676
0.093900 -0.022701 0.052806
0.091855 -0.015005 0.052548
0.085192 -0.022350 0.052526
0.091050 -0.011182 0.052821
0.091985 -0.009952 0.052750
0.092060 -0.011753 0.052686
0.092496 -0.011018 0.052670
0.090675 -0.010767 0.052890
0.085519 -0.022731 0.052425
0.093598 -0.018897 0.052700
0.091703 -0.020734 0.052810
0.088002 -0.023919 0.052309
0.085984 -0.021702 0.052543
0.091682 -0.010288 0.052795
0.083038 -0.018411 0.052782
0.085519 -0.016988 0.052740
0.091022 -0.018772 0.052759
0.095964 -0.021326 0.051877
0.082333 -0.017126 0.052767
0.093397 -0.022330 0.052838
0.086208 -0.018084 0.052740
0.087221 -0.013045 0.052987
0.090269 -0.017722 0.052684
0.084466 -0.020107 0.052751
0.092095 -0.017038 0.052673
0.091006 -0.020298 0.052798
0.091556 -0.012056 0.052713
0.087550 -0.017476 0.052731
0.089594 -0.022433 0.052515
0.093827 -0.023013 0.052756
0.093269 -0.017486 0.052518
0.091100 -0.017689 0.052730
0.091485 -0.011322 0.052769
0.085256 -0.019801 0.052764
0.087444 -0.021897 0.052467
0.087496 -0.016845 0.052727
0.095005 -0.017352 0.051867
0.085805 -0.018414 0.052750
0.089406 -0.012776 0.052848
0.085817 -0.022296 0.052552
0.092924 -0.021052 0.052793
0.091716 -0.024006 0.052461
0.085463 -0.014199 0.053013
0.091268 -0.012368 0.052703
0.087033 -0.015316 0.052830
0.091581 -0.012744 0.052629
0.083376 -0.018902 0.052771
0.086406 -0.017368 0.052740
0.094059 -0.022812 0.052766
0.093473 -0.017740 0.052512
0.088941 -0.017700 0.052649
0.091167 -0.019379 0.052780
0.089735 -0.023244 0.052385
0.092288 -0.014659 0.052475
0.091341 -0.021335 0.052728
0.091366 -0.021822 0.052688
0.090284 -0.023693 0.052391
0.093741 -0.017896 0.052487
0.084484 -0.020849 0.052701
0.087896 -0.019944 0.052667
0.084221 -0.018986 0.052788
0.090866 -0.023091 0.052545
0.089582 -0.018036 0.052616
0.086798 -0.015594 0.052825
0.089419 -0.013482 0.052784
0.090821 -0.014596 0.052612
0.091522 -0.016208 0.052678
0.090951 -0.023780 0.052419
0.085310 -0.020970 0.052687
0.083456 -0.018330 0.052771
0.091323 -0.015359 0.052606
0.088505 -0.016394 0.052729
0.087362 -0.022782 0.052272
0.085956 -0.018909 0.052774
0.089736 -0.014836 0.052691
0.088720 -0.017980 0.052641
0.090917 -0.022186 0.052633
0.091375 -0.020288 0.052825
0.089079 -0.014783 0.052755
0.084696 -0.019742 0.052766
0.089079 -0.014783 0.052755
0.087336 -0.018214 0.052693
0.088621 -0.013257 0.052874
0.083895 -0.018664 0.052777
0.088993 -0.016180 0.052724
0.095689 -0.022188 0.051946
0.085842 -0.021958 0.052559
0.088270 -0.013140 0.052908
0.088330 -0.011628 0.053051
0.088481 -0.015919 0.052746
0.092280 -0.011458 0.052674
0.084666 -0.017799 0.052756
0.090006 -0.017589 0.052669
0.085047 -0.018382 0.052785
0.093801 -0.019305 0.052725
0.086049 -0.023080 0.052386
0.092390 -0.020718 0.052798
0.094907 -0.016680 0.051748
0.090247 -0.015114 0.052671
0.085083 -0.017329 0.052727
0.089015 -0.022739 0.052425
0.082789 -0.015767 0.052805
0.087650 -0.021816 0.052456
0.088302 -0.022638 0.052395
0.089440 -0.023120 0.052402
0.085231 -0.016428 0.052764
0.093594 -0.017146 0.052296
0.092967 -0.024120 0.052481
0.091465 -0.013566 0.052547
0.086460 -0.021218 0.052634
0.092326 -0.012702 0.052560
0.093584 -0.023018 0.052748
0.091412 -0.021557 0.052697
0.094331 -0.023911 0.052398
0.095236 -0.020775 0.052325
0.090003 -0.010426 0.052992
0.090890 -0.010010 0.052899
0.085257 -0.015565 0.052883
0.088203 -0.021638 0.052531
0.090228 -0.017106 0.052722
0.088064 -0.014374 0.052849
0.091402 -0.017539 0.052739
0.092440 -0.020001 0.052852
0.093025 -0.012601 0.052520
0.094075 -0.016268 0.051960
0.095518 -0.020628 0.052079
0.092401 -0.019628 0.052832
0.091413 -0.010104 0.052835
0.088940 -0.021324 0.052604
0.085256 -0.019801 0.052764
0.090100 -0.024256 0.052262
0.095447 -0.022857 0.051957
0.087782 -0.013693 0.052915
0.084170 -0.014693 0.052958
0.087756 -0.012186 0.053018
0.091626 -0.021760 0.052717
0.093139 -0.021829 0.052840
0.092247 -0.023873 0.052522
0.087877 -0.023085 0.052353
0.092279 -0.018232 0.052758
0.093998 -0.018773 0.052596
0.092471 -0.010674 0.052679
0.088303 -0.020605 0.052641
0.095034 -0.021508 0.052382
0.086886 -0.013757 0.052974
0.092409 -0.017389 0.052670
0.090018 -0.014871 0.052668
0.095640 -0.020471 0.051920
0.092195 -0.013623 0.052441
0.086251 -0.018337 0.052731
0.083239 -0.017018 0.052728
0.087065 -0.021334 0.052570
0.096425 -0.022085 0.051963
0.090627 -0.017541 0.052717
0.086662 -0.015145 0.052869
0.090819 -0.011897 0.052795
0.088819 -0.018208 0.052628
0.088547 -0.014832 0.052779
0.092611 -0.011708 0.052636
0.086213 -0.013689 0.053008
0.085786 -0.015191 0.052914
0.091682 -0.010911 0.052761
0.084924 -0.020481 0.052727
0.092910 -0.016410 0.052385
0.088188 -0.024208 0.052266
0.083860 -0.014865 0.052921
0.086514 -0.015425 0.052853
0.086184 -0.017898 0.052742
0.091227 -0.012726 0.052672
0.088169 -0.015538 0.052773
0.084546 -0.015920 0.052828
0.089150 -0.023686 0.052330
0.091447 -0.022428 0.052649
0.092762 -0.022703 0.052718
0.086534 -0.021859 0.052551
0.091571 -0.023126 0.052560
0.092694 -0.018426 0.052726
0.084522 -0.018295 0.052785
0.088957 -0.016573 0.052713
0.084984 -0.018987 0.052796
0.082474 -0.016277 0.052784
0.087055 -0.018381 0.052703
0.094497 -0.023419 0.052430
0.083375 -0.017755 0.052761
0.088385 -0.012599 0.052943
0.094927 -0.017767 0.052021
0.095342 -0.020202 0.052193
0.086812 -0.015943 0.052801
0.094527 -0.022962 0.052544
0.094812 -0.018158 0.052093
0.089674 -0.015848 0.052712
0.089965 -0.024098 0.052294
0.087792 -0.024299 0.052258
0.094819 -0.021957 0.052512
0.094868 -0.018887 0.052270
0.090365 -0.010469 0.052947
0.087024 -0.022221 0.052466
0.083562 -0.015894 0.052784
0.092929 -0.023265 0.052640
0.090900 -0.012606 0.052721
0.087725 -0.023969 0.052289
0.091405 -0.014442 0.052550
0.087972 -0.015222 0.052794
0.088908 -0.019187 0.052629
0.089284 -0.016007 0.052720
0.089066 -0.019583 0.052656
0.086046 -0.018547 0.052759
0.089668 -0.018768 0.052624
0.089746 -0.016737 0.052715
0.087463 -0.023722 0.052273
0.093594 -0.018444 0.052611
0.091163 -0.020558 0.052808
0.092113 -0.021190 0.052762
0.095527 -0.020273 0.052071
0.093126 -0.014022 0.052350
0.092700 -0.018983 0.052770
0.083892 -0.016813 0.052715
0.085662 -0.017340 0.052752
0.089406 -0.012776 0.052848
0.092747 -0.021761 0.052817
0.093906 -0.015254 0.051908
0.088767 -0.012396 0.052945
0.095584 -0.016870 0.051635
0.084504 -0.018748 0.052795
0.089356 -0.018048 0.052625
0.094453 -0.016048 0.051790
0.092155 -0.015595 0.052523
0.091313 -0.015921 0.052649
0.083163 -0.016213 0.052781
0.091573 -0.014809 0.052535
0.086849 -0.017221 0.052750
0.091724 -0.016558 0.052681
0.091600 -0.014335 0.052520
0.093680 -0.012944 0.052439
0.092805 -0.016927 0.052509
0.091889 -0.014699 0.052486
0.093252 -0.014902 0.052199
0.094207 -0.020346 0.052725
0.093156 -0.012343 0.052541
0.091666 -0.012367 0.052666
0.084273 -0.015247 0.052903
0.093986 -0.016620 0.052050
0.089195 -0.018652 0.052603
0.093171 -0.017745 0.052587
0.095079 -0.023641 0.052165
0.086735 -0.017577 0.052703
0.084730 -0.017262 0.052744
0.091475 -0.009584 0.052813
0.088396 -0.018167 0.052655
0.091887 -0.023397 0.052552
0.085067 -0.020770 0.052704
0.087610 -0.018855 0.052685
0.089744 -0.015207 0.052705
0.091365 -0.010330 0.052834
0.093528 -0.024238 0.052464
0.092144 -0.017886 0.052732
0.089434 -0.012398 0.052886
0.085701 -0.018055 0.052734
0.089817 -0.013073 0.052788
0.090003 -0.014201 0.052667
0.091622 -0.016956 0.052710
0.089556 -0.019986 0.052719
0.094250 -0.016561 0.051970
0.095148 -0.022926 0.052025
0.088985 -0.014146 0.052787
0.094166 -0.015800 0.051879
0.092696 -0.022365 0.052769
0.088131 -0.017483 0.052692
0.089300 -0.019264 0.052629
0.084629 -0.019062 0.052789
0.095269 -0.022357 0.052019
0.087945 -0.022217 0.052415
0.085761 -0.021147 0.052652
0.095827 -0.018698 0.051942
0.090691 -0.013952 0.052622
0.091219 -0.016734 0.052723
0.092188 -0.022010 0.052753
0.088142 -0.023673 0.052315
0.084627 -0.020581 0.052721
0.085346 -0.015211 0.052933
0.095210 -0.023058 0.052004
0.085010 -0.016970 0.052724
0.092571 -0.016509 0.052555
0.091136 -0.023436 0.052497
0.083631 -0.015628 0.052812
0.090540 -0.023708 0.052394
0.091600 -0.014335 0.052520
0.096485 -0.019086 0.051850
0.086823 -0.024172 0.052249
0.083455 -0.016563 0.052756
0.094062 -0.014040 0.052118
0.092251 -0.016866 0.052647
0.086244 -0.013299 0.053020
0.084215 -0.020039 0.052748
0.091433 -0.016597 0.052708
0.085449 -0.020730 0.052702
0.093364 -0.012558 0.052496
0.088668 -0.014314 0.052807
0.091185 -0.023931 0.052417
0.088248 -0.019186 0.052660
0.095077 -0.021165 0.052423
0.090006 -0.017589 0.052669
0.084956 -0.015249 0.052931
0.090616 -0.015790 0.052673
0.092084 -0.014907 0.052527
0.091528 -0.021052 0.052768
0.092525 -0.017594 0.052679
0.092749 -0.016182 0.052446
0.084936 -0.015818 0.052852
0.089190 -0.023024 0.052413
0.082864 -0.018036 0.052775
0.094817 -0.021330 0.052571
0.087638 -0.018464 0.052687
0.096445 -0.020020 0.051728
0.093686 -0.022823 0.052784
0.093952 -0.015964 0.051955
0.086583 -0.013533 0.053009
0.084061 -0.016441 0.052773
0.093863 -0.015074 0.051958
0.090393 -0.019313 0.052745
0.082790 -0.016149 0.052790
0.094135 -0.013071 0.052349
0.085396 -0.014491 0.053000
0.093528 -0.024238 0.052464
0.090493 -0.012094 0.052811
0.088358 -0.017116 0.052692
0.091831 -0.015996 0.052645
0.086046 -0.017649 0.052749
0.092177 -0.014137 0.052433
0.094205 -0.014159 0.052041
0.092093 -0.014433 0.052478
0.091431 -0.024105 0.052417
0.089093 -0.022369 0.052488
0.084366 -0.014525 0.052978
0.094894 -0.016291 0.051712
0.086780 -0.019912 0.052706
0.088570 -0.019220 0.052641
0.093402 -0.016398 0.052199
0.091228 -0.016435 0.052704
0.090092 -0.019010 0.052699
0.094166 -0.015800 0.051879
0.096385 -0.018299 0.051976
0.096267 -0.018974 0.051834
0.095101 -0.015752 0.051670
0.094293 -0.017946 0.052208
0.091943 -0.015944 0.052624
0.085161 -0.014773 0.052979
0.094103 -0.024251 0.052391
0.084832 -0.015465 0.052896
0.081922 -0.016242 0.052829
0.086619 -0.021556 0.052548
0.092983 -0.019074 0.052770
0.093799 -0.016260 0.052035
0.086890 -0.020245 0.052691
0.094219 -0.019147 0.052610
0.090310 -0.023175 0.052447
0.084165 -0.019680 0.052766
0.086202 -0.021886 0.052553
0.087192 -0.016411 0.052739
0.093462 -0.015875 0.052125
0.093594 -0.018444 0.052611
0.088422 -0.012923 0.052910
0.089857 -0.020450 0.052734
0.085621 -0.021425 0.052613
0.088177 -0.022947 0.052369
0.092856 -0.018717 0.052752
0.094001 -0.021520 0.052790
0.093165 -0.023711 0.052588
0.092017 -0.020551 0.052826
0.084340 -0.015822 0.052829
0.093884 -0.011807 0.052517
0.094437 -0.015707 0.051766
0.090098 -0.021968 0.052596
0.094451 -0.015302 0.051762
0.089603 -0.011632 0.052946
0.093902 -0.020710 0.052777
0.095749 -0.020207 0.051868
0.095278 -0.017881 0.051949
0.096102 -0.021598 0.051821
0.090716 -0.017321 0.052725
0.095440 -0.019820 0.052096
0.088066 -0.014125 0.052858
0.095943 -0.019079 0.051924
0.090271 -0.010887 0.052923
0.089421 -0.014617 0.052726
0.088410 -0.011908 0.053018
0.088679 -0.015145 0.052754
0.095371 -0.020041 0.052168
0.089441 -0.013817 0.052763
0.082474 -0.016277 0.052784
0.093433 -0.019939 0.052795
0.088737 -0.019409 0.052622
0.088214 -0.013442 0.052897
0.089418 -0.017221 0.052674
0.089042 -0.018034 0.052627
0.092085 -0.021436 0.052765
0.084320 -0.016554 0.052774
0.091454 -0.016863 0.052719
0.096638 -0.021651 0.051914
0.085777 -0.017780 0.052741
0.095743 -0.021269 0.051970
0.093975 -0.015567 0.051888
0.089043 -0.021959 0.052528
0.093859 -0.023533 0.052633
0.086468 -0.013002 0.053024
0.089300 -0.019264 0.052629
0.095138 -0.023394 0.052103
0.086259 -0.023382 0.052318
0.090505 -0.016997 0.052727
0.093863 -0.021292 0.052788
0.088627 -0.021949 0.052472
0.094024 -0.023101 0.052712
0.094245 -0.018484 0.052385
0.092632 -0.013089 0.052477
0.088403 -0.017804 0.052671
0.089170 -0.020461 0.052671
0.091246 -0.020942 0.052777
0.090585 -0.018538 0.052718
0.092899 -0.019294 0.052791
0.089629 -0.011960 0.052912
0.091240 -0.018258 0.052734
0.084039 -0.018366 0.052772
0.095986 -0.021911 0.051892
0.090547 -0.010060 0.052941
0.090916 -0.019679 0.052781
0.085380 -0.021227 0.052651
0.084872 -0.020094 0.052744
0.087573 -0.016525 0.052746
0.092408 -0.018545 0.052759
0.088396 -0.018167 0.052655
0.087833 -0.017495 0.052713
0.096202 -0.018550 0.051937
0.090695 -0.010423 0.052914
0.086468 -0.019654 0.052729
0.090167 -0.020841 0.052707
0.095848 -0.020570 0.051842
0.086820 -0.022833 0.052367
0.088195 -0.019980 0.052661
0.093525 -0.013659 0.052357
0.090900 -0.012606 0.052721
0.085911 -0.023577 0.052344
0.087314 -0.020147 0.052676
0.093313 -0.015861 0.052175
0.092687 -0.014277 0.052378
0.095477 -0.020929 0.052121
0.091790 -0.023614 0.052511
0.096154 -0.020665 0.051750
0.086021 -0.022134 0.052560
0.094388 -0.024159 0.052273
0.094048 -0.017510 0.052219
0.089305 -0.024061 0.052320
0.095686 -0.021038 0.051965
0.091776 -0.022758 0.052621
0.084944 -0.017640 0.052734
0.083190 -0.015399 0.052822
0.091174 -0.011983 0.052753
0.095380 -0.015929 0.051674
0.093088 -0.019796 0.052817
0.094433 -0.016877 0.051996
0.089200 -0.012550 0.052885
0.089325 -0.014238 0.052742
0.089286 -0.015337 0.052725
0.090174 -0.022502 0.052549
0.096780 -0.020226 0.051759
0.087730 -0.023594 0.052315
0.088791 -0.020106 0.052676
0.095876 -0.018211 0.051861
0.087101 -0.021950 0.052466
0.086576 -0.014708 0.052915
0.096328 -0.021522 0.051734
0.091398 -0.020640 0.052808
0.089637 -0.023787 0.052355
0.092085 -0.012418 0.052622
0.089968 -0.022260 0.052549
0.091544 -0.022780 0.052605
0.094001 -0.021520 0.052790
0.087136 -0.018950 0.052709
0.089685 -0.013352 0.052772
0.089939 -0.011597 0.052914
0.085594 -0.020987 0.052680
0.085242 -0.021555 0.052617
0.084340 -0.015822 0.052829
0.094395 -0.019805 0.052660
0.085786 -0.015191 0.052914
0.088605 -0.020354 0.052628
0.092741 -0.017474 0.052633
0.094232 -0.014768 0.051902
0.086468 -0.013002 0.053024
0.084340 -0.021102 0.052680
0.090857 -0.013339 0.052647
0.088956 -0.013645 0.052823
0.088303 -0.020605 0.052641
0.087886 -0.020644 0.052655
0.085403 -0.017602 0.052740
0.087414 -0.018891 0.052705
0.092266 -0.016553 0.052630
0.086016 -0.017329 0.052756
0.085228 -0.020673 0.052708
0.091873 -0.022303 0.052699
0.083076 -0.017156 0.052734
0.095119 -0.016025 0.051704
0.090272 -0.023966 0.052336
0.087334 -0.013811 0.052938
0.094557 -0.024044 0.052196
0.092976 -0.015163 0.052269
0.094269 -0.021689 0.052746
0.086890 -0.014141 0.052940
0.096611 -0.020221 0.051682
0.093733 -0.014503 0.052134
0.089844 -0.022123 0.052558
0.094561 -0.020507 0.052687
0.091112 -0.017940 0.052712
0.089950 -0.020764 0.052702
0.091068 -0.010839 0.052840
0.086431 -0.020655 0.052694
0.095452 -0.021672 0.051997
0.092805 -0.016927 0.052509
0.085146 -0.015524 0.052890
0.095696 -0.022631 0.051948
0.088275 -0.016141 0.052734
0.084944 -0.017640 0.052734
0.089349 -0.016868 0.052694
0.086934 -0.019598 0.052718
0.092962 -0.015665 0.052299
0.092144 -0.017886 0.052732
0.090802 -0.011517 0.052826
0.087748 -0.015150 0.052797
0.094033 -0.021022 0.052763
0.095476 -0.017836 0.051849
0.094803 -0.019432 0.052405
0.085935 -0.013466 0.053013
0.090961 -0.022427 0.052624
0.084165 -0.019680 0.052766
0.091223 -0.016337 0.052690
0.093637 -0.015351 0.052099
0.087429 -0.015696 0.052783
0.094638 -0.023159 0.052388
0.091684 -0.019423 0.052796
0.093900 -0.022701 0.052806
0.095414 -0.022506 0.051982
0.094101 -0.012547 0.052439
0.088940 -0.018487 0.052615
0.097313 -0.020743 0.052087
0.083072 -0.017625 0.052746
0.093114 -0.016500 0.052328
0.093014 -0.015379 0.052270
0.090021 -0.018541 0.052665
0.089587 -0.021062 0.052656
0.087824 -0.015674 0.052777
0.093336 -0.011007 0.052567
0.089919 -0.021450 0.052614
0.094447 -0.024321 0.052217
0.084472 -0.019466 0.052783
0.095048 -0.019563 0.052274
0.094702 -0.014122 0.051907
0.092983 -0.011386 0.052606
0.089180 -0.017799 0.052637
0.094182 -0.021911 0.052813
0.090731 -0.018886 0.052741
0.092755 -0.014529 0.052351
0.092694 -0.018426 0.052726
0.090900 -0.012606 0.052721
0.085901 -0.021001 0.052679
0.092918 -0.013098 0.052467
0.087725 -0.014116 0.052892
0.091786 -0.019020 0.052788
0.090613 -0.015516 0.052657
0.085831 -0.013931 0.053008
0.088042 -0.020823 0.052631
0.093044 -0.018387 0.052686
0.085871 -0.016779 0.052744
0.092873 -0.018227 0.052698
0.090333 -0.015845 0.052678
0.084923 -0.014707 0.052986
0.093832 -0.022111 0.052838
0.090135 -0.012474 0.052816
0.086355 -0.022452 0.052464
0.089197 -0.021474 0.052582
0.091426 -0.019454 0.052803
0.093598 -0.018897 0.052700
0.087324 -0.019615 0.052710
0.088681 -0.024050 0.052299
0.094057 -0.023373 0.052647
0.095076 -0.017199 0.051843
0.086550 -0.018653 0.052748
0.093740 -0.012649 0.052469
0.086850 -0.022621 0.052408
0.085170 -0.022609 0.052476
0.087702 -0.014851 0.052821
0.089843 -0.021762 0.052592
0.083832 -0.016360 0.052788
0.086414 -0.014955 0.052905
0.094912 -0.023926 0.052175
0.087063 -0.020826 0.052658
0.095892 -0.019350 0.051936
0.089648 -0.014272 0.052705
0.086212 -0.021062 0.052662
0.087573 -0.016525 0.052746
0.090825 -0.021860 0.052656
0.086968 -0.024250 0.052241
0.093266 -0.013293 0.052428
0.090661 -0.011110 0.052864
0.094074 -0.015072 0.051886
0.092147 -0.019282 0.052810
0.091879 -0.017202 0.052671
0.085733 -0.015512 0.052883
0.090100 -0.024256 0.052262
0.093784 -0.011518 0.052525
0.090974 -0.016475 0.052700
0.090007 -0.019392 0.052706
0.087617 -0.019819 0.052689
0.091555 -0.013312 0.052566
0.089988 -0.017215 0.052701
0.090557 -0.019987 0.052763
0.088297 -0.018481 0.052651
0.086989 -0.013391 0.052992
0.087232 -0.024014 0.052272
0.088675 -0.018953 0.052636
0.090104 -0.020192 0.052748
0.091969 -0.023783 0.052511
0.090139 -0.021149 0.052671
0.093680 -0.012944 0.052439
0.093562 -0.020243 0.052802
0.093856 -0.018548 0.052587
0.086437 -0.016130 0.052799
0.087217 -0.019890 0.052693
0.092751 -0.017203 0.052580
0.096170 -0.021145 0.051756
0.087247 -0.021174 0.052610
0.091897 -0.011601 0.052704
0.094237 -0.013402 0.052176
0.093419 -0.011634 0.052560
0.083825 -0.018285 0.052766
0.089291 -0.021875 0.052548
0.095638 -0.020770 0.051946
0.089852 -0.017332 0.052671
0.087547 -0.012750 0.052984
0.090574 -0.014220 0.052623
0.090333 -0.015845 0.052678
0.087250 -0.022441 0.052344
0.086185 -0.017062 0.052750
0.086490 -0.015779 0.052829
0.082705 -0.017366 0.052755
0.093578 -0.022742 0.052797
0.092442 -0.019009 0.052785
0.082285 -0.016525 0.052781
0.089287 -0.012094 0.052934
0.092214 -0.013357 0.052463
0.085450 -0.016696 0.052754
0.092017 -0.012063 0.052674
0.088504 -0.023662 0.052329
0.082690 -0.017075 0.052732
0.090052 -0.022926 0.052443
0.089582 -0.016197 0.052713
0.095648 -0.019899 0.052004
0.092582 -0.014813 0.052378
0.089439 -0.019003 0.052610
0.094568 -0.018725 0.052346
0.085087 -0.017134 0.052720
0.089852 -0.017866 0.052649
0.092801 -0.019479 0.052825
0.085922 -0.022681 0.052489
0.093593 -0.016870 0.052224
0.084647 -0.017485 0.052740
0.094090 -0.020005 0.052719
0.083289 -0.017979 0.052769
0.085424 -0.022453 0.052468
0.091980 -0.010625 0.052745
0.089250 -0.011650 0.052980
0.090114 -0.013692 0.052704
0.091115 -0.021679 0.052668
0.095638 -0.020770 0.051946
0.087368 -0.017972 0.052688
0.088611 -0.021323 0.052576
0.092080 -0.013872 0.052423
0.085715 -0.016560 0.052754
0.091354 -0.018901 0.052764
0.093332 -0.018387 0.052618
0.086787 -0.019039 0.052736
0.090586 -0.019587 0.052758
0.093520 -0.013981 0.052312
0.094453 -0.016048 0.051790
0.089919 -0.021450 0.052614
0.087770 -0.012484 0.052995
0.092220 -0.017282 0.052676
0.087192 -0.016411 0.052739
0.096079 -0.022168 0.051907
0.093254 -0.018079 0.052606
0.086049 -0.023080 0.052386
0.089214 -0.023387 0.052347
0.083794 -0.017523 0.052701
0.091944 -0.013489 0.052488
0.089667 -0.017069 0.052682
0.087735 -0.022207 0.052385
0.088347 -0.023421 0.052324
0.094696 -0.019097 0.052381
0.093159 -0.018816 0.052733
0.092111 -0.022618 0.052669
0.094882 -0.014717 0.051770
0.092076 -0.017540 0.052710
0.094456 -0.014248 0.051901
0.095222 -0.021313 0.052249
0.088190 -0.022257 0.052426
0.089425 -0.017649 0.052648
0.091344 -0.010693 0.052816
0.085267 -0.020425 0.052722
0.095689 -0.022188 0.051946
0.092410 -0.011960 0.052645
0.091815 -0.018073 0.052741
0.094696 -0.018056 0.052043
0.091571 -0.023126 0.052560
0.082710 -0.016840 0.052750
0.089325 -0.014238 0.052742
0.090228 -0.017106 0.052722
0.095973 -0.018407 0.051841
0.094269 -0.023473 0.052557
0.092067 -0.019559 0.052827
0.094418 -0.016316 0.051863
0.093781 -0.023992 0.052509
0.087609 -0.020757 0.052644
0.083695 -0.017948 0.052753
0.093801 -0.017676 0.052369
0.085723 -0.023035 0.052414
0.083455 -0.016563 0.052756
0.091924 -0.020128 0.052844
0.087329 -0.023033 0.052281
0.090908 -0.016757 0.052729
0.090760 -0.022154 0.052644
0.085926 -0.014870 0.052943
0.093857 -0.014468 0.052049
0.093890 -0.018310 0.052502
0.088437 -0.023950 0.052313
0.090429 -0.021986 0.052624
0.094373 -0.019527 0.052651
0.094588 -0.022639 0.052586
0.088946 -0.021537 0.052556
0.088302 -0.022638 0.052395
0.091563 -0.022120 0.052693
0.089246 -0.011303 0.053006
0.087047 -0.023004 0.052258
0.092060 -0.011753 0.052686
0.090057 -0.016592 0.052722
0.086111 -0.024087 0.052297
0.088818 -0.013797 0.052830
0.090441 -0.017899 0.052688
0.085504 -0.015864 0.052843
0.091617 -0.018673 0.052758
0.092929 -0.023265 0.052640
0.084166 -0.016057 0.052806
0.085242 -0.021555 0.052617
0.094016 -0.023701 0.052558
0.089596 -0.016519 0.052720
0.092874 -0.011073 0.052619
0.087926 -0.016038 0.052766
0.095072 -0.018672 0.052155
0.089684 -0.020741 0.052683
0.088262 -0.016735 0.052710
0.084049 -0.017689 0.052729
0.090908 -0.016757 0.052729
0.093936 -0.017987 0.052412
0.085695 -0.016333 0.052778
0.090602 -0.024195 0.052340
0.093053 -0.016844 0.052410
0.084990 -0.015051 0.052956
0.083287 -0.017323 0.052737
0.093965 -0.014589 0.052008
0.091476 -0.013865 0.052521
0.091581 -0.012744 0.052629
0.085151 -0.018724 0.052798
0.095749 -0.020207 0.051868
0.092461 -0.024046 0.052503
0.088312 -0.014049 0.052843
0.089385 -0.023755 0.052348
0.094124 -0.023882 0.052478
0.085893 -0.023968 0.052315
0.092195 -0.021769 0.052772
0.089421 -0.014617 0.052726
0.091682 -0.010911 0.052761
0.088042 -0.011935 0.053035
0.093331 -0.023946 0.052538
0.095465 -0.021295 0.052085
0.084752 -0.019368 0.052780
0.088819 -0.018208 0.052628
0.086375 -0.023772 0.052297
0.094561 -0.020507 0.052687
0.084795 -0.016901 0.052741
0.084835 -0.018325 0.052787
0.086324 -0.019438 0.052752
0.092332 -0.014803 0.052453
0.088849 -0.022468 0.052458
0.091471 -0.019197 0.052788
0.089245 -0.021105 0.052633
0.089381 -0.022279 0.052516
0.088745 -0.016091 0.052731
0.089419 -0.013482 0.052784
0.092605 -0.023690 0.052576
0.094198 -0.016864 0.052051
0.093333 -0.017841 0.052569
0.096123 -0.018877 0.051904
0.092626 -0.023246 0.052622
0.082512 -0.017520 0.052774
0.085537 -0.021718 0.052584
0.089697 -0.011293 0.052964
0.087578 -0.023039 0.052313
0.084165 -0.019680 0.052766
0.091021 -0.011510 0.052804
0.089259 -0.015648 0.052726
0.093180 -0.020932 0.052811
0.092726 -0.015125 0.052352
0.092409 -0.017389 0.052670
0.085351 -0.019027 0.052790
0.090655 -0.017174 0.052726
0.094106 -0.019501 0.052700
0.093983 -0.021847 0.052828
0.091667 -0.014553 0.052518
0.091613 -0.017836 0.052743
0.088876 -0.020714 0.052635
0.088589 -0.013621 0.052853
0.093130 -0.012912 0.052474
0.093704 -0.023307 0.052690
0.083433 -0.015498 0.052821
0.090706 -0.014770 0.052632
0.095126 -0.015027 0.051704
0.092231 -0.016229 0.052614
0.093528 -0.024238 0.052464
0.089523 -0.010966 0.053008
0.093381 -0.020591 0.052807
0.092636 -0.013635 0.052392
0.092507 -0.015647 0.052460
0.087608 -0.013060 0.052966
0.091875 -0.015720 0.052614
0.085950 -0.023295 0.052351
0.095272 -0.018468 0.052003
0.095198 -0.022572 0.052051
0.096039 -0.019499 0.051838
0.092954 -0.022839 0.052695
0.094945 -0.020190 0.052463
0.093594 -0.017146 0.052296
0.092481 -0.022573 0.052722
0.089349 -0.016868 0.052694
0.088195 -0.019980 0.052661
0.091246 -0.020942 0.052777
0.094592 -0.022086 0.052671
0.091189 -0.011269 0.052802
0.089623 -0.019314 0.052654
0.087047 -0.023004 0.052258
0.094495 -0.014623 0.051822
0.087432 -0.016554 0.052740
0.086219 -0.014664 0.052948
0.091207 -0.013739 0.052580
0.087757 -0.018079 0.052675
0.090506 -0.012418 0.052777
0.088151 -0.019770 0.052646
0.083375 -0.017755 0.052761
0.087382 -0.022221 0.052407
0.087361 -0.018663 0.052700
0.090292 -0.016775 0.052727
0.093317 -0.017041 0.052345
0.089799 -0.014482 0.052687
0.096466 -0.019547 0.051806
0.085772 -0.015854 0.052842
0.092627 -0.011397 0.052644
0.093122 -0.021380 0.052816
0.094945 -0.020190 0.052463
0.093677 -0.016554 0.052135
0.094792 -0.018522 0.052219
0.090396 -0.013821 0.052656
0.085599 -0.018758 0.052785
0.087954 -0.012735 0.052961
0.094945 -0.021751 0.052450
0.089121 -0.018982 0.052598
0.090517 -0.022413 0.052599
0.087159 -0.016113 0.052771
0.088977 -0.012549 0.052910
0.092283 -0.020320 0.052840
0.084090 -0.016997 0.052708
0.090018 -0.014871 0.052668
0.091694 -0.021461 0.052744
0.082541 -0.015935 0.052795
0.085369 -0.019214 0.052774
0.094963 -0.020502 0.052535
0.089845 -0.019574 0.052697
0.090916 -0.021553 0.052656
0.087901 -0.021471 0.052555
0.092817 -0.020018 0.052845
0.088476 -0.019953 0.052643
0.087136 -0.018950 0.052709
0.094216 -0.022599 0.052770
0.087235 -0.015900 0.052778
0.086324 -0.014339 0.052967
0.087024 -0.022221 0.052466
0.091496 -0.023449 0.052514
0.089303 -0.021248 0.052596
0.088562 -0.012205 0.052978
0.094267 -0.024283 0.052340
0.085807 -0.016096 0.052808
0.096266 -0.021861 0.051839
0.093315 -0.011293 0.052571
0.091775 -0.014119 0.052464
0.088466 -0.021668 0.052491
0.089606 -0.017481 0.052660
0.090006 -0.015831 0.052704
0.087675 -0.016199 0.052758
0.091209 -0.023095 0.052551
0.094094 -0.013510 0.052209
0.087183 -0.016936 0.052749
0.095499 -0.021901 0.051976
0.094862 -0.023001 0.052224
0.093779 -0.012379 0.052489
0.087833 -0.021058 0.052620
0.094825 -0.020677 0.052622
0.088177 -0.022947 0.052369
0.089436 -0.024311 0.052262
0.091829 -0.021121 0.052776
0.083755 -0.019293 0.052763
0.087223 -0.020775 0.052641
0.088191 -0.012910 0.052939
0.091067 -0.014422 0.052573
0.091496 -0.023449 0.052514
0.092564 -0.020197 0.052855
0.093889 -0.024294 0.052424
0.093522 -0.015036 0.052141
0.094384 -0.013937 0.052011
0.091568 -0.013012 0.052600
0.091124 -0.022098 0.052661
0.085935 -0.018010 0.052730
0.093898 -0.013176 0.052363
0.093565 -0.011907 0.052539
0.093191 -0.019444 0.052775
0.090176 -0.012159 0.052828
0.091755 -0.017668 0.052723
0.083843 -0.015983 0.052794
0.085871 -0.016779 0.052744
0.091838 -0.016820 0.052686
0.093214 -0.015227 0.052198
0.092199 -0.015259 0.052516
0.086458 -0.019022 0.052759
0.089663 -0.022081 0.052552
0.093433 -0.021164 0.052803
0.095082 -0.015435 0.051664
0.090814 -0.012983 0.052689
0.084839 -0.019538 0.052757
0.083978 -0.018075 0.052754
0.091132 -0.019989 0.052804
0.090430 -0.017662 0.052699
0.094643 -0.019676 0.052561
0.085883 -0.020328 0.052718
0.085418 -0.018142 0.052751
0.091084 -0.014033 0.052574
0.094656 -0.017829 0.052035
0.091887 -0.023397 0.052552
0.087354 -0.021532 0.052540
0.093444 -0.014680 0.052188
0.095862 -0.019848 0.051838
0.088000 -0.013133 0.052934
0.088183 -0.017274 0.052685
0.093356 -0.023130 0.052688
0.088667 -0.022852 0.052401
0.091571 -0.023126 0.052560
0.092889 -0.022110 0.052814
0.088323 -0.020987 0.052618
0.086171 -0.020873 0.052677
0.090138 -0.013155 0.052750
0.084666 -0.017799 0.052756
0.090548 -0.015174 0.052643
0.093017 -0.023907 0.052542
0.092699 -0.012869 0.052500
0.093272 -0.016092 0.052187
0.090499 -0.016129 0.052695
0.093760 -0.021647 0.052830
0.086765 -0.021391 0.052583
0.086211 -0.022873 0.052422
0.094106 -0.019501 0.052700
0.090310 -0.015392 0.052669
0.086116 -0.022270 0.052546
0.088668 -0.014314 0.052807
0.093712 -0.022417 0.052840
0.094418 -0.016316 0.051863
0.087330 -0.023448 0.052292
0.094916 -0.015959 0.051717
0.086919 -0.014814 0.052880
0.088009 -0.016327 0.052740
0.090078 -0.017946 0.052665
0.088260 -0.021334 0.052575
0.092664 -0.012587 0.052545
0.088158 -0.018227 0.052665
0.092279 -0.018232 0.052758
0.088547 -0.014832 0.052779
0.086909 -0.020527 0.052688
0.086557 -0.020369 0.052707
0.089704 -0.023556 0.052367
0.087914 -0.013934 0.052899
0.095417 -0.018801 0.052027
0.088311 -0.023160 0.052313
0.086586 -0.016501 0.052783
0.092645 -0.021012 0.052785
0.091317 -0.017146 0.052740
0.092333 -0.014992 0.052459
0.083466 -0.018716 0.052768
0.092435 -0.023527 0.052580
0.095199 -0.018126 0.052006
0.086348 -0.024136 0.052256
0.091137 -0.015120 0.052616
0.086724 -0.018422 0.052725
0.084272 -0.017415 0.052721
0.089810 -0.020185 0.052744
0.094862 -0.023001 0.052224
0.095862 -0.019848 0.051838
0.093240 -0.024265 0.052476
0.090872 -0.017704 0.052723
0.085807 -0.016096 0.052808
0.092031 -0.018055 0.052746
0.092446 -0.014484 0.052421
0.094024 -0.023101 0.052712
0.090874 -0.023510 0.052436
0.090474 -0.013494 0.052681
0.091057 -0.015872 0.052643
0.094346 -0.017621 0.052132
0.094631 -0.014449 0.051846
0.091108 -0.019036 0.052771
0.090357 -0.024330 0.052293
0.084309 -0.019241 0.052787
0.085658 -0.019805 0.052757
0.085106 -0.021957 0.052571
0.088088 -0.017620 0.052684
0.095243 -0.022808 0.052003
0.085449 -0.020730 0.052702
0.088998 -0.023025 0.052386
0.086241 -0.021532 0.052564
0.093896 -0.016963 0.052154
0.096816 -0.019311 0.051953
0.090233 -0.012858 0.052773
0.087877 -0.017763 0.052695
0.092401 -0.019628 0.052832
0.094308 -0.017248 0.052086
0.091997 -0.018391 0.052762
0.093677 -0.016554 0.052135
0.092457 -0.017074 0.052623
0.086874 -0.021851 0.052537
0.086638 -0.023533 0.052277
0.095168 -0.019300 0.052173
0.093265 -0.013722 0.052385
0.089854 -0.018285 0.052644
0.089697 -0.011293 0.052964
0.087350 -0.013427 0.052960
0.087609 -0.020757 0.052644
0.086490 -0.015779 0.052829
0.095792 -0.017781 0.051786
0.085097 -0.019336 0.052779
0.095805 -0.017296 0.051746
0.096449 -0.020825 0.051735
0.085040 -0.016293 0.052784
0.088311 -0.023160 0.052313
0.092060 -0.011753 0.052686
0.086576 -0.013954 0.052973
0.095082 -0.015435 0.051664
0.093446 -0.019266 0.052749
0.089190 -0.023024 0.052413
0.086021 -0.022134 0.052560
0.088009 -0.016327 0.052740
0.095124 -0.017875 0.052007
0.095622 -0.017854 0.051764
0.090611 -0.016627 0.052721
0.093595 -0.018076 0.052546
0.088737 -0.019409 0.052622
0.092280 -0.011458 0.052674
0.090121 -0.016167 0.052711
0.089370 -0.018708 0.052605
0.094186 -0.021357 0.052742
0.083456 -0.018330 0.052771
0.096079 -0.020230 0.051750
0.085418 -0.018142 0.052751
0.089059 -0.016954 0.052686
0.090192 -0.011418 0.052900
0.093159 -0.018816 0.052733
0.097041 -0.020856 0.051921
0.094807 -0.022572 0.052363
0.092762 -0.014134 0.052379
0.091889 -0.021892 0.052733
0.094966 -0.022176 0.052271
0.094803 -0.019432 0.052405
0.088483 -0.019553 0.052606
0.091223 -0.018585 0.052747
0.092144 -0.018986 0.052798
0.086041 -0.016173 0.052797
0.087675 -0.016199 0.052758
0.084560 -0.016338 0.052790
0.093473 -0.014323 0.052257
0.083515 -0.017447 0.052727
0.086468 -0.016732 0.052775
0.090911 -0.015293 0.052626
0.093165 -0.017211 0.052473
0.087363 -0.014686 0.052860
0.093542 -0.017429 0.052387
0.092396 -0.014253 0.052444
0.082705 -0.017366 0.052755
0.087010 -0.021518 0.052555
0.097060 -0.020062 0.051847
0.090274 -0.017439 0.052705
0.094631 -0.014449 0.051846
0.093265 -0.013722 0.052385
0.091111 -0.013461 0.052610
0.085123 -0.014430 0.053007
0.095098 -0.020004 0.052329
0.086256 -0.019752 0.052738
0.089915 -0.010804 0.052975
0.088705 -0.012759 0.052905
0.089833 -0.021061 0.052661
0.093130 -0.012912 0.052474
0.094332 -0.018743 0.052425
0.086374 -0.014526 0.052951
0.088065 -0.017912 0.052680
0.089580 -0.018450 0.052620
0.095658 -0.019554 0.052031
0.084849 -0.021020 0.052679
0.092442 -0.019009 0.052785
0.093189 -0.022833 0.052742
0.095027 -0.023172 0.052099
0.089870 -0.013489 0.052749
0.090977 -0.020995 0.052760
0.092685 -0.010249 0.052659
0.094877 -0.015677 0.051704
0.088904 -0.020424 0.052666
0.093157 -0.023397 0.052632
0.093934 -0.012112 0.052496
0.087027 -0.014522 0.052896
0.090233 -0.012268 0.052808
0.088980 -0.012249 0.052945
0.092503 -0.013324 0.052448
0.091702 -0.016255 0.052672
0.084868 -0.021697 0.052610
0.095046 -0.017620 0.051961
0.093567 -0.022034 0.052854
0.089997 -0.015534 0.052702
0.095352 -0.016379 0.051707
0.091764 -0.013756 0.052477
0.095548 -0.018162 0.051891
0.093584 -0.023018 0.052748
0.092040 -0.016712 0.052666
0.093767 -0.019587 0.052736
0.084320 -0.016554 0.052774
0.093707 -0.016048 0.052057
0.094934 -0.019843 0.052408
0.092017 -0.012063 0.052674
0.093210 -0.012030 0.052568
0.087250 -0.022441 0.052344
0.092061 -0.023001 0.052605
0.095034 -0.021508 0.052382
0.084360 -0.016847 0.052715
0.083560 -0.019548 0.052763
0.093496 -0.020880 0.052801
0.092976 -0.015163 0.052269
0.094006 -0.015265 0.051810
0.094547 -0.014823 0.051800
0.087975 -0.022502 0.052388
0.091383 -0.023745 0.052464
0.093254 -0.018079 0.052606
0.094395 -0.014142 0.051963
0.086088 -0.015806 0.052840
0.094437 -0.015707 0.051766
0.087020 -0.015699 0.052799
0.096314 -0.020486 0.051686
0.094245 -0.018484 0.052385
0.093017 -0.023907 0.052542
0.092690 -0.017832 0.052681
0.092723 -0.022997 0.052633
0.095082 -0.022849 0.052094
0.089455 -0.020974 0.052657
0.090413 -0.017309 0.052714
0.093664 -0.015546 0.052067
0.087756 -0.012186 0.053018
0.094098 -0.022207 0.052827
0.091334 -0.016168 0.052677
0.086118 -0.021392 0.052611
0.087550 -0.017476 0.052731
0.088946 -0.021537 0.052556
0.088476 -0.019953 0.052643
0.092632 -0.013089 0.052477
0.087178 -0.023300 0.052280
0.088372 -0.020744 0.052623
0.088624 -0.011661 0.053026
0.096535 -0.021231 0.051797
0.084731 -0.014521 0.052982
0.086111 -0.016747 0.052750
0.089378 -0.023427 0.052344
0.091431 -0.024105 0.052417
0.090866 -0.023091 0.052545
0.093608 -0.013295 0.052395
0.088764 -0.023705 0.052318
0.094803 -0.019432 0.052405
0.091819 -0.018643 0.052764
0.085414 -0.023072 0.052428
0.092322 -0.013895 0.052432
0.088967 -0.011222 0.053033
0.087723 -0.014496 0.052850
0.089075 -0.011832 0.052983
0.084090 -0.016997 0.052708
0.095805 -0.021670 0.051927
0.087158 -0.021741 0.052525
0.088547 -0.024214 0.052285
0.093998 -0.018773 0.052596
0.093825 -0.017971 0.052490
0.084924 -0.020481 0.052727
0.087864 -0.016807 0.052731
0.090903 -0.014271 0.052596
0.085429 -0.016182 0.052799
0.095336 -0.020534 0.052257
0.090943 -0.024110 0.052375
0.093105 -0.022495 0.052790
0.095651 -0.019166 0.052018
0.088724 -0.023880 0.052326
0.086648 -0.024335 0.052216
0.090585 -0.018538 0.052718
0.087417 -0.015496 0.052795
0.089047 -0.015065 0.052740
0.087318 -0.016218 0.052762
0.085150 -0.015959 0.052833
0.093664 -0.015546 0.052067
0.088700 -0.017576 0.052662
0.094638 -0.023159 0.052388
0.096170 -0.021145 0.051756
0.088037 -0.021203 0.052581
0.094281 -0.015047 0.051843
0.087049 -0.023695 0.052271
0.091724 -0.016558 0.052681
0.086990 -0.016160 0.052774
0.092804 -0.011976 0.052609
0.090430 -0.017662 0.052699
0.084825 -0.016133 0.052807
0.093781 -0.014845 0.052062
0.092859 -0.010766 0.052631
0.090498 -0.013137 0.052709
0.092904 -0.023572 0.052603
0.088700 -0.017576 0.052662
0.093892 -0.013575 0.052272
0.095669 -0.021501 0.051949
0.092157 -0.011137 0.052705
0.093593 -0.016870 0.052224
0.087960 -0.021891 0.052476
0.092408 -0.018545 0.052759
0.083764 -0.015253 0.052873
0.090857 -0.014928 0.052615
0.087586 -0.022471 0.052330
0.091485 -0.011322 0.052769
0.091167 -0.015435 0.052624
0.087411 -0.020925 0.052642
0.095386 -0.017210 0.051751
0.086482 -0.020918 0.052671
0.089053 -0.020876 0.052640
0.087030 -0.022616 0.052373
0.093438 -0.021694 0.052845
0.091168 -0.013076 0.052637
0.086041 -0.016173 0.052797
0.092354 -0.015913 0.052546
0.091020 -0.021297 0.052704
0.086021 -0.022134 0.052560
0.094012 -0.014798 0.051980
0.094183 -0.013711 0.052123
0.094787 -0.021657 0.052557
0.089180 -0.017799 0.052637
0.087055 -0.018381 0.052703
0.094625 -0.023721 0.052284
0.094720 -0.015003 0.051732
0.090032 -0.014585 0.052658
0.086890 -0.014141 0.052940
0.092406 -0.021170 0.052782
0.089247 -0.019812 0.052696
0.090813 -0.018015 0.052711
0.091599 -0.017244 0.052713
0.091676 -0.011724 0.052732
0.091767 -0.014442 0.052484
0.092540 -0.017800 0.052696
0.090884 -0.012273 0.052755
0.094024 -0.023101 0.052712
0.090014 -0.021333 0.052621
0.090767 -0.020108 0.052764
0.091885 -0.011379 0.052722
0.085567 -0.017836 0.052740
0.087863 -0.017171 0.052721
0.086754 -0.023960 0.052265
0.086345 -0.021658 0.052529
0.094362 -0.022467 0.052745
0.090375 -0.011763 0.052854
0.090616 -0.017758 0.052705
0.095741 -0.021951 0.051928
0.092741 -0.017474 0.052633
0.094815 -0.023391 0.052210
0.090723 -0.015941 0.052667
0.091184 -0.010211 0.052852
0.086490 -0.015779 0.052829
0.084180 -0.017135 0.052692
0.085611 -0.015650 0.052871
0.095046 -0.017620 0.051961
0.085607 -0.017605 0.052749
0.086431 -0.020655 0.052694
0.094293 -0.017946 0.052208
0.090540 -0.023708 0.052394
0.092249 -0.023261 0.052592
0.088102 -0.012301 0.052989
0.093873 -0.020339 0.052776
0.091395 -0.014177 0.052529
0.094712 -0.016137 0.051729
0.092496 -0.011018 0.052670
0.090992 -0.015621 0.052633
0.086796 -0.022475 0.052447
0.088241 -0.015125 0.052781
0.085192 -0.022350 0.052526
0.093127 -0.010428 0.052599
0.085457 -0.022201 0.052546
0.089726 -0.022740 0.052429
0.095518 -0.020628 0.052079
0.091666 -0.012367 0.052666
0.090834 -0.015668 0.052648
0.092768 -0.020380 0.052835
0.093344 -0.018919 0.052730
0.087538 -0.019443 0.052691
0.088926 -0.023278 0.052369
0.085728 -0.017008 0.052737
0.095269 -0.022357 0.052019
0.094696 -0.018056 0.052043
0.085547 -0.019371 0.052775
0.090232 -0.019774 0.052744
0.088428 -0.015331 0.052767
0.086679 -0.019411 0.052734
0.089286 -0.015337 0.052725
0.094414 -0.018958 0.052470
0.093640 -0.020577 0.052806
0.085310 -0.020970 0.052687
0.095294 -0.016713 0.051708
0.086219 -0.019092 0.052769
0.085318 -0.019529 0.052773
0.091997 -0.024143 0.052459
0.086304 -0.020180 0.052712
0.092203 -0.010795 0.052712
0.092041 -0.010294 0.052744
0.093340 -0.018707 0.052683
0.093761 -0.015156 0.052037
0.095346 -0.019516 0.052117
0.095352 -0.016379 0.051707
0.089055 -0.023876 0.052330
0.091750 -0.017407 0.052715
0.093496 -0.015632 0.052128
0.088977 -0.012549 0.052910
0.091298 -0.011636 0.052773
0.083820 -0.019537 0.052758
0.094083 -0.018940 0.052606
0.093201 -0.015598 0.052186
0.093419 -0.011634 0.052560
0.093531 -0.016158 0.052113
0.094308 -0.019635 0.052690
0.091928 -0.015323 0.052575
0.093165 -0.023711 0.052588
0.089151 -0.020117 0.052703
0.091022 -0.018772 0.052759
0.086679 -0.019411 0.052734
0.088931 -0.024165 0.052304
0.088024 -0.018885 0.052655
0.090052 -0.022926 0.052443
0.090000 -0.011157 0.052939
0.085682 -0.019113 0.052776
0.091819 -0.018643 0.052764
0.093768 -0.018731 0.052644
0.087584 -0.020439 0.052665
0.089013 -0.012922 0.052864
0.089286 -0.022597 0.052486
0.095390 -0.019113 0.052058
0.089214 -0.023387 0.052347
0.092716 -0.023911 0.052536
0.087202 -0.018592 0.052704
0.088701 -0.023503 0.052341
0.088761 -0.016912 0.052695
0.084496 -0.015605 0.052864
0.090958 -0.017047 0.052739
0.083869 -0.018972 0.052773
0.095076 -0.017199 0.051843
0.087393 -0.015109 0.052826
0.090820 -0.019217 0.052761
0.092354 -0.015913 0.052546
0.094760 -0.016710 0.051828
0.088405 -0.019380 0.052638
0.088309 -0.022383 0.052402
0.094890 -0.020978 0.052575
0.086514 -0.022355 0.052439
0.093044 -0.018387 0.052686
0.095048 -0.018354 0.052091
0.086406 -0.017368 0.052740
0.087599 -0.015896 0.052774
0.096100 -0.019790 0.051784
0.087749 -0.022808 0.052348
0.090943 -0.024110 0.052375
0.086213 -0.013689 0.053008
0.088648 -0.020769 0.052620
0.096898 -0.021057 0.051941
0.088838 -0.021074 0.052631
0.086526 -0.022705 0.052418
0.092451 -0.015323 0.052442
0.091339 -0.019683 0.052808
0.090375 -0.011763 0.052854
0.088537 -0.022365 0.052439
0.086259 -0.016439 0.052776
0.088323 -0.020987 0.052618
0.094696 -0.018056 0.052043
0.094712 -0.016450 0.051784
0.090260 -0.014551 0.052649
0.094437 -0.015707 0.051766
0.091342 -0.015684 0.052602
0.094568 -0.018725 0.052346
0.087158 -0.021741 0.052525
0.090902 -0.020738 0.052773
0.092564 -0.015913 0.052492
0.085380 -0.021227 0.052651
0.090318 -0.018240 0.052685
0.094591 -0.016237 0.051784
0.087084 -0.013716 0.052962
0.089996 -0.011938 0.052878
0.086146 -0.023735 0.052326
0.090350 -0.016408 0.052710
0.083581 -0.019181 0.052766
0.085463 -0.014199 0.053013
0.087324 -0.019615 0.052710
0.095076 -0.022576 0.052123
0.088015 -0.023335 0.052321
0.096100 -0.019790 0.051784
0.094458 -0.018367 0.052263
0.086873 -0.016817 0.052768
0.085854 -0.020682 0.052698
0.092235 -0.024262 0.052447
0.088405 -0.019380 0.052638
0.093247 -0.014658 0.052220
0.084346 -0.017937 0.052756
0.088846 -0.011573 0.053017
0.088993 -0.016180 0.052724
0.094678 -0.015879 0.051727
0.093898 -0.013176 0.052363
0.090902 -0.020738 0.052773
0.094687 -0.022847 0.052398
0.084162 -0.019369 0.052776
0.093853 -0.013907 0.052232
0.093562 -0.020243 0.052802
0.085097 -0.019336 0.052779
0.094791 -0.015223 0.051678
0.092795 -0.016654 0.052481
0.085883 -0.020328 0.052718
0.087576 -0.024236 0.052248
0.091924 -0.013143 0.052538
0.088042 -0.011935 0.053035
0.093429 -0.015390 0.052133
0.083080 -0.016472 0.052758
0.089851 -0.016356 0.052721
0.090272 -0.023966 0.052336
0.092066 -0.018694 0.052773
0.093565 -0.011907 0.052539
0.094527 -0.022962 0.052544
0.094287 -0.020697 0.052732
0.087292 -0.020511 0.052670
0.085564 -0.023390 0.052390
0.091829 -0.021121 0.052776
0.092760 -0.010586 0.052645
0.086812 -0.015943 0.052801
0.087026 -0.015011 0.052855
0.083974 -0.015471 0.052854
0.089587 -0.019605 0.052682
0.093010 -0.015932 0.052277
0.088628 -0.018500 0.052621
0.094770 -0.020380 0.052610
0.094065 -0.017762 0.052275
0.094052 -0.013339 0.052275
0.092742 -0.019702 0.052838
0.089648 -0.014272 0.052705
0.095848 -0.020570 0.051842
0.090652 -0.018216 0.052707
0.087507 -0.024034 0.052276
0.093120 -0.020562 0.052812
0.095551 -0.017566 0.051780
0.090504 -0.014599 0.052630
0.089987 -0.022653 0.052499
0.086504 -0.018058 0.052717
0.083462 -0.017226 0.052726
0.093680 -0.012944 0.052439
0.091526 -0.018116 0.052744
0.086571 -0.023128 0.052317
0.087901 -0.021471 0.052555
0.090974 -0.016475 0.052700
0.090902 -0.020738 0.052773
0.085883 -0.020328 0.052718
0.092264 -0.022265 0.052743
0.087958 -0.018345 0.052670
0.091335 -0.017823 0.052721
0.087552 -0.020065 0.052672
0.093077 -0.019581 0.052805
0.084301 -0.020390 0.052729
0.094092 -0.024055 0.052442
0.094343 -0.022048 0.052767
0.088333 -0.014244 0.052841
0.093504 -0.012251 0.052523
0.091412 -0.021557 0.052697
0.093792 -0.014214 0.052202
0.094050 -0.022513 0.052816
0.091684 -0.019423 0.052796
0.085358 -0.021855 0.052585
0.092356 -0.017977 0.052730
0.090586 -0.021682 0.052636
0.093418 -0.022666 0.052781
0.083943 -0.020312 0.052736
0.090260 -0.014551 0.052649
0.095180 -0.017664 0.051932
0.090310 -0.023175 0.052447
0.093440 -0.019708 0.052779
0.095465 -0.023152 0.051962
0.086919 -0.014814 0.052880
0.088235 -0.020235 0.052658
0.092535 -0.022050 0.052789
0.085733 -0.019473 0.052771
0.089126 -0.020673 0.052651
0.088532 -0.016707 0.052711
0.089478 -0.020399 0.052715
0.092076 -0.017540 0.052710
0.089018 -0.015811 0.052724
0.091275 -0.015034 0.052591
0.086671 -0.014326 0.052934
0.085186 -0.017834 0.052739
0.088195 -0.019980 0.052661
0.091205 -0.014695 0.052578
0.087864 -0.019645 0.052677
0.090514 -0.020352 0.052755
0.088750 -0.017208 0.052680
0.087978 -0.018666 0.052662
0.090365 -0.010469 0.052947
0.088588 -0.013971 0.052833
0.095134 -0.020912 0.052415
0.090723 -0.021077 0.052735
0.093525 -0.013659 0.052357
0.091392 -0.011058 0.052790
0.087463 -0.023722 0.052273
0.093159 -0.010784 0.052589
0.094178 -0.016068 0.051916
0.088906 -0.021763 0.052535
0.088254 -0.016451 0.052734
0.089077 -0.017414 0.052656
0.091997 -0.018391 0.052762
0.091755 -0.017668 0.052723
0.095401 -0.022221 0.051966
0.092152 -0.023538 0.052552
0.094002 -0.019768 0.052722
0.096477 -0.018771 0.051989
0.094535 -0.022313 0.052695
0.086796 -0.023194 0.052288
0.093085 -0.016227 0.052281
0.092445 -0.016222 0.052566
0.092448 -0.013751 0.052411
0.091593 -0.015504 0.052610
0.087541 -0.012418 0.053007
0.084707 -0.020342 0.052739
0.093038 -0.018023 0.052647
0.093902 -0.020710 0.052777
0.089412 -0.013117 0.052814
0.085173 -0.016784 0.052734
0.091824 -0.019730 0.052829
0.093774 -0.017345 0.052274
0.086192 -0.020443 0.052708
0.084471 -0.017110 0.052741
0.085491 -0.020172 0.052741
0.089598 -0.015503 0.052716
0.093734 -0.015777 0.052040
0.090205 -0.018694 0.052686
0.095137 -0.018989 0.052168
0.086577 -0.013262 0.053022
0.092038 -0.016305 0.052641
0.097031 -0.020565 0.051906
0.095735 -0.017039 0.051691
0.094741 -0.022292 0.052536
0.084881 -0.018088 0.052770
0.094267 -0.012833 0.052389
0.094871 -0.017328 0.051954
0.092249 -0.023261 0.052592
0.086370 -0.022202 0.052520
0.092595 -0.018129 0.052718
0.095205 -0.016247 0.051702
0.093755 -0.019949 0.052765
0.085943 -0.016476 0.052764
0.087725 -0.014116 0.052892
0.091887 -0.011052 0.052739
0.084936 -0.015818 0.052852
0.090239 -0.014112 0.052654
0.088942 -0.015257 0.052739
0.082700 -0.017746 0.052760
0.091163 -0.018107 0.052728
0.086198 -0.014044 0.052984
0.093019 -0.017417 0.052567
0.093369 -0.023445 0.052649
0.090264 -0.015682 0.052687
0.087270 -0.016693 0.052712
0.085451 -0.018513 0.052780
0.089870 -0.013489 0.052749
0.083153 -0.015831 0.052793
0.089667 -0.017069 0.052682
0.089044 -0.013893 0.052799
0.092837 -0.020746 0.052812
0.094510 -0.021522 0.052661
0.083909 -0.019936 0.052748
0.082233 -0.016095 0.052798
0.085550 -0.022031 0.052549
0.095093 -0.020682 0.052465
0.093460 -0.012879 0.052463
0.092302 -0.017729 0.052712
0.085151 -0.018724 0.052798
0.089582 -0.016197 0.052713
0.087586 -0.022471 0.052330
0.088702 -0.021582 0.052540
0.088357 -0.021979 0.052476
0.084631 -0.015103 0.052939
0.086922 -0.017948 0.052690
0.085622 -0.020538 0.052709
0.092507 -0.015647 0.052460
0.089759 -0.019086 0.052649
0.085003 -0.019741 0.052749
0.095263 -0.021607 0.052138
0.094489 -0.013658 0.052053
0.091264 -0.024124 0.052396
0.094916 -0.015959 0.051717
0.092350 -0.019431 0.052823
0.092962 -0.015665 0.052299
0.086161 -0.023007 0.052366
0.092344 -0.010367 0.052699
0.087595 -0.021392 0.052569
0.084084 -0.015712 0.052825
0.091020 -0.022815 0.052565
0.088162 -0.014545 0.052837
0.085256 -0.019801 0.052764
0.094327 -0.023676 0.052461
0.092884 -0.017642 0.052628
0.094588 -0.022639 0.052586
0.085827 -0.014467 0.052983
0.093072 -0.011698 0.052594
0.094419 -0.015017 0.051798
0.086867 -0.018142 0.052701
0.093965 -0.014589 0.052008
0.084810 -0.021395 0.052656
0.088764 -0.023705 0.052318
0.090951 -0.023298 0.052511
0.091951 -0.012802 0.052586
0.088385 -0.012599 0.052943
0.091819 -0.018643 0.052764
0.083043 -0.016836 0.052734
0.086248 -0.022540 0.052492
0.094540 -0.021832 0.052665
0.092332 -0.014803 0.052453
0.092837 -0.020746 0.052812
0.087591 -0.019085 0.052685
0.091613 -0.017836 0.052743
0.090212 -0.013393 0.052722
0.093316 -0.017336 0.052451
0.085513 -0.014865 0.052963
0.096034 -0.019275 0.051853
0.093148 -0.018582 0.052699
0.091210 -0.022673 0.052589
0.085647 -0.022477 0.052507
0.082507 -0.016890 0.052750
0.084320 -0.016554 0.052774
0.090587 -0.023083 0.052525
0.086690 -0.016327 0.052780
0.086867 -0.018142 0.052701
0.094700 -0.015508 0.051691
0.088745 -0.016091 0.052731
0.085973 -0.019976 0.052733
0.089667 -0.017069 0.052682
0.092786 -0.013912 0.052362
0.089093 -0.022141 0.052512
0.096720 -0.020589 0.051765
0.088170 -0.014744 0.052813
0.092061 -0.023001 0.052605
0.090486 -0.020896 0.052732
0.090443 -0.014322 0.052631
0.087728 -0.013373 0.052939
0.088146 -0.015936 0.052762
0.094233 -0.013186 0.052244
0.094628 -0.019820 0.052597
0.094303 -0.022873 0.052688
0.091223 -0.018585 0.052747
0.082199 -0.016819 0.052783
0.086486 -0.020009 0.052714
0.089303 -0.021248 0.052596
0.090332 -0.020186 0.052742
0.088564 -0.023184 0.052362
0.086324 -0.019438 0.052752
0.092774 -0.015830 0.052385
0.095885 -0.020964 0.051879
0.085348 -0.017162 0.052710
0.090767 -0.020108 0.052764
0.092647 -0.021402 0.052793
0.092264 -0.022265 0.052743
0.086625 -0.017832 0.052694
0.094592 -0.022086 0.052671
0.095167 -0.020295 0.052357
0.091897 -0.011601 0.052704
0.091485 -0.011322 0.052769
0.090296 -0.023480 0.052413
0.088403 -0.017804 0.052671
0.095840 -0.019601 0.051938
0.084423 -0.017631 0.052738
0.086211 -0.022873 0.052422
0.088797 -0.022078 0.052495
0.090690 -0.016365 0.052698
0.084717 -0.018651 0.052795
0.092462 -0.021599 0.052801
0.087202 -0.017443 0.052731
0.085935 -0.018010 0.052730
0.090805 -0.018604 0.052743
0.086787 -0.019039 0.052736
0.091570 -0.015871 0.052632
0.082964 -0.015520 0.052811
0.092099 -0.015957 0.052598
0.087932 -0.016566 0.052741
0.083515 -0.017447 0.052727
0.092396 -0.014253 0.052444
0.093012 -0.017139 0.052487
0.090263 -0.021570 0.052642
0.090807 -0.020500 0.052772
0.089972 -0.023292 0.052377
0.094031 -0.017266 0.052172
0.087589 -0.023208 0.052322
0.087496 -0.016845 0.052727
0.090821 -0.014596 0.052612
0.092199 -0.015259 0.052516
0.090663 -0.023401 0.052452
0.088362 -0.018840 0.052642
0.087528 -0.017248 0.052741
0.090274 -0.020577 0.052735
0.091997 -0.018391 0.052762
0.095222 -0.021313 0.052249
0.088066 -0.014125 0.052858
0.095876 -0.018211 0.051861
0.089999 -0.023677 0.052357
0.088701 -0.023503 0.052341
0.094525 -0.016649 0.051900
0.095622 -0.016523 0.051648
0.092267 -0.013059 0.052517
0.090767 -0.020108 0.052764
0.093143 -0.019094 0.052760
0.096425 -0.022085 0.051963
0.090732 -0.022875 0.052573
0.088788 -0.014707 0.052779
0.089852 -0.017866 0.052649
0.089250 -0.011650 0.052980
0.094127 -0.018223 0.052350
0.094643 -0.017480 0.052039
0.086874 -0.021851 0.052537
0.083591 -0.016222 0.052782
0.095046 -0.017620 0.051961
0.089436 -0.024311 0.052262
0.095741 -0.021951 0.051928
0.087901 -0.021471 0.052555
0.094934 -0.019843 0.052408
0.092053 -0.020903 0.052784
0.087888 -0.019251 0.052676
0.093898 -0.013176 0.052363
0.090413 -0.017309 0.052714
0.087757 -0.018079 0.052675
0.090620 -0.023946 0.052381
0.091328 -0.013989 0.052550
0.091223 -0.018585 0.052747
0.085283 -0.013980 0.053018
0.087247 -0.021174 0.052610
0.084215 -0.020039 0.052748
0.091950 -0.014375 0.052458
0.090432 -0.022770 0.052546
0.088116 -0.023488 0.052294
0.086346 -0.017761 0.052714
0.086804 -0.021096 0.052637
0.089745 -0.021535 0.052603
0.089534 -0.021618 0.052584
0.086941 -0.016523 0.052759
0.086930 -0.017578 0.052685
0.087136 -0.018950 0.052709
0.094811 -0.016940 0.051889
0.084255 -0.018662 0.052791
0.093980 -0.014350 0.052077
0.096739 -0.019951 0.051787
0.092437 -0.012293 0.052610
0.086781 -0.013151 0.053015
0.094515 -0.019315 0.052543
0.086021 -0.022134 0.052560
0.094285 -0.015977 0.051867
0.089969 -0.019921 0.052724
0.091579 -0.018425 0.052743
0.094005 -0.012863 0.052414
0.089040 -0.014473 0.052765
0.089609 -0.012648 0.052842
0.088385 -0.012599 0.052943
0.091642 -0.009932 0.052799
0.093889 -0.024294 0.052424
0.094811 -0.016940 0.051889
0.086873 -0.016817 0.052768
0.092983 -0.013697 0.052379
0.086074 -0.019284 0.052768
0.085040 -0.016293 0.052784
0.092534 -0.019349 0.052811
0.086057 -0.019610 0.052753
0.087171 -0.012678 0.053011
0.089478 -0.022810 0.052454
0.092397 -0.022897 0.052650
0.090434 -0.014897 0.052653
0.093099 -0.014390 0.052306
0.095082 -0.022849 0.052094
0.086781 -0.013151 0.053015
0.088875 -0.018756 0.052609
0.091055 -0.010424 0.052869
0.088745 -0.016091 0.052731
0.085681 -0.013647 0.053020
0.086754 -0.023960 0.052265
0.095048 -0.021847 0.052297
0.094002 -0.019768 0.052722
0.089190 -0.023024 0.052413
0.087247 -0.021174 0.052610
0.083414 -0.016864 0.052706
0.093254 -0.018079 0.052606
0.086520 -0.017645 0.052699
0.093496 -0.015632 0.052128
0.090816 -0.013694 0.052625
0.090685 -0.021409 0.052674
0.093825 -0.017971 0.052490
0.090586 -0.021682 0.052636
0.089417 -0.015014 0.052724
0.086042 -0.015320 0.052887
0.089629 -0.022982 0.052411
0.090940 -0.018377 0.052724
0.095648 -0.019899 0.052004
0.090220 -0.021073 0.052688
0.093797 -0.018038 0.052505
0.089596 -0.016519 0.052720
0.088998 -0.023025 0.052386
0.086735 -0.017577 0.052703
0.090819 -0.011897 0.052795
0.085039 -0.021279 0.052660
0.086502 -0.017899 0.052702
0.085158 -0.020131 0.052748
0.089329 -0.020762 0.052668
0.092185 -0.019899 0.052838
0.090691 -0.013952 0.052622
0.095440 -0.016523 0.051671
0.091211 -0.009910 0.052858
0.090157 -0.018272 0.052673
0.093936 -0.017987 0.052412
0.093039 -0.023043 0.052685
0.094330 -0.021036 0.052731
0.086340 -0.023071 0.052353
0.090586 -0.019587 0.052758
0.096449 -0.020825 0.051735
0.089245 -0.021105 0.052633
0.087279 -0.014161 0.052911
0.091108 -0.019036 0.052771
0.095077 -0.021165 0.052423
0.089648 -0.014272 0.052705
0.091068 -0.010839 0.052840
0.088311 -0.023160 0.052313
0.089603 -0.011632 0.052946
0.091702 -0.020426 0.052829
0.084927 -0.022264 0.052549
0.092635 -0.020722 0.052814
0.095168 -0.019300 0.052173
0.096442 -0.020367 0.051665
0.090259 -0.022246 0.052559
0.092906 -0.017934 0.052661
0.093007 -0.014793 0.052280
0.089478 -0.022810 0.052454
0.089024 -0.013319 0.052833
0.093019 -0.017417 0.052567
0.088453 -0.017504 0.052673
0.090006 -0.015831 0.052704
0.091804 -0.012557 0.052630
0.088054 -0.018121 0.052671
0.088990 -0.023570 0.052333
0.088875 -0.018756 0.052609
0.088926 -0.023278 0.052369
0.092305 -0.018798 0.052778
0.095075 -0.016596 0.051727
0.083915 -0.017220 0.052709
0.094127 -0.018223 0.052350
0.092332 -0.010035 0.052706
0.087451 -0.014360 0.052884
0.086563 -0.017023 0.052767
0.086504 -0.018058 0.052717
0.085934 -0.021293 0.052639
0.086468 -0.019654 0.052729
0.085519 -0.016988 0.052740
0.088188 -0.019477 0.052634
0.086874 -0.018719 0.052731
0.095101 -0.015752 0.051670
0.084851 -0.019206 0.052785
0.094712 -0.020002 0.052572
0.089261 -0.016389 0.052713
0.088042 -0.020823 0.052631
0.097313 -0.020743 0.052087
0.082730 -0.016546 0.052760
0.088797 -0.022078 0.052495
0.086222 -0.015478 0.052865
0.090819 -0.011897 0.052795
0.095555 -0.018499 0.051951
0.084343 -0.016227 0.052808
0.091007 -0.017373 0.052739
0.088073 -0.016963 0.052705
0.091716 -0.024006 0.052461
0.095622 -0.016523 0.051648
0.093576 -0.023712 0.052595
0.091985 -0.009952 0.052750
0.093856 -0.018548 0.052587
0.093941 -0.019061 0.052667
0.094442 -0.023997 0.052307
0.093741 -0.017896 0.052487
0.089042 -0.018034 0.052627
0.088738 -0.015607 0.052742
0.086692 -0.022153 0.052517
0.089129 -0.018334 0.052610
0.094561 -0.020830 0.052692
0.086251 -0.018337 0.052731
0.083820 -0.016591 0.052762
0.093438 -0.021694 0.052845
0.087170 -0.019293 0.052717
0.086928 -0.023354 0.052252
0.095577 -0.022862 0.051935
0.089759 -0.019086 0.052649
0.095005 -0.017352 0.051867
0.094604 -0.017155 0.052011
0.092798 -0.015469 0.052354
0.095113 -0.016929 0.051760
0.089858 -0.022442 0.052517
0.091581 -0.012744 0.052629
0.092767 -0.016444 0.052472
0.086203 -0.015118 0.052896
0.088454 -0.014501 0.052809
0.083895 -0.018664 0.052777
0.095994 -0.022472 0.051952
0.095137 -0.018989 0.052168
0.091298 -0.011636 0.052773
0.090975 -0.016179 0.052680
0.086213 -0.013689 0.053008
0.094926 -0.019192 0.052239
0.092504 -0.016845 0.052591
0.090516 -0.011446 0.052863
0.085807 -0.016096 0.052808
0.085513 -0.014865 0.052963
0.091057 -0.015872 0.052643
0.096197 -0.018159 0.051873
0.092851 -0.012258 0.052579
0.095148 -0.022926 0.052025
0.089972 -0.023292 0.052377
0.095048 -0.018354 0.052091
0.089439 -0.019003 0.052610
0.093314 -0.016710 0.052288
0.091057 -0.015872 0.052643
0.090032 -0.014585 0.052658
0.085301 -0.017471 0.052732
0.083266 -0.016374 0.052776
0.093554 -0.021378 0.052813
0.089693 -0.024017 0.052295
0.087945 -0.014797 0.052826
0.084061 -0.016441 0.052773
0.092417 -0.013565 0.052435
0.087811 -0.020327 0.052667
0.087329 -0.023033 0.052281
0.090431 -0.021232 0.052696
0.086222 -0.015478 0.052865
0.089936 -0.012761 0.052811
0.092448 -0.013751 0.052411
0.093164 -0.022181 0.052826
0.089539 -0.021293 0.052621
0.083733 -0.017138 0.052683
0.096829 -0.019719 0.051821
0.091556 -0.019988 0.052830
0.092922 -0.013372 0.052419
0.096473 -0.021444 0.051752
0.090511 -0.012754 0.052751
0.091124 -0.022098 0.052661
0.094334 -0.023191 0.052595
0.089878 -0.016078 0.052715
0.085547 -0.019371 0.052775
0.092662 -0.024297 0.052453
0.087151 -0.017869 0.052690
0.089964 -0.016953 0.052712
0.095263 -0.021017 0.052252
0.086233 -0.018705 0.052756
0.096169 -0.019189 0.051822
0.088940 -0.018487 0.052615
0.090512 -0.022618 0.052559
0.093272 -0.016092 0.052187
0.090723 -0.022646 0.052588
0.091676 -0.010631 0.052781
0.084519 -0.014362 0.052995
0.095239 -0.017534 0.051864
0.084434 -0.019814 0.052755
0.085842 -0.021958 0.052559
0.089259 -0.015648 0.052726
0.094579 -0.018071 0.052109
0.089779 -0.012308 0.052867
0.087586 -0.017772 0.052689
0.091591 -0.015168 0.052558
0.090336 -0.011219 0.052896
0.096341 -0.021199 0.051688
0.083507 -0.017085 0.052710
0.087576 -0.024236 0.052248
0.090049 -0.015212 0.052687
0.084877 -0.014317 0.053005
0.093800 -0.015459 0.052010
0.094264 -0.014393 0.051944
0.095133 -0.022344 0.052080
0.086520 -0.017645 0.052699
0.094232 -0.014768 0.051902
0.095215 -0.019827 0.052202
0.088330 -0.011628 0.053051
0.084607 -0.016812 0.052760
0.088931 -0.024165 0.052304
0.088505 -0.016394 0.052729
0.095190 -0.021983 0.052066
0.091137 -0.015120 0.052616
0.088547 -0.014832 0.052779
0.084551 -0.014780 0.052972
0.094101 -0.012547 0.052439
0.084537 -0.021256 0.052665
