0.095040 -0.032470 0.034651
0.096083 -0.024770 0.038364
0.096233 -0.026596 0.038954
0.095962 -0.028609 0.037584
0.096258 -0.026207 0.038881
0.096481 -0.024546 0.042914
0.096303 -0.025515 0.040794
0.095955 -0.026957 0.037409
0.095137 -0.028693 0.030781
0.096369 -0.025811 0.040792
0.096410 -0.029332 0.041862
0.095084 -0.031033 0.033886
0.096205 -0.026396 0.038727
0.096856 -0.032103 0.044049
0.094925 -0.031222 0.032449
0.096030 -0.027380 0.036402
0.095106 -0.027735 0.031245
0.095608 -0.022946 0.036900
0.095637 -0.032558 0.038177
0.095122 -0.026130 0.030375
0.095495 -0.030149 0.036035
0.095987 -0.023860 0.042303
0.095087 -0.029924 0.033302
0.096095 -0.032114 0.040478
0.096043 -0.024886 0.039057
0.096202 -0.025458 0.039517
0.094925 -0.023833 0.033855
0.095940 -0.023993 0.042148
0.096396 -0.028846 0.041595
0.096010 -0.024414 0.041966
0.095157 -0.027564 0.030790
0.096023 -0.024946 0.039327
0.096179 -0.025885 0.038421
0.096323 -0.027106 0.039973
0.095591 -0.030190 0.036780
0.096290 -0.024585 0.042581
0.095047 -0.030989 0.031074
0.096351 -0.027736 0.041971
0.095746 -0.027556 0.035748
0.096047 -0.031385 0.039879
0.096001 -0.033251 0.039941
0.095053 -0.028741 0.032832
0.095181 -0.022085 0.034094
0.096270 -0.026258 0.039076
0.095961 -0.032991 0.039803
0.096096 -0.033139 0.040403
0.095918 -0.027234 0.037256
0.095576 -0.025484 0.033883
0.095690 -0.028972 0.036358
0.096289 -0.029976 0.042345
0.096354 -0.031494 0.043484
0.095213 -0.028382 0.030108
0.097748 -0.019998 0.043082
0.095075 -0.031946 0.034804
0.095480 -0.031678 0.036329
0.095591 -0.030190 0.036780
0.096202 -0.031112 0.042816
0.095982 -0.032080 0.039543
0.094946 -0.031087 0.032262
0.096237 -0.031219 0.042879
0.095201 -0.029201 0.031056
0.096600 -0.033062 0.043768
0.095220 -0.030436 0.031649
0.095283 -0.022632 0.035210
0.094904 -0.031802 0.031386
0.095744 -0.031160 0.038215
0.095957 -0.027382 0.037725
0.095910 -0.032760 0.039520
0.096362 -0.030588 0.041593
0.096048 -0.031644 0.039825
0.095117 -0.028112 0.030181
0.095043 -0.026485 0.030421
0.096155 -0.030677 0.042108
0.095429 -0.031195 0.035895
0.096300 -0.025763 0.040349
0.095304 -0.031476 0.035760
0.096423 -0.025902 0.041140
0.096378 -0.028386 0.041914
0.095666 -0.031794 0.038132
0.095331 -0.031206 0.035493
0.095798 -0.029548 0.037723
0.095023 -0.030122 0.033085
0.095861 -0.032199 0.039000
0.095098 -0.023910 0.030861
0.095016 -0.030189 0.032931
0.095172 -0.026452 0.031432
0.096470 -0.027536 0.042382
0.096298 -0.026784 0.039493
0.095770 -0.029205 0.036736
0.096166 -0.025128 0.041106
0.095549 -0.028382 0.035806
0.095229 -0.029000 0.031840
0.096012 -0.031027 0.039909
0.096243 -0.028856 0.040757
0.096106 -0.031723 0.040720
0.096363 -0.028643 0.041953
0.096392 -0.027455 0.041634
0.095519 -0.033596 0.037954
0.096370 -0.027424 0.041285
0.096186 -0.033477 0.041391
0.095916 -0.032029 0.039347
0.096041 -0.032073 0.040307
0.096370 -0.027424 0.041285
0.096743 -0.025911 0.042595
0.096022 -0.026940 0.036378
0.096286 -0.026437 0.039337
0.094854 -0.033767 0.031512
0.095002 -0.027001 0.032212
0.096444 -0.032961 0.043079
0.096418 -0.029579 0.041650
0.096023 -0.024268 0.039506
0.095254 -0.030473 0.034844
0.095753 -0.031156 0.038634
0.096366 -0.026102 0.040596
0.095787 -0.029431 0.037530
0.096123 -0.033312 0.040724
0.096144 -0.027173 0.036223
0.096856 -0.032103 0.044049
0.096764 -0.026753 0.042943
0.096399 -0.030726 0.043794
0.095912 -0.033771 0.039192
0.096118 -0.027310 0.036150
0.096088 -0.032324 0.042473
0.096202 -0.028093 0.039277
0.095068 -0.027440 0.029858
0.095253 -0.026507 0.032578
0.096226 -0.029482 0.040401
0.095859 -0.024381 0.041475
0.095008 -0.032607 0.034841
0.095150 -0.027903 0.031352
0.095023 -0.031578 0.033486
0.095440 -0.023434 0.032620
0.096145 -0.025242 0.038866
0.095111 -0.031244 0.034561
0.096219 -0.030947 0.043259
0.095696 -0.031730 0.038295
0.096022 -0.023879 0.038484
0.096384 -0.031784 0.043776
0.095177 -0.027606 0.030412
0.095861 -0.032199 0.039000
0.095683 -0.029890 0.037316
0.095813 -0.029095 0.037379
0.096205 -0.026396 0.038727
0.095536 -0.030546 0.036343
0.096048 -0.031413 0.039728
0.095281 -0.030891 0.035068
0.095293 -0.026456 0.032633
0.096258 -0.027241 0.039556
0.095710 -0.025771 0.033886
0.096376 -0.026970 0.040162
0.095520 -0.024020 0.040674
0.096504 -0.032142 0.043338
0.096189 -0.030034 0.043210
0.096110 -0.030294 0.040135
0.096103 -0.026655 0.038454
0.094883 -0.023012 0.031921
0.095187 -0.026542 0.031648
0.096499 -0.026826 0.042326
0.095650 -0.032027 0.037733
0.095890 -0.033621 0.039351
0.095546 -0.032871 0.037549
0.095118 -0.027265 0.030807
0.095179 -0.033821 0.034050
0.095981 -0.023174 0.042320
0.095951 -0.029458 0.038848
0.094973 -0.023381 0.031618
0.095867 -0.028776 0.037928
0.096352 -0.025484 0.041275
0.095270 -0.023444 0.033561
0.096343 -0.032094 0.043633
0.095005 -0.023694 0.031216
0.094923 -0.026915 0.031873
0.096352 -0.025484 0.041275
0.095560 -0.032711 0.037642
0.094877 -0.024183 0.033573
0.094860 -0.031467 0.032414
0.096146 -0.030723 0.042952
0.095924 -0.026417 0.035673
0.095987 -0.023860 0.042303
0.095148 -0.024160 0.034700
0.096406 -0.025984 0.042088
0.096210 -0.031936 0.041932
0.096350 -0.026051 0.039959
0.096063 -0.024998 0.038117
0.096340 -0.033067 0.042434
0.095884 -0.023289 0.038529
0.095248 -0.028734 0.030280
0.094961 -0.027818 0.033110
0.095720 -0.033574 0.038730
0.095106 -0.027735 0.031245
0.095846 -0.029207 0.037608
0.095989 -0.027092 0.037815
0.095568 -0.023733 0.041238
0.095765 -0.028642 0.036778
0.095823 -0.028875 0.036608
0.095215 -0.030175 0.034325
0.095630 -0.030226 0.037263
0.096338 -0.026483 0.041894
0.095683 -0.030120 0.037960
0.096132 -0.030254 0.043158
0.096131 -0.030139 0.041053
0.095930 -0.028384 0.038313
0.096387 -0.026206 0.040862
0.096145 -0.025242 0.038866
0.096197 -0.029896 0.040469
0.095170 -0.025303 0.029928
0.095551 -0.030689 0.036670
0.095406 -0.032721 0.037030
0.095540 -0.033811 0.038132
0.095134 -0.028864 0.031078
0.096404 -0.026379 0.040472
0.095841 -0.031721 0.038852
0.096177 -0.024648 0.042257
0.095698 -0.031518 0.038514
0.095003 -0.026243 0.030012
0.095917 -0.026175 0.037358
0.095390 -0.032373 0.036509
0.096277 -0.025707 0.039977
0.095162 -0.032199 0.035735
0.095755 -0.027711 0.035965
0.095122 -0.026130 0.030375
0.094965 -0.025008 0.031381
0.095119 -0.023235 0.033748
0.095746 -0.028350 0.036814
0.096443 -0.025390 0.042267
0.095722 -0.023930 0.041563
0.096368 -0.031875 0.043450
0.095510 -0.023869 0.040600
0.095137 -0.026222 0.030731
0.095188 -0.032915 0.034202
0.095103 -0.029539 0.032612
0.096030 -0.027380 0.036402
0.095291 -0.024448 0.030450
0.095176 -0.024613 0.033154
0.096072 -0.030294 0.039699
0.096468 -0.028016 0.042581
0.096013 -0.032782 0.039976
0.096145 -0.030634 0.043155
0.095946 -0.031686 0.042343
0.096014 -0.024029 0.039233
0.095867 -0.028776 0.037928
0.096228 -0.028179 0.040190
0.097047 -0.030637 0.043981
0.096305 -0.031809 0.043633
0.095016 -0.028389 0.032390
0.096085 -0.028877 0.038976
0.096391 -0.028115 0.041723
0.094936 -0.027053 0.031455
0.096376 -0.028234 0.040915
0.095471 -0.033804 0.037566
0.095047 -0.027867 0.031568
0.096055 -0.024668 0.039616
0.095175 -0.023016 0.033628
0.095120 -0.026988 0.033180
0.095572 -0.029720 0.036430
0.095627 -0.032089 0.037530
0.096920 -0.027135 0.043159
0.095865 -0.027705 0.037173
0.096228 -0.028397 0.039459
0.096494 -0.032395 0.042812
0.096404 -0.026379 0.040472
0.095174 -0.031606 0.035252
0.096202 -0.028093 0.039277
0.095274 -0.023540 0.033326
0.096055 -0.026206 0.037749
0.095438 -0.029708 0.035774
0.095692 -0.025570 0.033167
0.096362 -0.030588 0.041593
0.097119 -0.023255 0.043428
0.096333 -0.025385 0.041694
0.096328 -0.028322 0.042347
0.095143 -0.028974 0.030897
0.095476 -0.034032 0.037609
0.096063 -0.021909 0.041894
0.095248 -0.025022 0.033888
0.095548 -0.025161 0.032758
0.095613 -0.027940 0.035713
0.095360 -0.024774 0.035319
0.095710 -0.030752 0.037997
0.095549 -0.031508 0.036998
0.095084 -0.028814 0.033672
0.096042 -0.030541 0.042353
0.095252 -0.028903 0.034708
0.096059 -0.031101 0.042248
0.096127 -0.030261 0.043455
0.095040 -0.030672 0.033272
0.095173 -0.024089 0.032624
0.096184 -0.031599 0.040898
0.095774 -0.030925 0.038397
0.095660 -0.023590 0.041510
0.096031 -0.031117 0.040136
0.095388 -0.021001 0.035312
0.095955 -0.026957 0.037409
0.095511 -0.031189 0.036607
0.095120 -0.025394 0.030977
0.095657 -0.030300 0.037801
0.094964 -0.027870 0.032181
0.095099 -0.032172 0.033651
0.095510 -0.030750 0.036166
0.096627 -0.021905 0.043341
0.095045 -0.030143 0.033266
0.095439 -0.033823 0.037303
0.095465 -0.032470 0.037075
0.094957 -0.027468 0.032398
0.096055 -0.026206 0.037749
0.095718 -0.025806 0.034300
0.096141 -0.030488 0.040617
0.095185 -0.032754 0.033963
0.096533 -0.033049 0.042763
0.095755 -0.027711 0.035965
0.095898 -0.029000 0.036591
0.095628 -0.024345 0.040806
0.096217 -0.032688 0.042056
0.096259 -0.032905 0.041632
0.095515 -0.031863 0.036555
0.096323 -0.032707 0.042370
0.095533 -0.023845 0.041064
0.095890 -0.032832 0.039132
0.095019 -0.024521 0.031522
0.095120 -0.032778 0.034472
0.096370 -0.027424 0.041285
0.094821 -0.031755 0.032287
0.096978 -0.025745 0.042883
0.095026 -0.028095 0.031914
0.097065 -0.024627 0.043444
0.095813 -0.027872 0.036837
0.096386 -0.027895 0.041284
0.096369 -0.030211 0.041569
0.096235 -0.030805 0.041163
0.096037 -0.030091 0.039449
0.096238 -0.032676 0.041812
0.095181 -0.033275 0.034411
0.096072 -0.026561 0.038038
0.095969 -0.027334 0.038218
0.095839 -0.029884 0.038471
0.096096 -0.031061 0.042628
0.095681 -0.030094 0.037776
0.096069 -0.027408 0.038609
0.095539 -0.023117 0.041102
0.095755 -0.025879 0.035632
0.095177 -0.027606 0.030412
0.095735 -0.023938 0.040083
0.095120 -0.029552 0.033347
0.096452 -0.025871 0.042266
0.095916 -0.032029 0.039347
0.096210 -0.024097 0.042667
0.096430 -0.032146 0.042817
0.096315 -0.025339 0.041472
0.095003 -0.026243 0.030012
0.096216 -0.031135 0.041152
0.095953 -0.027232 0.037569
0.095102 -0.027695 0.030008
0.095048 -0.032200 0.034755
0.096014 -0.031765 0.039663
0.096045 -0.024899 0.039191
0.095725 -0.029736 0.037471
0.095147 -0.025688 0.030935
0.095021 -0.032466 0.035337
0.095027 -0.025036 0.031023
0.095204 -0.031725 0.035804
0.095106 -0.025712 0.030171
0.095254 -0.030473 0.034844
0.095139 -0.024396 0.032919
0.096357 -0.032551 0.042533
0.096394 -0.031786 0.043010
0.095962 -0.028609 0.037584
0.095569 -0.026237 0.033759
0.095205 -0.026338 0.032210
0.095550 -0.031139 0.036991
0.095289 -0.028878 0.034954
0.094921 -0.026543 0.030037
0.096380 -0.029857 0.041450
0.096218 -0.025076 0.041589
0.095765 -0.030711 0.038542
0.096675 -0.032942 0.043911
0.096230 -0.026016 0.038694
0.095434 -0.030704 0.035688
0.095158 -0.023499 0.031933
0.095317 -0.029858 0.034966
0.096734 -0.028694 0.043413
0.096524 -0.028937 0.043152
0.096656 -0.029210 0.043555
0.095502 -0.023066 0.033068
0.096108 -0.027848 0.038727
0.095662 -0.032935 0.038353
0.096330 -0.026470 0.040753
0.095121 -0.026247 0.030920
0.095074 -0.031192 0.033750
0.094859 -0.031315 0.032061
0.095498 -0.030937 0.036187
0.096359 -0.025871 0.040444
0.096418 -0.025734 0.042117
0.095520 -0.033214 0.037685
0.095283 -0.030025 0.034757
0.096201 -0.031654 0.041179
0.095651 -0.028221 0.036132
0.095865 -0.027705 0.037173
0.096199 -0.031049 0.041817
0.095757 -0.024551 0.040870
0.095859 -0.029029 0.036663
0.095145 -0.028121 0.031345
0.096130 -0.030240 0.040896
0.095856 -0.027676 0.036807
0.096031 -0.026843 0.037968
0.095440 -0.023434 0.032620
0.095824 -0.030480 0.038680
0.095327 -0.029904 0.031566
0.096333 -0.025385 0.041694
0.096230 -0.026016 0.038694
0.096772 -0.029307 0.043708
0.096197 -0.029896 0.040469
0.095041 -0.029851 0.032897
0.095688 -0.032625 0.038392
0.095656 -0.024106 0.040398
0.095913 -0.027635 0.036227
0.096216 -0.027890 0.039453
0.094983 -0.027137 0.029832
0.095863 -0.029268 0.038297
0.095566 -0.030331 0.036602
0.095631 -0.030723 0.037706
0.095117 -0.028112 0.030181
0.096561 -0.032902 0.042911
0.095978 -0.032709 0.039696
0.095815 -0.026230 0.037002
0.096372 -0.025476 0.042018
0.095720 -0.030039 0.038215
0.096156 -0.032814 0.041040
0.095633 -0.032192 0.037769
0.096272 -0.031102 0.041662
0.095310 -0.023735 0.032666
0.095251 -0.031362 0.035300
0.096275 -0.028567 0.039929
0.094974 -0.032536 0.035097
0.095891 -0.030204 0.038673
0.095892 -0.027697 0.036602
0.096254 -0.029566 0.040688
0.095826 -0.033274 0.038969
0.095291 -0.024448 0.030450
0.096202 -0.025458 0.039517
0.095347 -0.023751 0.032159
0.095121 -0.028432 0.034042
0.094979 -0.031091 0.030770
0.096339 -0.028085 0.042037
0.095137 -0.024012 0.030276
0.095121 -0.026247 0.030920
0.096418 -0.032940 0.042602
0.096047 -0.030688 0.039683
0.096418 -0.029579 0.041650
0.095271 -0.032422 0.036070
0.094983 -0.027137 0.029832
0.095495 -0.033720 0.037755
0.096147 -0.030240 0.040671
0.096434 -0.027496 0.041088
0.096191 -0.027175 0.036120
0.095982 -0.028207 0.037680
0.095097 -0.031574 0.034604
0.094914 -0.026756 0.029981
0.095349 -0.033731 0.036575
0.096246 -0.031350 0.041397
0.095152 -0.029772 0.033532
0.096350 -0.027410 0.042017
0.095920 -0.029825 0.038777
0.095097 -0.031574 0.034604
0.096131 -0.030721 0.042724
0.095855 -0.032067 0.038841
0.094856 -0.026832 0.031711
0.096315 -0.028586 0.040648
0.096020 -0.026951 0.038159
0.096269 -0.031202 0.043179
0.095976 -0.028110 0.038410
0.096384 -0.031784 0.043776
0.096118 -0.027310 0.036150
0.094973 -0.027108 0.032057
0.095040 -0.032470 0.034651
0.096148 -0.028207 0.038840
0.096494 -0.032395 0.042812
0.096431 -0.029523 0.043320
0.095520 -0.030360 0.036173
0.095156 -0.031172 0.034744
0.096263 -0.031013 0.043413
0.095471 -0.028592 0.035635
0.095393 -0.033073 0.037049
0.095121 -0.026247 0.030920
0.096144 -0.032538 0.040874
0.095137 -0.024012 0.030276
0.095596 -0.031562 0.037433
0.096256 -0.031405 0.041660
0.096344 -0.025877 0.040195
0.096920 -0.027135 0.043159
0.095092 -0.032162 0.035429
0.094969 -0.027411 0.032050
0.095636 -0.029949 0.036914
0.094980 -0.030974 0.032615
0.095093 -0.024581 0.031054
0.095647 -0.029380 0.036465
0.094976 -0.025560 0.031481
0.096164 -0.026234 0.038312
0.095985 -0.024083 0.038161
0.095135 -0.032494 0.033457
0.095083 -0.032320 0.033319
0.096174 -0.030506 0.041105
0.095336 -0.025101 0.034463
0.095253 -0.026507 0.032578
0.095935 -0.026815 0.035681
0.096149 -0.032124 0.041219
0.095887 -0.033461 0.039193
0.095813 -0.027872 0.036837
0.096322 -0.026826 0.041394
0.095082 -0.031909 0.035093
0.096291 -0.025790 0.039757
0.095859 -0.029063 0.038011
0.095724 -0.029566 0.037222
0.096406 -0.025984 0.042088
0.096146 -0.029573 0.039842
0.095593 -0.025503 0.034555
0.096375 -0.027740 0.041532
0.095266 -0.024542 0.030708
0.095023 -0.026851 0.030369
0.096394 -0.031786 0.043010
0.095782 -0.029801 0.038128
0.096057 -0.024840 0.039904
0.096388 -0.029383 0.042129
0.095514 -0.023135 0.040952
0.095822 -0.029373 0.038103
0.095472 -0.032040 0.036345
0.096275 -0.028567 0.039929
0.095488 -0.033191 0.037451
0.095293 -0.032550 0.036278
0.096167 -0.032137 0.040809
0.095664 -0.029875 0.037074
0.096136 -0.030279 0.040299
0.095634 -0.024285 0.041009
0.095874 -0.032936 0.038983
0.095619 -0.028924 0.036166
0.096330 -0.026470 0.040753
0.096817 -0.027440 0.043107
0.095240 -0.029797 0.030511
0.096205 -0.032817 0.041316
0.095567 -0.031724 0.037185
0.096118 -0.027310 0.036150
0.095106 -0.025712 0.030171
0.095645 -0.030339 0.038204
0.095244 -0.031177 0.035103
0.096003 -0.032516 0.040171
0.095240 -0.029797 0.030511
0.095465 -0.032470 0.037075
0.095470 -0.032157 0.036463
0.095440 -0.023434 0.032620
0.095386 -0.029274 0.035445
0.095131 -0.028436 0.031323
0.095785 -0.033016 0.038798
0.096164 -0.025339 0.038596
0.096258 -0.029836 0.042856
0.096013 -0.029576 0.039202
0.096384 -0.031784 0.043776
0.096227 -0.031885 0.041741
0.096138 -0.024947 0.041489
0.096037 -0.032272 0.040131
0.095508 -0.023370 0.040881
0.096210 -0.030049 0.043681
0.096345 -0.029805 0.043597
0.095109 -0.031730 0.035057
0.096205 -0.031349 0.042815
0.095390 -0.032373 0.036509
0.096170 -0.032293 0.042209
0.096097 -0.027020 0.036065
0.096194 -0.023617 0.042733
0.096274 -0.029548 0.040897
0.095584 -0.024416 0.036850
0.094974 -0.032536 0.035097
0.095083 -0.030942 0.034090
0.095566 -0.030331 0.036602
0.095134 -0.025872 0.030515
0.096196 -0.031984 0.041036
0.095815 -0.032719 0.038699
0.095890 -0.025278 0.037590
0.095710 -0.025771 0.033886
0.096376 -0.026166 0.041625
0.095147 -0.023242 0.034711
0.095937 -0.031973 0.042529
0.095922 -0.028846 0.037780
0.095874 -0.032936 0.038983
0.096375 -0.026634 0.040040
0.096365 -0.033074 0.043240
0.095258 -0.029832 0.034218
0.095852 -0.025624 0.037407
0.097829 -0.024240 0.043596
0.096051 -0.027097 0.038475
0.096253 -0.032213 0.042668
0.096131 -0.032875 0.040565
0.096261 -0.028803 0.040108
0.096183 -0.032314 0.041378
0.096410 -0.029332 0.041862
0.095628 -0.024345 0.040806
0.095825 -0.028576 0.037204
0.095502 -0.028249 0.035554
0.095996 -0.033541 0.039846
0.095087 -0.029924 0.033302
0.095308 -0.026124 0.032036
0.096814 -0.021014 0.043137
0.094883 -0.023012 0.031921
0.095270 -0.023444 0.033561
0.095434 -0.033666 0.037245
0.095914 -0.031705 0.039497
0.096791 -0.024783 0.043155
0.095206 -0.029320 0.031434
0.096341 -0.026039 0.039833
0.096102 -0.028939 0.039622
0.096000 -0.024576 0.038086
0.095532 -0.025384 0.032451
0.096341 -0.027697 0.040378
0.096025 -0.032507 0.039988
0.095640 -0.025583 0.033525
0.096177 -0.024648 0.042257
0.096037 -0.026964 0.038346
0.095569 -0.030952 0.037163
0.095322 -0.026434 0.032630
0.095805 -0.032296 0.038645
0.096143 -0.026734 0.038664
0.095395 -0.022725 0.033315
0.095109 -0.031730 0.035057
0.096090 -0.024654 0.041895
0.095906 -0.028918 0.037597
0.095657 -0.023341 0.040214
0.096202 -0.025458 0.039517
0.095006 -0.030893 0.033026
0.095920 -0.030970 0.039193
0.095109 -0.031730 0.035057
0.095388 -0.031616 0.036040
0.095179 -0.022614 0.033850
0.095164 -0.023938 0.031675
0.095597 -0.032403 0.037550
0.095628 -0.024345 0.040806
0.096130 -0.027098 0.038748
0.096427 -0.027444 0.040714
0.095864 -0.030950 0.039040
0.095308 -0.026124 0.032036
0.096262 -0.028114 0.039950
0.095720 -0.033574 0.038730
0.096035 -0.024926 0.040301
0.096345 -0.030849 0.041650
0.096174 -0.030506 0.041105
0.096166 -0.032012 0.041486
0.095606 -0.023831 0.041332
0.096138 -0.027569 0.038830
0.095094 -0.027601 0.029805
0.095047 -0.023978 0.033182
0.095945 -0.032092 0.042360
0.097004 -0.026099 0.042898
0.095940 -0.027574 0.037533
0.095932 -0.027973 0.038253
0.095969 -0.024718 0.041285
0.096675 -0.032942 0.043911
0.095710 -0.030752 0.037997
0.095145 -0.028121 0.031345
0.096372 -0.033185 0.043567
0.095299 -0.029347 0.034613
0.096335 -0.031507 0.043130
0.095403 -0.032422 0.036767
0.095891 -0.030204 0.038673
0.095545 -0.023507 0.036532
0.096032 -0.031336 0.040330
0.096459 -0.028545 0.042693
0.095134 -0.028864 0.031078
0.095050 -0.025332 0.031681
0.095230 -0.023882 0.035126
0.095102 -0.028419 0.030758
0.095904 -0.024402 0.037843
0.096145 -0.025178 0.039713
0.095022 -0.023809 0.034282
0.096123 -0.030423 0.043325
0.097047 -0.030637 0.043981
0.096518 -0.032546 0.043573
0.096281 -0.031835 0.042808
0.096242 -0.027646 0.039680
0.096476 -0.027208 0.040969
0.097123 -0.026100 0.043102
0.096353 -0.025006 0.042345
0.095888 -0.024119 0.041858
0.095528 -0.032648 0.037378
0.096234 -0.029005 0.040010
0.096201 -0.031654 0.041179
0.094856 -0.026832 0.031711
0.095808 -0.024285 0.040123
0.096504 -0.032142 0.043338
0.096376 -0.026970 0.040162
0.095098 -0.023910 0.030861
0.096272 -0.031102 0.041662
0.096380 -0.029358 0.042943
0.096355 -0.029766 0.042142
0.096472 -0.032315 0.043492
0.094888 -0.032407 0.031085
0.095822 -0.030817 0.038808
0.095957 -0.027382 0.037725
0.095910 -0.027988 0.037366
0.096354 -0.027825 0.042208
0.095829 -0.031420 0.038878
0.095937 -0.031973 0.042529
0.095558 -0.023448 0.041166
0.095865 -0.033145 0.039252
0.095885 -0.032426 0.038858
0.095047 -0.023978 0.033182
0.095293 -0.026456 0.032633
0.095429 -0.031195 0.035895
0.096407 -0.031071 0.043695
0.096759 -0.026476 0.042818
0.095476 -0.032144 0.036748
0.095947 -0.030582 0.039164
0.095463 -0.029021 0.035748
0.096439 -0.028959 0.041139
0.096592 -0.027037 0.042583
0.094922 -0.031336 0.032683
0.095585 -0.025261 0.033145
0.096181 -0.030215 0.043846
0.096183 -0.032314 0.041378
0.096022 -0.031739 0.039968
0.095906 -0.028918 0.037597
0.096493 -0.024796 0.042805
0.096070 -0.025119 0.039298
0.096214 -0.031377 0.041016
0.096569 -0.032160 0.043175
0.096173 -0.024877 0.041831
0.096475 -0.027181 0.042221
0.096202 -0.032740 0.041168
0.095841 -0.031754 0.039053
0.095546 -0.032871 0.037549
0.095488 -0.031373 0.036388
0.095139 -0.024396 0.032919
0.095004 -0.028455 0.033296
0.096004 -0.024440 0.039738
0.095322 -0.026434 0.032630
0.095715 -0.024308 0.041216
0.095090 -0.029265 0.032887
0.094859 -0.031315 0.032061
0.095086 -0.030973 0.033706
0.095201 -0.033081 0.033934
0.095395 -0.022725 0.033315
0.096411 -0.027459 0.042149
0.094992 -0.027035 0.032395
0.095685 -0.029552 0.036866
0.096366 -0.026102 0.040596
0.095180 -0.030518 0.034332
0.096081 -0.033412 0.040161
0.096208 -0.027611 0.039337
0.096357 -0.032551 0.042533
0.095272 -0.024940 0.032204
0.096137 -0.025266 0.039055
0.096877 -0.031816 0.044003
0.095881 -0.028928 0.038196
0.094812 -0.024294 0.033903
0.096003 -0.032516 0.040171
0.096817 -0.027440 0.043107
0.095013 -0.031034 0.031497
0.096075 -0.026632 0.038184
0.095023 -0.026851 0.030369
0.095075 -0.025765 0.031618
0.096211 -0.033161 0.041385
0.094935 -0.032366 0.032329
0.095145 -0.027835 0.030416
0.096374 -0.027916 0.040622
0.096063 -0.021909 0.041894
0.096145 -0.025178 0.039713
0.096650 -0.028494 0.043211
0.096319 -0.025496 0.041031
0.096012 -0.027768 0.038501
0.096504 -0.033259 0.042870
0.096110 -0.030294 0.040135
0.095127 -0.030499 0.033784
0.094835 -0.032039 0.032597
0.095058 -0.026731 0.032284
0.095863 -0.029228 0.037836
0.096354 -0.027825 0.042208
0.096479 -0.032744 0.043304
0.095657 -0.025468 0.032834
0.095483 -0.023012 0.033273
0.096511 -0.026082 0.042342
0.095501 -0.029877 0.036092
0.095170 -0.025303 0.029928
0.095591 -0.032503 0.037803
0.096256 -0.031405 0.041660
0.096421 -0.027133 0.040558
0.095933 -0.032435 0.039430
0.095187 -0.033797 0.034526
0.095116 -0.031958 0.035425
0.095777 -0.030321 0.038415
0.096722 -0.027152 0.042955
0.095579 -0.032294 0.037385
0.094893 -0.024307 0.033337
0.096347 -0.029596 0.042446
0.095476 -0.034032 0.037609
0.096059 -0.031101 0.042248
0.095882 -0.027449 0.037003
0.095032 -0.025264 0.031538
0.096130 -0.029968 0.040927
0.095850 -0.024279 0.037722
0.095345 -0.023969 0.032389
0.095801 -0.023387 0.039487
0.095944 -0.027930 0.037520
0.095933 -0.032435 0.039430
0.095406 -0.028821 0.035464
0.096020 -0.026951 0.038159
0.095009 -0.022761 0.032263
0.095642 -0.033345 0.038616
0.096394 -0.031786 0.043010
0.096178 -0.027922 0.039035
0.095761 -0.024028 0.037461
0.095877 -0.033118 0.039634
0.095839 -0.029884 0.038471
0.094973 -0.027098 0.031053
0.096367 -0.025877 0.041789
0.095228 -0.029744 0.032171
0.096484 -0.028718 0.042925
0.095094 -0.022995 0.034033
0.095247 -0.029476 0.030775
0.095932 -0.027767 0.038118
0.096207 -0.025632 0.038673
0.095808 -0.024285 0.040123
0.095604 -0.030525 0.037379
0.096025 -0.030730 0.039484
0.096144 -0.027195 0.036059
0.095131 -0.025688 0.030506
0.096312 -0.030653 0.041339
0.096063 -0.024998 0.038117
0.096425 -0.028904 0.042730
0.095255 -0.029151 0.034433
0.096049 -0.024984 0.040519
0.095304 -0.031476 0.035760
0.095232 -0.025203 0.030283
0.095308 -0.030671 0.035102
0.095080 -0.032994 0.034885
0.096053 -0.032768 0.040351
0.095498 -0.030571 0.036040
0.096271 -0.027328 0.039832
0.094964 -0.031374 0.031261
0.096396 -0.026980 0.040345
0.097139 -0.025795 0.043137
0.096044 -0.028215 0.038621
0.095120 -0.025394 0.030977
0.095406 -0.028821 0.035464
0.094986 -0.027259 0.032919
0.096171 -0.030426 0.043683
0.095082 -0.031909 0.035093
0.095498 -0.030937 0.036187
0.097119 -0.023255 0.043428
0.096113 -0.033347 0.040984
0.096295 -0.027025 0.039661
0.095488 -0.033191 0.037451
0.095940 -0.029347 0.038722
0.096110 -0.030294 0.040135
0.095594 -0.029274 0.036281
0.096022 -0.031617 0.042607
0.094992 -0.025595 0.029703
0.095439 -0.033823 0.037303
0.095354 -0.029057 0.035249
0.095254 -0.030473 0.034844
0.095231 -0.024817 0.029995
0.095180 -0.030518 0.034332
0.096144 -0.032538 0.040874
0.096029 -0.030979 0.042436
0.095010 -0.028217 0.032110
0.096147 -0.029705 0.040100
0.096425 -0.027108 0.042015
0.095075 -0.025765 0.031618
0.095984 -0.032451 0.039574
0.096062 -0.030482 0.040047
0.095267 -0.027403 0.033982
0.095135 -0.030841 0.034284
0.096472 -0.032315 0.043492
0.096094 -0.026166 0.037989
0.096638 -0.027600 0.042872
0.096364 -0.026803 0.041802
0.096158 -0.025605 0.038343
0.096411 -0.027459 0.042149
0.096520 -0.032626 0.043822
0.094928 -0.024881 0.031657
0.095873 -0.029148 0.038489
0.096127 -0.028502 0.038849
0.095018 -0.028347 0.033589
0.095970 -0.023686 0.038856
0.096159 -0.030405 0.042200
0.096443 -0.025390 0.042267
0.096623 -0.030152 0.043894
0.095041 -0.023549 0.033786
0.095567 -0.031724 0.037185
0.094812 -0.031446 0.032041
0.095536 -0.022786 0.033056
0.095161 -0.029932 0.032150
0.096764 -0.026753 0.042943
0.096493 -0.024796 0.042805
0.096160 -0.025230 0.039987
0.096978 -0.025745 0.042883
0.096155 -0.030677 0.042108
0.095170 -0.025525 0.030626
0.095206 -0.026093 0.031553
0.095289 -0.028878 0.034954
0.094964 -0.027870 0.032181
0.096425 -0.029315 0.041190
0.095515 -0.031863 0.036555
0.095540 -0.029598 0.036264
0.095174 -0.028820 0.031265
0.095187 -0.024918 0.030808
0.095218 -0.022115 0.033523
0.095780 -0.032113 0.038589
0.095735 -0.030690 0.038188
0.095691 -0.031681 0.037828
0.096094 -0.031010 0.040513
0.096419 -0.027101 0.041187
0.096217 -0.025556 0.038835
0.095042 -0.026732 0.031540
0.096158 -0.025605 0.038343
0.096481 -0.024546 0.042914
0.096376 -0.029259 0.042520
0.095945 -0.032092 0.042360
0.095416 -0.031430 0.035985
0.095718 -0.031562 0.038106
0.094993 -0.024653 0.033992
0.095789 -0.024641 0.037524
0.095593 -0.025503 0.034555
0.095162 -0.032199 0.035735
0.096120 -0.033600 0.040789
0.095496 -0.023744 0.040828
0.095825 -0.028576 0.037204
0.096351 -0.026662 0.039786
0.095131 -0.025688 0.030506
0.095284 -0.024288 0.032031
0.095964 -0.021281 0.041023
0.095755 -0.027711 0.035965
0.096038 -0.030853 0.040194
0.094974 -0.027431 0.031411
0.096120 -0.026419 0.038274
0.096373 -0.025637 0.041896
0.096051 -0.027097 0.038475
0.095585 -0.025261 0.033145
0.095169 -0.028904 0.034114
0.095892 -0.032893 0.039362
0.095912 -0.033771 0.039192
0.095240 -0.029797 0.030511
0.095982 -0.027190 0.038108
0.095400 -0.028588 0.035355
0.095596 -0.023292 0.041308
0.096243 -0.030761 0.043560
0.096459 -0.028545 0.042693
0.095240 -0.032905 0.036123
0.095782 -0.028015 0.036507
0.096262 -0.028114 0.039950
0.096179 -0.031171 0.040817
0.095144 -0.027401 0.030355
0.096209 -0.033099 0.042012
0.095072 -0.026319 0.031098
0.094942 -0.032937 0.031452
0.094970 -0.024347 0.033203
0.096230 -0.025518 0.039712
0.095836 -0.026239 0.036191
0.095205 -0.026338 0.032210
0.095135 -0.030765 0.031436
0.095147 -0.025688 0.030935
0.095150 -0.023881 0.032833
0.095476 -0.034032 0.037609
0.096452 -0.022708 0.043129
0.095968 -0.030175 0.039033
0.095625 -0.028591 0.036132
0.095912 -0.026723 0.036933
0.096372 -0.025476 0.042018
0.095181 -0.027993 0.031163
0.095073 -0.028264 0.031630
0.094973 -0.027098 0.031053
0.095968 -0.026620 0.037407
0.096323 -0.032707 0.042370
0.095621 -0.030464 0.037534
0.096409 -0.026742 0.040575
0.096814 -0.021014 0.043137
0.095910 -0.027988 0.037366
0.095545 -0.023620 0.040563
0.095338 -0.023221 0.033423
0.094996 -0.032757 0.035137
0.095239 -0.029512 0.034055
0.096391 -0.028115 0.041723
0.095548 -0.025161 0.032758
0.095015 -0.024536 0.033380
0.095085 -0.026554 0.031862
0.094812 -0.031446 0.032041
0.096349 -0.027513 0.041812
0.095008 -0.032607 0.034841
0.095783 -0.028587 0.037029
0.094835 -0.032039 0.032597
0.096670 -0.020118 0.042330
0.096397 -0.032343 0.043639
0.096083 -0.025060 0.039462
0.095244 -0.031177 0.035103
0.095750 -0.024448 0.040476
0.095067 -0.030655 0.032199
0.095722 -0.023930 0.041563
0.095058 -0.031429 0.033829
0.097085 -0.027819 0.043418
0.095908 -0.028773 0.038395
0.096144 -0.030309 0.042886
0.096494 -0.032395 0.042812
0.097305 -0.032744 0.044197
0.095957 -0.027792 0.037833
0.095390 -0.032302 0.036283
0.095856 -0.029794 0.038614
0.096194 -0.029884 0.040811
0.094946 -0.027883 0.032558
0.095047 -0.030989 0.031074
0.096378 -0.028386 0.041914
0.096404 -0.033109 0.043396
0.096195 -0.032456 0.041130
0.096263 -0.029942 0.042539
0.095120 -0.033203 0.035146
0.096001 -0.023494 0.042371
0.094991 -0.030042 0.032648
0.095829 -0.031420 0.038878
0.095919 -0.028602 0.038110
0.095086 -0.025842 0.031244
0.096396 -0.027946 0.042408
0.095010 -0.028217 0.032110
0.095525 -0.025948 0.032881
0.096224 -0.031098 0.042988
0.095253 -0.029193 0.032102
0.096041 -0.024886 0.040096
0.096019 -0.024998 0.037968
0.095284 -0.024288 0.032031
0.096376 -0.029259 0.042520
0.096200 -0.026965 0.038986
0.095092 -0.031104 0.034317
0.095890 -0.032832 0.039132
0.096262 -0.028114 0.039950
0.096295 -0.026936 0.041568
0.095628 -0.024345 0.040806
0.096315 -0.030409 0.041881
0.096314 -0.028697 0.042219
0.095718 -0.032667 0.038485
0.095950 -0.030206 0.038830
0.095184 -0.030269 0.034078
0.095819 -0.023265 0.037799
0.096094 -0.031010 0.040513
0.096378 -0.027253 0.041466
0.095617 -0.031530 0.037545
0.095317 -0.029858 0.034966
0.095835 -0.033752 0.038882
0.096533 -0.033049 0.042763
0.095072 -0.026319 0.031098
0.096038 -0.024733 0.039432
0.096967 -0.032438 0.044055
0.095057 -0.031079 0.034088
0.095688 -0.030977 0.037921
0.096372 -0.025476 0.042018
0.094931 -0.026601 0.032082
0.095406 -0.032721 0.037030
0.095889 -0.032193 0.039166
0.095515 -0.031863 0.036555
0.095743 -0.031321 0.038381
0.096243 -0.031662 0.041547
0.096943 -0.026415 0.043029
0.095873 -0.031791 0.042508
0.096434 -0.027496 0.041088
0.096284 -0.031486 0.042941
0.095838 -0.029579 0.038318
0.095976 -0.028110 0.038410
0.095783 -0.022894 0.041824
0.096279 -0.029196 0.040774
0.095532 -0.031728 0.036850
0.095290 -0.022839 0.032528
0.095918 -0.026552 0.036364
0.095928 -0.026398 0.035854
0.095862 -0.024555 0.040291
0.095572 -0.029720 0.036430
0.095006 -0.030893 0.033026
0.096038 -0.024010 0.038829
0.095743 -0.031321 0.038381
0.096234 -0.029005 0.040010
0.095551 -0.030689 0.036670
0.095286 -0.029424 0.031737
0.095157 -0.027880 0.030810
0.096631 -0.026661 0.042628
0.095962 -0.028215 0.037980
0.097211 -0.028346 0.043624
0.095604 -0.025902 0.033280
0.095642 -0.033345 0.038616
0.095543 -0.025240 0.036484
0.095442 -0.030391 0.035717
0.095890 -0.032719 0.038938
0.095753 -0.031156 0.038634
0.096031 -0.026843 0.037968
0.095908 -0.028773 0.038395
0.094866 -0.024016 0.034050
0.096305 -0.025174 0.041989
0.096147 -0.029375 0.040104
0.094995 -0.026528 0.031016
0.096277 -0.025707 0.039977
0.095887 -0.033461 0.039193
0.094861 -0.031924 0.032728
0.095029 -0.027161 0.030062
0.095574 -0.031335 0.037230
0.095909 -0.032453 0.039146
0.095932 -0.027767 0.038118
0.095861 -0.023938 0.041925
0.096127 -0.028502 0.038849
0.095257 -0.025017 0.034227
0.096131 -0.030721 0.042724
0.096103 -0.026655 0.038454
0.096499 -0.026826 0.042326
0.096076 -0.033568 0.040473
0.095631 -0.023039 0.041473
0.096059 -0.031939 0.042654
0.096722 -0.027152 0.042955
0.096161 -0.030586 0.040791
0.096118 -0.024998 0.038570
0.095628 -0.030161 0.037096
0.095550 -0.028723 0.035928
0.096275 -0.028567 0.039929
0.096297 -0.030261 0.041333
0.096269 -0.031202 0.043179
0.095078 -0.024184 0.031170
0.096363 -0.026233 0.041987
0.095678 -0.032092 0.037957
0.096352 -0.027326 0.040259
0.095906 -0.031585 0.039317
0.096082 -0.030214 0.039891
0.095108 -0.032547 0.035619
0.095157 -0.028347 0.031004
0.095249 -0.024687 0.032595
0.096176 -0.031311 0.041936
0.096366 -0.028680 0.042366
0.096059 -0.031738 0.040443
0.096155 -0.030677 0.042108
0.096437 -0.026962 0.040800
0.096353 -0.032356 0.043764
0.095940 -0.025092 0.037740
0.095998 -0.026034 0.037599
0.096432 -0.029068 0.042947
0.095230 -0.023882 0.035126
0.097179 -0.022170 0.043415
0.095148 -0.024160 0.034700
0.095724 -0.023267 0.041764
0.095784 -0.029575 0.038154
0.096190 -0.028394 0.039112
0.096178 -0.027922 0.039035
0.095268 -0.029978 0.034516
0.095940 -0.027574 0.037533
0.096120 -0.025251 0.038288
0.096012 -0.032063 0.039854
0.095089 -0.023038 0.034325
0.096019 -0.030642 0.039855
0.095961 -0.030992 0.039392
0.095719 -0.032192 0.038397
0.096254 -0.029566 0.040688
0.095884 -0.031933 0.039206
0.095889 -0.026576 0.036639
0.095519 -0.033596 0.037954
0.095137 -0.029243 0.033623
0.095131 -0.030762 0.034039
0.095120 -0.032778 0.034472
0.095088 -0.032183 0.034343
0.096434 -0.027496 0.041088
0.096103 -0.026655 0.038454
0.095230 -0.023882 0.035126
0.095187 -0.024918 0.030808
0.095016 -0.030189 0.032931
0.095919 -0.026574 0.037171
0.095692 -0.025570 0.033167
0.096543 -0.028122 0.042814
0.096978 -0.025745 0.042883
0.096742 -0.025540 0.042655
0.096378 -0.027253 0.041466
0.096592 -0.027037 0.042583
0.095627 -0.032089 0.037530
0.095970 -0.028526 0.037796
0.095156 -0.026134 0.030891
0.095512 -0.031018 0.036464
0.095043 -0.026485 0.030421
0.096396 -0.028973 0.042537
0.095025 -0.032237 0.035086
0.095748 -0.025803 0.034925
0.095153 -0.027770 0.030545
0.095442 -0.030391 0.035717
0.095631 -0.023039 0.041473
0.096383 -0.027199 0.041708
0.096393 -0.029983 0.041763
0.096466 -0.033234 0.042997
0.095550 -0.031139 0.036991
0.096525 -0.027756 0.042628
0.095691 -0.031681 0.037828
0.096490 -0.023508 0.043236
0.095757 -0.024551 0.040870
0.096306 -0.028498 0.042136
0.095088 -0.032183 0.034343
0.095437 -0.029382 0.035736
0.095204 -0.024260 0.030760
0.095287 -0.024846 0.033038
0.095550 -0.028723 0.035928
0.095613 -0.027940 0.035713
0.095237 -0.029205 0.030416
0.095690 -0.031813 0.038459
0.095838 -0.029579 0.038318
0.097066 -0.026927 0.043268
0.096252 -0.028115 0.039652
0.095465 -0.032470 0.037075
0.096364 -0.029628 0.041493
0.096230 -0.026016 0.038694
0.095596 -0.030362 0.036964
0.096065 -0.024417 0.038824
0.094986 -0.027259 0.032919
0.095263 -0.024430 0.032402
0.096247 -0.025730 0.039379
0.096179 -0.027469 0.039040
0.094962 -0.024308 0.034250
0.097510 -0.027570 0.043682
0.095750 -0.024448 0.040476
0.096631 -0.026661 0.042628
0.095099 -0.032172 0.033651
0.096083 -0.029376 0.039462
0.096481 -0.024546 0.042914
0.095542 -0.030192 0.036342
0.095569 -0.026237 0.033759
0.095061 -0.026615 0.030811
0.095957 -0.024480 0.041649
0.095215 -0.030175 0.034325
0.094854 -0.033767 0.031512
0.096165 -0.030631 0.043394
0.095053 -0.028741 0.032832
0.096515 -0.021479 0.043123
0.095159 -0.025421 0.030699
0.096572 -0.032664 0.043425
0.096246 -0.033231 0.041691
0.095111 -0.031244 0.034561
0.096406 -0.028429 0.041541
0.095750 -0.024448 0.040476
0.096210 -0.032542 0.041378
0.095901 -0.033531 0.039651
0.096280 -0.026093 0.039355
0.095502 -0.029540 0.036072
0.096208 -0.027611 0.039337
0.096419 -0.027101 0.041187
0.096013 -0.029576 0.039202
0.095660 -0.032291 0.038151
0.095026 -0.026725 0.031138
0.096258 -0.027241 0.039556
0.095825 -0.028576 0.037204
0.095122 -0.030308 0.030534
0.095596 -0.025645 0.036874
0.096179 -0.028691 0.039444
0.096382 -0.028580 0.041752
0.095102 -0.023680 0.033583
0.095863 -0.029228 0.037836
0.095170 -0.025525 0.030626
0.096404 -0.033109 0.043396
0.095400 -0.028588 0.035355
0.095657 -0.025468 0.032834
0.096223 -0.028119 0.039470
0.096130 -0.029968 0.040927
0.096195 -0.032456 0.041130
0.095588 -0.032695 0.038003
0.095075 -0.025765 0.031618
0.095744 -0.031160 0.038215
0.095149 -0.031667 0.035647
0.095488 -0.033191 0.037451
0.095004 -0.028455 0.033296
0.096182 -0.025067 0.041341
0.095867 -0.028776 0.037928
0.095135 -0.032494 0.033457
0.095834 -0.031129 0.038875
0.096038 -0.024653 0.039064
0.096158 -0.029250 0.039798
0.095623 -0.033275 0.038370
0.095190 -0.030579 0.034555
0.096355 -0.029766 0.042142
0.096374 -0.027916 0.040622
0.095059 -0.034488 0.033131
0.095569 -0.026237 0.033759
0.096814 -0.021014 0.043137
0.096000 -0.026800 0.037628
0.095120 -0.033203 0.035146
0.095482 -0.025832 0.032427
0.094908 -0.026055 0.029629
0.095995 -0.031976 0.042177
0.095933 -0.032435 0.039430
0.095488 -0.025349 0.034195
0.095780 -0.026363 0.034987
0.096068 -0.024789 0.041496
0.095266 -0.024542 0.030708
0.096371 -0.028913 0.042028
0.095641 -0.028468 0.036182
0.096480 -0.023986 0.043130
0.095906 -0.027620 0.037313
0.095322 -0.026434 0.032630
0.096123 -0.032481 0.040539
0.096443 -0.033252 0.043173
0.095086 -0.030973 0.033706
0.095518 -0.028929 0.035905
0.096196 -0.031984 0.041036
0.095331 -0.028742 0.035107
0.096154 -0.032580 0.040703
0.096020 -0.026951 0.038159
0.096047 -0.024482 0.038308
0.095681 -0.030094 0.037776
0.096470 -0.027003 0.040989
0.094969 -0.027695 0.031836
0.096287 -0.028538 0.040258
0.096357 -0.032103 0.043876
0.096123 -0.033312 0.040724
0.096186 -0.033477 0.041391
0.094919 -0.027569 0.032776
0.095723 -0.027936 0.036155
0.095788 -0.028216 0.037017
0.095368 -0.029626 0.035364
0.096123 -0.030423 0.043325
0.095117 -0.023645 0.034563
0.096519 -0.033251 0.043749
0.095597 -0.033703 0.038402
0.095227 -0.030842 0.034850
0.096351 -0.027736 0.041971
0.095329 -0.031057 0.035332
0.095353 -0.032018 0.036103
0.096020 -0.026407 0.037622
0.095170 -0.032676 0.033696
0.095687 -0.031355 0.037829
0.096712 -0.023994 0.043362
0.095674 -0.027380 0.035331
0.095023 -0.030122 0.033085
0.096183 -0.032314 0.041378
0.096147 -0.029705 0.040100
0.096537 -0.032736 0.042789
0.096524 -0.025733 0.042368
0.096475 -0.027181 0.042221
0.096332 -0.026866 0.041214
0.095131 -0.032587 0.034280
0.095626 -0.031118 0.037612
0.096063 -0.026439 0.037843
0.096239 -0.025855 0.039141
0.095927 -0.028336 0.037426
0.096311 -0.030078 0.042038
0.095765 -0.028642 0.036778
0.096132 -0.031768 0.042048
0.095718 -0.025806 0.034300
0.095945 -0.032092 0.042360
0.096367 -0.025877 0.041789
0.095688 -0.025964 0.036588
0.095596 -0.030872 0.037419
0.096399 -0.029562 0.041290
0.095829 -0.024577 0.041135
0.095857 -0.029562 0.038546
0.095664 -0.030511 0.037887
0.095626 -0.029796 0.036729
0.095982 -0.028207 0.037680
0.095144 -0.026195 0.031321
0.095042 -0.026732 0.031540
0.094985 -0.032479 0.034939
0.096425 -0.029315 0.041190
0.096376 -0.029757 0.041931
0.095240 -0.032905 0.036123
0.096435 -0.025753 0.041325
0.096479 -0.032744 0.043304
0.096142 -0.030369 0.042423
0.095628 -0.030161 0.037096
0.095710 -0.025771 0.033886
0.096314 -0.028697 0.042219
0.096609 -0.021365 0.043213
0.095094 -0.027601 0.029805
0.096131 -0.030721 0.042724
0.095248 -0.030264 0.034698
0.094917 -0.031751 0.032931
0.096336 -0.022067 0.042812
0.095787 -0.029431 0.037530
0.095985 -0.024083 0.038161
0.095996 -0.033541 0.039846
0.095559 -0.024099 0.040941
0.095859 -0.029063 0.038011
0.096338 -0.026483 0.041894
0.095940 -0.023993 0.042148
0.096157 -0.025194 0.040736
0.096256 -0.026760 0.039180
0.096219 -0.029695 0.040414
0.095353 -0.032631 0.036699
0.096219 -0.030947 0.043259
0.095158 -0.023499 0.031933
0.096291 -0.030867 0.041289
0.095364 -0.030421 0.035332
0.096225 -0.028587 0.039674
0.095691 -0.031962 0.038075
0.095091 -0.024801 0.033615
0.095782 -0.031497 0.038730
0.096170 -0.032293 0.042209
0.095136 -0.028329 0.030544
0.096014 -0.031765 0.039663
0.095029 -0.025415 0.031404
0.095921 -0.026979 0.037057
0.096253 -0.032213 0.042668
0.095059 -0.034488 0.033131
0.096946 -0.025504 0.042943
0.096182 -0.032289 0.041837
0.096339 -0.032905 0.043248
0.097027 -0.027542 0.043317
0.096395 -0.025646 0.041533
0.096066 -0.033450 0.040318
0.096139 -0.032938 0.040782
0.096227 -0.031885 0.041741
0.095931 -0.026880 0.037207
0.095919 -0.027697 0.036421
0.095635 -0.032277 0.037960
0.095603 -0.033668 0.038567
0.096137 -0.029570 0.039670
0.095970 -0.023686 0.038856
0.094997 -0.028271 0.032856
0.096033 -0.026745 0.037826
0.095008 -0.032607 0.034841
0.095885 -0.032426 0.038858
0.095308 -0.029225 0.034836
0.095144 -0.026195 0.031321
0.095682 -0.022190 0.037684
0.095724 -0.029566 0.037222
0.096329 -0.028267 0.040578
0.095129 -0.032406 0.034015
0.095820 -0.029079 0.036562
0.095028 -0.030683 0.032509
0.095527 -0.030777 0.036386
0.095304 -0.034213 0.035909
0.096393 -0.033404 0.042566
0.095132 -0.031566 0.034959
0.094860 -0.031467 0.032414
0.095922 -0.029925 0.039004
0.095802 -0.029577 0.037956
0.095560 -0.032841 0.037884
0.095021 -0.032661 0.035335
0.096543 -0.028122 0.042814
0.095550 -0.033120 0.037969
0.094969 -0.027695 0.031836
0.095530 -0.025562 0.036738
0.096019 -0.024998 0.037968
0.096418 -0.027847 0.040976
0.096217 -0.025556 0.038835
0.095248 -0.025022 0.033888
0.095930 -0.028384 0.038313
0.096290 -0.028087 0.040346
0.096013 -0.032782 0.039976
0.096297 -0.030261 0.041333
0.095957 -0.024480 0.041649
0.096119 -0.025519 0.038130
0.095342 -0.029483 0.035101
0.096243 -0.030761 0.043560
0.095240 -0.029797 0.030511
0.096295 -0.025593 0.040486
0.096690 -0.027381 0.042965
0.095937 -0.031973 0.042529
0.096252 -0.028115 0.039652
0.095433 -0.030083 0.035711
0.095591 -0.032503 0.037803
0.096312 -0.026665 0.041165
0.095512 -0.031018 0.036464
0.096035 -0.024926 0.040301
0.095217 -0.026519 0.032626
0.096241 -0.031625 0.041817
0.096252 -0.030875 0.041873
0.096058 -0.025403 0.037942
0.096189 -0.030034 0.043210
0.096079 -0.024857 0.038837
0.095975 -0.024877 0.040874
0.095196 -0.029688 0.033767
0.094974 -0.032536 0.035097
0.096318 -0.029599 0.042708
0.096059 -0.031939 0.042654
0.096470 -0.027536 0.042382
0.096095 -0.031371 0.040659
0.095095 -0.025680 0.030352
0.096286 -0.026437 0.039337
0.095086 -0.030973 0.033706
0.096437 -0.026962 0.040800
0.095349 -0.033731 0.036575
0.095995 -0.031976 0.042177
0.095201 -0.033081 0.033934
0.096428 -0.032357 0.043932
0.095319 -0.026331 0.032559
0.096037 -0.026964 0.038346
0.095476 -0.032144 0.036748
0.096648 -0.024784 0.043017
0.095224 -0.030351 0.031031
0.095985 -0.028341 0.038489
0.096461 -0.031889 0.043213
0.095550 -0.031139 0.036991
0.094861 -0.031924 0.032728
0.096267 -0.026317 0.039405
0.095288 -0.024795 0.030472
0.095146 -0.027129 0.030604
0.095643 -0.025249 0.037122
0.095135 -0.024779 0.034366
0.095304 -0.034213 0.035909
0.095087 -0.029924 0.033302
0.096164 -0.030863 0.040677
0.096422 -0.028703 0.041290
0.096631 -0.026941 0.042791
0.096813 -0.031360 0.043902
0.095324 -0.023482 0.032984
0.096796 -0.033016 0.044031
0.095386 -0.033631 0.036909
0.095017 -0.030926 0.031881
0.095573 -0.030715 0.037033
0.096172 -0.030875 0.043003
0.095268 -0.029978 0.034516
0.095054 -0.027471 0.031046
0.095778 -0.029093 0.037090
0.096049 -0.033632 0.039945
0.095331 -0.031206 0.035493
0.096396 -0.026980 0.040345
0.095890 -0.033621 0.039351
0.095137 -0.028693 0.030781
0.095664 -0.029875 0.037074
0.095832 -0.028040 0.037154
0.095877 -0.028719 0.037402
0.095299 -0.029347 0.034613
0.094979 -0.031091 0.030770
0.095018 -0.028347 0.033589
0.095228 -0.034358 0.034821
0.095092 -0.031104 0.034317
0.095249 -0.024687 0.032595
0.096063 -0.033024 0.040178
0.096044 -0.024406 0.039195
0.096131 -0.033581 0.040954
0.096351 -0.027736 0.041971
0.095117 -0.028554 0.032010
0.095082 -0.031909 0.035093
0.096153 -0.026050 0.038242
0.095677 -0.023101 0.041655
0.096171 -0.030426 0.043683
0.096401 -0.026318 0.040076
0.096425 -0.029315 0.041190
0.094871 -0.024517 0.033742
0.096113 -0.033347 0.040984
0.096040 -0.030404 0.039489
0.096572 -0.032417 0.043267
0.095789 -0.031884 0.038656
0.095501 -0.029877 0.036092
0.095193 -0.034278 0.034316
0.096308 -0.030126 0.041436
0.095156 -0.026134 0.030891
0.094936 -0.027053 0.031455
0.096143 -0.026734 0.038664
0.096347 -0.029596 0.042446
0.095877 -0.028719 0.037402
0.096514 -0.032149 0.043003
0.095682 -0.022190 0.037684
0.095354 -0.029057 0.035249
0.096376 -0.028234 0.040915
0.094973 -0.027108 0.032057
0.095177 -0.027606 0.030412
0.095537 -0.023016 0.040982
0.095132 -0.031566 0.034959
0.096000 -0.024576 0.038086
0.096178 -0.029779 0.040253
0.095710 -0.030752 0.037997
0.096594 -0.027332 0.042695
0.095576 -0.033392 0.038177
0.096239 -0.028158 0.042228
0.095198 -0.025191 0.030612
0.095075 -0.031946 0.034804
0.095015 -0.024536 0.033380
0.096759 -0.026476 0.042818
0.096001 -0.033251 0.039941
0.095691 -0.033053 0.038530
0.095988 -0.029205 0.038916
0.095288 -0.029639 0.034314
0.095969 -0.027334 0.038218
0.094821 -0.031755 0.032287
0.095642 -0.033345 0.038616
0.096416 -0.029515 0.041459
0.095527 -0.032033 0.037039
0.096273 -0.029229 0.040561
0.095444 -0.022551 0.033000
0.095091 -0.030065 0.032444
0.095870 -0.026195 0.035543
0.095090 -0.029265 0.032887
0.095956 -0.027130 0.036739
0.096972 -0.025949 0.042857
0.095286 -0.029640 0.031149
0.095873 -0.031791 0.042508
0.095949 -0.027596 0.038336
0.095231 -0.029970 0.031964
0.096413 -0.026626 0.042016
0.095209 -0.032884 0.033846
0.096577 -0.028441 0.043029
0.095290 -0.022839 0.032528
0.095805 -0.027936 0.036652
0.095468 -0.022882 0.032770
0.096609 -0.021365 0.043213
0.096164 -0.025339 0.038596
0.097123 -0.026100 0.043102
0.095624 -0.032979 0.038215
0.096085 -0.025758 0.037907
0.096245 -0.032957 0.042253
0.095085 -0.026554 0.031862
0.096252 -0.033269 0.042258
0.096141 -0.030488 0.040617
0.096476 -0.027208 0.040969
0.096126 -0.029897 0.039797
0.095124 -0.031840 0.035650
0.094732 -0.024657 0.031483
0.095791 -0.028977 0.036908
0.095925 -0.029562 0.038978
0.096352 -0.025484 0.041275
0.095723 -0.025771 0.037102
0.095409 -0.025155 0.034810
0.095703 -0.023714 0.040082
0.096205 -0.025528 0.038963
0.096832 -0.025257 0.042919
0.096323 -0.030916 0.041445
0.095952 -0.027511 0.037985
0.095280 -0.023205 0.032323
0.096535 -0.032600 0.043040
0.095120 -0.025394 0.030977
0.095842 -0.031833 0.042479
0.096405 -0.026362 0.041111
0.095971 -0.031343 0.039533
0.094973 -0.027108 0.032057
0.096434 -0.027496 0.041088
0.096488 -0.025235 0.042434
0.095535 -0.029957 0.036278
0.095591 -0.030190 0.036780
0.095658 -0.024363 0.040673
0.096145 -0.030634 0.043155
0.096261 -0.029719 0.041060
0.096371 -0.028913 0.042028
0.095386 -0.029274 0.035445
0.095439 -0.033823 0.037303
0.095569 -0.023042 0.040672
0.096365 -0.029263 0.041009
0.095011 -0.031990 0.033217
0.095208 -0.028886 0.031584
0.096386 -0.029072 0.042324
0.095782 -0.028015 0.036507
0.094997 -0.028271 0.032856
0.096378 -0.028608 0.040996
0.096559 -0.027207 0.042502
0.095719 -0.032192 0.038397
0.095304 -0.029669 0.034637
0.095442 -0.030391 0.035717
0.096055 -0.024668 0.039616
0.094974 -0.031481 0.033168
0.095856 -0.027676 0.036807
0.095828 -0.023707 0.041933
0.096250 -0.029046 0.040280
0.096419 -0.027101 0.041187
0.095117 -0.028112 0.030181
0.095230 -0.023882 0.035126
0.095540 -0.033811 0.038132
0.096247 -0.025838 0.038852
0.095997 -0.024875 0.041071
0.095283 -0.022632 0.035210
0.096375 -0.032608 0.042431
0.096134 -0.030084 0.040126
0.096024 -0.028592 0.038625
0.096062 -0.030482 0.040047
0.095205 -0.026338 0.032210
0.095220 -0.029506 0.032307
0.095208 -0.029225 0.031272
0.096202 -0.032740 0.041168
0.096343 -0.032094 0.043633
0.095939 -0.031217 0.039313
0.096164 -0.030863 0.040677
0.095800 -0.028911 0.037195
0.095947 -0.030582 0.039164
0.094979 -0.031091 0.030770
0.095822 -0.030817 0.038808
0.096218 -0.025076 0.041589
0.096233 -0.029685 0.040574
0.096024 -0.032262 0.039681
0.096176 -0.026165 0.038318
0.095951 -0.027307 0.035909
0.095532 -0.029204 0.036049
0.095082 -0.031909 0.035093
0.095172 -0.026452 0.031432
0.096773 -0.028251 0.043265
0.094891 -0.031334 0.031758
0.096120 -0.033600 0.040789
0.095201 -0.029201 0.031056
0.096083 -0.025060 0.039462
0.095891 -0.024183 0.039861
0.095658 -0.024363 0.040673
0.096202 -0.031112 0.042816
0.095633 -0.032192 0.037769
0.095985 -0.028341 0.038489
0.095985 -0.024083 0.038161
0.096012 -0.031296 0.042457
0.096364 -0.026447 0.041396
0.095912 -0.030451 0.038852
0.095782 -0.030617 0.038371
0.095218 -0.024746 0.034679
0.095147 -0.025688 0.030935
0.095087 -0.032897 0.033110
0.095754 -0.029222 0.036985
0.096429 -0.025923 0.041444
0.096720 -0.027837 0.043056
0.095654 -0.030203 0.037571
0.095411 -0.030990 0.035661
0.096270 -0.026258 0.039076
0.095527 -0.025326 0.035257
0.096443 -0.033252 0.043173
0.096037 -0.030091 0.039449
0.096340 -0.033067 0.042434
0.095842 -0.031833 0.042479
0.096278 -0.028928 0.040532
0.095977 -0.027398 0.036597
0.095528 -0.032648 0.037378
0.096219 -0.028873 0.039829
0.095863 -0.033639 0.039010
0.095254 -0.030473 0.034844
0.096814 -0.021014 0.043137
0.095092 -0.032162 0.035429
0.096421 -0.027133 0.040558
0.095310 -0.023735 0.032666
0.094950 -0.025637 0.029369
0.095102 -0.027695 0.030008
0.096217 -0.032688 0.042056
0.095991 -0.028965 0.038694
0.096972 -0.025949 0.042857
0.095072 -0.026926 0.030854
0.095217 -0.026519 0.032626
0.094929 -0.031448 0.030877
0.095608 -0.022946 0.036900
0.096772 -0.029307 0.043708
0.096413 -0.028219 0.041300
0.096399 -0.029562 0.041290
0.095141 -0.025931 0.030865
0.095132 -0.031566 0.034959
0.095097 -0.031574 0.034604
0.096257 -0.030137 0.042217
0.095158 -0.023499 0.031933
0.096155 -0.030242 0.040514
0.095532 -0.029204 0.036049
0.095571 -0.030028 0.036530
0.097290 -0.027213 0.043506
0.095874 -0.031307 0.039096
0.095105 -0.023396 0.033953
0.095322 -0.029492 0.034853
0.095354 -0.029057 0.035249
0.095165 -0.030028 0.033775
0.095593 -0.025503 0.034555
0.095891 -0.033333 0.039426
0.095194 -0.031594 0.035485
0.095305 -0.029594 0.031989
0.096453 -0.029187 0.041436
0.096511 -0.026082 0.042342
0.096052 -0.024238 0.042294
0.095940 -0.027574 0.037533
0.096427 -0.027444 0.040714
0.096640 -0.026726 0.042736
0.095388 -0.031616 0.036040
0.095889 -0.026576 0.036639
0.094995 -0.033035 0.032121
0.095991 -0.028412 0.037598
0.095892 -0.027697 0.036602
0.095495 -0.030149 0.036035
0.095696 -0.031730 0.038295
0.096085 -0.024617 0.038648
0.095863 -0.029228 0.037836
0.094971 -0.027321 0.031745
0.096411 -0.027459 0.042149
0.096518 -0.032546 0.043573
0.096145 -0.025178 0.039713
0.096117 -0.025747 0.038061
0.096808 -0.026218 0.042723
0.095932 -0.027767 0.038118
0.095298 -0.025718 0.031967
0.096202 -0.028093 0.039277
0.095520 -0.033214 0.037685
0.095835 -0.033752 0.038882
0.094993 -0.024378 0.031191
0.096333 -0.026319 0.039630
0.095656 -0.024106 0.040398
0.095549 -0.028382 0.035806
0.095355 -0.030863 0.035360
0.095865 -0.028264 0.037271
0.096432 -0.029068 0.042947
0.096043 -0.024886 0.039057
0.096380 -0.029360 0.042285
0.095660 -0.032291 0.038151
0.095456 -0.033507 0.037372
0.096198 -0.033425 0.041900
0.095355 -0.030659 0.035288
0.095738 -0.029848 0.037753
0.096116 -0.025044 0.038366
0.096389 -0.026709 0.040996
0.094976 -0.032124 0.032998
0.095015 -0.028051 0.033541
0.095881 -0.026239 0.035855
0.096206 -0.027209 0.039149
0.096734 -0.028694 0.043413
0.096335 -0.032546 0.042384
0.096028 -0.032445 0.039853
0.095951 -0.027307 0.035909
0.096430 -0.026169 0.041340
0.095363 -0.030012 0.035344
0.095599 -0.031901 0.037409
0.095604 -0.025902 0.033280
0.095907 -0.024742 0.040562
0.095914 -0.024771 0.037772
0.095269 -0.029381 0.034327
0.096413 -0.026626 0.042016
0.096350 -0.027410 0.042017
0.095120 -0.029552 0.033347
0.095976 -0.028110 0.038410
0.095388 -0.021001 0.035312
0.096061 -0.030717 0.042397
0.094929 -0.031448 0.030877
0.094947 -0.031582 0.031113
0.096014 -0.031423 0.040072
0.095514 -0.031388 0.036682
0.096405 -0.026109 0.040347
0.095755 -0.025879 0.035632
0.096186 -0.032530 0.041583
0.098864 -0.031637 0.044274
0.094904 -0.031802 0.031386
0.095683 -0.030120 0.037960
0.095805 -0.032296 0.038645
0.096063 -0.024998 0.038117
0.096144 -0.027173 0.036223
0.095960 -0.023999 0.039491
0.096119 -0.025519 0.038130
0.094870 -0.031649 0.032708
0.096049 -0.024984 0.040519
0.095253 -0.029193 0.032102
0.096116 -0.033419 0.041152
0.096048 -0.031413 0.039728
0.095237 -0.029205 0.030416
0.095218 -0.022115 0.033523
0.095094 -0.027601 0.029805
0.095262 -0.026275 0.031747
0.096943 -0.026415 0.043029
0.096098 -0.029028 0.039373
0.096197 -0.029896 0.040469
0.096111 -0.033146 0.041054
0.095802 -0.029577 0.037956
0.096631 -0.026661 0.042628
0.096187 -0.030835 0.040905
0.096345 -0.030849 0.041650
0.096146 -0.029573 0.039842
0.095134 -0.025872 0.030515
0.096315 -0.028586 0.040648
0.095640 -0.022786 0.041256
0.096263 -0.031013 0.043413
0.095949 -0.027596 0.038336
0.095186 -0.027548 0.030559
0.096173 -0.025237 0.040239
0.096436 -0.033083 0.043601
0.096541 -0.032906 0.043620
0.096218 -0.025076 0.041589
0.096051 -0.024293 0.038468
0.095965 -0.023637 0.038314
0.096375 -0.029278 0.042701
0.095865 -0.027705 0.037173
0.096065 -0.032463 0.040346
0.095173 -0.031912 0.035800
0.095811 -0.027878 0.036981
0.095120 -0.025394 0.030977
0.097004 -0.026099 0.042898
0.096563 -0.030994 0.043889
0.096024 -0.025779 0.037742
0.096175 -0.025442 0.039222
0.095286 -0.029640 0.031149
0.095826 -0.033274 0.038969
0.095639 -0.024013 0.041299
0.094732 -0.024657 0.031483
0.095486 -0.032911 0.037349
0.096131 -0.030721 0.042724
0.095186 -0.027548 0.030559
0.095495 -0.030149 0.036035
0.096154 -0.032580 0.040703
0.096293 -0.029922 0.041208
0.096386 -0.029072 0.042324
0.095231 -0.024817 0.029995
0.095299 -0.029347 0.034613
0.094922 -0.031336 0.032683
0.096106 -0.031723 0.040720
0.097076 -0.033124 0.044244
0.096199 -0.031049 0.041817
0.095944 -0.027930 0.037520
0.095433 -0.030083 0.035711
0.095466 -0.031351 0.036168
0.095678 -0.032092 0.037957
0.096155 -0.030242 0.040514
0.095267 -0.027403 0.033982
0.096429 -0.028261 0.042528
0.096618 -0.029815 0.043876
0.096274 -0.029548 0.040897
0.095008 -0.032607 0.034841
0.096035 -0.031076 0.039670
0.096430 -0.026169 0.041340
0.096480 -0.023986 0.043130
0.095200 -0.027362 0.030492
0.096186 -0.032530 0.041583
0.095205 -0.029087 0.031529
0.095173 -0.024089 0.032624
0.095773 -0.029178 0.037167
0.095952 -0.027511 0.037985
0.096649 -0.028183 0.043099
0.096505 -0.027079 0.042298
0.095082 -0.031909 0.035093
0.096243 -0.031662 0.041547
0.096123 -0.030573 0.040476
0.096330 -0.026470 0.040753
0.095229 -0.030260 0.034529
0.095783 -0.022894 0.041824
0.095705 -0.028482 0.036448
0.095075 -0.029017 0.033245
0.095829 -0.031420 0.038878
0.095808 -0.024285 0.040123
0.096240 -0.027077 0.039300
0.095068 -0.027440 0.029858
0.095957 -0.026566 0.036034
0.096394 -0.032747 0.043178
0.095359 -0.032856 0.036914
0.096473 -0.026812 0.042172
0.095964 -0.021281 0.041023
0.094923 -0.026915 0.031873
0.096417 -0.026667 0.040294
0.095094 -0.025228 0.029577
0.094893 -0.024307 0.033337
0.095663 -0.024854 0.037242
0.096164 -0.030863 0.040677
0.095902 -0.027499 0.036795
0.096249 -0.027737 0.040122
0.095231 -0.029970 0.031964
0.096057 -0.024840 0.039904
0.095359 -0.028396 0.035002
0.094840 -0.026492 0.029695
0.095353 -0.032631 0.036699
0.095649 -0.022577 0.040865
0.095538 -0.032240 0.037221
0.095770 -0.029205 0.036736
0.095176 -0.024613 0.033154
0.096379 -0.028472 0.041392
0.096160 -0.030270 0.042672
0.095863 -0.029268 0.038297
0.096524 -0.025733 0.042368
0.096351 -0.026662 0.039786
0.095595 -0.031194 0.037434
0.096230 -0.028583 0.039565
0.096161 -0.030586 0.040791
0.095217 -0.026519 0.032626
0.096144 -0.027195 0.036059
0.096339 -0.028085 0.042037
0.095761 -0.024028 0.037461
0.096600 -0.025060 0.042733
0.096174 -0.026234 0.038437
0.095982 -0.029881 0.039177
0.095514 -0.023135 0.040952
0.096083 -0.025060 0.039462
0.096592 -0.027037 0.042583
0.095832 -0.028040 0.037154
0.096413 -0.028219 0.041300
0.096283 -0.027803 0.041763
0.096286 -0.025835 0.039595
0.095162 -0.028636 0.031620
0.095011 -0.031990 0.033217
0.096594 -0.027332 0.042695
0.095815 -0.025984 0.035130
0.095626 -0.023299 0.041423
0.095826 -0.033274 0.038969
0.096259 -0.032925 0.041857
0.094919 -0.027569 0.032776
0.095787 -0.029431 0.037530
0.095865 -0.027705 0.037173
0.095764 -0.021652 0.039761
0.096156 -0.032814 0.041040
0.095015 -0.024536 0.033380
0.095466 -0.030891 0.035916
0.096096 -0.033139 0.040403
0.096038 -0.024733 0.039432
0.097243 -0.021404 0.043364
0.095921 -0.026979 0.037057
0.096037 -0.026964 0.038346
0.095862 -0.024555 0.040291
0.096396 -0.028973 0.042537
0.095235 -0.026552 0.032953
0.095782 -0.030617 0.038371
0.096246 -0.025467 0.040213
0.096345 -0.028905 0.040931
0.095485 -0.028887 0.035787
0.096038 -0.029262 0.039161
0.096138 -0.028662 0.039094
0.095936 -0.024570 0.040063
0.096574 -0.026870 0.042498
0.095181 -0.027993 0.031163
0.095597 -0.032403 0.037550
0.095415 -0.034068 0.037007
0.096298 -0.026486 0.041708
0.095025 -0.032237 0.035086
0.096219 -0.024855 0.042118
0.096130 -0.030240 0.040896
0.095092 -0.031104 0.034317
0.096082 -0.029738 0.039469
0.095864 -0.023737 0.037791
0.095315 -0.025122 0.033454
0.095988 -0.031893 0.040118
0.095770 -0.029205 0.036736
0.096516 -0.026496 0.042342
0.095302 -0.030180 0.035001
0.096391 -0.028115 0.041723
0.096185 -0.025272 0.040439
0.095336 -0.025101 0.034463
0.096504 -0.033259 0.042870
0.095146 -0.027129 0.030604
0.095174 -0.031606 0.035252
0.095936 -0.024570 0.040063
0.095889 -0.026576 0.036639
0.095147 -0.029024 0.032442
0.095789 -0.031884 0.038656
0.095386 -0.029274 0.035445
0.095154 -0.030878 0.034533
0.095649 -0.022577 0.040865
0.097027 -0.027542 0.043317
0.095863 -0.033639 0.039010
0.095022 -0.030574 0.032813
