0.097220 0.099461 0.028216
0.096875 0.095740 0.031103
0.092799 0.102911 0.032970
0.090161 0.101987 0.024491
0.093432 0.101277 0.024374
0.098153 0.096676 0.029806
0.091590 0.101658 0.023341
0.096718 0.099267 0.026487
0.098093 0.098027 0.028775
0.096574 0.099265 0.026104
0.098134 0.098546 0.029981
0.097890 0.098136 0.028075
0.097267 0.095951 0.030700
0.091330 0.102603 0.026513
0.097586 0.099242 0.029287
0.094803 0.100520 0.023408
0.094848 0.098710 0.022791
0.093118 0.101771 0.026099
0.092201 0.102424 0.028069
0.090251 0.103198 0.033408
0.096810 0.093456 0.028685
0.097907 0.098407 0.028207
0.096027 0.099547 0.025265
0.097103 0.099841 0.029564
0.097673 0.096968 0.027593
0.097950 0.097911 0.028275
0.097585 0.098946 0.028006
0.091398 0.102700 0.027921
0.093869 0.101411 0.026146
0.098282 0.096150 0.030469
0.095455 0.099196 0.024781
0.093748 0.101079 0.023078
0.092944 0.102211 0.028238
0.092146 0.102135 0.025746
0.096572 0.094483 0.027615
0.097677 0.100364 0.033654
0.098298 0.098033 0.030957
0.096218 0.100648 0.029327
0.097390 0.095829 0.030614
0.097102 0.097298 0.032822
0.091790 0.102551 0.029927
0.096859 0.099850 0.028068
0.092376 0.102021 0.025960
0.092327 0.102406 0.026864
0.095480 0.100649 0.027977
0.096181 0.099704 0.025666
0.097450 0.096854 0.027224
0.094083 0.101755 0.028990
0.096790 0.101011 0.033615
0.094507 0.101083 0.025051
0.091255 0.101752 0.023797
0.092320 0.102514 0.029233
0.095014 0.097891 0.022747
0.095630 0.100525 0.027384
0.093292 0.102092 0.028945
0.097441 0.098161 0.027335
0.095037 0.097726 0.025651
0.092455 0.103443 0.034061
0.094886 0.101451 0.028379
0.095331 0.101728 0.032821
0.094695 0.097790 0.025071
0.094633 0.101691 0.030332
0.096043 0.090751 0.026845
0.095968 0.100318 0.027745
0.098507 0.097043 0.030895
0.098368 0.096946 0.030044
0.094352 0.100918 0.023720
0.089517 0.102885 0.027173
0.094568 0.102441 0.034097
0.097320 0.099636 0.029491
0.093596 0.102239 0.030901
0.092738 0.101646 0.024749
0.094975 0.101286 0.028093
0.096707 0.098117 0.026490
0.093356 0.102307 0.030746
0.094757 0.101248 0.027091
0.097287 0.095517 0.030055
0.095119 0.098782 0.023963
0.093785 0.103388 0.034688
0.091747 0.102520 0.030832
0.095334 0.101343 0.029773
0.089504 0.102934 0.030815
0.097414 0.099008 0.027689
0.092109 0.102856 0.032289
0.090399 0.102762 0.028381
0.097423 0.099489 0.029280
0.095239 0.100158 0.024571
0.094948 0.097953 0.025417
0.094585 0.101576 0.029037
0.091871 0.102576 0.029781
0.098155 0.098558 0.031347
0.091912 0.102486 0.028725
0.091476 0.102300 0.025667
0.091760 0.102943 0.032345
0.094180 0.101348 0.026218
0.094530 0.100812 0.024378
0.096554 0.100556 0.029835
0.097165 0.100593 0.033353
0.095017 0.100461 0.024677
0.096841 0.095711 0.032074
0.092365 0.102658 0.031743
0.096972 0.098646 0.026809
0.094145 0.101769 0.029648
0.093908 0.101979 0.029905
0.096441 0.099609 0.026136
0.098518 0.098330 0.031766
0.093413 0.101743 0.026485
0.090332 0.102063 0.024715
0.088823 0.103215 0.032368
0.096347 0.099902 0.026446
0.095228 0.101458 0.030594
0.095123 0.100870 0.027009
0.095176 0.101452 0.030117
0.097810 0.097656 0.034203
0.093768 0.101465 0.025108
0.096091 0.099143 0.025402
0.095718 0.100247 0.025753
0.089956 0.102892 0.030831
0.090829 0.102067 0.024880
0.097013 0.095077 0.030177
0.094157 0.101759 0.028746
0.094734 0.096012 0.023140
0.097059 0.098316 0.026857
0.094999 0.097639 0.023049
0.094223 0.101619 0.026950
0.095142 0.098661 0.023193
0.094587 0.096888 0.025829
0.097621 0.097465 0.032655
0.090821 0.102006 0.024679
0.096357 0.100344 0.032198
0.088766 0.102810 0.030879
0.098239 0.097152 0.029672
0.093326 0.101203 0.023220
0.098428 0.099610 0.033399
0.089458 0.103275 0.033395
0.097817 0.096733 0.028899
0.096794 0.093667 0.030739
0.096942 0.100731 0.033334
0.094732 0.097630 0.023193
0.094146 0.102025 0.031385
0.092749 0.102434 0.030171
0.098075 0.096026 0.030410
0.097434 0.099597 0.030060
0.091369 0.103149 0.032963
0.098444 0.099667 0.033662
0.098373 0.097874 0.031462
0.097580 0.100327 0.033412
0.097857 0.098733 0.028866
0.095036 0.100249 0.023681
0.093382 0.102621 0.033651
0.097743 0.099998 0.032984
0.096037 0.100826 0.030462
0.097353 0.099216 0.027938
0.093299 0.102350 0.031379
0.094887 0.098478 0.024714
0.095207 0.096500 0.026737
0.097658 0.096135 0.029625
0.095669 0.101314 0.032053
0.094718 0.100994 0.025527
0.098428 0.097822 0.032478
0.096520 0.099688 0.026415
0.096878 0.099653 0.027847
0.095260 0.100709 0.025631
0.097027 0.083732 0.030775
0.090951 0.102914 0.032430
0.098170 0.098081 0.032889
0.095826 0.100923 0.029795
0.094485 0.101166 0.025692
0.093611 0.102035 0.027331
0.096364 0.100364 0.030853
0.097123 0.099865 0.030451
0.092907 0.102394 0.029153
0.095709 0.101864 0.033767
0.096121 0.094677 0.027072
0.098599 0.098834 0.033263
0.098354 0.098605 0.031706
0.096912 0.094756 0.030190
0.096818 0.100038 0.028606
0.097964 0.096997 0.028922
0.094842 0.101542 0.028711
0.096803 0.100298 0.029529
0.094640 0.097491 0.023343
0.096040 0.100594 0.031940
0.096016 0.100715 0.032290
0.089066 0.102981 0.031938
0.090004 0.103057 0.032906
0.093959 0.102035 0.031161
0.094775 0.100453 0.023133
0.092551 0.102370 0.027050
0.094628 0.101829 0.030102
0.094205 0.100969 0.023415
0.096591 0.100511 0.029552
0.094913 0.101195 0.027511
0.098399 0.097369 0.030261
0.097986 0.098190 0.028467
0.095066 0.099056 0.023757
0.094755 0.097565 0.025415
0.089589 0.103157 0.033047
0.094887 0.100071 0.022969
0.097082 0.099413 0.027867
0.096441 0.100374 0.032504
0.094789 0.101731 0.029987
0.094727 0.102073 0.033098
0.091868 0.102608 0.031436
0.097188 0.100132 0.032766
0.093315 0.102340 0.031576
0.091748 0.101804 0.023998
0.090278 0.102927 0.032425
0.097865 0.098826 0.029174
0.096423 0.100413 0.028695
0.096005 0.097401 0.026347
0.091637 0.102706 0.027175
0.092302 0.101734 0.023849
0.093715 0.102232 0.031638
0.097495 0.095904 0.029789
0.094646 0.097760 0.023371
0.096640 0.099501 0.026441
0.093408 0.102107 0.027565
0.096860 0.100076 0.031790
0.095224 0.101505 0.031010
0.098156 0.097496 0.028912
0.095550 0.100594 0.026996
0.096824 0.095965 0.032970
0.091618 0.102350 0.025903
0.096076 0.100640 0.029026
0.094270 0.101941 0.030584
0.090306 0.102142 0.024962
0.098096 0.096162 0.030965
0.097679 0.099385 0.030156
0.095880 0.100711 0.028847
0.097725 0.096790 0.027809
0.094662 0.096577 0.023527
0.096203 0.100731 0.029806
0.097162 0.096001 0.031528
0.096906 0.100067 0.031443
0.093866 0.102194 0.033342
0.098230 0.098593 0.030642
0.096786 0.099823 0.027261
0.094255 0.101632 0.027076
0.094944 0.101557 0.030075
0.093290 0.101697 0.025537
0.094659 0.100782 0.024551
0.090800 0.101699 0.023420
0.090214 0.101874 0.023985
0.095910 0.098863 0.025411
0.093666 0.101927 0.029646
0.095852 0.101834 0.033981
0.095412 0.099858 0.024648
0.096192 0.100460 0.031689
0.095159 0.098645 0.023274
0.090412 0.102734 0.026397
0.093648 0.103140 0.034280
0.096750 0.095419 0.033056
0.098157 0.099070 0.031682
0.095866 0.100420 0.027015
0.089813 0.102799 0.026675
0.094650 0.100498 0.022889
0.092540 0.102210 0.026602
0.097439 0.096619 0.027314
0.097047 0.097095 0.032890
0.095062 0.101281 0.028540
0.097388 0.097757 0.027145
0.089651 0.103077 0.031748
0.094986 0.096085 0.022879
0.097359 0.095796 0.029465
0.095630 0.100755 0.028703
0.091317 0.102508 0.031318
0.095336 0.100833 0.027650
0.097243 0.095523 0.029284
0.094437 0.101105 0.024802
0.092593 0.102000 0.025245
0.097529 0.096098 0.028958
0.097378 0.096385 0.032171
0.096746 0.100153 0.032457
0.097103 0.099831 0.029006
0.088626 0.103014 0.032044
0.089465 0.102806 0.026905
0.096853 0.099914 0.028341
0.093215 0.102089 0.029050
0.098157 0.099070 0.031682
0.093271 0.101367 0.024057
0.091222 0.102795 0.031882
0.093182 0.102513 0.032406
0.098423 0.098330 0.033276
0.094449 0.101671 0.028250
0.092695 0.101892 0.026128
0.094956 0.100873 0.025501
0.093539 0.102286 0.031690
0.097760 0.098835 0.028498
0.089188 0.103087 0.031789
0.094990 0.098120 0.023845
0.090460 0.101941 0.024262
0.092445 0.102395 0.027947
0.091993 0.102417 0.028229
0.092064 0.102573 0.027773
0.096509 0.095352 0.027417
0.093399 0.102526 0.033305
0.094501 0.101573 0.027849
0.093203 0.101946 0.027943
0.091136 0.102762 0.027327
0.095886 0.100642 0.028588
0.092407 0.102571 0.031006
0.094313 0.096951 0.024515
0.096838 0.098493 0.026557
0.097128 0.097390 0.033338
0.089275 0.103169 0.032983
0.092552 0.102890 0.032770
0.098502 0.096665 0.030597
0.098182 0.096090 0.030607
0.095369 0.102306 0.034380
0.098529 0.097111 0.031858
0.094844 0.102263 0.033859
0.095117 0.092970 0.024079
0.097992 0.099025 0.031269
0.094264 0.101360 0.026379
0.093919 0.101729 0.028095
0.092981 0.101275 0.022916
0.098211 0.098095 0.033267
0.095614 0.101126 0.031285
0.095982 0.100602 0.030969
0.097649 0.098581 0.027748
0.097209 0.099420 0.028046
0.098382 0.098017 0.034190
0.097862 0.096623 0.029318
0.096453 0.099312 0.025847
0.090206 0.102257 0.025312
0.097973 0.096209 0.029980
0.094799 0.100579 0.024451
0.095793 0.101642 0.033443
0.092445 0.102488 0.029484
0.090000 0.102970 0.031387
0.097230 0.097090 0.032690
0.096864 0.094984 0.030750
0.096558 0.100212 0.031757
0.095736 0.100926 0.031513
0.092340 0.101513 0.022747
0.094132 0.101597 0.026814
0.095834 0.101041 0.032362
0.091944 0.102687 0.027202
0.094615 0.097652 0.024260
0.096559 0.099045 0.025997
0.098016 0.098774 0.029660
0.089576 0.103092 0.032746
0.094431 0.100864 0.023429
0.098725 0.097920 0.032060
0.098037 0.098829 0.031211
0.095074 0.097092 0.026221
0.093236 0.103305 0.034145
0.098446 0.097255 0.030580
0.093824 0.102177 0.033429
0.091630 0.101653 0.022786
0.098567 0.097333 0.032217
0.090637 0.102269 0.025315
0.089390 0.102868 0.030659
0.092333 0.102555 0.030656
0.090235 0.102797 0.030603
0.093487 0.102022 0.029454
0.091714 0.102545 0.028563
0.098412 0.098823 0.031984
0.096927 0.095860 0.031373
0.094208 0.101214 0.025374
0.098320 0.097978 0.034127
0.094610 0.100739 0.024226
0.098061 0.099428 0.032150
0.094233 0.102031 0.030398
0.090178 0.102947 0.031790
0.091375 0.102150 0.025343
0.096731 0.094022 0.028137
0.093663 0.102401 0.033071
0.093271 0.101367 0.024057
0.091136 0.102527 0.031119
0.097800 0.099063 0.029668
0.096372 0.100460 0.028979
0.093712 0.101199 0.024176
0.096733 0.094471 0.031719
0.091133 0.102370 0.025674
0.093281 0.102657 0.033033
0.095548 0.098349 0.025639
0.098089 0.098944 0.030610
0.091885 0.101827 0.024140
0.097093 0.095119 0.029116
0.096092 0.095358 0.027130
0.093283 0.102325 0.030283
0.098497 0.099032 0.032760
0.097024 0.095111 0.030447
0.097608 0.098001 0.027593
0.093785 0.103388 0.034688
0.096045 0.100775 0.029349
0.095028 0.098749 0.023099
0.094732 0.101029 0.026013
0.091630 0.101653 0.022786
0.096576 0.100206 0.032223
0.095166 0.101089 0.028092
0.096769 0.093394 0.028480
0.095594 0.101038 0.029407
0.097707 0.096438 0.029056
0.094557 0.097098 0.025496
0.095401 0.095936 0.023280
0.093012 0.102471 0.030356
0.094986 0.096085 0.022879
0.091810 0.102008 0.025160
0.093674 0.102659 0.033869
0.094584 0.097473 0.025152
0.094299 0.100950 0.024214
0.092816 0.103510 0.034285
0.098276 0.097551 0.029463
0.094187 0.101260 0.025626
0.096906 0.099604 0.027370
0.095790 0.100841 0.030945
0.095441 0.101392 0.031229
0.093493 0.101993 0.028638
0.095590 0.100037 0.024978
0.098329 0.098225 0.033115
0.092171 0.102414 0.028853
0.092865 0.102495 0.031726
0.098151 0.099478 0.032505
0.096649 0.100955 0.033483
0.092920 0.102330 0.027503
0.096265 0.100243 0.027521
0.096897 0.095396 0.027817
0.094276 0.100988 0.024407
0.095096 0.098278 0.023134
0.089377 0.103060 0.031260
0.094157 0.102111 0.032201
0.095676 0.100506 0.027241
0.098480 0.097338 0.030891
0.089714 0.103210 0.033285
0.095792 0.101995 0.034160
0.092578 0.102471 0.029236
0.097089 0.097699 0.026874
0.090541 0.103452 0.034226
0.096993 0.094737 0.029170
0.090059 0.101930 0.024273
0.097751 0.096561 0.032337
0.095602 0.100988 0.031367
0.094821 0.098136 0.025055
0.097976 0.097765 0.033323
0.097981 0.097686 0.033862
0.096268 0.098877 0.025679
0.094832 0.101541 0.029016
0.094507 0.101083 0.025051
0.095088 0.098841 0.024400
0.094755 0.096953 0.026104
0.092120 0.102628 0.031347
0.089237 0.103154 0.031587
0.096585 0.096829 0.026788
0.096686 0.101282 0.033959
0.097715 0.099015 0.029057
0.097819 0.097741 0.028117
0.094902 0.099664 0.023717
0.098048 0.100203 0.033909
0.096856 0.094049 0.029443
0.094195 0.102509 0.034000
0.093739 0.101456 0.025253
0.097388 0.099277 0.028188
0.098075 0.098284 0.028987
0.092142 0.101877 0.024641
0.094815 0.100259 0.022951
0.091070 0.102484 0.025902
0.096672 0.096542 0.026957
0.098422 0.099329 0.033096
0.095730 0.101179 0.031933
0.098194 0.097760 0.028974
0.097666 0.097127 0.032585
0.098254 0.098042 0.029386
0.098533 0.099519 0.033879
0.094052 0.101787 0.027687
0.098121 0.097696 0.028742
0.094469 0.097317 0.025068
0.092076 0.102662 0.027478
0.092501 0.102528 0.030297
0.096673 0.096161 0.027156
0.093002 0.102517 0.030541
0.096297 0.101565 0.033952
0.094827 0.099866 0.023708
0.091978 0.102531 0.026761
0.095600 0.100460 0.026310
0.097814 0.097542 0.032786
0.093932 0.101801 0.028599
0.097088 0.100924 0.033717
0.091488 0.102523 0.031379
0.098008 0.099943 0.033241
0.089352 0.103113 0.032423
0.095992 0.100326 0.027586
0.092745 0.102515 0.031056
0.094240 0.100872 0.022888
0.092286 0.102323 0.028252
0.094937 0.097419 0.022989
0.094042 0.102126 0.033350
0.098113 0.098769 0.030774
0.093762 0.102102 0.030104
0.096059 0.101913 0.034355
0.091423 0.102578 0.030407
0.091945 0.102457 0.028588
0.097547 0.097856 0.027404
0.097301 0.100938 0.034194
0.094943 0.101059 0.026961
0.094681 0.100957 0.025332
0.096200 0.100669 0.032616
0.094618 0.097379 0.025342
0.096163 0.100360 0.028260
0.098188 0.098276 0.030983
0.093448 0.101852 0.026740
0.097365 0.096204 0.027573
0.093200 0.101616 0.025035
0.091379 0.101840 0.024360
0.090019 0.102878 0.026937
0.093402 0.101317 0.024189
0.090542 0.103230 0.033507
0.097039 0.099709 0.028342
0.097376 0.100809 0.033930
0.091623 0.101823 0.024194
0.093438 0.102536 0.032914
0.091670 0.101833 0.024453
0.092221 0.102554 0.030465
0.097236 0.100042 0.032574
0.098327 0.098402 0.030622
0.098142 0.098761 0.030459
0.097442 0.100132 0.032933
0.096073 0.100648 0.029203
0.098393 0.096333 0.030967
0.096289 0.100693 0.029526
0.097471 0.099742 0.031004
0.096414 0.100192 0.027247
0.091459 0.101867 0.024663
0.098360 0.098007 0.029883
0.095711 0.100980 0.029508
0.096331 0.100620 0.030413
0.095257 0.100710 0.025911
0.096637 0.099609 0.026606
0.096941 0.095390 0.034141
0.095109 0.100790 0.025504
0.098178 0.099557 0.032768
0.091370 0.102518 0.030804
0.097065 0.095989 0.031855
0.097030 0.101144 0.034257
0.096963 0.100050 0.031170
0.089691 0.103051 0.031442
0.095533 0.100394 0.025364
0.094032 0.101091 0.024189
0.094343 0.101140 0.025544
0.092097 0.102519 0.029833
0.097301 0.100938 0.034194
0.097117 0.096417 0.027221
0.094612 0.097690 0.023632
0.097568 0.099724 0.031410
0.092214 0.102227 0.026395
0.091547 0.101989 0.025112
0.096612 0.099393 0.026288
0.094624 0.100749 0.023966
0.093655 0.101883 0.028488
0.093511 0.101496 0.025685
0.091999 0.101819 0.024304
0.093603 0.102292 0.032374
0.094514 0.101863 0.029960
0.096911 0.098275 0.026679
0.093757 0.103246 0.034479
0.098019 0.098789 0.030260
0.095588 0.101478 0.032729
0.092002 0.102454 0.026609
0.096014 0.100920 0.032655
0.093108 0.101751 0.025235
0.098365 0.097560 0.030462
0.097529 0.099607 0.030712
0.094943 0.101059 0.026961
0.098426 0.097445 0.032420
0.097260 0.095508 0.030433
0.096676 0.099711 0.026847
0.095852 0.100183 0.026209
0.095239 0.100158 0.024571
0.098532 0.097453 0.031654
0.097256 0.098242 0.027100
0.095027 0.100923 0.026761
0.097127 0.095353 0.028307
0.096793 0.099731 0.027482
0.093136 0.102188 0.027649
0.093682 0.101921 0.027653
0.097476 0.097377 0.034250
0.094661 0.101599 0.028489
0.093264 0.101993 0.029536
0.095598 0.101187 0.030878
0.097598 0.096277 0.027999
0.092144 0.102559 0.029413
0.096949 0.100837 0.033492
0.097991 0.099671 0.032607
0.093019 0.102271 0.028499
0.097140 0.097360 0.026928
0.092885 0.101874 0.026251
0.093267 0.102205 0.028643
0.093463 0.101613 0.025236
0.093375 0.101639 0.026317
0.098412 0.096791 0.032064
0.097500 0.097402 0.032770
0.096999 0.096989 0.032721
0.095189 0.100807 0.026344
0.095129 0.098885 0.023835
0.097579 0.096428 0.032224
0.095610 0.101214 0.030537
0.095090 0.098473 0.025179
0.097414 0.099301 0.028435
0.093031 0.101813 0.025741
0.092758 0.101934 0.025359
0.094466 0.097539 0.024591
0.094811 0.101003 0.025776
0.094039 0.101419 0.026391
0.098357 0.096456 0.030267
0.093023 0.102626 0.032526
0.090959 0.102789 0.027735
0.094689 0.101125 0.026321
0.092458 0.101687 0.024263
0.095093 0.096885 0.026529
0.093162 0.101340 0.024594
0.093748 0.102307 0.033269
0.089722 0.102916 0.030782
0.098393 0.097561 0.030028
0.096567 0.100228 0.031100
0.097585 0.100657 0.034018
0.094507 0.102032 0.032323
0.094227 0.101135 0.024602
0.098470 0.097016 0.031421
0.093872 0.101754 0.027919
0.095071 0.098699 0.024540
0.098731 0.097947 0.032188
0.096930 0.096667 0.033211
0.089504 0.102934 0.030815
0.098630 0.098035 0.032340
0.097990 0.098823 0.029998
0.090790 0.102518 0.025870
0.091086 0.101871 0.024226
0.093758 0.101474 0.026296
0.098265 0.099911 0.033621
0.096730 0.100119 0.032048
0.097014 0.099385 0.027336
0.098365 0.097560 0.030462
0.093611 0.101144 0.023428
0.094858 0.101650 0.030249
0.092136 0.102455 0.029972
0.097187 0.095370 0.029746
0.095002 0.097958 0.023288
0.096148 0.100305 0.027130
0.094277 0.097243 0.024701
0.095848 0.097624 0.026165
0.098361 0.097674 0.030256
0.094999 0.097639 0.023049
0.093580 0.101483 0.025981
0.093410 0.101620 0.026171
0.098252 0.099822 0.033370
0.093162 0.103424 0.034260
0.095387 0.100331 0.024989
0.092921 0.101762 0.025071
0.094471 0.101731 0.029613
0.092753 0.102373 0.029436
0.098156 0.098460 0.030838
0.097322 0.099677 0.030260
0.094337 0.101259 0.025779
0.098468 0.097499 0.031078
0.095460 0.100876 0.028534
0.089442 0.103127 0.031650
0.093886 0.103027 0.034344
0.097570 0.098823 0.027764
0.093545 0.103417 0.034548
0.088821 0.103047 0.031502
0.095588 0.099677 0.024847
0.097781 0.099309 0.030331
0.094623 0.101621 0.028816
0.098611 0.098343 0.032390
0.094589 0.099297 0.022581
0.090822 0.102881 0.032617
0.094409 0.102131 0.032906
0.095731 0.100224 0.025995
0.096454 0.099068 0.025831
0.098347 0.098007 0.030714
0.097360 0.099592 0.029783
0.093445 0.102078 0.028814
0.093318 0.102063 0.028294
0.093176 0.101994 0.026812
0.095844 0.100312 0.026470
0.098548 0.099374 0.033473
0.095318 0.098391 0.025455
0.096749 0.100327 0.030473
0.090276 0.101974 0.024366
0.095852 0.098544 0.025688
0.092519 0.102727 0.032285
0.094961 0.101618 0.031019
0.093556 0.102369 0.033479
0.096313 0.099124 0.025635
0.097732 0.099598 0.031514
0.089522 0.102766 0.030414
0.091871 0.102590 0.029451
0.096874 0.098894 0.026705
0.093726 0.102096 0.031005
0.093869 0.101411 0.026146
0.093920 0.101335 0.025430
0.098435 0.096700 0.031402
0.094016 0.101297 0.025241
0.098211 0.098226 0.030355
0.095887 0.100498 0.028306
0.094802 0.096633 0.026568
0.091546 0.102588 0.029390
0.097099 0.099125 0.027258
0.090525 0.102823 0.026935
0.095430 0.097679 0.025912
0.095045 0.097920 0.023200
0.096308 0.101645 0.034204
0.098306 0.096686 0.030044
0.095515 0.102052 0.033940
0.094843 0.101611 0.029378
0.094057 0.101723 0.029375
0.095120 0.098538 0.023816
0.091665 0.101860 0.024762
0.094913 0.100195 0.023241
0.092871 0.102762 0.032696
0.097902 0.096803 0.029093
0.094264 0.101668 0.027611
0.097422 0.100083 0.032852
0.091698 0.102553 0.030451
0.094658 0.101349 0.027421
0.095771 0.102129 0.034436
0.094479 0.101075 0.025322
0.098557 0.098332 0.033894
0.092971 0.102864 0.033273
0.094510 0.102068 0.032608
0.095196 0.096005 0.023204
0.097869 0.096971 0.028690
0.094951 0.097797 0.025554
0.093402 0.101798 0.028048
0.098473 0.099128 0.032963
0.098128 0.097846 0.032709
0.095110 0.102151 0.033768
0.092574 0.101759 0.024683
0.097924 0.098828 0.029414
0.090052 0.102753 0.030349
0.096988 0.094721 0.028504
0.091896 0.102564 0.029170
0.094227 0.097304 0.024348
0.095113 0.098804 0.023305
0.095259 0.100348 0.024807
0.098080 0.097536 0.032683
0.097438 0.098743 0.027530
0.098568 0.098850 0.032934
0.095161 0.101344 0.029110
0.096389 0.099532 0.025877
0.091262 0.102045 0.025106
0.090063 0.102153 0.025095
0.094468 0.101292 0.026462
0.092059 0.101970 0.025043
0.098290 0.098238 0.033453
0.097558 0.096453 0.027594
0.093185 0.102423 0.030571
0.098693 0.099212 0.033915
0.098511 0.096698 0.030778
0.098427 0.097670 0.031283
0.094812 0.100576 0.024295
0.095509 0.101030 0.029138
0.097131 0.096545 0.034068
0.096619 0.100310 0.028953
0.094885 0.098391 0.024973
0.091867 0.102549 0.031052
0.093572 0.102845 0.033956
0.094048 0.101310 0.024975
0.096164 0.100562 0.028741
0.097139 0.099834 0.029846
0.093216 0.102198 0.027333
0.098089 0.096865 0.029552
0.095008 0.100889 0.026175
0.096766 0.099430 0.026755
0.093309 0.102017 0.027776
0.098191 0.098020 0.029115
0.095796 0.100832 0.029028
0.096618 0.100025 0.027460
0.096868 0.097366 0.026746
0.090498 0.103131 0.033244
0.093133 0.102185 0.029392
0.093683 0.102381 0.033619
0.091698 0.102553 0.030451
0.091789 0.102694 0.027440
0.088538 0.103254 0.032213
0.097609 0.099104 0.028593
0.091340 0.102438 0.025952
0.095058 0.098129 0.023232
0.097983 0.096784 0.032374
0.091707 0.101931 0.025022
0.094433 0.101477 0.026974
0.092574 0.102070 0.026455
0.094861 0.101877 0.031912
0.094043 0.101046 0.023747
0.098427 0.097670 0.031283
0.097746 0.097985 0.027871
0.094693 0.096675 0.026093
0.095800 0.101044 0.030397
0.096555 0.099981 0.026886
0.098364 0.098348 0.032948
0.094632 0.097631 0.024007
0.093230 0.102163 0.030060
0.093341 0.101276 0.023725
0.094206 0.101911 0.029955
0.097869 0.096971 0.028690
0.095427 0.100473 0.025289
0.098174 0.098445 0.030125
0.096654 0.098964 0.026216
0.096677 0.100350 0.032773
0.098132 0.098543 0.029763
0.092205 0.102647 0.031596
0.094784 0.102176 0.033584
0.094784 0.100636 0.023846
0.096414 0.100286 0.031975
0.097527 0.096042 0.030823
0.097778 0.095924 0.030510
0.098336 0.099405 0.032930
0.093681 0.102094 0.030040
0.092659 0.102619 0.032007
0.097947 0.098409 0.028761
0.096465 0.097254 0.026589
0.094812 0.097920 0.024293
0.097140 0.097360 0.026928
0.091527 0.102759 0.031856
0.091287 0.102741 0.027695
0.095246 0.099271 0.024474
0.095010 0.100136 0.023523
0.097297 0.097066 0.027073
0.092557 0.102552 0.031414
0.098398 0.097662 0.030826
0.092569 0.101660 0.024371
0.097230 0.099546 0.028517
0.090143 0.102609 0.026063
0.097038 0.100466 0.033107
0.094412 0.102014 0.031826
0.096829 0.099176 0.026718
0.092506 0.102409 0.029060
0.090540 0.102802 0.031299
0.092597 0.102552 0.030975
0.093561 0.101794 0.027855
0.096614 0.100260 0.028665
0.092061 0.103510 0.034230
0.094896 0.101531 0.029226
0.093227 0.102627 0.033451
0.096811 0.094690 0.028001
0.098567 0.097333 0.032217
0.096586 0.101420 0.034193
0.097127 0.095353 0.028307
0.097588 0.099056 0.028307
0.098387 0.099776 0.033534
0.094589 0.100744 0.023378
0.097748 0.098635 0.027968
0.097003 0.095940 0.034053
0.092875 0.102511 0.030681
0.098525 0.098538 0.033113
0.096760 0.099785 0.027043
0.096900 0.094572 0.028289
0.091978 0.102531 0.026761
0.098498 0.098571 0.032826
0.093887 0.101723 0.028446
0.097990 0.096472 0.029737
0.097976 0.098174 0.028259
0.094649 0.101675 0.029466
0.098217 0.097587 0.029097
0.090578 0.102115 0.024901
0.090668 0.102720 0.030624
0.095693 0.099026 0.025110
0.092404 0.102583 0.031197
0.094731 0.097797 0.023257
0.097630 0.097365 0.027552
0.096656 0.100384 0.029357
0.096987 0.100059 0.032414
0.097572 0.099487 0.030282
0.090884 0.102160 0.025149
0.096914 0.094308 0.028670
0.097024 0.099624 0.028065
0.093836 0.102193 0.031903
0.091842 0.102635 0.026921
0.098275 0.099086 0.032014
0.095357 0.101399 0.030363
0.098361 0.099775 0.033916
0.098188 0.098276 0.030983
0.097524 0.097142 0.027296
0.098303 0.097934 0.030272
0.092969 0.101828 0.025436
0.094269 0.100766 0.022619
0.089757 0.103039 0.031886
0.096859 0.100255 0.030302
0.094968 0.100460 0.023924
0.092246 0.102899 0.032545
0.094656 0.101960 0.032049
0.096181 0.099704 0.025666
0.094675 0.101611 0.029227
0.097659 0.096145 0.031381
0.093003 0.102855 0.033082
0.098074 0.098046 0.033398
0.097427 0.099348 0.028743
0.095614 0.101126 0.031285
0.094024 0.101766 0.027016
0.096715 0.095756 0.027400
0.096773 0.095513 0.031540
0.092685 0.101545 0.023600
0.097822 0.095998 0.030130
0.095633 0.101059 0.029952
0.092394 0.102533 0.027654
0.095184 0.102248 0.034050
0.094010 0.103018 0.034427
0.098020 0.097707 0.033634
0.091321 0.102474 0.031117
0.091901 0.102271 0.025953
0.091727 0.101902 0.024920
0.089912 0.103011 0.031624
0.095284 0.098050 0.025643
0.090216 0.102893 0.027214
0.095850 0.100932 0.030663
0.090488 0.102859 0.027213
0.096929 0.100159 0.032647
0.094800 0.099410 0.023307
0.094439 0.101485 0.027228
0.094468 0.101827 0.030487
0.095642 0.100936 0.031223
0.096281 0.095868 0.027128
0.093904 0.101836 0.029519
0.097544 0.100206 0.033145
0.098002 0.096277 0.031569
0.093740 0.101356 0.025578
0.092678 0.102411 0.027654
0.094469 0.101146 0.026031
0.095629 0.100594 0.028176
0.093330 0.103552 0.034618
0.094315 0.101192 0.024952
0.095301 0.096701 0.026689
0.096672 0.097750 0.026547
0.090065 0.101812 0.023617
0.094799 0.100022 0.022749
0.093344 0.101982 0.029051
0.093203 0.102431 0.032110
0.094821 0.096917 0.026410
0.094126 0.101688 0.027395
0.090133 0.102800 0.026604
0.097816 0.099174 0.030103
0.094649 0.097871 0.023493
0.094986 0.100803 0.025345
0.095759 0.100395 0.027932
0.096363 0.100182 0.026974
0.094563 0.095796 0.023058
0.096841 0.095883 0.032553
0.091984 0.102552 0.030325
0.095087 0.100664 0.025258
0.089884 0.103033 0.032619
0.094881 0.098518 0.024847
0.097377 0.097463 0.027117
0.093236 0.103305 0.034145
0.095131 0.098986 0.024373
0.097821 0.100439 0.034051
0.093563 0.102046 0.029902
0.094584 0.097473 0.025152
0.097287 0.097316 0.033116
0.096076 0.098726 0.025651
0.094573 0.099462 0.022973
0.097568 0.100565 0.033777
0.093049 0.102428 0.030864
0.097759 0.096807 0.028510
0.095381 0.100905 0.028266
0.096992 0.100020 0.032121
0.094461 0.101192 0.026144
0.094724 0.101743 0.029737
0.091659 0.102581 0.029661
0.093447 0.103115 0.034106
0.092281 0.102068 0.025310
0.090797 0.101901 0.024195
0.088842 0.102972 0.031878
0.094725 0.100886 0.024861
0.089085 0.103227 0.033114
0.096655 0.100085 0.028079
0.095151 0.098794 0.023767
0.090104 0.102972 0.032542
0.092659 0.102619 0.032007
0.094411 0.101480 0.027494
0.097828 0.098416 0.027961
0.090481 0.102478 0.025748
0.095391 0.095956 0.023251
0.096906 0.100067 0.031443
0.094722 0.100947 0.025178
0.097738 0.098265 0.027798
0.096460 0.101081 0.033384
0.091921 0.101870 0.024749
0.095080 0.098458 0.023128
0.092594 0.102337 0.027854
0.090249 0.102925 0.032103
0.097717 0.096833 0.028087
0.093247 0.101186 0.022767
0.097278 0.097214 0.033566
0.095994 0.100625 0.031530
0.097281 0.099812 0.030591
0.098598 0.098632 0.033574
0.092301 0.101672 0.023620
0.094021 0.102087 0.030232
0.097432 0.100476 0.033471
0.091736 0.102597 0.029261
0.092124 0.102395 0.028458
0.098625 0.098562 0.033811
0.095856 0.100703 0.031248
0.098328 0.097774 0.030536
0.098438 0.099088 0.032597
0.088526 0.102980 0.031899
0.090715 0.102867 0.032529
0.091557 0.101752 0.023787
0.092656 0.102231 0.026789
0.092528 0.102290 0.028222
0.097987 0.099160 0.031025
0.098199 0.097219 0.029486
0.098079 0.099787 0.033032
0.098333 0.097822 0.029630
0.095093 0.101112 0.027805
0.092201 0.102726 0.031942
0.098257 0.098317 0.029914
0.095694 0.101092 0.030138
0.089884 0.103033 0.032619
0.097481 0.096674 0.032447
0.094921 0.098380 0.022681
0.097786 0.099376 0.030811
0.098039 0.098957 0.031016
0.091331 0.101863 0.024541
0.089888 0.102508 0.025916
0.095260 0.100555 0.025213
0.097652 0.096393 0.028759
0.096919 0.098000 0.026717
0.094573 0.099462 0.022973
0.090286 0.102855 0.026912
0.095080 0.098732 0.024215
0.097615 0.097668 0.027561
0.090488 0.102859 0.027213
0.091885 0.101646 0.022698
0.094758 0.102110 0.033323
0.093454 0.102316 0.031199
0.091324 0.102650 0.031609
0.092213 0.102490 0.029107
0.090596 0.102672 0.028949
0.094973 0.101546 0.030819
0.094086 0.100982 0.023127
0.089021 0.103023 0.031235
0.097432 0.100476 0.033471
0.095125 0.101201 0.028386
0.091018 0.101838 0.024033
0.098108 0.098616 0.031015
0.097029 0.097025 0.033124
0.091255 0.101688 0.023562
0.094420 0.101825 0.029780
0.097066 0.097081 0.033331
0.094987 0.100752 0.025125
0.097978 0.099031 0.030355
0.095050 0.101013 0.027235
0.098394 0.098229 0.032639
0.089866 0.103004 0.032126
0.096351 0.100250 0.028049
0.094519 0.095952 0.023321
0.095142 0.100100 0.024237
0.093388 0.102442 0.032541
0.092438 0.103058 0.033087
0.094042 0.102206 0.033517
0.095058 0.098988 0.023518
0.095357 0.101399 0.030363
0.094685 0.099936 0.022440
0.094611 0.100658 0.023135
0.090597 0.102904 0.032235
0.097215 0.099712 0.029238
0.091358 0.102239 0.025491
0.089859 0.103016 0.032367
0.094227 0.101741 0.028353
0.092386 0.102039 0.025725
0.092687 0.101917 0.025121
0.094876 0.100549 0.023956
0.094817 0.097892 0.023866
0.097544 0.099749 0.031662
0.096963 0.100050 0.031170
0.097330 0.100394 0.033243
0.095028 0.101360 0.028613
0.092877 0.102394 0.028758
0.096769 0.095327 0.031086
0.094369 0.101674 0.028906
0.092394 0.102533 0.027654
0.097743 0.099072 0.029432
0.093865 0.101748 0.029177
0.098643 0.097695 0.032196
0.096838 0.100168 0.029199
0.092774 0.102337 0.028626
0.097468 0.097886 0.027266
0.090774 0.102391 0.025591
0.094272 0.101901 0.031175
0.095371 0.100935 0.028720
0.097599 0.096790 0.027431
0.092757 0.102234 0.028489
0.093524 0.101895 0.026992
0.098537 0.098525 0.032072
0.090637 0.102269 0.025315
0.091183 0.102599 0.029684
0.097758 0.099534 0.031324
0.097320 0.097010 0.034160
0.092731 0.102499 0.031221
0.095518 0.100287 0.025161
0.096970 0.100096 0.030550
0.096310 0.099853 0.026304
0.098247 0.097564 0.032594
0.097996 0.099118 0.030836
0.098112 0.096444 0.031862
0.095227 0.100803 0.026631
0.096949 0.100837 0.033492
0.096444 0.101428 0.034012
0.095313 0.100624 0.025422
0.097213 0.099638 0.028766
0.089351 0.103059 0.032043
0.092640 0.102761 0.032524
0.094437 0.096882 0.025232
0.096053 0.100628 0.030711
0.094211 0.102135 0.032516
0.098536 0.098506 0.031926
0.093626 0.101578 0.026435
0.093722 0.101929 0.027089
0.095524 0.099940 0.024811
0.094962 0.097371 0.025792
0.092325 0.102473 0.029680
0.098501 0.097229 0.031115
0.095511 0.097312 0.026203
0.093375 0.102113 0.029967
0.097235 0.096774 0.034402
0.094877 0.096228 0.023325
0.098133 0.099295 0.032025
0.091729 0.102526 0.026549
0.098155 0.098558 0.031347
0.091885 0.101827 0.024140
0.095333 0.100746 0.027185
0.090174 0.102719 0.026315
0.098373 0.097874 0.031462
0.095349 0.100655 0.026169
0.096717 0.094986 0.027755
0.093666 0.101927 0.029646
0.091234 0.102574 0.026344
0.092596 0.101641 0.023994
0.097317 0.100319 0.033125
0.097162 0.096001 0.031528
0.091779 0.101652 0.023033
0.098283 0.096245 0.030316
0.088519 0.102930 0.031553
0.097006 0.100043 0.030089
0.095113 0.098804 0.023305
0.089020 0.102935 0.031004
0.095953 0.099872 0.025419
0.096885 0.096182 0.033411
0.097348 0.095729 0.028650
0.098620 0.099275 0.033668
0.090994 0.103201 0.033282
0.095855 0.100936 0.032121
0.091059 0.102954 0.032347
0.094990 0.101689 0.031230
0.091607 0.102509 0.031168
0.097878 0.098547 0.028497
0.093034 0.101700 0.025100
0.097185 0.100217 0.032891
0.097121 0.101045 0.033993
0.098390 0.096757 0.031765
0.095116 0.098629 0.023469
0.093803 0.102216 0.030661
0.093167 0.101395 0.024247
0.092048 0.102144 0.025504
0.094954 0.096704 0.026650
0.098356 0.099296 0.032756
0.092402 0.102421 0.029980
0.094249 0.101178 0.025140
0.092084 0.102553 0.030962
0.097595 0.099115 0.028841
0.090781 0.103079 0.033051
0.090751 0.102634 0.029336
0.094665 0.102046 0.032801
0.092333 0.102526 0.029321
0.095014 0.098304 0.023618
0.093488 0.101890 0.028258
0.097945 0.096792 0.029276
0.096842 0.095486 0.033585
0.095297 0.098710 0.025073
0.096575 0.100256 0.032554
0.093140 0.102289 0.028828
0.093895 0.102085 0.033335
0.096960 0.094968 0.028242
0.097099 0.096144 0.034348
0.097222 0.099927 0.031811
0.093741 0.101402 0.025843
0.092519 0.102727 0.032285
0.094843 0.098955 0.023004
0.095020 0.100364 0.024341
0.094694 0.099704 0.022620
0.096253 0.099751 0.025905
0.096861 0.100122 0.030824
0.096223 0.100425 0.031975
0.091452 0.102730 0.027454
0.095519 0.101169 0.029777
0.092736 0.102252 0.029985
0.097514 0.097517 0.034400
0.093185 0.102162 0.028317
0.094924 0.100477 0.023758
0.091942 0.101753 0.023773
0.089523 0.103087 0.032433
0.098336 0.099405 0.032930
0.096281 0.100497 0.029194
0.093407 0.101415 0.024802
0.094958 0.099066 0.023325
0.095857 0.099418 0.025120
0.094828 0.099887 0.022856
0.093811 0.102205 0.032230
0.094728 0.097784 0.024268
0.098112 0.096444 0.031862
0.098293 0.098299 0.030759
0.096466 0.099881 0.026616
0.097056 0.095648 0.030768
0.093520 0.101539 0.025020
0.096173 0.100771 0.030174
0.095631 0.094083 0.026147
0.090244 0.102862 0.031056
0.088731 0.102929 0.031254
0.092391 0.101840 0.024660
0.096969 0.095098 0.034597
0.091114 0.102714 0.028287
0.096545 0.100602 0.032991
0.090597 0.102904 0.032235
0.093123 0.101887 0.026513
0.095797 0.101191 0.032618
0.097217 0.099788 0.030069
0.095090 0.098514 0.024039
0.097808 0.100366 0.033790
0.090730 0.102749 0.026705
0.094380 0.101252 0.026300
0.092442 0.101754 0.024359
0.094014 0.103201 0.034615
0.092579 0.101939 0.025904
0.097953 0.097826 0.032968
0.098261 0.097841 0.029319
0.096356 0.099355 0.025722
0.095504 0.101737 0.033211
0.094998 0.098016 0.024123
0.096845 0.093847 0.028525
0.091100 0.101890 0.024399
0.096277 0.097739 0.026322
0.095771 0.102129 0.034436
0.091049 0.102664 0.026547
0.097082 0.095040 0.028755
0.097382 0.097304 0.034431
0.091005 0.102594 0.030791
0.088654 0.102669 0.030623
0.098690 0.098907 0.033744
0.092690 0.102142 0.026611
0.095023 0.099421 0.023987
0.097179 0.095977 0.030898
0.096080 0.099411 0.025318
0.092504 0.101579 0.023479
0.098264 0.098220 0.029638
0.091615 0.103051 0.032581
0.096157 0.100952 0.032942
0.096100 0.101441 0.033542
0.090551 0.101861 0.023984
0.094337 0.101678 0.029569
0.097230 0.099546 0.028517
0.091809 0.102227 0.025669
0.091129 0.102679 0.028636
0.093934 0.102481 0.033821
0.098113 0.098548 0.029505
0.093198 0.101750 0.026272
0.097187 0.095370 0.029746
0.092909 0.102986 0.033547
0.092632 0.101428 0.023004
0.095021 0.101437 0.028869
0.088597 0.103001 0.031734
0.092320 0.102309 0.028527
0.095466 0.101561 0.032019
0.092743 0.102997 0.033203
0.097649 0.099566 0.030966
0.097155 0.098493 0.027052
0.092120 0.102628 0.031347
0.098612 0.097402 0.031978
0.094446 0.100700 0.022835
0.098467 0.098340 0.033658
0.090153 0.102984 0.032692
0.096064 0.101665 0.033832
0.096710 0.100270 0.030635
0.094160 0.101018 0.024017
0.096195 0.100464 0.028487
0.096147 0.096706 0.026740
0.095840 0.100846 0.029223
0.095628 0.100721 0.028407
0.096820 0.100088 0.032268
0.098517 0.097047 0.032112
0.092603 0.102497 0.027420
0.097202 0.099930 0.031038
0.096497 0.100154 0.027772
0.089216 0.102912 0.030822
0.089207 0.103119 0.032314
0.089739 0.102974 0.031089
0.097242 0.099886 0.030776
0.096291 0.098612 0.025896
0.096808 0.100327 0.030004
0.092779 0.102531 0.030317
0.094718 0.101902 0.031727
0.097552 0.099987 0.032738
0.090841 0.102717 0.028591
0.095103 0.096415 0.023059
0.093856 0.102216 0.030457
0.097859 0.097125 0.028476
0.098270 0.098412 0.030504
0.093589 0.101520 0.025438
0.090758 0.102684 0.026399
0.096907 0.100339 0.032890
0.097053 0.095612 0.034568
0.097414 0.099008 0.027689
0.097360 0.099592 0.029783
0.095504 0.096904 0.026526
0.095425 0.100596 0.025915
0.097687 0.097616 0.027858
0.097736 0.098951 0.028766
0.094431 0.101886 0.030216
0.096414 0.098426 0.026092
0.097309 0.099581 0.029082
0.091614 0.102581 0.028152
0.095327 0.101256 0.029595
0.092894 0.101854 0.025966
0.092898 0.101350 0.023190
0.092008 0.102539 0.030632
0.097278 0.099919 0.032005
0.093454 0.101278 0.024019
0.090951 0.102572 0.026106
0.090636 0.102735 0.031005
0.092896 0.101456 0.024670
0.096425 0.100639 0.030078
0.092816 0.101508 0.024332
0.098215 0.097905 0.033996
0.096202 0.101262 0.033418
0.097088 0.095148 0.029485
0.089922 0.102721 0.026378
0.093883 0.101276 0.024680
0.095061 0.098620 0.024927
0.092752 0.101323 0.022569
0.097322 0.095737 0.028348
0.096808 0.094814 0.033438
0.094937 0.097419 0.022989
0.095340 0.098851 0.024904
0.088378 0.103164 0.032030
0.098374 0.097769 0.031091
0.098316 0.098013 0.030475
0.094434 0.101776 0.030825
0.098492 0.096893 0.031972
0.093935 0.101285 0.025676
0.093693 0.102195 0.030360
0.098265 0.099190 0.032229
0.093159 0.102403 0.031793
0.097014 0.096496 0.033750
0.089463 0.103099 0.031857
0.090478 0.102907 0.032611
0.095509 0.100635 0.027612
0.089027 0.102873 0.030819
0.093799 0.101141 0.023939
0.098494 0.096895 0.031172
0.097356 0.095751 0.029807
0.098298 0.098128 0.030120
0.096002 0.099966 0.025758
0.095035 0.098314 0.023414
0.089934 0.102014 0.024774
0.088835 0.102607 0.030265
0.093800 0.101627 0.026656
0.095654 0.101252 0.031702
0.094632 0.097631 0.024007
0.094669 0.101290 0.026864
0.091678 0.102604 0.026727
0.092699 0.101767 0.024968
0.093723 0.101226 0.024427
0.095090 0.099842 0.024061
0.092252 0.102633 0.027329
0.092650 0.102309 0.029621
0.093384 0.102057 0.027100
0.096477 0.100429 0.030602
0.094789 0.101731 0.029987
0.092146 0.102511 0.030170
0.095143 0.100798 0.025785
0.093532 0.102176 0.030141
0.091748 0.102377 0.026138
0.091519 0.101642 0.023023
0.097813 0.099539 0.031712
0.097701 0.099169 0.029890
0.098431 0.098986 0.032384
0.091550 0.101926 0.024996
0.094983 0.100858 0.025626
0.091424 0.102668 0.026823
0.095325 0.101664 0.032369
0.093723 0.101904 0.029346
0.096141 0.100084 0.026457
0.096551 0.101308 0.033802
0.088907 0.103055 0.032115
0.092142 0.101782 0.024051
0.094051 0.102127 0.030547
0.091613 0.102621 0.031576
0.092294 0.102613 0.031365
0.098625 0.099022 0.033487
0.090408 0.102904 0.032074
0.094500 0.101865 0.031348
0.098470 0.096354 0.030555
0.090390 0.102794 0.026643
0.092301 0.101672 0.023620
0.092827 0.102192 0.027995
0.095637 0.098545 0.025572
0.094835 0.100563 0.024141
0.092855 0.101893 0.026467
0.093231 0.101692 0.025967
0.089942 0.103144 0.033178
0.097528 0.095802 0.030128
0.092230 0.101905 0.024830
0.094707 0.096844 0.026532
0.096501 0.100253 0.031403
0.095278 0.100766 0.026876
0.096769 0.093394 0.028480
0.098377 0.097834 0.030066
0.092886 0.102042 0.026645
0.097255 0.098024 0.027052
0.091520 0.102594 0.028982
0.098537 0.099079 0.033105
0.092274 0.102338 0.026631
0.092977 0.102077 0.029565
0.094736 0.101054 0.026157
0.096324 0.100797 0.033003
0.097766 0.097060 0.028249
0.098272 0.098005 0.031219
0.095976 0.099941 0.025564
0.096612 0.099393 0.026288
0.094474 0.100973 0.024574
0.096327 0.100096 0.026715
0.095057 0.098160 0.022990
0.096329 0.093558 0.027398
0.091502 0.102618 0.028686
0.095068 0.101998 0.033311
0.093706 0.102944 0.034135
0.089895 0.102844 0.030613
0.092640 0.102761 0.032524
0.094563 0.095703 0.023668
0.097904 0.099818 0.032821
0.096451 0.094839 0.027432
0.096304 0.101441 0.033714
0.094973 0.098367 0.024288
0.093411 0.102356 0.032247
0.092231 0.102537 0.030823
0.092122 0.102598 0.031151
0.097233 0.095739 0.028057
0.090390 0.102794 0.026643
0.091070 0.102484 0.025902
0.096623 0.101353 0.034089
0.098467 0.096513 0.030474
0.094396 0.100897 0.024027
0.098495 0.097399 0.031352
0.089292 0.102842 0.027971
0.097708 0.100267 0.033489
0.094182 0.101735 0.028039
0.089790 0.102646 0.029714
0.095050 0.098232 0.024074
0.093448 0.103326 0.034347
0.098416 0.097073 0.030217
0.097286 0.100712 0.033619
0.097600 0.096320 0.027824
0.096149 0.099483 0.025454
0.097770 0.098719 0.028222
0.094430 0.101402 0.026716
0.096424 0.100542 0.032788
0.092396 0.102430 0.028928
0.098410 0.096307 0.030472
0.094574 0.096072 0.023448
0.094703 0.100242 0.022671
0.092731 0.102499 0.031221
0.095060 0.098266 0.025329
0.090578 0.102870 0.031894
0.097306 0.099516 0.028924
0.098420 0.096345 0.030678
0.092557 0.101647 0.023785
0.097191 0.099206 0.027585
0.097309 0.096055 0.031218
0.095123 0.100998 0.027483
0.094931 0.097762 0.023177
0.092142 0.101877 0.024641
0.092910 0.102377 0.029293
0.094901 0.098426 0.024467
0.095945 0.100042 0.026025
0.089258 0.103114 0.032771
0.091370 0.102646 0.028381
0.097803 0.096580 0.029181
0.096148 0.100305 0.027130
0.098494 0.099266 0.033263
0.092806 0.102551 0.030472
0.088975 0.103097 0.031655
0.094980 0.100316 0.023506
0.097920 0.096495 0.032181
0.094446 0.102162 0.033365
0.097537 0.099367 0.029723
0.095187 0.100112 0.024380
0.095085 0.099075 0.024041
0.094175 0.101439 0.026580
0.097703 0.097112 0.027815
0.094648 0.097054 0.023445
0.090331 0.102896 0.031537
0.091486 0.102585 0.030113
0.089403 0.103130 0.031459
0.094649 0.101675 0.029466
0.095489 0.100612 0.026690
0.098508 0.097678 0.031545
0.098438 0.098834 0.032166
0.097307 0.098490 0.027268
0.098328 0.097774 0.030536
0.093484 0.102310 0.031966
0.094880 0.099836 0.023445
0.092688 0.101470 0.023332
0.096995 0.099819 0.028578
0.096725 0.099941 0.027768
0.092519 0.102275 0.028488
0.097512 0.099345 0.029873
0.095605 0.101575 0.033013
0.098172 0.097870 0.033704
0.094401 0.101700 0.028599
0.094107 0.101740 0.028507
0.091106 0.103075 0.032909
0.095724 0.100100 0.025271
0.095286 0.096049 0.023236
0.092987 0.101544 0.024848
0.096921 0.096988 0.026872
0.097492 0.099908 0.032405
0.098262 0.099285 0.032404
0.092126 0.102597 0.027033
0.097442 0.099873 0.032137
0.094444 0.096918 0.023887
0.095184 0.100823 0.026476
0.098222 0.098062 0.033588
0.097907 0.098407 0.028207
0.096226 0.100256 0.027814
0.093252 0.102591 0.032719
0.096732 0.099892 0.027582
0.095550 0.101477 0.031807
0.090853 0.102652 0.030200
0.094571 0.099327 0.022711
0.094860 0.101893 0.032072
0.094761 0.099713 0.023038
0.097689 0.096688 0.027658
0.093894 0.101756 0.028282
0.092357 0.101557 0.023190
0.096018 0.100301 0.028013
0.095037 0.100871 0.025926
0.098149 0.098328 0.029329
0.095176 0.101452 0.030117
0.095136 0.100565 0.024970
0.096598 0.098543 0.026220
0.098055 0.097037 0.029205
0.090031 0.102365 0.025593
0.098186 0.097382 0.029184
0.093949 0.101056 0.023433
0.090612 0.102833 0.027655
0.091754 0.101702 0.023579
0.092404 0.103267 0.033617
0.092700 0.101473 0.024289
0.097930 0.097144 0.028624
0.098130 0.098584 0.030293
0.093292 0.103014 0.033902
0.091263 0.101636 0.023192
0.091086 0.101998 0.024871
0.094899 0.096605 0.023204
0.097843 0.099621 0.032111
0.098392 0.097747 0.029884
0.094886 0.099953 0.023099
0.096869 0.101132 0.033834
0.093882 0.101899 0.027195
0.092517 0.102025 0.025414
0.096623 0.095099 0.032049
0.098175 0.096385 0.030052
0.093603 0.102265 0.031433
0.092262 0.101620 0.023395
0.096671 0.100232 0.032600
0.094277 0.101717 0.027785
0.093537 0.102288 0.030512
0.096206 0.098224 0.026078
0.095407 0.102000 0.033697
0.098684 0.098220 0.032143
0.096082 0.101784 0.034165
0.092485 0.101989 0.026200
0.096420 0.101188 0.033539
0.097188 0.100132 0.032766
0.093509 0.101242 0.024565
0.092650 0.101948 0.025651
0.096959 0.094792 0.029728
0.094574 0.096072 0.023448
0.096173 0.100507 0.032207
0.095957 0.100359 0.027389
0.097618 0.097366 0.034006
0.094098 0.101746 0.027202
0.097544 0.099540 0.030499
0.093611 0.102380 0.032715
0.091120 0.102609 0.029232
0.091014 0.102946 0.032289
0.096841 0.101258 0.034099
0.090734 0.102059 0.024791
0.097895 0.096578 0.029475
0.097612 0.097566 0.032679
0.095864 0.097087 0.026472
0.098052 0.097218 0.028864
0.093192 0.102052 0.029887
0.092822 0.102408 0.029003
0.091622 0.102528 0.031364
0.094972 0.100721 0.024980
0.097870 0.099334 0.031024
0.094886 0.099953 0.023099
0.095649 0.100373 0.026054
0.089136 0.103122 0.031441
0.091410 0.101812 0.024049
0.098095 0.097186 0.029050
0.095582 0.100415 0.025861
0.098524 0.098003 0.031682
0.089007 0.102784 0.030650
0.092567 0.102559 0.030576
0.096632 0.100470 0.030254
0.098239 0.097703 0.029211
0.097717 0.097461 0.033654
0.097748 0.098978 0.029274
0.097079 0.095157 0.030105
0.096739 0.100389 0.029738
0.097104 0.095992 0.027542
0.093793 0.101889 0.028800
0.093829 0.102754 0.034050
0.095163 0.101728 0.031859
0.096435 0.100532 0.029362
0.098199 0.098131 0.032684
0.097514 0.099280 0.029029
0.092084 0.102553 0.030962
0.090497 0.102005 0.024499
0.094650 0.100724 0.023656
0.093584 0.101937 0.029058
0.090336 0.103039 0.032992
0.094558 0.101747 0.031106
0.092320 0.102309 0.028527
0.094264 0.101668 0.027611
0.097003 0.099145 0.027087
0.096214 0.096260 0.026962
0.096709 0.092193 0.029154
0.097434 0.096063 0.031105
0.094989 0.100026 0.023729
0.097187 0.095370 0.029746
0.097914 0.099512 0.031966
0.092404 0.102583 0.031197
0.091786 0.102561 0.030195
0.091520 0.102594 0.028982
0.098120 0.097968 0.033113
0.098348 0.098234 0.030615
0.094328 0.101652 0.029210
0.094125 0.102103 0.031841
0.098281 0.097026 0.029837
0.092014 0.102096 0.025343
0.095011 0.102386 0.034262
0.094817 0.100633 0.024674
0.095188 0.101389 0.029466
0.094054 0.102153 0.030399
0.098579 0.098575 0.032275
0.097579 0.096428 0.032224
0.097529 0.098374 0.027531
0.090637 0.102269 0.025315
0.095428 0.100699 0.027446
0.093113 0.102254 0.029186
0.097873 0.099253 0.030589
0.092522 0.102496 0.029384
0.094020 0.101139 0.024385
0.089699 0.102612 0.026201
0.097259 0.098907 0.027376
0.089522 0.102766 0.030414
0.091895 0.102471 0.028914
0.096801 0.100668 0.033180
0.094516 0.100492 0.022579
0.095496 0.098683 0.025282
0.092603 0.103764 0.034907
0.094512 0.096349 0.023730
0.095132 0.101817 0.032593
0.091412 0.101905 0.024845
0.097722 0.096392 0.029323
0.093957 0.102142 0.031561
0.094707 0.101502 0.028120
0.091178 0.102728 0.028018
0.094383 0.100844 0.023161
0.095903 0.100886 0.029519
0.097353 0.097043 0.033867
0.095135 0.099390 0.024235
0.095382 0.100655 0.026439
0.095043 0.101914 0.032920
0.093740 0.101429 0.024913
0.098005 0.098568 0.029160
0.097554 0.096241 0.028316
0.092303 0.102082 0.025529
0.097047 0.099917 0.029290
0.094410 0.102037 0.032101
0.090851 0.102812 0.027521
0.094853 0.101938 0.032525
0.092309 0.101805 0.024461
0.098255 0.099057 0.031868
0.095355 0.101110 0.028957
0.096733 0.098702 0.026354
0.094169 0.101294 0.025935
0.098333 0.098847 0.031804
0.095056 0.098142 0.024001
0.094774 0.101236 0.027259
0.098306 0.099295 0.032557
0.092832 0.102260 0.027750
0.091878 0.101845 0.024573
0.096472 0.096637 0.026835
0.093327 0.102086 0.028447
0.094748 0.101171 0.026630
0.098442 0.096533 0.031151
0.096490 0.098140 0.026287
0.095162 0.101513 0.030324
0.097187 0.095370 0.029746
0.098473 0.096868 0.030446
0.095334 0.101343 0.029773
0.093872 0.101754 0.027919
0.097216 0.099923 0.031528
0.094553 0.097401 0.023515
0.091148 0.102976 0.032435
0.098467 0.096513 0.030474
0.096499 0.098817 0.025965
0.093134 0.102411 0.031142
0.098362 0.097090 0.032343
0.096225 0.101221 0.033320
0.094577 0.099493 0.022804
0.098334 0.097449 0.029770
0.098485 0.096498 0.030899
0.096895 0.099613 0.027184
0.095376 0.099502 0.024595
0.092616 0.102535 0.030837
0.096114 0.100558 0.028593
0.092540 0.101428 0.022735
0.096461 0.100285 0.028357
0.093215 0.102036 0.028152
0.096900 0.099367 0.027006
0.097722 0.097194 0.028019
0.089021 0.103023 0.031235
0.091919 0.103091 0.032853
0.090960 0.102641 0.029006
0.098025 0.099123 0.031447
0.090607 0.102934 0.032773
0.097188 0.096276 0.032243
0.095175 0.101118 0.028589
0.092852 0.101893 0.025230
0.096979 0.094971 0.030060
0.091812 0.102671 0.031676
0.089847 0.103073 0.032871
0.095072 0.101473 0.029345
0.094738 0.099740 0.022785
0.094400 0.097155 0.025093
0.095281 0.095913 0.026544
0.095627 0.101024 0.029608
0.098656 0.098114 0.031907
0.093782 0.101782 0.026870
0.091628 0.102677 0.027616
0.098066 0.099288 0.031811
0.098325 0.096830 0.032230
0.093377 0.102058 0.029222
0.093829 0.102179 0.031398
0.092437 0.102395 0.028707
0.093829 0.102754 0.034050
0.096509 0.095352 0.027417
0.091942 0.101753 0.023773
0.097981 0.099307 0.031609
0.097933 0.099212 0.031211
0.098729 0.098881 0.034002
0.090193 0.102937 0.032258
0.094862 0.097996 0.023478
0.095494 0.100500 0.025617
0.097413 0.097394 0.033420
0.096946 0.100057 0.030371
0.098643 0.097695 0.032196
0.098049 0.100018 0.033475
0.090768 0.102813 0.027265
0.088717 0.103241 0.032529
0.092158 0.102159 0.026089
0.098633 0.097732 0.031858
0.093916 0.101420 0.026575
0.096938 0.099025 0.026904
0.093262 0.101952 0.029702
0.096556 0.100775 0.033154
0.093058 0.101434 0.023948
0.098140 0.098832 0.031474
0.092935 0.102523 0.032030
0.091957 0.102551 0.030500
0.097795 0.099847 0.032697
0.097719 0.097027 0.028079
0.093375 0.101639 0.026317
0.095401 0.095936 0.023280
0.097599 0.099374 0.029989
0.093893 0.101871 0.027396
0.096348 0.101035 0.033199
0.088538 0.103254 0.032213
0.093669 0.101057 0.022627
0.095092 0.096796 0.022831
0.095182 0.101236 0.028814
0.095071 0.098699 0.024540
0.091334 0.103046 0.032630
0.095936 0.100928 0.030252
0.094462 0.099480 0.022894
0.097858 0.097454 0.028261
0.095249 0.099780 0.024393
0.097093 0.099868 0.030224
0.091691 0.102150 0.025417
0.095746 0.100187 0.025510
0.093060 0.102775 0.032891
0.097007 0.095937 0.031206
0.098398 0.097662 0.030826
0.096818 0.099741 0.027666
0.097532 0.100286 0.033270
0.093306 0.102357 0.031003
0.096503 0.099304 0.025962
0.090854 0.102743 0.028385
0.094667 0.099002 0.022682
0.094334 0.102913 0.034528
0.095915 0.101464 0.033311
0.095897 0.101667 0.033621
0.092507 0.101816 0.024827
0.095677 0.096320 0.026826
0.098480 0.097137 0.031595
0.098283 0.099956 0.034055
0.095763 0.101004 0.031818
0.091942 0.101659 0.023374
0.097674 0.096499 0.027903
0.098239 0.097703 0.029211
0.094509 0.101168 0.025879
0.093736 0.102176 0.031218
0.096685 0.100890 0.033342
0.097758 0.099792 0.032483
0.091494 0.103014 0.032441
0.091990 0.102695 0.031763
0.094215 0.101209 0.024796
0.094776 0.101735 0.031201
0.094071 0.102201 0.033168
0.098100 0.097260 0.032565
0.092946 0.102110 0.030019
0.090332 0.102063 0.024715
0.094504 0.097344 0.023766
0.094956 0.096898 0.023073
0.090863 0.102997 0.032857
0.096167 0.099878 0.026078
0.094496 0.099416 0.022886
0.097479 0.096256 0.031932
0.095443 0.101483 0.031576
0.094954 0.101595 0.029538
0.095692 0.100048 0.025132
0.092100 0.101604 0.022943
0.091032 0.102633 0.031409
0.094758 0.095861 0.025049
0.091065 0.102613 0.030543
0.095855 0.099781 0.025174
0.096609 0.100036 0.027140
0.089961 0.101965 0.024513
0.095910 0.100863 0.030039
0.095832 0.100130 0.025688
0.088556 0.103323 0.032393
0.095237 0.100739 0.026021
0.094410 0.096598 0.024181
0.097602 0.099682 0.031219
0.097578 0.099758 0.031918
0.097582 0.099324 0.029516
0.095509 0.101273 0.030248
0.095525 0.102174 0.034185
0.091494 0.103014 0.032441
0.097104 0.095992 0.027542
0.092967 0.102434 0.031498
0.094352 0.100918 0.023720
0.093101 0.102335 0.028676
0.098500 0.096934 0.030644
0.096206 0.098224 0.026078
0.094769 0.098124 0.024663
0.092390 0.102048 0.026350
0.096811 0.098839 0.026536
0.095848 0.098314 0.025865
0.097063 0.098898 0.027077
0.090935 0.102887 0.032061
0.094827 0.101368 0.027945
0.092971 0.101375 0.023451
0.089109 0.103135 0.032590
0.094703 0.097903 0.023613
0.097977 0.100165 0.033669
0.094958 0.099296 0.023699
0.091586 0.103116 0.032803
0.094998 0.101843 0.032205
0.096530 0.100356 0.029188
0.098202 0.096634 0.032108
0.097778 0.100113 0.033264
0.091425 0.102495 0.026225
0.091549 0.103256 0.033351
0.096947 0.100116 0.029793
0.098521 0.098466 0.033648
0.095144 0.102055 0.033567
0.094758 0.095861 0.025049
0.098165 0.098320 0.031204
0.093150 0.102742 0.033206
0.095050 0.100154 0.023630
0.090542 0.103230 0.033507
0.098241 0.099964 0.033816
0.092623 0.101677 0.024561
0.093023 0.102104 0.027838
0.097668 0.097492 0.033068
0.090867 0.102769 0.028119
0.098015 0.097790 0.028497
0.097828 0.096351 0.031989
0.093892 0.102213 0.032475
0.093075 0.102267 0.029012
0.091250 0.101657 0.022849
0.095594 0.100898 0.028905
0.098382 0.098099 0.033820
0.095616 0.101386 0.032379
0.098017 0.097398 0.028618
0.092886 0.102094 0.029784
0.098120 0.096131 0.030254
0.095968 0.101245 0.033013
0.091023 0.102944 0.032648
0.092521 0.102610 0.031721
0.094921 0.100682 0.024846
0.091890 0.102378 0.026319
0.095426 0.100126 0.024799
0.095239 0.096106 0.023081
0.094635 0.099197 0.022853
0.094501 0.101573 0.027849
0.097469 0.099111 0.028102
0.095125 0.098850 0.023682
0.089871 0.102892 0.027441
0.097882 0.099395 0.031457
0.097372 0.099838 0.031218
0.088937 0.103137 0.032820
0.091021 0.102629 0.026382
0.089632 0.102865 0.030612
0.091297 0.102951 0.032264
0.098299 0.096461 0.031487
0.093949 0.101098 0.024044
0.097015 0.096610 0.032680
0.091057 0.102223 0.025355
0.093721 0.101937 0.029510
0.094739 0.101628 0.030920
0.092571 0.102286 0.029791
0.093835 0.101831 0.029017
0.095742 0.100454 0.026711
0.095105 0.101507 0.029801
0.094659 0.102646 0.034444
0.097538 0.097587 0.027333
0.098480 0.098167 0.034046
0.090452 0.102639 0.026096
0.096956 0.100077 0.029496
0.097347 0.096354 0.027411
0.095092 0.101686 0.031462
0.092828 0.101524 0.023784
0.095327 0.100867 0.027919
0.091994 0.102573 0.029655
0.094998 0.100967 0.026479
0.098165 0.098320 0.031204
0.092436 0.102517 0.027170
0.096753 0.093074 0.028559
0.097077 0.096826 0.033632
0.095947 0.100731 0.032066
0.089796 0.103312 0.033583
0.093040 0.103265 0.033973
0.091882 0.102524 0.027991
0.090769 0.102780 0.031633
0.098508 0.096746 0.030990
0.097647 0.097471 0.033334
0.095994 0.100625 0.031530
0.095420 0.101298 0.029958
0.097034 0.099872 0.028778
0.094775 0.097129 0.025861
0.094105 0.102762 0.034234
0.097203 0.097312 0.032847
0.094861 0.097876 0.024119
0.095038 0.097832 0.023051
0.092808 0.101897 0.025797
0.094287 0.101883 0.031011
0.098524 0.098487 0.033402
0.091039 0.101713 0.023625
0.097186 0.099979 0.032275
0.096081 0.099994 0.026215
0.094773 0.101627 0.030570
0.094347 0.101999 0.031583
0.093024 0.102291 0.030145
0.095717 0.100443 0.027596
0.097684 0.099757 0.032195
0.094379 0.097277 0.024165
0.091650 0.102647 0.027851
0.097252 0.090916 0.033754
0.096965 0.099448 0.027621
0.097043 0.100004 0.031950
0.091184 0.101651 0.023380
0.096730 0.101118 0.033721
0.096666 0.095269 0.032501
0.092802 0.102330 0.027161
0.097290 0.096050 0.030717
0.098303 0.099581 0.033112
0.092419 0.101954 0.025066
0.093998 0.100948 0.022699
0.098025 0.099522 0.032325
0.094776 0.101735 0.031201
0.098412 0.096758 0.030233
0.091424 0.102668 0.026823
0.095128 0.102481 0.034536
0.097014 0.099385 0.027336
0.092627 0.102432 0.028907
0.098534 0.098718 0.032582
0.090813 0.101945 0.024416
0.089765 0.102883 0.027007
0.093940 0.102259 0.032849
0.094772 0.101341 0.027702
0.090641 0.102639 0.026140
0.096653 0.095271 0.032073
0.094839 0.099597 0.023524
0.098334 0.097449 0.029770
0.090901 0.101684 0.023071
0.097778 0.100113 0.033264
0.095928 0.100734 0.031850
0.098376 0.097254 0.029997
0.096675 0.100110 0.028373
0.089504 0.103081 0.032253
0.097727 0.099526 0.031136
0.093003 0.102140 0.026957
0.089347 0.103252 0.033271
0.096852 0.100104 0.028874
0.094352 0.102642 0.034274
0.097514 0.097517 0.034400
0.098292 0.096317 0.031216
0.095577 0.100561 0.027775
0.095843 0.097957 0.026008
0.094016 0.102033 0.030880
0.095426 0.101587 0.031786
0.089617 0.102688 0.026409
0.093824 0.102177 0.033429
0.097196 0.096720 0.027104
0.094714 0.101852 0.031482
0.092869 0.102600 0.032274
0.092983 0.102430 0.031258
0.092756 0.102230 0.028364
0.093672 0.101712 0.028067
0.096190 0.100449 0.031144
0.098331 0.098251 0.031510
0.095335 0.101240 0.029324
0.093388 0.101609 0.025815
0.091736 0.102597 0.029261
0.092534 0.103125 0.033377
0.091032 0.102737 0.031712
0.097551 0.096127 0.029271
0.089238 0.102693 0.028691
0.095565 0.101831 0.033518
0.095245 0.098955 0.024639
0.097692 0.099411 0.030624
0.097442 0.096137 0.027851
0.091945 0.102598 0.031255
0.094422 0.102309 0.033759
0.091073 0.101935 0.024635
0.095016 0.100311 0.023992
0.096061 0.100272 0.026743
0.089307 0.102986 0.031028
0.094344 0.101666 0.029473
