0.081593 0.055388 0.259544
0.085690 0.058112 0.260226
0.083719 0.055929 0.259697
0.082808 0.061826 0.260378
0.082814 0.055077 0.259538
0.078963 0.055251 0.260366
0.080729 0.055387 0.259793
0.082992 0.064015 0.260832
0.083193 0.063673 0.260777
0.076888 0.056176 0.261124
0.075078 0.058582 0.261952
0.088324 0.059969 0.261073
0.080535 0.059186 0.260153
0.077878 0.055974 0.260720
0.073701 0.058242 0.262111
0.075686 0.057455 0.261573
0.079599 0.050916 0.259120
0.080475 0.051469 0.259120
0.081838 0.058592 0.259986
0.080320 0.050983 0.259029
0.086051 0.063937 0.260990
0.077674 0.052446 0.260299
0.078163 0.059930 0.261119
0.077908 0.057191 0.260868
0.077572 0.053333 0.260516
0.076950 0.057428 0.261240
0.077558 0.063159 0.261522
0.087552 0.059500 0.260953
0.085951 0.059959 0.260597
0.082792 0.059991 0.260183
0.074363 0.057195 0.261804
0.086456 0.058058 0.260419
0.086135 0.054082 0.259665
0.075813 0.056588 0.261492
0.084657 0.053060 0.259293
0.080385 0.051760 0.259222
0.080709 0.063438 0.260701
0.079008 0.056981 0.260542
0.082134 0.061667 0.260366
0.084100 0.061834 0.260507
0.080037 0.059323 0.260359
0.078951 0.057872 0.260626
0.078096 0.060827 0.261223
0.081264 0.055992 0.259779
0.083601 0.062792 0.260608
0.080113 0.056462 0.260140
0.078512 0.064251 0.261379
0.085952 0.061623 0.260703
0.076561 0.059729 0.261586
0.075260 0.057669 0.261800
0.082212 0.056889 0.259634
0.083927 0.062103 0.260523
0.077251 0.054525 0.260756
0.088927 0.060453 0.261257
0.079634 0.059618 0.260560
0.085992 0.060606 0.260616
0.076223 0.060558 0.261760
0.081494 0.060526 0.260217
0.079875 0.063295 0.260985
0.077576 0.063367 0.261506
0.079875 0.054320 0.259990
0.077919 0.052295 0.260161
0.078391 0.054645 0.260459
0.077951 0.055574 0.260641
0.081029 0.057797 0.260073
0.077826 0.055458 0.260664
0.078003 0.056699 0.260788
0.077711 0.055283 0.260675
0.081764 0.063308 0.260676
0.077252 0.056637 0.261044
0.080260 0.064188 0.260991
0.081784 0.054548 0.259452
0.081054 0.063465 0.260658
0.081217 0.062517 0.260527
0.075898 0.061573 0.261939
0.084282 0.061077 0.260405
0.077570 0.057328 0.260917
0.078089 0.061384 0.261300
0.079007 0.061718 0.261066
0.081830 0.064069 0.260790
0.085726 0.062309 0.260751
0.084497 0.058302 0.260086
0.079060 0.062876 0.261181
0.075630 0.058160 0.261714
0.085380 0.056029 0.259921
0.075957 0.060714 0.261904
0.078386 0.057911 0.260775
0.086312 0.059464 0.260663
0.079780 0.063949 0.261090
0.078126 0.058117 0.260881
0.087212 0.059972 0.260925
0.081849 0.059987 0.260132
0.078207 0.064437 0.261415
0.086121 0.061135 0.260675
0.082977 0.054422 0.259486
0.083721 0.057849 0.259893
0.084304 0.060144 0.260304
0.078120 0.053433 0.260410
0.077367 0.059836 0.261381
0.081333 0.061153 0.260309
0.077726 0.053983 0.260576
0.079993 0.056821 0.260203
0.079710 0.059863 0.260573
0.078924 0.056669 0.260538
0.077376 0.060851 0.261431
0.087549 0.056482 0.260367
0.080637 0.059812 0.260203
0.080995 0.053677 0.259451
0.076896 0.061865 0.261585
0.080972 0.058766 0.260094
0.081010 0.059470 0.260122
0.078196 0.063522 0.261419
0.081433 0.057000 0.259867
0.086493 0.059594 0.260759
0.083682 0.057157 0.259827
0.081291 0.064891 0.260930
0.078891 0.063126 0.261263
0.079236 0.062787 0.261103
0.087227 0.060491 0.260910
0.079252 0.055868 0.260302
0.081813 0.058982 0.260007
0.080840 0.060091 0.260231
0.080114 0.051521 0.259234
0.079707 0.064523 0.261096
0.077755 0.052079 0.260156
0.084708 0.063356 0.260783
0.083311 0.053454 0.259320
0.082251 0.055835 0.259531
0.080438 0.054434 0.259823
0.076527 0.056200 0.261254
0.075515 0.059660 0.261928
0.085790 0.056751 0.260062
0.088171 0.059309 0.260936
0.075457 0.057704 0.261708
0.080746 0.058464 0.260147
0.083205 0.054528 0.259506
0.076144 0.058817 0.261611
0.076114 0.055798 0.261336
0.084996 0.053670 0.259469
0.082430 0.052903 0.259208
0.075551 0.059137 0.261837
0.080465 0.061139 0.260412
0.085189 0.064460 0.260997
0.086176 0.057918 0.260317
0.078973 0.052032 0.259807
0.082178 0.062866 0.260614
0.078645 0.053809 0.260220
0.080541 0.054131 0.259751
0.078595 0.054825 0.260403
0.077679 0.064250 0.261497
0.088743 0.061108 0.261378
0.082020 0.063813 0.260792
0.075494 0.060729 0.262072
0.080415 0.062579 0.260627
0.077182 0.061875 0.261557
0.082842 0.062252 0.260455
0.083868 0.054244 0.259479
0.080943 0.065060 0.260922
0.075854 0.059111 0.261733
0.082020 0.063813 0.260792
0.079236 0.062787 0.261103
0.077905 0.057572 0.260895
0.085424 0.058086 0.260175
0.076658 0.060428 0.261590
0.074421 0.059527 0.262253
0.077351 0.057394 0.261042
0.086645 0.059986 0.260764
0.078124 0.055996 0.260650
0.075481 0.059922 0.261976
0.076313 0.055873 0.261288
0.084114 0.058136 0.259992
0.086983 0.054796 0.259864
0.075980 0.055040 0.261235
0.084769 0.059975 0.260358
0.081682 0.063745 0.260726
0.083850 0.058153 0.259954
0.084100 0.061834 0.260507
0.076514 0.054149 0.260919
0.080833 0.063853 0.260754
0.077276 0.062957 0.261576
0.076248 0.059331 0.261659
0.088426 0.058344 0.260832
0.079902 0.063568 0.261022
0.085790 0.056751 0.260062
0.088479 0.061334 0.261312
0.076727 0.056999 0.261282
0.088633 0.061577 0.261392
0.078611 0.059701 0.260949
0.083994 0.064099 0.260865
0.086411 0.059392 0.260728
0.088281 0.061987 0.261171
0.077124 0.054126 0.260786
0.078820 0.061194 0.261060
0.083092 0.064205 0.260828
0.083620 0.063772 0.260809
0.085101 0.057699 0.260076
0.080563 0.057462 0.260161
0.086326 0.063172 0.260884
0.079016 0.060081 0.260851
0.076661 0.055217 0.261058
0.088133 0.061301 0.261187
0.084866 0.055399 0.259752
0.081724 0.056320 0.259692
0.082484 0.055326 0.259527
0.081420 0.059981 0.260165
0.081889 0.060353 0.260202
0.078569 0.064517 0.261383
0.081838 0.058592 0.259986
0.081785 0.057106 0.259816
0.075723 0.055583 0.261405
0.087978 0.060048 0.261054
0.085041 0.058438 0.260197
0.076584 0.054629 0.260954
0.079026 0.055632 0.260342
0.086181 0.062099 0.260756
0.087290 0.055940 0.260175
0.082155 0.058914 0.260004
0.086196 0.059776 0.260650
0.085907 0.059676 0.260537
0.088269 0.059732 0.261001
0.079353 0.063209 0.261146
0.087250 0.062606 0.260837
0.083064 0.064506 0.260889
0.084714 0.059521 0.260307
0.080389 0.055116 0.259883
0.079820 0.056271 0.260186
0.075644 0.057576 0.261591
0.078620 0.057090 0.260661
0.077059 0.059063 0.261326
0.081963 0.051590 0.258979
0.086119 0.058828 0.260534
0.086541 0.063656 0.260960
0.088380 0.060571 0.261171
0.077817 0.063604 0.261466
0.082707 0.053432 0.259302
0.080563 0.057462 0.260161
0.081139 0.057491 0.259978
0.077908 0.057191 0.260868
0.087287 0.056955 0.260414
0.081376 0.058238 0.260032
0.081918 0.056602 0.259660
0.079288 0.058290 0.260558
0.085413 0.057668 0.260113
0.083974 0.061444 0.260436
0.075617 0.055145 0.261347
0.076425 0.059899 0.261622
0.080790 0.054072 0.259619
0.077367 0.059836 0.261381
0.085004 0.054879 0.259718
0.074801 0.058525 0.262119
0.074808 0.058884 0.262104
0.078343 0.051936 0.259917
0.076747 0.058681 0.261378
0.086862 0.058569 0.260623
0.082749 0.063173 0.260656
0.080352 0.058989 0.260195
0.080143 0.053844 0.259852
0.085631 0.053552 0.259499
0.080572 0.060377 0.260299
0.078120 0.053433 0.260410
0.078794 0.060143 0.260944
0.074675 0.057956 0.262056
0.080329 0.057235 0.260176
0.086206 0.051698 0.258910
0.078891 0.063126 0.261263
0.078068 0.058380 0.260934
0.084459 0.052589 0.259179
0.087367 0.061880 0.260795
0.074049 0.057785 0.262115
0.081925 0.061973 0.260397
0.083633 0.064442 0.260908
0.084221 0.057532 0.259966
0.081482 0.055973 0.259702
0.077705 0.059631 0.261240
0.082943 0.052081 0.259021
0.080443 0.063171 0.260710
0.078905 0.052395 0.259895
0.077493 0.060505 0.261375
0.077640 0.060390 0.261329
0.080919 0.059165 0.260111
0.075494 0.060729 0.262072
0.082900 0.056221 0.259630
0.083721 0.057849 0.259893
0.084940 0.059223 0.260285
0.075288 0.058433 0.261884
0.081544 0.053569 0.259348
0.077631 0.053685 0.260595
0.079165 0.052402 0.259815
0.083252 0.057055 0.259743
0.084510 0.052376 0.259120
0.085296 0.060252 0.260454
0.086511 0.054880 0.259864
0.079773 0.059089 0.260439
0.075736 0.058482 0.261710
0.084556 0.056487 0.259870
0.081310 0.053805 0.259405
0.088232 0.058015 0.260746
0.084253 0.059977 0.260266
0.082325 0.060284 0.260192
0.076203 0.058152 0.261492
0.079432 0.052538 0.259744
0.087616 0.060637 0.261002
0.076160 0.056273 0.261396
0.077511 0.056481 0.260942
0.082266 0.055653 0.259513
0.087336 0.056296 0.260271
0.082461 0.061224 0.260324
0.081979 0.055306 0.259470
0.079414 0.064914 0.261225
0.076308 0.055471 0.261226
0.077919 0.057321 0.260871
0.084450 0.060464 0.260321
0.079579 0.059294 0.260536
0.079379 0.057541 0.260462
0.076636 0.055392 0.261124
0.078096 0.056322 0.260683
0.076657 0.053861 0.260855
0.078698 0.055137 0.260385
0.078383 0.054358 0.260461
0.081765 0.064341 0.260818
0.079604 0.063393 0.261104
0.083866 0.062624 0.260599
0.077908 0.053491 0.260488
0.080349 0.060572 0.260374
0.076909 0.054583 0.260860
0.080992 0.064206 0.260813
0.081130 0.056509 0.259874
0.082074 0.057163 0.259751
0.083734 0.053790 0.259387
0.086145 0.064283 0.261048
0.082325 0.060284 0.260192
0.084390 0.053527 0.259294
0.077983 0.064611 0.261431
0.086227 0.060923 0.260656
0.077429 0.062651 0.261546
0.082418 0.061549 0.260346
0.076743 0.056506 0.261218
0.076743 0.056506 0.261218
0.079148 0.061144 0.260947
0.081878 0.064689 0.260904
0.078856 0.051097 0.259524
0.077491 0.063966 0.261531
0.080691 0.055717 0.259875
0.079423 0.053022 0.259809
0.086547 0.056945 0.260241
0.084465 0.057912 0.260036
0.084429 0.063049 0.260692
0.081827 0.060639 0.260261
0.077036 0.056620 0.261119
0.086323 0.051961 0.258971
0.087716 0.059869 0.261031
0.079922 0.052055 0.259503
0.078186 0.062177 0.261325
0.076668 0.058568 0.261382
0.078705 0.059064 0.260815
0.085000 0.062904 0.260728
0.077979 0.061039 0.261302
0.084418 0.064270 0.260920
0.084039 0.063182 0.260722
0.082490 0.052193 0.259068
0.079091 0.057209 0.260523
0.077685 0.063901 0.261464
0.081243 0.064272 0.260810
0.077712 0.063241 0.261499
0.082210 0.057709 0.259786
0.085448 0.059916 0.260459
0.074585 0.057497 0.261954
0.076299 0.060886 0.261763
0.083455 0.061513 0.260348
0.087473 0.059775 0.260965
0.080559 0.062847 0.260621
0.076850 0.062414 0.261663
0.086049 0.057510 0.260238
0.076753 0.058490 0.261361
0.087370 0.061021 0.260911
0.075998 0.058649 0.261632
0.078241 0.063146 0.261386
0.080820 0.053466 0.259474
0.086757 0.057589 0.260414
0.077643 0.062092 0.261466
0.080037 0.059323 0.260359
0.078987 0.062523 0.261145
0.085245 0.055134 0.259770
0.081154 0.060114 0.260206
0.080425 0.058325 0.260209
0.076843 0.060589 0.261548
0.082625 0.061668 0.260359
0.079542 0.058391 0.260443
0.077491 0.063966 0.261531
0.081571 0.053808 0.259389
0.080473 0.065177 0.261033
0.077444 0.061287 0.261469
0.087125 0.059661 0.260884
0.086047 0.059454 0.260576
0.078176 0.056595 0.260728
0.080113 0.056462 0.260140
0.080591 0.053351 0.259531
0.082163 0.053562 0.259345
0.086888 0.062937 0.260864
0.074540 0.056821 0.261657
0.078990 0.060376 0.260893
0.080787 0.056313 0.259945
0.087615 0.058027 0.260649
0.078394 0.056870 0.260709
0.083620 0.063772 0.260809
0.078714 0.060582 0.261023
0.083897 0.061063 0.260361
0.078011 0.063865 0.261440
0.076042 0.058345 0.261572
0.080790 0.054072 0.259619
0.081928 0.060507 0.260243
0.085318 0.061617 0.260579
0.085026 0.052713 0.259231
0.077231 0.060069 0.261430
0.085692 0.056295 0.259984
0.082053 0.061384 0.260342
0.075510 0.058660 0.261797
0.078303 0.064749 0.261399
0.083398 0.057502 0.259808
0.076879 0.055531 0.261059
0.076507 0.060670 0.261660
0.079443 0.062094 0.260937
0.082678 0.057540 0.259724
0.087704 0.057222 0.260582
0.080777 0.061811 0.260443
0.075070 0.058856 0.261946
0.083284 0.062822 0.260581
0.082185 0.056140 0.259582
0.087587 0.058492 0.260734
0.078792 0.055477 0.260403
0.076226 0.059613 0.261697
0.079150 0.059566 0.260735
0.087675 0.058821 0.260817
0.077263 0.053025 0.260496
0.077124 0.056987 0.261129
0.087338 0.061375 0.260875
0.075718 0.059962 0.261904
0.086687 0.056363 0.260151
0.087108 0.061197 0.260809
0.081926 0.055422 0.259472
0.083527 0.052031 0.258953
0.087966 0.060957 0.261135
0.074538 0.059274 0.262199
0.083339 0.059070 0.260073
0.076162 0.056800 0.261421
0.075942 0.057296 0.261520
0.079301 0.060953 0.260875
0.082512 0.052599 0.259140
0.083175 0.058502 0.259952
0.080492 0.056377 0.260036
0.076068 0.059402 0.261700
0.082125 0.061029 0.260318
0.087778 0.062719 0.260796
0.074896 0.060279 0.262189
0.085140 0.058011 0.260127
0.084157 0.051331 0.258733
0.087404 0.063382 0.260860
0.078092 0.058978 0.261016
0.079264 0.055291 0.260284
0.081263 0.059853 0.260155
0.077677 0.058739 0.261107
0.081693 0.051026 0.258809
0.087559 0.057116 0.260534
0.084949 0.060556 0.260411
0.077752 0.054952 0.260661
0.077158 0.055006 0.260847
0.083601 0.062792 0.260608
0.078678 0.057923 0.260701
0.082949 0.055648 0.259593
0.088481 0.059543 0.261019
0.086812 0.056950 0.260306
0.077067 0.055668 0.260978
0.082123 0.052047 0.259061
0.082040 0.063498 0.260738
0.081599 0.056581 0.259756
0.076743 0.059515 0.261507
0.077492 0.058916 0.261192
0.085424 0.058086 0.260175
0.077367 0.059836 0.261381
0.076844 0.058246 0.261335
0.082396 0.053193 0.259260
0.077115 0.057480 0.261170
0.082081 0.060104 0.260124
0.078774 0.058811 0.260775
0.086879 0.059100 0.260749
0.077707 0.053854 0.260577
0.084522 0.053878 0.259470
0.085460 0.062678 0.260732
0.085876 0.057129 0.260136
0.080706 0.061375 0.260380
0.080008 0.060440 0.260488
0.081766 0.056804 0.259741
0.088633 0.061577 0.261392
0.079469 0.064055 0.261138
0.080464 0.055453 0.259895
0.080185 0.053658 0.259795
0.078237 0.060225 0.261128
0.078618 0.061729 0.261166
0.082943 0.052081 0.259021
0.077961 0.064182 0.261436
0.079945 0.050662 0.258958
0.077328 0.063285 0.261553
0.076691 0.057270 0.261329
0.086234 0.053556 0.259515
0.075482 0.060461 0.262053
0.075325 0.055952 0.261543
0.078243 0.055944 0.260613
0.078867 0.059445 0.260824
0.083531 0.058381 0.259955
0.078671 0.060373 0.261011
0.086412 0.056717 0.260164
0.083169 0.058738 0.259997
0.079472 0.055175 0.260206
0.078541 0.052318 0.259967
0.081805 0.055935 0.259578
0.085531 0.055575 0.259870
0.083897 0.061063 0.260361
0.079564 0.063662 0.261127
0.077280 0.053247 0.260510
0.082903 0.053813 0.259376
0.075644 0.057576 0.261591
0.087305 0.063455 0.260887
0.076592 0.061790 0.261681
0.083850 0.058153 0.259954
0.080059 0.060660 0.260490
0.076686 0.059897 0.261523
0.087314 0.059502 0.260867
0.080263 0.057772 0.260275
0.086188 0.060359 0.260644
0.083886 0.062991 0.260683
0.083027 0.053102 0.259244
0.079648 0.053930 0.259977
0.082744 0.057136 0.259582
0.078224 0.061828 0.261283
0.085315 0.054375 0.259662
0.080201 0.056740 0.260139
0.077066 0.057249 0.261181
0.074284 0.057542 0.262022
0.085043 0.061060 0.260422
0.084045 0.064472 0.260936
0.080709 0.054596 0.259730
0.085126 0.051537 0.258835
0.083548 0.059718 0.260159
0.077923 0.062356 0.261384
0.074889 0.059215 0.262094
0.083137 0.052710 0.259164
0.075201 0.060335 0.262131
0.078945 0.062193 0.261117
0.077188 0.058139 0.261192
0.082263 0.059920 0.260136
0.080836 0.056597 0.259964
0.079566 0.064302 0.261125
0.078714 0.060582 0.261023
0.085689 0.060862 0.260522
0.078978 0.063392 0.261257
0.085424 0.062491 0.260709
0.086764 0.059348 0.260786
0.080014 0.054030 0.259915
0.088896 0.061189 0.261453
0.081695 0.057868 0.259922
0.081016 0.053230 0.259387
0.083632 0.055044 0.259596
0.076150 0.055282 0.261220
0.087040 0.057780 0.260523
0.075525 0.058327 0.261782
0.076498 0.058664 0.261426
0.080058 0.060075 0.260429
0.087287 0.056955 0.260414
0.088117 0.057690 0.260689
0.082764 0.052509 0.259135
0.079388 0.060684 0.260796
0.078457 0.055467 0.260483
0.075409 0.058908 0.261841
0.078301 0.055801 0.260578
0.079303 0.061741 0.260973
0.081996 0.054655 0.259465
0.080330 0.062937 0.260707
0.080739 0.054330 0.259696
0.079291 0.063641 0.261179
0.077249 0.060358 0.261421
0.083974 0.061444 0.260436
0.083630 0.052419 0.259083
0.076147 0.057916 0.261485
0.081294 0.052588 0.259245
0.077411 0.058680 0.261173
0.076641 0.059158 0.261437
0.080156 0.054270 0.259898
0.075293 0.059889 0.262042
0.079654 0.054823 0.260141
0.083396 0.064052 0.260855
0.074284 0.057542 0.262022
0.080412 0.061504 0.260485
0.077717 0.057457 0.260926
0.076335 0.057221 0.261430
0.085807 0.054377 0.259696
0.084743 0.062672 0.260659
0.079950 0.057619 0.260333
0.081741 0.053852 0.259395
0.082188 0.062079 0.260429
0.085217 0.061368 0.260505
0.081011 0.058562 0.260104
0.080294 0.053021 0.259564
0.086086 0.055971 0.259967
0.076727 0.056999 0.261282
0.083333 0.058558 0.259972
0.087287 0.062429 0.260834
0.073946 0.058782 0.262208
0.079913 0.052467 0.259593
0.080033 0.062671 0.260785
0.074801 0.058525 0.262119
0.080620 0.054873 0.259782
0.084293 0.058496 0.260079
0.079626 0.050277 0.258846
0.085333 0.051956 0.259014
0.083339 0.059070 0.260073
0.084746 0.061018 0.260433
0.085607 0.063937 0.260967
0.080389 0.055116 0.259883
0.079052 0.064410 0.261281
0.086456 0.058058 0.260419
0.082865 0.062708 0.260561
0.075298 0.060731 0.262136
0.079324 0.051236 0.259418
0.078224 0.061828 0.261283
0.085720 0.051588 0.258877
0.080774 0.062024 0.260485
0.074935 0.058708 0.262056
0.077834 0.063382 0.261478
0.078509 0.051024 0.259587
0.084995 0.051358 0.258748
0.084095 0.052978 0.259231
0.081738 0.058136 0.259936
0.086539 0.059437 0.260772
0.081233 0.059350 0.260085
0.079867 0.055414 0.260056
0.079060 0.062876 0.261181
0.081889 0.060353 0.260202
0.086077 0.054636 0.259774
0.081792 0.061226 0.260328
0.076159 0.054915 0.261152
0.080971 0.062875 0.260610
0.075637 0.056962 0.261564
0.079821 0.055052 0.260038
0.085127 0.064011 0.260942
0.083317 0.060074 0.260193
0.084302 0.058889 0.260156
0.078600 0.051606 0.259759
0.084710 0.051913 0.258977
0.075948 0.059436 0.261724
0.080030 0.064718 0.261061
0.085416 0.055386 0.259816
0.077843 0.052908 0.260335
0.079083 0.063199 0.261216
0.075569 0.057949 0.261700
0.085475 0.051463 0.258784
0.077702 0.061600 0.261429
0.088699 0.060165 0.261172
0.082308 0.061817 0.260387
0.082677 0.063839 0.260798
0.085581 0.057273 0.260087
0.080176 0.053256 0.259672
0.079875 0.054320 0.259990
0.081112 0.056848 0.259929
0.086537 0.063192 0.260903
0.085400 0.064291 0.261011
0.074114 0.058286 0.262183
0.080533 0.052049 0.259271
0.077945 0.055806 0.260676
0.075822 0.054886 0.261261
0.084480 0.059233 0.260243
0.076217 0.060006 0.261714
0.082289 0.064136 0.260847
0.078748 0.062205 0.261177
0.082678 0.054146 0.259434
0.086425 0.055776 0.259931
0.081327 0.055015 0.259571
0.079199 0.062533 0.261073
0.077486 0.054753 0.260723
0.079481 0.049985 0.258822
0.077300 0.056296 0.260980
0.084438 0.054812 0.259631
0.077344 0.062161 0.261543
0.079710 0.059863 0.260573
0.080226 0.061322 0.260521
0.087774 0.062156 0.260907
0.081136 0.064530 0.260870
0.088269 0.059732 0.261001
0.079575 0.061766 0.260841
0.076898 0.057185 0.261232
0.081026 0.061367 0.260348
0.082903 0.053813 0.259376
0.077486 0.054753 0.260723
0.085702 0.055967 0.259935
0.080767 0.060950 0.260321
0.082833 0.061085 0.260296
0.085707 0.060413 0.260551
0.076231 0.057611 0.261451
0.076980 0.062971 0.261624
0.084546 0.052759 0.259220
0.089033 0.060795 0.261326
0.081616 0.062374 0.260493
0.084229 0.053891 0.259424
0.081154 0.060114 0.260206
0.080328 0.063638 0.260860
0.083238 0.062369 0.260496
0.085476 0.058483 0.260269
0.076157 0.058470 0.261525
0.081578 0.061650 0.260355
0.075822 0.056962 0.261524
0.077937 0.051713 0.259999
0.082378 0.051707 0.258942
0.081114 0.058242 0.260101
0.080508 0.061701 0.260490
0.081417 0.056630 0.259817
0.081156 0.057133 0.259939
0.074975 0.057021 0.261751
0.079755 0.057874 0.260387
0.084134 0.052557 0.259146
0.079853 0.061885 0.260721
0.077696 0.061223 0.261399
0.076724 0.061355 0.261606
0.078279 0.063931 0.261398
0.088034 0.062001 0.260989
0.076068 0.059402 0.261700
0.087167 0.059347 0.260861
0.079093 0.052640 0.259865
0.080957 0.055586 0.259779
0.074483 0.058166 0.262170
0.078965 0.056034 0.260419
0.082287 0.061139 0.260320
0.083182 0.051625 0.258872
0.074967 0.060035 0.262159
0.083077 0.054796 0.259533
0.082430 0.052903 0.259208
0.080607 0.052596 0.259404
0.083087 0.056477 0.259679
0.082163 0.053562 0.259345
0.079604 0.055183 0.260148
0.086463 0.055605 0.259947
0.079999 0.062937 0.260845
0.087138 0.060926 0.260849
0.084503 0.060295 0.260334
0.089065 0.061068 0.261434
0.085794 0.060151 0.260557
0.079283 0.060352 0.260789
0.081534 0.054080 0.259428
0.083252 0.057055 0.259743
0.075864 0.059681 0.261820
0.086948 0.056099 0.260154
0.080253 0.058373 0.260236
0.075229 0.055668 0.261558
0.079980 0.064376 0.261054
0.078820 0.061194 0.261060
0.081331 0.062876 0.260599
0.083594 0.061203 0.260336
0.077375 0.061750 0.261514
0.083594 0.061203 0.260336
0.086463 0.055605 0.259947
0.078445 0.053457 0.260263
0.081375 0.058663 0.260062
0.085839 0.062675 0.260787
0.076861 0.058896 0.261370
0.076517 0.057631 0.261409
0.082593 0.054802 0.259509
0.078883 0.065385 0.261315
0.085377 0.060613 0.260468
0.084743 0.062672 0.260659
0.078945 0.062193 0.261117
0.075781 0.060946 0.261978
0.082541 0.060630 0.260246
0.076753 0.058490 0.261361
0.080165 0.050162 0.258781
0.075686 0.057455 0.261573
0.080179 0.058241 0.260255
0.080115 0.063841 0.260988
0.085547 0.056816 0.260025
0.087589 0.055676 0.260148
0.079170 0.057693 0.260545
0.084424 0.055544 0.259664
0.081554 0.054974 0.259499
0.082237 0.056449 0.259629
0.086972 0.060261 0.260848
0.078541 0.057388 0.260705
0.079311 0.064626 0.261237
0.083464 0.055699 0.259666
0.081640 0.060178 0.260176
0.081896 0.058881 0.259997
0.078685 0.059474 0.260890
0.074935 0.058708 0.262056
0.086551 0.062771 0.260839
0.078020 0.052670 0.260227
0.076217 0.062228 0.261848
0.083048 0.059697 0.260155
0.083137 0.058224 0.259898
0.085330 0.058966 0.260317
0.082196 0.053987 0.259413
0.079751 0.059257 0.260466
0.080287 0.057550 0.260250
0.079224 0.058581 0.260609
0.080739 0.054330 0.259696
0.077484 0.058278 0.261089
0.079559 0.057665 0.260429
0.077550 0.061934 0.261482
0.087536 0.061341 0.260965
0.082077 0.057539 0.259818
0.084294 0.055928 0.259728
0.082586 0.064368 0.260874
0.087606 0.056020 0.260220
0.078322 0.059528 0.261017
0.079199 0.054506 0.260249
0.080020 0.057971 0.260300
0.082023 0.058683 0.259984
0.082065 0.054958 0.259473
0.082738 0.064803 0.260952
0.086049 0.057510 0.260238
0.082158 0.052517 0.259158
0.079603 0.053404 0.259869
0.080918 0.063228 0.260641
0.087552 0.059500 0.260953
0.077099 0.061350 0.261559
0.081849 0.057781 0.259900
0.077572 0.053333 0.260516
0.081224 0.055622 0.259721
0.078287 0.058407 0.260871
0.077080 0.052988 0.260528
0.076472 0.056815 0.261342
0.085218 0.053467 0.259443
0.081495 0.058495 0.260042
0.082249 0.050552 0.258668
0.082969 0.059125 0.260065
0.079377 0.062693 0.261043
0.079723 0.053017 0.259731
0.078360 0.056277 0.260615
0.079669 0.062627 0.260929
0.078678 0.056786 0.260619
0.077277 0.061519 0.261529
0.078269 0.062929 0.261362
0.075773 0.058289 0.261675
0.077099 0.061350 0.261559
0.080840 0.058845 0.260109
0.080533 0.052322 0.259366
0.077023 0.061564 0.261577
0.076972 0.055871 0.261065
0.079793 0.062860 0.260924
0.077602 0.063447 0.261489
0.078062 0.063076 0.261408
0.076655 0.062076 0.261717
0.082826 0.063004 0.260627
0.087966 0.060957 0.261135
0.081195 0.053452 0.259353
0.085928 0.055616 0.259905
0.087416 0.057510 0.260566
0.086910 0.059993 0.260844
0.084306 0.062211 0.260576
0.080595 0.056095 0.259961
0.079491 0.063814 0.261136
0.076938 0.054328 0.260831
0.078237 0.060225 0.261128
0.080389 0.055116 0.259883
0.079693 0.052662 0.259688
0.085475 0.051463 0.258784
0.087316 0.060281 0.260926
0.088680 0.060541 0.261215
0.076134 0.056966 0.261454
0.077134 0.059517 0.261392
0.078839 0.056376 0.260516
0.079988 0.055945 0.260111
0.079262 0.064370 0.261220
0.081112 0.056848 0.259929
0.077324 0.057602 0.261077
0.078457 0.055467 0.260483
0.075482 0.060461 0.262053
0.077105 0.058654 0.261270
0.077230 0.053533 0.260653
0.075847 0.058029 0.261597
0.083563 0.054666 0.259535
0.075239 0.056269 0.261578
0.080117 0.055057 0.259963
0.076527 0.056200 0.261254
0.084996 0.053670 0.259469
0.085000 0.062904 0.260728
0.083879 0.051416 0.258763
0.081593 0.055388 0.259544
0.079645 0.060827 0.260699
0.086042 0.060252 0.260620
0.078657 0.054198 0.260340
0.078105 0.053016 0.260292
0.079694 0.056513 0.260255
0.077613 0.056931 0.260926
0.084765 0.055856 0.259799
0.087092 0.056579 0.260287
0.083274 0.061129 0.260261
0.076847 0.058086 0.261337
0.083947 0.054685 0.259564
0.085469 0.052450 0.259167
0.080726 0.059420 0.260122
0.076909 0.054583 0.260860
0.084765 0.055856 0.259799
0.079314 0.056892 0.260429
0.077412 0.055186 0.260767
0.081032 0.054604 0.259609
0.083741 0.055520 0.259656
0.080604 0.057775 0.260192
0.079688 0.058117 0.260393
0.079598 0.063052 0.261042
0.082114 0.063160 0.260676
0.078725 0.061445 0.261126
0.076308 0.055471 0.261226
0.081243 0.064272 0.260810
0.076668 0.058568 0.261382
0.075783 0.057779 0.261567
0.078955 0.050636 0.259220
0.084889 0.061923 0.260589
0.087966 0.062328 0.260950
0.079093 0.052640 0.259865
0.088118 0.062116 0.261046
0.077905 0.057572 0.260895
0.073922 0.057355 0.261908
0.076343 0.062050 0.261837
0.081494 0.060526 0.260217
0.085547 0.056816 0.260025
0.081423 0.051107 0.258880
0.088426 0.058344 0.260832
0.075027 0.058314 0.262001
0.082671 0.058455 0.259932
0.085569 0.057504 0.260121
0.081485 0.063252 0.260643
0.081831 0.054248 0.259434
0.083086 0.054124 0.259432
0.079793 0.062860 0.260924
0.087508 0.061627 0.260879
0.079668 0.057305 0.260362
0.080584 0.055082 0.259813
0.082749 0.064150 0.260842
0.079773 0.054100 0.259973
0.087340 0.060706 0.260916
0.081519 0.054339 0.259454
0.088322 0.060316 0.261122
0.075452 0.059321 0.261906
0.080471 0.059584 0.260213
0.076372 0.060269 0.261666
0.083238 0.062369 0.260496
0.076375 0.061613 0.261775
0.078200 0.064170 0.261421
0.077464 0.063551 0.261512
0.080348 0.059916 0.260284
0.078381 0.064325 0.261401
0.083411 0.060401 0.260248
0.076514 0.054149 0.260919
0.082552 0.056921 0.259608
0.081206 0.060767 0.260272
0.082453 0.062928 0.260635
0.087179 0.059075 0.260821
0.078831 0.064510 0.261347
0.083111 0.063183 0.260647
0.079812 0.060326 0.260580
0.080349 0.052613 0.259474
0.077134 0.054789 0.260829
0.086563 0.053274 0.259395
0.081320 0.057279 0.259918
0.076198 0.061794 0.261872
0.075635 0.061207 0.262020
0.081919 0.059285 0.260018
0.085420 0.061130 0.260478
0.081345 0.052082 0.259115
0.074948 0.057686 0.261900
0.078128 0.059272 0.261040
0.075158 0.056069 0.261582
0.080229 0.059420 0.260290
0.080915 0.064689 0.260897
0.085726 0.063103 0.260802
0.078563 0.062962 0.261320
0.082023 0.058683 0.259984
0.083911 0.063512 0.260741
0.087138 0.060926 0.260849
0.078353 0.053027 0.260199
0.078864 0.064033 0.261292
0.086993 0.063351 0.260917
0.081813 0.058982 0.260007
0.086159 0.062429 0.260789
0.073777 0.058010 0.262112
0.077177 0.058885 0.261271
0.080790 0.051345 0.259013
0.086207 0.063325 0.260869
0.078887 0.052952 0.259974
0.082652 0.058212 0.259858
0.077384 0.061178 0.261476
0.082869 0.058654 0.259975
0.074754 0.057244 0.261796
0.078174 0.053251 0.260339
0.081035 0.060984 0.260298
0.084362 0.053191 0.259281
0.078222 0.060974 0.261209
0.082230 0.055294 0.259495
0.080127 0.059033 0.260295
0.081543 0.057359 0.259898
0.077001 0.054213 0.260816
0.077626 0.059891 0.261311
0.076308 0.054003 0.260927
0.083741 0.055520 0.259656
0.081397 0.057490 0.259923
0.082604 0.053787 0.259370
0.080020 0.057971 0.260300
0.086758 0.058097 0.260510
0.080646 0.065023 0.260968
0.079029 0.051648 0.259678
0.081607 0.059151 0.260048
0.080853 0.052777 0.259377
0.086057 0.059145 0.260571
0.079729 0.064869 0.261157
0.079836 0.060034 0.260541
0.081734 0.064882 0.260941
0.083106 0.051159 0.258740
0.086127 0.056853 0.260140
0.079913 0.052467 0.259593
0.078447 0.059045 0.260903
0.076888 0.056176 0.261124
0.076934 0.054074 0.260834
0.083106 0.057834 0.259830
0.079267 0.052016 0.259707
0.079638 0.052230 0.259595
0.079121 0.056266 0.260413
0.087793 0.062468 0.260832
0.077277 0.061519 0.261529
0.081560 0.058813 0.260034
0.086456 0.059825 0.260730
0.078322 0.055233 0.260465
0.077330 0.062409 0.261560
0.081217 0.062517 0.260527
0.079454 0.060298 0.260718
0.081148 0.058897 0.260073
0.081374 0.057708 0.259950
0.086425 0.055776 0.259931
0.080043 0.052751 0.259594
0.077066 0.056314 0.261036
0.076803 0.054904 0.260914
0.078648 0.053176 0.260097
0.078215 0.051461 0.259804
0.076134 0.056966 0.261454
0.075494 0.060729 0.262072
0.078959 0.054344 0.260246
0.079995 0.054799 0.260009
0.079626 0.050277 0.258846
0.086320 0.060566 0.260670
0.083685 0.058843 0.260060
0.088134 0.058973 0.260894
0.079791 0.055652 0.260122
0.081331 0.062876 0.260599
0.075481 0.059922 0.261976
0.076418 0.056348 0.261298
0.076037 0.056063 0.261406
0.080378 0.064525 0.260959
0.084657 0.053060 0.259293
0.087538 0.062279 0.260808
0.083087 0.056477 0.259679
0.082162 0.064702 0.260896
0.077276 0.062957 0.261576
0.077837 0.058242 0.260981
0.087298 0.062989 0.260843
0.086647 0.062291 0.260788
0.087752 0.057933 0.260660
0.078632 0.063412 0.261339
0.083820 0.057495 0.259860
0.077809 0.054287 0.260532
0.084907 0.052351 0.259130
0.086589 0.055274 0.259934
0.077749 0.060563 0.261310
0.082227 0.059264 0.260038
0.076410 0.057980 0.261448
0.080637 0.059812 0.260203
0.078157 0.062519 0.261335
0.078322 0.063332 0.261391
0.080316 0.060273 0.260342
0.081834 0.050712 0.258747
0.076956 0.060304 0.261500
0.085609 0.060029 0.260509
0.088246 0.061640 0.261229
0.077321 0.052670 0.260451
0.081333 0.061153 0.260309
0.077988 0.059640 0.261136
0.079174 0.061990 0.261036
0.077913 0.059972 0.261212
0.076141 0.054313 0.261002
0.076467 0.056614 0.261326
0.082941 0.060316 0.260219
0.079738 0.060671 0.260636
0.081501 0.064154 0.260759
0.086312 0.059464 0.260663
0.079638 0.052230 0.259595
0.078373 0.065134 0.261370
0.085139 0.059999 0.260405
0.078588 0.065310 0.261335
0.076583 0.060921 0.261636
0.078829 0.064766 0.261365
0.080691 0.055717 0.259875
0.079101 0.064785 0.261305
0.082865 0.062708 0.260561
0.082425 0.050881 0.258729
0.077059 0.059063 0.261326
0.078111 0.062864 0.261379
0.081927 0.057997 0.259907
0.080305 0.054138 0.259838
0.079881 0.051698 0.259419
0.085928 0.052460 0.259138
0.086212 0.055178 0.259879
0.081780 0.053272 0.259319
0.086254 0.061320 0.260714
0.084290 0.063828 0.260851
0.081703 0.064551 0.260875
0.080471 0.059584 0.260213
0.081483 0.055544 0.259619
0.079309 0.053809 0.260018
0.077843 0.056801 0.260856
0.078932 0.059817 0.260863
0.087329 0.058443 0.260694
0.082484 0.055326 0.259527
0.078863 0.052684 0.259941
0.076658 0.060428 0.261590
0.083350 0.053802 0.259385
0.079881 0.059430 0.260432
0.076450 0.057566 0.261419
0.080781 0.058065 0.260160
0.076956 0.059753 0.261475
0.081367 0.053299 0.259348
0.087442 0.059137 0.260880
0.085400 0.064291 0.261011
0.078893 0.053141 0.260005
0.080187 0.063390 0.260880
0.080266 0.062281 0.260648
0.078691 0.054613 0.260359
0.082469 0.057256 0.259667
0.085024 0.057348 0.260028
0.077541 0.052995 0.260429
0.079621 0.060407 0.260664
0.082826 0.063538 0.260719
0.082163 0.053562 0.259345
0.077809 0.054287 0.260532
0.083868 0.054244 0.259479
0.080288 0.053415 0.259679
0.075308 0.058024 0.261837
0.077662 0.060827 0.261368
0.082196 0.053987 0.259413
0.083451 0.056282 0.259706
0.084326 0.061590 0.260489
0.074316 0.058901 0.262174
0.076929 0.059423 0.261422
0.079922 0.052055 0.259503
0.075693 0.056710 0.261522
0.079861 0.059763 0.260475
0.079747 0.057042 0.260301
0.083567 0.063172 0.260679
0.081666 0.054686 0.259468
0.077444 0.061287 0.261469
0.078162 0.057693 0.260828
0.077259 0.059194 0.261306
0.078201 0.057389 0.260799
0.076445 0.056972 0.261368
0.087058 0.063756 0.260969
0.076517 0.057631 0.261409
0.088118 0.062116 0.261046
0.078696 0.051999 0.259865
0.082251 0.055835 0.259531
0.080706 0.061375 0.260380
0.077915 0.056255 0.260746
0.078858 0.057634 0.260636
0.075680 0.060196 0.261946
0.078820 0.061194 0.261060
0.085424 0.058086 0.260175
0.078705 0.059064 0.260815
0.082869 0.058654 0.259975
0.079524 0.061201 0.260812
0.083077 0.054796 0.259533
0.080338 0.054772 0.259879
0.079622 0.055824 0.260164
0.080701 0.050937 0.258955
0.077333 0.053899 0.260716
0.082297 0.051280 0.258874
0.078829 0.064766 0.261365
0.078207 0.064437 0.261415
0.084907 0.052351 0.259130
0.074754 0.057244 0.261796
0.086127 0.056853 0.260140
0.079200 0.057295 0.260503
0.087231 0.055317 0.260015
0.075482 0.060461 0.262053
0.085880 0.062025 0.260747
0.076369 0.058530 0.261483
0.082692 0.053002 0.259222
0.080425 0.057919 0.260226
0.084366 0.059947 0.260286
0.078341 0.057143 0.260748
0.074612 0.058937 0.262124
0.083601 0.062792 0.260608
0.076412 0.061900 0.261804
0.078800 0.061883 0.261096
0.082038 0.058508 0.259964
0.075286 0.057163 0.261737
0.084694 0.062264 0.260615
0.079273 0.063880 0.261177
0.077444 0.059562 0.261329
0.077321 0.052670 0.260451
0.075496 0.056200 0.261476
0.087896 0.056726 0.260502
0.080563 0.054619 0.259786
0.086615 0.053771 0.259566
0.087587 0.058492 0.260734
0.075406 0.059637 0.261953
0.079089 0.050962 0.259364
0.084271 0.059576 0.260237
0.075998 0.055345 0.261274
0.083106 0.051159 0.258740
0.080609 0.058815 0.260146
0.078991 0.064948 0.261330
0.080092 0.063145 0.260842
0.078258 0.053652 0.260384
0.080891 0.055967 0.259868
0.079376 0.056459 0.260349
0.084079 0.060269 0.260287
0.076410 0.057980 0.261448
0.078569 0.064517 0.261383
0.077826 0.055458 0.260664
0.077669 0.062358 0.261474
0.083908 0.052066 0.258981
0.079029 0.058773 0.260695
0.077096 0.063258 0.261602
0.079861 0.063083 0.260908
0.080438 0.054434 0.259823
0.077939 0.062759 0.261408
0.078664 0.058148 0.260724
0.076039 0.059938 0.261790
0.081543 0.057359 0.259898
0.084614 0.061207 0.260441
0.078402 0.061498 0.261204
0.079566 0.064302 0.261125
0.081678 0.059596 0.260083
0.079585 0.055471 0.260158
0.079240 0.063021 0.261146
0.079303 0.050545 0.259027
0.084674 0.061854 0.260557
0.078701 0.050819 0.259433
0.080625 0.057163 0.260093
0.081092 0.051013 0.258903
0.076980 0.062971 0.261624
0.077066 0.062521 0.261616
0.081969 0.057492 0.259836
0.086696 0.062804 0.260800
0.078571 0.064664 0.261383
0.080951 0.052231 0.259207
0.079867 0.055414 0.260056
0.085123 0.062232 0.260653
0.081403 0.055759 0.259700
0.085186 0.062510 0.260669
0.074694 0.059881 0.262211
0.078129 0.055534 0.260588
0.076209 0.061339 0.261811
0.088762 0.060425 0.261220
0.081616 0.062374 0.260493
0.082558 0.062598 0.260530
0.081510 0.060885 0.260279
0.078425 0.056499 0.260630
0.076025 0.059119 0.261685
0.078509 0.051024 0.259587
0.080422 0.050719 0.258933
0.075792 0.055909 0.261452
0.078224 0.061828 0.261283
0.087250 0.062606 0.260837
0.084112 0.055621 0.259651
0.077795 0.063062 0.261465
0.080915 0.064689 0.260897
0.080143 0.053844 0.259852
0.079129 0.065148 0.261273
0.077038 0.062168 0.261603
0.079986 0.053450 0.259789
0.085144 0.061756 0.260587
0.082346 0.057588 0.259776
0.078611 0.059701 0.260949
0.086361 0.059147 0.260673
0.086838 0.061268 0.260742
0.082142 0.058303 0.259927
0.079376 0.056459 0.260349
0.086983 0.054796 0.259864
0.075584 0.057219 0.261616
0.076484 0.059993 0.261597
0.078745 0.062646 0.261251
0.080941 0.052526 0.259298
0.084146 0.056979 0.259900
0.080385 0.051760 0.259222
0.080106 0.050485 0.258879
0.079140 0.056630 0.260460
0.076584 0.054629 0.260954
0.075916 0.061224 0.261901
0.078180 0.052348 0.260058
0.074750 0.058227 0.262104
0.086287 0.056336 0.260051
0.083501 0.054232 0.259463
0.078862 0.051307 0.259597
0.080638 0.053128 0.259469
0.079393 0.059679 0.260669
0.081701 0.052006 0.259089
0.086287 0.056336 0.260051
0.081992 0.056825 0.259655
0.086601 0.058863 0.260632
0.087575 0.062423 0.260843
0.077721 0.055591 0.260692
0.076592 0.061790 0.261681
0.078447 0.060806 0.261140
0.079942 0.053119 0.259706
0.082558 0.062598 0.260530
0.084112 0.055621 0.259651
0.074951 0.059744 0.262158
0.076355 0.057722 0.261434
0.077324 0.057109 0.261022
0.081730 0.052465 0.259182
0.085362 0.056563 0.259978
0.085794 0.060151 0.260557
0.079770 0.061526 0.260736
0.085843 0.058527 0.260364
0.076108 0.060265 0.261789
0.077940 0.063247 0.261450
0.076583 0.058255 0.261422
0.086559 0.053569 0.259494
0.082164 0.062504 0.260518
0.081417 0.051712 0.259033
0.085420 0.061130 0.260478
0.083614 0.051259 0.258715
0.087058 0.063756 0.260969
0.085318 0.053920 0.259564
0.085019 0.056302 0.259907
0.082630 0.059655 0.260145
0.087409 0.062096 0.260758
0.080253 0.058373 0.260236
0.085189 0.064460 0.260997
0.079559 0.051944 0.259602
0.079366 0.050109 0.258876
0.077811 0.058573 0.261042
0.082411 0.058737 0.259992
0.086767 0.060014 0.260795
0.083451 0.053011 0.259214
0.083034 0.063809 0.260804
0.080424 0.064177 0.260954
0.088596 0.060770 0.261259
0.086948 0.056099 0.260154
0.085644 0.058693 0.260306
0.077504 0.052158 0.260302
0.083171 0.061894 0.260399
0.081535 0.051376 0.258932
0.085330 0.058966 0.260317
0.083698 0.060174 0.260234
0.081741 0.053852 0.259395
0.087000 0.058299 0.260595
0.082622 0.055617 0.259550
0.077628 0.055750 0.260759
0.081767 0.058333 0.259955
0.080997 0.050536 0.258796
0.079846 0.049856 0.258729
0.080033 0.057139 0.260235
0.080570 0.064391 0.260937
0.075334 0.055362 0.261495
0.084309 0.063452 0.260792
0.080829 0.057498 0.260083
0.077556 0.057681 0.260995
0.079482 0.064613 0.261183
0.086822 0.060973 0.260758
0.076132 0.056629 0.261431
0.075107 0.058396 0.261958
0.087967 0.060350 0.261056
0.087712 0.061131 0.261052
0.078100 0.060611 0.261213
0.078024 0.060280 0.261204
0.086615 0.061358 0.260751
0.082447 0.056728 0.259605
0.076323 0.059891 0.261668
0.082975 0.060690 0.260240
0.088040 0.057202 0.260620
0.085823 0.057769 0.260213
0.084733 0.061510 0.260494
0.084106 0.062439 0.260591
0.077377 0.058347 0.261120
0.076299 0.060886 0.261763
0.082530 0.056107 0.259590
0.079356 0.057927 0.260502
0.081374 0.056305 0.259780
0.079054 0.055494 0.260335
0.080319 0.059195 0.260238
0.086517 0.054292 0.259728
0.074943 0.056521 0.261640
0.082004 0.059568 0.260066
0.076824 0.054100 0.260857
0.086317 0.056150 0.260024
0.081367 0.053299 0.259348
0.079112 0.054926 0.260315
0.084593 0.055174 0.259693
0.078269 0.062929 0.261362
0.084926 0.063670 0.260842
0.078978 0.063392 0.261257
0.084062 0.056581 0.259829
0.084320 0.052167 0.259043
0.085607 0.063937 0.260967
0.085644 0.058693 0.260306
0.076992 0.053832 0.260795
0.080488 0.060746 0.260359
0.079273 0.063880 0.261177
0.083064 0.064506 0.260889
0.076159 0.054915 0.261152
0.079319 0.060056 0.260746
0.086856 0.061771 0.260755
0.081734 0.064882 0.260941
0.083527 0.052031 0.258953
0.084746 0.061018 0.260433
0.078713 0.054425 0.260360
0.078182 0.058684 0.260949
0.077939 0.058781 0.261039
0.084530 0.054305 0.259533
0.078349 0.057657 0.260771
0.076920 0.059224 0.261383
0.083079 0.055320 0.259587
0.084651 0.063871 0.260886
0.086949 0.060658 0.260815
0.076956 0.060304 0.261500
0.082787 0.050988 0.258691
0.083900 0.059264 0.260156
0.080976 0.055260 0.259714
0.076301 0.056027 0.261311
0.081397 0.057490 0.259923
0.077825 0.059405 0.261160
0.084192 0.062744 0.260647
0.078919 0.054738 0.260304
0.079917 0.061195 0.260627
0.077705 0.059631 0.261240
0.079771 0.055321 0.260082
0.077459 0.052394 0.260361
0.086758 0.058097 0.260510
0.084016 0.059587 0.260148
0.087219 0.062431 0.260829
0.077207 0.056034 0.260973
0.083690 0.056655 0.259789
0.080052 0.057333 0.260264
0.080018 0.060979 0.260555
0.085405 0.052766 0.259256
0.078119 0.056832 0.260779
0.076700 0.054298 0.260889
0.078261 0.061188 0.261219
0.086822 0.057309 0.260364
0.086234 0.053556 0.259515
0.083048 0.059697 0.260155
0.079796 0.053801 0.259928
0.082038 0.058508 0.259964
0.082593 0.054802 0.259509
0.087536 0.061341 0.260965
0.084674 0.061854 0.260557
0.081397 0.057490 0.259923
0.077969 0.053794 0.260505
0.078868 0.055885 0.260423
0.078955 0.050636 0.259220
0.079335 0.055607 0.260235
0.082048 0.064444 0.260870
0.082125 0.061029 0.260318
0.078343 0.060335 0.261107
0.079473 0.058684 0.260515
0.086520 0.055956 0.260024
0.086425 0.055776 0.259931
0.079419 0.062388 0.260978
0.085246 0.060951 0.260453
0.081580 0.062066 0.260436
0.086511 0.054880 0.259864
0.082975 0.060690 0.260240
0.081285 0.058521 0.260080
0.079559 0.051944 0.259602
0.086056 0.061869 0.260739
0.077983 0.064611 0.261431
0.075229 0.055668 0.261558
0.076001 0.055550 0.261318
0.085823 0.057769 0.260213
0.083064 0.052483 0.259104
0.080938 0.060453 0.260273
0.077738 0.060262 0.261295
0.082307 0.059557 0.260096
0.081079 0.054260 0.259545
0.076753 0.058490 0.261361
0.080329 0.057235 0.260176
0.075346 0.058763 0.261847
0.078692 0.053622 0.260176
0.086510 0.054769 0.259837
0.085945 0.061064 0.260625
0.085744 0.053958 0.259611
0.076039 0.059938 0.261790
0.075633 0.058815 0.261768
0.083462 0.059472 0.260144
0.078483 0.061170 0.261156
0.085560 0.053115 0.259371
0.079255 0.059304 0.260645
0.082633 0.051338 0.258843
0.080663 0.050415 0.258799
0.087055 0.062055 0.260695
0.079060 0.062876 0.261181
0.079331 0.058940 0.260586
0.084546 0.052759 0.259220
0.077499 0.058469 0.261110
0.079423 0.065287 0.261213
0.086768 0.059756 0.260822
0.081867 0.053588 0.259358
0.079230 0.063407 0.261195
0.083333 0.051325 0.258776
0.081834 0.050712 0.258747
0.085607 0.063937 0.260967
0.078894 0.058438 0.260691
0.084803 0.058812 0.260216
0.084073 0.055135 0.259632
0.085782 0.052117 0.259054
0.082892 0.056877 0.259657
0.086847 0.062641 0.260826
0.085665 0.059761 0.260493
0.084605 0.053523 0.259385
0.074675 0.057956 0.262056
0.085420 0.061130 0.260478
0.080547 0.055872 0.259939
0.082941 0.060316 0.260219
0.075813 0.056588 0.261492
0.077482 0.060161 0.261370
0.075948 0.059436 0.261724
0.085440 0.059534 0.260414
0.083398 0.064289 0.260872
0.077154 0.062775 0.261598
0.083607 0.058157 0.259926
0.083205 0.054528 0.259506
0.084956 0.061378 0.260491
0.082296 0.063737 0.260789
0.079311 0.064626 0.261237
0.085296 0.060252 0.260454
0.074082 0.058058 0.262195
0.077963 0.059249 0.261091
0.074589 0.056363 0.261579
0.080127 0.059033 0.260295
0.082040 0.063498 0.260738
0.077164 0.054334 0.260764
0.081457 0.059353 0.260084
0.080496 0.053642 0.259660
0.085368 0.057058 0.260032
0.080128 0.054564 0.259947
0.079120 0.049934 0.258877
0.076758 0.057622 0.261345
0.086249 0.052909 0.259274
0.078681 0.055713 0.260452
0.083332 0.055791 0.259659
0.083011 0.061453 0.260338
0.077570 0.054481 0.260651
0.087779 0.061833 0.260932
0.082361 0.063215 0.260686
0.078678 0.056786 0.260619
0.079204 0.062314 0.261050
0.075684 0.059286 0.261815
0.078384 0.054943 0.260421
0.077555 0.058042 0.261036
0.076251 0.057491 0.261457
0.077320 0.056909 0.261042
0.080286 0.061892 0.260584
0.077112 0.057629 0.261180
0.075515 0.061011 0.262072
0.085794 0.055128 0.259834
0.086589 0.055274 0.259934
0.076450 0.057566 0.261419
0.086145 0.063079 0.260837
0.077772 0.057843 0.260948
0.080646 0.065023 0.260968
0.081153 0.056274 0.259840
0.076885 0.053163 0.260583
0.079544 0.056143 0.260249
0.079005 0.059134 0.260732
0.080043 0.058696 0.260299
0.078400 0.060495 0.261111
0.079420 0.054658 0.260219
0.074133 0.059077 0.262234
0.086405 0.052668 0.259182
0.079632 0.056822 0.260313
0.077137 0.063421 0.261568
0.080088 0.062404 0.260727
0.084366 0.059947 0.260286
0.084872 0.054014 0.259544
0.079074 0.064075 0.261242
0.080972 0.051780 0.259084
0.080022 0.062155 0.260715
0.088234 0.058431 0.260821
0.076561 0.059729 0.261586
0.081378 0.050649 0.258775
0.074084 0.058888 0.262218
0.077112 0.057629 0.261180
0.082359 0.060907 0.260303
0.080972 0.058766 0.260094
0.085755 0.059138 0.260440
0.081439 0.064538 0.260877
0.077774 0.057134 0.260895
0.081851 0.061552 0.260352
0.076686 0.059897 0.261523
0.077774 0.057134 0.260895
0.076481 0.055694 0.261217
0.077486 0.061394 0.261465
0.075077 0.059124 0.262016
0.077321 0.052670 0.260451
0.080306 0.064847 0.261016
0.080117 0.055646 0.260032
0.075346 0.058763 0.261847
0.088396 0.061187 0.261249
0.080461 0.063484 0.260791
0.082746 0.057914 0.259824
0.079480 0.051635 0.259542
0.077497 0.055023 0.260745
0.082081 0.060104 0.260124
0.084926 0.063670 0.260842
0.074675 0.057956 0.262056
0.078684 0.056403 0.260562
0.079791 0.065177 0.261160
0.075783 0.057779 0.261567
0.085478 0.054747 0.259735
0.081783 0.055000 0.259468
0.078032 0.054043 0.260499
0.086208 0.055702 0.259929
0.083217 0.055516 0.259626
0.078531 0.056211 0.260570
0.081989 0.064936 0.260932
0.077937 0.051713 0.259999
0.081136 0.064530 0.260870
0.084889 0.061923 0.260589
0.080037 0.059323 0.260359
0.076960 0.060632 0.261518
0.083541 0.059957 0.260155
0.077444 0.054230 0.260683
0.076338 0.055242 0.261163
0.080645 0.060049 0.260234
0.076471 0.059146 0.261533
0.086995 0.054060 0.259614
0.084399 0.051112 0.258627
0.085880 0.062025 0.260747
0.085091 0.059634 0.260363
0.079119 0.053255 0.259936
0.081139 0.051428 0.258989
0.083317 0.060074 0.260193
0.086492 0.057223 0.260285
0.075609 0.055997 0.261486
0.082426 0.058043 0.259849
0.084634 0.060719 0.260395
0.078648 0.053176 0.260097
0.080604 0.057775 0.260192
0.076414 0.054958 0.261063
0.078600 0.051606 0.259759
0.078465 0.062313 0.261277
0.076861 0.056845 0.261209
0.076509 0.059373 0.261568
0.085827 0.063502 0.260885
0.087836 0.057565 0.260642
0.078556 0.061991 0.261203
0.077939 0.062759 0.261408
0.086491 0.060920 0.260726
0.088726 0.061304 0.261398
0.085141 0.063127 0.260752
0.079747 0.057042 0.260301
0.087316 0.058011 0.260606
0.078066 0.052048 0.260025
0.086206 0.051698 0.258910
0.081599 0.056581 0.259756
0.081023 0.060740 0.260284
0.077955 0.061765 0.261373
0.084889 0.054508 0.259640
0.077508 0.057035 0.260967
0.083911 0.063512 0.260741
0.083341 0.060779 0.260258
0.085558 0.061951 0.260686
0.075305 0.059068 0.261901
0.079262 0.064370 0.261220
0.086295 0.060122 0.260675
0.084204 0.054379 0.259534
0.086118 0.056682 0.260104
0.077124 0.056987 0.261129
0.074943 0.056521 0.261640
0.078953 0.053488 0.260051
0.080950 0.054904 0.259675
0.077556 0.057681 0.260995
0.087918 0.059668 0.261002
0.081546 0.059596 0.260099
0.075457 0.057704 0.261708
0.079770 0.054528 0.260074
0.075201 0.060335 0.262131
0.082069 0.060679 0.260274
0.077894 0.059067 0.261090
0.076463 0.058875 0.261497
0.080184 0.056182 0.260090
0.077550 0.061934 0.261482
0.088649 0.059801 0.261090
0.079398 0.054995 0.260237
0.074524 0.058546 0.262161
0.082471 0.064551 0.260897
0.086815 0.055062 0.259922
0.074161 0.058766 0.262206
0.087338 0.061375 0.260875
0.078186 0.062177 0.261325
0.075656 0.060634 0.262011
0.078549 0.063755 0.261359
0.085004 0.054879 0.259718
0.084055 0.053499 0.259324
0.076471 0.059146 0.261533
0.081372 0.053045 0.259318
0.083522 0.061982 0.260455
0.082610 0.064179 0.260850
0.074739 0.059558 0.262194
0.083662 0.052792 0.259155
0.085318 0.061617 0.260579
0.076673 0.057934 0.261396
0.077249 0.060358 0.261421
0.074981 0.055983 0.261582
0.081630 0.057241 0.259871
0.076355 0.057722 0.261434
0.086007 0.058101 0.260294
0.077177 0.058885 0.261271
0.083462 0.063516 0.260743
0.079755 0.057874 0.260387
0.081023 0.060740 0.260284
0.077541 0.052995 0.260429
0.078537 0.052722 0.260049
0.076854 0.062755 0.261666
0.087812 0.059241 0.260918
0.075404 0.057431 0.261714
0.083968 0.056239 0.259766
0.076846 0.060941 0.261565
0.081668 0.055750 0.259589
0.078386 0.057911 0.260775
0.082671 0.058455 0.259932
0.078919 0.054738 0.260304
0.085245 0.055134 0.259770
0.086637 0.060680 0.260751
0.075684 0.059286 0.261815
0.087954 0.058644 0.260821
0.078500 0.060271 0.261051
0.080840 0.060091 0.260231
0.080455 0.056640 0.260077
0.084595 0.058635 0.260155
0.076124 0.061491 0.261858
0.086114 0.053118 0.259375
0.076005 0.061883 0.261915
0.077908 0.053491 0.260488
0.083969 0.057339 0.259899
0.081047 0.053881 0.259479
0.079051 0.061436 0.261026
0.080412 0.061504 0.260485
0.079950 0.053622 0.259850
0.075176 0.059529 0.262044
0.079073 0.060702 0.260920
0.082462 0.063387 0.260702
0.084595 0.058635 0.260155
0.084355 0.055367 0.259660
0.077665 0.062855 0.261488
0.088896 0.061189 0.261453
0.088056 0.061827 0.261077
0.080319 0.059195 0.260238
0.079980 0.064376 0.261054
0.079324 0.051236 0.259418
0.080492 0.056377 0.260036
0.082969 0.059125 0.260065
0.084794 0.058251 0.260129
0.075876 0.054440 0.261111
0.078222 0.060974 0.261209
0.074907 0.056774 0.261699
0.076248 0.059331 0.261659
0.082586 0.059181 0.260064
0.075722 0.058970 0.261761
0.088360 0.060965 0.261238
0.079208 0.054150 0.260158
0.077998 0.055077 0.260570
0.081323 0.061647 0.260346
0.083978 0.058555 0.260042
0.075117 0.057390 0.261805
0.080957 0.055586 0.259779
0.086361 0.052379 0.259088
0.080052 0.057333 0.260264
0.080223 0.052209 0.259438
0.085478 0.054747 0.259735
0.079330 0.064085 0.261170
0.086509 0.064184 0.261042
0.086159 0.062429 0.260789
0.077385 0.055572 0.260835
0.085415 0.063644 0.260895
0.080540 0.062240 0.260555
0.076722 0.060173 0.261536
0.084775 0.064329 0.260931
0.085707 0.060413 0.260551
0.078343 0.051936 0.259917
0.083171 0.061894 0.260399
0.081641 0.057499 0.259900
0.078020 0.057106 0.260832
0.082625 0.061668 0.260359
0.083607 0.058157 0.259926
0.074808 0.058884 0.262104
0.081226 0.063772 0.260699
0.076810 0.053516 0.260731
0.083728 0.060612 0.260279
0.077120 0.058390 0.261230
0.080662 0.064753 0.260934
0.084371 0.062464 0.260615
0.082604 0.053787 0.259370
0.088118 0.060646 0.261129
0.088551 0.059194 0.260981
0.081058 0.052951 0.259355
0.088572 0.058725 0.260909
0.080999 0.059713 0.260135
0.081030 0.055410 0.259725
0.081428 0.055341 0.259595
0.080113 0.059712 0.260358
0.083215 0.052336 0.259048
0.081228 0.063202 0.260623
0.075172 0.056838 0.261704
0.075765 0.057549 0.261518
0.080023 0.064081 0.261051
0.085110 0.052949 0.259297
0.085116 0.063329 0.260797
0.085817 0.052767 0.259259
0.082693 0.051756 0.258952
0.079218 0.059820 0.260760
0.082426 0.058043 0.259849
0.082543 0.062138 0.260430
0.076584 0.054629 0.260954
0.075998 0.058649 0.261632
0.078831 0.064510 0.261347
0.086190 0.052166 0.259036
0.083320 0.054936 0.259563
0.083375 0.055425 0.259631
0.080915 0.062280 0.260518
0.086876 0.055644 0.260046
0.081186 0.055247 0.259653
0.086269 0.062920 0.260850
0.084607 0.057098 0.259968
0.087040 0.057303 0.260437
0.080544 0.064053 0.260885
0.078605 0.051172 0.259615
0.078292 0.054042 0.260427
0.080290 0.056969 0.260145
0.087172 0.061520 0.260794
0.078563 0.056035 0.260538
0.080323 0.058648 0.260215
0.078971 0.063709 0.261260
0.083692 0.051634 0.258817
0.081281 0.059041 0.260062
0.082297 0.051280 0.258874
0.083500 0.050929 0.258622
0.086227 0.060923 0.260656
0.078546 0.064866 0.261370
0.076437 0.061211 0.261700
0.074486 0.057822 0.262100
0.085794 0.055128 0.259834
0.080837 0.064421 0.260881
0.083541 0.059957 0.260155
0.077894 0.059067 0.261090
0.078863 0.052684 0.259941
0.087190 0.062343 0.260791
0.076930 0.055191 0.260976
0.086853 0.054464 0.259772
0.077790 0.056491 0.260832
0.078636 0.061239 0.261125
0.083500 0.050929 0.258622
0.077577 0.059290 0.261243
0.077444 0.061287 0.261469
0.084522 0.053878 0.259470
0.086559 0.053569 0.259494
0.077096 0.063258 0.261602
0.080323 0.056044 0.260023
0.078538 0.059922 0.261002
0.086148 0.063597 0.260922
0.080059 0.060660 0.260490
0.083027 0.050726 0.258602
0.078794 0.060947 0.261030
0.076710 0.060709 0.261592
0.075995 0.054722 0.261173
0.081886 0.060910 0.260303
0.082149 0.059075 0.260014
0.078548 0.054529 0.260430
0.079537 0.053705 0.259958
0.081659 0.055172 0.259496
0.085494 0.062338 0.260719
0.083142 0.056023 0.259646
0.076650 0.055898 0.261181
0.078314 0.059877 0.261064
0.085876 0.053305 0.259440
0.078556 0.061991 0.261203
0.081799 0.062800 0.260540
0.075320 0.056615 0.261625
0.078678 0.057923 0.260701
0.079738 0.060671 0.260636
0.085186 0.062510 0.260669
0.080724 0.053815 0.259589
0.080759 0.060621 0.260304
0.076080 0.060999 0.261858
0.086622 0.060389 0.260738
0.087655 0.060175 0.261018
0.077811 0.054628 0.260593
0.078922 0.057346 0.260599
0.077776 0.052665 0.260299
0.077574 0.056783 0.260948
0.086757 0.057589 0.260414
0.082881 0.055879 0.259600
0.081238 0.062015 0.260449
0.081366 0.054439 0.259491
0.081220 0.060426 0.260236
0.086879 0.059100 0.260749
0.084815 0.058034 0.260097
0.086089 0.056402 0.260043
0.075871 0.060426 0.261896
0.078548 0.054529 0.260430
0.081951 0.051170 0.258864
0.077749 0.060563 0.261310
0.080088 0.061552 0.260594
0.075841 0.056274 0.261471
0.087055 0.062055 0.260695
0.073747 0.058462 0.262131
0.084418 0.064270 0.260920
0.083067 0.059483 0.260134
0.075896 0.057607 0.261511
0.081035 0.060984 0.260298
0.082665 0.056536 0.259634
0.080475 0.051469 0.259120
0.086412 0.061812 0.260759
0.080176 0.053256 0.259672
0.082272 0.054492 0.259474
0.076295 0.054639 0.261016
0.074271 0.058046 0.262198
0.081281 0.064533 0.260882
0.078369 0.062653 0.261330
0.077848 0.064454 0.261459
0.077283 0.057849 0.261128
0.079492 0.054290 0.260124
0.078511 0.051275 0.259673
0.082764 0.052509 0.259135
0.083635 0.062446 0.260546
0.079324 0.051236 0.259418
0.081299 0.054057 0.259449
0.087221 0.058835 0.260762
0.079680 0.062132 0.260826
0.082128 0.057929 0.259862
0.077102 0.061090 0.261529
0.082693 0.051756 0.258952
0.078174 0.053251 0.260339
0.081738 0.058136 0.259936
0.076481 0.055694 0.261217
0.083506 0.056758 0.259752
0.084178 0.058000 0.259989
0.086408 0.058458 0.260503
0.081563 0.058058 0.259944
0.077790 0.062606 0.261445
0.076298 0.059145 0.261613
0.081139 0.051428 0.258989
0.080127 0.059033 0.260295
0.080376 0.053886 0.259775
0.083774 0.061648 0.260417
0.084203 0.060659 0.260333
0.077276 0.062957 0.261576
0.076471 0.059146 0.261533
0.085135 0.055786 0.259856
0.075300 0.059714 0.261983
0.087821 0.061476 0.261055
0.078632 0.063412 0.261339
0.075580 0.056500 0.261528
0.084630 0.051425 0.258782
0.074181 0.058617 0.262185
0.082625 0.061668 0.260359
0.083724 0.053271 0.259256
0.080155 0.064990 0.261066
0.080278 0.060900 0.260449
0.076939 0.060018 0.261472
0.081328 0.059645 0.260124
0.079356 0.053413 0.259923
0.077184 0.060689 0.261465
0.079585 0.060021 0.260643
0.085696 0.064263 0.261004
0.080701 0.052972 0.259429
0.080147 0.055320 0.259963
0.085635 0.061292 0.260558
0.074402 0.058671 0.262142
0.084630 0.051425 0.258782
0.075504 0.056924 0.261614
0.074985 0.057970 0.261957
0.079934 0.051258 0.259219
0.078186 0.062177 0.261325
0.079003 0.053969 0.260132
0.081299 0.054057 0.259449
0.078322 0.063332 0.261391
0.079034 0.058075 0.260619
0.082927 0.057360 0.259717
0.084326 0.061590 0.260489
0.085520 0.062901 0.260765
0.078636 0.064079 0.261347
0.079189 0.050159 0.258924
0.082869 0.058654 0.259975
0.077561 0.056059 0.260856
0.078062 0.063076 0.261408
0.078760 0.065019 0.261345
0.079372 0.057127 0.260426
0.077157 0.055313 0.260891
0.077558 0.063159 0.261522
0.079388 0.060684 0.260796
0.083719 0.055929 0.259697
0.081058 0.052951 0.259355
0.087744 0.058265 0.260720
0.084990 0.056829 0.259957
0.079151 0.052847 0.259853
0.081955 0.052930 0.259234
0.075239 0.056269 0.261578
0.084626 0.057702 0.260036
0.076549 0.062424 0.261761
0.083983 0.059894 0.260220
0.079840 0.058581 0.260362
0.075529 0.055629 0.261474
0.079398 0.061470 0.260900
0.081858 0.056133 0.259609
0.082230 0.055294 0.259495
0.077892 0.062106 0.261398
0.081910 0.055638 0.259506
0.074951 0.059744 0.262158
0.082665 0.056536 0.259634
0.076431 0.054323 0.260949
0.081290 0.057978 0.260027
0.075783 0.057779 0.261567
0.078699 0.064361 0.261356
0.078497 0.059299 0.260925
0.080628 0.063776 0.260790
0.079466 0.058040 0.260471
0.075781 0.061280 0.261970
0.080744 0.056848 0.260023
0.080759 0.060621 0.260304
0.076940 0.057814 0.261284
0.081867 0.053588 0.259358
0.076810 0.053516 0.260731
0.085135 0.055786 0.259856
0.080260 0.064188 0.260991
0.078058 0.057864 0.260874
0.080924 0.057119 0.259994
0.079752 0.058811 0.260418
0.078406 0.058272 0.260798
0.084910 0.053244 0.259360
0.077738 0.060262 0.261295
0.086392 0.057644 0.260332
0.080772 0.062617 0.260560
0.075692 0.054668 0.261226
0.081311 0.054785 0.259547
0.078529 0.058649 0.260823
0.080376 0.053886 0.259775
0.086763 0.063910 0.260978
0.077885 0.053235 0.260423
0.078118 0.054473 0.260491
0.077324 0.057602 0.261077
0.077939 0.058781 0.261039
0.082264 0.062796 0.260613
0.084186 0.051702 0.258877
